118220 
112950 
106520 
114540 
125050 
119740 
108560 
108170 
117740 
124900 
112550 
108980 
108180 
125300 
121940 
108160 
100210 
86060 
97790 
93050 
83910 
83500 
97120 
96590 
92320 
87200 
84660 
94580 
97180 
84760 
85510 
88600 
97770 
92710 
83290 
87120 
92930 
94470 
97370 
85860 
86740 
93700 
92070 
90830 
83460 
81970 
96620 
95800 
82820 
85370 
82780 
97770 
98330 
85980 
89270 
89630 
99050 
100150 
85240 
86050 
94550 
93530 
87190 
84870 
84870 
95890 
89780 
85520 
84570 
85560 
97440 
96150 
84400 
85040 
94210 
96630 
95270 
84800 
82910 
97100 
94800 
85270 
84660 
85340 
97540 
198300 
89360 
90770 
83850 
98300 
97010 
88030 
86180 
94130 
95890 
97650 
84070 
84100 
95330 
96180 
91250 
83820 
84530 
100230 
96310 
84730 
82230 
85660 
99850 
96130 
89540 
86450 
93730 
94270 
93060 
85990 
85480 
95300 
100230 
90540 
85880 
84650 
96690 
91850 
84950 
86860 
86510 
96990 
96760 
84410 
86520 
96130 
92350 
89610 
83540 
84430 
98670 
92060 
85370 
86570 
83900 
96300 
98600 
83770 
83430 
94270 
97520 
93230 
83360 
83270 
97000 
94880 
84350 
83900 
86160 
98400 
98080 
82140 
88850 
97940 
97610 
91420 
81690 
86640 
97720 
96840 
85150 
83660 
87480 
94770 
96650 
86570 
84620 
95660 
97340 
87400 
84670 
86490 
97080 
94410 
85490 
87130 
84820 
97050 
96070 
84230 
84240 
86660 
96020 
98690 
83360 
87740 
95600 
93620 
91270 
86050 
86530 
96870 
95560 
85370 
84740 
82610 
91220 
93780 
83830 
84570 
86240 
98530 
99040 
84370 
84610 
92080 
96390 
89210 
87350 
84180 
98470 
92280 
85960 
85560 
84380 
94140 
96860 
85230 
84310 
88190 
98230 
95820 
84920 
84020 
96220 
97540 
87450 
86630 
87720 
95190 
97020 
89300 
85490 
84700 
94270 
94590 
87690 
87600 
91460 
95620 
97980 
86710 
84820 
94670 
95670 
88730 
83820 
80720 
95240 
95130 
86570 
82770 
83470 
97960 
95330 
89390 
87710 
91910 
96660 
97310 
84100 
85570 
97070 
99210 
89690 
86330 
84430 
99610 
96530 
86180 
83820 
84690 
99630 
95030 
84570 
84890 
83830 
95230 
97490 
84640 
83670 
97790 
98210 
99490 
86060 
85570 
96030 
92100 
90340 
85550 
84340 
97300 
96560 
85360 
85800 
86920 
95920 
97040 
84390 
82230 
90150 
97790 
94460 
86700 
86680 
96340 
97260 
88020 
84420 
85830 
95400 
96210 
82470 
86390 
84780 
100410 
94980 
88960 
84950 
95720 
96830 
97510 
86460 
83370 
95360 
90330 
86310 
86050 
84850 
98400 
99280 
84230 
83650 
85590 
98410 
95420 
86160 
85180 
96730 
92560 
94190 
87330 
84150 
97520 
91850 
87970 
85740 
85000 
97920 
93400 
88280 
83040 
84600 
94620 
94860 
85430 
83630 
97140 
95940 
92920 
84710 
86360 
98160 
94580 
87280 
83850 
84960 
98270 
93780 
86710 
87520 
88790 
96280 
99090 
88210 
87330 
94620 
94570 
91420 
83310 
83850 
95610 
99490 
87800 
84020 
85670 
96040 
93080 
86040 
83650 
91210 
94140 
101980 
86280 
83680 
96250 
95830 
91830 
87390 
88730 
95490 
98530 
85740 
81650 
85110 
95890 
95910 
85120 
82400 
90780 
95140 
97010 
83710 
86380 
94760 
97950 
84560 
84540 
86610 
98490 
99340 
84390 
84870 
85790 
99530 
98190 
87030 
86020 
97910 
92610 
92020 
86970 
86740 
98870 
96060 
86820 
83410 
82640 
99590 
93540 
88510 
88300 
94660 
94190 
86100 
84040 
87330 
96070 
95380 
82780 
85090 
85630 
97810 
95150 
85730 
82690 
97350 
98060 
88780 
86030 
86100 
97260 
95270 
84170 
85630 
83940 
96450 
98690 
84260 
84670 
92070 
96210 
98620 
85190 
85290 
94460 
98000 
85380 
84170 
83890 
100290 
94820 
88920 
83860 
87750 
95060 
94510 
48560 
85790 
93620 
96610 
96100 
87360 
83620 
96780 
92390 
87800 
86390 
86900 
94960 
97260 
83970 
89120 
87220 
94700 
96270 
85630 
80500 
91150 
95350 
95720 
82980 
83670 
96230 
97760 
87630 
86790 
87680 
99380 
94790 
86230 
81940 
83340 
98250 
94400 
83090 
87590 
93840 
97200 
96340 
83650 
81500 
92640 
184800 
89450 
85580 
85120 
93310 
93900 
88820 
84030 
84970 
100750 
93700 
86460 
85170 
92950 
91310 
100690 
84430 
86530 
97260 
97460 
84210 
86080 
84700 
95210 
93950 
87040 
81410 
86710 
95020 
95190 
84470 
84050 
89880 
94660 
93870 
85940 
82950 
95550 
95080 
98910 
83760 
85340 
99200 
96140 
85700 
86200 
83300 
98230 
96150 
85000 
84130 
86390 
95150 
93170 
82890 
87910 
96410 
95930 
95030 
84100 
85270 
102100 
97140 
88660 
84040 
83670 
95370 
94730 
85350 
86680 
84910 
94670 
96550 
85330 
84160 
95680 
97030 
88900 
83310 
87350 
94460 
94340 
83140 
84990 
88680 
95430 
92470 
85890 
84430 
93860 
97990 
97120 
82870 
86330 
93760 
95750 
87520 
85960 
86300 
96760 
96800 
85660 
83620 
85800 
91700 
95140 
85160 
87870 
49860 
95220 
96520 
86910 
86420 
97080 
94570 
90530 
86380 
89630 
95500 
97040 
85760 
87900 
86590 
96340 
94850 
86700 
85600 
90550 
96050 
94670 
85380 
87240 
92550 
98780 
87900 
86870 
84620 
94790 
95220 
87970 
85640 
91570 
97100 
99720 
84000 
88630 
89830 
92740 
96740 
87730 
86060 
94970 
97130 
88760 
86310 
87440 
96760 
96900 
85210 
85600 
86230 
96960 
97120 
85990 
87640 
93080 
96320 
95390 
86380 
86340 
97810 
97510 
87020 
83730 
84140 
95090 
94320 
86260 
85030 
90610 
96740 
96460 
85260 
89500 
99510 
97530 
88000 
84670 
84880 
97850 
101570 
85150 
85000 
84730 
97810 
93460 
85730 
85920 
99610 
97550 
87660 
85120 
85830 
101330 
96510 
87210 
86100 
88190 
96200 
98460 
84440 
87500 
95540 
98570 
87990 
85760 
85690 
98180 
99150 
87120 
84500 
86110 
93220 
94470 
84980 
87200 
95420 
98890 
97820 
86140 
84050 
95940 
101040 
82370 
87510 
86030 
96610 
97520 
84860 
83390 
86020 
97610 
96600 
86760 
87130 
100600 
97300 
99180 
87140 
86980 
99640 
97790 
89710 
85360 
84240 
100760 
97580 
83360 
83810 
86030 
92770 
99360 
84590 
83590 
94620 
98200 
96060 
84700 
87540 
95340 
97820 
85390 
82960 
85030 
97320 
96040 
86330 
85630 
85630 
97680 
94160 
83920 
83820 
95360 
97240 
92270 
80790 
85170 
93460 
96660 
87410 
84720 
86010 
97550 
95250 
86210 
83000 
90090 
96890 
96430 
85050 
87580 
91880 
97290 
91550 
86280 
86920 
101070 
99940 
84780 
84640 
83590 
91980 
95990 
84140 
84130 
85740 
95330 
94970 
85950 
87190 
95930 
96600 
96910 
86770 
85270 
94850 
94870 
88300 
86000 
85260 
98170 
94940 
86260 
85400 
86100 
93710 
98190 
83570 
84180 
86120 
95240 
94420 
85260 
86120 
100620 
93460 
98680 
88580 
86810 
95500 
93250 
87050 
86170 
86680 
98220 
98150 
88560 
84850 
87210 
94040 
98070 
86550 
85750 
91830 
96240 
91040 
87360 
85780 
99880 
94800 
86620 
83530 
86470 
96680 
98440 
84360 
84020 
91370 
97930 
94340 
81940 
85750 
93010 
96210 
93430 
83140 
82970 
97860 
94880 
83190 
85430 
87790 
95570 
97270 
86190 
85630 
89920 
90490 
101070 
85070 
85580 
93000 
98730 
88750 
84530 
85650 
99060 
93350 
89130 
85790 
86690 
93740 
98860 
84270 
83920 
88130 
95110 
97910 
84330 
84510 
96740 
94730 
91360 
85760 
87170 
98210 
95510 
83830 
86400 
82240 
96640 
95390 
84690 
86000 
92050 
94630 
96650 
85740 
84690 
94860 
95830 
85610 
87710 
86520 
97840 
93540 
86140 
85160 
86480 
95300 
92420 
86750 
88670 
95210 
95440 
98790 
85960 
86440 
94790 
96940 
88030 
85270 
85920 
99530 
97610 
85410 
84940 
83840 
93190 
95660 
88150 
87970 
97220 
96080 
89440 
83490 
85150 
92460 
100150 
86900 
84720 
84300 
98450 
95850 
86440 
83360 
93600 
94550 
99880 
86050 
85040 
94260 
97550 
83920 
87450 
84240 
98470 
98910 
85400 
85900 
94660 
102340 
88050 
85800 
85010 
97180 
96680 
86890 
86790 
87190 
95090 
96020 
84750 
86450 
96720 
96700 
99720 
85290 
85830 
92390 
99170 
87110 
85070 
82890 
94460 
97680 
86010 
83510 
85290 
98050 
95110 
84260 
85180 
91020 
94460 
99820 
85750 
84870 
95150 
99290 
89110 
84470 
84690 
96330 
96020 
83070 
86460 
87230 
97820 
96390 
86830 
85040 
92850 
96350 
99900 
82800 
86720 
97430 
95050 
88770 
86670 
87140 
94160 
98830 
84880 
84550 
87100 
95250 
93400 
82860 
83960 
87310 
98830 
97180 
84550 
85950 
97980 
95440 
90920 
85050 
85820 
97420 
98020 
83630 
84190 
83800 
93340 
93540 
86520 
83900 
92430 
97700 
98320 
84940 
84270 
95340 
99790 
83160 
85150 
84900 
95650 
93710 
84730 
87080 
86120 
95010 
95500 
85310 
86860 
95030 
95180 
96950 
84480 
84660 
94550 
94670 
91730 
84450 
84110 
94620 
93940 
85020 
82470 
80620 
94930 
95760 
85100 
85610 
84840 
99930 
96380 
83440 
89350 
88970 
96570 
93920 
84950 
83860 
92200 
94380 
91190 
85210 
87280 
93700 
98280 
85250 
85950 
90490 
98820 
96930 
84790 
86440 
90320 
96690 
98410 
84720 
85360 
99610 
98840 
86480 
85530 
84970 
97600 
93010 
83230 
83330 
84070 
96690 
97360 
84830 
86540 
97200 
97050 
97990 
83290 
82370 
93790 
94890 
85460 
80060 
83210 
97350 
98960 
87590 
86090 
84880 
95850 
98760 
85060 
87100 
100980 
97950 
98540 
82730 
85010 
96330 
102640 
85910 
87430 
86900 
95460 
92550 
85830 
84780 
84530 
96770 
91150 
86400 
85500 
92350 
96550 
96020 
86880 
83350 
96800 
92950 
87780 
86590 
86500 
101960 
96690 
85430 
86250 
83770 
94790 
97860 
85950 
82730 
93620 
96030 
98180 
86010 
84870 
98560 
100120 
86540 
88190 
83090 
97230 
95110 
82150 
85790 
85300 
97910 
93780 
87490 
90490 
100590 
98570 
94980 
89270 
85610 
97380 
92530 
85090 
88100 
85160 
94930 
97260 
84870 
86320 
90310 
96520 
92720 
84420 
85850 
94980 
94790 
84890 
87180 
84910 
91960 
95490 
85720 
85430 
85920 
96910 
96390 
84290 
81450 
97170 
96050 
92210 
86720 
83250 
99140 
96310 
86930 
86570 
85230 
92340 
99110 
83530 
85110 
94520 
97380 
87060 
82860 
85590 
96250 
99180 
85390 
83210 
87060 
95040 
94940 
84530 
85590 
96760 
97200 
88650 
87200 
85160 
96770 
97530 
84960 
86540 
84790 
96420 
90470 
84220 
86640 
92480 
96380 
95590 
87080 
85750 
93860 
94940 
88720 
83750 
83600 
95790 
96600 
84540 
86610 
85960 
96610 
96990 
83030 
84760 
96050 
97080 
97030 
85500 
82620 
100420 
100740 
90010 
89750 
85860 
102630 
96690 
88700 
84300 
87230 
102070 
91680 
84670 
84110 
88810 
98810 
95960 
85730 
86560 
96340 
98940 
88700 
86810 
86330 
99010 
94200 
86090 
86920 
85550 
96530 
96660 
85720 
85680 
92280 
92010 
99030 
83640 
81360 
96730 
94790 
86950 
87630 
85840 
98530 
100150 
84900 
83470 
84300 
97090 
93580 
83890 
87270 
95120 
95350 
95830 
86430 
85530 
89590 
97780 
85510 
87990 
85440 
97310 
96720 
86500 
84510 
87260 
98070 
94130 
88420 
85110 
81890 
96480 
97400 
85580 
86370 
94950 
95300 
96060 
85620 
84020 
96290 
94600 
88900 
86460 
82220 
94280 
92680 
84580 
82340 
84080 
96730 
93440 
82970 
84840 
92120 
100150 
94480 
83410 
85050 
98820 
98490 
87700 
85650 
88190 
96080 
93450 
83450 
83670 
87720 
98340 
102150 
85910 
83390 
94620 
97000 
98870 
85740 
84370 
94040 
95990 
88320 
86470 
82660 
96820 
96700 
86700 
86970 
85920 
95040 
96810 
85790 
84130 
96350 
98340 
96370 
91600 
85910 
96930 
101460 
86210 
82400 
83540 
96170 
95910 
87480 
83510 
83840 
98850 
96970 
85730 
84660 
95480 
93830 
99390 
86640 
83040 
96930 
97140 
87780 
84580 
84650 
93970 
97330 
84940 
81440 
86860 
96270 
96630 
82910 
86880 
93910 
92490 
93920 
85790 
84860 
96060 
95530 
86780 
85030 
85160 
92850 
99120 
83980 
86880 
86030 
99370 
98020 
84480 
86860 
98630 
93570 
100910 
83130 
86300 
92520 
92430 
87200 
81760 
86040 
94880 
95870 
87360 
86920 
93130 
99920 
95140 
85510 
87850 
99240 
100210 
82910 
87000 
86580 
100530 
102350 
84350 
86110 
84370 
89770 
96590 
86150 
84340 
95690 
94680 
95440 
86290 
83690 
95520 
96010 
88420 
83490 
84670 
96870 
98540 
86820 
82320 
99630 
97380 
90210 
89900 
85470 
98950 
95220 
86810 
81690 
85440 
99390 
97070 
84430 
84920 
96430 
101820 
85850 
83040 
84170 
96220 
92180 
86030 
85110 
83910 
99550 
98220 
85690 
83890 
94170 
96260 
95570 
84580 
84060 
93270 
105080 
87610 
85260 
85270 
96880 
97050 
87280 
87560 
86210 
96770 
95850 
85830 
84150 
95370 
99480 
89030 
85690 
85460 
91510 
94060 
85300 
87700 
84320 
98300 
93590 
84030 
81400 
88390 
95370 
97070 
85120 
84020 
97440 
97430 
93280 
84680 
78880 
94330 
93250 
85900 
83190 
85650 
100000 
95440 
86150 
85840 
84410 
99510 
99490 
86200 
86270 
91700 
93160 
90390 
85570 
85300 
93320 
93450 
88980 
88640 
86650 
94970 
96670 
85830 
84910 
85700 
90800 
97980 
86310 
87580 
98190 
93460 
89680 
87130 
84960 
96070 
95420 
88430 
81730 
85590 
92280 
95460 
85030 
85600 
90430 
96670 
97610 
83870 
84040 
91160 
97530 
90640 
85520 
86430 
93590 
92580 
86710 
84100 
87090 
99100 
93080 
85680 
80780 
85470 
93460 
96980 
85500 
83760 
90610 
95820 
96430 
86870 
84730 
95640 
99100 
87860 
87170 
86760 
91780 
98570 
87580 
84790 
86290 
94590 
98650 
88710 
84950 
91500 
88800 
95070 
81770 
86870 
92450 
97320 
88980 
87320 
87760 
97790 
96150 
86540 
84950 
86860 
100560 
94470 
85230 
84730 
97180 
95790 
96160 
85470 
86460 
99110 
99060 
84950 
83390 
84160 
90030 
99850 
84960 
82830 
84670 
51370 
95780 
85170 
86780 
93690 
95510 
98650 
85170 
83910 
97850 
98210 
87920 
87140 
88560 
96820 
94360 
83860 
88620 
85740 
100320 
95940 
81380 
83000 
94120 
92730 
96620 
83110 
90000 
96860 
95480 
86720 
83720 
88750 
94970 
94490 
85630 
84890 
87150 
98470 
101100 
84690 
84580 
102170 
97840 
94980 
85470 
85160 
96960 
95250 
85400 
84890 
87420 
95580 
97810 
85800 
85210 
87490 
97580 
96680 
83280 
87550 
96170 
96140 
95720 
87610 
86480 
96140 
98010 
91000 
83460 
83900 
93280 
97840 
85620 
85640 
96950 
97940 
92800 
86500 
85720 
92450 
96300 
84960 
86760 
86660 
99400 
95270 
83200 
85270 
95860 
93450 
93460 
83970 
85950 
96370 
93450 
84990 
86420 
84580 
95070 
98230 
84250 
86130 
91430 
93680 
92840 
87100 
86360 
98470 
100220 
86910 
84700 
84080 
97250 
98520 
87010 
87270 
90420 
95910 
89560 
89420 
85480 
93870 
97740 
85370 
83310 
84810 
93120 
93820 
83220 
83350 
90680 
96140 
92810 
85430 
85030 
97710 
95590 
88790 
86470 
85670 
93700 
96870 
86360 
85490 
86630 
101300 
95580 
84330 
85620 
94270 
91830 
98260 
83760 
85230 
93820 
95370 
84790 
85950 
84730 
100210 
96150 
88830 
89970 
84310 
92440 
92490 
86470 
83660 
96870 
97840 
92960 
85950 
87740 
102070 
97030 
87950 
84570 
83810 
94790 
95460 
85860 
