122410 
68700 
32590 
64190 
29270 
102790 
50120 
78450 
34560 
56100 
28010 
54960 
26780 
56230 
26620 
54400 
27100 
55350 
26220 
76190 
28430 
63690 
27080 
55810 
27970 
59160 
27710 
56160 
26420 
61560 
27380 
61580 
29190 
57580 
26410 
57970 
27510 
82300 
36350 
78180 
37530 
80730 
40450 
73790 
39910 
74900 
37510 
74810 
39280 
75330 
38170 
73260 
40470 
76780 
39670 
79870 
41330 
75640 
45100 
92240 
43490 
81840 
40150 
75740 
30570 
53940 
28500 
57330 
30240 
56440 
26920 
59690 
30370 
70000 
48590 
84030 
38830 
61840 
26560 
61500 
35810 
47310 
26600 
49150 
28030 
52120 
23240 
54260 
25890 
50820 
27200 
50350 
28690 
54130 
26950 
51190 
25550 
49220 
37750 
29800 
20210 
27370 
60830 
62530 
28130 
89260 
36860 
76390 
35730 
81070 
35460 
78470 
35340 
79400 
34820 
78310 
37050 
79190 
98260 
77470 
36480 
79870 
37110 
76130 
35910 
80460 
35570 
78680 
35920 
80570 
36350 
81010 
28080 
55130 
24520 
59010 
29380 
58950 
27040 
63990 
27490 
63450 
112900 
99610 
34390 
69850 
25920 
60400 
27200 
57600 
25490 
56030 
27980 
66750 
28390 
60190 
26670 
60890 
25780 
60080 
26930 
54570 
26000 
57260 
25090 
57470 
24830 
61610 
27100 
60320 
28650 
58860 
25250 
96210 
33890 
78870 
35020 
77640 
36760 
78720 
34940 
77910 
98290 
79940 
36820 
79430 
36390 
82120 
36160 
81100 
35640 
78340 
37180 
82290 
36000 
76820 
35130 
76250 
98730 
88190 
30950 
57940 
27580 
59780 
29530 
63280 
26040 
59730 
28680 
59320 
26890 
98610 
44290 
75590 
27510 
57740 
27270 
58440 
25910 
58310 
25160 
57580 
24640 
57630 
24160 
63110 
24410 
57330 
24870 
56300 
26140 
56740 
27080 
56220 
26710 
58590 
25100 
60540 
25890 
58810 
27340 
62700 
41500 
77200 
36960 
78570 
100900 
78730 
35630 
76690 
36580 
78180 
36700 
81600 
35540 
81910 
36690 
33750 
20400 
33230 
22360 
35430 
19840 
32690 
22340 
32620 
22980 
30430 
23880 
28100 
15050 
25410 
14380 
22750 
14900 
28800 
17440 
26050 
15390 
38900 
28370 
36270 
19450 
24080 
15610 
25290 
15990 
24180 
14550 
23260 
14350 
29920 
15920 
25150 
14210 
22700 
16080 
25030 
14520 
24600 
15710 
23660 
14500 
25180 
15490 
25750 
17050 
24800 
15370 
24440 
14280 
37560 
21770 
32520 
20190 
36990 
22360 
85410 
37790 
84150 
36910 
82260 
37470 
82920 
36770 
79850 
36950 
77720 
36730 
79920 
37020 
79250 
34190 
82580 
37910 
78250 
36620 
72560 
25510 
57920 
25100 
63660 
26600 
57640 
28380 
63300 
29460 
105490 
51520 
90100 
35460 
60340 
29230 
52990 
28400 
53190 
32950 
55020 
28150 
52270 
28570 
61550 
40470 
51550 
27140 
56700 
27890 
63420 
32030 
52430 
27840 
52340 
30080 
57160 
28000 
59520 
11969360 
63710 
25980 
87400 
34110 
84960 
31200 
76350 
35610 
76530 
31660 
76760 
32050 
78380 
94520 
78480 
33220 
78950 
34470 
76640 
33350 
82740 
31320 
78550 
31650 
84070 
33850 
79700 
33610 
80000 
75490 
59790 
24280 
59490 
26660 
57060 
24770 
71380 
25050 
58430 
60630 
98490 
39110 
69900 
31090 
54230 
27150 
53770 
28500 
52270 
28340 
51900 
28050 
55160 
26200 
55130 
29110 
53510 
32650 
17760 
29310 
55610 
28670 
52380 
30380 
55790 
30680 
53410 
28540 
56280 
27430 
57010 
48530 
31250 
21770 
32030 
21070 
32280 
84230 
31900 
21080 
35330 
21010 
30790 
21550 
31080 
21320 
71630 
35490 
78600 
40260 
78820 
39260 
77280 
37850 
76950 
39980 
78330 
40250 
52990 
28230 
55830 
28420 
58810 
27560 
53900 
33370 
55500 
33950 
95890 
45170 
73390 
27030 
50820 
27230 
47720 
25440 
51630 
25220 
51530 
23850 
47150 
24650 
49590 
28140 
50220 
24380 
51340 
24290 
50760 
25630 
47130 
26760 
51370 
25230 
59390 
25560 
50010 
25710 
53350 
46950 
74500 
35500 
70480 
35410 
73000 
38050 
67540 
38370 
69240 
36760 
69420 
36260 
66900 
40730 
73160 
37810 
77280 
37600 
72710 
34920 
71190 
35800 
69790 
35520 
75180 
39810 
57470 
25760 
51080 
27250 
61610 
24670 
52440 
25690 
56980 
30480 
102390 
43370 
79300 
30100 
61530 
28670 
54710 
23870 
52570 
24420 
66940 
24230 
52390 
26790 
52920 
26730 
52770 
25280 
54230 
23530 
52990 
24160 
51240 
24810 
62010 
26220 
62720 
26840 
57680 
27130 
63350 
27930 
87630 
36210 
80980 
37850 
81560 
89400 
77610 
35220 
80730 
35360 
77780 
33230 
77340 
98320 
78190 
36610 
77820 
37260 
78800 
37100 
71880 
37730 
73640 
42780 
78210 
39010 
71440 
30060 
55460 
26970 
57190 
30810 
53940 
30760 
55580 
31210 
55590 
50660 
88720 
40480 
62080 
29020 
54440 
28820 
52760 
26970 
52260 
27090 
55780 
28680 
54610 
27990 
59810 
28310 
53840 
27730 
53220 
81630 
58620 
28380 
52850 
28520 
53340 
29330 
56310 
30710 
54290 
28290 
93370 
40840 
76340 
39910 
74820 
41210 
77050 
39220 
84240 
100240 
76820 
36500 
67580 
32350 
73840 
30320 
81660 
31930 
77830 
33530 
79230 
32870 
80950 
32540 
80400 
97240 
79200 
25500 
75870 
27710 
57270 
26640 
60940 
23520 
65750 
26660 
56080 
60880 
99570 
43750 
70340 
28510 
53830 
28430 
53970 
30240 
51340 
28330 
54730 
28230 
55300 
28200 
54580 
29000 
51420 
29940 
53320 
26950 
52210 
27680 
56690 
29510 
53280 
27430 
3993280 
28390 
63410 
26260 
78670 
34540 
78330 
35470 
77930 
99200 
75990 
36730 
80460 
36690 
76730 
34610 
79740 
35420 
78160 
36810 
76670 
34510 
78380 
34750 
79030 
105080 
79350 
36690 
81090 
36380 
76580 
34590 
59150 
26460 
61450 
27370 
56630 
26130 
62150 
28170 
60290 
26400 
97890 
43120 
78770 
29770 
57480 
24960 
61040 
27660 
58870 
28200 
56910 
24600 
57890 
26140 
56900 
24800 
54580 
27210 
57730 
26630 
55560 
25130 
57510 
25050 
58740 
26870 
60630 
26760 
62410 
26820 
58090 
36720 
82170 
36270 
82050 
36230 
76900 
34510 
82390 
34940 
77980 
35860 
78680 
34650 
77750 
35670 
76710 
99020 
79940 
37130 
78300 
36560 
76820 
36780 
82240 
38690 
80600 
38660 
64590 
26560 
58610 
27570 
59570 
24950 
56790 
27480 
62780 
29050 
103340 
46010 
89210 
32720 
57230 
26790 
56650 
25260 
60380 
26590 
57730 
26160 
56150 
26480 
56760 
27350 
58450 
26200 
58120 
25120 
57250 
25490 
57230 
25530 
60220 
27350 
61930 
26700 
58400 
26330 
59550 
29720 
90340 
37320 
79810 
34970 
78680 
40840 
80340 
34400 
82210 
35780 
80740 
96820 
76420 
36950 
79820 
36460 
77640 
35590 
79220 
35000 
78730 
35590 
76890 
34190 
77620 
34160 
76230 
26010 
56500 
26020 
60990 
30430 
56280 
24000 
64520 
27200 
60610 
51640 
86960 
38560 
58300 
28280 
56160 
26730 
57850 
34650 
58380 
32580 
52230 
28050 
53940 
26840 
56140 
27100 
51420 
29650 
55810 
30840 
53500 
25530 
53760 
31850 
58210 
31740 
52720 
28030 
56440 
27250 
94030 
38870 
74420 
37880 
78030 
39890 
77090 
37360 
76100 
41020 
83030 
40720 
71900 
40120 
80870 
38450 
79090 
37730 
76040 
38330 
79290 
40270 
78910 
39040 
75200 
43530 
84490 
32690 
52770 
32740 
57760 
34990 
60820 
26720 
62720 
32960 
58110 
63400 
98550 
40590 
68290 
33010 
56440 
30020 
51180 
28970 
57680 
27740 
53310 
26750 
54710 
27900 
65650 
28230 
58940 
25200 
54930 
25510 
58280 
26710 
56840 
24530 
61880 
25040 
61000 
27460 
59400 
27220 
60230 
42590 
79020 
32860 
78400 
35240 
77780 
34270 
79530 
33400 
80960 
32080 
80940 
34240 
78360 
34900 
80960 
33500 
78520 
33170 
80010 
34810 
83210 
34800 
77480 
34460 
81420 
34080 
60030 
25310 
61640 
24920 
61940 
24700 
59370 
26770 
64290 
26890 
99190 
43910 
79740 
30280 
61610 
26190 
57240 
25980 
56590 
23910 
58130 
25220 
55130 
24430 
58270 
24750 
58050 
26440 
58300 
25320 
57680 
25590 
58190 
24530 
58380 
24450 
65890 
33690 
59190 
29780 
56350 
51120 
75960 
40250 
73520 
42310 
78480 
38920 
74190 
40450 
72860 
39020 
73430 
42180 
75200 
36350 
75660 
38430 
74910 
39070 
74150 
38480 
76010 
37280 
77920 
37950 
72740 
42180 
59150 
31800 
53820 
27170 
56500 
29120 
53410 
33970 
58170 
29340 
114750 
47640 
78110 
35910 
55520 
29130 
52770 
28900 
56200 
26370 
53590 
30240 
60530 
32290 
53140 
28480 
54700 
28200 
54720 
27040 
51280 
27680 
59150 
30890 
53560 
27160 
53430 
29130 
59950 
29240 
54240 
28560 
89000 
39200 
76080 
39960 
78340 
40070 
72840 
38240 
74200 
38410 
74330 
40200 
75960 
39940 
72370 
40340 
77070 
39600 
75000 
38860 
73570 
38770 
76000 
37410 
75430 
38280 
78980 
33500 
58990 
30420 
56060 
30100 
55510 
29240 
59290 
29860 
53640 
51860 
89960 
39640 
61730 
26370 
53560 
29640 
55320 
29620 
50790 
27590 
56270 
28890 
54450 
27300 
51090 
27140 
56510 
30130 
51400 
24820 
54650 
30580 
54880 
30520 
52890 
28720 
58580 
27620 
56710 
27190 
90550 
41370 
74500 
39720 
80530 
43640 
89460 
41840 
79600 
42660 
79350 
39000 
81310 
38000 
78990 
38960 
78420 
40490 
78320 
40900 
76290 
38980 
79310 
40570 
76720 
40530 
82310 
33480 
56110 
30670 
59720 
28610 
59530 
26430 
55230 
31710 
59740 
60080 
102490 
43760 
71560 
30930 
50840 
29600 
52900 
27460 
53250 
26890 
54890 
28630 
52210 
30850 
52480 
26840 
51850 
26800 
56140 
28450 
58950 
31130 
54350 
26870 
59600 
28190 
54830 
28190 
55390 
29750 
56130 
46960 
79510 
41870 
79130 
40460 
76970 
38580 
76730 
37630 
76830 
39620 
74340 
38710 
76590 
39460 
78430 
37970 
80570 
42820 
78410 
40260 
76230 
39400 
81310 
39400 
78970 
42850 
54310 
28250 
51110 
31380 
59200 
27800 
57440 
34520 
59050 
31280 
108630 
54590 
82570 
34920 
57690 
29190 
50500 
29960 
4002870 
26520 
56500 
22520 
56190 
25880 
56270 
26410 
54310 
23200 
56850 
23430 
64320 
23610 
54500 
23720 
60570 
25620 
58990 
24670 
58410 
26130 
63610 
26110 
85320 
33340 
81420 
35090 
79760 
35690 
75850 
33120 
77920 
32820 
77910 
101470 
80000 
38460 
81030 
35950 
77330 
34930 
78250 
32600 
80280 
32770 
77340 
34110 
78610 
35220 
68550 
22700 
55810 
26110 
64610 
26640 
57990 
26990 
63710 
27930 
107780 
53090 
83630 
38690 
58800 
29800 
52200 
27920 
52380 
27970 
52940 
28450 
55990 
27410 
56990 
27260 
54760 
28590 
50300 
27340 
53850 
30760 
53440 
26860 
53020 
31320 
57480 
31310 
56110 
28390 
58920 
28970 
91540 
38100 
74210 
39880 
77790 
41000 
75390 
39360 
84910 
41780 
76940 
44630 
75290 
40530 
78570 
41170 
77070 
39110 
74130 
37990 
76390 
38910 
76570 
37080 
93880 
44110 
79290 
32090 
51280 
30150 
59780 
29850 
53900 
27930 
60810 
30600 
57890 
54390 
94130 
39490 
62920 
27850 
55530 
29870 
50830 
29880 
52740 
28800 
52950 
27290 
51580 
26260 
51820 
31220 
59500 
27550 
55970 
29980 
55920 
30360 
52440 
29550 
56090 
30650 
55460 
31930 
57900 
28550 
74820 
40100 
76590 
38770 
76060 
41190 
76840 
42310 
76600 
40530 
77790 
39590 
78950 
38350 
73440 
37840 
77730 
41480 
78210 
37190 
76240 
39660 
76790 
38060 
74380 
41070 
77190 
38160 
56360 
28580 
55250 
28280 
55060 
29090 
56140 
28530 
58250 
38860 
101440 
47280 
77290 
30900 
57230 
35320 
58710 
29810 
50230 
27450 
51350 
28440 
56040 
26200 
53170 
28050 
53240 
32750 
49850 
28330 
55230 
26280 
3998360 
26000 
59370 
25910 
61680 
25270 
61850 
24510 
58870 
48430 
84100 
38060 
74450 
29800 
74120 
29840 
81550 
34270 
75350 
29400 
73920 
32920 
72010 
28470 
72250 
31070 
74500 
38010 
74370 
34850 
77660 
120380 
75390 
38640 
73230 
37710 
68040 
25350 
55570 
26100 
59920 
27860 
63310 
30510 
60540 
26420 
102050 
47700 
81580 
29590 
57620 
24460 
62930 
26180 
57210 
24600 
61450 
28610 
61050 
27420 
55970 
24920 
81320 
31500 
62910 
25210 
67940 
29830 
43940 
18440 
28170 
15680 
24760 
15730 
24930 
16200 
24710 
16660 
36100 
20840 
30800 
22210 
30690 
20720 
33120 
19650 
31810 
71330 
78860 
35410 
78600 
35970 
77100 
35880 
82540 
35780 
79780 
35700 
78160 
35840 
77940 
34300 
77870 
104820 
73440 
27500 
60070 
27700 
58980 
26510 
59320 
26930 
61650 
27640 
116480 
43390 
87430 
35480 
59830 
24280 
58720 
27560 
57170 
27050 
55160 
27470 
58830 
24640 
57010 
26050 
54740 
24960 
57050 
24370 
56390 
26500 
56180 
25880 
59040 
27410 
64350 
27140 
59320 
26220 
60500 
26860 
91640 
35390 
79090 
34860 
78750 
100410 
77580 
37370 
81140 
37690 
78970 
35620 
81210 
35890 
77740 
37900 
77130 
34850 
78950 
34320 
81470 
99400 
79240 
36900 
80520 
36140 
80920 
27240 
58550 
24850 
62440 
28280 
57270 
24590 
65990 
30690 
62840 
54970 
97190 
40720 
68450 
32540 
55620 
30730 
55200 
28860 
59340 
29560 
53010 
27340 
53110 
29520 
55640 
26230 
53330 
28230 
58190 
30270 
53030 
26060 
54940 
28870 
58940 
28230 
53770 
28520 
53690 
29560 
60630 
43150 
74610 
38560 
75400 
39100 
75000 
38990 
78340 
38430 
73750 
41360 
75050 
38960 
73020 
38210 
76490 
38060 
77060 
37900 
76340 
41090 
74220 
40170 
74820 
39380 
75710 
40470 
55690 
29100 
58750 
31470 
57820 
26530 
55880 
31660 
59220 
30490 
99090 
46390 
72730 
32480 
56940 
29440 
54240 
29450 
54430 
27550 
52090 
24890 
52100 
34860 
20120 
72410 
18410 
26550 
55200 
26290 
54990 
24740 
64390 
27520 
58280 
26990 
56250 
25700 
54740 
24870 
55310 
46040 
70700 
33760 
71630 
35700 
68960 
34650 
69860 
35380 
72170 
34310 
69550 
89250 
70140 
36720 
69420 
36120 
68650 
35390 
69150 
36040 
71240 
35770 
71130 
34580 
70920 
40680 
60430 
24760 
54440 
26800 
66900 
29400 
54130 
29370 
56360 
27740 
92500 
44760 
79950 
29940 
54950 
27450 
58000 
26430 
53510 
24340 
51560 
25120 
50970 
25450 
52090 
24830 
54890 
24730 
53730 
24650 
57410 
25820 
56130 
25050 
54520 
26490 
55840 
28320 
56350 
25380 
53330 
25630 
79460 
36270 
73260 
37990 
70780 
35990 
67190 
92670 
68390 
35330 
68170 
34520 
69400 
33530 
68580 
33300 
72650 
35810 
68710 
33600 
68800 
35370 
68420 
88770 
67770 
35460 
70120 
27280 
58100 
27500 
56760 
25300 
53150 
25930 
54460 
25080 
100530 
46780 
80050 
93390 
33940 
13860 
57440 
27420 
25740 
18850 
54800 
26050 
27940 
19390 
50650 
25750 
25530 
19240 
52030 
24920 
25450 
20080 
52960 
26100 
25070 
19570 
55250 
25480 
47890 
27160 
58650 
28980 
45910 
30040 
40460 
40540 
31570 
29960 
44050 
30830 
38420 
39420 
37730 
28910 
39280 
38430 
36430 
28330 
38760 
39230 
37630 
27920 
38480 
38470 
39350 
37930 
29980 
34500 
31980 
26310 
21700 
23450 
20650 
25350 
24980 
24170 
22480 
24640 
20490 
50260 
35990 
35360 
24250 
23960 
20400 
23790 
20550 
