58651
32830
29700
30781
28661
29941
29960
29420
30480
31980
31290
32011
29170
30271
29761
30561
74501
78921
77161
74381
73381
74991
76881
73011
89091
64721
59881
62740
59340
62011
60091
62321
65711
61271
61481
153642
101521
83521
66180
62171
62221
62091
60201
63461
60491
61101
58880
61980
60700
60441
60671
59171
61531
61631
56981
60251
57761
57770
58390
57571
60181
62471
61011
60421
59711
58931
101321
73581
76071
71411
74121
73511
73991
74141
73281
72721
73260
70290
75961
74541
72651
73601
86441
76491
74961
76071
73971
72350
71711
75441
70711
72461
86101
69181
58781
58941
60501
60270
58330
56370
65331
61081
59031
146561
111871
92092
67691
63850
57430
57240
59421
60011
59841
58221
56211
60101
57011
58170
58360
59440
57450
57861
58461
59461
58701
57321
58381
59911
60170
60330
60861
61301
58111
60551
61651
89341
79080
73930
72050
70871
72951
75601
71611
74261
77051
74141
76791
75331
72791
72621
72691
70821
71371
74491
72091
72021
74741
74060
71341
76271
73941
82321
63621
60891
58331
60161
60391
57090
58640
63060
60781
68691
148932
95141
80101
64631
57461
57291
59220
60490
60540
59481
60371
62521
69201
67171
61071
60471
62570
59000
60130
59311
60731
63641
62461
60541
61331
63120
62700
63400
61670
60341
58971
98291
77581
74451
73801
70291
76250
76561
73421
76601
74201
74471
78281
74631
73291
72870
75050
76701
71481
73191
75721
75201
72601
76161
72891
74991
73130
90581
67781
59951
59331
62621
62141
68311
63701
70091
64360
60960
124381
98411
82361
70221
63421
62251
62741
60021
59991
57450
57490
57320
57161
57291
56331
58101
59361
57931
58621
56580
59330
57690
59661
60241
60051
61001
62211
61321
59191
57750
61300
81971
71061
71231
70791
72191
71451
75141
73220
73070
71151
72451
74361
72911
72371
72481
73711
78270
74290
71450
72871
71341
73181
72411
70161
75021
72961
85921
67130
60600
58070
58930
57261
61601
58591
60101
61181
60511
119281
107151
81011
72801
65271
63301
58401
60041
57901
57301
58691
56960
59840
58761
56901
58461
56801
57301
56991
57301
59371
59010
57080
57510
56901
59171
58031
61211
59801
58711
60481
60950
86461
75921
70471
73491
75711
75271
74011
71921
74631
71570
70731
72181
72091
72341
70451
73551
70941
70871
71531
71840
74891
76361
74341
76731
72681
75491
77541
68471
60071
63450
62360
64080
61421
60841
65231
63931
62391
124911
106801
87861
67720
63991
61801
61021
59881
60201
60621
61871
63031
61721
60810
60860
59140
63061
58881
61291
61261
59101
59961
59661
62590
64590
61091
61311
62641
60521
62021
62531
96791
74141
71611
76581
86911
85111
79351
74591
78691
75861
73911
74490
72141
80851
77021
74271
72801
74421
74871
75871
74271
73740
74721
76751
72861
75511
87181
66801
60611
59971
63951
63061
62820
60270
64771
64241
61531
156121
111722
93822
79741
63071
61840
61460
60680
60011
58851
56521
59031
58181
57871
57201
57780
58770
55950
58851
58921
58381
57251
55761
61051
59041
58200
62850
65291
62431
60871
57601
57961
97001
74241
76751
70941
71731
76621
73491
71831
73591
72581
72461
72161
77201
76491
75341
71441
73791
73211
73841
73121
75381
72031
72681
71011
72761
72911
83311
63791
57801
59371
58411
59121
58351
59460
61950
61430
60041
160792
96111
82611
62991
57871
57561
58080
60320
58220
60501
58781
59301
59411
57171
57971
56701
58921
58570
56890
58850
57491
57791
57691
59981
59981
59591
59120
59590
60720
60170
58691
94301
76711
74461
70231
73241
69880
74311
73591
70281
71891
71531
74831
74361
74161
73561
71180
74170
68861
75411
73951
73791
72271
69351
72601
71601
71080
87831
69321
62660
58681
63471
61341
60761
62361
64281
61981
61820
158372
109331
83391
71961
64411
60051
60581
62071
60091
60210
57570
60180
60951
59081
59721
62081
60181
60001
58981
59400
58300
60750
60631
59071
61331
62451
64031
60771
59411
61251
60590
63410
98621
80521
75571
77041
72331
75341
74741
75440
75731
71681
72931
72721
72421
74481
71701
74571
71480
70800
71110
73561
72971
75971
75941
72361
72141
72991
81681
63751
60070
59710
58410
63741
60551
60751
63741
61591
64751
118511
94021
81271
62571
57851
62081
59051
59011
59511
56531
59141
58560
58470
58571
58921
58701
58881
58021
58411
57681
58211
58280
60840
59180
58551
59401
62001
60121
60391
58721
58141
96751
72931
72431
70991
71421
77391
70351
71751
71961
74671
72780
74821
73501
74141
72391
75881
76021
73261
71941
71941
72301
75331
71151
73741
74021
72961
87541
65461
58971
57441
59270
61680
59290
59291
64821
60291
58251
148391
106452
85161
64840
63150
59590
57621
58721
55421
58181
57961
56201
57771
57040
58570
59620
56280
56861
57671
59211
60231
57371
59101
57221
59370
57460
60731
59271
60161
59811
60401
76481
73501
70590
71141
73971
73831
72511
74221
70461
72811
84771
76731
73101
70971
73431
74961
74741
70231
73161
75351
68881
70081
74480
74830
73881
74641
80381
71071
61961
61681
63551
64291
60451
60790
61390
62821
62871
149212
111402
91991
84391
69821
62010
61000
60380
60251
60991
61861
59451
62381
58801
60481
58021
57880
58570
56530
57440
57851
58181
58931
57771
57451
59841
59410
61410
66391
64321
65961
60121
94991
81011
76251
73251
74911
76981
76091
72391
73581
73021
71121
73271
74081
73060
71701
70901
72491
71231
73841
78871
73301
71561
75661
75220
76341
74501
88001
63231
60281
59471
60231
63761
58301
59251
60850
60720
59280
115751
103041
84341
68281
56711
59501
57751
57871
59980
57000
56530
58401
57261
59881
57821
59021
57471
57140
57890
57890
58900
56291
56901
59691
59801
59781
60731
58851
59680
59260
59901
95331
71691
73771
74751
71941
78501
75841
74530
75051
71581
72141
71521
73921
73531
74311
72331
70230
72370
71211
72251
73271
71311
72371
71491
72571
73150
85831
65220
59730
58741
62911
60181
59021
57071
65021
62071
60391
145092
116761
84631
74451
62681
58911
57511
58481
60271
58041
58310
57170
56890
61041
57401
58931
57231
57991
60551
60321
59921
57290
58880
58881
57351
59891
62311
60491
59101
61901
59410
58660
92211
73471
72931
72911
70231
69871
74941
74301
69230
73861
71391
76091
75951
72111
71391
70921
71911
72921
72190
73061
72831
71511
72141
73231
69531
71551
81281
64751
60030
61870
58440
59261
59741
61021
62401
60591
60011
123291
102111
80911
64100
68191
61131
60381
59271
59841
59391
58511
59181
58200
57830
58280
57801
58921
58281
58091
58531
57951
58881
59220
57360
60300
60431
60411
61381
58291
58561
57771
93951
74710
74901
71941
72871
73351
73481
74241
74191
71151
72191
74000
76131
74881
72111
71191
71541
73321
71651
76181
73811
77220
73981
71381
71681
74251
87691
65311
57701
57531
60231
61870
59700
59450
63061
62021
59221
144741
113862
83751
72661
61150
57790
60170
59191
61211
57251
57181
59541
55901
57831
57330
60630
59910
56241
58001
58691
57831
57541
58131
58091
59160
58990
61440
61991
60351
59211
57211
59061
98472
76051
73800
72830
77331
74941
70541
73511
74431
72621
72111
72161
72670
74401
73441
71471
73921
71571
73841
71921
72401
74501
71740
73311
71661
72101
86051
62111
58811
59731
57681
61111
59491
60120
64040
61911
60731
116372
97751
82251
65481
67101
61340
58190
58580
56130
60251
57601
57461
59811
56121
60271
60031
56720
61460
59650
60331
58871
57891
60821
59031
61381
61241
59990
62950
59360
58821
58181
98412
73691
73431
71521
71390
73300
72411
73261
74001
73711
73981
70601
72491
70281
74150
71791
74081
70091
73351
75211
73241
71911
71731
69401
73620
72631
86461
66161
59261
58011
58821
60381
60241
58551
65060
62410
62810
148172
113672
83701
65951
64151
58731
58241
58971
57560
58650
58790
58000
58051
55551
57441
59991
58611
57781
56090
58110
59660
58141
59531
57111
61321
59491
59311
60901
57730
63350
59670
72391
77201
72491
71801
72301
69081
69581
72020
73741
72331
72711
73331
70721
71851
69821
73581
76901
72480
74211
74151
74561
71891
72791
71351
74611
73541
73931
71371
61990
58910
61121
58411
57481
58801
59361
62871
61811
120281
108741
87061
80831
68051
60211
59351
57641
57221
58061
57351
59010
57840
59181
60881
57621
57911
58551
57731
59781
57991
59260
57900
60211
58411
59991
58621
61511
59851
63601
60381
59520
99051
72581
72661
76091
71271
79491
70771
73811
74630
74030
71681
71261
74491
73821
72801
71291
72561
73261
71530
74881
72451
72161
71001
73431
74991
71081
84621
63681
59111
60650
59760
60170
60221
60831
62681
60421
60311
149032
101281
87201
68240
58820
59901
58131
57521
59231
58341
59701
60581
60110
59540
59000
60271
57861
60331
60161
57551
58661
57851
59230
59100
58310
59221
61281
61521
61651
58331
58811
94521
73010
71890
71721
72161
75591
69461
73311
73961
72951
68711
70731
75501
75401
71911
75111
71501
72031
73341
72411
72501
73610
74251
73431
71681
71181
83281
67711
56711
60871
63861
62731
60210
57850
64121
61421
61151
120592
112101
87501
75451
64040
57700
58910
59670
57921
58671
58601
59051
60221
57511
58111
57810
58860
57350
61041
58651
57711
57131
57541
58551
60261
59700
61170
61870
60971
69201
61911
58081
95561
76551
73420
75840
71430
73821
76531
71811
74471
73381
78011
74041
76280
75790
72890
71471
70951
74591
72951
78651
75921
73661
80001
74390
78651
74861
90281
69851
61101
61321
62141
61531
62141
61421
64450
63750
65021
161622
100111
82661
64731
58101
58481
59611
59610
60920
57630
57811
60381
56771
59771
57771
60241
59681
58310
63170
59720
58141
60441
56551
57661
60811
63591
62191
61150
61990
59330
58651
96721
78081
74471
76501
72381
74121
74771
72821
74221
72331
75421
74521
73581
72011
73341
73821
73830
73561
74011
77351
73891
72141
74331
72241
74751
74251
86441
68090
59750
58070
60571
59801
61081
57961
64631
59921
62111
115661
112981
85571
76651
63591
60561
59341
61641
63191
60181
59140
59850
59010
58881
59621
63541
59741
61011
59131
57640
58920
60350
58191
59861
60311
61211
60921
61051
58891
59101
59410
59820
100601
73341
76351
75331
74681
75821
70871
75521
76140
74691
75121
73971
72641
74571
75111
77641
73401
73781
75880
73221
92751
83421
75331
74791
78031
75711
86641
65381
60091
60870
59080
60791
61181
62351
61771
62171
63311
123601
100051
81941
65191
63671
58501
60631
58791
59141
60681
59081
59701
57850
58790
61531
58451
58401
58711
59971
58251
58541
58621
59890
57370
60801
59991
59961
60021
59751
61491
62091
94471
74681
71471
76501
75471
72801
73701
76341
79481
75771
73061
72620
73151
75661
72311
75411
75751
75041
74861
76701
75351
75020
75131
73531
75331
76791
86171
67401
60021
59081
61271
59560
59740
58930
65941
64251
59841
154731
111882
80521
68821
63941
59900
60680
59110
68981
59911
59011
59061
58751
59791
61461
58190
61230
58370
60521
59741
58821
59881
59901
59411
62590
61020
62600
60520
59161
62301
61641
67631
87312
73391
77520
79281
75151
72751
71241
75451
73881
72901
73881
73991
75191
74621
74001
76281
74881
74471
73941
73671
73651
78221
78001
71871
73341
74071
79311
62461
60491
61061
60591
61181
60001
61640
71521
66851
88591
187442
87841
85851
68721
62441
62061
60321
61630
58220
59561
61141
63531
62061
59931
73841
67941
61450
61190
60570
60120
62351
60851
59991
60781
60281
62951
60441
61520
64250
60381
61451
100862
78251
77621
72191
73731
76821
76751
74251
76261
74161
74451
78501
75341
76551
75371
73251
75060
73251
75871
73281
79751
79081
77641
76941
73531
72901
88291
67750
61551
58911
61601
62061
61401
58511
64681
62091
61360
158742
108151
88281
69081
63821
60731
59351
60051
58801
59940
58300
59900
61731
58991
59031
59551
60701
61391
61491
59651
59060
58810
61351
61031
62381
60831
61071
63321
62071
60820
60160
82531
74281
76041
74541
74101
73741
72591
75271
73340
73800
74001
75931
77941
75281
73751
73461
75081
74381
76150
74871
74831
70851
74551
75691
73521
74091
79161
71191
60711
59690
61720
61301
59341
60841
61531
63391
61201
117161
108981
88331
79541
66571
64511
59731
61301
59331
60481
58211
61521
58950
61510
59850
60921
60691
65641
69231
63011
60581
60541
59770
58760
59900
61881
62921
64181
62301
60991
60311
61411
102191
78001
76991
74431
72951
75921
75061
77071
73961
73391
73710
77441
76731
75711
74901
90631
79501
74601
73391
78411
76880
75191
72901
72331
75381
77771
87801
67551
60121
59721
61650
60920
62470
61720
66501
64551
62941
122052
105281
88161
66920
59510
61780
61040
61041
61061
60381
61961
60101
60101
60531
60410
59200
61990
59501
59871
59391
60031
60481
59171
67201
63530
62050
63881
61561
61931
60081
60911
86051
76381
74090
72860
74951
76721
72701
74701
73921
74841
73311
74171
74161
73530
75711
71701
74181
74071
