52610
24250
22800
23160
21620
22720
22050
20750
21740
22330
22320
21940
21890
22020
21170
22700
60420
57690
59180
57510
59170
59530
58770
56940
57080
61820
59290
58230
58760
57350
57020
56930
57920
57490
56200
58670
58600
56900
55430
56100
56850
60670
59200
57530
56760
57560
58060
58410
61370
58480
57380
57950
56910
58650
57960
57730
57260
56010
57670
56240
57710
57370
56630
57980
56580
56430
55740
57220
58210
56520
56920
57130
57120
60340
56300
57720
55910
57500
57020
58520
57650
56840
56640
56820
57250
56830
57120
57290
58050
56360
57380
55620
55950
57150
57470
57210
57130
55920
58810
57910
58060
56030
56420
57790
57390
58480
56470
56620
57810
59150
58730
56270
55730
57790
56580
57650
55940
55690
56010
57210
58630
56860
57010
57030
56300
60030
56130
55040
56530
58640
55430
55830
55660
56490
57520
58960
57070
55690
55150
56690
58520
58020
56070
55530
56570
58460
56730
57100
57560
58960
58200
57730
56170
55270
54230
57300
56300
56510
55280
56460
57030
57940
57170
56740
53470
56560
57410
57180
57010
54250
56730
56820
57970
57870
56250
55170
56110
56190
57370
56980
55480
57680
56810
57040
55700
55160
65780
62220
56220
56460
56160
58200
57160
58810
56600
56180
55710
55640
59240
57120
57280
56690
56280
59600
56810
57240
56350
57060
57160
56950
56460
56830
57340
56900
56810
53630
58710
58240
58340
57870
56190
58390
58280
58620
59350
58500
58340
58760
60400
58800
55690
56610
56210
58250
57360
56480
57090
55960
59060
57410
58240
56960
54860
57950
57220
57930
57250
56770
57340
56960
58610
57500
57870
56850
56910
57600
57330
55540
55530
57220
56580
57230
57680
57920
58120
55710
58670
56220
56910
59010
56110
58480
55680
55660
55900
56660
58600
56740
57580
55480
57440
58340
55670
55700
55740
64270
65190
57480
57570
57510
59680
59190
58110
58430
55210
57810
57440
57110
56420
55670
57070
57600
59190
57510
57440
56700
57810
57760
57900
56020
55490
58460
57440
58560
55820
56100
58050
57500
59090
56140
55650
57790
57080
57290
56280
55790
56150
57440
58560
55740
55260
56350
57110
58420
56410
56280
57710
58050
58250
56820
57660
56710
58200
58050
57390
56540
58310
58650
57900
57070
56720
55190
58200
57950
57600
57690
56570
56050
57650
57170
55590
56390
56240
58160
57010
57890
55520
55990
58470
56890
57510
55680
56220
57710
56660
58480
56460
55670
58280
56300
57610
57890
55940
55580
58250
56710
57450
55540
58010
57660
57630
58240
57330
56830
58140
57750
58700
56030
56250
57730
56750
58200
56200
57520
58600
57550
58930
57480
56560
56280
57420
58490
56680
55990
55240
57410
57380
56960
56910
56640
57700
57220
56910
56380
56240
57900
57900
56900
57680
55330
56180
57940
58040
57400
56340
54810
58140
56850
57170
55830
55440
57910
56720
57440
55320
54980
58470
58420
58480
55800
55210
57660
57130
57890
55330
56330
56400
57840
58780
56400
55740
57110
56510
57500
54100
55430
57080
57650
57250
57230
55290
56200
57750
58070
57650
56040
57320
57280
58870
57270
57440
56080
57880
57040
57610
56250
56290
57420
58990
57670
57100
56430
55770
58250
57660
56830
56950
54860
59190
56610
56550
56220
56200
58290
57870
57130
57890
55740
56110
56860
58840
55720
56560
56800
58980
59060
60950
57990
58050
56650
57640
58050
56470
55980
57690
56810
58570
56120
56210
59890
57190
55100
57140
53530
58870
58760
59740
57680
57690
59400
58500
60410
58310
54940
56330
56900
58280
57640
56420
56580
58370
57790
56970
55050
57040
57380
58720
58810
56080
56830
57100
57660
57090
55090
56790
55220
57410
59350
56580
55680
56470
58060
56560
56360
56410
56000
57690
57630
57140
59060
56390
57710
55780
57300
57030
54940
56340
57350
57080
67340
56820
55770
58170
57580
57150
55850
55540
57060
57230
57220
55710
56050
58470
57000
58840
54980
56200
58550
58240
57900
55780
55890
55720
57100
57710
56240
56920
56400
57130
59770
56880
58880
55780
58010
58210
57350
57410
56340
56630
58790
56750
54430
55150
58840
59040
57830
56000
55780
56760
57500
58500
57400
56520
55030
57490
57340
57440
56310
55880
57760
57520
56840
57070
55690
58850
56700
57510
55850
55600
58650
57680
57560
55590
54870
57740
56730
58830
56510
56030
55870
57550
59290
58020
54460
56070
57090
57270
57040
56050
56090
58850
58570
56800
56010
57710
58350
57430
56990
55450
57840
56150
57920
57570
57040
56780
55880
58240
57410
56330
57680
56200
56390
57890
57320
55500
56270
58530
57250
57200
57410
56530
57840
57280
56680
56490
55070
56610
56490
57420
56060
56110
56840
57170
56520
57050
55500
56330
56950
57720
57600
56100
54790
57480
56920
58350
55690
57030
58620
57570
58710
57050
56630
56720
57270
58490
55780
56860
57230
56660
61770
56470
55660
55490
57790
57800
57200
56330
54840
57300
57510
57540
56550
56360
58340
56980
56460
55920
55520
56820
58000
57120
123900
57870
56990
57550
61460
57380
56400
56300
58360
56840
57240
55830
55970
59610
57120
55990
57400
56160
59910
57180
60300
59170
55630
57830
55800
57110
58200
61050
58820
57730
58860
56810
56500
56650
56490
57410
59080
55870
57150
58150
57230
58930
57170
56860
59170
56330
57750
57480
56510
56010
56810
59160
56560
56980
56100
57830
59610
56470
56340
56500
57630
57130
56860
58140
56340
58260
58570
57010
57300
55150
58090
57600
57430
57090
54890
56700
58890
57750
57810
56670
56170
58130
56570
57800
55850
55760
57400
56470
58270
56760
55610
59120
55880
59780
56120
55100
58660
56710
56820
56790
55440
57170
57220
58920
55730
54570
56810
57780
59400
56410
55930
56520
57880
58210
57030
56180
58320
57850
57340
58890
56470
57330
58890
58470
56920
54730
57330
55450
57580
57010
56450
56500
55530
60900
58950
55740
58900
56490
59070
56640
55700
57860
56650
58370
57240
58180
55690
55510
57240
56480
57560
57030
55810
57250
56440
57760
57390
56430
56620
56560
56440
57330
55480
56430
58850
56220
58960
57060
57680
58310
59160
58960
56880
57110
57760
56920
58710
55700
55820
57640
56500
58250
56040
56450
56700
57950
58300
56260
55990
56660
57350
58050
57850
56280
55170
56650
57490
56160
56720
56380
56530
56350
57490
56560
55620
55980
56800
57680
56450
57080
55800
58800
58820
56350
56270
58560
58380
57410
58370
55230
55280
59860
56710
56500
56020
55910
59120
57230
57220
55340
55730
57320
56330
59180
57850
56900
57460
56790
57240
56920
56090
56990
58330
57860
57180
55630
55160
57620
57550
57090
55780
54820
57760
56370
57510
55790
55930
56100
58320
57770
55610
55170
56290
58840
59750
57060
56090
57150
59280
56000
58050
56760
55900
58260
57810
59230
56080
54630
58090
58020
70680
64790
55310
57200
58970
59240
57180
57870
55840
57980
58000
58160
55840
56400
56350
57140
57280
56950
56180
58520
56070
60650
58610
55820
57960
56460
57230
56080
55420
56700
56900
58910
57080
56060
56240
58130
58910
56410
56250
57020
58890
57780
57930
56230
57440
57470
57830
56790
55890
55400
57700
57630
56510
55770
59110
57660
57620
56830
56070
56780
55870
59330
57290
56230
56750
53710
58090
57710
57720
58260
56090
57880
56880
56150
55920
55310
57760
56380
56060
57750
56680
54340
58930
57430
58570
56690
58500
57470
59390
58340
57130
57750
55850
56900
57490
56960
57230
56380
56230
58760
56220
56810
57430
54520
57040
60030
57320
54510
57680
58500
56490
57800
55990
55830
56920
57350
55620
55860
56430
57660
55900
59730
56410
57360
56560
56540
58180
56160
58280
56350
57370
59400
55870
57730
59160
56670
58350
55770
56350
59580
55810
59510
58890
56740
60660
58350
58130
56890
55070
58420
57060
58050
56590
55690
57630
56470
72570
62580
56630
58120
57290
57950
56420
55620
56700
56480
57890
55570
55490
55970
57400
58250
58540
56100
55970
57550
57780
56880
56480
57440
57290
57680
56860
57840
57010
58160
57610
57680
56020
56130
55760
60130
57560
56780
56180
56540
59900
57420
56950
56190
55220
57980
56620
56470
56660
54640
57200
55880
57280
57410
55340
57210
58380
58020
57760
56110
56550
57590
58120
57710
55990
56350
57310
58050
57360
55780
56370
57490
56320
57560
56370
56330
57760
57220
58840
56430
58870
57260
57910
59950
56940
57620
56840
58120
60080
55930
55980
55930
57620
57960
57650
55720
55880
56640
56730
55510
57090
56110
59350
59590
58330
56640
55820
56740
56920
56530
56840
55430
55580
58030
57100
56710
57320
55340
58510
55730
56800
57450
55680
58510
56960
57290
57260
56990
60440
57750
58030
58650
56910
56990
59470
57930
56760
53890
57900
58280
60050
58940
57710
57950
56950
57610
57680
55730
55650
58440
59140
59860
56180
59640
58010
55930
58190
56740
56980
57410
57140
59010
56800
54660
55150
57010
59760
56850
56230
56580
57040
57760
57650
56600
56660
57690
57950
57420
57240
56700
57510
58340
63250
61170
57610
57580
57670
57240
56430
55690
55000
57400
57150
59120
55660
56970
58080
57120
57540
55650
55200
57190
59550
59620
56730
56580
58530
57170
57750
55750
55770
58070
56350
56840
57550
55730
56650
55920
59160
56730
55610
57780
58240
58390
55330
55770
55010
57930
57690
57630
55190
57250
59880
58040
56810
55930
55340
56650
57730
57360
57510
56900
55430
57340
57110
55540
57730
58400
58840
58620
59410
57080
57160
59540
58490
56310
56840
56450
58850
57100
57270
57320
56340
57330
57770
57500
57010
56410
57050
57580
58040
57460
56410
55150
54560
57760
58160
57500
58570
59950
57660
59100
58600
59500
59260
58650
59650
56770
58120
58200
58380
60090
59630
58270
56870
58040
59690
59580
57280
56910
59160
58780
58650
57960
64180
62410
60140
58260
59220
57080
59610
58070
58570
58520
53910
56190
57390
56580
57010
55540
55370
58270
57680
59200
55880
55890
56080
57270
58180
57490
55470
59880
57060
59970
57420
56010
57690
56350
58250
56210
57360
58680
59840
59190
57330
55460
56790
56900
58400
56540
54810
56520
56630
59420
56770
57290
57540
58960
57910
57420
56360
56310
58060
57650
56900
55740
56450
56320
57190
57330
56620
56330
55690
56620
59900
56990
56800
56850
58120
57130
56980
56480
56160
59310
57540
56890
56660
55360
57750
56600
56800
57960
54880
56420
57740
56610
57090
56680
56310
58870
58180
57720
55370
56200
59210
58440
59200
57190
55440
60580
55850
57800
56430
55800
57820
57020
57790
55900
55770
57100
57180
58970
55860
55800
55870
57860
59080
56350
56570
58960
57920
58380
57290
55580
57140
59740
57290
58600
65950
60450
58740
58750
56650
54590
56340
56830
57120
56690
55920
57440
56040
58640
56810
55910
56000
55680
56480
61540
62070
59300
56370
58650
57220
57070
57070
54810
57870
57120
56680
57020
54970
56500
56230
56660
56970
55300
55340
59300
57460
56560
58170
57310
56790
57250
59540
56110
55420
57880
57160
60420
57110
56760
57680
56490
57640
56230
56620
56640
57510
58910
55950
55740
56170
57440
58700
57190
58150
55640
58080
61540
58140
57130
55560
56610
57490
56450
56140
55660
57510
56560
57050
55880
54520
56820
57270
56730
57530
53520
57260
58950
57740
57510
55430
56270
59560
58130
57820
56350
55470
58340
58760
56900
55780
55540
58120
55600
57660
55740
55200
57830
56910
58400
56730
56600
57070
56970
58830
56250
56620
56210
57840
59340
56950
56430
56720
56180
57310
56780
55290
55950
57430
57590
56030
56440
55300
55880
57270
57470
55980
57240
57130
58730
57780
56110
55850
56720
57840
56630
57170
56630
55440
57530
56800
56800
57900
56050
58520
67950
61800
58280
55960
56840
55380
57740
56220
55540
55340
56590
59830
57810
57360
59520
58890
57430
58160
56470
55410
57470
57280
56360
55260
55750
56280
55750
57660
55830
55530
56110
57020
58140
57350
58440
56990
59020
58480
57460
56250
55640
57860
57950
58620
57010
55880
57710
56680
56430
56210
55120
57530
56680
57060
56140
54940
56800
57000
58460
57260
56730
56590
57270
58550
57840
56740
55140
57480
57000
57360
57270
55420
57710
56850
57520
57640
56080
58130
56910
56330
57290
56560
56550
56560
58850
58070
56260
55470
59180
56130
57060
56710
57060
57460
56130
57600
56470
56960
58000
56910
56980
56200
56160
57130
56120
58400
55000
56700
56380
56170
59940
56130
57320
57720
59450
58170
56040
57060
55820
55510
56460
56500
56220
54920
57240
57070
57270
56950
55360
57300
56980
58620
55660
57140
55890
57960
59010
57750
55860
55700
57750
57860
58070
57040
55270
59410
57320
57960
61390
60930
60530
57230
58120
55920
56650
58860
56450
58520
56370
57360
57020
58380
57550
57180
63360
62540
58530
59930
56230
55420
57740
58040
57340
56010
56450
56870
57230
57040
56460
55190
58070
57460
58190
56200
57440
57360
57900
60020
59020
57230
57660
55730
58910
56850
57400
55950
