77460 
46250 
42250 
39720 
37860 
38290 
37090 
37730 
39540 
38930 
39860 
38150 
38320 
40620 
38780 
39240 
35080 
38990 
37650 
37870 
36140 
41650 
37710 
85390 
83560 
80120 
39140 
38000 
39330 
38310 
37700 
37810 
37090 
38290 
37390 
36540 
37000 
37380 
39760 
38860 
36370 
36580 
38970 
39570 
37660 
37710 
37140 
37460 
38370 
39550 
36360 
41130 
38300 
36920 
40640 
36390 
37760 
37220 
38560 
37930 
37210 
36200 
37490 
37920 
41180 
37540 
37040 
39010 
40460 
38210 
37490 
36420 
36260 
36340 
37980 
38220 
40880 
38110 
36950 
35520 
37670 
37120 
37250 
36940 
37300 
40370 
36920 
36930 
36940 
35520 
37190 
39570 
37140 
39360 
38890 
35840 
38110 
38720 
38000 
36660 
37630 
39570 
36980 
36650 
36810 
36650 
39180 
37510 
37190 
35390 
35980 
37560 
37980 
37140 
36790 
37050 
37170 
39850 
39080 
38510 
37110 
36220 
41630 
37870 
37330 
36970 
37070 
41340 
38120 
36710 
36640 
37160 
38460 
36610 
37060 
35430 
37280 
36210 
37690 
35670 
37060 
37240 
38280 
38820 
37110 
39470 
41720 
36980 
41130 
37410 
36900 
38240 
38340 
37520 
36030 
37130 
36140 
37750 
38910 
36260 
35580 
37090 
36380 
38230 
38290 
37550 
36960 
36960 
39400 
41910 
35970 
38290 
36270 
37340 
38000 
36810 
37190 
41110 
38400 
39290 
37100 
38420 
35790 
38870 
39180 
36890 
41150 
38230 
36050 
38270 
37190 
36590 
36920 
38660 
39010 
38020 
37160 
37280 
37970 
38690 
38440 
38120 
43470 
44920 
38990 
39180 
36650 
37150 
35130 
37050 
38670 
37150 
36540 
37510 
37460 
38300 
37520 
36090 
38410 
38480 
36100 
38580 
36600 
38510 
38220 
38070 
40550 
40280 
36820 
37620 
36510 
41270 
36940 
37630 
37290 
38830 
38880 
35580 
36780 
37930 
36780 
39550 
37620 
35990 
39230 
36220 
37680 
39300 
35500 
36260 
37480 
37160 
39070 
37970 
36890 
37280 
37080 
37980 
35660 
37080 
36740 
36370 
38640 
36150 
38290 
37330 
37340 
38100 
38070 
39410 
40350 
35980 
38820 
39050 
38450 
37490 
37660 
36910 
39350 
37900 
36620 
37030 
36910 
38780 
38260 
35930 
41040 
37750 
38090 
42500 
36880 
36980 
38020 
39430 
39220 
39260 
38080 
36940 
37090 
38640 
35770 
38790 
36810 
36890 
38790 
37130 
36980 
36660 
36460 
40020 
35640 
37500 
36250 
38810 
39580 
36410 
36440 
36030 
37740 
39080 
37010 
37370 
36660 
37380 
39120 
37990 
36980 
36440 
37870 
39250 
39620 
36830 
37490 
36820 
37270 
38060 
37630 
39770 
38640 
37660 
39930 
38500 
38130 
39960 
39170 
39660 
37510 
36360 
36370 
40930 
37410 
39860 
36490 
38390 
37820 
36070 
39700 
36860 
36950 
37130 
36930 
39900 
39680 
38880 
37780 
36950 
38900 
36940 
36530 
37390 
38170 
41140 
37050 
36710 
37290 
36530 
38080 
37530 
35630 
38240 
35500 
37480 
38370 
36210 
37880 
38190 
41170 
38790 
37930 
37100 
40670 
38380 
39360 
37280 
37540 
39420 
37570 
40180 
37720 
38940 
37280 
36150 
36850 
38010 
38010 
38220 
36600 
36440 
39490 
37130 
37730 
37020 
40040 
37770 
36430 
36840 
36800 
36730 
39470 
36380 
38930 
36920 
37050 
38810 
37020 
36500 
37010 
36840 
37050 
40170 
36950 
36740 
36670 
36980 
38420 
35970 
37510 
37060 
37220 
39040 
36630 
37530 
35600 
38620 
39090 
37870 
38440 
36390 
36060 
37960 
38350 
37240 
35460 
36200 
36520 
39120 
39230 
37010 
35720 
37310 
38080 
37460 
36760 
35590 
37110 
38030 
38160 
37020 
35630 
37740 
37530 
38310 
39660 
37960 
39410 
38880 
38560 
38730 
37460 
38210 
35810 
37640 
36680 
36520 
36980 
37750 
40060 
38360 
38790 
36330 
36180 
38210 
36690 
37670 
39310 
38030 
39680 
38610 
39460 
37840 
35860 
38780 
38730 
36730 
37410 
35980 
38500 
38980 
37770 
38180 
36300 
36490 
38480 
40010 
39600 
36860 
37440 
38230 
37730 
38130 
35640 
39010 
38840 
37090 
37490 
50680 
38270 
39630 
37710 
37500 
37520 
35390 
36540 
37680 
37970 
38290 
38800 
37710 
39260 
36640 
35840 
36480 
37480 
39030 
36370 
39070 
39000 
37260 
38090 
36630 
35850 
36580 
37250 
38180 
37970 
37590 
35960 
39100 
37260 
39160 
36250 
37060 
37170 
36850 
38460 
35880 
35220 
36900 
36230 
37500 
35580 
38240 
36470 
38690 
39250 
37700 
36670 
37090 
38240 
38460 
37590 
35980 
35580 
36200 
36770 
38760 
37820 
40180 
35950 
37160 
43570 
36830 
36960 
36580 
37600 
37490 
39470 
38480 
36750 
37620 
38050 
37490 
37370 
38940 
37390 
39490 
37680 
38390 
37050 
37860 
36550 
39020 
36950 
36310 
36340 
38520 
39160 
37300 
37270 
35780 
37030 
37230 
38940 
39290 
38010 
37440 
37590 
40220 
37340 
37200 
35360 
38920 
37340 
37320 
38610 
36400 
36740 
38290 
36040 
38070 
39210 
36860 
38350 
37080 
40220 
35470 
37040 
39830 
36140 
38170 
37410 
36670 
39840 
38370 
37550 
36490 
38060 
38530 
38570 
37770 
37870 
37520 
35990 
38190 
36000 
37320 
38990 
37240 
36680 
37360 
36090 
37440 
38230 
38270 
39520 
37390 
35980 
36880 
37590 
37020 
37360 
37250 
37240 
38490 
37100 
37030 
36460 
39570 
37730 
38970 
37010 
36540 
38330 
37060 
37790 
38280 
37410 
40740 
37470 
38570 
37090 
36340 
35940 
36730 
39310 
36640 
35800 
36350 
35920 
38210 
35880 
37370 
36530 
36680 
37580 
40820 
39100 
37920 
36240 
36920 
38880 
36950 
37280 
38190 
37800 
38050 
36450 
36860 
36080 
38370 
37990 
37030 
36780 
36920 
37500 
39170 
38380 
36650 
38070 
37390 
36700 
36540 
35800 
43060 
37260 
37210 
38180 
36500 
42540 
36920 
36190 
38790 
36980 
36590 
36510 
36770 
38340 
39720 
37510 
38040 
37720 
37950 
39520 
36450 
35730 
35500 
35660 
38340 
37330 
38640 
37210 
38600 
38050 
37960 
38580 
40370 
38100 
38090 
38710 
37240 
40360 
38800 
39980 
38700 
36640 
36100 
36040 
43270 
36690 
38070 
38040 
36610 
36590 
38330 
37140 
39830 
36210 
37690 
39140 
36460 
37650 
35620 
36910 
39040 
36450 
37030 
37280 
39290 
38960 
36740 
37990 
37100 
39840 
40810 
37840 
37810 
36740 
40080 
40020 
38640 
37250 
37990 
37290 
41130 
39600 
37920 
37060 
37570 
39630 
42300 
37240 
37200 
36900 
41020 
43190 
38780 
36880 
37710 
36600 
41640 
41480 
37160 
36220 
39470 
39720 
43260 
37290 
38830 
37100 
37140 
41780 
36960 
38160 
36270 
36820 
41090 
37540 
37660 
36130 
36910 
38300 
38910 
36720 
37360 
36360 
39150 
40490 
37070 
37380 
37510 
36850 
39140 
38070 
35920 
37020 
37800 
41700 
36770 
36520 
36840 
37970 
39230 
37670 
36610 
35880 
36780 
38660 
40650 
37950 
36490 
36620 
39000 
37510 
36490 
37440 
36730 
36310 
38440 
38550 
37280 
37750 
35880 
39280 
35770 
37180 
39000 
37000 
38170 
37930 
35920 
37240 
37170 
38760 
36050 
36410 
37330 
41100 
39120 
37210 
36810 
37230 
37450 
37350 
37480 
37820 
36400 
37190 
37470 
39030 
40780 
38850 
37150 
38070 
40160 
37730 
38020 
36630 
38000 
38090 
36370 
37770 
39700 
37840 
37950 
37360 
38690 
37280 
36710 
37570 
39910 
36980 
36670 
36200 
36600 
40550 
36100 
36520 
36590 
37660 
38040 
36560 
37080 
36580 
37260 
38780 
34840 
37130 
37380 
36620 
37840 
37880 
36480 
36930 
35430 
37520 
39150 
38320 
40700 
35500 
35920 
39570 
35940 
36280 
36650 
35210 
37110 
37160 
40850 
38010 
36820 
38630 
36330 
40970 
38610 
35960 
36690 
37880 
37890 
35830 
35660 
39030 
36680 
37140 
37760 
38750 
38110 
38970 
36790 
36550 
36670 
37050 
39230 
35350 
35820 
36720 
36450 
39550 
36920 
36870 
36550 
37410 
37750 
38290 
37700 
37290 
37990 
37470 
38880 
36570 
37650 
35630 
38080 
38300 
37860 
37150 
36830 
37020 
38290 
36670 
36470 
37130 
37730 
39510 
37080 
39130 
36620 
36870 
37580 
39120 
36500 
40110 
36830 
36900 
37750 
36930 
37670 
36900 
35510 
37500 
36780 
37790 
36500 
36260 
38980 
35570 
38180 
58940 
39680 
39550 
37390 
38650 
36520 
35920 
39240 
38570 
39240 
37750 
36060 
42230 
37830 
37240 
36980 
36200 
37640 
39140 
37540 
37440 
37100 
40800 
38670 
38250 
36850 
38260 
38550 
39510 
38870 
41030 
37550 
37740 
38600 
38280 
37900 
37340 
37300 
36540 
42010 
37510 
36780 
36000 
37810 
38540 
36040 
38140 
37110 
41130 
39280 
36330 
40330 
37290 
41810 
39480 
37110 
37750 
36340 
37590 
39740 
38150 
37860 
36470 
37210 
37670 
38590 
35390 
37750 
37310 
37570 
38900 
38040 
37090 
37600 
36360 
39250 
35350 
38740 
35860 
37180 
39430 
36070 
37900 
35970 
38120 
39110 
37280 
39500 
36540 
37540 
37620 
38570 
37230 
36140 
37630 
36280 
38250 
36930 
35350 
36230 
36870 
39930 
37370 
36520 
36620 
36940 
39480 
36980 
38730 
40400 
39730 
41470 
38870 
41370 
38620 
36910 
37980 
39060 
35800 
37650 
37300 
36770 
41640 
36800 
37130 
36450 
38020 
37060 
36570 
38220 
36070 
36820 
39660 
37830 
38040 
38910 
37860 
37740 
37450 
37890 
34940 
37280 
37960 
38950 
37980 
38790 
36960 
37550 
38600 
36040 
37940 
35680 
39080 
38260 
36830 
35690 
36490 
37150 
38890 
36750 
38670 
39140 
37190 
37180 
37710 
37090 
36610 
37110 
36630 
39590 
37870 
36490 
36940 
35340 
38740 
36180 
36710 
39060 
37560 
38930 
37270 
35720 
36180 
37130 
39460 
36790 
38630 
36860 
35980 
39170 
37780 
37320 
36740 
36940 
37050 
39380 
36040 
36650 
39260 
37660 
39310 
37170 
37530 
36050 
37850 
37760 
36590 
36930 
38280 
59570 
48810 
58680 
39920 
37690 
40200 
37510 
37990 
37650 
36600 
37000 
38330 
38230 
41080 
37520 
36440 
37660 
37510 
38270 
39620 
37280 
36510 
37690 
37250 
39360 
36300 
36470 
40160 
38300 
37690 
41210 
38370 
38760 
38050 
37910 
37780 
38050 
37100 
40310 
36830 
38790 
37750 
37080 
37970 
37270 
36720 
36020 
37850 
39120 
37130 
39410 
38330 
38670 
40020 
37120 
38900 
36130 
36560 
37950 
38930 
38320 
37690 
37330 
37340 
38120 
36460 
36380 
36890 
37430 
37990 
38700 
37890 
36440 
37730 
38230 
36740 
38040 
37390 
37900 
39240 
37580 
37910 
37480 
36210 
39010 
36840 
38470 
37150 
37990 
38320 
38450 
38930 
37460 
38510 
38100 
37520 
38680 
37130 
38580 
37260 
38860 
37880 
38210 
39000 
38050 
47800 
45920 
36830 
36910 
36570 
38330 
37140 
39010 
39710 
36320 
37450 
40300 
36300 
39360 
35770 
37610 
40230 
36640 
36460 
36120 
37300 
37800 
37320 
38120 
36020 
36960 
39500 
36020 
37910 
38760 
36610 
38900 
38770 
36810 
36980 
35600 
37190 
40370 
38820 
38130 
37400 
36860 
38650 
37950 
37730 
37650 
37690 
39470 
41180 
38390 
36930 
36510 
37600 
37420 
36990 
38200 
37910 
37170 
38370 
37480 
36180 
37160 
37430 
40340 
39300 
37570 
37350 
36850 
39950 
36560 
37660 
38090 
37670 
38190 
37380 
38250 
36760 
36830 
40090 
36980 
37560 
36630 
36230 
39310 
37720 
38150 
37630 
36380 
36860 
39820 
36350 
37430 
35950 
37610 
38690 
37820 
38030 
36130 
39460 
40720 
38230 
36770 
39130 
36790 
38010 
38280 
39120 
37200 
36590 
41100 
38880 
37910 
38240 
37870 
37220 
38760 
38200 
37180 
36640 
38640 
39660 
38090 
37860 
35830 
39230 
38340 
36720 
36670 
36070 
36900 
37700 
38450 
36470 
39160 
35850 
36340 
37620 
37020 
38240 
36790 
37600 
39510 
35590 
36900 
35350 
37050 
38240 
36710 
37140 
37070 
37710 
39440 
38200 
36640 
36570 
37000 
38170 
37210 
38180 
37570 
36110 
38290 
36990 
40160 
37020 
37600 
37450 
39380 
37350 
37740 
36610 
38180 
38890 
36350 
38700 
37760 
38000 
40890 
37620 
36910 
36990 
37680 
39610 
38020 
36690 
37250 
37820 
36840 
38340 
37230 
37520 
36410 
37270 
40120 
36870 
36450 
36970 
36710 
37990 
37760 
38010 
37660 
37640 
41030 
37510 
36890 
37710 
37720 
38830 
40180 
38770 
37800 
36570 
38150 
38250 
38950 
37360 
36600 
38130 
38730 
37040 
38230 
36400 
37170 
39250 
39010 
38680 
36650 
37770 
39300 
36470 
38590 
36520 
36990 
39040 
36470 
36790 
36540 
37400 
37840 
37200 
38050 
36210 
37630 
36730 
38810 
36940 
37010 
38110 
36610 
38550 
36970 
36830 
36480 
38240 
39790 
52640 
43450 
36580 
37890 
38220 
37080 
35940 
38000 
36460 
37930 
39670 
37590 
38180 
37400 
37910 
38790 
37260 
37870 
37340 
38410 
39610 
36560 
36740 
38170 
38400 
38640 
38080 
36570 
38860 
37190 
39070 
37740 
36790 
37730 
36390 
38580 
37750 
38160 
37250 
36290 
37550 
39410 
37550 
39620 
38080 
37950 
36980 
36740 
42190 
36590 
38380 
38540 
38590 
41010 
36650 
38350 
36950 
37250 
39340 
38130 
38240 
38540 
37470 
38890 
36720 
38050 
38230 
40230 
37350 
38930 
40760 
37530 
38630 
37870 
36750 
36770 
37680 
38740 
39130 
38100 
37880 
35770 
37410 
38550 
36600 
36680 
37860 
37700 
38400 
36070 
37970 
36870 
37490 
39620 
37290 
38520 
36890 
37030 
39250 
39220 
38790 
37160 
41080 
40580 
36570 
38450 
36460 
37090 
38660 
38130 
37890 
36420 
36710 
39840 
37110 
37760 
36670 
36490 
37640 
41710 
39890 
38670 
37320 
37130 
39260 
38360 
37710 
36270 
38200 
37450 
36740 
36560 
39490 
37470 
38200 
38380 
36080 
36210 
36670 
37220 
37330 
36100 
35540 
36070 
36220 
42740 
37820 
37460 
37990 
39660 
40500 
37810 
36960 
41990 
42450 
39760 
37580 
41000 
38250 
37240 
40630 
37200 
37500 
38430 
36340 
39790 
38840 
38030 
36640 
35420 
42730 
42530 
37690 
38390 
37630 
38070 
40860 
36630 
37250 
36370 
38130 
38410 
40920 
38540 
37070 
37790 
40010 
39320 
37540 
36770 
35570 
38480 
38830 
40540 
36630 
38840 
38030 
42440 
41540 
39080 
37870 
37720 
37690 
38900 
41710 
38330 
36410 
38830 
43930 
40130 
37220 
37660 
37880 
37310 
40060 
37400 
37870 
40170 
39520 
40150 
42060 
37450 
36890 
39020 
36920 
40800 
35850 
36410 
39840 
37380 
39980 
37820 
37470 
39780 
36670 
38050 
36020 
36340 
40770 
37070 
36780 
36130 
36220 
39420 
37740 
37060 
37560 
36540 
37110 
39380 
41630 
36340 
37600 
38400 
42220 
38910 
37770 
37090 
37190 
40530 
38190 
37100 
37170 
37780 
38360 
38720 
38800 
36070 
36990 
38640 
38220 
39600 
37370 
38410 
37060 
37810 
37410 
35880 
38020 
39640 
39000 
43840 
44450 
38050 
35900 
38720 
37120 
36380 
36600 
37540 
38440 
37420 
37070 
36690 
36340 
38690 
39560 
37560 
37300 
36360 
37370 
39150 
37390 
37150 
41400 
37950 
39040 
39370 
40140 
37820 
36710 
39540 
36450 
37180 
35470 
35720 
39030 
36790 
39120 
36740 
36850 
44440 
38510 
38420 
37390 
35440 
37100 
39760 
36830 
35780 
38200 
38420 
39110 
36210 
36700 
36380 
38010 
38840 
37760 
36710 
38100 
38480 
40000 
38150 
36570 
37430 
39470 
40090 
39080 
37630 
36840 
40330 
37550 
38940 
40100 
38740 
38540 
38480 
40570 
39020 
38730 
36490 
38560 
39540 
