73960 
79020 
72450 
69600 
72820 
67420 
68830 
60520 
81990 
77780 
49690 
48870 
568450 
54300 
53480 
51970 
48810 
57580 
53780 
50960 
94070 
603060 
70540 
66610 
54280 
52780 
51210 
49350 
50010 
46510 
49580 
51210 
50630 
47650 
48690 
49040 
45200 
46400 
45030 
753950 
50000 
50740 
50370 
46800 
48130 
49190 
581450 
50770 
52540 
57070 
50650 
51290 
75710 
75560 
64090 
64320 
68140 
65410 
61370 
584370 
65240 
64350 
65780 
64140 
60690 
61760 
63720 
62750 
577580 
63090 
65970 
64350 
68660 
88410 
64180 
65940 
67040 
69330 
66170 
69480 
48930 
49140 
52410 
48380 
50140 
52830 
49400 
56460 
50640 
50970 
86220 
77980 
64830 
51970 
45290 
46650 
45660 
47490 
51860 
565900 
46710 
50050 
49000 
51280 
47220 
46320 
48460 
45980 
51230 
45680 
56280 
49810 
562500 
48220 
45560 
47510 
49740 
42270 
49510 
28810 
49150 
39970 
79370 
34490 
70170 
35930 
63480 
67940 
61490 
49250 
59830 
60020 
57950 
60170 
60350 
61430 
59760 
33800 
62040 
37790 
52190 
35780 
61410 
65410 
37300 
55590 
60150 
61890 
38010 
52490 
36760 
51230 
28800 
53330 
35980 
48540 
30470 
573470 
34960 
88410 
88260 
592950 
51620 
72140 
26750 
25750 
27160 
24570 
47460 
26140 
49940 
22560 
49910 
20990 
37440 
47660 
26220 
55080 
50390 
46780 
23740 
24650 
27260 
24310 
25810 
24980 
50050 
26530 
56740 
22250 
40720 
45000 
55340 
37570 
53270 
71280 
64760 
51590 
65560 
35030 
49170 
38600 
55330 
71270 
67120 
34610 
68690 
59060 
58140 
37600 
110980 
54880 
64230 
36580 
59600 
61980 
73420 
37130 
53850 
47500 
47500 
51710 
50070 
25760 
24950 
73660 
25270 
29020 
45560 
90840 
29860 
64110 
22320 
50980 
19180 
51470 
19580 
52340 
47640 
45960 
42480 
51410 
49750 
51040 
45700 
608090 
50860 
46610 
49150 
47030 
47610 
47150 
46740 
50050 
50260 
53080 
49490 
49350 
50050 
50680 
66840 
72100 
50060 
38300 
51430 
68010 
69010 
95320 
48860 
70710 
34570 
66170 
35790 
67440 
51710 
64530 
36880 
70980 
50670 
75010 
35870 
69190 
61370 
64700 
64540 
63910 
63920 
63620 
53510 
50470 
53140 
49140 
49210 
49230 
569440 
56400 
50600 
48960 
50090 
71640 
58830 
55370 
53370 
20880 
51390 
43680 
52500 
46350 
35600 
45250 
50210 
50180 
47120 
47200 
48050 
48160 
49540 
48130 
47210 
47440 
567470 
47260 
53610 
47980 
52230 
51450 
53840 
51110 
50380 
67280 
592550 
66850 
67720 
64270 
64550 
64190 
64450 
67780 
67660 
63260 
65720 
65260 
67610 
61470 
66050 
67340 
66680 
68510 
589260 
66390 
64680 
61620 
67920 
65430 
64960 
67890 
66240 
51130 
49220 
48150 
47890 
53460 
48950 
49580 
55520 
49760 
50030 
86020 
75270 
66340 
58570 
42130 
26280 
29940 
37500 
26430 
39990 
27910 
50940 
39340 
48020 
546720 
50130 
41130 
44860 
27790 
53230 
42010 
42590 
46770 
44060 
26490 
51940 
43520 
51910 
49590 
37710 
48500 
49390 
74250 
64960 
63290 
64700 
35050 
68700 
34410 
65710 
33190 
85820 
62870 
74460 
64790 
63840 
65740 
62290 
69550 
583480 
68370 
66790 
65940 
67850 
63060 
68540 
65380 
63520 
592280 
53360 
48420 
48020 
54130 
52390 
51640 
47850 
56640 
907600 
51530 
89210 
82570 
67610 
61280 
46660 
51300 
47230 
45770 
48650 
50240 
48950 
45640 
46190 
46380 
46800 
49090 
47160 
49760 
50000 
49700 
48400 
48630 
47710 
46390 
49640 
47980 
50990 
55930 
48180 
50700 
47970 
566800 
81260 
64530 
63590 
59110 
67800 
65870 
51760 
58900 
36110 
48920 
63330 
62410 
60070 
35230 
65960 
56120 
60720 
35180 
573520 
56930 
67490 
33150 
65270 
36690 
60960 
55880 
63720 
67960 
47490 
47290 
39980 
43980 
45910 
44540 
45980 
48820 
49620 
26110 
86150 
44210 
53630 
28210 
46780 
46640 
40960 
44020 
25520 
48410 
34590 
40470 
44540 
44980 
45230 
43920 
44910 
23920 
46390 
27240 
41220 
24960 
53320 
47340 
51430 
52680 
43120 
45420 
27230 
38550 
25730 
61930 
68790 
34620 
36880 
59130 
35360 
55010 
38640 
66890 
57740 
61950 
64240 
67020 
68820 
54530 
62430 
37380 
76220 
61700 
73520 
58750 
61140 
66190 
68670 
63700 
49400 
63010 
68050 
54370 
47730 
47720 
49160 
52600 
51210 
25950 
54860 
27310 
49070 
49810 
87360 
69460 
45140 
46640 
29620 
46020 
47300 
46440 
46440 
44820 
48330 
50410 
50040 
47710 
46370 
47600 
608170 
51480 
47900 
45790 
47530 
50100 
46260 
49080 
47880 
50000 
569240 
51450 
49770 
50330 
50340 
71110 
70140 
65840 
64170 
63360 
65310 
62100 
68290 
60290 
62700 
65240 
65780 
62990 
61380 
61720 
66730 
65190 
66910 
68860 
62250 
61030 
63880 
577450 
69140 
64150 
63290 
67870 
50520 
48000 
46590 
46900 
49170 
45600 
45630 
55710 
45830 
54170 
89150 
84660 
68050 
65540 
578260 
51060 
46930 
46910 
46930 
45590 
46990 
48210 
51670 
49310 
47430 
47140 
45300 
563540 
40380 
49840 
48490 
46530 
48340 
47840 
47090 
48420 
48440 
49980 
49920 
48740 
46520 
48950 
80030 
63470 
63680 
61740 
66850 
68260 
62240 
62740 
63490 
66550 
63560 
65290 
64390 
60450 
595170 
63050 
63750 
63320 
65640 
67140 
64120 
62570 
63420 
576580 
61680 
67420 
65070 
63710 
47030 
24460 
25610 
45500 
49640 
46790 
43480 
51660 
47400 
27000 
83320 
65030 
63530 
26340 
47340 
38570 
46310 
26050 
46770 
37650 
44500 
48190 
48500 
25760 
37630 
42230 
42680 
46340 
47210 
47150 
46030 
24420 
39980 
28220 
46330 
26390 
39230 
73990 
73010 
51560 
41460 
56370 
70370 
64670 
72940 
60370 
1120960 
68020 
63780 
65690 
577960 
61270 
65060 
68380 
67610 
63750 
63720 
63340 
64380 
61450 
596240 
64040 
64280 
62560 
66660 
63670 
62100 
64400 
64830 
566400 
49360 
46150 
51300 
48180 
50230 
49350 
57180 
50250 
47440 
601150 
80650 
64520 
55610 
48980 
49120 
49530 
45400 
45290 
562230 
47010 
47820 
46750 
44520 
46550 
50920 
47580 
48680 
50310 
47200 
46780 
55270 
51740 
43260 
26930 
27250 
27980 
28120 
37770 
46280 
43000 
28370 
72290 
38170 
51450 
38150 
47500 
39360 
61110 
65250 
64860 
51800 
38060 
55940 
36560 
47750 
73010 
65500 
56670 
67650 
66100 
71230 
50790 
38030 
53930 
56780 
83440 
33070 
68680 
41880 
45330 
24880 
50430 
44090 
561360 
24330 
55540 
42480 
47170 
84720 
79620 
71620 
52020 
47630 
29810 
47110 
40940 
48360 
30470 
50830 
41660 
41700 
51370 
47070 
49060 
47490 
566610 
47890 
49540 
49390 
51550 
49120 
46880 
50460 
47340 
58980 
51190 
48990 
50290 
51680 
52500 
79530 
61940 
60480 
64450 
66140 
579000 
64020 
67450 
67210 
69550 
64670 
61810 
62290 
61550 
583940 
64970 
63380 
62800 
62660 
67670 
68310 
62570 
61130 
579570 
65160 
68980 
62790 
58650 
47630 
44980 
53130 
50530 
54250 
45860 
55130 
55050 
54380 
48580 
92630 
80090 
64860 
54650 
52340 
45520 
45220 
46340 
52610 
51820 
47380 
50480 
47560 
51640 
47350 
47560 
46710 
578120 
48860 
47610 
49140 
46870 
48440 
50600 
50370 
47310 
48930 
50540 
50730 
52500 
52180 
57660 
68320 
63360 
68340 
600880 
69120 
65980 
64520 
67470 
62600 
61570 
62400 
60810 
581460 
64270 
62140 
63260 
62740 
67550 
64540 
62450 
62280 
60320 
582050 
60100 
65120 
62590 
69230 
47030 
49370 
46420 
47730 
48470 
47950 
49070 
53080 
49620 
49370 
87860 
77030 
63970 
569080 
43810 
48360 
49290 
39070 
49460 
47170 
48070 
45680 
49690 
46020 
36780 
48200 
27230 
46030 
51830 
25500 
50960 
38160 
47480 
47190 
45820 
27400 
48290 
30260 
50020 
48670 
39000 
42850 
75210 
61870 
62260 
60460 
61070 
36110 
53030 
35040 
60420 
36510 
48500 
35120 
63690 
57070 
57550 
54670 
71550 
52730 
37490 
35470 
33740 
37080 
46460 
63100 
57050 
32010 
67850 
54640 
44530 
46000 
27090 
51490 
50580 
47890 
112970 
139030 
27030 
48070 
45620 
36240 
32240 
50920 
21020 
53220 
19480 
51310 
18840 
54200 
20150 
50630 
43620 
47250 
44380 
46070 
47450 
42860 
26430 
48890 
45580 
45190 
27450 
52450 
43280 
47680 
30580 
52660 
51400 
49530 
40150 
76040 
63870 
62860 
61920 
65310 
66160 
65990 
34320 
62660 
35220 
82850 
37180 
36870 
54550 
5105800 
65700 
36230 
72630 
55330 
62860 
37570 
74650 
55520 
60560 
37620 
69890 
35070 
56580 
40300 
44150 
51580 
51820 
41590 
43560 
46700 
53610 
48230 
49670 
86240 
44520 
58680 
32480 
50180 
48760 
24630 
49650 
45290 
56100 
48350 
25320 
48700 
42920 
54050 
48500 
45540 
38910 
43810 
52390 
42630 
26030 
51340 
42190 
46930 
52010 
47700 
27530 
54980 
25390 
47530 
68180 
65990 
37210 
73090 
68270 
61900 
580990 
28120 
33380 
34570 
35900 
34380 
60550 
38030 
68370 
71030 
57490 
63610 
62880 
65630 
66070 
65930 
61020 
67110 
67860 
587060 
65890 
70060 
49260 
51410 
39920 
29930 
42780 
47680 
46310 
58930 
53500 
49120 
610280 
82530 
67130 
59400 
47090 
52420 
49430 
46290 
570470 
49040 
49280 
50260 
45740 
51970 
46890 
48250 
48040 
47490 
47660 
51240 
49920 
49390 
49790 
49700 
51980 
49240 
49430 
885260 
54900 
50490 
48410 
47270 
78890 
577800 
70220 
64860 
62490 
68060 
65260 
67040 
62990 
65250 
62890 
62590 
67130 
64120 
61820 
65000 
65820 
62440 
64010 
577370 
61140 
61610 
64510 
64740 
64320 
65070 
68850 
46140 
558100 
69170 
42680 
51280 
45020 
30600 
57270 
36620 
50890 
84590 
80850 
38060 
58890 
37330 
50560 
49160 
51600 
46080 
47000 
617420 
53000 
51450 
47370 
48760 
49790 
46760 
51680 
48000 
609470 
53020 
47170 
48110 
50150 
47530 
49990 
49990 
52230 
54200 
49860 
48120 
49180 
78930 
68710 
64250 
61770 
63590 
61750 
580870 
65500 
66620 
65440 
67420 
68990 
64780 
63500 
63610 
64150 
61860 
67720 
63930 
64770 
64470 
58110 
67520 
63290 
60420 
63180 
61540 
578570 
48030 
45400 
45490 
52550 
53100 
45460 
46940 
51830 
564480 
50250 
90880 
78450 
69670 
72190 
50780 
47410 
46870 
45170 
45820 
49250 
49330 
42820 
47000 
46730 
45330 
47730 
48710 
46470 
49290 
46390 
46720 
49470 
43270 
48320 
46280 
53340 
573760 
45150 
46860 
26410 
49150 
53840 
62380 
34400 
63090 
52980 
63130 
69460 
58610 
65110 
577760 
56670 
58910 
56570 
60660 
59490 
60100 
63350 
61790 
34590 
58970 
62360 
73870 
62730 
62590 
576100 
61700 
67130 
65910 
56240 
47280 
48580 
53280 
48260 
576490 
49590 
55360 
50360 
51100 
88930 
81880 
64490 
54870 
47740 
49010 
47910 
45600 
46290 
51030 
45070 
46180 
46280 
47040 
568190 
47220 
43890 
46920 
47380 
50450 
275810 
48450 
45940 
50530 
53250 
50010 
49080 
570690 
46290 
49390 
52800 
48610 
83550 
66030 
66080 
67760 
65340 
62990 
62500 
62670 
587920 
65330 
65190 
66890 
65480 
67070 
60870 
60410 
67230 
585510 
67540 
63370 
67380 
67170 
65510 
72410 
55960 
63330 
42980 
50740 
40230 
54450 
25140 
51020 
39970 
43490 
58440 
53530 
47430 
46620 
43900 
38840 
36940 
85300 
65050 
25570 
50250 
20620 
51060 
19800 
52050 
18940 
54090 
37870 
51350 
49600 
51090 
55840 
47220 
48220 
48120 
46300 
51540 
47620 
45720 
51390 
38410 
56940 
51510 
43370 
53180 
71040 
70540 
68790 
61700 
64700 
62650 
584710 
68570 
64220 
69230 
67800 
65030 
68570 
60540 
63120 
658410 
582080 
67250 
64610 
65440 
68780 
64420 
65010 
64430 
63380 
579570 
64280 
63780 
49070 
50930 
53040 
46270 
51790 
48860 
566190 
51450 
50260 
48810 
86220 
75970 
67400 
45230 
45890 
49770 
48590 
60230 
52400 
47210 
52300 
50710 
46370 
47320 
47130 
46130 
50690 
49080 
49010 
48750 
47480 
49690 
46040 
45320 
44410 
47120 
53960 
46450 
48620 
562530 
47480 
59280 
71840 
59170 
70510 
62770 
62610 
66140 
62220 
579480 
64450 
67760 
62090 
66390 
65570 
60930 
64510 
62810 
577360 
58340 
59720 
64600 
66990 
61000 
63520 
61720 
64110 
64080 
64950 
47810 
48590 
48440 
51360 
49560 
45230 
46070 
54110 
572780 
45100 
89500 
85120 
64530 
57250 
49960 
45620 
46800 
560400 
47910 
48990 
45780 
47580 
45470 
48390 
49250 
46610 
47860 
48360 
47800 
47100 
46520 
22870 
45270 
26480 
38740 
46730 
54940 
24610 
48360 
37910 
46730 
58410 
78370 
35090 
61470 
56090 
59460 
36950 
64000 
52440 
61250 
73130 
66560 
63780 
571970 
51270 
58890 
58550 
60900 
60330 
59040 
61700 
61450 
34590 
58050 
60550 
64240 
64310 
66990 
562040 
46390 
43970 
52120 
52990 
49760 
48160 
52280 
51600 
47630 
602360 
86300 
68660 
67450 
48960 
50810 
47460 
46640 
46680 
564240 
49660 
44180 
46320 
49810 
51390 
50120 
46540 
46730 
48490 
50490 
50110 
44520 
48630 
44360 
51820 
46780 
49900 
47790 
47140 
51780 
26370 
26470 
81230 
55970 
60390 
69530 
66150 
60080 
60600 
63890 
62810 
602190 
67120 
66490 
66700 
67100 
65130 
63050 
62340 
62190 
580620 
64590 
66160 
63390 
64290 
68790 
64550 
62730 
62590 
60720 
567940 
47660 
49470 
46150 
41330 
43740 
29200 
56220 
49010 
46830 
82630 
75060 
580550 
46820 
47810 
45290 
40770 
22900 
44730 
48870 
47090 
43060 
45410 
46500 
44310 
43660 
43570 
46240 
46230 
41340 
24150 
36910 
25510 
44870 
26910 
44180 
50530 
50490 
52270 
51760 
47030 
55110 
70730 
578880 
61930 
66570 
64010 
66410 
68640 
62650 
60970 
61560 
576590 
65240 
66810 
65730 
67580 
62270 
65840 
65020 
60040 
578210 
60140 
61520 
65840 
64280 
63300 
61170 
65650 
51020 
560980 
50940 
47450 
52070 
48880 
47580 
52850 
47800 
43850 
84220 
601460 
59000 
58900 
45210 
52310 
53030 
46730 
47570 
45120 
564400 
47010 
47030 
47450 
45500 
50600 
47900 
49160 
40930 
25230 
27340 
26060 
24990 
22730 
23990 
25370 
109050 
27240 
24960 
52620 
20700 
56740 
41120 
70490 
28660 
69710 
30210 
72460 
110020 
91320 
55080 
60400 
69490 
63440 
37090 
69770 
53260 
62660 
71900 
65980 
64280 
63520 
60740 
71910 
61730 
61920 
2563030 
578950 
72750 
51270 
46980 
45130 
52010 
52270 
49710 
45650 
566100 
51520 
51320 
88100 
88010 
69320 
63460 
48520 
48300 
51190 
44900 
47430 
47940 
61810 
56300 
47360 
46080 
47040 
47100 
20410 
45490 
27130 
39810 
51510 
24250 
566550 
39810 
45290 
29000 
49390 
44470 
47850 
26350 
48770 
42400 
71600 
36590 
65570 
85610 
70160 
64580 
64180 
47090 
56690 
64750 
61040 
60550 
61890 
62830 
69130 
62930 
69410 
68870 
65620 
66280 
66770 
62990 
688420 
67990 
66950 
65780 
66120 
62910 
47160 
50350 
50570 
48300 
52320 
49580 
55270 
54080 
51980 
49620 
85540 
72110 
581570 
46100 
51020 
47820 
46400 
50320 
48740 
47470 
45600 
44700 
44110 
49870 
46970 
45940 
46990 
47050 
50750 
45960 
45870 
561660 
46260 
50070 
25900 
41040 
43740 
46370 
45660 
47340 
46140 
35060 
66070 
36940 
55170 
57230 
58050 
82170 
