68810 
100770 
98890 
100620 
68070 
55190 
54550 
61070 
53440 
50650 
49170 
64850 
26210 
55760 
51650 
50810 
58460 
108260 
29100 
25020 
120420 
30230 
54570 
30020 
29450 
70370 
115540 
52240 
27760 
53270 
27820 
52110 
29660 
37310 
37210 
36320 
36840 
33250 
116600 
37530 
64690 
38040 
33960 
36900 
34350 
35980 
31330 
112860 
36860 
66430 
38170 
35830 
37870 
35960 
35380 
31660 
86290 
36710 
64670 
97460 
32170 
30870 
26430 
25910 
27290 
56570 
27360 
52200 
29650 
27380 
48330 
45400 
38880 
32710 
75780 
30260 
50330 
30190 
25590 
26600 
65970 
29380 
26040 
51320 
28480 
49100 
71340 
26410 
70110 
64660 
27220 
34060 
68600 
28800 
46510 
29740 
26590 
103490 
29210 
27420 
26360 
57090 
39310 
63610 
37430 
34900 
36310 
36360 
38750 
33130 
67740 
39030 
65180 
137220 
36970 
35900 
34970 
36260 
33520 
69330 
36670 
61990 
90370 
34730 
38770 
34400 
34900 
33990 
123190 
31840 
48960 
29630 
26120 
29400 
30780 
28030 
26600 
56090 
31990 
52210 
45870 
44080 
39310 
30710 
28050 
26830 
57860 
27020 
53770 
30200 
27590 
27970 
67180 
46650 
28640 
56840 
26830 
53240 
29070 
27320 
31370 
118000 
28040 
24000 
58730 
29660 
53410 
30390 
26570 
113770 
28510 
27900 
38680 
65730 
40720 
71270 
37900 
37930 
37530 
34260 
35820 
33820 
69380 
35770 
60980 
36420 
35760 
37730 
36490 
35820 
32040 
120350 
37630 
65340 
34160 
33100 
36820 
35180 
38310 
26570 
50760 
29520 
49260 
30100 
26130 
72290 
27920 
31090 
26180 
153980 
45990 
62100 
77750 
27810 
72530 
62080 
27660 
24470 
52000 
31050 
47950 
28550 
26000 
114280 
29800 
29120 
26400 
53710 
28790 
48820 
30210 
25150 
29250 
70750 
28120 
26020 
55920 
28750 
51090 
31730 
28300 
155230 
36370 
35050 
35660 
66530 
37340 
63130 
36700 
36610 
36370 
37310 
35790 
31030 
149600 
37940 
60720 
37680 
35200 
92340 
36250 
37100 
32530 
120690 
40560 
63140 
36140 
39620 
70230 
64820 
27650 
24820 
53920 
27700 
46280 
33460 
27830 
77580 
48890 
44310 
33530 
64380 
28030 
47760 
28400 
26070 
30120 
26970 
30250 
25770 
51640 
28370 
49930 
30900 
25060 
68750 
114470 
28540 
22960 
53970 
26380 
49310 
28940 
26380 
29610 
30510 
28470 
26950 
55940 
28370 
74850 
38440 
34690 
34720 
90570 
36030 
33180 
120760 
38080 
63460 
34850 
35780 
38820 
35230 
37300 
33270 
70010 
37150 
74710 
38560 
37000 
37400 
143770 
73310 
34290 
37670 
71650 
56010 
29700 
24210 
72200 
28770 
53640 
25350 
33490 
57230 
57290 
47530 
44030 
90650 
81140 
52660 
26470 
28420 
51380 
58660 
29770 
26720 
69240 
70880 
28810 
23850 
59770 
29260 
47670 
28760 
25360 
115530 
29050 
28370 
25630 
54330 
28620 
57360 
77630 
28290 
71710 
26670 
28700 
37960 
91100 
37540 
64090 
36420 
36930 
35570 
33710 
35970 
32830 
90600 
36560 
60250 
88130 
36620 
37910 
36740 
35780 
32870 
122720 
38580 
62380 
141230 
34670 
35480 
37040 
37800 
27560 
52190 
28020 
51060 
31650 
28090 
30800 
31100 
29680 
27040 
48820 
47480 
63700 
37560 
29350 
28100 
115150 
26710 
24980 
55610 
26570 
48570 
28370 
23990 
28950 
29810 
54920 
24960 
53110 
27160 
56450 
31130 
25300 
27090 
112470 
52020 
26120 
56330 
28740 
57020 
31200 
26070 
45500 
34500 
33940 
32190 
125550 
37760 
60620 
84260 
35050 
37260 
35230 
34620 
32740 
120920 
38250 
61410 
35030 
35220 
36150 
35590 
69510 
36100 
119710 
37340 
69110 
37420 
36380 
81690 
28260 
51580 
30500 
103960 
27600 
64800 
35180 
31300 
124570 
72620 
83030 
42810 
71760 
32750 
49640 
29570 
24460 
68600 
27800 
49400 
25090 
51020 
29160 
50340 
29560 
25520 
29290 
28340 
52360 
28180 
52530 
27270 
47020 
30590 
27210 
71420 
27680 
52850 
27060 
56890 
31250 
61730 
40200 
35070 
37180 
35420 
67490 
34390 
151280 
34240 
71190 
35020 
34660 
36620 
36640 
37550 
34470 
71360 
37720 
63690 
36470 
35420 
87400 
34820 
35780 
32980 
121150 
36770 
56640 
31580 
25420 
72430 
28120 
26640 
25490 
62530 
31330 
52060 
28470 
49030 
43510 
36770 
32890 
23970 
57640 
29510 
55100 
30520 
26180 
67210 
26220 
50930 
25870 
54180 
25450 
54210 
29850 
25120 
120730 
28660 
51830 
27820 
51560 
27220 
57350 
49730 
28490 
29410 
28960 
55270 
27550 
125130 
38520 
71530 
35450 
33990 
38430 
33740 
65680 
35700 
126680 
37610 
67830 
90370 
38000 
37100 
34060 
67760 
35670 
131470 
37640 
69000 
33990 
35900 
37530 
36890 
35180 
34530 
57670 
28830 
52510 
31130 
29070 
69800 
67760 
30140 
27920 
55430 
55430 
76550 
92950 
32360 
29460 
68480 
27850 
24490 
72850 
32660 
56050 
30030 
26970 
104220 
67860 
49460 
25740 
52970 
27440 
54770 
29280 
25290 
29800 
26320 
51390 
28020 
51890 
29640 
55330 
32440 
29200 
114560 
42640 
70020 
36670 
90880 
38800 
70230 
36350 
35860 
37850 
38770 
37010 
31680 
88240 
37190 
64420 
136600 
35750 
36080 
36240 
35830 
31670 
70480 
37850 
65940 
37240 
34840 
41480 
93110 
28940 
23750 
55550 
28460 
46850 
30020 
30100 
74330 
27120 
44750 
39810 
125550 
33140 
46390 
28390 
25720 
71260 
27610 
26640 
24250 
50470 
28220 
47980 
29120 
26410 
27620 
110550 
28760 
24730 
48850 
27620 
49680 
30720 
26480 
71810 
65950 
28140 
27050 
56320 
26440 
48730 
42320 
35930 
37860 
34300 
33920 
31280 
123130 
38880 
61870 
37910 
37420 
37590 
35750 
34910 
32070 
69650 
38360 
62020 
35830 
35360 
35690 
33510 
35600 
32210 
88810 
37670 
67280 
33440 
27980 
72540 
26870 
27490 
24220 
54980 
32040 
52610 
29360 
45130 
46730 
38680 
63740 
26620 
50620 
27970 
56550 
30100 
26050 
26930 
113860 
54810 
26620 
52810 
26370 
52980 
31210 
26070 
112700 
102770 
49150 
28290 
115030 
34930 
59050 
31820 
28200 
30260 
28900 
53520 
25220 
108680 
37240 
62830 
36420 
35210 
33340 
37000 
68990 
36600 
68730 
36550 
64950 
38390 
35510 
36380 
34540 
67850 
35870 
75360 
37900 
62050 
35720 
37720 
91540 
36000 
67320 
35520 
64380 
29830 
49480 
30650 
27450 
30220 
28560 
60250 
29260 
52050 
58400 
79580 
41390 
37830 
76640 
28870 
54970 
29160 
57310 
27450 
58490 
31030 
27000 
63480 
71370 
25990 
25100 
28300 
28910 
53660 
28570 
26160 
28450 
27250 
28660 
25220 
31390 
29850 
57190 
26880 
28180 
29920 
31420 
39410 
32750 
90140 
35950 
62670 
36790 
36130 
139180 
35520 
36370 
33180 
38840 
38750 
64990 
37020 
35100 
38260 
36490 
35220 
32290 
150020 
38300 
65280 
37690 
38600 
144040 
32860 
27550 
26330 
55100 
29420 
51880 
29400 
28720 
75880 
27300 
27270 
41050 
130190 
36990 
61070 
67220 
27910 
29590 
27800 
52210 
26480 
53330 
27560 
56600 
75140 
26480 
72950 
67900 
52990 
25420 
56690 
28830 
55090 
29950 
26650 
28170 
27770 
55040 
28190 
57130 
30190 
53480 
30360 
44390 
141720 
36210 
74280 
37000 
119310 
41810 
72920 
35870 
34720 
136870 
36660 
68280 
35700 
69940 
37490 
69350 
35780 
34920 
39160 
36170 
66130 
35440 
119450 
37410 
70530 
36770 
30080 
77690 
67190 
27650 
26620 
53400 
32680 
52800 
29350 
28480 
46880 
49900 
36540 
29680 
55520 
26450 
50370 
76670 
25310 
27510 
28490 
28360 
27610 
54800 
28090 
51770 
66670 
28460 
74990 
25950 
54350 
26060 
56430 
30870 
49420 
30740 
26650 
78030 
116230 
54840 
27310 
53110 
47130 
63210 
37030 
36150 
35360 
33620 
68350 
34760 
121140 
37740 
68190 
37000 
34580 
34790 
34380 
66660 
34290 
116710 
35360 
71460 
87910 
35600 
37820 
34240 
34080 
32150 
94230 
29430 
47430 
28400 
27760 
69790 
28760 
28150 
27020 
55630 
28800 
91520 
42570 
36190 
36410 
29100 
55850 
24660 
52470 
27520 
52360 
30100 
27310 
115680 
64340 
50510 
25020 
52390 
28640 
54210 
29500 
26210 
29710 
27520 
54150 
26470 
54570 
29040 
56830 
129660 
27360 
25980 
28560 
78700 
36570 
86550 
40190 
70610 
36360 
35370 
37630 
34780 
66660 
35760 
85510 
76190 
71830 
37250 
34500 
36300 
148850 
67690 
39800 
38730 
71970 
70600 
38540 
31390 
36700 
37480 
60930 
26020 
28430 
55620 
54520 
28310 
24590 
76440 
66660 
54050 
42460 
46200 
73040 
64000 
29040 
25190 
70060 
124740 
50750 
25310 
28390 
53630 
59600 
31830 
27640 
111890 
28700 
53020 
26010 
52210 
29020 
55250 
29650 
26260 
33730 
72020 
54080 
28420 
66700 
30250 
48880 
30290 
40270 
37900 
34710 
42170 
36140 
69800 
36980 
64310 
39400 
36550 
37520 
34990 
33790 
31380 
71390 
38300 
60590 
39270 
35790 
35710 
35600 
37920 
32980 
122820 
39480 
64220 
39280 
27290 
126390 
27420 
29250 
25310 
54600 
26670 
54820 
30410 
28530 
48730 
44830 
42210 
32470 
56350 
28680 
53740 
30990 
28620 
29860 
26160 
28180 
24060 
53200 
28220 
52820 
30650 
27630 
70680 
107970 
28990 
23940 
52290 
27830 
49160 
30860 
27370 
76810 
29460 
27810 
28060 
53490 
37660 
63980 
85280 
35150 
34720 
35870 
67210 
35060 
115370 
38260 
70260 
35210 
36820 
38780 
90250 
66450 
34880 
90480 
37430 
67870 
38600 
39280 
38300 
35700 
66120 
35140 
38670 
31790 
59910 
27890 
26870 
71760 
28230 
53960 
35920 
68690 
32410 
68920 
45380 
43230 
139870 
33050 
52110 
27950 
51890 
28200 
57850 
29860 
25900 
30140 
122660 
50590 
25270 
59020 
29250 
53720 
27990 
26840 
74770 
27330 
50750 
26320 
54580 
27940 
59320 
28510 
26220 
28610 
109090 
55770 
42840 
121640 
37240 
70160 
37170 
36620 
35600 
34970 
66270 
36220 
93780 
36180 
67260 
35890 
35410 
37320 
38470 
69990 
35130 
88130 
38480 
63040 
133560 
36390 
35030 
36610 
67400 
27010 
50270 
29640 
53050 
29490 
27530 
30470 
28920 
55170 
29330 
48050 
47020 
63190 
35140 
28670 
72240 
25990 
50710 
28080 
55390 
28090 
46690 
28440 
27050 
28440 
26500 
50660 
22560 
52540 
28780 
55860 
30970 
25370 
28580 
113080 
56850 
27340 
55460 
28450 
57050 
35240 
27640 
104220 
35960 
35220 
33560 
119550 
37120 
59380 
38700 
36220 
35780 
35060 
35810 
31380 
93330 
40180 
65130 
37480 
36820 
36770 
34340 
36560 
30680 
121020 
39050 
60960 
36990 
40670 
69970 
26210 
28100 
24150 
56110 
27160 
49220 
31470 
28930 
121250 
45750 
45180 
31530 
62250 
29560 
50250 
28190 
25000 
30490 
74700 
53200 
26150 
56150 
29670 
55540 
28760 
26590 
28440 
28240 
51420 
25370 
51490 
27220 
51720 
29910 
28560 
26900 
27840 
51110 
27710 
54770 
28270 
79080 
90490 
35740 
36190 
34900 
67260 
34470 
155280 
40120 
70170 
37140 
34300 
34660 
35840 
69950 
36080 
117490 
38940 
69430 
38690 
35400 
89160 
35430 
35720 
32600 
119910 
41660 
50160 
50010 
27330 
75550 
67650 
27700 
24920 
61030 
30480 
49690 
49670 
42840 
42650 
30650 
29400 
25090 
53510 
27380 
48440 
30940 
27510 
27150 
63150 
28330 
22600 
52240 
26690 
48840 
30330 
26700 
74300 
25860 
27630 
24530 
50210 
30700 
47980 
32440 
26650 
68670 
29010 
29050 
40420 
117340 
37250 
67920 
36850 
34330 
38620 
36110 
37100 
32610 
110910 
38780 
60430 
38710 
36440 
35200 
35670 
34760 
32150 
88090 
38870 
63330 
35580 
36530 
36980 
37370 
38480 
25420 
53640 
27710 
50670 
30330 
26490 
116770 
31860 
29830 
27650 
47120 
48710 
59760 
37650 
28390 
71750 
64590 
27280 
25050 
53850 
28110 
47200 
27790 
26060 
28470 
28290 
28770 
27360 
54650 
28980 
54610 
29700 
25900 
67360 
100890 
67190 
30170 
56910 
29760 
55310 
31870 
29570 
41270 
36040 
69230 
34610 
89270 
37170 
68320 
89180 
32550 
37590 
34110 
36110 
31070 
86980 
38070 
60290 
134470 
35600 
36010 
36590 
37250 
29870 
116930 
37370 
66880 
35700 
33630 
36700 
69050 
26900 
25570 
56220 
28460 
47110 
28980 
30970 
118480 
39990 
45210 
37560 
117710 
31250 
51010 
29220 
25700 
29740 
26680 
25590 
25910 
53240 
27260 
56380 
69740 
25500 
27020 
64960 
54550 
26090 
49970 
27210 
55090 
29920 
27380 
75300 
28790 
51880 
27940 
55970 
28510 
69520 
90630 
35450 
99610 
37190 
70270 
37460 
92530 
37570 
71100 
86990 
35410 
36920 
36410 
68780 
35310 
124170 
39970 
70770 
39190 
36530 
35390 
34090 
67570 
35580 
121270 
35860 
66510 
31060 
26930 
30090 
67360 
51520 
27160 
58220 
33060 
56760 
29370 
47670 
103340 
150560 
57060 
25130 
51740 
28660 
56030 
29210 
25760 
27420 
26470 
51220 
25610 
51050 
26760 
58490 
30340 
29510 
27970 
111270 
49210 
27820 
55010 
27990 
54980 
29270 
28440 
29350 
28150 
53770 
26070 
156640 
39780 
71680 
36660 
35520 
89260 
35100 
68650 
36130 
121060 
38120 
71120 
35960 
34050 
96670 
34960 
66460 
37440 
125100 
37920 
68540 
87760 
36820 
36630 
35840 
65400 
38800 
57760 
27620 
54340 
28550 
26340 
114870 
69160 
63070 
29570 
54860 
50360 
81120 
37620 
31450 
28150 
117100 
51190 
25720 
53630 
26440 
53180 
29280 
26150 
30480 
111900 
27750 
24140 
53200 
28860 
47450 
30060 
25160 
27480 
27150 
28340 
25510 
53760 
30110 
50350 
29800 
26530 
30240 
107830 
68060 
34790 
118920 
36820 
66830 
87060 
37320 
37020 
35360 
68480 
35530 
88490 
35330 
67570 
36910 
35460 
35600 
35780 
66270 
34780 
74160 
37840 
68310 
37550 
35040 
35420 
71470 
49300 
24860 
61380 
27880 
55080 
29210 
29530 
36340 
71350 
45130 
40840 
125670 
34030 
48730 
28550 
27330 
68480 
28170 
28370 
24450 
58800 
30190 
48900 
29470 
25370 
27620 
68100 
53340 
26350 
49990 
28260 
56480 
29140 
29380 
73820 
112980 
56590 
27820 
62000 
28190 
53750 
107660 
41240 
102610 
37130 
67650 
35000 
119830 
40070 
69480 
38220 
35750 
35120 
35680 
67460 
36850 
119180 
38610 
71230 
111970 
39240 
36940 
35660 
66260 
36520 
119380 
37650 
70920 
31710 
27440 
121140 
110250 
52620 
28180 
52900 
33300 
54600 
29120 
44900 
46130 
38590 
64800 
25970 
56960 
31070 
55320 
29350 
24590 
27530 
114960 
51930 
26040 
55270 
29320 
54800 
68020 
28680 
70190 
26100 
26880 
24290 
54580 
26800 
49710 
28980 
27930 
119260 
28770 
26600 
28710 
113580 
39180 
69080 
37070 
36260 
36870 
36730 
70240 
35960 
69720 
38900 
69750 
36400 
36220 
36330 
34920 
64420 
36490 
120880 
37010 
70100 
89870 
37060 
37130 
34710 
67140 
36510 
63180 
28820 
57910 
68740 
26940 
61000 
36750 
63570 
28940 
30540 
85860 
85280 
40340 
33940 
32460 
67540 
50940 
23690 
27800 
51930 
49920 
28500 
25940 
70410 
120910 
51280 
26480 
30040 
53400 
51420 
26970 
24300 
73870 
71330 
50680 
26780 
31270 
55230 
60960 
31880 
27760 
67630 
36540 
68520 
34720 
119920 
37340 
70250 
37130 
35030 
90160 
89140 
67390 
35450 
73550 
40150 
70790 
38970 
38180 
35380 
140240 
68980 
36330 
124180 
38110 
69380 
154040 
37490 
39840 
30650 
55780 
26300 
