101540 
64080 
30790 
19540 
54230 
60020 
54300 
30540 
10096470 
22830 
27970 
80350 
68680 
72780 
37690 
70040 
65960 
68370 
34040 
43160 
51570 
33440 
35880 
39100 
34740 
30290 
33830 
39450 
69510 
33630 
33830 
36960 
73020 
34380 
35620 
74100 
66540 
32540 
61230 
58500 
44330 
24370 
29440 
56280 
48420 
22550 
59870 
26580 
73070 
89390 
84470 
34880 
23600 
53160 
53680 
27210 
24740 
54260 
53370 
23140 
25100 
26900 
26000 
25690 
54170 
54530 
49580 
22590 
23340 
18110 
28630 
25600 
25640 
32080 
30720 
28920 
28720 
32220 
24720 
24980 
27580 
43110 
36740 
33990 
32510 
71820 
62070 
33700 
69340 
35820 
37230 
36920 
37730 
39350 
37660 
37130 
36370 
34500 
33410 
38730 
38000 
36780 
39290 
71380 
66340 
34360 
34660 
40120 
27750 
28530 
25280 
26640 
53800 
63660 
78570 
23930 
85820 
80010 
53830 
44860 
43070 
62400 
42810 
21180 
65170 
60680 
24950 
20490 
26680 
16400 
18250 
24510 
21090 
19790 
25080 
19390 
20500 
25340 
54270 
55280 
52100 
49240 
55050 
25180 
48140 
53320 
55820 
25040 
24710 
51220 
78830 
35270 
34060 
74130 
64600 
35300 
28320 
66690 
67220 
34580 
34750 
70600 
72450 
34050 
39860 
75020 
61560 
37510 
34460 
25640 
34580 
29780 
35110 
35370 
69800 
38910 
74790 
29290 
27280 
25600 
25630 
31530 
26560 
25800 
21130 
73700 
45070 
24380 
85920 
74760 
56850 
27840 
53460 
55910 
43410 
22370 
58060 
53750 
22230 
26130 
29620 
54290 
48140 
22580 
53840 
49030 
24190 
57180 
40610 
22470 
25260 
50030 
52400 
26960 
27210 
52930 
53640 
28790 
24430 
29280 
80210 
78960 
33580 
38300 
83400 
76830 
62060 
67130 
80400 
71080 
56320 
67780 
80730 
72720 
34820 
36680 
80990 
75880 
65240 
64850 
39880 
70440 
60360 
28050 
70890 
75810 
55740 
22280 
48220 
26840 
27730 
26010 
27720 
79260 
58210 
28430 
25340 
81520 
82950 
40820 
27290 
26330 
26120 
28010 
24470 
28740 
29080 
26480 
29030 
54250 
56230 
26250 
47660 
48880 
58730 
54060 
18420 
62540 
52550 
25440 
23280 
50200 
29230 
27690 
25300 
54610 
51930 
26090 
25020 
38140 
37020 
38560 
34270 
38940 
36640 
36200 
34310 
69880 
68680 
34940 
31370 
36910 
37510 
40770 
31810 
38020 
36870 
37540 
29360 
69170 
31010 
108010 
34340 
97020 
32560 
82020 
46740 
27100 
54660 
51770 
57350 
21240 
4671100 
57080 
58130 
55550 
90920 
81750 
72360 
71570 
49120 
48390 
56160 
52060 
58300 
43840 
50740 
49280 
51600 
50680 
50670 
50140 
29590 
22730 
53250 
27480 
53410 
44390 
25640 
63390 
22060 
23680 
23120 
25950 
30910 
28650 
60550 
22400 
43890 
35590 
69740 
31470 
35640 
36940 
33140 
28600 
74970 
31720 
32050 
64780 
33060 
26590 
31980 
34880 
19090 
31960 
50450 
36160 
31870 
34350 
66860 
169590 
32530 
26460 
66820 
29110 
25680 
27450 
27550 
25070 
58280 
23400 
27860 
60250 
24460 
23050 
40320 
36440 
37820 
24180 
28050 
24920 
86660 
19720 
74100 
54790 
21630 
58020 
45910 
42260 
22730 
56660 
23000 
21560 
24760 
56810 
44290 
45470 
52020 
32600 
55540 
52880 
47000 
27410 
24840 
23740 
32330 
30360 
35430 
40860 
33720 
28750 
21340 
65800 
30440 
47950 
61010 
72300 
29840 
28960 
37050 
72830 
31390 
33240 
30910 
78190 
66320 
22800 
34440 
34930 
36550 
34370 
37550 
32220 
67210 
22680 
56630 
60450 
22980 
53660 
53460 
48630 
28180 
31860 
61250 
41600 
32990 
72790 
31840 
22570 
27980 
23530 
91720 
24080 
25300 
23600 
58150 
23420 
25530 
25420 
33610 
30100 
32530 
27780 
23870 
29340 
20510 
16800 
21270 
26680 
24240 
19550 
25310 
31100 
20310 
24440 
29210 
32140 
34120 
35750 
72420 
31160 
74880 
68650 
26490 
35890 
25230 
29400 
30540 
28340 
28450 
29400 
31560 
28840 
36520 
36870 
39000 
22520 
68860 
66980 
24050 
35620 
25560 
32930 
30950 
24100 
25230 
32060 
57900 
18990 
19340 
58130 
26960 
26900 
78380 
35700 
35270 
21530 
87610 
22430 
21260 
30210 
51340 
19690 
20070 
30550 
23070 
23980 
26440 
24280 
59420 
17750 
15020 
60310 
21420 
19930 
23270 
48510 
24430 
27860 
27510 
23490 
26240 
18750 
24800 
62180 
40360 
35260 
26410 
32650 
30710 
30300 
34550 
27310 
36760 
31290 
38060 
22640 
67570 
38500 
34720 
24160 
60590 
124280 
38090 
23220 
63050 
37610 
33840 
22000 
31600 
39980 
29300 
25910 
33130 
25350 
24420 
20360 
28960 
24360 
30190 
22300 
21940 
24290 
48780 
50650 
33260 
33590 
27330 
48860 
55250 
26510 
19490 
25580 
15950 
21580 
21270 
20910 
22720 
20370 
23060 
26320 
27040 
19460 
31130 
28350 
28170 
63710 
10071900 
19990 
27130 
28000 
27840 
54610 
23770 
25220 
41280 
39770 
38720 
67830 
32380 
37020 
28390 
34060 
37880 
22650 
31440 
73260 
31480 
30070 
68120 
25220 
28620 
26100 
34260 
40920 
29620 
35480 
38470 
36150 
31730 
72210 
38300 
22930 
25210 
23750 
21740 
19660 
22600 
22140 
31580 
55610 
30650 
45470 
36990 
38490 
35500 
26910 
29630 
25830 
25150 
62470 
43260 
41670 
57610 
51070 
48330 
25560 
24720 
54310 
48140 
51870 
54970 
50900 
48960 
24970 
51390 
47540 
48920 
22040 
26400 
57570 
48040 
53030 
56240 
78400 
71540 
31230 
32450 
71810 
64550 
69180 
72290 
65530 
66970 
29970 
34160 
74770 
64120 
73580 
73810 
67760 
80450 
31620 
34460 
29700 
26760 
90160 
68520 
61700 
74320 
69280 
32290 
29030 
49050 
49390 
45830 
30620 
27510 
52780 
75390 
61990 
99270 
77720 
36980 
32110 
29390 
53260 
26900 
25730 
59350 
22440 
24700 
49160 
24210 
28210 
19020 
22700 
50170 
51630 
48360 
43290 
24450 
53320 
41930 
47420 
56330 
19940 
42540 
50490 
27310 
59450 
23330 
42220 
27340 
74380 
62880 
35590 
70000 
78920 
31400 
31540 
69390 
72540 
67870 
30550 
67610 
98650 
30920 
34060 
36330 
37060 
33590 
34540 
38780 
73460 
31050 
32580 
37930 
38300 
34670 
35010 
30720 
54710 
25620 
27870 
29550 
27180 
26460 
28870 
54070 
30520 
43040 
32710 
33920 
21060 
25080 
26770 
27760 
55890 
23180 
25610 
29860 
26710 
25980 
25950 
50720 
30210 
24680 
19220 
25290 
17830 
24440 
28180 
50060 
29560 
27600 
19150 
18700 
27710 
24000 
27070 
51390 
35990 
36870 
25490 
28570 
59910 
30990 
74400 
36990 
35970 
31870 
74430 
31140 
26780 
35250 
72350 
32000 
27030 
34070 
37370 
28480 
30060 
27700 
31590 
25030 
33670 
35600 
37030 
34750 
29150 
29330 
29640 
26820 
21250 
23630 
15540 
23800 
25600 
20540 
47380 
42100 
43040 
30090 
21310 
18700 
56410 
27350 
27090 
26810 
26940 
23840 
25840 
32000 
29340 
21680 
25580 
28380 
20000 
48270 
30410 
25540 
49080 
24590 
58260 
27780 
27850 
23610 
57150 
30270 
27930 
25180 
84240 
60600 
33870 
34400 
37640 
35140 
27780 
26460 
79350 
34630 
74630 
31050 
29800 
34430 
38270 
32660 
34200 
32830 
74520 
29770 
30270 
34710 
41440 
38240 
32420 
29240 
39910 
27040 
25510 
29970 
25730 
27370 
24710 
28610 
31060 
24630 
24580 
31690 
40720 
49000 
37760 
25160 
55660 
16660 
28480 
24290 
53000 
19210 
31900 
45230 
28500 
17530 
26020 
17350 
32130 
22380 
29470 
56260 
48890 
93980 
26410 
73830 
54210 
50190 
60480 
50060 
50050 
58920 
27490 
25640 
85330 
68450 
40020 
73740 
72270 
36700 
35050 
80850 
37370 
66500 
78030 
34150 
71890 
77120 
36410 
37580 
66050 
69110 
39260 
71930 
79250 
29080 
32140 
71270 
68480 
36290 
39830 
65910 
50210 
50090 
24550 
55440 
51140 
53560 
29400 
61340 
50990 
97730 
41340 
81230 
59010 
50270 
28780 
51960 
49600 
52590 
52090 
58490 
26540 
51580 
50250 
54840 
49380 
49610 
72340 
26300 
54440 
77500 
26920 
24650 
49590 
57940 
29110 
26410 
60970 
19270 
46440 
49550 
24450 
83720 
72660 
35440 
40770 
31180 
22480 
69810 
30610 
32000 
25940 
39410 
34220 
37030 
26270 
63920 
69220 
38360 
30850 
73500 
38990 
32880 
77940 
31180 
29860 
31150 
30660 
36510 
19250 
56120 
22610 
23860 
25290 
26710 
16830 
23070 
26970 
60060 
29690 
40310 
77480 
39570 
26420 
28500 
25720 
51300 
45690 
25840 
26070 
30220 
26520 
26360 
27380 
25170 
43890 
46980 
51070 
59940 
22720 
25360 
58020 
47290 
28020 
58740 
52490 
51600 
27120 
61920 
22390 
24720 
87370 
33060 
33390 
34430 
32770 
38450 
35260 
33490 
32410 
68580 
61250 
59810 
72580 
38260 
33690 
68270 
64480 
41030 
69980 
38360 
38770 
23370 
31790 
71900 
67640 
34970 
72690 
66160 
23390 
53660 
49580 
46720 
22910 
56750 
22140 
47490 
28650 
51850 
84050 
40720 
66850 
31690 
21050 
53180 
50490 
24590 
53900 
52960 
48170 
28930 
26390 
54830 
27550 
24280 
24130 
52890 
50520 
48880 
46910 
52660 
53840 
22290 
59520 
43940 
50800 
25290 
65160 
48380 
25510 
70980 
75500 
65910 
67240 
70720 
68300 
69020 
28660 
72330 
28500 
63910 
67760 
70500 
67060 
71940 
31670 
70970 
68190 
66780 
70450 
31880 
77930 
63660 
33290 
70500 
61240 
33420 
74120 
18790 
48720 
47130 
55390 
58020 
47910 
25950 
48550 
59960 
49520 
89990 
86020 
27080 
74360 
68550 
53220 
55600 
29240 
21550 
28570 
70990 
63250 
27710 
23490 
26670 
18390 
22830 
53180 
18940 
27750 
20210 
25750 
59290 
54110 
59670 
28030 
34360 
30380 
25090 
18480 
23560 
27270 
43900 
33030 
68160 
40760 
64850 
33720 
66650 
34610 
37480 
68680 
67290 
66500 
35190 
37400 
32650 
63620 
27660 
28910 
33730 
33060 
67820 
87930 
67790 
57180 
72300 
35410 
31930 
33900 
55740 
22460 
22400 
58290 
76880 
47140 
50900 
59510 
57620 
57580 
44910 
43210 
61770 
63620 
26620 
25970 
53680 
27960 
47700 
30740 
46500 
24120 
22480 
52600 
49430 
47760 
25000 
52760 
48480 
26920 
22280 
26900 
26490 
30830 
27600 
27320 
53730 
50950 
29920 
28530 
50620 
41630 
31930 
34060 
28860 
67390 
36140 
34860 
32190 
36220 
34460 
35930 
32160 
68060 
31770 
27500 
36250 
33570 
35190 
35510 
35660 
35750 
35820 
35800 
34920 
103360 
30390 
63120 
38700 
29010 
25010 
27580 
25870 
55170 
23350 
23070 
27690 
30440 
23920 
46050 
41260 
74880 
24680 
23960 
26460 
27500 
26230 
26590 
25950 
52860 
20340 
25530 
21860 
28180 
25940 
26630 
23320 
50060 
20950 
24570 
26500 
27270 
20130 
26420 
28430 
30900 
24650 
61220 
25570 
25350 
55110 
40070 
37610 
31930 
35980 
73600 
72940 
37700 
30480 
41120 
71660 
58040 
34890 
72900 
103380 
31130 
36850 
33270 
34800 
62980 
33830 
33640 
33930 
71740 
35120 
33800 
33560 
39150 
49800 
23600 
23980 
28300 
24590 
27760 
25130 
60590 
25020 
26680 
25770 
83670 
39800 
27600 
31140 
21820 
20440 
29210 
28040 
59370 
20560 
26970 
51990 
47350 
24140 
55820 
53370 
39470 
49810 
30110 
28310 
51590 
20290 
22510 
30060 
54330 
25440 
28050 
58760 
50480 
24220 
62040 
89660 
33390 
69790 
37010 
70340 
33630 
71210 
92790 
67610 
100420 
90670 
22880 
69900 
35000 
32370 
83450 
35870 
35780 
31850 
74620 
67710 
34540 
33020 
78520 
33200 
29290 
67470 
33920 
29980 
53420 
46450 
56420 
23780 
50640 
44690 
58630 
52990 
46060 
45110 
38020 
40110 
46540 
48470 
24770 
56070 
45360 
43080 
55670 
21240 
54340 
46510 
58860 
21630 
21920 
57300 
22760 
21150 
50670 
46280 
44230 
28190 
50540 
48960 
62140 
26420 
24890 
53810 
27600 
28940 
25550 
39290 
80120 
32480 
62970 
66220 
74930 
56680 
64710 
62980 
107500 
78020 
54250 
32870 
78700 
65370 
61260 
61370 
72740 
35670 
30210 
73310 
35100 
31790 
77010 
65590 
69730 
37810 
65490 
44110 
27160 
30830 
26010 
10097080 
26440 
24730 
27600 
55840 
46940 
44970 
40240 
62360 
30690 
26250 
29210 
53380 
51840 
25770 
27330 
56450 
23790 
23390 
23170 
57100 
50090 
48220 
24350 
58940 
21820 
25480 
21450 
49710 
27550 
28650 
44890 
32540 
29760 
27100 
51620 
54470 
75440 
61740 
34480 
99390 
94780 
87420 
35390 
76640 
71130 
62220 
33120 
79210 
71170 
64750 
34730 
79190 
83430 
29660 
59470 
41000 
60770 
33430 
72320 
33850 
56380 
70970 
77590 
51860 
48700 
51180 
52050 
49760 
28270 
25670 
55530 
64010 
52400 
76290 
80020 
77810 
76890 
65960 
50980 
51600 
23990 
50560 
23940 
24450 
47560 
46110 
27160 
26180 
48070 
28980 
59660 
23540 
21510 
55560 
21250 
23280 
22360 
48620 
60130 
25940 
47020 
58470 
25400 
27970 
40530 
113340 
67370 
58560 
36690 
99700 
27530 
32380 
31340 
100060 
37950 
37390 
64720 
38960 
68440 
63530 
29670 
73660 
34110 
36000 
65440 
79400 
52470 
64770 
65840 
73310 
28150 
29880 
37330 
26200 
29570 
19220 
23790 
29920 
21580 
15200 
29340 
60420 
20660 
43720 
39100 
80630 
30080 
21390 
16930 
55560 
26200 
22510 
17460 
51740 
25860 
21590 
39510 
52270 
24330 
22940 
26020 
56810 
45550 
45490 
48100 
54770 
55410 
52780 
19730 
58520 
52580 
51390 
24360 
51270 
46520 
74540 
68450 
30510 
68920 
62820 
75500 
32210 
38670 
37050 
100800 
32170 
34660 
110380 
34230 
35410 
32660 
76450 
63720 
63920 
65270 
69920 
31460 
29420 
65890 
67180 
80250 
31430 
67040 
18860 
19660 
50810 
27110 
26240 
58360 
25310 
20970 
64810 
83870 
77280 
63590 
73760 
25840 
25300 
24470 
55190 
23400 
21140 
47180 
48850 
57370 
16950 
53620 
42610 
55840 
46820 
21280 
57690 
23920 
25740 
25090 
51020 
26670 
23230 
14670 
59980 
23840 
25220 
36480 
44140 
42920 
31120 
20890 
39040 
33440 
24110 
23960 
114320 
35790 
65330 
33680 
97860 
67410 
62660 
30610 
75280 
32890 
34940 
29410 
71890 
29420 
28470 
32460 
32620 
83050 
56070 
52070 
72820 
55820 
50440 
51100 
57440 
52870 
43990 
22870 
62230 
25380 
25180 
43290 
89110 
35300 
28700 
25050 
55600 
45610 
47860 
49970 
53330 
46120 
49930 
49170 
59680 
51470 
19860 
51340 
45600 
63280 
22520 
24630 
58810 
41830 
47090 
50440 
58460 
47460 
47270 
55570 
56850 
52360 
43930 
38140 
76540 
35920 
33360 
33720 
96530 
57650 
36570 
35570 
78030 
62770 
67000 
33420 
73750 
69990 
66210 
65600 
31400 
67090 
70780 
72790 
30560 
34650 
77650 
31910 
25490 
48140 
61400 
10061710 
63100 
51960 
28300 
50440 
27610 
29250 
55540 
56650 
45680 
41640 
67540 
64970 
25860 
26430 
51140 
22050 
27520 
51190 
52730 
48170 
48580 
24760 
55870 
24210 
23580 
50900 
26400 
25380 
20880 
30210 
25030 
23610 
45820 
62060 
27420 
30800 
49440 
92300 
52600 
25340 
82900 
66080 
34200 
38030 
77250 
34540 
32990 
70660 
41520 
38240 
37430 
29580 
39860 
36850 
70180 
69600 
69600 
33940 
63510 
40300 
37150 
67450 
65450 
69620 
68550 
70360 
33420 
65180 
47310 
58110 
50660 
26030 
23470 
55390 
24830 
65030 
45570 
22080 
41340 
42130 
76750 
51530 
45840 
29950 
28090 
61400 
