80480 
66400 
64210 
66510 
60210 
58850 
68870 
45970 
42630 
43050 
44490 
41760 
40700 
44290 
48840 
44410 
45150 
95670 
79650 
56590 
48040 
40900 
39200 
39700 
43140 
40820 
43410 
38920 
40770 
44010 
40790 
39000 
40120 
39200 
42590 
40540 
44240 
40120 
39350 
43540 
39920 
44810 
40040 
43130 
45250 
40440 
43890 
40250 
72740 
57220 
58400 
67290 
55670 
56680 
54200 
58730 
58330 
59640 
54950 
56060 
57820 
55700 
57120 
54250 
57420 
56890 
56480 
56400 
57090 
55770 
58090 
56710 
59180 
55200 
63150 
40310 
47800 
41070 
41560 
44960 
41790 
42270 
42480 
45660 
41980 
82700 
87730 
67320 
58540 
45360 
39940 
41770 
41170 
42600 
40150 
38680 
42340 
40620 
41000 
39980 
37780 
38920 
44170 
41700 
40420 
39580 
40260 
42230 
40310 
40550 
40990 
41340 
43630 
42940 
41880 
42200 
39960 
75510 
57900 
57830 
55280 
53770 
57180 
57980 
59690 
58160 
58060 
56090 
56950 
57540 
57670 
58950 
57260 
59620 
57740 
59190 
55540 
56790 
57160 
57700 
58230 
56940 
55500 
63700 
44690 
39620 
39200 
42110 
45220 
40860 
37900 
48810 
41620 
40790 
89710 
84810 
60080 
54510 
40950 
41970 
42490 
40020 
40010 
39580 
43280 
41270 
44300 
38650 
38760 
42790 
39960 
39000 
40530 
39410 
42000 
39460 
42210 
39090 
42670 
41560 
43520 
43820 
52930 
46400 
40820 
61460 
61130 
58200 
56640 
57550 
59780 
59410 
56480 
54360 
56850 
59080 
54460 
57120 
55000 
56560 
59560 
58630 
56690 
58200 
56120 
56230 
61770 
58330 
57450 
57110 
56460 
57510 
54370 
41180 
40840 
41750 
44410 
44460 
40390 
42320 
45060 
45570 
43020 
88050 
65970 
55690 
49430 
41610 
42410 
39670 
41070 
39800 
41250 
41520 
41350 
37950 
38190 
43920 
42380 
51690 
42640 
40460 
42500 
42470 
42840 
39250 
40020 
43860 
43650 
43100 
40580 
40870 
42690 
40620 
77920 
57990 
55020 
53840 
58220 
58930 
56600 
54990 
57290 
57540 
57650 
58980 
57630 
56810 
59360 
58540 
56850 
55450 
56030 
58600 
55380 
57510 
55650 
56160 
57220 
56600 
61900 
43390 
39810 
38480 
45360 
42360 
40350 
38490 
46300 
46970 
43080 
94570 
80330 
59150 
50950 
42560 
40910 
39750 
40770 
42470 
41120 
40700 
40400 
42820 
46930 
41140 
40490 
39050 
43930 
39690 
44590 
40970 
40140 
39810 
42700 
42750 
44690 
44050 
39800 
43250 
46740 
39700 
51300 
60140 
57640 
62450 
58900 
61990 
55740 
56610 
64130 
58810 
60290 
56540 
55310 
57340 
64530 
59130 
56130 
53740 
57810 
61750 
61220 
55090 
56120 
57120 
56650 
57020 
55930 
59420 
41130 
42120 
43340 
42740 
40900 
40900 
44400 
44340 
44530 
41050 
88590 
73770 
60560 
45700 
42230 
39300 
43020 
42450 
41820 
41540 
40800 
43450 
42510 
41700 
41540 
39400 
39260 
44030 
40480 
41570 
40230 
38180 
44200 
39810 
44150 
40710 
41960 
42980 
47560 
43780 
43430 
75270 
58780 
58690 
58530 
54680 
58750 
57340 
58770 
58630 
57440 
57480 
59870 
56960 
56010 
59800 
45460 
82090 
62360 
57960 
58200 
57160 
57940 
57320 
58460 
61410 
58310 
65040 
41170 
43380 
39670 
44840 
43250 
40510 
43630 
49390 
57600 
45640 
91820 
84950 
58370 
55990 
40940 
38970 
41240 
40460 
40910 
39980 
41450 
40250 
40780 
43550 
39300 
39630 
40660 
42080 
42220 
39210 
38450 
39680 
45470 
42710 
41340 
40920 
43220 
42670 
42050 
45020 
43190 
40910 
78680 
58830 
58120 
56020 
56710 
55240 
57250 
61250 
56460 
57160 
55980 
58580 
55700 
60080 
54640 
57330 
58860 
58240 
55110 
57180 
58370 
57150 
57330 
57920 
56010 
57040 
62040 
42150 
40360 
43270 
40730 
41220 
43200 
45160 
43870 
43320 
41970 
90710 
76710 
57240 
46100 
43020 
41960 
39990 
38750 
40220 
42660 
42580 
40910 
43010 
38480 
39260 
42300 
39330 
41380 
39170 
37840 
39630 
46890 
43020 
40030 
40060 
42910 
44840 
41970 
41670 
39610 
42670 
76220 
60530 
60260 
54540 
55080 
59760 
55390 
59890 
57490 
55900 
56280 
54160 
59040 
55040 
56380 
58720 
58790 
57420 
53960 
58990 
56630 
58980 
59450 
55580 
54130 
55210 
62860 
44330 
39620 
38910 
41660 
42840 
65470 
42670 
48380 
43700 
45820 
94330 
84240 
64360 
59100 
42060 
43090 
42770 
41520 
39970 
38350 
42010 
43780 
40680 
39300 
42650 
45720 
40930 
39570 
37610 
38510 
41350 
41110 
41790 
38000 
40420 
43200 
43510 
42830 
41650 
39650 
42570 
42880 
77380 
58320 
57370 
57390 
59650 
58290 
56370 
56330 
56100 
56530 
72700 
60330 
55170 
59670 
64710 
59810 
57210 
54820 
55270 
60090 
58870 
62910 
54870 
56320 
54710 
59210 
63750 
40940 
40160 
40910 
48410 
42900 
40770 
44150 
46960 
49230 
42550 
91820 
75030 
57240 
46590 
40520 
42530 
38380 
38940 
42400 
39880 
41490 
38750 
39010 
39300 
43100 
42200 
40860 
39080 
40030 
40650 
40350 
39050 
39620 
39040 
43330 
42370 
41860 
38300 
44060 
42690 
41270 
75020 
58220 
55850 
57630 
59590 
60760 
55560 
58510 
57070 
58350 
57680 
58110 
55840 
57110 
57520 
68390 
60760 
59550 
60550 
59380 
59490 
56580 
56020 
57050 
56920 
58700 
64880 
43180 
38270 
41830 
41130 
45800 
42320 
40070 
44820 
43810 
45570 
88720 
85830 
65620 
59390 
43210 
41260 
44080 
39490 
47540 
40680 
75110 
53080 
41280 
42490 
42880 
40600 
38150 
38880 
41990 
42300 
41870 
42800 
38750 
38500 
41150 
43760 
43220 
46160 
41020 
42060 
41980 
39880 
76800 
56980 
58100 
55320 
56230 
56820 
54580 
59070 
59560 
56520 
57090 
57360 
59340 
55070 
60910 
55670 
54850 
53920 
60300 
58900 
55160 
56360 
55290 
56210 
58230 
57100 
62080 
40650 
41310 
43370 
42570 
45350 
39020 
44550 
45410 
43140 
41740 
90260 
80920 
57520 
48610 
39580 
40700 
39730 
41650 
40920 
41320 
40280 
39930 
42840 
40490 
38970 
40350 
40490 
44900 
41620 
41720 
39330 
38650 
42560 
41000 
43460 
40220 
42530 
44710 
41980 
41630 
40910 
70260 
59870 
58050 
57880 
57390 
55330 
58330 
62760 
57730 
58110 
54970 
56580 
58750 
57140 
64190 
57930 
56830 
57270 
56410 
57650 
55270 
55220 
58520 
58150 
58360 
56810 
67860 
44380 
43090 
40460 
41930 
42610 
40480 
43680 
41950 
44490 
41690 
100200 
86080 
65640 
55980 
43590 
39440 
43210 
41370 
40140 
38290 
39670 
41680 
39720 
41450 
40900 
39590 
39990 
40280 
41760 
38580 
38580 
39240 
40480 
40600 
39470 
43880 
42360 
43590 
51930 
42000 
41140 
39760 
74760 
63080 
59250 
56980 
58480 
58170 
56840 
59710 
55300 
55340 
55010 
59880 
59600 
55470 
57240 
57620 
57860 
57220 
59970 
56370 
56030 
59890 
57310 
54430 
56950 
57300 
62480 
43820 
39500 
40300 
41400 
43310 
42110 
39330 
46130 
43160 
39680 
90360 
82960 
64090 
47500 
39180 
43960 
42470 
40740 
39510 
38670 
43320 
42230 
39720 
39200 
38910 
41550 
42830 
42250 
39270 
39590 
47190 
40690 
43000 
39630 
40100 
41340 
44520 
43800 
40780 
41650 
40360 
63440 
61710 
56510 
56750 
55480 
59050 
57790 
58440 
57810 
55920 
56700 
58400 
58450 
57210 
56740 
59350 
57280 
57030 
57790 
56240 
58330 
59610 
59710 
60490 
58020 
57380 
59590 
56870 
40770 
40310 
40500 
44170 
41930 
39390 
41580 
46380 
46750 
63660 
91230 
67570 
53390 
44820 
40730 
41550 
38790 
39960 
41290 
41930 
43470 
40720 
38000 
39480 
43640 
39940 
39730 
39110 
39410 
40870 
40270 
41370 
37620 
44010 
45740 
40640 
42480 
41290 
40360 
42230 
41120 
81190 
58100 
55660 
57360 
60500 
59230 
55870 
56630 
56100 
59740 
58450 
55500 
57780 
57850 
59920 
55070 
56490 
54110 
56730 
57040 
58180 
61120 
56520 
54910 
58380 
57850 
62440 
44240 
39000 
38810 
43990 
45940 
43370 
39430 
47050 
46880 
43090 
90430 
84560 
62670 
52990 
41220 
40430 
41600 
40170 
42720 
42240 
40630 
38640 
38970 
42270 
40670 
40670 
39030 
38590 
41250 
41750 
42660 
39660 
40100 
40220 
42350 
42630 
43580 
40860 
39980 
42460 
40940 
57180 
60890 
58590 
57820 
56440 
60910 
55550 
56640 
59830 
57090 
55500 
55230 
58010 
59570 
60350 
60400 
56160 
54290 
54550 
71020 
63340 
56560 
58370 
54670 
57070 
57810 
57290 
57590 
41110 
41870 
43900 
42630 
41550 
39200 
43960 
44590 
47340 
43970 
97820 
66500 
61070 
43740 
40800 
38820 
38220 
41510 
40350 
41900 
38560 
37280 
43020 
42650 
40450 
44140 
41070 
42840 
42600 
39000 
38600 
38630 
42110 
39230 
43370 
40960 
42480 
41490 
44240 
42080 
39380 
75560 
58710 
61450 
58510 
57290 
54530 
58120 
59390 
56940 
62810 
61810 
57750 
60900 
58440 
57740 
54880 
55990 
55890 
62240 
58220 
60190 
59940 
55750 
59540 
58650 
57240 
61990 
42010 
42270 
42250 
43360 
56680 
47170 
42660 
48190 
45710 
42750 
92760 
84830 
53460 
51630 
41500 
39790 
41340 
38970 
43080 
41110 
40350 
40750 
42620 
40990 
38970 
37800 
39020 
40890 
40240 
39620 
39480 
39780 
45750 
41070 
41650 
39720 
41640 
43890 
40930 
41260 
39840 
53450 
69670 
56270 
60450 
56720 
56300 
80900 
61830 
57830 
57370 
58470 
55300 
58240 
57650 
59100 
58120 
61270 
56710 
56750 
56440 
57170 
56200 
55660 
57000 
55240 
56400 
55910 
61240 
44420 
42610 
39860 
43230 
39860 
42700 
42790 
43000 
42180 
41020 
89840 
76440 
60170 
45160 
41400 
43250 
48070 
46400 
41550 
38980 
41070 
41740 
41620 
38300 
39850 
42580 
40950 
41280 
40080 
41980 
39890 
41120 
41040 
40180 
42250 
40160 
44910 
44030 
43490 
40390 
42270 
76770 
62750 
59110 
56880 
55710 
58890 
57060 
60960 
56450 
57250 
58950 
56690 
58900 
57000 
61540 
56400 
57230 
60040 
55470 
58700 
56730 
62670 
62480 
56750 
61760 
56430 
68470 
45070 
40960 
40190 
41010 
43840 
47680 
41180 
46890 
42490 
46730 
99530 
84070 
60140 
54120 
40410 
43100 
45250 
40300 
39730 
40620 
45040 
44950 
41720 
40100 
38890 
42950 
40940 
42990 
39770 
39530 
42620 
41600 
44000 
38740 
43850 
46260 
40950 
42390 
39790 
39700 
43410 
43210 
76010 
57490 
59100 
56260 
63430 
57390 
59920 
56360 
59760 
63310 
58110 
55000 
55970 
55920 
56740 
62880 
59830 
56620 
56770 
59430 
60660 
58320 
54570 
56360 
57420 
58390 
64740 
45970 
40660 
40570 
44710 
46640 
40830 
41540 
49050 
48180 
41740 
91290 
74600 
58260 
44910 
41370 
40270 
40210 
39710 
41500 
38890 
40210 
40710 
38010 
40000 
41320 
41520 
41530 
38780 
39090 
42300 
41660 
41330 
39990 
39970 
43450 
42360 
42400 
43180 
40390 
45630 
43860 
75430 
59140 
57280 
57860 
56420 
58250 
57060 
58560 
56340 
58860 
62950 
57890 
59540 
57600 
58290 
58520 
57050 
55930 
60020 
58400 
59850 
55200 
57620 
56050 
57790 
59210 
64010 
44220 
40340 
39570 
42570 
43540 
40320 
38000 
46850 
48150 
43770 
90210 
86010 
61500 
60150 
41620 
40330 
40210 
39140 
43150 
42740 
39520 
38030 
38820 
42660 
40400 
38740 
38950 
38510 
42020 
41130 
41690 
38760 
38000 
41510 
41420 
42830 
41530 
41070 
40190 
43280 
42560 
40560 
76340 
59090 
60840 
57230 
56450 
55780 
58110 
58870 
55410 
57480 
55410 
58190 
57860 
58500 
58720 
57940 
58420 
55260 
60230 
56890 
58030 
57860 
57630 
61080 
55790 
68150 
69350 
39800 
45190 
43830 
41620 
43780 
40900 
42290 
45330 
43560 
42070 
91180 
78380 
58510 
47150 
41680 
46980 
39590 
43040 
43070 
43610 
38330 
40060 
42400 
40640 
39750 
39600 
39260 
43830 
40670 
41510 
38310 
40700 
41820 
42140 
42400 
41000 
43310 
45030 
43950 
41710 
41720 
75880 
59130 
59950 
58530 
56150 
54650 
57360 
56530 
61450 
56500 
56600 
55690 
58350 
56970 
58160 
65700 
56900 
58450 
57080 
57330 
58820 
57230 
59710 
57470 
59400 
58180 
61400 
43220 
46870 
42740 
42800 
42170 
40370 
41250 
48110 
44640 
43000 
88280 
82560 
70240 
62390 
42470 
41480 
42550 
43200 
40280 
41150 
38710 
42690 
40040 
41890 
38180 
41900 
43660 
43090 
41740 
40680 
38870 
42300 
42500 
41710 
44330 
41310 
41090 
45040 
41240 
42270 
39610 
41900 
76440 
58510 
57020 
57980 
55560 
63290 
58080 
60920 
57000 
58910 
55930 
57550 
56300 
56360 
57520 
55720 
65950 
59180 
57360 
57910 
56760 
58600 
56980 
56300 
55890 
56400 
64100 
44040 
40660 
41330 
39090 
45460 
42670 
42880 
49050 
44250 
41880 
89410 
80170 
59630 
46960 
37810 
44020 
38850 
41280 
39680 
39410 
42820 
40650 
38930 
40370 
40320 
45010 
40310 
42500 
38960 
39230 
42220 
37640 
42880 
40080 
40320 
40490 
46060 
44650 
38650 
39670 
40920 
75010 
58680 
54670 
58260 
55980 
55650 
57070 
57870 
56410 
57340 
59940 
54410 
56500 
57540 
56820 
60440 
58110 
60870 
54850 
55970 
54870 
60630 
59320 
56240 
54690 
56630 
65960 
43260 
41590 
40050 
40940 
44710 
40680 
39700 
42600 
44240 
43530 
98790 
88780 
69150 
54970 
43620 
41340 
41770 
39570 
37410 
38970 
51390 
42700 
39350 
39250 
38300 
40920 
41210 
40940 
37940 
39170 
41320 
41110 
40100 
40710 
37730 
45850 
43650 
42620 
39870 
43180 
45240 
41600 
76420 
58480 
56590 
57450 
59840 
61240 
55180 
56980 
56220 
59190 
56900 
56240 
56170 
57170 
61290 
57600 
58760 
54830 
54990 
58480 
58400 
56940 
57480 
56620 
58520 
56980 
65440 
41420 
39580 
40920 
44050 
42810 
40940 
39280 
46800 
45390 
42910 
88840 
82200 
58320 
48620 
40180 
40350 
40130 
38060 
41570 
40720 
40010 
41340 
39010 
41780 
39340 
40770 
40110 
38610 
42840 
41940 
42390 
44120 
50550 
42170 
42370 
44040 
43100 
40240 
40900 
44230 
42380 
65910 
61310 
57720 
60570 
56170 
58050 
55910 
57330 
60000 
57360 
58550 
54540 
58150 
52300 
60080 
57550 
57050 
56940 
53740 
57890 
57580 
56020 
56490 
56690 
57430 
56580 
58290 
55590 
41700 
47350 
46150 
43510 
40440 
40440 
43980 
46770 
44320 
52960 
93850 
62480 
59980 
46300 
41700 
39860 
39410 
43110 
41870 
41680 
39480 
39600 
41890 
42940 
41200 
38850 
42300 
43370 
41730 
39780 
39700 
38550 
43510 
40370 
44010 
40100 
41720 
40190 
42740 
43640 
40200 
75420 
55860 
58110 
59650 
56760 
56070 
55680 
58580 
57900 
59950 
55880 
57200 
58440 
56520 
58110 
57830 
59800 
60120 
55830 
56470 
55500 
56230 
58560 
57840 
59210 
57300 
62730 
58000 
45890 
40410 
45590 
41610 
42940 
44050 
48960 
46320 
42440 
92740 
80940 
59540 
48310 
40320 
38550 
41960 
40220 
40550 
39660 
37570 
39140 
41750 
42030 
39110 
39220 
38880 
40540 
42100 
39190 
40120 
38510 
43550 
39320 
42310 
39300 
42920 
41730 
41400 
42480 
40020 
52730 
64790 
55300 
59860 
57050 
53830 
55020 
58830 
60220 
59140 
57750 
55400 
59120 
59770 
60160 
55380 
58280 
57410 
58900 
57550 
58420 
54600 
58830 
60200 
56770 
55770 
55870 
58350 
40810 
42150 
41900 
43960 
41030 
