131350 
59970 
48810 
47260 
44660 
46990 
50620 
49100 
44060 
47200 
48880 
52250 
54010 
49250 
47330 
50390 
47190 
78140 
60390 
61040 
59190 
59570 
70450 
63440 
58190 
58990 
61430 
63130 
61340 
58830 
58210 
60260 
61950 
63450 
61720 
58470 
59340 
69250 
65750 
62740 
60810 
59430 
59280 
74790 
54100 
46560 
44060 
47760 
48980 
49270 
45000 
49430 
48330 
48090 
95540 
81550 
69100 
58590 
51270 
49650 
44610 
44280 
44800 
46930 
48500 
46010 
45530 
44390 
44250 
48780 
47710 
45850 
43400 
60740 
49520 
55690 
52230 
46840 
44410 
53170 
49430 
50730 
47590 
48180 
47170 
48210 
75950 
64900 
60820 
63590 
63500 
91520 
85420 
82100 
96250 
90800 
81280 
85080 
76510 
83960 
64190 
61690 
64830 
60920 
59930 
61350 
59820 
63130 
61330 
59670 
58020 
63210 
65350 
51410 
45320 
51640 
48430 
46880 
46050 
47970 
61510 
55800 
47240 
83960 
83540 
64560 
51340 
46130 
47460 
47010 
44790 
46740 
44860 
52130 
51550 
46050 
46470 
45280 
45870 
49540 
46230 
48640 
45830 
44610 
45980 
46490 
43980 
49600 
47900 
49380 
48610 
45260 
47640 
45960 
75790 
62660 
59360 
61060 
59320 
61270 
60320 
58610 
60790 
63010 
60550 
61440 
58770 
63260 
59380 
57750 
63380 
68200 
63120 
63770 
58970 
59660 
60840 
63500 
62830 
60750 
69630 
50660 
46070 
45010 
50760 
58530 
45370 
47000 
52340 
49680 
48100 
93530 
83420 
72620 
59580 
43720 
47230 
46000 
46840 
47530 
43470 
43960 
43380 
46650 
47500 
45780 
45260 
45820 
44060 
47330 
47350 
43880 
46410 
45500 
49910 
48780 
47640 
46690 
45350 
69020 
65020 
65760 
62730 
75570 
62350 
65310 
61360 
60640 
57070 
60260 
61910 
61960 
57750 
57640 
60270 
65030 
59620 
61090 
58620 
62750 
63370 
61200 
66410 
60440 
60610 
64370 
61720 
60430 
56710 
62720 
46680 
48660 
48720 
47230 
46350 
47910 
49400 
52280 
49350 
46820 
80820 
79960 
64850 
50890 
44860 
43180 
46120 
46540 
48800 
45510 
44030 
47220 
49190 
44720 
46860 
49390 
50160 
49910 
48010 
45380 
44490 
47110 
48210 
47210 
48190 
47510 
48240 
49070 
46790 
46730 
48920 
75670 
62000 
63520 
63180 
60510 
60370 
66770 
61340 
64750 
60240 
59490 
58870 
60910 
62620 
61120 
59870 
59750 
61010 
60780 
62620 
59610 
60430 
61550 
63190 
62440 
62430 
68330 
50660 
47080 
55080 
51310 
50600 
47590 
46090 
52600 
48950 
47500 
91690 
82620 
66970 
61390 
47920 
43860 
46870 
46260 
49100 
45980 
44960 
45740 
46620 
47760 
46690 
65670 
66360 
62200 
66060 
63330 
65550 
51930 
46510 
46610 
49930 
45490 
48720 
48100 
45680 
46650 
46770 
49040 
76190 
63290 
61040 
59910 
64480 
62610 
59930 
59950 
61500 
60200 
69110 
64170 
60990 
64090 
65670 
62650 
61370 
61810 
60100 
60680 
60870 
61750 
60800 
59900 
63170 
63330 
64130 
50340 
44170 
50640 
50560 
47810 
47680 
45520 
49750 
50290 
50290 
88000 
79980 
65820 
55650 
49340 
48370 
46160 
44550 
45270 
44040 
47050 
44670 
45340 
44180 
47690 
48160 
44770 
44810 
46010 
49100 
46340 
44460 
44400 
44460 
48300 
50820 
50350 
49080 
48290 
46270 
50240 
77620 
57440 
59960 
60820 
63620 
62940 
60810 
60230 
59880 
64490 
62240 
59890 
61930 
61000 
58650 
63080 
60550 
58610 
57310 
59150 
63940 
61220 
64160 
61270 
59380 
61210 
69810 
49870 
44170 
44760 
48120 
52900 
49140 
46430 
51440 
50410 
51290 
124560 
109840 
95870 
70610 
67050 
65650 
63660 
45340 
45240 
48170 
48210 
46460 
45640 
43260 
47470 
48680 
44150 
44510 
43760 
46470 
47130 
46830 
46440 
43880 
45570 
50140 
55440 
49240 
45680 
44690 
46550 
64590 
63970 
61860 
61280 
66150 
64640 
62760 
62630 
64960 
65960 
61640 
65050 
62730 
58610 
59360 
62280 
66660 
62400 
59450 
58480 
62830 
63860 
60790 
58750 
59220 
60540 
64270 
61410 
46690 
44240 
48930 
48010 
47700 
47520 
46120 
50240 
47550 
83190 
85290 
78310 
64210 
51680 
45280 
47970 
45630 
43920 
48810 
44720 
47050 
44580 
44120 
45600 
45850 
46910 
45670 
44850 
46660 
46780 
45010 
45880 
45570 
44590 
47630 
45110 
50660 
46180 
50070 
46020 
46180 
75980 
62850 
62190 
61950 
58120 
60990 
61530 
61770 
60740 
59970 
59170 
64260 
60680 
61270 
62590 
61060 
57440 
63400 
60900 
60840 
59580 
60790 
67470 
64370 
60530 
64290 
63120 
51580 
47980 
47580 
47180 
49940 
47330 
49640 
51630 
49500 
47720 
111790 
102180 
90480 
72970 
63770 
61940 
63070 
68490 
65950 
59990 
47470 
45810 
49210 
51230 
47220 
46310 
44370 
45380 
52070 
44860 
44310 
42910 
46210 
45630 
52400 
47230 
47740 
46510 
49640 
48760 
46900 
69140 
62910 
64390 
62280 
61020 
59630 
63930 
68000 
62890 
61050 
62740 
58580 
63560 
63160 
61810 
59770 
59620 
66730 
64130 
63960 
58580 
58910 
59650 
67410 
63420 
59210 
69960 
54730 
49480 
51980 
48440 
46650 
44850 
44970 
54810 
51410 
46120 
91430 
81760 
76900 
65250 
50370 
46090 
54220 
55650 
48570 
47150 
44680 
43870 
46210 
47970 
45450 
48160 
47060 
45700 
49710 
45020 
48850 
43970 
48300 
46440 
45150 
48710 
45630 
47880 
52510 
51220 
10083810 
10095210 
75440 
10129640 
27220 
40480 
36500 
32850 
35360 
34100 
34050 
35210 
31380 
65020 
26760 
30380 
32720 
32210 
31210 
32200 
36560 
34810 
32020 
32480 
32290 
32230 
32610 
32450 
35060 
30740 
26390 
23920 
26360 
24660 
23280 
24680 
26750 
24500 
24080 
46000 
45980 
37620 
31170 
26150 
24810 
23510 
23870 
22800 
23490 
23660 
23600 
23090 
23210 
24230 
23850 
23470 
24930 
22600 
22340 
22780 
22610 
22750 
22700 
22430 
24240 
24170 
24010 
24030 
24590 
23960 
27510 
39110 
32230 
31580 
32230 
31590 
34090 
31960 
32210 
33450 
32810 
33320 
31760 
32820 
30290 
32080 
32000 
31400 
30750 
32140 
31310 
32810 
32260 
33620 
30260 
31210 
32940 
32910 
25140 
23980 
23000 
23860 
24520 
23430 
24400 
25440 
24350 
26120 
45110 
40040 
31470 
27230 
23390 
25550 
23140 
23100 
23270 
24780 
23730 
22560 
23460 
23810 
23200 
23970 
23550 
24270 
23810 
23280 
25000 
24270 
22910 
22890 
24140 
25600 
27030 
23160 
23750 
23940 
24060 
41940 
31310 
32580 
30850 
31870 
33500 
33850 
31370 
32440 
33420 
34240 
32080 
33120 
32580 
31530 
33470 
32470 
30410 
33560 
31670 
33400 
62810 
60960 
11500180 
53350 
61680 
74470 
54040 
45070 
44150 
47200 
51540 
48450 
43350 
50760 
46430 
47900 
94410 
85980 
74710 
63190 
52490 
49260 
46580 
46150 
45470 
47270 
46630 
46160 
44650 
47640 
47510 
48620 
49330 
47030 
44790 
46910 
49190 
48520 
46750 
43760 
43850 
48950 
47060 
49160 
45680 
45690 
48360 
47630 
80480 
63710 
74340 
68090 
63190 
65600 
63930 
61240 
62390 
64500 
66090 
63000 
58180 
60440 
63740 
66200 
65130 
61510 
61570 
63110 
65150 
63410 
61150 
64540 
64230 
65660 
68440 
49680 
47300 
52750 
50450 
49880 
51070 
50260 
50400 
52240 
48430 
90310 
83960 
64830 
55790 
46190 
45620 
47110 
44480 
45060 
45030 
45040 
47010 
65160 
52340 
48570 
46490 
46330 
46750 
46620 
45650 
47000 
47220 
46280 
44940 
49720 
44540 
46900 
48120 
46200 
47270 
46230 
75790 
64480 
60450 
65240 
62880 
61430 
66200 
62970 
62810 
62580 
61220 
63260 
65600 
65600 
67640 
66150 
63270 
63280 
64230 
64690 
62830 
62200 
63200 
61840 
63330 
61330 
66860 
51100 
47640 
47030 
47500 
49140 
46640 
45620 
55110 
51290 
46210 
95640 
84570 
75440 
65750 
47380 
46830 
45820 
46840 
48660 
42940 
44550 
46060 
45590 
48850 
43850 
44310 
44700 
45970 
45840 
46000 
45260 
45730 
47300 
49770 
45720 
47170 
51470 
49450 
50820 
49460 
45270 
46430 
77370 
65620 
69820 
64180 
64490 
64560 
64480 
69580 
62610 
61830 
60810 
63430 
64870 
63540 
61120 
59460 
64210 
64730 
63840 
61470 
60330 
62210 
62550 
65360 
60090 
59390 
65480 
48270 
47490 
48480 
46340 
47270 
46200 
51110 
51340 
47340 
48370 
95270 
83710 
75410 
53470 
46680 
45470 
50640 
49520 
52920 
49500 
46300 
47520 
48150 
47140 
47090 
45630 
46570 
47140 
47260 
45710 
43680 
42930 
46840 
47970 
48160 
44740 
49850 
49070 
48820 
46740 
43430 
71900 
63430 
60580 
63240 
62860 
63420 
61870 
61630 
64360 
61100 
59920 
61660 
60500 
65350 
61880 
60560 
61390 
62790 
61890 
61810 
62580 
62440 
63020 
61870 
63400 
63140 
69570 
51350 
47280 
47430 
47650 
47240 
46980 
46720 
50320 
52210 
48130 
89870 
85370 
75600 
65070 
51670 
44410 
47880 
46160 
45330 
46990 
43930 
45510 
45950 
45410 
46410 
47670 
45020 
47090 
44800 
45960 
44650 
45990 
45630 
44230 
45100 
48000 
45530 
49770 
45460 
45870 
46550 
45970 
77940 
61920 
61450 
64990 
63860 
62230 
59120 
61390 
64350 
64670 
60670 
60980 
61200 
63140 
62730 
66340 
60990 
63710 
61930 
62920 
60880 
60730 
59500 
59200 
60770 
60980 
67600 
48690 
44100 
45520 
50370 
49890 
46360 
47310 
49800 
50450 
51370 
90830 
78510 
65100 
54590 
47360 
47480 
45100 
43480 
45910 
46240 
46430 
44370 
44660 
46270 
45220 
48050 
45190 
44080 
50310 
48110 
47950 
45750 
45220 
46750 
51150 
49260 
48180 
45460 
45710 
68790 
59250 
74730 
61130 
61930 
61120 
63010 
64440 
57860 
58600 
57740 
61940 
66600 
62160 
61840 
59200 
64110 
63660 
64600 
63500 
70550 
73780 
67170 
64070 
60730 
62250 
63570 
63970 
71630 
50820 
44050 
44070 
45710 
49670 
46210 
44090 
47370 
49430 
61410 
88490 
84610 
68030 
59140 
53630 
48010 
52050 
47070 
44750 
46460 
48290 
50810 
48090 
45350 
47000 
47460 
45790 
44550 
44400 
42030 
48820 
44790 
44750 
42890 
47870 
48270 
46180 
50600 
47180 
44360 
47240 
49480 
76610 
59100 
57080 
61210 
64470 
64340 
60110 
57960 
63450 
61750 
62170 
62800 
58810 
59690 
61820 
64000 
60520 
73610 
62460 
60760 
62840 
63190 
58670 
58430 
59700 
61130 
63820 
46520 
42640 
45280 
48020 
50980 
45500 
46630 
48550 
47670 
46940 
85890 
79710 
63760 
54580 
44720 
47210 
44160 
42860 
46810 
46110 
47440 
45180 
45240 
48090 
44720 
45060 
45760 
45540 
47030 
46040 
46090 
48080 
45780 
45710 
48330 
47290 
48550 
47860 
47420 
48300 
44560 
76810 
62610 
60300 
63690 
62220 
61480 
60180 
63560 
60890 
58740 
62160 
62030 
59800 
60430 
60100 
60050 
63610 
62280 
64640 
61260 
63200 
60820 
61300 
59470 
60550 
60200 
64200 
51210 
48630 
46730 
45210 
45160 
51200 
48520 
51250 
48980 
47080 
88350 
85700 
69050 
59730 
47490 
47120 
45640 
46660 
45010 
43740 
44150 
47100 
46210 
48540 
42920 
43760 
44280 
48010 
48420 
44420 
46470 
43430 
44940 
46050 
45840 
45390 
46090 
51120 
50140 
46660 
46060 
46140 
73860 
65750 
63060 
61720 
59280 
58910 
61780 
64280 
60130 
60290 
60850 
63480 
62570 
63050 
59950 
60600 
61530 
62880 
63560 
61730 
59550 
60400 
63520 
65670 
61950 
60570 
62650 
52240 
45750 
46810 
45690 
47670 
45430 
49490 
62470 
57580 
49620 
84100 
82870 
67910 
49500 
45620 
44850 
48560 
46000 
43920 
47360 
44580 
46160 
47160 
44540 
44050 
45170 
44920 
47750 
45190 
44340 
47530 
44520 
48070 
44410 
48330 
45070 
49570 
50750 
46420 
49840 
45760 
70990 
61740 
61830 
62890 
60810 
59220 
60640 
62750 
61190 
59840 
63950 
63420 
63170 
61550 
62240 
62080 
61270 
63110 
72960 
62790 
58900 
61520 
61730 
69520 
62210 
56870 
67280 
51730 
49400 
46730 
47680 
47770 
47820 
46500 
53760 
48640 
49830 
87950 
81870 
68750 
59700 
47190 
43160 
47990 
46590 
46350 
47020 
44130 
48200 
46830 
45980 
46690 
43580 
48060 
46090 
46790 
46490 
43980 
44990 
44660 
44690 
47270 
46970 
49410 
50380 
47500 
48920 
47250 
50120 
76380 
61090 
64660 
61450 
61990 
64430 
65020 
63220 
61650 
61240 
62650 
62750 
60660 
61320 
59860 
60370 
60920 
62720 
63780 
62840 
63730 
60690 
65530 
61710 
59470 
62890 
64540 
47980 
49170 
50030 
49750 
49250 
46260 
48260 
52970 
48080 
46710 
83830 
76170 
65220 
50880 
46530 
48360 
44400 
46790 
45720 
46230 
49990 
46190 
43980 
46990 
51480 
50530 
46470 
45300 
44180 
45900 
46770 
45440 
44160 
47350 
49130 
48440 
49470 
48000 
46920 
47690 
49150 
75430 
62310 
61260 
61560 
65070 
60200 
62600 
62010 
61760 
61900 
64080 
63630 
63700 
59610 
62600 
65550 
61430 
59140 
60890 
63800 
64500 
63570 
62840 
59450 
62550 
62690 
68870 
45540 
43470 
45040 
53050 
50860 
46810 
42390 
52180 
49360 
48980 
89830 
81910 
70510 
51230 
48550 
46170 
42690 
43300 
44660 
47420 
45810 
44720 
44780 
44110 
46440 
46930 
43730 
44410 
45860 
45930 
47140 
45200 
46590 
45880 
47750 
52850 
49870 
46970 
43900 
48160 
51000 
60340 
64310 
59510 
60140 
62530 
64040 
60300 
59180 
59490 
61630 
61720 
63270 
61180 
56460 
61230 
63380 
61600 
56990 
59670 
58600 
62560 
61670 
60430 
58880 
59790 
61660 
62890 
62200 
44860 
44520 
48340 
50260 
46740 
42810 
47300 
49740 
48360 
65930 
86270 
74020 
61580 
51320 
45890 
47400 
49490 
44060 
46890 
45090 
44110 
43500 
43730 
45910 
44700 
43700 
44260 
43360 
46160 
46200 
45420 
44450 
43090 
45320 
49750 
50400 
48550 
44790 
47820 
46590 
46460 
76250 
61700 
59430 
60990 
60640 
61790 
62780 
61300 
62600 
64080 
63010 
61680 
64600 
55000 
64530 
66880 
65240 
65480 
62140 
64470 
61490 
63660 
65750 
63420 
62640 
62010 
71320 
48310 
45790 
47530 
48500 
48460 
48590 
47600 
52640 
50150 
46800 
88780 
82050 
64830 
50930 
47040 
48290 
46840 
49780 
47640 
49130 
47330 
46380 
46560 
45840 
56150 
46730 
48410 
46100 
46790 
44330 
46410 
49130 
46500 
66840 
66540 
61910 
65180 
65130 
67420 
51400 
48900 
71410 
66580 
68660 
64200 
63300 
63190 
67200 
65250 
64600 
62050 
63410 
60970 
67600 
63670 
62530 
62110 
60150 
64680 
65450 
60880 
59560 
64200 
66220 
63240 
67120 
60530 
63430 
59850 
50120 
47830 
47040 
48470 
51400 
48130 
50130 
50200 
47530 
85380 
87250 
71810 
61670 
45550 
46420 
45850 
48340 
48520 
45130 
47120 
45250 
49360 
46670 
44770 
45800 
44530 
53010 
47850 
44070 
47610 
45580 
47830 
47210 
44630 
47820 
46100 
51220 
50030 
48630 
46040 
45090 
79080 
72140 
62930 
63560 
58120 
63230 
63200 
63290 
64920 
65570 
67220 
63590 
64320 
66370 
62380 
60260 
63290 
63670 
63300 
59150 
60550 
64510 
66550 
64600 
62050 
62810 
62020 
50820 
47850 
46030 
47340 
47090 
46220 
48830 
53290 
50050 
45930 
83490 
83680 
68770 
53610 
43180 
47680 
46680 
48190 
48110 
45610 
43910 
47920 
46800 
46210 
47100 
43220 
49110 
45330 
48140 
45970 
45690 
46080 
47050 
49540 
49610 
66190 
68710 
65260 
