81960 
105650 
105200 
97030 
87340 
99210 
97870 
95320 
98370 
105700 
97560 
98290 
116740 
105660 
101710 
106860 
108060 
87230 
82570 
87530 
83540 
86120 
82940 
81010 
94340 
86300 
84990 
92360 
85980 
79320 
79380 
87550 
82640 
93610 
83060 
95560 
83320 
94910 
83830 
99460 
88450 
84250 
87060 
90850 
96090 
96800 
96620 
91490 
96020 
89570 
93380 
80760 
82520 
90600 
96510 
84600 
83330 
89750 
89520 
88400 
90230 
87170 
88330 
89010 
97690 
83480 
81220 
89770 
85320 
85420 
86960 
96160 
80720 
85700 
91110 
92980 
89140 
91220 
84960 
92760 
90790 
82600 
83390 
81590 
85400 
82090 
82290 
87240 
91380 
89680 
84280 
87980 
81650 
85220 
84320 
92920 
85430 
93320 
90830 
85710 
100390 
89810 
96550 
81940 
85880 
86400 
85750 
82370 
83360 
89830 
94720 
86450 
91200 
80970 
84030 
84660 
91420 
90990 
83210 
89010 
85650 
94420 
82470 
85020 
84030 
86190 
90840 
89240 
86520 
78690 
89820 
91270 
89310 
80820 
79540 
86630 
85650 
91390 
94260 
93420 
97470 
84780 
94980 
87320 
83520 
88510 
82350 
92300 
82150 
89390 
90880 
89390 
81620 
90850 
84440 
90300 
83330 
87630 
88650 
89640 
91770 
83900 
91860 
81240 
88340 
80280 
84760 
97720 
90070 
84870 
93480 
88140 
89870 
86580 
88720 
86370 
86100 
83470 
89510 
92700 
92150 
88570 
92290 
90760 
92500 
92340 
86260 
84360 
98050 
86520 
89650 
93600 
93650 
96610 
98640 
88490 
83100 
84590 
90900 
84790 
91660 
92370 
90300 
83430 
90750 
88530 
82600 
89400 
84620 
90140 
84030 
86870 
91320 
81770 
92760 
91190 
83000 
91170 
86950 
87480 
89330 
84520 
91980 
90590 
95920 
92270 
82340 
86810 
87020 
86930 
97980 
91490 
90770 
85300 
102940 
85810 
88640 
81790 
90990 
82090 
83350 
86420 
80890 
85180 
95960 
89060 
97420 
81170 
86590 
78640 
95270 
90480 
90180 
96440 
91980 
91470 
83740 
92510 
84970 
80650 
83090 
89220 
93650 
86870 
94010 
89420 
95450 
83930 
82460 
85440 
84090 
91500 
90780 
88080 
92580 
86180 
92160 
82040 
85630 
88210 
87510 
88280 
93940 
83520 
95260 
87230 
95170 
85750 
84650 
79410 
86930 
85080 
89650 
101460 
85030 
86300 
103020 
85560 
94300 
86180 
83530 
81430 
92450 
85290 
87500 
94460 
91890 
87720 
90430 
91390 
84990 
88160 
83280 
91760 
90980 
87150 
89200 
92440 
95110 
85950 
85880 
97700 
83370 
88990 
93640 
80850 
85570 
88550 
88550 
82190 
79840 
87100 
84230 
89400 
90670 
92530 
92100 
92120 
95780 
83350 
95770 
83060 
82830 
88710 
84910 
89940 
84350 
89260 
81070 
88670 
90160 
82830 
81040 
85970 
87330 
92800 
98430 
99270 
100820 
88970 
93370 
78820 
83260 
84830 
97910 
86930 
89940 
86750 
90180 
94470 
87770 
91590 
92860 
90050 
80650 
90410 
90010 
93950 
90140 
85300 
90930 
88090 
81660 
85220 
81430 
95080 
84100 
92850 
86400 
101670 
88900 
91960 
82230 
87550 
97600 
88860 
94880 
96010 
90250 
84010 
81250 
95750 
95100 
87010 
83430 
86490 
87850 
85060 
86610 
88680 
82760 
84520 
84020 
86210 
87540 
92320 
86610 
92730 
80830 
93050 
81740 
86000 
92800 
89140 
82980 
85280 
91070 
89850 
92130 
92230 
82550 
91990 
85130 
95300 
83750 
94680 
82760 
87200 
92960 
100360 
85570 
87440 
79610 
94060 
90510 
84050 
91290 
88030 
93300 
86410 
83920 
94530 
86280 
83400 
89770 
84000 
82020 
90620 
84410 
85040 
93370 
98630 
84910 
91640 
85090 
83160 
98530 
81990 
82450 
95730 
93460 
82710 
81910 
81350 
93540 
87320 
84350 
89800 
91660 
89420 
91110 
91740 
84580 
88900 
92640 
81910 
83970 
88740 
82470 
89350 
95180 
90240 
85460 
86530 
89250 
86720 
90380 
85540 
90920 
88560 
92080 
91120 
90510 
86390 
81080 
92050 
91110 
85070 
86650 
86840 
98680 
92200 
104980 
93150 
89660 
83000 
89250 
88150 
89250 
90080 
86920 
97750 
88770 
82390 
86570 
87230 
96800 
82540 
86650 
83460 
86010 
89030 
86620 
82560 
85410 
90550 
90530 
86220 
91750 
89690 
85130 
94630 
90870 
90960 
90140 
87520 
85300 
90030 
81350 
80610 
82420 
87920 
81590 
88850 
85770 
100610 
93280 
88930 
90980 
83580 
81360 
86830 
83480 
82480 
80840 
90930 
83510 
109690 
94000 
88020 
81840 
84840 
82150 
86860 
84560 
89030 
95880 
89360 
85640 
91270 
83490 
86750 
91550 
80730 
89820 
96280 
97810 
82270 
82330 
88100 
83810 
83560 
87390 
92670 
89180 
91050 
98820 
97670 
85560 
92350 
85000 
88380 
83840 
91680 
88170 
87930 
89580 
92810 
88080 
90140 
93870 
87850 
89830 
86450 
84830 
86450 
91670 
86220 
96760 
84110 
80830 
86880 
88310 
90600 
93170 
86760 
81270 
89720 
89800 
87910 
92890 
87890 
83230 
84050 
89040 
82370 
100770 
88690 
85920 
86500 
91920 
86920 
81620 
88580 
48460 
81740 
87190 
92220 
87690 
104640 
86510 
84870 
88270 
80860 
80630 
82690 
86860 
81410 
88460 
91850 
83340 
90830 
80190 
82570 
86210 
85330 
88840 
84250 
86990 
93930 
84010 
93640 
93490 
90080 
84260 
85850 
95410 
83400 
91070 
97480 
84760 
81210 
88650 
82700 
86040 
86980 
96130 
84280 
91850 
86840 
94440 
82040 
94250 
91530 
83690 
88700 
85580 
86540 
81940 
80480 
89940 
83240 
102750 
92940 
83220 
79320 
83930 
91330 
92820 
86540 
92020 
92400 
92150 
86500 
87370 
83940 
85530 
83170 
93030 
89160 
82810 
83720 
90500 
85040 
93770 
87300 
83060 
87580 
87730 
87420 
87830 
89980 
90610 
87710 
87550 
80890 
82990 
87190 
91750 
87140 
92260 
102520 
91360 
87280 
92110 
80640 
84300 
81910 
87260 
84710 
86680 
84390 
94690 
94080 
84400 
88600 
82910 
83070 
89310 
85870 
89960 
88460 
81220 
83710 
81650 
95640 
87230 
83310 
87850 
85750 
86110 
90360 
87140 
90160 
96690 
93930 
85750 
86810 
89980 
81950 
91900 
88350 
83540 
88180 
81980 
83260 
85410 
80750 
80610 
82670 
90860 
88040 
85960 
87010 
94650 
79660 
86610 
78960 
82260 
86220 
95190 
96100 
94230 
81510 
86800 
79350 
94720 
94520 
88370 
81740 
78610 
86910 
87780 
92160 
80870 
91690 
84790 
89040 
83210 
89820 
89400 
88750 
92610 
103400 
84260 
92290 
86730 
95560 
86020 
85320 
82440 
91860 
89170 
92460 
91370 
87920 
86050 
89340 
85680 
85010 
85720 
88140 
92950 
80160 
98170 
92590 
89860 
92240 
88390 
82230 
91450 
88510 
81950 
88810 
91760 
95960 
90400 
76750 
94430 
94540 
88020 
78650 
88780 
87510 
83700 
80300 
94520 
79050 
87830 
83050 
85130 
88910 
81930 
86680 
84330 
80570 
91060 
92050 
92090 
93440 
89030 
86770 
83920 
82500 
91080 
91180 
88500 
85620 
85510 
95750 
87820 
84300 
83280 
86190 
90070 
83360 
95270 
88130 
87860 
88270 
82550 
90200 
85030 
89290 
85240 
83370 
93450 
89370 
92530 
88300 
81620 
92190 
82790 
84700 
85550 
84170 
80630 
85660 
89850 
91900 
88380 
102460 
81590 
86230 
86320 
88240 
97580 
82840 
82570 
90530 
84270 
83630 
91850 
94750 
88700 
88830 
87200 
88900 
87800 
83990 
80990 
87300 
78790 
85820 
85090 
85650 
80540 
92400 
84980 
89940 
93590 
91190 
91490 
84830 
92290 
95920 
93800 
87830 
93090 
83690 
96420 
99320 
94100 
84620 
82580 
89740 
97170 
81740 
86090 
91610 
89770 
94010 
84610 
80300 
87120 
79910 
106560 
90950 
80810 
88480 
86910 
92510 
96020 
83460 
83340 
78170 
83000 
87770 
96200 
93390 
88610 
90240 
91760 
86630 
82840 
80880 
81220 
89150 
84170 
91850 
88140 
83790 
88590 
91930 
84030 
81460 
90780 
85030 
88770 
84270 
90290 
79860 
84030 
92220 
83390 
93550 
81080 
91030 
91570 
94310 
90500 
94570 
92660 
86220 
80560 
95900 
79590 
83840 
87530 
83200 
84060 
85320 
93060 
90450 
82130 
85730 
86640 
81370 
87250 
89400 
96240 
92250 
87750 
91010 
82700 
84940 
95620 
86120 
89280 
90290 
84700 
86960 
86570 
87990 
85180 
92600 
82340 
84450 
82480 
85280 
94320 
91430 
82650 
101690 
88970 
89970 
88830 
92510 
83420 
85890 
78970 
96820 
89210 
85400 
92710 
103140 
87480 
88500 
85190 
82250 
82460 
95770 
86180 
89300 
92310 
87150 
94520 
83790 
87840 
84490 
84860 
86300 
90670 
86510 
83830 
92830 
84650 
93160 
93330 
85510 
82000 
87440 
84080 
92020 
83520 
81810 
88070 
82690 
103590 
81190 
88130 
88050 
91350 
88710 
84270 
86940 
92640 
89540 
83720 
85970 
77950 
86170 
83960 
88340 
94420 
93870 
85960 
84870 
88200 
82620 
87010 
76730 
96610 
82970 
91590 
85080 
92260 
92110 
96100 
86840 
88070 
84760 
88610 
89270 
88700 
93900 
82830 
98550 
86240 
86300 
79970 
82850 
83910 
91190 
90250 
82700 
90670 
91190 
92490 
92730 
83010 
86520 
86300 
85130 
89900 
90020 
78710 
90490 
87590 
84440 
92170 
87870 
82860 
85000 
85400 
96280 
85300 
88500 
90320 
89030 
91600 
91300 
84850 
82770 
89380 
88060 
88020 
88930 
80830 
84100 
85680 
81480 
82970 
85690 
84240 
82570 
88530 
95130 
82950 
88690 
88580 
86690 
88790 
86990 
84980 
84340 
80540 
87230 
82990 
83710 
88990 
83700 
89580 
83460 
81810 
86440 
91870 
94080 
83410 
87790 
87600 
81250 
101550 
89360 
84280 
82380 
85150 
85060 
90410 
99020 
89550 
83140 
91300 
94320 
81490 
89290 
87830 
87570 
83910 
86940 
83440 
92250 
89350 
90160 
86470 
82200 
83930 
87020 
90230 
84910 
91810 
88670 
92120 
88970 
90280 
83630 
84600 
94170 
87600 
91830 
85680 
91060 
56630 
98140 
85710 
78570 
81100 
87750 
91180 
88130 
86490 
81190 
85330 
79840 
94730 
87700 
84990 
88050 
82380 
84680 
94940 
91070 
84240 
84090 
81870 
87720 
86020 
85020 
82230 
87440 
94710 
82310 
84810 
91940 
87180 
85530 
87400 
81470 
86360 
77580 
89850 
82490 
91270 
87680 
86270 
84990 
94300 
82670 
88070 
93740 
82960 
94900 
93800 
91870 
92280 
88820 
81650 
84970 
83940 
86510 
94980 
88610 
87540 
93860 
99240 
92640 
85360 
80020 
86980 
84270 
83630 
92340 
81310 
89350 
90200 
89630 
93270 
79870 
83460 
86800 
84580 
94410 
94660 
82390 
89740 
85840 
85560 
94580 
84390 
89260 
99720 
81540 
59480 
89320 
80810 
90660 
94830 
91390 
80700 
80110 
79800 
96450 
87730 
83460 
91810 
82640 
85400 
91170 
83180 
90140 
81840 
81090 
89180 
83660 
83020 
91160 
94620 
90520 
92800 
83540 
82060 
89530 
87850 
51980 
84520 
81200 
99310 
91410 
83480 
86230 
86660 
83480 
90490 
82070 
90630 
95290 
91630 
91480 
88560 
55010 
82470 
83580 
87070 
54690 
95380 
89960 
92260 
84470 
90610 
94650 
83440 
81140 
89200 
86700 
52380 
90080 
89330 
87260 
94080 
87080 
84940 
79120 
82450 
88810 
85550 
87810 
54150 
104170 
52330 
83900 
82550 
80160 
88760 
80780 
90350 
86360 
97500 
91340 
90220 
50590 
94960 
81630 
81790 
90390 
87420 
95510 
92610 
89730 
86470 
97120 
92520 
88210 
85220 
84790 
90100 
83710 
93220 
91300 
84430 
90220 
86880 
94520 
84540 
84500 
84290 
92110 
90970 
52910 
91410 
90630 
96360 
83930 
87760 
83210 
88950 
88400 
101790 
84100 
94350 
90910 
85690 
91780 
88830 
90640 
88590 
81540 
92390 
95380 
83420 
85050 
87460 
91240 
81370 
86290 
79390 
84170 
91680 
100160 
91470 
84140 
46150 
91120 
92250 
84200 
49650 
84620 
46400 
47870 
90120 
47690 
87280 
54560 
87290 
48450 
79830 
84480 
87840 
81760 
88970 
45850 
87220 
81910 
99280 
82960 
90180 
85000 
88720 
50660 
87290 
47030 
94220 
85190 
93470 
82230 
90530 
79820 
85940 
50970 
91700 
82880 
99410 
80400 
48550 
88980 
85280 
85890 
82240 
81590 
53940 
88800 
88540 
95100 
47890 
86160 
49530 
85820 
45590 
82010 
51230 
86230 
45620 
89860 
88480 
44950 
82500 
51190 
87960 
46670 
87410 
97640 
89030 
58610 
90320 
47130 
92230 
54730 
85560 
82360 
79400 
95510 
48930 
55580 
50260 
86530 
92200 
88560 
89050 
51670 
83130 
85350 
90570 
95050 
51230 
91220 
90570 
46960 
53630 
82120 
80800 
90760 
86340 
53260 
92700 
47150 
83710 
52670 
92890 
46560 
80830 
82370 
51220 
89630 
53410 
95360 
92420 
89710 
51180 
85940 
47350 
83930 
50950 
85310 
49700 
59120 
91400 
82740 
46450 
91670 
80830 
90740 
48490 
91340 
49040 
52230 
93320 
91530 
48070 
85730 
47900 
83060 
47300 
85300 
88370 
85750 
84880 
80860 
93490 
88060 
46880 
83520 
46700 
83910 
83680 
46960 
82390 
50540 
91390 
46390 
88440 
80620 
83410 
50140 
82940 
51550 
92010 
87840 
74040 
50950 
51340 
49630 
49360 
93880 
50130 
46910 
52100 
46040 
50680 
46910 
93220 
95300 
46010 
80750 
47370 
84590 
45060 
50780 
48660 
50770 
54470 
88000 
45190 
82650 
45670 
53180 
86550 
50780 
47770 
95580 
47490 
58070 
51740 
86670 
46850 
96940 
47150 
81300 
75210 
52400 
48590 
54530 
47970 
82080 
81190 
50490 
86960 
46790 
54030 
49210 
48750 
46860 
52740 
46330 
84940 
48680 
82690 
77250 
97160 
89030 
91700 
45040 
48970 
49690 
83070 
46900 
45610 
47780 
46770 
54050 
47930 
48810 
52130 
53020 
86090 
49250 
82930 
45550 
53850 
88330 
50120 
50420 
83370 
48540 
44690 
79390 
85990 
86540 
51800 
91400 
49650 
48260 
49850 
50100 
94410 
46590 
48980 
47250 
48390 
53190 
45700 
50190 
84440 
49360 
88520 
46740 
46410 
49020 
50520 
86290 
50810 
90300 
74740 
93900 
86990 
47940 
48330 
47840 
48360 
90110 
51800 
48440 
50900 
86040 
87650 
46560 
84100 
44950 
47280 
94100 
46050 
44790 
49600 
85990 
94060 
46330 
47210 
50330 
51340 
84380 
47870 
52730 
45950 
46990 
87120 
53990 
51810 
49230 
48350 
87740 
68960 
48060 
77980 
50490 
85180 
72720 
53740 
49430 
49180 
49350 
48240 
78680 
53020 
89110 
48020 
92060 
50990 
46730 
75370 
51160 
70320 
51130 
49790 
47350 
48260 
71420 
48330 
50810 
49820 
46810 
45180 
72680 
47500 
46640 
54090 
68160 
45030 
52030 
48060 
48880 
49150 
48950 
56870 
47600 
51820 
72610 
52980 
60520 
47200 
67900 
48210 
70290 
53810 
75080 
50250 
68080 
48920 
73300 
52610 
50150 
47960 
51750 
44360 
54520 
52810 
76890 
46330 
52090 
50840 
45690 
47830 
70680 
48670 
71500 
49980 
73770 
51390 
50680 
47120 
82970 
46210 
44850 
47470 
77860 
47180 
50650 
66610 
85330 
71280 
53200 
45170 
82220 
44980 
92910 
70520 
56070 
71640 
55850 
71070 
48300 
66220 
45650 
47630 
51110 
72370 
47720 
66980 
51210 
69860 
54040 
66590 
49440 
81490 
49340 
48130 
49260 
75500 
50520 
76530 
82910 
74030 
48700 
44580 
49430 
69750 
52480 
65310 
48690 
71520 
53190 
68930 
48020 
92270 
46980 
70490 
72900 
51880 
90780 
49510 
67900 
50230 
70950 
47760 
46430 
70700 
52890 
83380 
87760 
69010 
48760 
71040 
52580 
47410 
48890 
65090 
49030 
74700 
90440 
74740 
47150 
81940 
51990 
86760 
66980 
65880 
77490 
45870 
48130 
48040 
78200 
49590 
50640 
89420 
63190 
46750 
53070 
46160 
53710 
89840 
48000 
49880 
49400 
