69500 
75030 
65750 
74840 
62910 
76590 
62090 
68830 
49350 
50740 
48060 
56210 
44620 
55250 
45940 
59990 
48040 
50580 
46230 
39410 
32460 
27720 
25930 
25890 
22530 
21290 
27140 
26220 
23240 
24240 
22090 
25740 
21890 
21230 
25050 
25800 
21940 
22420 
23560 
24840 
25080 
22770 
29110 
27780 
23520 
23520 
24180 
28770 
23080 
35540 
33500 
54390 
24350 
30060 
34300 
36440 
27810 
28630 
33170 
36530 
28360 
31100 
30400 
37780 
27020 
30330 
34340 
37820 
27500 
32040 
33790 
36530 
28210 
29860 
33540 
36960 
23960 
22030 
22620 
27650 
24390 
22680 
24320 
28960 
24920 
24610 
49320 
49400 
29820 
27080 
28590 
27760 
22340 
21700 
23020 
25010 
22380 
22330 
22830 
42910 
23320 
22490 
25140 
24410 
22280 
21460 
25010 
26920 
20550 
26730 
24870 
31470 
20450 
28280 
22130 
21280 
24260 
48800 
27510 
30100 
33060 
37280 
27580 
31800 
32060 
34060 
27680 
30380 
35010 
36900 
26830 
30350 
32910 
37870 
28380 
29800 
33860 
36710 
29330 
31210 
31420 
36740 
29640 
35280 
28900 
26960 
21390 
22430 
25960 
29450 
22410 
26230 
25820 
25740 
28830 
39470 
40310 
35130 
22740 
23560 
24890 
26230 
21500 
20450 
25110 
25930 
21690 
21440 
22820 
25830 
23140 
23820 
21830 
24050 
20520 
21720 
24410 
25250 
21260 
31910 
50990 
32260 
28130 
26350 
23230 
25350 
42900 
38700 
28750 
32580 
32520 
37620 
32890 
43890 
62050 
72950 
59160 
74790 
59810 
69830 
87220 
77200 
60530 
76660 
60570 
79400 
65040 
74830 
63130 
73950 
61210 
80500 
41960 
60360 
46670 
131670 
57350 
59040 
56060 
57490 
53370 
62190 
27970 
45890 
35200 
40030 
24130 
26440 
23960 
24490 
25100 
25300 
24320 
21050 
25420 
26570 
23250 
25260 
23870 
25170 
57170 
53560 
47480 
55170 
48870 
28580 
27880 
27230 
21590 
27440 
23170 
23990 
26970 
28020 
27300 
32090 
36210 
37290 
31520 
29950 
34120 
34740 
29760 
31040 
34690 
35730 
27110 
35340 
28740 
29850 
33460 
38390 
30170 
29600 
32830 
35170 
30640 
30670 
33900 
35890 
30960 
29020 
27380 
24770 
24380 
21710 
23660 
30710 
27220 
31690 
22500 
49390 
38230 
34450 
36490 
28460 
24080 
20800 
24320 
26930 
23870 
23320 
44510 
30010 
24830 
25080 
22610 
20630 
23630 
24920 
23860 
20490 
24060 
28780 
21340 
25840 
28680 
24270 
49520 
31440 
26690 
24470 
22790 
33990 
34640 
35830 
29770 
29540 
33690 
36160 
30070 
29930 
32290 
36570 
29860 
29830 
33140 
35880 
30310 
29350 
33680 
35750 
30440 
28430 
33720 
35620 
29800 
29740 
32620 
36670 
24850 
22210 
26760 
26460 
25260 
20510 
24130 
29970 
25260 
22470 
49840 
47550 
30990 
25340 
22880 
25870 
22440 
22090 
25160 
25860 
23270 
22680 
25460 
24290 
23650 
21470 
24780 
25070 
23240 
21100 
23540 
24100 
22980 
22060 
26260 
25450 
23910 
21380 
31540 
30580 
24310 
36480 
35590 
37730 
30310 
32430 
35850 
36080 
28650 
31710 
35100 
35630 
30000 
30390 
37220 
36820 
29560 
29120 
33550 
37800 
28270 
29390 
33030 
35340 
29220 
31070 
38260 
42170 
20090 
25110 
21220 
23190 
26290 
25160 
21620 
25580 
28090 
28500 
24630 
39530 
39400 
36860 
24750 
21730 
25170 
25700 
21520 
22540 
25570 
25600 
21710 
20780 
25910 
24850 
45670 
53990 
41430 
53390 
44550 
52810 
44410 
51730 
49110 
58350 
45840 
55630 
46280 
52860 
48720 
55940 
74410 
77970 
58990 
75510 
82800 
70510 
70460 
69700 
77610 
73940 
72190 
72890 
71480 
70560 
69060 
71380 
68920 
74100 
70500 
73810 
77710 
71490 
69790 
70740 
69890 
72920 
75030 
56560 
49210 
54090 
55600 
56370 
51910 
53250 
55320 
55040 
56440 
99100 
84380 
74650 
64140 
53600 
56130 
55730 
51750 
50310 
52080 
54170 
52620 
50570 
49760 
51950 
56710 
49790 
60000 
30640 
25040 
25360 
23880 
25390 
26220 
21990 
19100 
26190 
24060 
20580 
17680 
28000 
40020 
27180 
22850 
36320 
30570 
27750 
26450 
37170 
31510 
25360 
24760 
38390 
29790 
27930 
25070 
36090 
34250 
26670 
22440 
35320 
33280 
26570 
25180 
37090 
35640 
26510 
29650 
31020 
23990 
20410 
18620 
27280 
24930 
20520 
19720 
27670 
24050 
36110 
35190 
37660 
32660 
20660 
19790 
28040 
22840 
20820 
16670 
25610 
23900 
20440 
17690 
26440 
25490 
21920 
20010 
22210 
22570 
19670 
18170 
27580 
22490 
23270 
24720 
28160 
27960 
24050 
24480 
22900 
25260 
38340 
32830 
31140 
33840 
32980 
34840 
34790 
34880 
34660 
33860 
33910 
34390 
32200 
35180 
33240 
34080 
33470 
58870 
33790 
30060 
33010 
28890 
37420 
27470 
53420 
28720 
35530 
23660 
22670 
21480 
24850 
23640 
24210 
22460 
29050 
23600 
24690 
34380 
45150 
28860 
30200 
21130 
23300 
23500 
24090 
26050 
25940 
21960 
24200 
22130 
22620 
22350 
22650 
21840 
22580 
21930 
26750 
21560 
22570 
22660 
22440 
21230 
22650 
21270 
24320 
22250 
24810 
21750 
43390 
28280 
33380 
26170 
36050 
31900 
55390 
30750 
33450 
29640 
33580 
27030 
34790 
27880 
31760 
27920 
33150 
28030 
36270 
28610 
34500 
28340 
34180 
28240 
34180 
27710 
37650 
23610 
25880 
21490 
24950 
22210 
24890 
20690 
28560 
22610 
26140 
26240 
44730 
31390 
47900 
24240 
24020 
19920 
24440 
21290 
22570 
21520 
23180 
22270 
24120 
24480 
28390 
21270 
24570 
21430 
26680 
23640 
24140 
22460 
23820 
22780 
28630 
27490 
28500 
22720 
25550 
21970 
25370 
31430 
34190 
30830 
35190 
28480 
36390 
27500 
35780 
26580 
32710 
26860 
33610 
27850 
35420 
27160 
34100 
27150 
34750 
28340 
35610 
28640 
31920 
26920 
35340 
27880 
32290 
30180 
24250 
21690 
26030 
21810 
24450 
21810 
26020 
23730 
23900 
21870 
44320 
33910 
36340 
25040 
22280 
22140 
23060 
22220 
23560 
21690 
26780 
20670 
25050 
22060 
23600 
20970 
25080 
22410 
25290 
22020 
24490 
21360 
24570 
22400 
24650 
20350 
25650 
21940 
24120 
21930 
24230 
25720 
33150 
27300 
33250 
29500 
33580 
31130 
42540 
29520 
34810 
27230 
33710 
27110 
36390 
31730 
34780 
27620 
33990 
26990 
33430 
27810 
32400 
28650 
34310 
27940 
34330 
27690 
32700 
23040 
24130 
22960 
25070 
21400 
23270 
23050 
32960 
24320 
40050 
48910 
4109800 
71130 
26800 
23580 
25130 
24600 
24270 
24860 
23730 
23880 
22750 
23290 
28990 
24180 
23360 
23250 
22850 
22800 
23870 
22080 
24220 
23410 
24740 
25050 
24270 
23600 
23820 
24200 
25130 
25850 
38070 
38200 
35680 
32540 
34860 
31970 
35120 
31870 
33010 
34200 
33070 
31940 
33270 
31800 
35050 
31730 
34240 
32590 
33930 
34270 
35710 
32770 
34820 
33190 
33840 
33420 
31910 
25090 
21850 
22740 
25370 
25460 
22780 
24000 
23960 
26720 
29660 
41350 
42850 
32660 
25370 
25310 
23500 
23900 
25540 
29290 
27210 
24110 
22580 
22990 
21480 
24280 
31370 
24640 
24680 
24590 
22580 
26150 
23230 
23920 
22990 
24570 
24060 
24580 
22630 
23330 
24310 
26350 
43190 
33420 
37070 
33740 
34740 
33250 
32760 
35890 
33850 
34280 
34480 
32200 
31030 
32930 
38360 
33150 
34620 
30310 
34670 
31690 
31630 
33350 
31800 
32790 
31770 
31700 
36530 
27490 
22440 
22960 
25310 
25610 
24470 
22470 
33720 
26630 
25100 
47930 
45980 
34020 
28570 
27700 
33800 
28820 
27250 
26700 
25540 
26190 
24540 
22060 
27740 
24230 
23010 
24620 
25740 
23700 
22310 
23440 
23730 
22850 
21510 
24420 
22690 
24460 
24740 
22860 
24040 
24560 
27960 
39200 
33330 
29950 
31980 
36050 
34910 
31890 
44190 
16410 
34080 
29760 
34720 
27200 
32850 
28000 
55360 
29050 
34210 
27150 
32910 
27080 
34090 
28600 
36460 
29340 
26920 
35790 
28860 
20530 
19590 
22090 
27340 
22290 
25520 
49320 
58080 
52310 
50560 
93140 
68930 
56260 
43570 
46770 
45660 
45390 
50570 
46040 
41430 
48660 
40130 
44760 
40710 
44040 
43340 
47360 
42720 
49310 
61820 
19240 
23200 
172420 
64060 
52180 
56960 
50270 
51380 
49610 
29700 
42310 
36250 
28880 
25880 
31120 
36540 
28120 
27780 
30950 
36630 
26900 
27060 
31640 
35730 
27630 
25940 
33740 
36960 
29870 
25670 
30500 
37990 
28000 
26870 
31200 
36550 
30050 
21460 
23980 
27710 
21710 
18360 
22230 
43110 
23930 
24690 
22900 
49660 
34120 
36880 
30860 
30070 
23300 
25900 
21960 
23550 
22110 
23030 
20800 
22710 
21900 
21850 
21900 
24240 
21890 
24010 
20150 
24040 
21100 
23370 
21050 
23370 
23750 
25010 
22750 
24490 
23420 
25890 
23310 
40460 
29450 
34330 
28070 
32780 
26240 
32670 
28520 
33980 
29470 
33180 
28850 
36020 
27950 
31350 
28450 
33670 
27550 
33640 
27040 
31900 
29620 
33810 
29450 
34160 
28640 
33850 
23110 
25240 
21700 
24340 
21640 
24080 
21780 
27110 
22750 
25720 
34410 
41600 
29650 
30100 
21940 
24510 
21640 
24050 
21630 
22800 
22150 
23320 
21710 
24240 
22860 
23880 
21550 
23560 
21630 
23430 
22190 
22900 
21490 
24040 
22140 
23610 
20460 
21230 
29090 
30200 
23170 
35640 
33930 
36530 
30670 
32110 
34600 
33200 
29580 
29330 
35200 
54740 
26130 
35880 
33460 
35530 
61020 
42030 
34480 
54220 
27990 
29160 
34550 
38100 
29510 
32400 
34620 
39380 
24950 
22940 
26720 
26160 
22770 
26530 
25220 
29790 
20430 
21900 
50360 
45950 
31030 
29670 
28630 
26300 
25290 
21960 
26570 
25850 
22680 
22750 
25160 
27100 
22900 
24560 
24850 
25160 
21830 
23410 
29120 
23480 
24000 
25030 
22160 
23430 
27820 
27680 
21470 
23120 
24830 
27510 
33830 
30860 
35740 
36090 
28150 
33520 
36110 
34800 
29250 
30170 
35350 
29220 
30480 
38120 
30320 
32130 
35950 
32990 
28870 
32360 
35260 
34400 
29060 
31470 
35060 
35220 
29870 
24040 
23520 
47490 
23580 
23690 
25090 
46070 
24440 
24610 
25250 
49630 
33730 
32440 
31700 
27390 
21280 
22050 
24590 
26190 
22740 
22180 
25310 
25290 
23670 
24320 
26140 
25430 
22400 
22320 
26490 
26460 
28370 
25600 
25970 
28100 
22410 
23740 
30880 
26440 
23610 
24500 
41450 
36790 
28810 
32240 
38060 
38650 
28460 
31740 
35980 
32530 
33970 
35280 
29040 
30230 
36090 
35840 
28980 
29890 
34570 
36390 
29400 
32120 
36110 
36080 
28090 
33170 
37900 
29410 
22050 
21030 
27900 
30000 
22590 
25160 
27270 
28380 
25790 
46830 
44250 
37610 
26700 
25120 
36830 
29010 
23910 
20500 
25470 
26060 
22710 
21840 
26500 
25410 
22280 
22970 
26820 
22220 
22380 
26330 
21740 
21430 
23850 
25200 
25170 
25870 
26030 
24980 
26190 
24440 
28230 
39910 
25300 
29000 
31900 
36240 
29490 
29380 
35100 
34360 
29990 
32250 
36090 
36360 
28640 
30880 
38920 
35390 
28360 
29810 
35240 
35600 
28830 
35700 
40390 
35350 
28950 
30290 
27270 
26430 
23190 
23090 
27520 
25790 
24540 
25830 
30600 
26030 
45440 
42090 
29940 
26840 
25890 
26000 
23850 
24210 
27470 
24340 
22720 
22370 
23740 
25260 
21650 
22650 
27200 
25290 
22670 
21790 
24210 
23440 
23430 
20810 
26370 
25510 
23590 
24410 
25280 
27280 
21820 
38900 
35250 
35580 
28620 
29600 
39100 
40930 
26940 
30330 
31650 
34140 
28790 
31230 
34060 
36340 
23480 
29750 
33530 
35750 
26740 
27710 
33070 
35860 
28500 
30630 
33720 
55680 
23290 
22010 
27020 
27120 
21560 
32440 
48180 
63800 
54340 
55320 
51500 
88830 
142850 
72390 
46550 
54410 
47030 
55440 
46410 
54960 
48980 
56780 
45220 
57960 
50150 
54400 
46300 
54650 
49070 
53280 
43290 
52530 
47760 
60260 
44240 
56530 
45370 
34180 
30810 
26660 
21470 
21100 
39120 
36800 
30100 
29010 
33060 
32830 
29050 
33930 
31800 
37140 
28160 
30510 
32690 
34080 
29410 
29790 
34690 
35070 
28580 
31010 
31460 
33880 
28920 
30110 
30370 
35280 
30150 
23530 
25880 
23960 
24560 
22940 
24140 
27290 
26590 
22690 
24710 
49960 
34530 
29820 
24340 
25040 
22970 
22620 
24350 
25980 
23230 
19490 
24570 
25950 
23400 
131910 
22950 
23710 
23430 
21280 
21520 
24480 
25740 
24280 
28470 
25600 
23840 
22630 
29000 
25900 
23070 
30640 
34830 
35900 
29830 
31470 
32110 
35970 
28540 
30970 
32960 
35170 
29430 
29330 
33790 
33990 
87890 
76330 
62430 
75730 
34960 
75230 
60460 
74830 
60220 
77920 
61250 
74270 
39830 
69250 
48040 
54160 
47820 
66740 
27810 
22810 
27270 
24060 
19380 
48210 
37200 
35350 
21000 
23530 
24780 
24530 
18000 
24460 
23900 
21780 
20420 
27070 
24420 
24540 
18950 
27170 
22240 
23790 
18930 
25960 
22770 
23630 
18820 
28620 
22290 
25560 
18520 
28030 
24580 
24190 
27590 
39040 
31200 
31540 
27170 
35970 
31790 
29020 
26630 
36380 
29380 
30340 
25250 
36540 
31510 
30870 
25940 
36890 
30700 
29800 
26590 
35950 
30650 
31460 
27390 
37940 
29560 
38140 
12140 
26800 
24790 
22380 
26200 
25830 
23830 
29710 
31420 
25580 
34130 
34450 
35630 
29500 
21860 
22180 
23520 
24010 
22000 
21390 
24500 
27190 
22000 
22440 
24110 
24380 
23220 
21020 
23510 
26210 
22420 
22510 
24960 
23620 
22510 
25470 
25740 
27830 
23100 
22520 
24040 
43130 
28380 
29220 
32510 
33500 
28450 
31990 
31360 
33020 
28400 
31650 
31910 
35990 
27740 
31380 
33390 
34540 
28690 
30210 
34700 
34980 
27850 
29580 
33320 
33670 
29490 
32770 
24750 
24550 
20690 
22580 
25220 
26030 
21960 
25560 
26140 
26640 
36500 
50730 
119020 
72160 
52630 
56270 
44770 
53430 
42310 
29230 
26060 
24200 
23380 
15920 
20830 
24660 
23350 
49700 
27460 
26560 
50800 
41840 
24370 
56270 
43430 
61720 
46380 
55690 
7776020 
63120 
59540 
75800 
73330 
73530 
70590 
75580 
74910 
74920 
71620 
73330 
77220 
76610 
76640 
69940 
71640 
71290 
74130 
74290 
71040 
73400 
70380 
73110 
73650 
72890 
70440 
72450 
76310 
80160 
74000 
52470 
51460 
54270 
58370 
56480 
52880 
53990 
57820 
57840 
72910 
90880 
84330 
75360 
59210 
55660 
52790 
52270 
51020 
53450 
53340 
52240 
53240 
54450 
49390 
52480 
52530 
56060 
48140 
54540 
51860 
56630 
54340 
52810 
53150 
57000 
53930 
55640 
54560 
54000 
54290 
53060 
86350 
79090 
71330 
76530 
73440 
76650 
75680 
73060 
72330 
71570 
72930 
72220 
72630 
74560 
68750 
82270 
18190 
38020 
62240 
43210 
37830 
36110 
26000 
37640 
65830 
72870 
67360 
63470 
51630 
53940 
47260 
56670 
49020 
52990 
47130 
31800 
23560 
51370 
34050 
34020 
32960 
23380 
24190 
25880 
22380 
21870 
22900 
23630 
23610 
21610 
23040 
24050 
22270 
25770 
25680 
24420 
21620 
20140 
23900 
24650 
23640 
20880 
23300 
24910 
24310 
26300 
24260 
25160 
21900 
36000 
34050 
34530 
29420 
28970 
32790 
35870 
28400 
30340 
34280 
34100 
29170 
31670 
31810 
35510 
28670 
31170 
32770 
33640 
29210 
28750 
34150 
34270 
29520 
30820 
31580 
33290 
26440 
23060 
23370 
25850 
23290 
22330 
