119860 
49450 
51030 
46660 
50340 
44980 
44340 
47380 
45700 
46290 
68460 
47510 
45950 
45970 
57720 
50210 
43470 
44440 
40820 
22010 
48720 
41060 
20480 
46370 
55070 
21130 
46980 
40210 
19940 
25800 
20000 
15540 
41170 
20430 
18780 
47540 
23160 
18740 
48700 
18630 
20560 
63840 
20720 
17590 
45540 
20670 
23440 
51980 
19560 
18080 
49740 
19990 
19810 
46100 
18230 
19050 
53430 
22080 
19180 
45030 
19510 
19400 
48050 
28590 
24960 
52060 
22020 
18660 
48490 
21470 
17880 
65490 
21290 
22100 
45660 
19840 
18500 
46670 
20790 
19930 
45600 
20890 
17990 
49810 
21610 
18740 
46410 
22000 
18910 
47990 
21330 
18870 
46980 
22580 
19220 
45850 
24400 
21130 
52230 
21760 
18470 
47730 
21270 
18570 
46870 
19780 
17590 
45140 
21930 
17960 
46670 
20900 
17830 
48410 
28620 
24360 
49290 
19510 
18240 
47160 
23630 
18900 
45680 
21650 
20820 
49700 
20120 
17750 
73200 
21970 
19570 
49780 
20210 
18700 
46590 
20280 
19890 
45220 
23570 
19290 
49280 
23320 
19010 
45790 
20900 
18860 
60600 
24480 
18110 
50210 
22510 
18950 
48960 
21650 
18130 
47030 
24270 
20300 
48970 
20390 
17910 
47040 
23120 
18610 
46770 
22200 
18530 
50080 
19300 
17530 
51980 
23000 
19050 
58980 
21540 
19440 
22920 
23530 
21640 
22320 
22950 
18940 
23080 
26320 
19420 
22120 
23490 
19890 
23690 
24000 
19610 
21950 
23360 
21130 
20400 
25910 
20980 
22450 
23660 
19980 
22860 
24520 
19820 
22030 
24580 
19010 
21670 
24090 
20040 
23600 
23280 
19420 
22830 
23600 
20070 
23040 
24520 
19370 
22590 
41240 
35760 
19410 
23140 
20000 
24040 
29410 
21220 
25150 
24230 
20000 
26260 
53840 
44490 
22350 
24190 
20720 
22770 
22750 
19070 
23560 
24870 
20060 
22190 
22670 
21620 
22320 
26610 
20160 
24310 
23300 
19640 
23010 
23260 
19280 
22440 
23330 
20600 
24420 
24630 
19340 
22130 
23400 
20540 
22150 
23550 
20020 
22810 
25400 
21050 
21900 
24190 
19210 
23340 
23170 
20680 
28800 
27830 
22040 
21570 
24580 
18200 
21100 
25190 
20170 
22000 
22590 
19730 
23060 
45660 
39030 
22760 
23550 
19090 
24870 
24530 
21940 
48220 
22430 
18750 
46850 
22520 
18210 
47550 
21660 
19270 
45300 
20700 
36810 
20560 
24820 
18520 
21190 
23480 
18140 
22100 
24340 
18220 
20210 
24410 
19390 
21190 
24330 
17450 
18210 
24660 
24600 
25800 
25210 
19020 
21940 
24900 
18500 
19810 
22470 
18650 
20890 
23910 
18350 
20570 
26520 
19320 
20180 
22140 
18170 
20080 
25140 
17800 
19420 
22530 
19470 
19280 
22890 
19640 
19620 
47150 
22360 
19020 
21550 
22240 
21120 
46840 
21600 
18640 
21910 
20240 
19970 
68030 
40850 
18780 
20360 
20690 
20530 
23950 
20160 
19860 
47290 
21470 
18350 
21120 
19720 
18740 
20670 
19410 
20430 
20950 
19550 
18920 
20930 
21710 
19060 
20250 
19760 
19020 
22130 
19290 
19180 
45850 
21820 
18350 
21770 
19700 
19690 
46030 
22820 
24690 
26030 
22170 
21840 
49660 
48920 
44760 
44350 
47660 
45980 
51400 
43420 
40320 
46380 
20440 
18080 
21850 
20780 
18880 
22260 
20080 
20380 
21450 
20110 
19570 
43210 
20760 
19710 
19800 
19780 
18480 
25240 
19720 
18530 
21810 
21270 
19770 
21980 
20450 
19590 
21540 
19270 
19320 
24250 
20400 
17890 
48490 
23570 
19210 
44760 
25390 
22890 
49010 
21390 
17680 
51510 
26000 
19910 
48470 
21160 
17720 
45640 
21980 
27310 
59220 
41890 
21370 
48140 
54260 
22780 
46740 
39230 
21660 
48150 
38890 
19880 
46080 
40650 
22150 
49370 
40960 
22430 
46750 
40960 
22760 
62560 
54960 
20920 
46100 
41610 
20630 
45190 
40160 
20150 
49390 
41000 
19850 
51850 
42660 
21730 
58000 
49380 
22810 
44750 
42040 
21790 
46300 
38670 
20100 
47610 
43460 
19640 
44460 
38900 
19930 
49470 
42740 
20030 
44100 
39250 
22670 
46310 
40500 
19060 
45070 
40170 
23360 
46590 
40440 
19290 
46520 
50930 
21030 
45370 
40810 
20060 
51420 
41420 
19680 
44420 
40920 
19380 
23270 
18510 
19090 
70010 
64940 
22190 
44500 
37580 
20180 
45560 
42590 
20810 
21230 
17170 
23390 
50070 
41530 
20170 
46110 
46320 
20990 
46870 
40800 
21250 
24210 
21650 
16660 
27260 
18040 
15430 
25030 
20730 
13970 
23760 
18860 
15230 
28080 
24090 
25810 
48820 
41850 
21790 
27160 
22210 
20350 
46310 
40670 
24690 
23650 
21490 
20220 
23560 
21880 
20010 
29500 
22260 
20870 
25100 
20510 
19980 
26880 
19540 
19800 
25910 
35010 
19580 
20670 
22160 
21220 
18550 
20500 
21580 
18920 
22480 
20780 
17400 
23550 
21070 
19040 
21760 
20350 
19220 
45620 
21050 
19470 
21390 
20560 
18050 
28390 
23450 
22060 
21820 
19360 
18560 
24890 
21490 
19190 
44830 
21470 
18170 
20660 
19990 
18590 
21190 
19440 
22020 
22360 
19830 
20250 
45310 
22990 
17960 
44390 
20160 
17920 
52370 
21570 
16700 
21300 
20650 
18750 
21650 
19910 
20180 
43820 
20530 
20210 
20840 
19500 
17990 
21060 
22480 
19470 
47220 
20410 
18020 
49800 
25770 
21950 
21570 
19930 
19750 
47760 
41680 
21580 
43570 
21380 
18660 
20130 
20270 
19480 
21670 
20920 
19840 
21960 
19900 
19050 
22020 
20680 
19460 
24120 
20150 
20050 
22370 
19860 
20130 
21870 
20400 
21920 
20590 
19960 
19730 
21510 
23210 
19680 
20800 
19040 
20340 
22090 
19620 
19210 
21910 
19860 
20390 
22100 
19050 
23100 
24070 
20430 
20290 
20540 
20390 
18550 
19390 
23130 
20080 
21280 
19620 
18880 
23790 
20580 
19120 
21850 
19360 
19740 
22450 
19620 
20240 
21680 
19590 
21070 
23330 
20920 
19170 
62140 
22000 
19860 
29850 
18180 
21310 
24650 
18470 
19270 
17400 
18110 
16370 
22960 
17060 
15860 
23690 
17730 
16720 
22530 
19350 
16920 
24060 
18790 
16470 
22900 
18120 
16070 
24150 
17630 
15130 
22000 
18420 
15980 
23730 
17800 
16400 
22790 
19030 
16880 
43660 
19170 
15800 
23350 
18780 
15060 
23190 
17940 
15740 
27050 
18960 
17620 
22990 
18420 
23240 
61430 
39420 
21290 
22790 
17880 
15260 
24590 
18730 
18530 
23830 
19570 
16060 
23930 
18610 
15130 
26530 
17400 
16290 
24540 
17500 
15600 
24410 
17380 
15650 
26600 
18310 
18490 
23890 
17950 
15870 
22960 
19980 
15150 
22240 
17510 
19390 
26060 
17950 
18630 
24060 
18120 
15560 
23630 
17960 
19180 
23920 
19580 
21300 
44020 
48860 
19040 
51480 
21280 
18840 
43580 
21980 
16920 
22220 
19840 
18820 
22140 
20550 
19630 
44840 
21340 
17820 
20670 
20520 
22750 
24290 
20360 
19960 
21300 
20630 
19180 
20420 
19870 
19390 
44930 
21360 
17900 
21150 
20670 
20490 
46450 
21150 
17740 
20770 
20130 
20630 
43930 
20470 
18110 
20730 
23630 
20100 
21150 
20370 
20240 
52160 
22730 
17520 
43590 
21080 
18200 
44300 
19770 
18880 
46640 
21080 
19190 
63640 
36540 
19270 
21500 
24960 
19040 
18690 
23410 
19690 
20350 
23190 
17190 
21530 
22090 
18750 
19550 
27040 
23370 
27910 
25250 
21050 
19020 
21730 
20150 
21300 
26240 
19010 
19620 
22340 
18110 
19740 
23390 
17530 
20570 
28380 
20160 
23230 
47400 
21570 
19850 
23490 
23360 
19150 
47050 
21550 
18130 
48340 
23180 
18390 
46680 
22220 
18760 
21330 
19690 
19350 
45940 
22680 
19270 
20770 
20540 
24310 
53350 
26280 
19480 
20340 
19860 
19540 
27800 
23870 
19970 
65640 
38620 
18090 
21720 
20290 
20570 
21140 
24280 
27850 
23530 
19740 
22470 
24980 
21700 
20530 
25530 
19990 
16280 
26590 
18780 
16560 
22620 
18120 
25750 
54560 
40750 
21020 
23250 
18710 
21060 
45710 
40990 
22560 
22730 
19550 
15990 
43930 
22620 
17720 
22650 
20070 
20080 
20590 
20640 
19170 
58390 
15370 
22890 
28340 
25890 
18840 
22760 
20540 
21470 
46530 
50650 
43430 
44040 
46470 
45090 
49070 
52620 
42590 
45120 
21060 
18970 
21470 
19970 
19170 
42120 
22230 
21710 
48540 
20860 
18510 
45350 
23470 
17180 
21370 
20350 
19890 
48940 
22240 
17020 
48500 
21430 
18400 
46530 
21090 
18070 
21000 
19920 
20700 
43660 
22210 
20230 
21310 
20930 
18260 
42380 
21800 
18260 
48080 
20750 
17310 
22260 
19640 
19010 
44180 
20240 
17410 
53790 
21870 
18320 
43320 
20460 
19950 
46300 
24070 
17370 
50600 
23490 
17350 
50810 
20060 
18060 
60450 
25590 
18500 
47300 
20880 
17430 
46200 
20900 
19520 
45890 
21640 
18500 
66700 
23520 
18540 
66060 
37890 
19110 
50040 
21940 
20740 
45860 
21360 
16890 
48760 
21920 
17160 
47090 
21030 
19660 
46310 
21190 
18770 
44230 
22740 
17640 
41000 
21890 
16970 
47420 
21590 
18860 
45320 
22010 
16990 
52600 
21680 
17590 
47490 
21820 
24190 
57230 
42220 
20470 
22740 
21260 
20670 
22830 
19090 
19790 
24840 
18150 
18670 
23280 
17580 
19090 
44380 
44010 
21340 
44830 
40850 
21830 
24480 
17810 
19840 
22810 
18100 
18780 
23740 
19410 
19060 
25430 
19300 
19610 
24740 
18000 
22270 
25560 
18760 
20190 
24120 
17870 
20590 
23640 
17830 
19380 
33150 
23590 
20110 
27010 
23490 
21080 
51660 
41400 
20260 
22650 
17760 
18480 
25150 
18250 
19270 
23710 
18700 
19680 
23910 
18350 
20300 
46030 
43980 
20440 
28080 
19920 
19290 
25130 
17540 
20320 
47360 
40030 
20810 
23590 
18190 
19160 
23080 
18530 
20220 
22980 
18020 
20160 
47430 
43230 
20600 
45720 
42980 
21160 
25150 
17740 
21110 
25980 
19180 
19510 
23790 
18530 
18980 
23810 
17490 
15670 
45210 
21080 
18080 
20700 
21500 
18560 
14540 
25310 
18950 
20910 
23320 
19130 
15840 
24300 
17910 
16770 
23760 
21390 
17500 
24060 
19070 
18840 
25130 
19150 
13650 
28190 
21080 
16540 
24760 
21040 
17580 
23540 
20010 
15480 
24610 
19300 
16170 
22600 
17810 
15330 
21910 
21500 
14140 
26910 
22510 
16440 
25250 
20730 
13960 
24770 
18160 
15220 
25800 
21230 
13990 
30170 
19170 
17080 
24080 
17080 
16660 
24330 
19280 
16140 
29020 
21290 
16610 
26120 
20540 
16530 
25130 
20280 
14960 
45070 
43360 
20130 
50960 
22790 
19150 
47570 
38030 
20710 
23260 
19090 
19400 
43990 
41820 
22460 
49330 
42210 
19030 
53730 
43820 
20750 
45890 
39500 
19090 
24210 
18160 
22330 
46710 
38810 
21610 
24670 
20530 
15550 
22250 
18790 
19990 
50500 
40630 
20120 
22230 
18410 
19100 
47770 
38450 
21200 
46660 
44780 
23750 
23620 
17760 
24200 
57130 
47090 
19710 
45740 
42960 
21710 
25330 
18590 
20100 
47960 
40780 
19710 
23670 
18130 
18550 
24570 
19260 
21930 
65410 
54000 
20520 
23520 
18730 
14110 
22180 
65430 
18820 
50880 
40520 
19540 
23820 
18970 
19080 
26090 
67600 
15560 
42950 
22300 
19150 
65590 
19250 
22450 
47450 
24400 
18340 
21310 
20100 
19660 
47160 
22140 
17550 
71920 
21430 
19940 
45790 
20930 
17600 
76750 
21470 
20720 
44920 
18490 
20680 
28480 
25730 
17840 
86720 
20940 
21110 
51980 
20060 
18740 
45950 
20660 
19190 
44940 
21120 
18480 
23020 
27090 
22770 
46100 
24340 
18580 
103760 
102420 
19920 
44170 
22250 
18660 
97750 
18810 
19400 
46630 
21520 
17780 
60250 
26440 
17890 
94860 
20110 
19390 
26310 
21060 
19050 
45010 
24780 
18230 
17980 
23100 
18050 
47650 
21970 
17950 
44960 
21450 
18250 
48030 
21990 
17460 
45600 
22400 
19200 
45100 
19480 
19060 
43610 
22420 
24020 
31150 
22770 
19460 
49400 
21940 
18990 
46720 
21200 
17700 
46830 
21220 
17540 
50350 
20900 
18260 
93190 
21010 
18810 
107090 
24440 
18640 
47440 
21460 
16680 
46930 
21640 
17620 
47560 
22610 
17900 
24890 
18810 
20050 
45420 
20250 
19740 
48400 
21990 
19170 
59750 
28350 
22260 
18550 
23790 
18660 
49150 
24060 
19000 
46140 
27170 
21420 
50870 
22520 
17860 
98120 
20910 
19210 
94070 
22520 
19500 
46820 
20290 
18600 
46500 
23000 
20810 
46690 
21360 
20120 
48550 
24000 
18060 
47390 
22550 
17940 
88720 
79150 
20600 
45400 
20110 
19280 
51590 
22680 
18330 
18360 
25050 
19580 
20260 
25060 
18770 
19610 
48550 
42550 
23430 
46670 
39910 
22140 
22710 
19030 
15440 
40710 
22700 
18830 
21490 
20250 
18910 
45450 
21850 
17450 
21380 
18720 
18030 
24300 
19730 
21710 
44540 
21370 
20970 
47290 
22830 
19420 
45500 
20180 
18020 
48960 
20180 
16460 
47640 
20810 
23460 
55580 
20180 
17930 
49160 
20870 
19740 
44820 
18720 
19710 
62100 
22770 
19270 
51230 
23000 
18980 
48880 
21180 
16390 
45750 
21790 
17540 
47270 
20100 
17130 
47360 
20070 
19960 
47760 
21190 
20130 
45890 
22130 
17990 
45170 
23430 
17980 
49220 
25360 
20000 
48730 
21300 
17370 
47800 
19470 
16670 
48790 
21230 
18810 
54280 
25530 
20860 
45210 
22320 
19190 
44690 
21820 
17100 
46760 
21030 
17270 
46120 
20490 
18330 
51130 
18980 
17910 
48050 
20310 
20010 
44470 
19380 
18930 
46160 
22010 
18640 
45450 
20460 
19220 
47770 
37350 
17550 
45980 
21280 
21350 
48200 
19220 
17130 
46750 
20140 
20730 
44400 
21480 
20240 
58640 
22980 
18380 
44320 
20720 
18010 
61460 
20560 
16910 
45720 
21470 
17820 
48430 
19240 
18420 
47240 
18310 
19130 
46670 
22930 
19200 
48320 
22670 
18660 
44940 
19880 
18610 
48420 
19380 
17200 
46430 
20230 
17880 
48930 
19010 
18760 
46560 
19120 
20090 
43800 
18460 
18440 
47250 
21200 
19390 
45320 
19630 
18730 
71350 
19130 
18510 
65980 
20490 
18170 
47400 
17630 
18420 
48110 
19310 
19290 
44270 
18860 
20210 
46550 
23350 
19350 
45130 
20110 
18980 
48830 
19920 
17360 
48010 
20320 
18930 
46470 
19400 
17600 
47970 
21030 
18780 
42320 
20200 
17940 
104700 
27560 
19520 
45630 
21570 
21720 
51680 
21330 
17160 
46180 
21920 
17350 
47510 
20970 
18710 
46700 
22140 
19510 
45120 
21760 
17670 
45780 
21930 
18420 
43350 
21680 
17770 
49830 
22140 
16740 
64000 
49040 
18210 
49260 
20550 
17420 
51730 
22220 
19070 
48390 
20790 
18760 
46180 
25660 
18540 
46030 
21650 
17880 
49910 
20650 
16900 
59820 
22700 
17630 
48960 
20480 
19670 
59450 
18240 
19580 
43630 
20180 
17960 
45870 
21230 
19400 
44100 
22840 
17240 
50860 
19700 
18070 
45690 
21500 
17880 
49390 
20290 
17530 
46690 
21390 
20750 
48830 
21840 
18250 
47130 
23790 
19760 
43910 
21350 
17150 
51810 
20750 
15430 
10104280 
20950 
15970 
22080 
23380 
17700 
15590 
28160 
132140 
17570 
47550 
46400 
20120 
58230 
49260 
20390 
45750 
21390 
17540 
21000 
19970 
19870 
46420 
21310 
19530 
20850 
19420 
18760 
21060 
20640 
19290 
19330 
19910 
18740 
22380 
19650 
19700 
22520 
15950 
13430 
32040 
15220 
20540 
23930 
22560 
17720 
43760 
19720 
19160 
47330 
21920 
19810 
45160 
20760 
18560 
49370 
21100 
18520 
63250 
20910 
19000 
48120 
20410 
17560 
46340 
19440 
18960 
43750 
20060 
18820 
