100300 
85950 
69970 
56820 
51010 
50190 
47670 
49440 
49420 
50700 
48910 
48320 
48510 
49750 
53960 
51050 
48800 
45760 
45930 
43080 
44970 
44380 
44060 
46890 
45640 
48350 
47310 
47650 
49510 
49050 
46770 
77480 
60870 
61720 
60420 
59950 
60560 
59690 
59540 
60530 
60860 
60630 
59210 
59370 
59440 
59800 
59160 
60250 
63500 
60290 
59310 
65760 
60840 
61470 
63080 
62250 
57770 
67140 
45330 
46980 
45610 
46800 
45820 
47900 
47600 
56250 
49230 
45260 
86860 
78930 
67840 
53900 
56520 
49720 
44640 
47560 
48470 
45980 
43560 
46600 
47590 
45960 
43460 
42220 
42740 
43860 
45030 
44150 
45840 
46270 
45470 
46910 
45490 
46220 
49560 
48090 
46660 
47380 
47230 
64850 
61170 
59830 
61370 
60140 
59760 
63420 
62280 
60500 
59390 
58500 
60930 
59930 
63690 
60960 
59810 
58990 
67310 
61170 
60390 
60240 
61590 
61490 
61850 
62560 
60750 
66380 
49710 
49070 
47550 
46460 
48220 
47400 
45830 
48320 
52770 
47590 
98660 
83570 
72340 
64990 
47980 
43210 
43430 
46000 
45730 
45060 
43540 
41900 
49960 
45420 
45470 
43220 
43810 
46290 
43930 
47490 
44490 
44380 
44240 
44360 
44900 
46340 
45060 
46040 
49020 
46100 
44410 
44950 
74730 
62810 
62880 
61180 
61800 
62890 
62110 
60120 
61120 
60140 
60220 
61500 
59640 
60450 
61960 
61130 
61310 
63100 
58570 
60480 
60840 
58040 
60950 
59760 
60760 
57350 
65570 
47180 
43570 
45950 
47570 
47510 
45780 
45740 
51080 
49840 
44670 
84880 
79760 
65140 
54180 
42890 
45400 
46730 
50010 
45830 
45380 
44430 
46470 
45070 
45150 
48030 
43610 
46940 
45000 
45990 
44830 
61570 
51140 
43910 
45810 
46650 
45660 
48620 
45730 
47930 
44850 
48990 
67490 
58450 
57380 
62660 
61700 
59240 
58940 
57450 
60400 
57260 
60430 
61310 
60540 
60600 
58070 
59410 
60900 
60260 
60180 
58770 
59830 
59990 
63040 
60850 
60800 
58170 
69110 
51320 
46330 
45440 
45850 
46910 
47480 
44590 
48570 
50070 
47030 
87090 
84330 
70250 
62430 
47610 
47100 
45020 
44110 
43360 
44560 
47900 
44420 
45760 
43670 
44370 
46040 
45190 
44550 
44120 
43290 
43800 
44020 
44040 
43380 
43990 
44140 
47710 
47820 
48550 
46190 
46450 
48220 
75220 
61110 
58760 
61810 
61000 
59530 
59470 
61530 
60990 
60370 
61950 
58460 
57560 
62620 
58830 
62500 
58990 
59440 
59720 
60720 
59650 
59490 
60170 
62780 
60000 
58860 
65620 
45850 
44450 
45770 
46060 
50290 
43260 
44730 
47250 
48850 
48120 
83550 
79290 
62500 
54090 
45400 
47590 
46930 
43800 
44470 
45410 
46110 
44380 
45770 
41670 
46240 
45390 
46590 
45260 
42890 
45770 
43000 
44970 
43970 
43610 
49390 
45140 
47400 
47520 
45340 
43750 
48460 
71060 
60340 
58430 
59700 
61490 
59920 
63460 
58160 
58390 
62260 
59680 
63490 
56690 
59260 
59230 
60190 
58920 
58810 
60000 
58790 
62120 
57860 
61080 
59620 
57850 
62100 
67250 
53100 
44890 
45330 
47580 
49360 
45780 
45380 
51060 
48780 
47230 
87270 
84640 
68550 
61030 
49310 
43950 
45020 
46260 
48010 
43590 
44650 
45680 
45840 
45080 
45800 
44040 
43020 
45780 
46510 
59920 
52620 
44720 
45310 
43470 
47420 
47250 
46880 
49110 
45770 
48390 
48800 
45980 
72050 
60910 
59320 
59380 
60020 
58690 
59440 
58310 
59560 
60850 
59800 
60850 
60630 
62730 
61580 
60990 
59350 
59870 
61710 
59440 
61410 
62240 
62140 
63720 
61180 
61360 
65410 
49320 
45960 
46840 
45030 
43250 
69800 
52250 
52550 
47880 
46020 
83670 
79350 
62070 
51150 
42720 
44070 
45190 
47640 
45100 
43900 
45450 
43430 
46600 
46550 
43260 
44880 
42370 
47460 
46470 
48110 
45060 
44050 
46620 
45460 
45950 
47280 
50580 
46930 
47700 
48060 
47050 
74420 
60730 
61290 
61590 
60750 
59540 
61160 
61000 
60280 
60670 
60660 
60820 
58610 
61290 
58530 
57560 
66810 
59060 
60640 
58780 
60030 
59640 
60310 
61700 
61440 
60420 
67620 
50400 
46710 
44770 
46300 
46180 
45130 
44110 
51330 
49090 
48010 
88320 
85740 
69450 
59070 
47920 
43770 
44090 
44750 
50480 
46100 
42080 
43310 
44820 
45940 
46090 
45920 
42900 
47310 
45210 
44930 
43150 
44370 
46630 
42810 
52410 
47350 
44490 
50080 
45720 
45590 
50940 
46030 
73710 
64410 
60600 
60570 
58660 
59150 
60240 
60050 
62580 
59710 
62150 
62250 
58870 
61270 
60290 
59480 
60850 
62870 
60650 
65100 
60800 
59930 
62610 
60170 
60420 
61000 
60100 
55490 
45250 
46630 
50530 
47640 
46200 
48620 
52530 
50550 
48410 
85950 
80410 
59160 
53780 
42930 
45500 
46860 
44190 
46810 
44080 
47110 
45160 
59740 
48270 
46070 
45930 
45860 
45700 
118430 
44760 
51680 
46970 
48530 
49700 
50290 
71690 
51230 
66440 
67780 
67300 
66340 
100790 
85970 
87130 
65600 
65750 
67330 
60950 
66290 
61760 
66770 
63260 
63920 
63880 
61820 
64530 
63400 
68450 
64260 
62190 
65150 
61600 
62450 
59840 
61990 
61150 
63330 
70360 
51050 
44800 
44010 
53160 
49720 
49810 
45110 
53990 
51040 
51330 
92240 
86140 
71910 
53740 
49940 
49740 
45410 
45980 
46680 
48170 
50260 
46780 
47070 
46590 
46750 
50910 
47720 
45020 
44770 
44830 
48060 
47720 
49130 
44810 
47330 
51650 
51710 
49330 
45960 
48780 
54140 
69260 
65510 
62090 
66240 
61080 
66030 
62260 
62780 
59700 
62990 
64690 
62260 
62320 
59010 
59790 
63880 
65660 
62490 
58290 
61130 
61530 
65710 
62180 
61130 
65080 
63890 
67360 
60780 
49640 
45340 
47050 
51240 
48930 
48740 
46350 
50690 
49230 
85100 
87420 
77390 
60770 
52460 
51600 
46420 
48060 
45410 
47380 
49690 
47320 
49620 
45340 
45730 
45540 
47120 
47490 
46310 
46660 
46620 
47350 
45080 
47220 
46860 
48700 
51070 
51740 
48520 
47440 
49540 
46710 
77380 
63590 
64150 
63800 
61220 
65960 
60810 
61080 
59720 
63650 
64820 
61800 
61920 
59710 
63740 
64400 
64070 
62500 
62400 
61700 
60010 
63710 
63510 
63450 
61720 
61820 
66650 
50690 
48580 
49730 
52970 
52340 
48990 
49610 
54580 
51780 
48030 
113040 
104220 
91330 
73250 
67250 
73670 
64120 
66200 
65580 
65180 
62830 
54670 
47970 
49220 
46080 
48000 
50970 
46910 
48690 
50140 
48680 
50620 
50240 
50110 
50040 
51270 
51500 
51150 
47950 
48140 
47680 
70580 
61780 
62290 
62470 
61960 
63600 
64130 
63780 
62750 
59420 
62330 
59700 
67260 
65390 
64240 
60940 
64110 
64300 
62220 
61840 
61320 
60350 
64580 
63550 
61820 
62950 
72250 
53490 
48510 
46940 
50290 
49130 
45730 
45880 
47390 
50590 
47110 
91510 
85900 
73140 
64270 
49820 
47580 
44880 
49380 
47990 
46420 
47580 
43700 
46320 
46400 
45340 
47470 
46400 
48500 
47180 
46780 
44540 
45050 
44620 
48420 
50110 
50110 
47850 
47560 
52150 
48710 
50390 
47240 
74210 
68080 
64120 
62800 
58630 
60720 
60360 
67210 
61970 
65380 
65120 
63770 
65090 
63990 
62360 
60650 
63580 
65730 
63960 
61870 
66420 
65560 
64260 
63590 
63890 
63440 
67980 
50190 
48680 
51490 
47470 
47270 
45170 
52760 
53910 
49090 
46160 
84860 
82670 
70680 
53610 
49490 
47130 
46890 
51610 
46530 
50730 
45540 
48930 
51030 
46780 
46820 
45730 
47520 
45560 
47560 
44920 
44940 
45290 
48390 
48090 
47550 
48450 
49350 
69260 
78450 
55610 
46440 
71200 
63000 
62310 
90230 
87460 
83920 
90600 
78290 
84690 
81130 
80970 
88290 
65510 
66500 
62210 
64120 
64880 
64380 
62900 
63420 
61940 
67280 
64970 
63730 
67000 
63050 
71360 
53760 
48870 
48270 
47800 
49110 
48180 
46660 
49960 
50650 
48990 
97610 
86700 
74710 
62710 
50890 
46160 
47610 
46460 
49830 
46230 
45160 
48060 
50990 
45940 
48990 
47750 
47890 
48610 
45070 
46340 
45310 
47950 
45050 
48510 
47830 
48500 
47960 
45990 
48280 
45050 
47650 
48260 
74980 
64550 
58070 
62510 
61650 
62160 
62910 
61130 
64770 
62220 
63010 
62480 
62270 
59890 
66310 
63480 
61970 
64070 
57460 
63620 
63590 
64500 
61610 
61420 
64110 
61170 
67710 
47880 
45950 
46170 
51000 
52630 
46120 
47200 
51160 
51940 
50460 
87550 
83910 
66990 
52910 
46840 
49030 
45120 
45990 
44250 
48400 
46370 
46070 
46240 
44780 
47990 
46600 
44270 
44310 
45160 
49350 
46470 
45450 
45110 
47450 
49150 
56590 
58640 
52470 
48410 
46660 
50640 
75420 
63590 
61220 
62100 
65050 
62750 
62370 
62010 
63410 
82600 
89110 
79900 
81600 
83530 
85020 
86570 
84420 
88290 
66030 
64870 
66530 
64900 
64470 
62820 
62310 
66220 
75710 
52650 
46900 
46580 
50010 
51200 
48820 
44550 
51370 
48370 
51360 
94290 
85940 
70870 
59260 
49470 
52130 
51250 
45400 
46270 
47650 
47220 
49110 
46520 
45980 
44890 
52550 
56550 
48040 
45050 
48320 
48430 
48610 
47820 
44730 
46460 
49000 
51940 
48500 
47150 
47840 
45910 
50600 
77960 
62610 
60930 
67620 
65250 
63070 
62680 
61190 
63290 
63920 
65540 
60870 
60490 
63500 
60760 
67670 
63150 
62090 
59540 
66210 
62720 
62370 
63200 
59320 
62870 
61710 
67340 
50920 
51380 
49110 
46340 
48370 
45450 
46290 
50550 
49020 
50170 
86350 
80690 
64610 
58520 
49680 
48780 
47190 
46850 
48290 
44560 
48960 
45100 
47950 
47600 
48350 
49300 
46750 
47980 
50230 
48110 
46150 
45740 
44980 
45010 
47570 
45460 
49350 
46780 
49330 
46640 
47130 
77770 
63230 
61610 
63430 
62240 
64470 
62820 
62950 
62610 
63350 
60670 
64050 
58360 
61060 
60850 
60210 
83960 
84290 
85030 
80160 
84870 
81750 
88890 
67530 
67040 
67360 
71890 
53180 
46680 
50150 
47640 
48010 
51800 
48060 
59410 
53260 
48690 
94530 
91640 
74430 
61960 
49020 
48240 
50930 
51830 
50210 
48660 
50870 
51550 
48650 
48170 
47070 
46650 
47200 
47920 
51180 
10092120 
10105010 
10099480 
10097730 
24570 
27130 
26950 
26460 
27280 
27150 
25820 
24800 
25680 
42370 
36010 
34170 
33640 
33590 
33930 
34720 
33930 
33530 
33830 
34420 
34180 
34460 
37070 
36020 
34880 
34720 
35110 
35350 
34250 
35840 
33690 
36110 
35750 
34260 
34550 
36920 
27380 
25060 
27190 
25310 
27120 
25650 
28360 
28730 
28000 
27000 
47000 
84420 
66230 
57670 
24780 
52130 
43910 
48620 
47520 
47660 
25750 
25400 
26460 
24140 
24330 
23520 
24560 
25330 
28170 
26550 
25810 
25300 
24960 
24600 
27060 
26460 
27740 
28190 
27940 
24870 
24760 
42280 
33820 
35850 
34730 
32770 
34410 
35860 
35530 
34690 
33190 
34660 
35960 
36090 
35980 
36970 
35920 
36780 
34250 
38330 
35660 
34550 
36190 
35080 
36300 
34570 
35180 
39910 
30250 
54540 
23070 
26670 
11113650 
45900 
50130 
49720 
53540 
50070 
49210 
48230 
71360 
65660 
51190 
45910 
47920 
47100 
48540 
47340 
49870 
49940 
48860 
49340 
46720 
45490 
45680 
47550 
45320 
48160 
46450 
49160 
46300 
46300 
46130 
50780 
49380 
51590 
50370 
51540 
48370 
48530 
77970 
68530 
63690 
66540 
62520 
63320 
63460 
63530 
63390 
68520 
65250 
71740 
65510 
62870 
65490 
63550 
66390 
64750 
59710 
65570 
65080 
64560 
61610 
62450 
62310 
62970 
71610 
51670 
46890 
46870 
67840 
54610 
46640 
43490 
51080 
49710 
49610 
93980 
84000 
64710 
58230 
50790 
48410 
45010 
47080 
45790 
47700 
47980 
43640 
48840 
46080 
51990 
50950 
45730 
51330 
48080 
47390 
48740 
46090 
46290 
46450 
45850 
48570 
51730 
48220 
46470 
47360 
50470 
46860 
79490 
62310 
62660 
63990 
66730 
64370 
60210 
62250 
63230 
67400 
68100 
63300 
67700 
64120 
64710 
63950 
62830 
59110 
61410 
62510 
63370 
64660 
60010 
60620 
62720 
65810 
64860 
47460 
44860 
47590 
50930 
49310 
46000 
48450 
51380 
51320 
49110 
88100 
80360 
64450 
51900 
49390 
47320 
43960 
44160 
49420 
46350 
45170 
45420 
44690 
46800 
47630 
46200 
61270 
47160 
46940 
47780 
46350 
47470 
46050 
48740 
49900 
51300 
54800 
49200 
46760 
49490 
47560 
79690 
64560 
62580 
63500 
63190 
64000 
63360 
61710 
65940 
66830 
65380 
64140 
62340 
59870 
64620 
61370 
65580 
65740 
64130 
63900 
67190 
63980 
66750 
62880 
64170 
61050 
69350 
62660 
48370 
45780 
49280 
49410 
45340 
47160 
53340 
49200 
49100 
94780 
82950 
64100 
61870 
46180 
47650 
48420 
48490 
52100 
56300 
49650 
46610 
45680 
47840 
47680 
47570 
47970 
45830 
47870 
47870 
46400 
49110 
45690 
47970 
49460 
51460 
51620 
47300 
49810 
51600 
48330 
49500 
77250 
66570 
65220 
68350 
65640 
66790 
62110 
63610 
69810 
70970 
65530 
65540 
64450 
66860 
65620 
63430 
63300 
65380 
62390 
65370 
61300 
64600 
63160 
68190 
67300 
64490 
66250 
48850 
47030 
48320 
49600 
48810 
47930 
50030 
49590 
53510 
49230 
88110 
79380 
64130 
50270 
51120 
47370 
46200 
45960 
44890 
46200 
45530 
46000 
47740 
45410 
45550 
45250 
47640 
46270 
46540 
47330 
46010 
47820 
48750 
47970 
49350 
48300 
48660 
50150 
49640 
46720 
45910 
79640 
66240 
63530 
62520 
63070 
65480 
65920 
71270 
65120 
65130 
65800 
62640 
64100 
66520 
61490 
60950 
61940 
63380 
67970 
61060 
58240 
62120 
64770 
61390 
62280 
61310 
67660 
49820 
49070 
45810 
46910 
47720 
45400 
48970 
51640 
51640 
46800 
89940 
84050 
68100 
57710 
45910 
46180 
46130 
47190 
46960 
44590 
47810 
46700 
48000 
45020 
47770 
46070 
48420 
48480 
46100 
47300 
44680 
46370 
48790 
47010 
48040 
45860 
48480 
49530 
46450 
47060 
45820 
49550 
71980 
64260 
60610 
63350 
63510 
61300 
63720 
66050 
61550 
63810 
63020 
65160 
64080 
60460 
64450 
62840 
66340 
63870 
61410 
61180 
61120 
63370 
63010 
63690 
64670 
61390 
65330 
48420 
47050 
49610 
46030 
50100 
48050 
49710 
49000 
47620 
49880 
89060 
76860 
66760 
52990 
44700 
52560 
46040 
48080 
45170 
44460 
46070 
46900 
49300 
45420 
44060 
46340 
46460 
47800 
46590 
47200 
45790 
45800 
45070 
45580 
47840 
48300 
47960 
48550 
48610 
45810 
49120 
78320 
63870 
60070 
63090 
62620 
60320 
61250 
60180 
61690 
61100 
61920 
60810 
61040 
62340 
58800 
61930 
62290 
60690 
59650 
61940 
61840 
61840 
63580 
60080 
62890 
59310 
68680 
47830 
46060 
45040 
44970 
48460 
44940 
45260 
49380 
48330 
51600 
89110 
82430 
70160 
54630 
48500 
45480 
44200 
47730 
46680 
47140 
47250 
49000 
56090 
52820 
46570 
46970 
43700 
45870 
43810 
46310 
46710 
44620 
44560 
54180 
54390 
48330 
47990 
49080 
47080 
47240 
49950 
63600 
64330 
59840 
60500 
65150 
62130 
59580 
60680 
60800 
62330 
61650 
60650 
59360 
60980 
57620 
61910 
61890 
60550 
64260 
60410 
62850 
63980 
61090 
61550 
61970 
63290 
60760 
61740 
47040 
43510 
48490 
53070 
50460 
43390 
46100 
49400 
51700 
69750 
85270 
76250 
61060 
53850 
46510 
47610 
45280 
44780 
46040 
47270 
47240 
44450 
44700 
45360 
