133670 
36040 
88390 
23770 
79020 
71620 
74170 
73070 
87800 
80440 
75220 
73630 
123180 
66500 
68170 
63230 
100130 
55930 
36140 
33990 
42330 
19030 
23670 
25290 
66070 
31340 
26960 
20750 
35840 
54050 
53520 
85760 
98790 
82250 
57170 
63000 
66390 
45040 
43670 
47950 
56460 
51950 
25710 
22790 
27770 
53830 
53650 
46100 
60280 
53540 
46610 
59180 
29520 
71150 
75850 
32680 
30260 
23380 
71740 
25080 
20670 
21910 
32210 
46800 
41930 
33880 
85940 
33570 
38850 
28560 
39610 
38690 
37060 
62680 
102820 
86130 
75460 
41250 
69010 
73940 
35010 
70840 
72800 
76040 
33440 
40990 
71610 
80140 
33450 
40340 
71630 
56220 
24820 
55970 
52480 
53780 
25020 
56620 
26460 
28900 
24950 
51580 
42320 
41250 
55980 
28880 
29550 
28650 
21480 
49100 
30000 
20140 
22310 
26740 
56630 
49540 
47550 
50120 
25110 
32480 
54310 
48890 
24220 
57130 
27790 
23760 
27920 
18880 
21220 
21220 
55350 
26730 
27050 
76080 
78090 
79970 
74420 
61000 
129230 
94720 
83150 
64360 
111670 
35580 
35320 
71610 
70280 
70860 
33120 
38020 
71530 
71710 
36300 
37590 
67190 
78240 
36130 
72160 
68780 
77180 
28790 
58000 
47480 
51310 
30640 
57900 
55950 
57450 
46470 
29730 
49690 
41130 
28430 
33790 
23690 
24730 
63220 
52370 
48100 
23480 
57910 
22060 
23650 
26990 
50460 
57840 
26070 
55550 
50150 
55060 
47340 
50140 
52000 
63400 
47780 
27740 
25330 
25820 
27640 
25290 
53820 
48880 
84190 
72400 
36670 
69560 
69390 
104640 
35950 
92010 
70870 
96660 
34820 
68340 
36020 
35860 
33550 
68230 
66330 
76520 
34820 
69220 
69700 
69310 
65420 
74440 
77520 
74330 
60080 
40220 
28030 
49520 
30880 
27130 
28330 
22030 
30390 
22820 
25480 
48090 
52110 
40060 
36530 
28480 
67850 
26470 
21960 
24910 
18870 
20360 
52950 
48550 
46550 
55530 
24820 
28100 
26910 
26260 
21590 
25580 
56520 
26130 
25170 
18340 
73320 
26180 
25500 
18290 
63210 
25680 
21600 
22160 
79140 
34800 
31210 
25190 
37300 
31200 
26270 
104300 
38490 
34510 
38270 
32650 
28800 
41370 
34030 
24090 
80580 
31640 
34460 
75070 
68840 
63620 
64310 
41050 
36020 
34470 
25440 
21690 
58640 
53740 
46350 
50080 
47910 
62430 
27520 
66050 
25420 
35850 
80470 
61160 
61340 
21170 
32520 
24470 
25700 
56510 
46960 
59490 
56300 
54240 
48320 
24720 
22750 
17990 
22040 
18940 
55710 
46240 
48460 
30870 
26490 
26680 
22480 
29470 
31430 
27520 
20330 
21820 
25130 
38290 
22160 
28360 
22980 
32190 
64810 
56390 
30560 
33610 
34990 
23940 
29580 
22830 
74310 
75510 
30370 
33420 
79560 
32880 
33660 
30900 
32500 
73930 
73870 
64880 
65910 
81910 
56940 
55820 
25810 
49850 
60870 
25190 
52710 
54660 
60570 
32400 
96960 
90630 
80880 
33650 
69840 
25710 
22720 
26090 
59240 
48230 
29900 
25230 
57310 
27900 
24200 
57550 
28920 
23090 
24370 
16630 
21840 
21100 
32550 
21110 
20090 
52460 
66260 
27530 
24980 
55460 
22910 
64050 
79010 
68390 
37090 
33950 
95360 
74160 
90910 
34220 
34560 
75610 
38870 
70040 
78460 
33360 
66280 
72710 
36230 
33080 
84430 
75550 
68770 
74900 
35870 
28780 
37410 
33690 
75130 
70310 
51340 
53280 
56070 
26170 
25920 
25440 
20900 
61600 
32530 
26960 
41560 
32260 
65760 
62060 
61580 
22660 
53130 
56440 
23640 
51260 
59220 
57890 
51110 
55400 
51560 
48440 
55180 
23850 
51130 
59130 
23530 
50020 
58300 
26030 
25210 
59180 
29000 
24060 
22530 
18660 
21640 
23340 
34360 
69800 
70180 
106010 
64550 
67120 
71330 
36480 
25000 
87710 
69450 
28780 
28420 
63110 
82850 
37100 
66120 
66590 
77970 
70720 
39170 
33240 
37250 
30660 
29520 
31140 
71810 
50970 
47370 
63340 
59800 
51960 
52680 
51300 
36010 
23650 
20890 
91070 
51490 
33020 
34220 
19490 
24000 
65590 
24840 
26300 
44820 
53710 
26180 
52340 
57150 
48700 
43020 
54370 
49630 
29460 
25660 
17260 
28320 
26860 
27860 
60540 
28060 
28170 
26710 
19070 
30990 
26640 
18500 
79880 
63120 
35650 
94080 
57110 
35150 
82800 
34870 
33940 
38800 
84910 
34930 
40510 
36480 
38020 
34950 
73740 
33640 
34050 
71710 
66640 
35530 
41160 
33480 
28900 
41250 
35560 
26800 
62090 
23000 
25400 
23800 
60110 
46870 
62500 
48580 
61060 
100350 
45040 
27940 
24140 
29680 
30730 
24440 
28090 
57030 
23380 
22650 
21980 
59860 
24790 
23030 
68890 
30000 
21590 
57970 
25660 
22930 
57950 
52640 
51190 
45970 
62800 
61810 
27720 
53610 
25670 
55820 
27250 
36710 
29910 
72220 
67420 
62780 
71910 
61990 
34060 
86190 
31690 
37410 
79420 
35410 
58610 
38150 
79410 
74900 
61270 
76910 
40410 
32930 
28770 
37370 
31900 
78110 
38000 
34830 
58950 
30420 
28520 
66020 
29170 
23020 
59890 
53430 
49630 
50190 
98930 
81880 
44930 
35740 
32590 
27190 
58550 
49410 
24560 
22550 
26120 
17410 
19990 
23980 
17650 
19630 
28160 
17580 
17090 
23350 
26700 
20430 
25410 
48970 
58670 
26430 
46520 
91420 
23170 
58850 
78010 
71460 
58160 
89550 
30270 
29330 
38000 
39900 
64930 
69690 
38110 
28420 
26770 
31710 
37710 
30100 
27330 
29740 
40940 
35310 
36860 
72720 
67430 
74390 
69440 
72940 
33270 
68940 
77330 
43480 
52250 
32500 
44160 
59620 
25250 
68330 
33280 
102590 
54950 
29210 
46030 
36300 
38170 
30100 
26750 
21410 
26150 
20800 
50940 
22020 
31330 
21310 
24660 
28370 
25140 
54770 
17140 
30890 
26740 
54130 
51380 
25700 
61630 
52710 
78930 
43160 
25530 
31270 
14980 
24530 
54230 
49620 
85380 
74590 
82280 
68970 
38660 
35760 
31010 
31080 
27590 
24160 
84910 
78300 
62730 
39000 
70830 
68610 
39170 
34680 
27110 
67710 
70010 
36500 
38060 
73320 
74850 
35810 
33240 
64270 
24790 
23770 
25460 
17900 
22420 
51770 
23400 
51450 
52280 
28490 
45180 
85610 
72550 
30090 
23690 
56210 
25410 
24370 
23950 
20400 
25060 
53750 
23790 
21500 
53200 
28010 
26970 
56410 
55040 
48440 
46840 
76340 
69580 
25850 
58070 
25570 
29690 
61080 
21240 
20750 
26230 
26910 
31330 
30850 
71240 
68280 
70940 
79600 
72740 
34350 
82810 
71480 
67600 
78560 
30290 
80120 
39130 
37210 
83630 
37520 
72240 
35180 
86960 
35240 
69420 
38230 
72360 
34510 
80360 
26440 
47720 
22100 
61920 
29010 
22690 
28780 
70380 
26870 
53910 
49290 
85170 
71540 
63760 
54860 
47560 
20880 
27770 
19500 
24230 
27570 
60170 
27830 
24660 
60440 
23870 
23680 
20960 
19760 
82270 
68580 
75810 
25660 
74410 
25880 
50430 
65380 
17280 
22920 
24990 
17240 
22460 
34620 
38480 
36940 
29320 
39400 
36060 
34240 
75790 
33020 
41520 
32600 
35420 
37150 
32170 
36090 
83510 
38350 
34830 
38990 
26790 
33650 
31540 
28210 
30920 
27730 
70890 
70680 
46340 
56520 
19590 
27830 
20640 
26460 
51430 
32690 
16910 
27700 
28810 
97000 
28510 
37380 
24270 
19280 
27660 
22500 
19700 
19830 
28890 
24030 
20100 
50560 
23730 
27620 
22870 
27700 
22360 
23700 
68180 
50680 
50270 
46640 
56530 
27360 
18890 
32420 
19250 
22280 
30350 
27610 
41880 
74520 
66600 
66790 
77760 
65880 
73230 
73790 
81570 
71870 
67120 
69430 
81960 
37220 
64360 
71030 
79490 
66260 
65390 
88650 
65780 
75260 
81390 
69590 
70230 
34490 
83740 
29610 
28310 
60000 
46360 
28100 
61550 
52460 
52510 
55900 
60320 
55590 
96570 
46390 
10110140 
71650 
26880 
24900 
58860 
49250 
43120 
61210 
54690 
50890 
78830 
49970 
75150 
47240 
54550 
52160 
58040 
24790 
23430 
25170 
28680 
26880 
46030 
66870 
55270 
49500 
53100 
29020 
61280 
26030 
77990 
39180 
70310 
72550 
72240 
75040 
42160 
33850 
32400 
78580 
73160 
77790 
77600 
31460 
36000 
30480 
32950 
68270 
85300 
37540 
31960 
70230 
74190 
73050 
74340 
63870 
75020 
63620 
26570 
25600 
28080 
22450 
53110 
50060 
52940 
63440 
26650 
47330 
37540 
28660 
35320 
23710 
21450 
76610 
57730 
27560 
23730 
27130 
27510 
43430 
50570 
59170 
55770 
35370 
57650 
51700 
30060 
26540 
25750 
24030 
25340 
54420 
57130 
57560 
50190 
46770 
62260 
51170 
28610 
86550 
70810 
72190 
69890 
81360 
66990 
77470 
70300 
35080 
31490 
72990 
65120 
70380 
83310 
55560 
31110 
36240 
38750 
34530 
76300 
73070 
68220 
75000 
68200 
68510 
67870 
81410 
54630 
25880 
48080 
54550 
61460 
53340 
45820 
65970 
57380 
55730 
51420 
109680 
101340 
63990 
88240 
55330 
58890 
53510 
48620 
55020 
52000 
23610 
27570 
19650 
51500 
24430 
55220 
49570 
56610 
45260 
51950 
49420 
58920 
47790 
50360 
28240 
55440 
28120 
57570 
18780 
60850 
17880 
75390 
69130 
77610 
68350 
70570 
73950 
80820 
73410 
68440 
35980 
73520 
34340 
68530 
58330 
83020 
25430 
36540 
42400 
71440 
31320 
36860 
38670 
37260 
82470 
36700 
68710 
41660 
63910 
50250 
44920 
60490 
27590 
28750 
58670 
52250 
32730 
27050 
78090 
48250 
40460 
33340 
65620 
53380 
52900 
61260 
56550 
53190 
23600 
25060 
57960 
61400 
52140 
52010 
56930 
59280 
43340 
47000 
49780 
62030 
52900 
50560 
50270 
55740 
51550 
52830 
53700 
58030 
51160 
57230 
51810 
81700 
35260 
77370 
78450 
65910 
81590 
65380 
63210 
76850 
76780 
62730 
82660 
70720 
64240 
77700 
68840 
76770 
34510 
76240 
72410 
67150 
79190 
66600 
65760 
75510 
72440 
69480 
65120 
48690 
27160 
21010 
84590 
66960 
23840 
78030 
56250 
52930 
97010 
94610 
71130 
69610 
50790 
56090 
48720 
61060 
30190 
26410 
53840 
52920 
23000 
24350 
24460 
22000 
57440 
49810 
50300 
51020 
49260 
54080 
27730 
26250 
23050 
18460 
32870 
25980 
19320 
22640 
24860 
18260 
32480 
32270 
24380 
27330 
38860 
28070 
35600 
35550 
32580 
34900 
35540 
31830 
77190 
66150 
65910 
67320 
74980 
64270 
61990 
5132210 
36910 
41880 
38090 
29660 
36140 
98060 
101600 
54590 
51210 
85110 
44410 
23860 
21850 
54750 
55480 
48950 
56280 
53840 
97920 
79070 
42530 
28090 
23360 
18180 
28810 
22940 
25740 
54890 
51120 
54100 
55820 
24070 
26160 
23550 
29990 
24790 
42080 
26470 
28590 
64530 
31450 
28220 
17910 
22810 
18750 
72490 
56190 
55240 
27720 
42550 
31950 
25260 
929030 
34720 
69700 
34500 
32700 
72540 
68150 
78560 
33470 
83580 
38770 
36590 
75590 
74200 
66630 
69370 
39150 
74370 
32860 
32220 
99440 
95680 
48350 
39990 
40040 
31050 
30850 
24410 
23740 
61820 
49190 
43370 
71580 
52780 
46640 
102360 
91910 
90420 
63810 
57530 
57760 
46300 
52090 
57080 
23730 
25110 
59200 
27370 
25280 
25260 
59700 
26670 
25510 
59300 
50770 
50610 
51710 
50180 
26640 
26230 
56610 
53340 
50200 
30460 
27420 
61160 
50000 
87880 
39480 
34460 
39950 
74750 
67370 
80820 
39040 
34660 
32870 
78150 
67340 
76870 
69120 
74610 
77740 
38100 
32280 
108630 
35620 
28050 
38770 
49130 
31530 
27420 
35630 
85480 
52430 
58420 
46980 
45800 
56570 
48110 
25740 
27320 
23460 
32170 
43860 
38870 
42860 
41400 
23400 
58340 
50010 
26110 
33670 
22500 
17580 
26490 
26190 
28460 
57130 
53300 
56900 
46260 
49600 
59310 
56010 
25770 
31880 
28510 
27550 
26830 
64690 
50490 
47730 
24980 
30450 
29290 
43870 
38960 
85140 
36850 
37570 
80600 
64030 
66190 
81830 
63990 
63950 
77700 
39530 
72080 
65140 
102710 
35610 
33710 
85600 
39110 
36650 
68300 
71250 
86200 
34170 
33260 
38420 
75690 
51020 
49960 
48480 
64520 
26640 
20190 
32380 
25830 
17600 
27150 
36640 
33250 
40080 
31800 
57540 
29150 
25240 
22140 
60060 
26020 
29000 
22020 
18360 
27350 
23920 
26060 
52930 
60150 
27890 
28300 
23920 
26020 
17170 
27330 
52560 
60380 
28000 
62540 
29040 
27640 
52190 
71980 
46990 
86040 
36140 
36930 
82490 
68690 
61650 
65720 
115050 
65740 
34210 
25100 
30520 
66710 
62350 
26320 
33480 
71380 
64070 
64810 
42500 
36550 
27410 
39890 
39420 
32540 
43730 
26010 
28510 
61300 
51100 
53200 
56190 
52750 
52600 
59910 
30040 
49380 
38320 
40020 
22750 
23630 
21090 
32030 
25170 
19150 
23680 
24650 
17040 
22970 
21660 
58450 
26920 
22140 
31110 
27570 
30010 
22620 
24180 
17470 
22940 
24690 
15270 
18140 
30800 
23860 
15310 
23790 
21390 
39160 
36210 
28760 
33060 
28540 
41050 
36750 
28250 
31880 
59500 
27360 
34830 
27310 
40600 
37610 
33680 
22970 
36170 
106640 
28710 
32830 
73770 
72110 
66450 
78300 
73040 
69590 
72840 
47660 
26150 
23520 
54380 
49300 
55250 
28990 
25770 
21890 
89030 
173940 
87750 
73140 
15850 
61560 
17490 
60830 
54890 
50490 
25210 
28480 
42640 
71280 
25120 
22020 
44690 
59250 
62400 
27270 
21590 
28190 
18470 
31570 
35580 
51470 
51430 
28160 
47560 
71780 
46580 
45890 
115290 
88530 
35490 
127160 
59200 
70930 
78690 
89740 
37100 
40380 
28450 
27540 
40620 
37480 
31930 
29720 
41270 
28460 
35720 
40220 
24670 
36490 
31070 
24250 
39790 
31530 
29360 
71270 
21810 
29780 
32030 
45890 
49630 
53630 
61910 
59300 
48590 
45260 
100970 
43850 
33430 
58740 
58100 
27250 
49380 
59900 
21810 
22770 
53650 
59650 
54770 
54490 
60970 
47450 
50700 
60470 
39510 
57600 
50370 
41290 
59310 
31920 
29040 
30470 
24120 
19070 
31110 
27170 
16830 
56250 
84060 
83260 
29280 
29140 
40320 
37840 
79080 
83910 
54840 
38050 
30440 
24820 
70530 
32870 
29570 
39540 
65750 
84690 
34520 
29460 
42970 
27790 
29340 
32980 
36070 
31620 
34420 
27710 
24910 
27330 
21520 
28250 
57740 
26080 
61690 
55060 
62020 
54400 
81300 
76030 
76410 
29260 
32030 
51770 
59030 
27710 
51510 
53760 
53780 
48950 
28300 
55730 
46970 
47000 
55400 
54550 
42400 
64320 
22590 
52480 
47520 
51260 
80490 
73900 
47160 
59110 
24170 
32000 
17080 
30940 
31690 
28680 
33120 
82890 
25420 
76180 
66810 
70910 
72660 
74240 
76620 
80500 
55490 
75590 
72780 
67560 
76640 
39790 
72180 
70550 
79830 
38920 
33280 
34820 
41160 
34700 
26300 
47210 
63350 
26510 
56100 
51140 
57790 
23170 
22540 
50160 
91200 
45570 
46040 
34040 
33110 
23080 
19220 
22810 
27000 
26210 
27140 
54120 
58850 
28130 
41610 
57750 
21500 
27140 
25880 
24900 
55830 
28650 
64580 
50020 
55430 
57330 
53580 
26330 
32300 
28930 
50810 
23390 
91170 
70550 
74390 
32890 
40890 
36070 
26650 
35330 
42690 
38530 
33390 
80860 
29850 
84260 
38240 
28880 
34200 
31570 
36110 
30400 
72870 
39010 
34900 
71570 
83730 
63360 
65610 
82250 
30600 
52190 
50600 
24030 
22650 
56150 
27510 
28960 
59270 
30600 
90660 
45330 
89970 
26810 
18920 
25800 
54610 
31850 
50420 
19210 
23870 
27100 
26270 
23640 
23970 
51660 
71990 
30820 
54090 
54880 
23040 
22750 
27600 
28940 
55760 
23340 
