56980
27270
24050
25750
23930
24280
26520
25680
25540
23970
25750
24540
42960
32860
30520
32090
86450
86000
78670
78750
79119
76980
80200
78230
76620
83750
76830
80000
80250
81130
76850
82240
77100
80470
87010
77130
79770
75210
94790
68320
61040
65550
61840
67370
64470
62470
67610
73920
66700
133140
107690
85070
76110
70300
63750
63440
71060
61989
61440
64730
71370
62200
61950
60870
63650
63470
62230
62340
61810
70740
61360
63220
60010
72180
65180
63630
64440
71410
65070
68720
63290
102990
76050
79180
75710
83580
89950
78580
80270
76570
79030
80200
75620
79570
84070
91060
79920
78660
76880
75290
81109
79920
77890
78020
88850
79790
79010
93530
66410
63299
60450
68350
64900
62710
64970
64410
70210
75780
128550
120380
91630
89810
71160
62680
62550
62720
71700
61620
60960
60610
69980
64540
63160
62340
61000
61410
62080
64960
62920
71740
62860
64250
65560
76820
64110
70290
65389
65690
64920
63260
97300
78650
90700
80350
78400
75960
89990
83160
80650
78880
76850
77100
78140
85130
79640
84320
77830
76140
81730
81810
77470
95830
81280
82000
90300
78720
75550
88270
66510
65740
63410
63070
66280
72250
65140
66940
63580
75010
141270
110570
86320
68990
65330
61890
63620
67510
73430
66370
60860
66430
63410
65520
62530
62950
64950
65030
62240
61910
64750
74390
63020
63650
65000
65960
64210
66170
66560
63610
64230
62860
113410
81600
91810
79870
77060
82260
88600
78190
75150
79029
86150
91110
78660
78790
78600
90550
80270
84370
80049
79450
89290
84280
78920
78180
91100
76970
95840
72440
61830
63340
63130
66130
64660
72550
70040
66970
69780
133800
127600
78430
77270
70400
73780
65720
62360
62880
70340
64670
63370
62540
63110
61770
66830
65170
65060
69410
61660
63970
65650
71830
61550
63619
67300
66160
66009
62900
64430
66780
64840
104700
75750
83530
87210
83380
82210
78040
82090
80210
83090
83880
81370
89510
79300
79860
79140
79960
80140
78450
81210
80370
88220
77610
80570
85290
81770
94300
66500
63580
60540
74880
63520
61899
61740
71230
69879
64540
104150
119500
101510
89530
67850
64370
70270
62700
65250
64390
69820
63110
61210
63870
62680
62370
62180
62130
60670
72380
62510
61990
61930
70760
64590
65960
63830
67130
67260
66600
67990
65150
102980
76340
81170
78650
87800
79000
77330
81080
80420
77039
75730
78920
73810
89510
79730
78290
81110
77410
81069
81590
77970
79680
87980
82260
81020
79860
79650
89810
66570
63970
66430
63530
68510
68170
65600
74920
63010
63830
125680
110290
86680
70030
62980
61330
75510
64010
61220
61200
67440
62780
63230
66040
62410
60620
64710
64840
61810
68860
60829
65040
62070
70390
60930
61560
64840
68020
65030
61150
62980
63180
122000
80550
77730
78280
83640
82120
81790
75970
75650
76250
82420
81050
77680
88260
76650
80040
81350
80560
78000
79230
75530
82280
87969
75410
79980
100020
100470
69600
63889
65970
62270
76399
66250
62440
67480
73480
66230
135220
115150
86140
76170
67700
66020
61620
70110
63300
62610
63470
72270
62380
64700
64140
67130
64970
62300
62320
60550
71460
62150
63280
62330
63100
67140
64150
65430
64630
65280
64840
63180
93520
88790
82650
80170
82960
87470
74260
77530
77839
81340
87990
76970
79350
78650
80910
81950
79630
76800
79440
82940
81390
80140
74820
78660
89250
79240
92390
66080
63780
59900
66110
65120
64820
62290
63840
70700
66480
79180
127090
93960
87930
69370
64110
70660
63730
65309
62290
62490
69210
61230
63530
62519
62590
60590
63050
61060
63500
62180
62160
63840
63050
63840
72160
63880
65890
62020
64960
62400
63800
92460
75280
90720
80480
80320
76820
84290
82410
79500
80060
76100
87290
74320
83120
80190
74650
81460
77360
82380
86929
88400
81170
79020
82600
89500
78790
80050
89620
72529
75290
66840
64940
62950
73250
65120
67060
64500
65360
142040
113790
87950
71920
73350
60870
63410
64630
69990
62750
59900
65260
63940
60800
60380
60900
61740
70470
62010
60990
61830
71860
62540
63550
61650
63260
66140
66130
64390
63050
62530
60950
111330
81250
88630
78330
83660
84540
80200
82700
76810
78040
81030
88450
78590
76520
81290
79670
79460
80130
76880
79350
84580
81690
83640
78610
78390
79940
93700
70840
61750
72250
63140
66120
67020
69380
65920
63880
66760
132170
123959
88840
77060
67709
73570
62020
60770
61180
69380
65660
61860
60830
63640
60130
62160
63540
60770
72900
61220
62450
62990
62740
61300
61940
65590
63260
62140
62820
64600
64500
63260
102800
79090
79080
84420
81820
79900
78849
80740
78690
84890
82910
79590
87319
77030
81820
80690
78430
76350
78170
82580
81360
88489
76130
77780
84510
79590
100280
68960
62380
60740
75460
63470
64700
62170
69620
69370
67110
77410
126700
99180
86410
67650
63910
71260
61180
64350
63320
61990
61960
62470
63160
63760
62620
61470
62280
60740
71250
63100
60769
59530
61920
63840
67290
61870
64939
63130
64390
65920
62370
96250
75720
85630
78350
86570
75210
83090
81640
76350
86240
76960
80800
77820
91970
81040
75390
80500
79990
92230
78550
75300
76330
83260
80770
77860
76260
75810
98210
71900
63399
63010
73040
63200
63140
64070
67889
64320
72450
122239
116310
95060
70679
62810
62290
65070
63520
61550
60580
60520
65940
61050
61240
61170
72890
66550
62510
63030
61180
61750
64020
60800
62130
64540
67060
63460
65260
64790
63550
62320
62570
118860
81080
78480
80320
79510
81670
79020
76820
79940
89510
84150
79090
78630
76890
79419
82350
80690
80080
87950
83110
77400
83290
80450
82510
82390
76570
100110
78420
59580
62760
63230
73690
62320
61960
64960
66870
66540
132900
110210
87440
85140
67970
62900
61860
64030
62340
61170
65550
64640
64020
62630
61570
63980
72140
60660
60030
60620
63920
63130
61830
59669
62500
64650
63020
65220
61610
63460
64400
65130
105930
84200
77320
74670
86070
80310
73920
78860
77900
83120
88750
79110
78290
75750
87390
80900
78510
77550
83650
91260
80640
79410
76040
78360
80700
81569
92500
68880
75740
60060
68430
66090
71160
60870
61460
67440
65460
72910
125120
92710
85220
76520
63400
63390
61730
64340
61760
61370
64300
62900
72970
63350
63940
60030
69870
62160
64970
61470
59670
60540
61890
62090
66170
62860
65260
64690
67530
63330
63250
86870
74760
88850
77540
75860
75470
77660
90720
81059
76970
80220
87969
76510
81750
78360
76920
78530
76520
79380
79650
86500
83290
82890
83470
83100
84420
73570
89800
68970
71770
63570
65560
65620
67340
66090
67530
65570
65540
130110
110570
90840
74540
74060
63340
65240
65829
64020
62160
63450
64640
65390
71909
61140
62950
65599
72400
63150
63280
65760
65750
64030
66220
63910
65440
73230
67820
67340
64200
73890
62240
112090
87000
88980
81370
79890
84330
84000
91420
77620
78940
85560
88940
77640
74050
77380
84980
91040
80910
77890
80550
82150
81420
78730
76980
82120
89070
98450
71190
61030
70140
60519
65730
65120
61750
66440
62850
66250
131980
114380
89680
78520
70500
66860
63990
61690
63300
61270
62700
62320
61520
61610
70520
64180
63200
64400
62600
62650
63760
61520
62540
62660
63050
66690
66030
76029
63420
65400
65260
75220
107620
75979
79350
78000
85020
79750
76750
79640
90930
84410
83330
80050
79100
77220
82180
79000
77210
85980
77630
79930
81650
80470
75220
77220
83680
80170
97510
68740
62720
62990
66330
64460
64820
64120
61690
70380
67500
62950
134820
98080
80560
67190
64370
60080
63710
66080
62320
61740
70740
61690
62690
62390
70320
60680
61770
61600
65300
63180
62550
64360
60750
71170
65340
59750
65910
73620
64960
64330
64140
99120
76770
81980
79890
79100
77240
80360
83150
78740
84730
73980
79400
75350
80870
77750
79720
79250
78500
92790
79260
79650
80519
77500
93410
82739
81070
79660
99629
71520
64050
67850
66190
65910
65850
65550
68350
76410
65050
125230
114380
96950
71220
67420
63100
64610
64250
62870
61520
62260
72830
60660
64150
60060
69160
63470
64319
82620
69490
64650
63270
61340
64350
71890
67720
63510
67980
76250
61600
64260
61130
107749
78260
77760
77690
75330
91380
80090
76670
76090
83630
82150
80740
76410
74970
88750
80260
79600
78980
84060
81690
78380
80470
76850
87870
78590
79750
95270
79830
63140
62350
63270
65150
62950
63880
67930
64160
75940
140530
106210
87190
76300
67920
61640
62650
60360
62020
61020
63430
62170
68650
58880
60480
62090
65150
60670
61290
62750
63230
70390
63730
59320
63120
73570
65030
70730
64160
72120
64930
64170
103070
74640
82860
78000
83750
82360
84940
78510
75020
81510
82570
79099
83470
75590
80340
89670
79610
79920
79460
81740
79410
81360
77460
80599
89200
82070
85830
76870
65500
61400
67950
65210
63360
70510
62050
68790
67680
72620
142730
92210
88800
67550
65900
62090
62000
65760
71460
61570
59520
61880
73750
62330
65430
59920
61720
61110
63530
63000
60110
69660
61860
63380
66250
73599
64040
63390
64700
67410
65080
88720
76630
80280
76820
76690
75090
79900
89010
79780
77600
81260
82220
83100
83600
79770
78560
87930
76590
80800
82290
80580
88190
77080
84630
83200
86030
74480
88320
69450
64860
63500
61350
67390
67540
75690
68480
63870
63970
124780
119560
86250
69430
67070
63500
62440
64090
61510
71000
60510
64850
62040
62570
60490
78940
65970
62440
72290
62750
64340
64960
70780
63910
63500
65450
62250
68290
64320
63880
64290
75790
115170
83140
78010
88050
79850
83390
80900
79670
77760
77500
89080
82890
88910
78810
84260
86710
83019
82620
80400
83510
77970
93670
81630
78740
79430
81590
109190
71410
62800
67610
78950
67860
65190
64950
88310
68060
66450
132410
113860
99390
78190
72030
65820
72540
62340
62370
62480
74050
65760
63060
65490
62550
64420
65030
63150
62060
71120
63630
62880
65630
62890
66550
67429
66010
68080
63320
65320
66630
65520
110950
75730
82470
78800
90390
84070
80010
86230
76940
80950
85100
80520
82230
84610
80580
79380
84180
83470
87180
85040
84070
81910
87870
79810
84300
80430
79390
76260
66090
61550
67980
75690
69250
64139
66710
75010
68560
65020
136670
88280
91070
68580
65970
63100
74140
64680
63580
62220
63290
62650
66760
64740
63550
71260
62860
62740
65360
73520
62070
62290
63510
64750
65990
62710
67500
64720
66230
65780
64900
85610
87880
83270
82480
79369
83860
79310
81600
82260
78930
84639
80310
78200
83840
87640
78100
80160
80640
83670
91320
77760
79340
80040
93510
84110
81130
80690
97940
79290
63770
62020
62280
73320
65130
65470
71640
66260
65590
127110
114580
88660
78810
66340
63030
64960
73890
63150
64360
63430
63450
64000
62230
63890
63929
74880
63590
63689
63210
70940
62809
62120
63150
61980
67330
63980
68130
66780
65820
65680
62540
116660
88610
76970
83140
76670
89250
79710
79670
76740
77990
93780
80130
79450
76500
78930
81390
81370
83590
81330
90510
78570
84530
83110
79770
78490
77240
97869
71280
73150
63189
63090
71490
75400
64390
67020
63940
66480
142090
109510
86250
78540
77200
62160
63590
60080
60450
61800
63430
65270
61660
60990
61670
61660
64540
69340
61700
62990
64110
64590
62750
59480
62710
65450
65590
66240
65140
64230
63990
63290
105530
76420
88490
76270
84840
81060
76390
76270
77380
82320
81360
90650
77090
79730
84770
81810
87700
102590
79700
83440
87980
76660
76180
78840
82120
92100
77820
75410
64550
71410
66320
64680
65220
61290
63920
68160
67230
62510
137500
95710
84320
68790
71060
61910
64450
64600
60620
63830
59930
62280
64740
72260
61459
60330
69980
70619
64110
63450
62770
62260
63090
62540
67020
62060
84860
71080
65970
65950
71610
84950
81050
82160
90190
79640
74590
83160
78980
88680
76490
77130
81800
85490
78470
78400
76030
78400
85910
80910
79880
77000
87470
78640
80909
79620
78700
90210
90920
69460
63299
72320
66700
67450
66160
64070
68950
68380
64780
124170
128190
89100
72820
66090
70400
64160
65860
62270
62910
63880
63840
63190
61290
68890
61970
63710
61930
70070
61330
62700
63280
62100
64170
63820
65140
64770
67750
64990
63590
63240
70230
108410
82030
81269
85770
79380
82620
82200
83000
87970
78550
81890
80969
85860
74310
79030
81230
81980
88390
76740
77280
74710
89330
82430
76720
76940
77880
109580
70480
61360
61160
72790
66600
63390
64830
67790
65740
66750
134160
110080
91780
77230
67650
64379
62490
59000
64750
61430
63240
62230
61770
58460
62650
72490
64910
60240
60250
63380
62920
64500
61750
61210
62220
66970
63990
64030
63040
63950
66320
64700
111090
76520
78210
78800
85420
80190
77660
78510
80930
90350
78760
78790
74080
74430
84160
84620
77310
75900
89220
79430
78150
77960
75520
79940
82170
79429
78990
87800
63860
61350
66250
72470
63440
61700
63180
72500
66350
67200
130950
99090
98890
70680
65660
61450
64280
61050
63370
