128560 
93290 
49310 
82560 
50420 
79690 
45340 
73860 
46850 
75450 
49740 
79140 
46320 
72520 
49280 
78870 
45060 
49260 
49810 
50870 
51520 
49260 
50910 
44840 
49890 
48950 
52800 
49070 
50680 
111470 
68550 
62920 
63640 
59790 
70900 
62610 
64980 
121440 
61590 
36880 
63730 
41020 
63250 
60730 
64310 
59740 
65440 
67930 
74420 
61100 
67080 
61250 
65950 
62490 
61510 
40840 
49500 
49730 
48130 
53510 
51370 
48370 
51380 
55540 
49320 
52500 
101120 
119310 
67470 
59260 
47240 
53550 
50070 
55530 
48760 
55420 
48130 
46920 
49650 
48980 
47210 
56970 
51770 
63580 
56170 
51620 
50270 
164160 
46960 
52870 
54950 
57420 
62840 
60400 
51270 
56330 
50660 
57880 
84040 
63750 
65920 
61750 
61500 
37770 
60850 
41810 
66730 
112710 
66510 
60120 
63060 
61350 
60160 
97550 
63320 
61210 
64540 
182760 
61520 
95760 
61780 
41020 
65920 
37690 
71770 
50600 
51060 
50130 
48600 
53390 
51180 
55060 
54450 
67650 
61560 
48830 
77120 
42790 
56980 
50350 
49970 
47310 
49410 
50480 
47920 
49780 
52070 
53290 
59960 
54920 
49780 
44820 
50080 
46290 
47930 
51060 
49420 
46890 
50780 
50360 
50470 
53710 
51010 
53590 
51190 
53040 
72300 
37620 
28760 
57200 
71670 
31050 
62820 
38330 
63340 
40590 
62350 
42020 
64880 
37910 
67340 
42230 
62010 
98440 
57160 
58950 
53710 
50390 
55840 
50650 
55990 
53310 
56130 
42170 
40010 
50020 
44780 
41660 
47900 
40240 
48710 
41150 
42270 
67290 
48630 
56710 
46440 
45400 
40780 
41500 
40660 
41390 
40130 
25290 
41020 
43940 
41250 
40300 
43080 
39340 
41220 
41470 
41110 
26950 
39440 
25700 
41100 
43890 
42280 
43080 
41160 
39380 
46120 
48750 
49160 
62450 
53180 
51150 
52120 
53600 
50070 
52170 
53150 
53170 
52490 
59790 
55220 
54120 
43770 
36290 
56510 
52330 
53970 
52040 
51520 
56700 
50770 
50690 
53830 
53670 
52360 
48870 
39880 
39150 
43130 
48310 
45860 
39050 
53560 
46580 
42360 
22760 
61610 
48340 
55430 
82400 
42260 
65900 
43930 
73110 
44200 
70950 
46540 
82540 
47640 
71250 
49730 
67240 
41680 
65410 
43310 
71070 
42680 
65680 
41490 
71620 
44130 
78070 
51590 
72700 
48160 
66690 
52510 
100300 
54220 
93620 
54830 
84570 
54510 
83610 
55650 
81300 
58180 
90410 
55930 
93140 
56960 
83500 
62950 
84300 
53820 
87720 
52320 
83350 
56090 
91370 
57950 
80820 
55200 
94050 
46410 
67240 
45520 
85500 
52270 
75830 
41670 
73950 
44290 
69760 
55410 
101270 
63170 
80620 
43220 
71390 
44040 
66250 
50800 
71140 
45620 
67450 
42040 
65460 
43250 
74580 
41710 
65960 
41320 
69840 
42930 
69960 
42500 
63500 
44450 
70270 
52830 
69510 
46620 
70240 
43650 
71560 
59480 
85130 
62050 
88160 
56540 
89800 
58360 
83740 
57530 
86210 
53860 
99290 
58730 
103580 
53120 
86130 
54280 
83930 
61940 
36400 
68440 
100420 
68450 
105160 
64550 
105770 
74820 
92160 
51570 
84160 
52680 
81850 
51630 
84420 
52340 
76430 
49240 
99330 
84190 
110480 
56130 
75510 
49500 
81610 
46950 
75730 
51410 
78950 
51630 
77530 
46230 
73540 
46960 
80830 
51280 
73140 
47420 
73280 
48280 
81500 
47090 
82950 
58770 
89730 
52030 
79380 
48460 
74860 
63630 
102320 
67130 
101860 
64450 
97380 
64410 
100240 
70930 
102630 
66810 
101670 
64450 
101560 
62360 
79240 
60440 
98440 
64950 
98930 
65080 
101960 
65440 
100160 
61130 
98840 
69170 
96750 
52480 
76070 
49030 
78550 
51050 
74100 
52090 
87300 
54490 
107960 
83660 
108260 
60200 
86380 
60030 
97380 
60650 
80250 
46920 
71690 
48340 
73930 
48380 
77820 
48510 
78200 
48590 
77260 
45900 
76010 
57690 
82720 
49180 
74080 
48780 
77040 
51900 
77290 
51580 
75060 
49350 
112440 
69680 
105810 
61520 
102280 
66470 
103430 
63730 
105360 
65120 
87110 
63180 
96350 
65640 
99890 
64290 
97980 
63970 
100310 
60260 
106840 
65190 
100090 
64810 
106430 
71620 
100630 
51840 
79510 
47410 
79400 
52400 
76780 
47010 
89680 
52710 
82410 
91840 
97850 
75320 
91660 
50110 
76190 
48090 
75230 
47750 
77440 
48530 
73180 
45940 
79480 
45030 
77020 
48820 
76620 
49370 
74580 
47200 
73300 
44960 
68700 
54610 
80930 
52740 
79010 
51120 
82320 
48500 
91520 
62980 
102500 
63390 
108480 
63140 
86930 
69940 
98870 
64330 
101070 
62770 
104070 
63790 
104930 
64660 
102700 
65320 
100830 
64800 
105230 
70520 
87160 
61820 
96540 
66060 
109350 
51360 
74950 
47360 
84650 
47650 
77240 
51340 
86840 
54470 
83600 
46860 
103150 
70640 
98560 
52760 
88320 
51970 
75380 
49770 
80060 
46610 
74670 
48500 
74700 
51530 
88510 
49850 
78860 
47480 
83020 
58920 
77640 
48000 
74420 
50500 
79780 
48270 
81810 
50240 
83460 
51690 
81700 
78930 
81320 
69000 
104660 
64340 
98490 
67280 
99200 
65940 
102310 
60850 
102460 
64820 
105950 
65140 
103500 
61910 
83770 
61380 
96540 
64670 
104390 
62930 
108100 
69850 
104310 
69040 
84580 
49030 
82290 
49690 
78390 
45270 
75840 
53800 
80070 
50290 
100520 
86280 
105680 
56270 
78800 
46130 
89960 
59270 
85170 
53200 
78680 
45510 
77610 
48230 
73950 
58300 
85180 
46890 
74480 
48490 
76390 
45220 
75850 
48890 
81710 
50490 
80980 
46760 
77810 
53440 
81820 
59270 
108780 
65240 
101440 
64840 
104260 
62040 
105460 
66180 
101350 
65660 
103830 
61370 
82160 
62370 
96700 
65330 
99930 
67260 
107590 
71880 
110200 
63870 
105090 
64860 
103000 
65050 
94750 
51750 
75570 
47800 
78740 
52650 
72370 
58260 
87090 
51700 
114920 
84750 
115680 
65430 
83260 
50040 
76620 
46390 
82190 
46640 
77030 
46950 
93430 
49890 
80080 
47600 
85980 
46050 
84410 
48130 
86910 
52340 
76570 
47530 
76040 
49810 
75670 
51420 
77890 
50030 
77600 
50700 
116440 
74180 
107460 
64830 
102520 
65110 
103210 
65490 
83290 
62170 
98230 
65610 
101260 
63280 
100880 
62930 
126900 
67720 
103580 
63660 
102050 
66660 
104410 
61110 
79400 
60940 
101610 
51900 
74430 
48190 
87350 
51440 
85280 
45000 
86130 
50570 
81740 
91420 
96060 
60220 
86860 
46480 
75180 
51490 
73840 
46460 
72190 
47690 
79120 
46720 
70120 
56740 
87120 
55920 
77400 
45680 
74460 
45520 
76360 
49350 
73880 
77450 
92150 
56870 
86460 
48050 
105540 
54280 
85610 
66700 
102740 
62190 
80940 
59070 
97400 
64750 
97260 
70040 
101630 
66330 
103050 
61250 
103180 
72100 
105330 
64520 
101870 
63340 
85730 
63750 
99820 
64410 
102670 
64870 
109980 
62240 
81190 
46220 
78580 
54600 
84700 
57640 
89260 
50730 
79920 
52120 
97830 
76080 
101370 
59960 
85730 
48370 
78270 
49230 
79070 
50160 
112490 
53590 
78090 
47750 
81060 
46320 
82150 
48730 
82250 
49960 
82990 
48480 
84800 
47480 
90610 
55630 
90150 
50720 
90620 
52130 
87090 
79550 
105610 
66530 
115650 
67250 
113970 
62590 
109700 
61130 
116710 
66730 
112610 
64590 
101110 
68470 
88210 
61560 
96170 
66380 
99240 
65420 
98460 
64870 
103090 
61120 
104070 
72710 
88120 
50870 
104550 
54400 
79390 
47960 
75140 
56960 
90360 
55290 
101690 
80390 
109050 
52840 
78810 
49990 
78340 
49620 
75220 
47660 
74170 
46660 
77340 
51390 
78260 
48870 
73130 
50210 
79430 
46210 
76860 
48950 
76640 
49530 
81000 
48840 
81360 
48250 
113820 
53890 
78830 
50420 
110270 
65230 
103710 
71790 
106840 
64550 
102950 
63930 
108720 
63550 
103490 
66580 
101190 
64190 
98450 
62430 
99700 
63200 
102980 
62850 
102550 
64100 
101550 
62750 
104410 
61480 
91120 
47640 
74610 
65290 
86550 
51910 
74290 
52520 
88550 
47530 
103260 
87910 
115180 
65100 
88780 
46730 
73520 
47820 
73780 
49340 
104150 
52560 
75900 
50040 
78440 
45840 
75260 
47590 
80240 
55310 
76880 
48500 
78390 
50750 
110960 
57120 
78120 
51690 
76620 
47850 
79140 
50260 
91200 
66850 
100610 
66240 
100570 
60600 
78810 
62290 
97170 
63340 
99210 
67220 
100890 
63770 
100570 
60140 
105620 
61910 
104200 
63190 
99780 
60870 
80190 
61600 
97770 
63700 
105400 
48390 
107000 
54560 
92690 
47250 
86120 
47180 
99090 
57130 
84870 
92280 
99830 
63710 
95580 
53950 
105320 
51060 
78860 
47750 
77890 
45630 
79770 
49130 
77720 
50430 
75150 
46650 
73720 
48100 
75850 
47550 
72590 
57150 
85280 
56510 
91680 
51690 
82040 
53890 
82680 
51240 
93160 
68900 
80510 
60850 
97320 
65970 
101940 
63980 
102050 
65970 
129360 
66990 
116120 
64530 
114140 
65590 
112240 
64360 
82160 
64510 
107640 
66160 
115430 
67330 
125520 
68120 
114070 
65600 
93940 
50610 
93560 
52370 
81960 
45810 
86500 
50670 
83800 
48940 
98050 
77450 
110480 
50640 
89040 
45370 
88510 
49090 
85480 
51570 
88090 
52780 
84800 
48510 
82590 
48300 
82650 
48240 
80930 
48190 
86510 
47810 
102290 
55470 
85560 
52760 
82350 
50170 
74980 
46900 
82860 
79410 
106520 
66680 
99660 
62630 
127020 
69410 
114490 
67820 
113540 
66110 
117200 
62700 
80910 
62620 
103610 
63310 
98920 
62380 
100560 
61340 
102210 
62280 
106630 
67120 
99710 
73610 
87900 
47210 
73300 
50720 
79670 
52200 
79710 
55130 
80390 
50400 
103140 
80860 
113790 
64210 
104180 
60510 
82550 
49970 
73800 
50570 
78370 
53300 
72910 
53430 
77680 
52890 
76200 
49350 
83460 
58500 
85250 
55500 
77330 
48510 
78290 
51940 
79740 
52050 
73260 
50980 
74550 
51770 
109670 
66020 
98720 
68390 
102780 
66210 
98440 
65530 
81320 
65320 
96590 
67380 
101200 
68610 
98740 
69300 
103050 
66140 
98590 
68270 
104390 
69070 
118990 
69910 
96720 
65650 
96210 
53450 
70530 
50170 
79900 
57250 
80420 
54370 
83610 
54960 
88080 
84980 
115080 
66500 
79780 
53560 
75210 
52240 
71290 
51350 
75620 
51370 
74250 
48660 
73650 
51520 
76830 
54050 
75390 
54500 
78520 
51670 
79290 
52270 
83430 
52190 
83760 
54710 
87750 
51750 
86560 
55400 
92360 
68420 
108120 
66730 
97570 
71850 
105740 
67830 
108890 
65800 
108170 
65710 
108960 
62790 
111360 
67580 
114300 
67170 
108430 
74340 
86540 
66360 
96920 
68750 
98420 
68510 
107300 
55040 
73280 
47880 
79950 
55650 
75840 
52400 
85370 
52580 
74720 
91730 
100890 
68350 
89510 
65930 
79080 
54200 
80660 
49660 
77240 
53670 
77240 
52840 
77720 
51080 
72890 
51090 
100910 
60830 
77270 
51750 
73820 
51440 
75540 
50180 
84520 
54900 
80360 
53290 
76680 
54320 
87110 
78820 
108840 
67780 
101570 
64520 
97810 
68850 
101030 
66020 
100630 
68110 
103480 
67100 
102680 
66370 
78030 
66950 
94740 
66610 
100900 
66550 
97670 
67720 
101370 
65900 
100350 
69860 
81830 
53210 
80680 
53850 
74850 
49100 
73310 
56270 
82920 
58290 
98170 
83900 
100570 
53670 
75970 
51790 
79580 
51820 
79250 
49190 
69260 
50260 
80140 
58700 
81050 
51100 
70330 
52020 
80790 
51540 
73090 
49640 
75910 
53990 
82650 
55060 
75710 
51100 
75260 
53060 
72790 
77630 
98040 
67520 
100750 
66300 
100930 
68330 
104370 
68770 
100360 
66290 
78870 
66700 
99260 
69260 
98770 
67150 
104470 
72000 
107550 
66430 
100920 
68250 
107310 
67680 
104450 
73000 
78070 
51320 
75910 
54930 
83880 
59210 
80890 
59890 
79840 
52810 
103650 
84360 
104360 
65200 
74510 
48640 
72180 
52930 
73430 
50790 
69520 
48720 
73570 
51480 
74940 
52880 
75670 
51610 
78080 
53120 
72730 
46910 
71300 
50650 
74260 
52580 
79590 
53590 
75140 
51470 
83230 
58730 
110340 
70030 
105790 
68310 
99560 
67810 
79700 
65580 
95430 
67320 
99030 
65650 
104630 
73780 
106330 
68690 
101270 
67830 
103430 
69080 
100960 
62990 
84810 
68900 
94930 
67520 
99500 
54660 
74040 
52210 
77560 
51370 
78340 
53130 
86030 
59730 
78810 
92130 
93680 
67810 
82730 
52230 
71850 
52750 
72700 
51630 
79130 
49810 
84060 
59440 
83910 
54790 
72710 
50160 
74830 
50140 
78610 
53420 
73890 
49600 
73350 
52510 
82180 
61560 
86860 
56770 
79350 
55070 
91950 
68390 
80650 
66340 
94320 
65260 
99740 
68530 
95220 
66740 
103740 
66350 
101930 
66030 
100290 
68460 
102430 
63020 
96290 
66100 
93000 
67700 
100630 
77010 
100880 
75650 
107730 
54530 
71760 
52790 
89420 
62800 
85880 
49400 
81740 
55100 
78140 
94730 
95770 
69940 
88550 
54610 
80520 
48010 
87770 
60680 
85640 
54710 
75770 
49010 
72210 
50920 
73310 
55070 
72730 
49360 
70980 
50910 
75650 
50200 
72940 
51290 
79130 
55100 
78260 
49440 
74810 
53180 
77780 
78850 
100540 
66660 
97270 
68440 
102850 
65060 
98980 
71090 
106930 
72290 
109710 
73390 
84480 
65990 
98670 
66030 
98430 
63910 
104860 
70260 
97350 
64720 
101760 
67930 
110420 
74460 
85640 
51080 
85330 
54160 
83340 
52310 
83630 
55220 
86210 
55940 
122110 
80170 
114830 
58750 
87420 
54030 
81620 
48700 
79060 
52820 
77010 
57600 
82420 
50230 
81000 
50930 
81600 
50310 
80420 
52980 
85870 
53300 
69960 
49600 
81370 
61410 
88880 
52840 
75320 
51480 
76230 
79280 
103430 
64820 
99490 
65690 
101890 
67990 
106020 
72650 
87770 
67780 
99530 
65630 
97840 
66250 
98020 
68770 
104380 
64200 
99830 
66730 
104280 
67250 
99780 
64870 
95630 
75340 
91960 
52520 
71230 
53460 
74970 
52680 
76200 
55530 
82470 
53640 
103730 
84840 
107720 
60570 
76180 
53090 
80200 
60830 
80230 
56130 
72640 
53180 
75040 
53070 
74130 
56650 
77290 
52270 
72790 
49650 
75570 
57850 
82710 
52220 
78570 
52990 
74500 
53880 
77330 
50530 
77520 
52340 
113680 
69330 
101280 
66660 
94810 
65620 
97270 
66640 
96700 
65380 
97420 
68480 
103350 
65820 
99660 
67780 
102910 
67600 
108640 
66460 
93740 
62670 
93920 
66550 
105570 
71770 
96910 
53700 
78930 
50870 
77140 
50530 
81170 
54110 
87310 
53440 
72970 
90260 
93590 
72780 
93830 
49570 
76100 
54300 
79920 
46840 
76630 
49250 
72920 
52980 
79870 
45190 
71960 
47860 
79510 
50930 
72520 
45980 
75340 
48800 
87900 
50190 
80930 
54140 
83600 
53180 
83950 
46740 
98760 
63400 
99770 
70000 
101030 
73160 
108870 
71160 
116640 
62940 
101240 
67310 
105340 
66640 
105120 
62830 
99070 
68590 
100700 
63450 
115770 
69440 
115280 
71010 
112490 
60570 
121970 
50220 
94430 
49030 
89100 
47730 
83920 
44390 
95330 
52300 
85140 
95970 
97460 
72490 
104120 
47130 
85120 
49430 
86700 
55220 
78830 
46110 
80350 
48550 
84290 
54670 
83990 
49650 
84420 
48090 
94980 
63680 
90140 
50220 
78040 
50730 
82900 
53390 
78220 
51520 
77840 
50270 
77570 
78680 
101250 
71020 
114620 
62930 
102990 
67830 
105380 
66470 
101090 
62120 
81770 
62550 
96620 
64960 
98060 
62820 
98880 
64950 
102620 
61870 
103080 
66300 
99380 
69560 
101940 
70060 
81350 
46690 
77530 
50390 
76580 
50820 
86510 
54630 
84480 
59050 
100460 
83100 
106540 
58680 
77240 
47890 
75600 
46280 
76420 
48130 
78080 
49100 
75410 
47930 
79810 
