92220 
45090 
41630 
39840 
36520 
36130 
37730 
37500 
37830 
37230 
39330 
38510 
38490 
37160 
36590 
36050 
35810 
36180 
37310 
35430 
35780 
35720 
36850 
37040 
35400 
35250 
36880 
36210 
36180 
35270 
37300 
35750 
38520 
37000 
37330 
36850 
35100 
35710 
37710 
36540 
34910 
36510 
35460 
35830 
37120 
38710 
36000 
35850 
37730 
36380 
37200 
37030 
39800 
37950 
35180 
35860 
35900 
34180 
37230 
36140 
36700 
35390 
37250 
35750 
37420 
36050 
36260 
35670 
35800 
35790 
36070 
35260 
36680 
35600 
36360 
36100 
35950 
35130 
36100 
36260 
35720 
35920 
35150 
35660 
36790 
36740 
35940 
36390 
35590 
36090 
37820 
36210 
35440 
36130 
35580 
36110 
37150 
35010 
36170 
34940 
38550 
36720 
37450 
36590 
34890 
36060 
36580 
35660 
35340 
35340 
37110 
36510 
35730 
34470 
34390 
34530 
36860 
36020 
34650 
34670 
36860 
35470 
37320 
34950 
35510 
35150 
37250 
37840 
36540 
34840 
37340 
37790 
37860 
37850 
36410 
36360 
38310 
36180 
36740 
35560 
36210 
36520 
37340 
36040 
36280 
36360 
50900 
38410 
36460 
34540 
36280 
36960 
36360 
38880 
38040 
36290 
37800 
36800 
35520 
34630 
37740 
34610 
37000 
37430 
36020 
35550 
35830 
35320 
38790 
36040 
36880 
34580 
35750 
43540 
37760 
36710 
35910 
35460 
37370 
37340 
35900 
36190 
35720 
35700 
36510 
37320 
36310 
35250 
36320 
37190 
37000 
37240 
36220 
34700 
36930 
36500 
35660 
36870 
36350 
39650 
38030 
35860 
35900 
37090 
36110 
36650 
36990 
35090 
37130 
35860 
38220 
36870 
35360 
36190 
37270 
36210 
34980 
34870 
34740 
35960 
38220 
35380 
35540 
35420 
40930 
41870 
37820 
35540 
35810 
34960 
35770 
38320 
36820 
37250 
36210 
37440 
37150 
36800 
36560 
35030 
36750 
36640 
35370 
36630 
38260 
37000 
38550 
35380 
35340 
36080 
37530 
36820 
35570 
36070 
37810 
36440 
37990 
39740 
36620 
36000 
36640 
37560 
36740 
36800 
35360 
36240 
37820 
35520 
35830 
35810 
35310 
34920 
35760 
35530 
36620 
36700 
35220 
36890 
36080 
35840 
35810 
37460 
36240 
37030 
34770 
35380 
37070 
35590 
37300 
36550 
35790 
35590 
37390 
36500 
36520 
36510 
34420 
35720 
36130 
36280 
35210 
36990 
36480 
35350 
37090 
35330 
36080 
37790 
37430 
37650 
35660 
35360 
36980 
37330 
34980 
36430 
34930 
35740 
35450 
36880 
37080 
35780 
35370 
36770 
38220 
37030 
36100 
36710 
36930 
37220 
38930 
37460 
36190 
35700 
36110 
37680 
34980 
34970 
36460 
37430 
36010 
36070 
36480 
35930 
35890 
38370 
37330 
36830 
35610 
35420 
37640 
35280 
35720 
36570 
34660 
39480 
37680 
37100 
35580 
37570 
36800 
36300 
37020 
35520 
36020 
36440 
36150 
35910 
36480 
36080 
36140 
37370 
35210 
36510 
35400 
36000 
36100 
36510 
36940 
35430 
36480 
36850 
36070 
37760 
36180 
37020 
37220 
37290 
36550 
36570 
37920 
36660 
37080 
36060 
36640 
37060 
36500 
36080 
35810 
35510 
36020 
35130 
36790 
35740 
36430 
35650 
35680 
38780 
38110 
37170 
37870 
37440 
36350 
37040 
35930 
35720 
37090 
36240 
36420 
35240 
34860 
36580 
36860 
35620 
34750 
36250 
34780 
38090 
38300 
36120 
35620 
36410 
35560 
37350 
36110 
37190 
36630 
35200 
38100 
37420 
35130 
35680 
36090 
36400 
35500 
35780 
37820 
35890 
36130 
36660 
35430 
35850 
36050 
35940 
37040 
36220 
38600 
36220 
36550 
36660 
36550 
35900 
36240 
37170 
35950 
36070 
35700 
36680 
37670 
35900 
36380 
36230 
35950 
36240 
36380 
35670 
36100 
34910 
35980 
35750 
37770 
36880 
35850 
36300 
35210 
36080 
36450 
35970 
37090 
36360 
36690 
35580 
36520 
36080 
36090 
37030 
35970 
36220 
36000 
38390 
37250 
37590 
37160 
36160 
35960 
36350 
37210 
36020 
36770 
35990 
37570 
36140 
36710 
37410 
36640 
34500 
36230 
36120 
35380 
35950 
36960 
37110 
36270 
35790 
36520 
36340 
37120 
37000 
37920 
34980 
36930 
36760 
37200 
37660 
36470 
36470 
36350 
37610 
37700 
35980 
35980 
36900 
36210 
37260 
36280 
36260 
38330 
39370 
39050 
36080 
34850 
36460 
36790 
36310 
36990 
35520 
35960 
37590 
39410 
35650 
36500 
35470 
37780 
36370 
37730 
36020 
37480 
35650 
37040 
36400 
36270 
35430 
35800 
37290 
36450 
36260 
37490 
35130 
38720 
38060 
35270 
36550 
35340 
36000 
37640 
45480 
40520 
35820 
36160 
36330 
36370 
35540 
34880 
35460 
36020 
37010 
35440 
35960 
34610 
37240 
35540 
36550 
34670 
36520 
36560 
35810 
35880 
35670 
35540 
38530 
37010 
36390 
35170 
36620 
36370 
37420 
39300 
36270 
35990 
36720 
37160 
36190 
36190 
35600 
35070 
37790 
36460 
36790 
35760 
34980 
36840 
37630 
36100 
37020 
37550 
36410 
36590 
36590 
35140 
36150 
36010 
36560 
36630 
36080 
35400 
36950 
36480 
39830 
37790 
42300 
38200 
36670 
37050 
35840 
35660 
36110 
35080 
37390 
38250 
35780 
35010 
36160 
35280 
36260 
36880 
36210 
38780 
37010 
35760 
35870 
35490 
35070 
36560 
36060 
35800 
35380 
36500 
37160 
36090 
36170 
34570 
36500 
38130 
36480 
37100 
35340 
36650 
34120 
37960 
35790 
35140 
35380 
36110 
36450 
36320 
35060 
36170 
36340 
35160 
36250 
35650 
35830 
36080 
37080 
35940 
36200 
35610 
35180 
36190 
39560 
37160 
35890 
35800 
35990 
37570 
36870 
38050 
37070 
35550 
36070 
36360 
36760 
35120 
36310 
37290 
36340 
37360 
37470 
35990 
38050 
37660 
36740 
36120 
35630 
36090 
38480 
37250 
35720 
36140 
36250 
37710 
38360 
35640 
35110 
36780 
37380 
37820 
37510 
36480 
36310 
37810 
37160 
39170 
35080 
35300 
37380 
36110 
37260 
35970 
38040 
37400 
38890 
37200 
37770 
36750 
37290 
39900 
36110 
37850 
36680 
34610 
37390 
37730 
36430 
36770 
36660 
36340 
37920 
35850 
36790 
37440 
36330 
36970 
39480 
39030 
35830 
36310 
36180 
37400 
36230 
36040 
36120 
36690 
36030 
36060 
35310 
37240 
39320 
37260 
35870 
34880 
36380 
36350 
36820 
36260 
35040 
35570 
35830 
36210 
36730 
35760 
37350 
37330 
37030 
36100 
35720 
35560 
36150 
36870 
36190 
36360 
35820 
38710 
38240 
36670 
36260 
35710 
36430 
37970 
37270 
37110 
36860 
35330 
37050 
36660 
38830 
36520 
37160 
35710 
40010 
36650 
35820 
36180 
36270 
37810 
37360 
36460 
38320 
36250 
37830 
36340 
37210 
36510 
36410 
36130 
38700 
36900 
35790 
35730 
36130 
38610 
35770 
37070 
36850 
37880 
39610 
36880 
35090 
36530 
36080 
36670 
37590 
36710 
37460 
38770 
36860 
36910 
34850 
35820 
36810 
37850 
36630 
36210 
34850 
35010 
38220 
37140 
34710 
34720 
36000 
36920 
37110 
37090 
34640 
35520 
35380 
36440 
35490 
38300 
35390 
36910 
35630 
36680 
35920 
35340 
36280 
35880 
36610 
35380 
35660 
36650 
36370 
35810 
35900 
35800 
35870 
36860 
36900 
35670 
35840 
35960 
34980 
38540 
35800 
36190 
35240 
36030 
35860 
37120 
36350 
35590 
37470 
36610 
38170 
36050 
36760 
36120 
37450 
36670 
35580 
36300 
36010 
36860 
37300 
35840 
36130 
36300 
36000 
39180 
36630 
35610 
35630 
35720 
36700 
35750 
36900 
35810 
35840 
36410 
35870 
36970 
38380 
38480 
37530 
37820 
36600 
35260 
35710 
35690 
36140 
36840 
36450 
35470 
36190 
37150 
35470 
36180 
35540 
36630 
35670 
37420 
35580 
35030 
35500 
36330 
36010 
36180 
36220 
35920 
36740 
35520 
35910 
36200 
34890 
36980 
36510 
36360 
36070 
36000 
36500 
37800 
36090 
35760 
35660 
35200 
36430 
36040 
35570 
36440 
34880 
37160 
37080 
37240 
36800 
36190 
36300 
36520 
35510 
36160 
35170 
36860 
35540 
36820 
35410 
38140 
34970 
36220 
35950 
35620 
35330 
36690 
36760 
36670 
36820 
35630 
36600 
36230 
38090 
37120 
35220 
35840 
35950 
36790 
36680 
36420 
36080 
37610 
37250 
35830 
37670 
36240 
36060 
36390 
35890 
37410 
34420 
36420 
36550 
35740 
37000 
35460 
37190 
39890 
37690 
36670 
35600 
34200 
37230 
37190 
35840 
35920 
35930 
36500 
36630 
36030 
35360 
37270 
36910 
36830 
38810 
37210 
37430 
36280 
36700 
36070 
35570 
35090 
36100 
37120 
37520 
35820 
34120 
36220 
35960 
37010 
35690 
36390 
35920 
36110 
37820 
36840 
38030 
36330 
35260 
37470 
36260 
36250 
35730 
36140 
36150 
35950 
36210 
36990 
37110 
38230 
37470 
35730 
36180 
36230 
37790 
37610 
35150 
36810 
34360 
36730 
36110 
36180 
38470 
35610 
36160 
38110 
36120 
36640 
36080 
37220 
37350 
36100 
35290 
36480 
35970 
38130 
36870 
35050 
35940 
36420 
36570 
38040 
36090 
36940 
35150 
37140 
36640 
36620 
37200 
35590 
35240 
36940 
35820 
35780 
35340 
37630 
36460 
37000 
38670 
36890 
35400 
36290 
35920 
37290 
35700 
36780 
35890 
36220 
35160 
36220 
35810 
36000 
36700 
35400 
36100 
35350 
37110 
37770 
36190 
35600 
35040 
34980 
36850 
36490 
36410 
37450 
37010 
37690 
35480 
35970 
35790 
35140 
35160 
36250 
36790 
35810 
34790 
36780 
36040 
35480 
34860 
37250 
37380 
38000 
35790 
35780 
36890 
34800 
34830 
36380 
35470 
35290 
35920 
37550 
36760 
37150 
38120 
37610 
35570 
36720 
35710 
34970 
37550 
37150 
37350 
51780 
39610 
35440 
36030 
38690 
36710 
35190 
34730 
35990 
37770 
36170 
35860 
35240 
36020 
36050 
38220 
36550 
37120 
36690 
37830 
35940 
35750 
34960 
35810 
36240 
35920 
36160 
36290 
35830 
36910 
37300 
36040 
37980 
34860 
38180 
35860 
36430 
35320 
35600 
36570 
37670 
36020 
36810 
36270 
36160 
36610 
36330 
35550 
36170 
35660 
37530 
37370 
36990 
35130 
35290 
36920 
36990 
36170 
36150 
35480 
36340 
37650 
36210 
35880 
36760 
36010 
36700 
35740 
35980 
34500 
35420 
36460 
35230 
36320 
33980 
35620 
37060 
36260 
36620 
35460 
36820 
35300 
37730 
36160 
35480 
36560 
36310 
36110 
37320 
35370 
36490 
36290 
36260 
36350 
36280 
39680 
36840 
36150 
38440 
36670 
35810 
36070 
37730 
36700 
36100 
46490 
41560 
36920 
38340 
36570 
35950 
35200 
36410 
36020 
36230 
37090 
36840 
36960 
37310 
37740 
36350 
36520 
37400 
35480 
36630 
36750 
35310 
36890 
37680 
36700 
35830 
35580 
36820 
37120 
36950 
39360 
36030 
36200 
37920 
37510 
39370 
35910 
35930 
36030 
36200 
37470 
35560 
36920 
35380 
38380 
37360 
37660 
37500 
37540 
35950 
36110 
37260 
37110 
36770 
36120 
38300 
35570 
36090 
34790 
37090 
36750 
36420 
36430 
35530 
36440 
36800 
36950 
42340 
39690 
37540 
36780 
39000 
36580 
36620 
35060 
38170 
37290 
36430 
35310 
36030 
35310 
37660 
36940 
35650 
38830 
37350 
37150 
37340 
36450 
35520 
36760 
37630 
36460 
34940 
35260 
36910 
35360 
36950 
35300 
36630 
36880 
37380 
37330 
36290 
34540 
35780 
35170 
37970 
35080 
35470 
36000 
36950 
38100 
35660 
37250 
36870 
35710 
37500 
36840 
35920 
35220 
36350 
36480 
37380 
36090 
34670 
36710 
37700 
35690 
35900 
34900 
37740 
36950 
36260 
36040 
36690 
36990 
35950 
36100 
36420 
36880 
35950 
36290 
36630 
36690 
37560 
36930 
36600 
35880 
36400 
36780 
36410 
34840 
37420 
35000 
36130 
35550 
36630 
36440 
36970 
35900 
36610 
36720 
36810 
35380 
36530 
37640 
35810 
36180 
35790 
36820 
35080 
36440 
35320 
36500 
37230 
36240 
36570 
35780 
36370 
36800 
37230 
36200 
36270 
34490 
37190 
37130 
35390 
35920 
35720 
35010 
36870 
36920 
34470 
35360 
36130 
36750 
36550 
35960 
36100 
38830 
37540 
36830 
36940 
34650 
37010 
36220 
36350 
36860 
36550 
35930 
37940 
37550 
36590 
39510 
37420 
35780 
36100 
36000 
36520 
36200 
36830 
37360 
36470 
35710 
38000 
37130 
36740 
35830 
36050 
35140 
35660 
39850 
36040 
36760 
38110 
35830 
38210 
36820 
35500 
36570 
36770 
36490 
35310 
36360 
35230 
43670 
37610 
37010 
35360 
35710 
34960 
35810 
37170 
35800 
35140 
35640 
36970 
36590 
35270 
33980 
35400 
36060 
37970 
36400 
36580 
35100 
35790 
36810 
37280 
34940 
35520 
36780 
36350 
36440 
36230 
36530 
35240 
35610 
38250 
35780 
34240 
37080 
36640 
35770 
34780 
36180 
36260 
35860 
36090 
35320 
35330 
35620 
37280 
36290 
36380 
36180 
34900 
35160 
35830 
36360 
36050 
35890 
36180 
36820 
35550 
38760 
35710 
36330 
35850 
36570 
37390 
37180 
36200 
37090 
38250 
34710 
35620 
36310 
35800 
35690 
36220 
35430 
44590 
40430 
37650 
46400 
42200 
35830 
36140 
36440 
36660 
35480 
39030 
36810 
37500 
38090 
36580 
35870 
34920 
36450 
37050 
35460 
35400 
35570 
38520 
36210 
36930 
36160 
41040 
37290 
36130 
36380 
35390 
35030 
36950 
36420 
36730 
35960 
36180 
35300 
37360 
36230 
37940 
35570 
36820 
36410 
36240 
35550 
36400 
36010 
35480 
35450 
37780 
36530 
37170 
35080 
36330 
35360 
36090 
35660 
36270 
36260 
35520 
35760 
36550 
36580 
36320 
37930 
37170 
36040 
35980 
35350 
37210 
35660 
37510 
37420 
36000 
36780 
36730 
39600 
36090 
36070 
36590 
37240 
37410 
38660 
36310 
37600 
35550 
36020 
37830 
37910 
38090 
37060 
38630 
37540 
37070 
36840 
37600 
37460 
35310 
36590 
36980 
36420 
36160 
36860 
37330 
38230 
35710 
37700 
37060 
35620 
38370 
38750 
37420 
34960 
37350 
35710 
36830 
36720 
36370 
37550 
36350 
37140 
38350 
35890 
35960 
38060 
36000 
37680 
36590 
35310 
36930 
36050 
36700 
37120 
35460 
35920 
37370 
38220 
35360 
35650 
36830 
36570 
36500 
35580 
35830 
36010 
35510 
35990 
38130 
36230 
35640 
34940 
37880 
35350 
37350 
36890 
34720 
35970 
36120 
35900 
36430 
35970 
35840 
35530 
35060 
36230 
36150 
38020 
36690 
38470 
36300 
36740 
36720 
34930 
36630 
35720 
35770 
35650 
35840 
37500 
37420 
35000 
34680 
35270 
35970 
35600 
38200 
35000 
35090 
38630 
37010 
36690 
40720 
38000 
36540 
35550 
34710 
36240 
35770 
35890 
36050 
36410 
35510 
35860 
36340 
37730 
36380 
35340 
35810 
35790 
36670 
36540 
36480 
35650 
35150 
36460 
37780 
36180 
35650 
34520 
36690 
35390 
34300 
36370 
34700 
36430 
37010 
34720 
35110 
36230 
37340 
35730 
37240 
34890 
35810 
36910 
36480 
38080 
36700 
35580 
37890 
37500 
36540 
37150 
36150 
35950 
36450 
36910 
35670 
35240 
36770 
34960 
36810 
35910 
37570 
36390 
34890 
36810 
37170 
35990 
35570 
36120 
35940 
37340 
34990 
35950 
36240 
36740 
36880 
34570 
36580 
37060 
36320 
36440 
35800 
36250 
34880 
35680 
39330 
37270 
35570 
35790 
34560 
36240 
36820 
34610 
35250 
36820 
36350 
38380 
34870 
35360 
38880 
37430 
37560 
37280 
36220 
36490 
38870 
36770 
35900 
35130 
36430 
35040 
37040 
36760 
35990 
39560 
41270 
36960 
36890 
38370 
35940 
38520 
36130 
36890 
36460 
36310 
36130 
36300 
35910 
36470 
35500 
36750 
38230 
37140 
36550 
35800 
36860 
36210 
39110 
37460 
37480 
36420 
36280 
36740 
35820 
36500 
37980 
36420 
36120 
37520 
