122090 
51500 
102830 
41570 
92560 
51380 
66170 
54150 
73690 
72200 
78070 
97100 
91840 
26340 
97720 
60840 
91300 
26970 
52890 
27960 
81840 
27860 
90830 
26600 
81730 
27810 
122370 
27150 
78610 
26860 
27420 
27180 
27640 
43800 
55230 
36230 
102600 
36540 
113680 
38220 
170340 
37250 
109500 
37170 
101320 
36190 
58870 
37040 
110570 
36320 
54840 
36840 
105420 
35980 
59460 
37130 
55370 
45790 
183150 
42520 
50710 
34340 
29510 
29400 
88490 
29760 
30010 
29630 
125740 
28710 
50150 
106010 
105760 
28390 
26880 
114510 
42080 
25540 
27230 
49110 
27640 
95550 
27610 
47700 
29040 
92250 
99530 
122050 
49110 
72300 
77330 
103330 
73410 
27150 
89210 
25620 
90400 
26100 
72690 
67220 
73950 
40050 
125080 
36350 
106290 
37490 
109760 
36970 
98910 
38280 
117280 
55630 
114980 
37460 
104040 
35540 
91770 
38840 
117400 
34650 
107210 
38310 
105120 
37310 
101160 
36780 
115430 
35950 
104440 
68750 
68720 
69980 
72810 
67980 
87370 
125570 
93010 
30470 
109860 
46560 
112510 
36960 
91720 
25410 
86930 
67220 
68930 
64000 
70400 
64820 
86760 
121260 
77240 
26960 
80830 
66210 
73590 
26090 
84740 
25850 
80860 
27960 
72480 
67800 
73330 
28070 
93300 
122700 
83560 
30420 
114630 
35730 
36690 
38140 
88980 
95090 
35480 
37420 
63990 
40010 
68990 
36940 
66320 
36350 
67850 
37100 
103200 
37820 
87620 
36540 
104240 
91630 
98920 
36810 
91420 
37920 
99440 
26680 
79920 
122420 
78270 
30090 
74850 
109120 
83830 
29370 
94530 
49450 
120720 
36660 
84850 
70880 
71630 
67250 
76630 
52210 
74050 
73980 
70810 
63840 
67920 
28990 
73220 
67110 
70290 
66090 
71260 
65460 
69220 
64380 
81990 
120240 
74580 
105860 
74430 
68950 
72150 
29230 
123110 
35640 
96540 
36540 
90300 
34220 
95920 
90680 
110380 
37030 
108870 
37140 
105290 
36870 
101140 
36040 
111940 
36090 
103710 
35580 
102550 
33120 
94230 
37180 
112040 
36480 
119820 
32100 
82090 
25140 
86330 
28510 
83160 
66330 
91500 
28060 
72190 
66790 
111440 
44860 
98290 
127540 
71640 
28010 
72480 
99930 
71110 
27350 
76610 
64980 
72410 
25740 
70630 
65230 
73750 
64370 
80120 
51300 
70540 
74630 
70530 
66290 
68740 
28330 
82610 
24800 
77450 
25170 
73370 
43880 
94170 
38650 
104060 
32900 
98880 
41300 
100630 
37970 
95430 
39540 
107070 
38220 
109840 
38840 
96410 
92400 
59060 
38320 
113680 
37860 
106480 
38700 
104410 
33640 
100610 
41240 
92730 
69190 
88310 
26930 
74720 
87340 
81450 
28990 
91650 
122890 
104010 
44080 
109730 
30670 
77670 
27860 
84000 
119740 
84890 
69380 
66480 
64260 
72580 
26610 
90140 
51810 
82360 
71130 
80920 
68010 
78430 
28010 
83110 
117850 
86800 
27010 
76480 
68870 
75150 
139750 
85340 
117180 
102480 
36900 
100050 
36460 
108010 
37070 
123820 
36070 
119810 
35910 
54300 
36670 
33870 
37950 
120630 
36670 
107480 
36970 
54490 
38240 
47900 
36070 
58820 
37200 
56020 
36270 
52610 
28520 
26560 
28410 
51770 
28060 
133900 
29080 
89880 
30180 
46500 
45020 
120580 
36730 
98230 
26950 
48690 
29310 
27940 
27210 
93810 
27160 
83900 
27590 
82140 
27990 
78120 
27550 
84510 
27390 
85710 
27690 
28670 
26720 
26450 
29610 
95940 
29280 
28060 
28660 
83130 
27890 
43640 
36320 
116560 
36730 
58420 
36410 
53800 
36910 
55350 
36850 
59330 
38940 
57640 
36850 
54930 
35990 
49810 
36270 
61910 
35470 
55900 
35890 
52340 
36600 
33160 
35950 
63440 
30180 
78910 
27700 
85950 
28830 
81910 
26410 
97530 
28790 
51380 
49460 
66570 
34920 
32200 
26120 
100920 
26830 
83840 
27570 
81880 
28250 
131980 
26730 
26350 
27400 
82740 
28160 
29750 
26710 
25860 
26520 
89390 
28060 
84440 
28990 
27330 
31580 
82160 
26120 
52530 
27560 
66140 
36700 
52420 
36520 
33520 
35860 
119620 
36270 
57500 
36670 
54600 
40650 
48680 
36470 
58580 
36840 
54540 
38040 
54200 
37050 
53080 
36290 
113690 
37100 
116680 
33250 
44470 
25250 
96150 
24310 
102490 
24000 
104020 
24640 
58250 
25200 
98550 
23750 
51510 
38910 
123340 
25980 
101130 
24290 
47120 
24570 
99780 
24260 
98470 
26010 
56860 
24050 
29460 
23870 
99320 
23220 
52100 
24780 
100600 
23360 
88720 
23250 
99670 
25640 
103910 
23600 
51380 
25110 
29360 
41620 
68350 
32480 
66480 
33670 
67780 
31790 
56720 
33030 
38150 
32360 
128350 
31690 
41680 
37620 
125870 
34830 
69510 
30790 
64210 
34110 
65070 
32150 
118970 
32100 
67540 
38520 
107460 
24960 
56350 
27050 
29340 
23970 
99690 
24110 
107600 
25350 
52680 
37080 
120180 
27590 
98440 
23650 
98960 
22960 
55320 
24260 
27780 
24660 
105250 
23060 
96660 
24400 
92500 
22940 
86410 
24620 
99560 
22560 
96030 
23660 
53340 
24180 
29860 
29840 
108350 
22620 
87390 
16770 
45360 
32400 
119210 
33610 
127720 
32350 
123140 
31910 
61660 
31890 
63150 
31480 
67850 
32360 
65480 
33090 
66650 
31710 
38310 
32370 
35680 
32970 
66210 
31910 
63120 
32410 
105390 
22390 
108270 
23840 
102430 
25910 
96960 
25400 
96120 
28710 
41880 
46110 
74340 
32500 
56170 
24170 
99510 
22590 
112500 
22270 
93720 
23350 
94910 
23940 
87990 
23730 
97470 
23000 
93940 
24710 
52400 
23450 
28910 
24230 
100650 
25570 
98470 
25850 
96570 
24830 
91570 
23490 
46590 
32060 
140760 
31820 
63470 
33240 
62890 
31740 
68220 
32880 
66320 
33620 
68140 
32200 
57780 
33590 
37090 
32810 
66620 
32290 
64590 
34540 
121910 
32430 
68290 
32290 
39420 
25230 
54030 
24510 
92850 
24600 
108580 
22950 
106360 
24010 
57380 
44200 
72210 
28060 
117080 
23280 
94820 
23450 
99110 
24570 
86750 
23880 
98260 
25060 
97660 
23410 
51430 
23560 
27650 
24750 
100740 
25490 
97010 
23320 
99020 
24010 
93710 
24570 
101130 
24250 
99970 
23980 
63610 
33170 
61220 
32330 
67230 
32760 
125330 
34540 
125200 
31220 
40500 
31800 
95550 
32510 
122920 
32350 
61820 
32570 
119140 
32020 
40910 
32380 
125640 
33300 
122270 
33580 
55330 
32970 
104670 
22180 
99650 
23830 
52970 
28630 
32170 
54540 
58100 
51560 
49590 
41210 
66930 
100860 
46990 
25490 
56740 
54740 
55950 
52390 
28540 
51490 
28370 
95150 
104080 
48000 
52880 
29470 
27170 
51120 
46710 
25730 
57160 
64960 
55720 
99400 
60230 
35000 
55820 
98650 
103610 
87880 
125490 
31890 
125440 
31260 
56530 
33990 
68390 
83880 
65720 
82980 
63350 
83420 
123330 
29950 
66980 
81930 
55100 
34100 
127300 
30690 
40630 
34350 
67540 
84890 
67030 
98730 
71620 
53100 
29320 
51550 
56350 
53000 
26910 
54010 
55840 
54830 
49750 
42190 
75680 
28490 
54450 
68320 
50620 
52910 
29050 
49320 
56580 
62380 
51590 
53280 
54970 
50990 
96950 
23650 
109890 
90510 
59230 
52360 
28460 
49100 
28590 
49780 
60200 
48700 
52400 
52660 
54780 
98670 
46310 
36580 
66860 
82890 
67700 
82270 
62810 
85100 
117990 
75160 
66950 
78670 
120540 
31550 
123110 
32550 
38640 
35360 
68530 
83010 
125570 
30870 
63130 
79690 
120660 
31740 
70170 
52260 
99730 
50490 
107780 
99530 
45740 
27380 
64590 
56120 
56730 
47070 
49500 
85380 
60490 
57310 
57460 
49590 
52320 
53420 
109180 
95150 
45930 
24780 
54550 
51100 
84800 
16130 
31420 
27850 
23050 
17840 
26150 
28300 
26650 
29470 
28410 
28430 
28900 
28790 
28360 
30160 
26370 
125930 
67080 
81830 
122800 
32050 
67420 
137190 
122940 
122840 
135590 
31540 
119510 
33010 
66460 
31840 
66200 
85890 
69970 
82700 
121870 
80320 
97110 
16000 
34220 
36540 
34990 
37080 
28230 
26370 
29900 
31910 
32180 
26910 
54310 
35570 
58790 
29260 
87630 
45840 
73510 
38060 
53550 
29960 
54650 
26710 
52120 
30280 
52820 
27440 
48910 
27970 
51170 
27560 
49550 
26050 
49720 
27440 
49150 
27840 
50880 
26290 
55060 
27250 
55390 
30180 
56250 
27440 
28370 
47180 
67340 
36570 
68070 
35800 
65260 
37690 
74110 
40450 
68110 
40380 
36670 
38240 
32720 
38340 
35710 
38070 
34360 
39460 
43000 
38630 
36420 
38970 
36350 
37440 
33460 
40680 
27550 
27180 
23310 
28640 
28820 
27320 
25660 
32230 
28890 
29360 
51760 
49770 
40190 
32320 
26470 
27820 
24490 
25950 
24440 
27340 
27430 
25920 
27360 
26390 
27570 
26360 
24140 
27150 
26010 
24750 
23680 
26160 
26310 
28750 
24170 
29400 
26740 
27150 
26790 
27470 
27900 
28750 
43090 
38240 
38990 
38210 
35310 
37110 
34490 
36730 
32660 
38650 
37980 
36420 
35480 
36770 
35240 
36920 
33130 
40470 
36150 
35370 
34650 
37900 
37820 
38820 
32660 
39440 
39240 
28360 
26160 
27820 
28840 
27910 
24220 
30320 
28420 
27500 
26000 
48650 
45870 
36910 
26310 
26670 
27740 
33180 
26910 
28000 
25120 
28360 
25820 
27530 
24540 
27800 
24380 
27090 
25600 
26970 
25080 
27170 
24700 
26550 
25480 
28230 
25140 
32320 
98920 
71810 
78770 
28380 
131270 
37780 
98090 
36880 
93220 
36970 
92770 
38280 
98880 
87960 
95070 
40680 
100410 
37840 
87590 
38360 
105300 
35200 
100700 
36700 
93720 
89580 
89660 
38420 
114510 
87780 
109770 
29910 
80380 
39910 
88730 
32800 
87430 
66060 
73800 
60610 
76760 
112770 
43770 
37740 
63390 
26980 
51760 
30350 
52420 
28460 
50150 
26900 
51050 
27020 
51440 
27420 
48500 
28840 
50640 
28090 
52170 
29520 
53720 
27450 
52510 
28070 
54510 
28100 
54720 
28530 
53900 
28180 
51090 
46230 
67640 
42490 
36810 
37000 
34570 
37960 
34310 
36190 
34910 
36160 
36230 
36500 
38510 
36840 
34530 
36600 
37660 
37080 
34740 
37340 
36190 
36690 
33330 
37480 
35170 
35830 
106950 
23820 
100790 
25010 
54150 
23170 
54530 
26690 
103610 
24160 
50060 
35520 
65150 
25220 
92320 
24340 
112340 
22870 
53570 
24280 
58690 
23630 
29000 
24660 
103300 
24640 
51180 
24630 
98240 
24630 
89430 
24960 
97230 
22780 
97850 
24600 
54390 
26480 
27420 
26160 
100850 
42870 
123640 
35250 
123430 
34260 
110480 
32900 
65590 
32880 
128680 
32790 
62410 
32000 
115750 
33410 
68690 
31090 
99880 
15580 
34600 
37360 
34860 
36910 
34270 
36400 
35030 
41070 
28520 
27960 
25980 
28940 
26640 
26020 
25390 
32340 
26080 
29430 
50940 
42530 
36560 
33040 
25950 
26780 
24460 
26350 
26280 
27780 
24090 
33530 
56440 
29820 
25700 
27560 
25370 
25810 
25120 
26680 
25510 
27950 
24280 
30520 
24640 
28900 
26770 
27560 
25150 
28370 
26960 
27970 
43910 
37850 
36540 
37320 
35940 
36350 
34240 
37410 
37940 
37720 
36050 
37240 
34350 
38640 
34360 
37350 
34320 
36310 
35650 
36190 
36390 
38280 
33960 
36290 
35270 
36270 
38790 
29370 
25670 
28650 
26340 
27210 
25590 
27540 
29460 
27960 
26320 
48410 
44550 
38200 
30580 
27190 
27700 
27120 
25670 
28270 
24950 
28050 
23160 
26810 
27040 
24670 
24470 
60720 
82080 
15660 
24680 
28230 
24920 
25740 
24680 
29150 
35750 
33620 
26520 
27920 
27010 
27840 
46580 
37930 
36810 
39260 
36140 
36840 
34820 
35370 
35550 
38860 
33870 
37710 
34130 
36350 
37860 
37920 
35450 
37650 
33590 
35390 
35320 
35260 
34850 
37200 
35240 
36990 
39080 
32170 
24070 
27750 
27710 
27420 
26030 
25840 
27030 
28550 
26450 
64800 
48220 
39780 
32690 
29160 
25570 
27000 
26040 
26970 
24730 
25770 
26100 
27320 
24700 
27510 
24770 
26770 
25160 
26600 
24210 
26710 
25740 
27660 
25340 
26950 
29200 
28020 
26420 
28420 
25480 
27520 
25270 
42240 
38160 
36810 
35290 
37170 
34840 
36900 
36640 
36400 
37930 
36590 
35610 
37510 
33870 
36210 
34950 
37310 
11922680 
83880 
57020 
36190 
59520 
33210 
53060 
35910 
138740 
48800 
53990 
96440 
28260 
49560 
28570 
130350 
113050 
49680 
27630 
65080 
118630 
88360 
49510 
27440 
28860 
49330 
48610 
95110 
26870 
50480 
98420 
73410 
30240 
28980 
25040 
28380 
25240 
29130 
24330 
26710 
26050 
25910 
27120 
34030 
32890 
30810 
19590 
28770 
28560 
28120 
52160 
44920 
67730 
37700 
68640 
36950 
65720 
38310 
67510 
36730 
66580 
38300 
69650 
38330 
68450 
36440 
65550 
38080 
66230 
37560 
66190 
36680 
65910 
36640 
67690 
35530 
65280 
41750 
58860 
28000 
51110 
26300 
53630 
29170 
49080 
28630 
55580 
28550 
99020 
48720 
70040 
34340 
51130 
29300 
54540 
28600 
52390 
27100 
50970 
28630 
53640 
109540 
75790 
27220 
90860 
66130 
79800 
65550 
66800 
64990 
69990 
65830 
89560 
121690 
80850 
72520 
81570 
25620 
75430 
30530 
125620 
37770 
101150 
36830 
92060 
35850 
89960 
38010 
96620 
36210 
91180 
37150 
95080 
35210 
89840 
36760 
97840 
91890 
99080 
37120 
91360 
34830 
94730 
39370 
98960 
37120 
93130 
25700 
69790 
25050 
82070 
27710 
87540 
26830 
90710 
28120 
110910 
46610 
106110 
36790 
92210 
125740 
77610 
68130 
76860 
64810 
79760 
27500 
86020 
65340 
84140 
69190 
67850 
66900 
67040 
67830 
88650 
122340 
76660 
68310 
79780 
79660 
79500 
30550 
84300 
64680 
75270 
26460 
121770 
34180 
91780 
37210 
112460 
38520 
81980 
37220 
105590 
38300 
101220 
36160 
116720 
36400 
112040 
38120 
101320 
33620 
92430 
36400 
114450 
88700 
103150 
38570 
107680 
37090 
111440 
30850 
83360 
64510 
88420 
71010 
70790 
65670 
78140 
28130 
91110 
212770 
134940 
39260 
100770 
25770 
79340 
26830 
82890 
64860 
89350 
67950 
66640 
100880 
71460 
106360 
84520 
116970 
77580 
69220 
78860 
67490 
76820 
28000 
87070 
69860 
86500 
74140 
73540 
69640 
74470 
26660 
135140 
36920 
106920 
36170 
105990 
36850 
97570 
36800 
105250 
36380 
109690 
37740 
91610 
87990 
90750 
36770 
120720 
87400 
100000 
99900 
103570 
36810 
110580 
33690 
69170 
78730 
43290 
53060 
51120 
45390 
28280 
50770 
103720 
44450 
59320 
82070 
58080 
51740 
51480 
38560 
67710 
95770 
103780 
45520 
51740 
48590 
29930 
54230 
102770 
45900 
52620 
51250 
27850 
94270 
97610 
23710 
47580 
47590 
155110 
48210 
54320 
49730 
28310 
50980 
60540 
51200 
53050 
98450 
56070 
40470 
35900 
34180 
67160 
78660 
67770 
33580 
60710 
78390 
114830 
78370 
66280 
78670 
119450 
31850 
122090 
30640 
34590 
33490 
66460 
77870 
36560 
87730 
64510 
81660 
118580 
38960 
59230 
62690 
56950 
99840 
107410 
49120 
48390 
28810 
59440 
53170 
52650 
41660 
69080 
101970 
28450 
49190 
99390 
48860 
26780 
94340 
55410 
91210 
94520 
59190 
55370 
48170 
52160 
61630 
57770 
45630 
28380 
50900 
56220 
48620 
52980 
53860 
55650 
96550 
80320 
15610 
26010 
27650 
47310 
38080 
36350 
37860 
39170 
38340 
40570 
38300 
37740 
40320 
67340 
38760 
69440 
40580 
66080 
37940 
69220 
37160 
63470 
36420 
68370 
37290 
68150 
35390 
70220 
37370 
71320 
29860 
49860 
27320 
55630 
29310 
54410 
28360 
55170 
31150 
57260 
49140 
85420 
37760 
60710 
28440 
51120 
29190 
56840 
27230 
49970 
27400 
