69940 
46620 
40860 
39970 
37480 
37590 
37900 
36870 
38580 
37740 
37930 
37250 
39280 
38350 
36410 
37300 
37960 
37580 
37050 
36390 
35670 
38260 
36570 
36270 
36370 
37360 
38210 
36170 
37320 
36620 
36620 
38530 
37050 
37380 
39170 
35850 
36760 
36700 
38930 
36860 
36780 
36470 
37660 
38600 
36740 
37840 
35960 
43700 
38540 
37270 
36130 
36980 
38050 
37910 
38660 
36680 
38030 
39110 
37020 
38320 
37370 
37100 
37780 
38550 
38490 
35940 
37000 
35530 
38040 
38870 
35950 
37440 
36730 
38340 
37870 
38290 
37190 
36670 
38380 
37990 
37020 
36890 
36020 
37880 
36810 
37200 
36010 
36430 
36720 
37830 
38270 
36320 
36760 
37000 
37060 
36570 
35620 
40320 
38980 
38740 
37700 
36710 
50400 
39660 
39180 
38340 
36940 
36520 
37770 
38720 
39210 
37240 
37910 
36660 
37250 
37320 
37570 
36640 
36550 
37040 
37510 
38320 
34940 
36550 
37190 
38390 
39030 
42940 
41810 
42360 
37870 
37980 
36690 
35570 
39350 
37360 
38480 
37340 
36740 
36080 
37620 
38460 
37900 
38310 
37010 
35530 
39100 
42190 
37860 
36320 
37050 
38610 
37770 
41670 
36680 
38870 
39030 
38140 
37310 
37370 
38030 
37330 
37120 
38810 
38820 
36410 
37620 
37940 
38390 
36740 
36850 
37100 
38300 
37870 
36750 
36770 
36600 
37770 
36440 
38600 
37210 
36590 
38360 
36520 
37070 
37150 
37050 
36690 
36850 
36460 
36220 
36520 
37950 
37320 
38260 
37190 
37170 
38890 
40120 
37800 
37510 
35090 
35190 
39600 
48060 
39990 
36980 
37840 
38370 
37990 
37010 
35910 
36700 
36980 
36830 
36210 
35290 
35750 
36460 
36840 
38770 
37100 
36590 
36210 
38180 
37820 
35450 
35800 
35270 
37840 
38200 
37180 
36330 
36550 
36740 
40100 
38610 
36450 
36030 
37260 
35480 
37040 
36610 
35600 
35800 
37510 
37990 
36840 
36390 
37330 
38700 
37240 
36640 
35380 
36560 
36620 
37650 
38450 
35900 
36710 
37310 
38160 
36670 
36150 
36840 
37530 
36290 
36610 
37280 
36860 
35710 
36440 
37530 
36190 
36140 
36070 
37860 
37880 
37130 
35970 
37060 
37730 
37730 
35870 
37480 
36370 
38430 
37490 
36710 
37390 
36440 
36670 
38210 
36780 
37990 
35430 
38280 
37980 
37670 
36850 
35900 
36850 
37670 
38450 
39470 
37600 
38650 
38820 
39250 
38210 
36050 
38010 
37430 
37530 
38010 
36740 
37530 
38450 
37090 
42230 
36130 
36890 
36720 
37180 
38160 
37290 
36890 
35710 
37260 
38810 
36460 
38110 
36310 
38330 
38520 
40640 
39340 
36430 
37500 
37650 
37210 
39800 
36610 
38670 
38740 
37640 
35500 
36780 
38230 
37440 
37970 
36530 
37590 
36250 
37790 
38230 
40830 
38910 
40350 
38780 
37660 
37620 
36630 
36130 
38600 
36120 
36870 
36820 
38800 
38080 
37120 
37250 
37420 
35090 
38370 
37900 
38750 
36350 
35730 
37010 
37690 
41030 
37330 
39840 
37490 
37660 
36580 
37740 
36380 
36300 
38260 
35410 
37780 
38810 
37210 
40050 
39450 
38740 
37620 
36260 
39730 
39260 
38550 
38100 
37490 
38420 
40900 
37710 
37450 
37800 
43500 
47680 
43850 
36990 
37760 
39580 
37690 
38210 
37090 
37960 
36720 
41540 
39530 
36450 
37480 
35380 
39010 
38670 
41080 
38170 
35970 
36280 
40750 
41510 
37440 
37940 
37120 
40440 
37690 
38820 
37270 
37080 
37860 
39800 
40500 
38920 
36900 
39270 
38940 
38460 
36820 
37060 
37930 
37100 
39760 
37160 
36840 
38940 
37730 
38150 
41790 
37760 
37120 
38480 
38420 
37340 
36560 
37670 
36740 
37030 
37190 
35990 
37140 
37450 
37970 
37720 
35360 
36710 
37060 
36420 
38120 
37110 
36380 
35990 
37910 
37640 
35820 
37310 
36080 
36960 
38110 
36840 
37530 
36160 
38060 
37080 
36550 
38190 
37040 
39730 
37020 
38120 
37320 
36930 
36600 
36900 
39780 
37910 
35930 
38250 
37800 
37520 
36310 
36460 
36680 
38920 
36630 
37770 
36750 
35780 
36580 
36340 
37120 
35290 
36010 
37560 
37290 
37160 
35570 
35340 
36080 
37540 
38030 
37300 
35810 
39160 
38420 
36630 
36540 
36700 
36560 
37260 
36160 
37520 
39730 
36890 
38840 
37910 
37910 
39200 
37620 
37830 
38310 
36150 
37300 
37950 
37500 
37680 
38210 
36910 
49710 
40300 
37820 
36750 
37360 
37530 
35500 
37780 
36610 
38110 
36040 
35920 
37510 
37030 
37720 
35460 
35590 
36660 
36510 
37270 
36030 
35480 
36450 
36570 
37540 
37750 
35880 
37760 
38960 
37780 
36130 
36540 
36100 
37960 
38310 
38270 
37530 
37160 
38390 
37160 
37130 
35670 
37380 
39670 
38300 
37770 
35050 
39760 
37720 
38050 
37290 
38860 
37280 
35270 
38410 
37290 
36880 
36050 
36300 
36440 
37530 
36010 
37520 
35110 
37780 
38630 
37730 
37860 
37640 
38250 
38480 
40670 
39260 
36240 
40660 
41000 
38610 
37760 
36030 
36750 
37180 
38900 
37790 
37470 
37370 
38110 
37390 
40300 
36890 
37340 
37760 
37810 
36790 
36030 
36030 
37020 
37550 
36670 
36990 
38420 
37520 
37680 
37440 
36500 
35730 
36390 
37510 
38170 
35740 
35900 
35890 
37710 
39060 
37000 
36180 
35780 
37920 
37690 
38160 
37390 
36690 
38140 
38420 
36690 
35890 
37240 
38310 
37970 
39410 
36730 
38330 
37110 
45740 
45270 
37590 
37940 
34560 
38510 
38210 
37370 
37610 
37570 
37790 
39670 
37310 
36920 
36670 
38850 
39720 
36970 
37380 
36740 
37730 
37010 
36330 
37980 
37140 
37960 
39010 
37250 
35800 
35740 
38170 
38410 
36270 
38470 
37230 
36670 
38230 
37550 
37980 
35360 
37450 
37820 
39110 
39550 
40090 
37320 
36480 
37350 
38600 
37140 
37620 
37010 
37380 
37770 
37020 
36770 
36020 
39850 
37510 
37290 
37080 
37000 
37190 
38440 
37900 
36780 
35900 
35730 
36870 
36200 
35300 
35750 
36560 
38090 
37090 
36480 
34520 
35030 
37170 
38240 
35710 
36420 
36470 
38060 
36750 
35840 
36720 
35330 
39380 
36750 
38440 
35210 
36940 
37950 
36090 
37390 
36370 
37620 
37830 
38390 
37180 
38410 
38050 
38000 
39640 
38310 
36360 
36070 
36200 
38570 
37870 
37020 
36600 
36920 
36790 
37000 
36750 
39140 
36020 
37560 
37240 
36520 
35630 
35920 
36040 
37860 
37080 
35050 
35770 
36670 
36900 
39690 
36460 
39090 
36790 
38170 
37680 
37500 
37500 
36370 
38680 
36890 
36740 
37120 
39180 
39710 
37690 
37500 
40730 
37370 
39350 
36420 
36830 
37630 
36500 
37530 
39240 
37970 
36920 
37030 
37800 
37730 
37490 
38250 
35910 
36730 
38010 
36630 
38310 
34990 
37950 
37500 
37410 
37290 
37760 
36030 
37240 
37750 
37960 
36500 
36920 
35760 
37440 
38750 
36330 
37350 
37790 
37960 
38650 
38160 
38360 
38330 
38450 
37530 
36640 
38060 
35230 
37500 
40020 
37210 
37140 
36730 
36140 
37480 
38470 
35710 
37570 
35850 
39590 
37770 
35940 
35620 
36450 
37200 
37070 
36660 
36960 
37340 
41820 
37470 
37350 
36920 
35670 
37760 
37610 
37140 
35370 
36790 
37210 
36330 
39580 
37990 
35160 
36180 
36580 
37730 
37480 
35500 
37390 
37990 
37760 
37200 
42130 
37870 
38460 
38540 
37200 
37670 
36590 
41320 
37510 
38190 
37630 
35540 
38160 
41140 
39330 
35940 
36850 
35800 
36330 
37970 
35910 
36910 
36740 
37670 
37560 
41420 
36470 
36080 
38280 
38400 
37490 
35520 
37400 
38040 
38150 
37370 
35660 
37430 
39380 
38400 
37130 
43080 
41400 
43220 
38640 
37240 
37440 
36890 
36400 
37190 
38590 
37090 
36620 
36230 
38420 
37630 
39400 
37610 
36860 
37470 
36860 
37160 
35640 
36400 
38790 
38110 
38380 
36400 
36500 
36580 
37960 
37920 
37470 
35100 
36790 
37570 
37890 
39240 
37130 
36920 
37450 
37200 
37220 
36890 
36330 
36670 
36980 
38310 
38450 
37430 
36940 
38160 
37560 
35640 
34390 
36110 
38440 
38260 
34550 
36900 
36040 
38730 
39930 
39880 
38480 
36870 
37430 
45340 
41700 
37730 
36100 
37250 
36460 
37020 
37130 
38090 
37300 
38610 
37990 
37120 
35710 
35670 
36940 
36970 
35650 
35840 
35170 
37150 
37540 
36960 
37720 
37480 
37880 
37960 
37890 
36080 
37300 
37820 
37710 
37780 
37850 
37340 
36910 
37440 
39260 
37920 
38320 
37140 
37770 
38210 
37700 
37500 
36030 
39280 
37770 
36070 
36600 
38100 
38250 
38050 
37190 
37850 
37170 
38380 
38940 
37840 
35760 
36300 
35710 
37340 
38460 
37160 
35870 
35990 
38590 
37770 
36830 
36530 
39170 
37980 
37610 
37220 
35570 
36160 
39670 
37350 
38470 
36530 
35920 
40660 
38760 
38940 
36620 
36130 
36560 
51620 
40790 
37800 
35820 
35590 
36850 
37460 
35760 
40100 
36640 
38540 
37290 
37250 
36090 
37460 
37730 
37450 
37760 
35710 
37940 
38140 
38220 
38580 
36660 
36780 
36330 
37050 
37210 
35170 
37040 
35870 
38380 
37310 
36560 
36830 
36790 
37530 
38060 
37740 
37050 
35560 
38320 
37330 
37100 
37710 
36780 
37740 
37220 
37750 
38220 
36310 
36170 
37190 
36920 
36580 
36570 
36200 
37430 
36240 
38300 
37010 
37700 
37940 
36720 
38620 
37200 
37760 
40850 
38180 
39310 
36140 
36800 
37430 
36740 
38240 
37530 
37050 
36510 
37880 
39660 
36190 
35980 
36990 
37920 
40780 
39370 
38530 
36450 
38630 
39190 
37760 
36530 
35810 
38270 
38360 
37190 
36420 
38740 
38130 
38000 
37610 
36320 
36580 
35920 
37690 
38140 
37390 
37000 
38510 
38750 
39100 
36930 
38060 
35740 
37340 
37320 
37130 
37090 
37960 
37960 
36810 
36150 
38490 
36410 
37410 
37370 
37250 
35730 
37430 
41670 
42790 
37840 
37010 
35150 
36480 
37610 
36330 
38020 
37020 
37640 
37790 
37230 
38600 
36360 
35630 
37570 
38090 
36970 
36320 
35450 
38130 
38200 
37310 
36120 
37030 
36580 
37000 
39050 
36670 
38720 
34730 
37670 
37540 
36400 
38420 
37450 
36800 
36820 
36120 
38640 
38980 
38820 
37630 
38240 
36560 
36730 
37270 
36600 
38300 
36610 
37050 
46660 
42020 
38710 
36000 
39130 
37750 
39180 
37140 
38050 
38020 
35360 
37850 
37520 
37880 
37060 
36850 
39150 
36560 
38040 
37380 
36110 
37180 
36680 
38280 
37960 
36740 
37200 
40960 
39240 
36420 
36810 
36490 
37330 
38270 
36870 
45530 
39100 
39070 
37130 
37150 
35880 
37400 
36740 
38040 
38100 
36500 
36410 
37780 
38240 
38580 
37380 
36920 
36890 
38350 
39100 
37390 
37280 
36950 
37270 
38460 
37620 
36810 
37210 
38300 
36320 
36820 
35810 
37000 
39050 
36980 
35830 
35810 
34950 
37610 
36000 
36540 
37050 
35460 
37100 
36870 
38840 
37560 
36640 
36250 
38430 
40720 
38540 
37440 
36610 
39160 
38610 
38620 
38610 
37530 
38840 
38500 
39330 
36830 
37770 
38130 
37600 
40490 
36320 
38460 
37850 
41400 
39340 
39750 
37290 
37380 
38790 
41140 
39000 
36970 
37060 
37910 
39820 
37410 
40470 
37820 
36620 
36850 
38030 
39800 
37160 
36930 
37410 
39310 
37540 
36450 
36310 
39310 
38370 
40710 
35980 
35360 
37190 
37170 
39520 
38210 
35240 
38250 
37220 
36830 
38590 
36110 
39240 
37430 
37800 
38260 
36340 
37860 
36460 
37340 
36870 
38080 
38350 
38170 
39960 
39270 
36860 
38260 
36900 
36900 
35730 
37180 
35360 
36960 
37280 
38250 
38520 
37780 
37130 
37060 
37640 
37280 
36120 
37700 
37860 
39350 
35030 
36840 
36600 
39430 
38070 
35280 
36690 
38270 
37400 
38260 
36730 
37870 
35590 
37840 
37290 
41060 
38320 
36420 
38310 
37630 
38430 
37030 
36670 
37670 
38220 
36620 
40120 
36940 
38170 
39210 
36950 
37890 
36450 
35770 
38570 
36720 
36490 
35840 
35690 
37730 
38050 
37630 
36300 
35720 
36280 
37420 
36330 
36210 
37820 
43260 
43050 
43230 
36740 
37200 
38390 
36840 
38920 
37120 
36540 
36860 
38380 
38370 
36080 
37070 
38520 
39250 
38700 
37950 
36440 
38440 
38250 
38620 
36240 
36660 
36310 
37950 
39150 
37450 
37440 
38260 
36240 
38900 
38070 
35920 
37410 
36410 
39050 
37880 
37130 
35380 
37080 
40260 
38000 
37040 
36160 
36820 
38470 
37490 
37530 
37170 
36090 
38140 
36970 
38420 
36130 
36400 
38740 
37420 
38090 
37760 
36770 
37440 
36770 
36450 
36470 
37210 
36340 
37910 
37610 
36970 
36720 
36920 
39980 
38630 
38020 
36120 
37680 
40540 
38470 
38180 
36410 
36360 
37420 
37510 
38800 
38190 
37210 
36210 
36760 
38800 
37090 
36510 
36200 
37880 
37280 
37640 
37630 
35380 
43150 
38200 
36970 
38390 
36700 
36670 
38120 
37470 
36840 
36790 
37590 
37390 
36910 
49280 
39600 
37430 
37870 
38280 
37290 
36190 
36750 
38440 
36950 
38790 
37200 
36970 
38020 
36980 
38750 
36480 
38000 
38310 
37630 
38530 
37660 
35720 
36310 
36510 
38420 
36320 
34910 
36650 
37160 
39580 
35990 
37500 
36490 
36750 
37300 
36260 
37040 
36740 
37850 
38970 
38570 
37150 
37580 
38540 
38330 
37180 
38260 
37470 
36420 
38490 
37980 
36790 
37990 
36270 
37810 
37360 
38280 
36550 
36250 
37470 
37450 
37280 
38150 
37530 
38640 
36640 
38670 
38460 
39910 
37810 
37150 
36700 
37340 
34980 
37580 
37360 
37730 
36130 
36540 
36130 
37320 
37640 
36370 
35410 
36860 
37680 
38640 
37300 
47170 
39870 
39860 
38870 
38280 
36100 
38670 
38170 
37000 
38280 
36720 
38250 
37480 
38990 
38270 
36450 
36560 
36960 
39100 
37290 
36450 
35950 
36020 
36430 
36780 
36900 
36700 
36450 
38040 
36460 
37050 
35550 
36660 
38700 
38250 
36840 
35950 
36000 
36670 
39950 
38810 
37310 
36080 
36830 
38400 
37360 
35050 
35190 
36300 
36890 
36930 
38510 
37810 
36570 
38220 
38140 
37780 
37090 
37350 
37750 
38040 
36620 
37290 
38580 
38030 
38130 
37370 
37140 
38190 
37960 
37470 
37110 
37290 
36650 
37430 
37090 
39880 
37090 
37890 
40110 
39730 
38320 
42880 
43280 
42930 
37840 
36420 
38570 
39550 
38410 
38290 
38930 
38520 
37900 
37070 
36480 
38580 
37840 
40080 
38150 
36780 
38060 
38180 
37840 
37200 
54140 
43250 
38600 
39160 
38080 
38500 
38260 
36570 
37310 
36970 
36560 
37130 
38560 
37390 
36890 
35850 
36920 
37120 
37980 
36370 
36100 
36370 
37720 
37560 
38090 
36100 
36270 
37520 
37010 
38960 
36360 
36020 
37620 
36700 
40190 
37290 
36890 
37920 
36700 
38230 
36410 
36220 
35960 
38520 
37840 
37100 
36360 
36350 
37560 
38780 
38460 
38970 
38390 
38120 
38160 
38370 
37190 
36280 
38310 
38480 
37690 
37800 
35860 
37290 
37610 
37870 
36570 
36590 
36270 
38230 
37320 
35290 
36250 
37040 
38730 
40390 
37030 
35680 
37670 
38680 
36260 
37290 
36460 
35990 
38370 
36900 
37540 
37670 
37070 
36660 
36780 
37600 
37380 
37830 
39710 
37620 
37370 
36970 
36570 
35630 
37650 
38180 
38120 
38150 
37130 
38200 
38460 
38600 
36770 
37250 
37510 
36740 
37020 
36780 
38390 
36550 
37690 
37380 
36680 
35370 
36610 
37480 
39080 
36500 
36670 
35760 
38470 
36830 
37050 
36440 
36110 
37860 
37290 
37930 
38920 
36910 
38490 
36230 
36040 
36320 
35490 
36230 
37680 
37110 
37540 
36130 
37070 
37780 
38740 
36530 
37410 
45730 
41500 
38420 
38040 
