50550
24421
22470
23350
22890
20920
22670
21810
21250
22810
22191
22810
22000
21160
22240
21370
59710
57670
56811
56841
54490
55610
58580
55971
56360
54300
57140
58570
56950
57330
55550
55580
58301
55840
55850
55690
55271
56761
56720
56720
56270
56831
56340
55920
56150
55751
55830
56170
58670
56880
55621
55830
55150
58090
58011
55781
56320
55100
58500
56551
55430
55780
55450
58111
57611
56390
56150
55680
57271
57270
55790
55910
54581
55581
58130
56040
57600
54791
55720
58740
55480
56061
55150
55600
58950
56070
54861
55640
55790
56390
56051
56190
56560
55270
56940
56891
56750
56180
54470
57071
57001
56940
55940
55111
59171
57810
57300
56860
55691
55840
57620
55840
54331
55291
55390
57300
56750
54921
54730
56160
57040
57280
55481
55540
56450
55280
57451
54990
69260
63750
55690
58821
54690
55880
56310
54401
58130
56400
58260
60850
56781
58440
56520
55620
56071
56470
58910
59660
57260
58621
56430
57570
58100
61801
61550
57020
56260
59440
57321
58000
56550
56550
57981
56991
57860
56890
57000
58181
57750
57000
57570
57191
58190
57230
57700
57110
58091
63870
59080
59610
57131
56290
56410
59720
57370
55601
56240
55700
56910
58221
55881
55550
55580
56980
56651
57990
57980
54910
56511
58311
55480
55630
54160
55951
58240
67420
59530
56041
54801
58750
56920
57560
55871
54740
58160
55780
55401
56210
54470
58880
56771
56971
55400
55110
57520
56690
56510
55930
54670
55470
57871
58540
57430
55080
55211
57641
55740
55590
55680
56001
58600
57110
56390
55741
56060
56260
57740
57980
56791
55910
56750
55610
56421
55980
56530
57760
57000
57281
55980
55820
55280
57840
55380
56140
56560
55470
57911
55820
55170
56070
55420
56181
57380
55900
57270
54511
57250
57920
56830
57121
58011
56030
56980
56040
57231
56150
55380
59120
56430
57591
55080
57850
58870
57471
56190
55940
54720
58320
56501
56720
57310
55410
56381
56870
56420
56350
55890
56581
56320
56870
54960
54731
55880
57810
56330
57850
55221
55390
57190
56210
55241
55530
56930
56410
57620
55131
56070
56240
56530
57270
55950
56440
56680
56160
57241
56900
56100
56420
56491
57921
57730
56320
55630
56551
58780
55660
56140
56910
55671
56760
56750
55010
56791
54600
57320
55160
56781
57031
54660
56380
56580
57201
56740
55420
55840
58170
57901
56810
56130
57080
57811
54870
56040
55160
59140
57801
56150
55040
55100
54801
56240
58330
56150
55610
55361
55740
56980
57260
55681
56041
55290
57170
56880
55081
55060
54720
57180
58141
55131
56340
55580
57240
57451
54120
56030
54440
57800
57101
55740
55690
54710
55001
56980
56410
55630
54770
54701
58810
56050
55210
55721
55251
59620
57090
56430
55351
54840
57040
55580
56481
54990
54630
59190
56450
56591
56080
54520
56630
57451
57171
55870
56120
55680
58051
55490
55410
54840
56130
57951
56860
54730
55900
56111
57130
56400
55480
56260
57211
57570
56770
55650
55691
55310
55350
58040
55780
55291
56390
55480
57820
56240
56361
55620
54720
58420
54571
55900
57480
55320
56900
61121
56440
57750
56870
57251
56021
55270
56060
55180
58241
59180
57120
58680
56880
56300
58180
57080
58660
57061
57110
60080
55200
55990
55950
55250
56840
54860
58251
56530
55780
57500
55140
57201
55600
55580
55770
56881
55460
55100
55930
55810
57681
56060
55330
54210
55661
56351
56400
54740
56810
55691
55710
58290
56290
56201
56781
56580
57240
57800
56221
56010
55930
57560
55550
54711
55520
55100
59660
55431
55590
55920
54500
59060
55041
55160
55870
54230
57091
55891
56590
55630
55340
57891
55680
55100
58590
55481
55571
56910
55820
56850
56471
56720
57530
56460
58030
54631
56340
58710
55960
56241
55891
55720
56770
56110
57971
55080
56280
57480
56911
55391
56600
56210
55320
57111
57270
57430
55700
54950
58741
55700
55540
55800
55191
57360
56000
54600
55540
57671
56970
57240
55980
56921
54651
56920
56410
55070
55571
54460
54180
57560
55710
55951
55060
54710
56890
54311
55140
54750
55020
57300
55181
55900
56510
54860
57611
55931
55550
55180
55490
57341
56090
56890
56010
55510
54860
58820
57100
54910
55761
55670
57460
56570
55920
55081
55150
57800
56620
57591
55120
56660
56450
56810
55801
55300
54420
56960
56711
54681
55940
56900
55660
57741
54360
55720
54970
55081
58521
54720
54730
55030
54751
59080
56730
56980
56440
55251
56750
58700
56080
56601
54600
56790
57170
55560
55701
54300
56110
57060
56380
56751
56120
55440
59120
55511
57740
56000
55550
56970
55891
57000
56180
55910
55691
56331
56520
55770
56950
57551
57500
57910
56350
55260
55391
56020
56940
55320
55670
55621
58120
56800
55000
55261
54820
58260
57040
55240
56491
55700
57600
57600
55221
56310
54940
56420
55970
56491
56450
54060
54840
57431
56271
56140
54250
55620
58271
57320
56270
55990
58591
58991
56230
58210
57120
56041
59520
55760
56800
55510
54901
58020
57710
56480
55780
56011
56990
57510
56340
56251
57031
56140
57430
56110
56131
57730
56650
57610
57571
55111
56000
56180
57440
58271
57080
57010
57120
57430
61011
58560
57260
58400
56160
59001
57830
56680
57080
56651
60600
56500
57100
58960
55451
58810
57370
54860
59881
56931
57350
58500
57820
57741
56520
57890
59200
57450
56851
56720
55280
57900
54831
56831
55490
55490
57910
56801
58120
55440
55890
59340
57221
56610
56840
57210
56301
56231
56210
55540
54040
56741
56210
55810
55760
55030
56341
56890
57220
55790
54960
56321
58350
56270
55490
53511
55770
57200
56590
53410
55411
57330
56770
56660
55770
54571
56280
57300
56880
54931
55070
55750
55090
57790
55551
56100
55740
55400
58521
55750
55650
55440
54470
59851
56070
55410
55940
56620
56581
56580
55040
56480
57081
57420
55530
55270
57090
54391
55660
57590
55670
56620
55621
58240
58360
55670
55531
55000
55290
56530
54830
56141
56550
55800
57640
58271
58101
56780
57180
56880
56181
54501
53890
54810
55320
56671
56140
55670
57050
58150
57591
57660
56450
56500
54921
56541
56470
55880
56710
53811
61420
57470
55530
58211
55151
57450
59780
56940
58301
55940
55710
60040
56500
58681
57380
56790
58860
56790
56621
55370
55800
60160
57681
56200
56300
54460
70740
60261
56620
56420
55630
58690
57471
58050
55980
54640
56731
57430
57850
59380
56530
56821
59310
58570
56830
56170
56441
58650
59620
57000
55150
57540
57960
58080
56110
56781
56850
57000
57500
56541
55891
57550
57090
57710
57760
56970
57240
56180
60090
56251
55840
56680
56710
58920
56981
55870
57020
56280
58561
55681
56620
55870
55280
57311
58200
55130
56320
55330
56081
58290
56110
57180
56580
57781
59110
56750
56390
55441
57470
61190
57630
57680
57261
56960
58730
57170
56360
56111
57080
57500
56860
57761
57040
56030
58240
58190
59651
57280
58590
56950
60310
58021
57330
58840
58740
59881
57581
57820
58170
56860
59281
60440
56600
57800
56560
58561
59710
57100
58410
57921
59331
60950
56450
57070
55971
55110
58610
56010
57250
55631
56590
60910
57140
68351
56591
57360
57470
56090
56281
56970
56180
58030
56830
55681
57940
58030
57760
57870
56431
58820
56540
55060
58880
55830
57310
56170
56810
62691
61151
58100
56240
57170
56981
56710
57050
55290
57590
56161
56560
56510
59650
57451
58291
58590
58240
57080
57181
58880
59720
60920
57750
58111
58030
61970
58930
61241
58751
57400
58880
59470
57661
58530
57820
58450
59770
58731
60530
57480
58540
59681
57931
58700
57370
56070
61341
58270
58580
58280
56690
61021
57700
58520
56460
56651
59701
59020
58390
57810
56501
59770
57920
59160
57980
57971
60920
59490
59980
57760
56741
58290
60980
58030
58380
57401
58030
60160
58290
58191
57551
57980
59080
58360
57061
56840
58130
59470
60250
58301
57360
59250
57920
60380
56500
57880
57720
57240
60731
58410
57870
58860
56260
80011
61500
58110
56670
56300
57261
56850
56110
55850
55891
59111
57010
55740
56430
55431
56570
57520
55090
56360
55621
58810
57230
56780
56530
55151
55490
58500
55750
54441
55331
55920
56660
55800
57071
56420
57420
56200
56310
56581
55600
55030
55840
56630
57241
56900
57100
56580
58911
56571
57390
57070
54860
56491
57450
54570
56100
54050
56461
57350
56230
58730
55921
57331
56820
56590
56340
55770
55730
57490
57610
56590
56701
55350
58310
57250
55940
55441
54690
59300
56330
56181
55961
54640
56820
56620
56911
57350
55610
58020
56310
57761
56220
54120
56260
56240
57601
55170
54900
56240
58950
56151
55980
55470
56770
57321
55611
55180
55870
56170
56481
56810
58160
56290
55900
56451
56270
55270
56070
55960
57311
58120
56090
56270
55000
54691
58410
56180
55750
55391
55320
58820
55700
54710
56571
55030
56810
57140
55041
56261
55150
58000
55980
57440
57141
56130
57490
59990
57391
57370
56930
57260
58960
57041
57190
55900
56700
60521
57351
58800
57980
56380
61011
57591
57720
57000
57140
58951
57180
59520
57360
57450
58711
58460
58640
56880
56320
57121
59840
57940
56300
56440
57050
59610
58560
57270
57351
59581
58400
58430
55890
57521
57330
58120
59490
57480
58631
57560
58460
58790
56480
58371
57650
57490
60590
57541
57831
57390
57180
59830
57791
56690
58850
58320
59310
57881
56640
59200
58370
59090
57751
56520
57970
57150
56971
58241
56920
58360
55650
57401
59090
57630
57620
57750
57951
59930
57990
58320
57530
57931
57360
57660
58360
57950
56741
57460
56560
58070
56481
55811
57000
59030
57230
56771
57530
57170
58590
58310
57691
57760
56660
60540
59241
57681
58530
57550
58090
58950
57431
58740
57610
58230
59591
56571
57660
55510
57880
59201
57190
57840
58120
57560
58341
56910
56960
56100
56740
59791
59440
57880
57120
57111
58681
59880
58160
57910
56951
59961
58120
58230
56900
56481
56950
58170
57510
56850
56211
56360
57330
56510
56300
55381
58010
59630
57790
55440
55701
56760
56640
58090
55731
56061
56100
56760
57640
55791
55400
58010
55990
59180
56051
56820
56720
55350
59880
55921
55730
56060
55550
58751
55891
55250
57020
56660
58241
56690
55800
57390
56270
58461
57070
55120
56050
55821
55621
57540
55940
57230
56510
56270
56730
56800
55720
57071
58491
56540
56400
55920
55681
55880
57010
56220
56350
56771
55880
56840
56510
57620
58801
56890
56640
58450
59461
57581
57040
57090
60540
58661
56700
60230
56980
57810
56231
54630
55630
55980
55700
56581
55700
55540
54600
55610
57671
55270
56630
54790
55340
58341
55800
56900
54620
54380
60131
55500
58260
56490
54881
58080
55090
57680
56460
57551
56980
57140
56000
57310
54891
58350
56470
56140
54900
60831
58780
57520
58000
56410
55801
55840
56620
58610
59071
54861
56060
59920
56650
57731
56070
58560
58290
56680
58171
57830
57610
58320
58160
57601
56890
56940
55800
58150
57721
55450
56010
56020
59330
57531
55910
56780
56260
57480
57081
54930
55490
55300
56511
58201
55410
56550
56530
57751
56520
53880
56570
55140
55741
59090
57260
56480
55500
56511
59480
56780
55640
55430
55031
57610
54820
56250
56051
56641
56960
57710
56650
55051
54511
56460
56510
55960
55841
54390
56460
57950
58240
58221
62390
63520
58970
59230
55961
55740
58590
58600
57140
55141
56090
56560
56420
56820
54881
55550
56350
55780
56941
56261
55010
55590
56170
58361
55301
55450
58980
55550
58591
57550
56310
56330
55310
60481
56180
55560
56670
55660
56401
56170
56390
57080
54681
58271
55940
55740
56730
56160
57281
56320
56110
59790
55451
55941
57470
57250
56260
56071
56181
58030
57390
56620
56161
55880
57000
55520
57190
55781
57710
56940
55780
55760
55901
56630
57610
56860
58340
57291
56850
55780
58150
56700
56310
57310
54790
56810
57041
54671
55290
54830
57290
56901
55490
56250
55340
57310
57051
55750
56810
58510
56890
58891
57700
56200
55160
56740
59301
56030
56900
56700
55720
58491
56590
55980
55230
55451
58440
56490
55770
55750
55390
57411
55780
55690
56730
56821
55791
57210
56290
56510
54621
55390
57730
66300
66450
58061
56760
57700
56420
55430
55161
56460
56230
55310
54800
55601
55390
57400
56500
54530
55461
56230
58650
58390
56770
57641
56410
57050
59240
56150
55420
56330
55160
59080
57821
54681
55950
55120
56850
56571
55921
57060
55150
56290
56591
57280
56590
59020
57890
56841
57300
56930
55020
55430
57301
54380
56650
54670
55620
57651
56710
56690
55560
56051
55861
56520
54850
55960
56130
58991
56190
55230
56670
56391
55311
57340
56700
55680
55951
55501
57630
55860
57610
65971
57560
59600
58580
56560
55741
55220
56830
58010
56130
55911
56300
56640
57410
58420
59351
58120
57050
59580
57540
58111
57160
56820
60890
58020
56771
57600
57060
60680
56861
56451
56220
56910
58720
57480
57740
58390
57290
60020
58571
58791
58960
55160
58850
58631
55451
