147250 
77240 
79990 
76420 
77010 
77630 
63150 
78540 
73670 
66710 
90120 
71510 
77070 
70120 
106820 
99080 
96640 
59650 
95940 
58830 
68560 
92830 
61250 
39850 
61840 
42810 
64340 
36480 
63080 
90650 
62010 
40300 
64080 
42740 
65590 
60010 
67130 
93130 
62480 
94830 
67990 
54890 
49870 
71520 
46570 
100320 
50950 
63390 
54340 
46290 
50560 
51960 
78910 
116880 
54910 
57680 
46780 
57570 
46290 
71180 
46350 
98600 
46180 
59310 
48930 
54340 
48710 
49110 
49060 
100200 
45750 
55140 
46750 
58000 
46750 
73880 
49360 
143640 
50730 
45470 
61360 
63580 
64150 
42590 
66890 
101870 
63910 
43390 
63740 
41580 
67120 
41600 
65510 
98850 
86740 
72690 
95900 
67590 
97700 
64740 
91980 
76740 
99930 
75410 
94750 
67980 
95830 
72730 
107740 
60690 
72380 
28630 
80470 
54870 
72630 
25990 
80550 
61780 
68880 
113190 
104370 
62200 
90950 
56650 
71850 
25550 
64480 
28680 
71540 
27080 
71610 
25720 
69780 
28200 
68720 
29830 
75620 
28370 
73390 
56130 
84330 
57730 
67200 
27300 
73520 
27450 
78540 
28900 
72850 
28330 
67990 
49730 
101290 
72780 
95520 
75850 
93220 
70850 
86850 
71050 
97500 
61130 
94730 
61600 
92950 
73630 
87000 
72930 
90350 
54100 
92850 
74290 
91970 
70710 
82470 
72750 
96280 
54470 
75930 
27540 
69560 
63370 
76950 
29890 
69190 
55260 
78720 
50890 
128490 
51090 
106170 
64180 
76650 
28100 
74690 
27730 
70500 
60030 
66020 
28910 
68320 
27350 
84090 
59900 
69720 
53430 
67400 
28270 
72260 
25640 
69180 
25870 
83030 
60490 
69760 
56430 
80510 
28990 
71570 
42860 
62730 
59420 
80750 
105950 
93840 
87760 
94900 
91390 
92960 
106670 
84840 
104910 
93750 
104870 
94520 
102800 
87270 
83850 
88590 
111000 
101320 
113110 
94450 
106330 
92420 
116810 
73600 
75230 
67370 
74340 
71640 
72750 
76850 
93660 
77970 
89320 
121680 
136710 
108010 
105060 
72510 
74380 
61060 
74480 
68740 
70510 
65630 
78460 
66720 
79540 
63560 
79070 
71310 
67540 
69310 
72120 
64490 
68940 
60770 
74540 
68500 
72970 
75400 
82460 
65510 
82430 
64270 
81570 
111330 
99160 
102620 
112170 
94270 
106010 
85960 
107020 
94430 
102480 
95740 
100040 
88450 
114390 
99820 
115090 
95450 
93050 
97820 
90700 
88880 
102900 
84390 
105140 
90710 
97290 
98770 
81690 
74120 
83320 
68150 
83700 
85410 
71650 
79780 
80340 
69430 
130370 
112100 
109530 
77750 
74330 
73980 
75670 
72890 
79130 
66570 
78120 
71550 
70890 
75100 
72610 
78740 
95060 
71400 
81590 
69800 
77150 
74950 
84690 
69130 
95990 
71480 
77840 
83810 
93130 
75620 
82350 
94370 
110200 
86500 
107050 
92310 
92360 
93370 
118920 
54570 
4058320 
58970 
81000 
52010 
76340 
95270 
97000 
106650 
98300 
83200 
107600 
87770 
107580 
53620 
82000 
55760 
80390 
56560 
98580 
47940 
76420 
44990 
80800 
42630 
87680 
50700 
95010 
43570 
110370 
76430 
92570 
55680 
90120 
44770 
94670 
24740 
46570 
50120 
80450 
45000 
85730 
43850 
78730 
41350 
78960 
43910 
80060 
46030 
86550 
44180 
92330 
52960 
75960 
49690 
64120 
55260 
95180 
47610 
86940 
42640 
91400 
59970 
80440 
57800 
78920 
57590 
81060 
59770 
101960 
58810 
95730 
60950 
87740 
62060 
98060 
61780 
105110 
58590 
81790 
58840 
116230 
37490 
81770 
59670 
92560 
57320 
99660 
52930 
83620 
45190 
80250 
43780 
86220 
42400 
65470 
46970 
87060 
47560 
96170 
56300 
99160 
44110 
82110 
46270 
89550 
42570 
85580 
42430 
88880 
42930 
81270 
43730 
87310 
45010 
87550 
44910 
74880 
45440 
83060 
46670 
88730 
44600 
90370 
46750 
90410 
48570 
84770 
45530 
91970 
85670 
79390 
62470 
81140 
59940 
75430 
59850 
80800 
62660 
86700 
59420 
78290 
57770 
81010 
59400 
79160 
58370 
79640 
67060 
79660 
61580 
77650 
68300 
80850 
57500 
87910 
50010 
87500 
42610 
59930 
44010 
90740 
46230 
97760 
47660 
82230 
45160 
99440 
130740 
108310 
45140 
81030 
41230 
89470 
41940 
78710 
49250 
107270 
44600 
78590 
46420 
79000 
47810 
74700 
45610 
81120 
42030 
81810 
42400 
109750 
46240 
63160 
44770 
93030 
47780 
91850 
47160 
78260 
107570 
78400 
60690 
79540 
60380 
80200 
55600 
82180 
57600 
80200 
57420 
78720 
59710 
81220 
61170 
81200 
58640 
78170 
59350 
84400 
58950 
80000 
56980 
83220 
57520 
81610 
67970 
86800 
46850 
111730 
50800 
81420 
45670 
77440 
48500 
88480 
44370 
100590 
74800 
112350 
49200 
104560 
47720 
86930 
44820 
91970 
46670 
75780 
44190 
70360 
47900 
81810 
43580 
78110 
48580 
81850 
43870 
84360 
43870 
87350 
44230 
96410 
47580 
82410 
45520 
73470 
44920 
81810 
43020 
88220 
55890 
83700 
59650 
79750 
58500 
78260 
58740 
102010 
62700 
83740 
65340 
76960 
64260 
82210 
60830 
81450 
55850 
83230 
58890 
79160 
58570 
126870 
60750 
81400 
59690 
92320 
45660 
76240 
45560 
82120 
43160 
78580 
44460 
87920 
45640 
105190 
146090 
87100 
60400 
95680 
46160 
75230 
45220 
77000 
44650 
81210 
42280 
77540 
43400 
79510 
42250 
81420 
43970 
89520 
44000 
86430 
46000 
76000 
43220 
110110 
50470 
92610 
45790 
95390 
46570 
90600 
43170 
91310 
58170 
80080 
59250 
98230 
63870 
78920 
61700 
76000 
59350 
81280 
59810 
78800 
55790 
83540 
58870 
81570 
65690 
81100 
60220 
81060 
60520 
80620 
62970 
77060 
61470 
109890 
46470 
81140 
41090 
88840 
56430 
81630 
44070 
87540 
48940 
85870 
49780 
95730 
53690 
64530 
40650 
69620 
51350 
59610 
40060 
57610 
40030 
56250 
41410 
50140 
43260 
54310 
41910 
72460 
44660 
55360 
40760 
57290 
40530 
56740 
39740 
57350 
38970 
59260 
41180 
52830 
43780 
86530 
56260 
75270 
53360 
72610 
54380 
76440 
54530 
75260 
50980 
77020 
51040 
77720 
62880 
76960 
58480 
78250 
60370 
79040 
59430 
79610 
60010 
85210 
56060 
87490 
60140 
88630 
46940 
84640 
44880 
86330 
45780 
93340 
46720 
87830 
48540 
72320 
50350 
99960 
69590 
102620 
43430 
87910 
42290 
63920 
44010 
86340 
44470 
90110 
53150 
99320 
46030 
74710 
44860 
87320 
42890 
79370 
42090 
78330 
41480 
84120 
43270 
89120 
44620 
96670 
46590 
78500 
45290 
73680 
43920 
84610 
59090 
81630 
57360 
91280 
63310 
79300 
61100 
78620 
65020 
80290 
63470 
92730 
58460 
76510 
62250 
88720 
62620 
81340 
59040 
84390 
55610 
79520 
59250 
77910 
66910 
87170 
46300 
76970 
45410 
77640 
45170 
81850 
47100 
85430 
44770 
100500 
76240 
88200 
50310 
92130 
49330 
89500 
46670 
76860 
43310 
63830 
42170 
54590 
39970 
54940 
36970 
59400 
38490 
54280 
40400 
52100 
45400 
53260 
43900 
58230 
40420 
58240 
42790 
55810 
42260 
72530 
46210 
83930 
51240 
77580 
61880 
78730 
58260 
78810 
61560 
100780 
61200 
78760 
67010 
80170 
58270 
81030 
56530 
98770 
61110 
80020 
59550 
77880 
58060 
78890 
60180 
78730 
60400 
92730 
45720 
80170 
45770 
85200 
43400 
83250 
45680 
63110 
47540 
105090 
78880 
95890 
64740 
83610 
45880 
77760 
45080 
79850 
41530 
80880 
42790 
72770 
49390 
62510 
44080 
88550 
26050 
88020 
44820 
77370 
44800 
72990 
43770 
80340 
43840 
82160 
44600 
80610 
43110 
60180 
44980 
90540 
57760 
78810 
64600 
79090 
58890 
77490 
57970 
82910 
64730 
79200 
55990 
81690 
55380 
79700 
59350 
77980 
60700 
78900 
62560 
101730 
60260 
80230 
59320 
82100 
58960 
104840 
42540 
86060 
42580 
70730 
55900 
85490 
45240 
110000 
61190 
91590 
54360 
92890 
54630 
113280 
43050 
87660 
49590 
86980 
42510 
62030 
41310 
56590 
42040 
54360 
42540 
56030 
40160 
49460 
39910 
56150 
41730 
52490 
37420 
56540 
40050 
54260 
41410 
57120 
42980 
58950 
41070 
85720 
51250 
73250 
54700 
77290 
56610 
75080 
56210 
76570 
51420 
76190 
82680 
117090 
93860 
111590 
85110 
98490 
82920 
96610 
89040 
111650 
81080 
104710 
82920 
105820 
88550 
107800 
84650 
78720 
68030 
80090 
69450 
77380 
67930 
76710 
72040 
82570 
61940 
102050 
103410 
98800 
78280 
77740 
65070 
82210 
62820 
73810 
69390 
71610 
67140 
74470 
64080 
75250 
57060 
78580 
67080 
71340 
69980 
78140 
62250 
78750 
74670 
90010 
85450 
83270 
77180 
79120 
65860 
80270 
95930 
107670 
88290 
95690 
91080 
110370 
93220 
105410 
81940 
106160 
92160 
94350 
102300 
97230 
85410 
109400 
81280 
107930 
86710 
100180 
89390 
106580 
93280 
117910 
81440 
112660 
99510 
78100 
70650 
72150 
67400 
83350 
60000 
81600 
74710 
78410 
84560 
107740 
114500 
98920 
77070 
78440 
79960 
83060 
85850 
77480 
65180 
81740 
59350 
76510 
66310 
96310 
76130 
80720 
65280 
80990 
64820 
81910 
68100 
79140 
66790 
86660 
68810 
83330 
64790 
80840 
66590 
73260 
75430 
117020 
90060 
103680 
85280 
104380 
90740 
95250 
88310 
102950 
86960 
108560 
80900 
106320 
83180 
94340 
89330 
111480 
85580 
114310 
80630 
104530 
92560 
100200 
60470 
87050 
68250 
121550 
45690 
88290 
42570 
90470 
42140 
81690 
46240 
92400 
27850 
110360 
80990 
122040 
60340 
86480 
45020 
67320 
49560 
80060 
42670 
88850 
41640 
61420 
45000 
86110 
44690 
88750 
46000 
75620 
44470 
71440 
43890 
80410 
42930 
80570 
44190 
64910 
51070 
83560 
43000 
88930 
49050 
87500 
62400 
94950 
59480 
76540 
65460 
102420 
96140 
106630 
85750 
102520 
90850 
105520 
86650 
112500 
81890 
115590 
90410 
103890 
87610 
105550 
88130 
109260 
82550 
107360 
83070 
106770 
70520 
78140 
60540 
84170 
64050 
84490 
69130 
82310 
76140 
78440 
123700 
102780 
87200 
97990 
67860 
76730 
66100 
77100 
64610 
79400 
65740 
83150 
68400 
71100 
67250 
73280 
64750 
76500 
58540 
75930 
65740 
70830 
77540 
93890 
71000 
86660 
67110 
85230 
71140 
85260 
69040 
86090 
99970 
111070 
80280 
104830 
84180 
93380 
100680 
98890 
83950 
109780 
85080 
99010 
90770 
107190 
91890 
107530 
91620 
110150 
78340 
105730 
94840 
92610 
95640 
104190 
85590 
120850 
87680 
90060 
69300 
72820 
74350 
79380 
77860 
82410 
68150 
83980 
69200 
123400 
108580 
101820 
88120 
93720 
70300 
77290 
70830 
82420 
72990 
83620 
68100 
80260 
60220 
85180 
68500 
71900 
67850 
77430 
71780 
77060 
62860 
73990 
70860 
88950 
71890 
79840 
64990 
82360 
67680 
87550 
89830 
118190 
94950 
113530 
86060 
116090 
81830 
113820 
92050 
94090 
101170 
97170 
86050 
112200 
79610 
112480 
88490 
96450 
88880 
97130 
85050 
111380 
95850 
121360 
89480 
99760 
101090 
82010 
63890 
77080 
62920 
79450 
67690 
70770 
76800 
89030 
69520 
115530 
112430 
105390 
89240 
76330 
72150 
76230 
65180 
85600 
63700 
76420 
71970 
74320 
72070 
76440 
65930 
83970 
63580 
82880 
69070 
71960 
67260 
73480 
66610 
86880 
64680 
84560 
66540 
85230 
75260 
89650 
66930 
119020 
83900 
116430 
90190 
101850 
88920 
104020 
85690 
107830 
78640 
107120 
86860 
94830 
92450 
112950 
102680 
117690 
89180 
113020 
90920 
98340 
88840 
103320 
92290 
107140 
85180 
99740 
67660 
74900 
76890 
78840 
66540 
79940 
68400 
109610 
88450 
80000 
120790 
120070 
88300 
91460 
60840 
78410 
67980 
75670 
65060 
76940 
62390 
79950 
66540 
74440 
66490 
70130 
68980 
77830 
65390 
77650 
61070 
77450 
75540 
80210 
71550 
78840 
68700 
83960 
85200 
90850 
71540 
95720 
91010 
105620 
87500 
108220 
83500 
105040 
84750 
80850 
52820 
71870 
64830 
81660 
59540 
80530 
64350 
81180 
61080 
83880 
61170 
79400 
60220 
80260 
58160 
106180 
61300 
83510 
45850 
76790 
50430 
86340 
51170 
79800 
45450 
84710 
48860 
86420 
52830 
96850 
57530 
76160 
45180 
57250 
43720 
86960 
45410 
87560 
50700 
84660 
45440 
72910 
44050 
80650 
44510 
80260 
42900 
79760 
42060 
81160 
45750 
85040 
45520 
91580 
47080 
80780 
45800 
80420 
47280 
81350 
59950 
94990 
67170 
81770 
57630 
82030 
58330 
77350 
63750 
83830 
63400 
81750 
59740 
76600 
62180 
81890 
60240 
77840 
58270 
104360 
59250 
79290 
62070 
77860 
69580 
87750 
59050 
85150 
46040 
81490 
46930 
95400 
46730 
87020 
50790 
92930 
47380 
99910 
105740 
104450 
56510 
99100 
51470 
76330 
44310 
71470 
44820 
82630 
46750 
79700 
41160 
77230 
42320 
81500 
43450 
84850 
46880 
96430 
46120 
75400 
67870 
86500 
71120 
86810 
61280 
79810 
69300 
75060 
111330 
105830 
86030 
103750 
79700 
105790 
90830 
91880 
82200 
103790 
88570 
106570 
78180 
96120 
85350 
95080 
86060 
109850 
83460 
82510 
87150 
113980 
94640 
114190 
96830 
110030 
97210 
89020 
63200 
79470 
69660 
79170 
67300 
114830 
104940 
107060 
85430 
112850 
118250 
94050 
84560 
74790 
69350 
80790 
59960 
79860 
64640 
74310 
70260 
71890 
67370 
80950 
64690 
73600 
68530 
71710 
67950 
76050 
65430 
80950 
62500 
82270 
69720 
78930 
70130 
97330 
69220 
84300 
68570 
120310 
96370 
99390 
93830 
118710 
95060 
117820 
82790 
106170 
88440 
99720 
92730 
102630 
87680 
105160 
82310 
102110 
89640 
102140 
93030 
104190 
86500 
108650 
87310 
104450 
69530 
92560 
71690 
76550 
67670 
83780 
65070 
83360 
70420 
77550 
73980 
77260 
123160 
126790 
77830 
87850 
68100 
72330 
67370 
74810 
65290 
80580 
65090 
73430 
68470 
72240 
68980 
71370 
65440 
78710 
69250 
74570 
63640 
70850 
70170 
76440 
68610 
83840 
66650 
96040 
81410 
77090 
69290 
93790 
86690 
107930 
81540 
95000 
84660 
95260 
82430 
104860 
88650 
103940 
78570 
98090 
88760 
96050 
82180 
97470 
81020 
98790 
79410 
96670 
84230 
92890 
82150 
97140 
79800 
105190 
65460 
84670 
76010 
73740 
64110 
72490 
62030 
84290 
64690 
74430 
95050 
118640 
97790 
92390 
64650 
78680 
61420 
77450 
66370 
79970 
71410 
74010 
71960 
75750 
57430 
72150 
64220 
68930 
67260 
69640 
59460 
84020 
67320 
79200 
67970 
70440 
63220 
73380 
61800 
77360 
61360 
72690 
102560 
96650 
86210 
98360 
78320 
96500 
78610 
98520 
85340 
93260 
89730 
98370 
85340 
98660 
77690 
97430 
88700 
95130 
90840 
95910 
83740 
99020 
80780 
94260 
84690 
92930 
88430 
81010 
48430 
45260 
24110 
40410 
45820 
44750 
42520 
45530 
27140 
77990 
33440 
140730 
20730 
40760 
22440 
41280 
26430 
54750 
21240 
44980 
24930 
50780 
20720 
70840 
25490 
49760 
21030 
51860 
26000 
47440 
20710 
42580 
26600 
54610 
22440 
48790 
26900 
50070 
21400 
73710 
41870 
67000 
26920 
93710 
37660 
54600 
26330 
30310 
36640 
66340 
27660 
132940 
26320 
58120 
27780 
30930 
34870 
58680 
26540 
97060 
35420 
61660 
33610 
48600 
37690 
68210 
30580 
57670 
26390 
47410 
21720 
46370 
26150 
49530 
23340 
107420 
27620 
51450 
34000 
35970 
30330 
52710 
21500 
50920 
24900 
47220 
20750 
139690 
24860 
51520 
21770 
46870 
27340 
47750 
20650 
41340 
26740 
51950 
20990 
45700 
24660 
51910 
22050 
145640 
26680 
46870 
20890 
54080 
