75470 
64500 
56430 
58220 
56920 
51450 
52140 
65210 
46010 
53100 
52540 
50820 
52740 
50940 
49390 
50490 
51240 
50700 
48660 
49100 
49210 
50820 
53610 
51610 
48110 
49370 
48120 
50740 
49420 
52840 
50980 
49420 
48230 
51300 
52100 
49210 
47460 
48650 
49660 
50050 
48670 
50270 
47650 
48260 
47440 
48780 
49180 
51490 
49260 
52480 
49120 
49480 
49220 
50590 
50880 
50020 
48500 
59790 
53340 
53930 
51140 
49720 
48530 
48800 
49730 
49370 
47030 
48330 
47520 
48380 
46640 
49270 
50990 
73430 
65830 
55680 
50400 
49840 
47840 
49830 
48780 
51270 
50190 
49700 
49040 
53050 
51110 
51670 
49540 
48830 
49410 
49590 
49890 
49570 
49430 
50260 
47650 
50310 
48220 
49260 
49880 
49000 
48490 
50780 
47100 
52230 
49500 
60940 
53690 
50800 
53690 
48990 
49160 
49820 
48530 
46640 
50560 
46440 
54520 
49660 
49900 
54210 
49620 
50070 
50330 
52630 
47640 
48970 
46990 
49960 
49530 
53890 
50150 
52550 
55410 
54210 
51460 
51090 
47820 
55970 
50910 
49250 
48000 
53610 
49700 
50200 
47340 
47630 
47360 
50510 
50790 
50190 
66410 
53630 
49060 
51460 
54410 
58090 
55270 
50440 
53790 
51910 
50780 
49120 
48260 
47530 
48510 
49430 
48050 
53120 
48490 
48700 
49340 
54180 
51380 
51050 
47110 
51140 
49820 
47400 
48800 
48200 
48450 
49560 
46780 
50700 
50870 
50110 
48400 
52150 
47970 
50070 
47550 
51290 
52930 
50110 
47350 
51540 
48190 
47560 
48010 
49600 
47180 
49150 
48120 
49710 
47110 
55130 
59140 
52860 
51440 
48460 
50330 
48130 
51120 
48730 
49790 
48080 
46440 
51630 
51430 
47600 
47710 
49680 
46540 
51680 
48160 
47410 
47520 
46440 
49580 
48770 
49940 
48280 
47200 
48510 
49360 
48540 
48900 
50370 
46950 
48450 
48250 
46510 
48820 
47270 
49370 
48470 
48410 
47870 
47960 
47630 
49670 
47480 
47680 
49420 
47440 
60100 
57090 
53080 
50830 
50160 
49690 
49080 
48690 
50220 
48820 
47920 
49650 
48630 
49420 
48550 
48550 
52330 
53410 
48070 
48650 
48040 
48280 
49670 
48260 
50740 
45610 
48930 
49900 
51070 
48360 
49990 
49480 
56990 
51280 
49300 
46920 
48170 
48430 
52620 
49030 
48560 
48520 
49460 
54980 
49870 
46620 
48260 
46910 
51530 
47090 
54560 
49120 
48360 
48890 
49840 
45760 
49040 
45180 
49100 
50680 
51510 
47780 
53750 
52430 
51130 
47610 
47610 
47960 
48040 
48700 
48830 
47430 
57430 
55070 
54870 
48910 
52570 
47790 
48590 
49510 
50050 
49740 
53770 
50640 
50650 
50360 
51610 
46990 
47830 
48840 
49090 
49500 
48860 
47370 
49720 
48420 
49290 
47980 
59320 
52940 
53910 
50480 
49390 
47380 
49050 
46310 
48740 
49500 
48000 
48880 
48180 
49520 
50990 
61340 
55690 
52120 
49730 
55170 
49280 
49570 
49000 
46070 
49040 
47790 
52000 
47490 
50100 
47140 
50630 
48990 
49410 
50740 
48430 
52960 
51210 
47300 
50210 
52010 
51060 
50860 
49590 
48190 
48350 
46630 
50490 
48110 
48320 
45700 
48100 
48710 
47850 
48060 
50060 
45180 
48560 
49700 
50720 
48780 
47380 
46050 
53580 
48190 
53160 
60320 
51480 
48830 
49290 
48270 
47350 
49890 
48820 
47800 
48280 
45160 
49400 
56250 
56460 
48680 
47820 
49870 
50700 
47600 
49800 
48780 
49330 
47460 
49630 
47640 
51020 
48930 
47230 
45160 
52600 
46570 
49140 
47290 
47770 
48810 
49700 
47240 
49560 
51330 
50590 
48700 
49780 
46810 
46560 
47510 
49890 
47600 
46080 
45580 
53850 
56760 
55950 
50340 
52130 
46900 
49160 
50880 
48040 
48050 
49840 
46480 
52050 
51840 
49290 
49390 
48340 
47970 
51400 
46500 
51450 
52680 
51240 
48150 
52260 
55700 
50690 
47820 
50630 
49740 
47620 
47540 
48230 
49840 
48960 
53730 
48090 
48490 
48710 
51660 
52500 
50370 
51850 
49600 
51130 
47600 
49060 
49390 
49930 
49000 
51560 
47960 
49450 
45980 
53650 
52110 
49580 
48520 
48370 
46960 
52230 
46940 
48470 
48790 
48960 
49200 
49010 
52330 
50900 
45890 
49520 
48920 
48740 
48020 
49220 
46730 
49080 
48250 
51750 
49510 
48690 
46520 
48680 
52870 
51690 
49540 
49510 
47880 
48130 
46400 
49840 
47040 
50610 
47510 
48120 
47230 
51880 
50610 
49000 
46300 
49920 
45890 
48800 
48230 
48160 
54400 
56640 
51130 
53360 
48070 
49570 
50000 
47380 
49730 
49340 
48760 
48880 
48440 
48830 
48100 
48120 
54050 
49810 
48500 
50330 
54820 
47410 
47240 
50910 
47040 
49150 
48230 
47870 
47540 
49590 
49600 
48060 
47290 
48870 
46230 
51730 
48700 
57250 
54020 
48990 
49140 
53300 
51400 
57290 
48610 
48920 
49860 
52300 
51610 
48200 
54300 
56930 
54380 
52370 
50850 
48420 
47410 
48950 
50940 
49060 
48010 
47570 
47090 
50170 
50570 
50080 
46500 
48450 
47780 
50720 
50330 
48060 
46190 
48750 
45730 
52600 
48010 
48350 
49840 
49760 
49510 
50630 
47930 
50290 
47870 
46780 
47650 
46790 
47810 
50260 
45420 
48840 
46660 
50950 
46970 
50980 
48480 
47600 
46590 
51300 
54310 
56600 
51890 
51850 
48470 
50630 
49820 
54030 
52290 
50110 
48460 
52740 
46670 
45990 
47240 
50240 
56340 
50970 
49090 
45780 
51420 
51530 
46800 
49910 
46740 
48580 
52970 
49230 
46150 
48940 
46130 
50750 
47540 
49360 
47250 
48120 
48820 
48850 
48350 
53200 
48200 
50270 
47960 
50900 
46940 
47530 
51250 
51310 
49900 
48170 
47980 
52450 
49850 
51710 
45780 
49090 
48790 
49010 
49470 
51620 
46320 
47830 
47810 
51000 
51690 
49430 
49060 
46870 
48510 
48660 
45110 
50060 
46910 
48890 
50110 
48250 
46290 
49090 
45470 
49250 
47220 
46980 
47510 
49720 
49170 
49140 
47500 
48600 
65330 
51780 
49630 
47810 
47090 
48350 
48350 
50020 
48650 
48040 
47090 
46670 
48620 
49810 
48260 
48850 
47570 
53180 
56590 
50690 
50500 
51680 
48780 
51340 
47100 
46740 
52660 
49460 
53300 
51230 
51180 
50490 
49990 
50640 
50180 
47510 
47770 
48540 
46840 
49620 
47170 
48140 
50390 
48120 
47870 
47640 
49820 
48920 
48300 
47570 
49080 
48220 
47900 
49150 
48490 
50940 
50610 
46980 
50950 
46180 
50380 
48640 
47300 
49840 
48310 
48250 
49280 
52990 
57520 
53280 
51170 
52820 
47770 
48400 
47060 
47740 
48970 
48980 
48360 
50200 
47910 
50830 
47340 
50560 
48680 
49150 
46670 
51650 
49440 
45990 
47960 
48440 
47340 
50840 
47870 
47580 
45620 
49080 
49790 
52050 
56160 
58130 
51480 
51670 
49210 
48210 
48970 
47930 
48060 
49370 
61530 
55490 
50970 
47830 
50090 
47850 
48670 
54090 
55650 
53860 
51770 
50600 
56170 
56160 
54640 
50190 
49050 
57690 
53910 
51990 
49990 
51220 
53290 
46410 
48200 
49850 
48750 
46430 
46690 
46620 
65870 
52510 
46340 
53690 
49660 
48880 
48110 
48420 
47670 
49170 
46160 
52040 
59900 
50130 
54140 
49390 
51850 
49100 
48810 
49310 
47070 
49560 
49950 
51270 
48180 
47550 
48760 
51840 
46530 
49410 
45880 
49610 
48180 
48130 
48850 
51060 
48890 
48730 
48860 
48820 
46590 
48640 
46220 
49240 
47670 
47440 
47580 
49350 
48660 
49400 
48090 
49470 
47100 
48240 
48370 
46870 
47590 
48670 
50530 
52920 
48870 
48480 
47950 
47640 
48880 
49170 
47070 
49110 
47400 
49400 
47240 
47610 
48300 
48140 
48130 
50640 
47030 
48380 
55030 
48510 
50050 
49490 
46530 
49790 
48100 
53430 
55460 
51940 
53970 
53610 
55110 
51770 
53060 
21070 
48840 
46220 
48590 
48440 
45910 
50090 
47210 
47320 
49150 
50980 
49420 
48530 
45740 
51830 
47670 
49310 
46920 
47660 
46280 
49560 
47410 
48170 
51040 
49960 
49130 
50140 
46230 
47880 
47420 
49510 
46780 
47790 
46290 
47390 
46960 
50740 
46720 
48510 
48330 
48370 
49580 
54020 
54150 
53510 
49590 
53590 
49680 
46050 
48380 
47520 
47860 
50040 
46900 
48290 
45180 
48090 
50620 
48230 
46370 
47450 
47270 
51960 
51280 
47680 
47320 
48470 
47000 
48560 
48540 
48680 
47600 
46540 
48370 
53400 
49610 
50010 
47140 
49740 
51660 
46120 
47320 
48010 
49320 
49040 
47250 
48040 
48660 
48870 
50000 
49520 
45290 
53530 
52200 
53370 
54570 
51220 
46090 
46450 
52300 
50160 
49820 
47910 
49290 
47670 
49290 
47760 
48210 
47520 
48690 
49050 
48800 
48350 
48910 
48140 
49310 
49660 
48800 
48210 
48180 
48750 
49230 
48650 
49780 
49460 
50420 
50100 
49590 
46410 
48010 
47070 
47410 
48640 
46480 
49640 
48420 
48130 
49700 
47360 
46580 
48920 
49380 
51290 
48380 
47790 
47540 
47320 
48350 
48110 
47750 
47460 
47560 
48000 
50580 
48710 
46500 
46830 
46850 
49830 
47430 
45090 
47260 
47870 
47550 
46330 
48720 
47840 
48010 
49010 
47970 
48420 
48050 
50180 
47410 
52520 
50190 
47060 
49140 
46980 
46840 
49880 
46960 
46540 
46370 
46110 
48930 
48350 
47750 
46600 
45960 
49990 
47620 
48970 
47170 
48480 
48650 
47600 
48140 
47280 
46940 
55520 
56010 
51370 
50480 
48700 
46510 
49270 
47520 
45790 
47280 
47360 
46160 
50540 
47280 
46860 
46720 
48980 
47070 
47870 
45960 
47440 
45770 
50670 
48140 
47580 
52280 
47160 
48080 
49530 
45450 
48680 
47640 
49120 
48970 
47880 
47550 
48620 
50090 
50260 
47350 
49380 
48000 
49620 
49940 
50080 
46870 
49440 
48170 
49730 
50030 
56070 
55070 
51930 
48970 
51560 
49350 
50690 
48810 
45970 
46380 
49030 
46280 
49370 
47410 
48190 
49440 
49190 
48350 
49180 
47310 
50940 
51630 
47310 
47520 
47870 
47010 
51810 
46750 
49070 
46960 
48070 
48530 
49790 
49930 
48310 
48310 
50420 
49260 
50130 
49150 
47350 
49740 
49780 
48300 
48070 
47650 
53790 
51650 
48060 
46980 
55300 
54560 
52600 
52150 
49740 
49030 
44820 
47380 
51090 
55910 
49400 
47460 
46820 
49010 
49700 
48620 
47710 
46720 
50500 
48420 
49340 
47200 
53410 
50540 
51030 
50660 
49600 
48660 
48880 
47560 
50050 
47190 
45250 
46850 
48990 
48760 
46240 
47910 
47720 
51760 
50340 
48210 
49520 
48610 
48820 
49360 
48490 
47510 
48560 
44840 
50020 
49040 
48200 
47150 
47590 
48260 
48250 
46750 
47840 
46750 
49220 
49020 
48420 
48440 
47390 
46080 
48410 
48640 
47380 
48970 
47120 
50670 
53600 
50700 
47900 
47280 
49500 
49780 
49040 
46030 
43100 
46090 
49300 
48160 
46640 
47250 
46100 
47910 
49210 
47160 
51380 
48030 
48310 
48770 
48270 
47470 
45190 
46800 
50560 
47490 
47790 
46890 
47110 
51050 
49310 
49000 
49580 
47380 
49360 
59870 
53160 
50820 
46610 
47840 
50430 
48010 
47130 
48720 
46400 
47300 
47810 
47160 
47630 
48070 
50530 
50440 
48960 
48230 
44590 
45890 
49930 
50710 
45940 
48310 
46220 
52400 
51780 
49680 
47460 
46520 
48200 
49280 
47190 
46190 
45980 
45480 
49740 
47790 
48990 
48020 
46760 
48380 
48700 
48070 
47980 
47030 
49240 
49250 
49570 
55390 
52400 
48160 
51000 
50350 
45330 
47940 
46590 
47450 
47860 
48020 
47440 
47070 
47410 
53020 
50580 
47180 
50650 
47710 
50830 
48160 
46730 
48900 
46980 
47120 
48780 
47830 
49630 
48830 
50040 
48120 
47430 
47180 
47760 
48330 
48550 
49360 
46200 
48550 
49920 
48640 
49760 
49370 
49210 
50120 
51740 
50160 
49150 
45770 
46570 
54970 
54180 
53960 
46890 
49280 
50910 
48480 
49250 
48060 
47330 
48500 
47850 
49980 
49320 
47800 
48900 
49890 
48780 
48670 
47050 
48480 
46650 
49420 
48120 
47860 
48200 
45880 
49620 
50080 
49510 
47180 
47370 
48110 
50180 
49160 
49370 
47840 
50300 
48450 
46390 
48440 
48140 
48170 
48300 
49970 
49380 
46510 
45670 
49030 
49810 
52390 
48490 
48730 
46640 
48010 
48220 
47240 
48250 
45550 
49940 
49010 
47790 
48020 
49660 
49110 
49480 
49200 
47700 
48020 
47290 
48130 
48980 
48520 
49780 
47200 
53250 
51390 
49070 
47190 
49310 
48090 
49070 
48330 
49770 
48270 
49530 
50350 
50130 
52020 
51650 
47530 
49300 
51570 
49270 
44540 
48550 
47860 
51140 
47550 
47300 
46800 
47330 
46610 
46100 
57230 
53170 
52640 
49930 
49530 
48120 
47420 
47140 
50030 
55080 
48180 
51740 
52630 
53410 
50400 
48010 
49250 
47750 
47280 
52340 
49470 
47280 
46860 
47740 
50100 
49050 
48040 
48390 
48040 
44700 
62100 
58270 
51230 
51650 
53480 
53370 
49240 
46540 
48560 
49320 
47500 
20210 
13940 
17540 
17440 
22470 
25420 
49550 
47310 
46680 
56510 
55310 
53890 
53400 
49370 
48340 
46970 
19370 
13020 
17260 
15170 
22750 
23070 
49820 
46840 
46900 
47700 
48690 
48540 
47730 
47130 
44980 
46650 
49520 
48030 
57260 
49590 
47560 
56280 
52240 
47640 
49390 
46040 
49460 
48170 
50630 
47550 
46560 
45610 
48230 
48660 
49520 
48080 
50100 
51080 
48020 
48000 
47730 
45750 
48030 
57470 
54670 
48340 
47540 
45870 
50310 
48000 
47720 
47300 
47010 
47810 
47810 
52590 
49920 
48350 
49670 
47300 
49810 
47530 
47330 
46130 
49190 
47290 
48010 
47040 
48530 
49200 
49600 
46070 
50520 
46770 
48090 
47510 
48370 
47800 
51470 
52020 
51010 
49450 
47590 
46530 
46750 
49160 
48390 
49260 
48090 
45770 
46570 
49290 
48960 
47000 
49060 
47070 
49100 
48680 
46230 
48490 
47100 
45980 
47810 
46440 
49140 
46010 
48420 
47010 
46000 
46830 
46260 
47280 
49030 
47000 
45900 
47290 
46370 
48280 
49640 
47130 
49180 
47920 
47960 
47820 
49060 
47220 
47490 
48480 
48290 
48870 
49140 
47340 
50520 
47210 
51490 
48630 
48420 
49130 
49740 
48700 
50090 
46070 
47240 
46490 
50740 
47120 
46780 
47790 
61020 
52440 
51870 
47820 
67230 
53990 
48730 
53500 
49040 
51080 
48040 
46860 
47710 
48140 
48720 
47420 
47620 
47790 
48400 
48910 
49480 
47240 
48510 
47960 
51070 
47610 
48500 
46240 
48370 
48950 
52910 
52440 
47880 
49470 
49880 
47460 
50060 
47320 
47470 
49770 
49110 
46650 
47850 
51780 
50870 
47580 
48430 
48100 
46690 
49180 
57560 
53100 
56830 
49180 
48540 
51980 
47650 
47980 
45800 
49200 
51600 
48430 
47050 
47790 
47570 
49670 
47980 
48060 
53370 
49310 
48890 
47520 
49520 
45320 
49600 
47790 
48920 
49400 
46470 
48230 
47040 
47670 
48620 
48470 
51870 
48570 
47950 
49150 
48090 
48890 
49200 
47780 
49970 
47000 
47170 
47470 
46510 
47330 
48150 
48020 
57120 
51720 
51820 
51390 
50150 
46900 
46760 
52730 
49870 
47410 
47810 
47860 
48110 
48690 
49370 
47160 
48430 
47560 
51660 
49960 
47850 
47430 
48970 
49150 
48970 
48690 
47010 
47260 
46780 
48710 
47450 
47940 
48210 
45520 
48170 
49660 
50500 
47570 
47800 
46610 
49780 
47190 
51780 
47830 
46800 
47110 
49020 
47230 
50350 
49210 
46280 
47320 
50040 
46830 
48580 
46940 
47870 
48740 
46380 
48250 
47130 
48560 
50600 
47070 
49140 
48290 
47950 
48570 
47110 
46540 
48490 
48480 
49190 
46790 
49170 
47950 
47140 
50240 
49060 
46750 
51030 
46180 
48610 
50920 
48450 
47770 
46920 
