51410
24500
24550
23800
22190
22200
22850
23520
22970
23280
23160
21080
22060
22600
22500
21110
58060
59980
59710
59230
58270
60100
62600
61380
61650
60220
60560
62840
103620
75530
72610
70900
76960
79010
78580
80900
75910
72970
74520
79060
72700
71360
69830
78770
77380
76690
73140
76920
78680
76330
75810
68980
74040
76880
84470
63230
58510
61440
61490
61180
59010
59160
62620
60330
62220
124970
106290
85320
64950
64340
59940
58150
57450
58780
61400
60110
60800
59470
59820
60840
60210
60310
59820
67320
63140
59690
59710
58810
57350
58700
61980
63190
59510
58130
59420
61380
96340
74530
72660
75040
76160
74320
74420
73740
72850
75420
73550
73650
73620
72860
74320
76190
74730
72330
71140
73370
74900
77200
72510
71020
69000
78330
91370
66740
61120
59550
63150
63710
62530
59280
58390
65190
63910
105880
114100
90420
81630
62150
62900
61050
60780
57780
60170
59580
61200
60000
59710
64930
61750
59170
57780
57830
60230
58490
59650
57940
57410
60460
61490
59440
61380
59070
62960
60790
61500
100570
74100
71300
74650
75650
74760
71750
69380
74980
76560
70530
76700
71510
74570
75830
75710
73030
72460
77420
76770
76240
78170
73600
75270
87790
82540
86190
65510
58840
59430
64500
60790
60750
109330
70720
63510
60880
130110
112090
90430
67250
61990
58550
58450
60910
59830
58430
59790
57590
59890
59930
61750
60060
57330
58460
59280
60450
59040
58490
58450
60770
61780
60870
60320
60190
63970
61360
61660
81700
77520
84240
76120
76560
72450
71430
78070
77710
74230
72240
71990
72180
77920
74030
71510
71160
72470
75200
74960
74590
86740
73890
76650
75450
73590
76360
72910
60180
62590
62880
59050
59750
62530
61680
63470
60610
66780
123200
88670
77240
61380
60980
56980
62410
59900
59440
57860
58050
60160
59350
58580
65160
61480
61110
61370
58930
59190
59970
60700
58700
58870
59940
58490
62010
62800
62050
60270
61080
97950
79590
75250
71120
70270
74780
76150
76200
72270
71310
69790
75980
73880
72930
74240
71210
73480
73210
73540
71400
71210
72500
75040
74350
73270
73170
83820
67590
62610
58270
60260
59420
63330
60740
66030
62990
69120
130020
113880
90860
69680
61340
60540
61390
59920
59340
59350
58490
60690
60080
59160
62080
58200
62380
59650
58620
59720
59050
61290
58130
59460
59640
59430
63200
59970
63260
64020
59900
76700
80790
73330
71880
75860
70990
77350
76260
75250
72780
72660
76340
76020
72680
74840
71300
76720
74030
83280
74240
73720
76700
74920
74180
71110
73080
79000
77940
62500
58880
60890
60750
63620
63050
59240
61860
61090
62980
123080
94440
79890
61040
61490
59870
60700
58770
56840
59040
59550
60340
58210
58280
61140
59190
58480
58610
59590
59320
61490
59950
59170
58330
60650
63500
63590
64820
59220
60400
67120
105720
75370
73700
74330
75500
74450
75540
71830
74380
75400
73380
74640
71340
69770
75380
78540
77680
72060
74830
70780
76650
74910
73040
71620
70490
76350
87470
63700
59640
58850
61890
62620
60340
59580
61660
62350
60650
123050
111730
78110
71610
64080
61980
59330
59120
58460
62870
59710
58720
58660
58230
65140
65210
60440
60550
59950
62340
61760
61280
59970
60100
63790
60950
61390
58600
61390
61800
65570
81510
89480
73360
73690
77260
77810
73090
74350
73380
77700
74870
76860
73340
72930
79310
76020
76050
72660
73440
77190
77190
75570
75360
73700
74480
77370
79010
81960
64450
60070
64970
61840
60810
65880
62340
65900
63010
81320
122020
99710
83930
85780
66960
60840
58600
60400
60360
61090
58590
58180
58950
61210
60670
60450
59220
58090
59530
61650
60940
58270
58710
62270
61870
61970
61490
60990
63230
60500
60680
96530
73990
77470
77830
73040
71160
72220
72010
75590
74950
72680
73050
74790
76610
84510
75220
69560
71600
77170
76070
74220
71130
71370
76800
75240
74920
86500
65420
60520
59610
60480
58950
62320
59030
66400
65230
62850
128390
111610
88790
76830
63080
60650
59490
61610
61250
60180
60130
58850
60470
60340
60400
60290
59290
64030
60550
60420
60610
61550
60790
62000
64570
61110
61190
62320
62500
61880
65040
62680
91190
80710
73470
71050
72230
74060
77450
73350
71630
71730
76100
76950
74440
75910
78110
74100
72890
78630
75290
72980
71140
71250
74720
74140
74010
72440
81290
64160
61160
61790
61020
58300
59570
60550
63120
61690
59380
131050
100000
81390
65260
58530
58520
60910
60470
58960
60350
61120
64690
62290
58530
58040
57560
60630
59670
59460
58420
57670
61490
60030
60320
59000
59720
61950
61520
62330
59890
59920
98280
77170
75910
74880
69310
71940
75810
78110
72010
71260
71170
75730
72940
73730
70760
72590
74650
72850
71840
75740
74420
75960
74510
75400
73310
71050
83900
66940
63460
60800
63600
60650
63030
59580
62970
61610
60400
116090
114130
86110
70070
59900
69790
60250
58670
58930
58960
60120
60650
59840
59710
57420
56740
60760
59220
58980
57730
57790
60380
59550
57690
58580
58950
63010
60930
61900
59480
58690
62850
90580
75100
74460
71920
73570
73410
73230
72640
72020
72950
76370
75150
72500
80520
77450
75940
76760
72820
70140
70370
77210
77260
75170
70830
74040
77840
83940
64900
58360
58620
62770
64900
59340
60730
62600
61530
62570
122960
104570
79700
64360
62190
61550
57840
59150
57210
59820
59490
59470
60420
57750
62630
62260
62540
59660
60690
62580
60620
59990
60850
60910
61090
62810
67990
63760
60950
60100
62490
100950
75240
74720
71930
74270
76120
72670
76170
72730
76390
74880
73540
72210
72810
77310
73690
73850
73300
71430
70960
73950
79340
71950
72330
70580
76820
96390
67620
60260
57620
62410
61970
61080
58710
62650
63600
63520
122820
106210
82710
73780
64700
61740
58040
57140
63030
62950
61520
58580
59490
58330
61350
60580
59470
58270
57680
59970
59970
62380
57770
57860
61630
59920
60910
59990
61370
63400
60590
61410
99450
73600
73620
76360
75730
73810
71930
71700
76470
77250
72290
71990
71930
79860
74230
75740
74490
73420
88040
80760
76230
70760
70020
75440
76570
73490
84430
65030
62690
65410
63150
60430
59900
60710
65300
62290
60690
120560
105840
82620
64910
60390
58710
57540
61160
60720
59850
59910
58040
60910
59230
59040
58720
58350
59700
58940
60240
58950
57690
58260
60320
62410
60600
60470
61240
60650
59270
69150
98510
72720
78080
75200
75050
71350
74900
77920
73110
71730
75510
78840
74070
75700
75980
71680
74060
71590
78570
76770
74620
90620
75040
76710
77650
76560
85850
66670
62660
61490
61150
63580
61450
59980
67430
66130
61250
125720
115960
87730
79930
64110
60990
59410
61940
61820
59390
61000
61010
62650
60450
59790
60400
59580
61490
60450
60460
60830
60010
64000
65500
65060
77830
68710
60680
62260
61440
58960
59310
95110
79450
76460
76520
70130
71470
77280
74610
74050
72110
70340
76440
72820
76760
72930
72760
75240
73050
73990
73950
71290
70030
74610
73480
73940
73030
82850
64740
60530
60930
60420
60310
61600
61040
63050
63030
59070
127980
105640
84480
62590
59530
59360
61090
63750
61110
58380
58230
60560
59240
59300
59340
58280
60900
60590
59530
58700
57610
60370
60350
59290
59210
58680
63380
61290
60910
59440
62290
103540
73990
74530
70260
69770
70670
76060
74790
74480
72350
76630
77670
80700
72800
72820
71610
74680
70310
73010
72470
73580
75570
73880
73040
75610
75370
98550
68000
58620
57860
61060
59460
61280
60090
65500
62060
59270
121230
110270
89700
74910
62350
61380
61490
60390
59390
58640
61510
58520
61700
61230
59000
62520
60590
60310
58980
57930
57940
59980
59180
61930
60460
61100
62250
64750
59060
58490
60100
60320
101940
71980
76240
74820
76760
76990
75470
81760
77730
77160
76910
74260
71820
71700
71650
75780
79420
73090
71590
71840
74860
74670
70980
71980
71540
76080
86120
64450
58210
109120
62470
63760
60950
59230
63910
62980
60680
108060
98820
81570
65310
62750
64620
59290
58590
56850
60760
60240
59370
57310
58470
61350
62650
60310
60510
58310
59890
58690
60600
57910
61210
63510
61080
62670
63230
59550
59950
63610
105930
72730
71100
93460
83920
77960
73420
71900
72300
77550
74030
73940
70550
78670
78600
77060
75810
72940
73880
77660
76240
75290
75290
74370
74690
77860
90240
66510
61970
58210
64720
63280
61260
59860
60430
68990
65690
126020
116360
92050
81480
67450
65490
60100
57620
60980
60080
60730
59460
58630
58760
61080
61960
58630
57610
58370
62050
60040
58680
57450
59870
61290
60750
61730
63040
58770
61830
60520
60710
98300
71180
77640
72890
76950
74670
72050
71370
77180
75300
72480
71570
71730
76480
75900
73580
73420
76790
76480
73540
75330
71900
75500
81590
75170
74280
84320
62890
60220
61070
61290
61590
60240
59160
65330
62460
59860
121310
110440
87770
69380
62480
59460
58180
60760
59810
61260
60080
57650
60530
57990
58380
58890
56740
60330
59420
61410
59100
57650
58630
60930
61840
61090
59080
59480
60540
61410
60600
86720
71330
72730
73750
73930
69490
74150
84360
77400
74700
74400
72900
75220
74370
73850
71040
71550
69990
74950
76320
73630
70730
69150
74720
77020
70530
76420
68660
61450
61680
60800
61170
59300
60460
60980
63410
62060
89480
105280
83930
76750
62660
59910
58470
60820
60510
58330
57780
58600
61460
58910
56840
61100
58920
61910
60240
60950
63680
59400
62590
60860
64030
62090
60560
63740
60290
59830
57870
58180
97140
79600
75880
71010
69390
73700
75630
75480
72940
74680
70920
76990
75710
73960
71030
76600
76380
73460
74260
71610
72930
75600
73470
72020
73880
75910
84110
66790
61340
57780
62850
60330
62040
59880
64960
62090
60720
118470
104510
87960
69700
62160
61000
62080
60820
60490
57890
59610
60250
58750
57340
57650
57810
72040
69020
62940
59770
59440
61900
62830
62170
61270
59660
67630
63200
62680
60710
60490
82730
82110
72920
75510
72370
76990
75110
74120
73100
74260
74240
76730
76330
77390
75070
73520
78420
77410
75450
74160
71420
77150
73280
83630
74010
72050
76420
77040
61880
58250
59880
63210
60740
58770
60290
61140
61800
62740
124770
95450
78070
64270
63010
61010
58890
59290
58700
61100
58690
60500
59110
57180
62480
58790
59590
58680
58940
61480
58910
58750
59460
58210
59760
64380
65140
61510
59940
60450
60840
99600
73440
70620
73980
81990
77990
74690
71680
70360
79820
75390
71620
71500
70710
76290
77580
73000
70940
74670
79180
76740
76430
74040
74610
72680
75710
92170
63490
59740
58040
61120
64810
60990
59800
67240
64610
63090
125640
109160
86000
70230
63440
59880
60850
60720
57540
60890
60640
59790
58530
58490
60410
61600
60890
64880
59960
63040
59730
59690
59050
57860
62750
60320
61830
59410
59060
63640
61230
69270
83600
71670
72570
74150
78840
73150
73160
71620
75050
75710
75000
72850
72960
76750
74430
77190
71790
70690
78220
77200
73460
69270
73390
74990
75960
73350
81590
61790
59140
64510
62590
60850
59090
61080
65430
63590
60130
101950
97360
81810
64680
61630
59400
57980
61260
59940
60460
61420
57260
62220
60600
62350
60210
60220
58890
61240
61930
59400
57600
58770
60020
115900
62320
60880
58510
63060
59880
60090
97190
72340
76770
75430
73650
74480
75530
77140
76980
73180
73430
73880
74540
75900
77540
70770
72540
71140
74350
82340
73580
71450
74730
80380
74790
74400
84790
64280
58850
61330
60580
59830
61310
61260
66060
70310
63450
125300
110910
84190
74710
62150
58230
57590
61310
62960
58740
59060
57510
61290
59950
58950
58430
58430
61130
60770
59090
60160
58200
61080
57910
61300
60920
60600
59870
61250
63030
64090
62020
90600
79900
74120
71480
74330
73180
76980
75590
73720
70600
71630
78420
74450
74380
72940
71910
76120
75210
77840
72930
70350
70550
73300
73980
74180
72420
82070
66160
60760
59890
59300
58230
61050
59470
64590
60510
62360
130190
98160
80810
67000
58690
60220
60320
60430
56960
57570
57450
60120
62430
60400
59080
57930
67440
63490
62190
59680
58440
63430
60820
59960
62350
59510
65720
61750
65160
61070
60140
109810
82080
75670
73150
72520
73840
77720
79340
74560
72960
74400
77670
78740
77650
71770
72370
76840
75480
76410
77110
75430
76770
77720
75340
73160
74630
94290
68200
58670
59430
59690
58470
61370
60330
67320
65230
60580
119290
113600
83160
71270
60770
61530
59520
59560
57950
57640
61250
61270
59660
58630
59170
60690
59180
58670
58580
57670
60000
63150
59890
59800
59630
61700
62620
60640
61140
57870
61040
60670
97660
76600
73010
70110
77810
75120
73640
73650
72570
74430
73120
75700
71240
70810
72870
75410
81910
73090
74540
70810
75830
76140
71360
71710
70390
77250
84640
64490
58740
58310
61440
62460
58830
61900
63510
63190
61320
122820
98290
79210
62210
61360
59970
60410
60140
58630
61090
59800
58670
58950
58880
60740
60480
