50051
24361
24840
23260
23521
22720
22530
22520
24260
23250
23420
22140
22651
23760
22670
22491
60110
58391
60031
59240
60271
58731
59640
59891
59980
60000
57651
59340
60130
60281
61610
59961
58681
59880
61511
59101
61010
59391
57471
59710
60371
59070
57180
58461
58920
58421
57981
57810
57811
59651
58660
59401
57340
57400
59391
60070
58080
59211
57800
58270
59541
56690
58391
56481
57720
62061
57911
58770
55631
56551
58920
58531
58900
57840
56281
58430
58190
57721
56590
57481
59141
59180
59911
58420
60790
58951
57511
57440
57151
56210
57940
59121
59440
58010
57461
56160
57790
58951
59460
57091
57931
56820
57361
58840
57760
57591
58230
57620
62101
60010
59200
57431
59360
58221
58311
57290
57671
59811
57880
56641
56970
57040
57161
59140
57560
57411
56440
58381
58021
57190
58571
56261
59210
60291
59921
59260
58091
58841
60460
57811
57110
57590
57551
60930
57100
59101
58290
57421
59541
57830
57821
56511
58640
57811
57840
63080
57631
56000
57730
59321
60000
59580
57551
57740
59281
58191
58400
57141
58161
59110
59041
57570
57000
57591
58540
58430
58121
57530
56700
58311
59930
62311
57971
58430
58641
58871
58800
57911
57370
56330
58721
59140
57601
57811
57550
59551
57541
57240
58611
57001
58210
58211
57960
57970
57821
58170
68161
62471
58850
60541
60861
59010
59411
57891
56730
57621
58831
56330
59341
56950
56340
58731
57360
58330
57251
57430
58050
58421
58270
55851
58081
59480
60631
60041
58230
59391
59200
57200
57991
57500
56740
56631
59540
57411
59561
57700
57951
60401
57890
58581
57951
56560
57941
59270
58960
56901
58100
57320
58231
56760
59431
58891
58810
58661
57531
57770
57281
57431
60220
57711
57860
57280
56941
60180
60291
58991
57050
56801
58641
58310
58761
58871
57740
59071
60050
60120
59221
58020
59610
59291
59940
57850
55881
58130
58201
58911
57690
57051
57731
60180
58811
57431
57140
58281
58210
60850
59211
58220
56920
58021
61510
61611
59061
57140
58211
59471
59710
56251
56881
57600
60231
58230
58890
57621
57600
59351
59481
56800
59221
55931
58280
58661
60020
58860
55361
58760
59530
58171
57960
56750
59161
57700
59120
57211
58360
58481
61381
59660
59061
57311
57950
59421
59480
59020
56811
57630
58630
60161
59310
60160
59751
59680
58981
59781
58130
57771
59531
57670
57821
56171
56570
56771
59150
59060
57821
58330
56760
59341
57270
58041
59961
57250
60371
61300
58700
57431
58610
60670
58281
58790
56950
58351
58660
59511
60181
59200
60921
61031
60430
57741
60310
57700
56631
59270
58330
57291
57390
58050
58991
57890
59591
59771
59410
57331
58381
58940
55861
57680
58980
59121
58490
57810
57181
57110
60600
58161
58360
57111
57941
59580
58191
60931
58290
58401
59041
58390
61941
58020
58300
59301
58720
59611
58231
62250
60631
58771
58320
59121
57241
58250
60191
58110
59220
57871
57710
57350
58821
58900
59111
59801
59240
59751
61991
59430
57911
57521
58270
58861
58480
57110
59321
58960
59090
58571
55930
56951
58871
58200
59191
57381
58220
58851
59501
58990
58091
57790
58830
58551
59440
57510
57241
59660
59151
60261
56800
57171
59341
59630
59191
56340
57520
58041
58610
58980
57091
57810
58720
59881
59220
58230
60231
58270
59181
60701
59920
56961
57461
57850
58591
58750
56520
57791
58090
59060
59701
56100
58061
57581
59670
58321
59121
59230
58391
62611
59020
59131
57640
58190
61191
59780
59091
59541
56900
59931
59501
60570
58791
57931
60260
58951
58070
57570
57571
57520
60180
58001
59430
57701
58841
60900
58061
60831
59210
59371
57791
58760
59461
56641
57550
58951
57770
59900
57711
58600
59110
58771
60310
58241
57941
55180
59511
61701
58040
57471
51020
60991
58801
59630
59741
57151
57350
59571
59281
58400
56511
49840
60190
58661
57481
58270
58931
56600
58950
58561
57740
56310
49860
57510
58071
60521
58010
59641
59291
60070
58601
57920
59080
51200
59330
57390
57091
57400
57200
59291
56940
56621
58031
58250
58951
58861
55950
57741
60211
58540
59551
55710
57810
59221
58840
59421
57571
57520
56711
58831
57420
57761
58651
58060
60061
59001
58000
57741
59600
57320
58771
58190
56761
57631
59020
58781
61061
56460
57711
68641
60870
59141
58780
56890
57861
59870
57840
57701
57370
59391
59891
58620
58341
57221
59750
60541
59061
58300
57561
58670
62541
58891
58470
58661
58131
60110
58611
58491
58050
57541
57961
58040
58491
58180
57320
60211
59000
59890
58301
57780
58190
57641
58430
57651
58031
58580
61171
59501
58960
57711
59561
60470
58781
57700
57900
57201
58110
58171
56891
56420
57441
58471
59230
59501
58241
57500
58991
58331
60040
56121
57770
58280
61281
58570
59500
59751
57010
59801
59481
58330
58831
76961
59300
58661
58350
57430
58551
59490
58680
59551
58290
56981
57721
60540
59061
59301
57030
57361
61041
58940
62591
60450
60060
59211
58630
58780
58271
56730
56680
57711
58390
58421
57401
58610
59661
58211
59230
58631
59060
59290
57621
58970
57670
58471
59610
58561
60971
59490
59031
59351
59920
58191
58091
57770
59301
59360
57630
59761
57620
59321
60391
59830
56641
58321
58220
58351
60311
61120
57031
58001
59740
59301
59010
58080
58511
59570
59011
58951
57070
56681
57691
59000
57621
57751
57530
58731
58571
60010
58221
56950
59990
59081
59740
59870
57601
59070
59441
57851
57600
57441
57041
59200
60861
58381
56780
57591
58000
58070
59271
58700
57701
57871
58530
60771
57911
60590
59951
62181
60920
57721
59030
60510
61691
59360
60620
60471
58700
62281
61151
60310
59791
57031
59270
59041
59951
59810
59361
59710
61660
61001
58780
59270
60441
60380
59390
58761
59320
61281
60431
59780
60151
57801
59020
64671
60421
60040
59241
57840
60590
59071
61050
59290
58401
59000
60531
59541
59400
59761
59311
60250
60411
59511
59850
58921
59440
59960
59801
59210
59761
59871
59780
59871
58111
58540
59021
57811
59390
57431
56710
58420
59441
58560
59240
57831
58660
60251
60121
59910
56901
57861
59100
59081
60001
60180
57721
59660
59000
57911
60330
58320
58611
60900
58901
58171
57060
57361
57520
59530
60521
57070
59110
60051
58720
58770
56781
57480
59940
57781
59160
57521
58631
59570
58581
57131
56580
57961
57880
60960
59621
56580
56360
57551
57820
59030
57701
57480
58791
59501
60100
58401
57571
57510
58921
58610
58050
57441
57890
58890
59661
58480
57990
56991
59670
60161
57991
58940
57551
58601
61990
59141
56720
57710
59121
59370
58270
57091
57180
57931
58711
58340
58381
58511
57460
60181
59041
59010
57881
57810
59240
59411
59900
57130
56591
61020
57901
57261
59130
60281
61271
58620
60601
57291
58060
57651
60410
58800
57891
57250
58620
59221
58420
58811
58181
58310
58541
59731
60330
57151
58151
58730
58461
59540
56930
59991
59180
60441
58971
57810
57731
57051
59570
58081
57811
58220
57871
59461
60450
58781
58520
57840
59231
59090
58551
57511
56900
58961
58461
60530
58851
58331
60220
60421
60010
58640
59081
60040
60780
60131
58690
56831
59271
59830
58881
60181
57950
58251
57711
58090
59741
57020
58130
58111
60280
61300
56341
59010
58461
58401
60560
59001
57921
56700
59301
58381
58130
58101
57620
60210
59811
58920
57110
57381
58370
59801
59711
57100
56211
58441
58180
61141
59370
62630
62711
64170
60290
59321
56780
58000
60021
57010
57810
57611
58720
59931
58211
60120
60051
57571
58100
60241
58160
56860
57151
58780
59561
58221
58290
56681
58331
58980
59611
57531
58320
57391
58740
58590
58361
57140
59580
60901
58960
57520
57321
56390
59101
59021
58360
57741
57891
59140
59391
57690
57730
57061
59710
59250
59361
57200
58721
57501
60040
57881
57011
59210
57401
60681
58450
60511
58380
57430
59051
59210
57611
59321
58740
58411
59001
57710
56781
56361
57410
58351
57931
57620
57841
57360
60630
59591
59280
58530
57351
60870
59041
60241
56560
56671
58721
57620
59891
59221
57170
60061
59650
58730
58291
57090
60070
59151
58750
55970
57601
57870
58501
57301
57460
59551
58951
59020
59091
58950
56490
57261
58090
58370
60131
57910
55851
57621
59090
58651
56570
56500
57901
59331
58130
58641
56260
56420
60281
58190
58010
56801
58190
60121
58721
58120
58281
56071
58690
57501
60890
57150
56911
58550
58270
57841
57870
57090
57421
57860
57891
58531
56690
64031
65791
60390
60361
56850
58560
60971
60580
58030
57041
57030
58261
58621
60240
58131
57791
57870
58421
59651
57770
56751
57430
58370
58451
55750
57670
58331
59540
58691
58501
59350
58131
59081
60330
57291
56891
58980
60611
58760
61400
58541
56590
58761
58031
57720
57921
55211
58500
56111
58611
55690
57941
57431
59640
60171
57710
57280
58911
60100
59441
57251
57710
57671
59321
57990
60231
56551
57060
59301
58661
59900
57851
56940
58500
58611
60150
58751
56861
58440
58301
58541
56830
56471
58791
60580
59381
57641
57150
58081
59740
59330
59471
58110
59181
58791
59000
59331
57671
57470
59521
59361
59730
58341
58090
57850
59081
57920
56430
57051
60170
58441
59441
59150
60231
56681
59060
57991
60560
57980
56771
58820
57650
58541
56780
56140
60471
58340
59781
57531
56100
57931
59701
58110
57711
57940
56640
59141
58720
59810
57401
57790
60901
57351
60560
57451
56721
57730
58891
58341
58080
58601
56180
58930
59911
57590
57360
57211
58160
57090
58071
57760
57871
58671
59560
58251
56480
57130
59011
58010
60020
57441
57270
59340
59531
59840
55520
57331
59330
59261
58771
56960
56591
57121
59500
60131
58580
57460
58791
57750
59160
57431
55960
57671
59761
56990
59451
56981
57610
58731
58301
58380
57411
57870
59460
59571
74330
61321
65911
61600
60211
59981
61420
56841
58391
60150
60091
58771
57370
58421
58720
59810
60891
57320
57320
58351
60050
59901
58641
57400
58501
60531
59800
58071
56940
59030
59571
58600
57490
59541
60500
59370
60281
57770
57511
57491
58380
58841
57860
57920
58181
58970
57300
62821
61070
58810
59801
72920
64451
59301
58710
59021
60031
60090
60611
59551
57240
60241
59980
58840
57711
57470
59700
56621
59970
58860
57311
60320
59041
60501
58870
55791
60151
58000
56661
57340
59180
57831
59660
60220
60731
56620
59261
59931
59720
58181
58751
57460
59291
59171
58790
57691
57190
59630
59291
59590
56740
59081
58440
59651
59361
58480
60901
57721
62560
59841
57860
59230
58911
60190
61070
59991
58260
58400
60411
61850
60411
58571
60610
58311
60831
61620
58631
58261
58890
59551
59820
58730
57081
57000
60331
60031
60680
57941
58621
58240
58771
56731
57230
57871
57371
57440
58291
59750
59720
58381
59560
59011
58641
58810
59221
61831
60770
57101
56781
59360
63161
59130
58640
57111
58310
57251
59631
58440
58781
58041
59500
61051
58671
57720
57951
59200
60770
60541
59100
58560
62761
59580
59780
58851
58400
59681
61061
60790
59981
58061
59040
60421
60870
60610
59891
58450
60690
60621
61730
59800
58131
59960
60391
59361
59330
59051
61441
61100
61551
61711
59680
61181
60720
60250
60021
59030
59820
59311
62120
58841
58031
58880
59531
59431
60320
60171
58191
60410
60701
60800
59660
58651
59540
60681
63281
58160
61871
71531
65130
60261
59091
59830
57411
58420
58920
57551
57860
56560
58631
60390
60750
59561
57650
61111
82030
59070
66031
61201
59200
60481
61270
58600
59091
57510
59670
58441
57860
57020
58691
59780
59791
58601
58170
56761
58431
57490
59681
57150
59410
59281
60470
60700
57651
56480
61261
57891
61290
58371
57551
57990
59651
57980
58140
57311
59310
57900
59201
59960
58281
58251
58600
58371
59021
57070
59011
59381
60500
58651
56270
57900
60671
59740
59170
58411
58490
56680
59761
58660
57821
57961
58550
58941
58101
58350
56401
58431
59410
58431
59190
57370
57801
58950
59160
60011
57790
58881
59761
59720
58561
58361
56680
58201
58611
57050
57931
57360
58150
57601
59040
59170
58751
58070
58801
57821
59300
58891
56731
59680
66851
61411
58480
58981
59590
58200
59321
57290
57221
56671
61790
57941
58631
57740
58331
57030
58490
58321
57590
56340
58541
58350
57940
58341
57080
60711
55031
61120
60431
59861
59480
60021
58441
57620
56341
57660
60420
58421
58330
56170
57251
57750
59111
58651
57040
58141
59441
58070
58651
57381
56490
59131
57010
60470
58861
58240
59940
58851
62510
59061
58701
58360
58831
58811
57700
57081
57820
58070
61911
57960
58320
56941
59920
62531
61711
57760
57961
59491
59960
60321
58761
58090
60001
57800
59100
57821
57820
58530
59661
57670
60260
56521
58210
58231
58981
57520
58191
57371
58030
58491
59220
58700
56621
59400
58590
59541
59130
56930
60031
60520
61571
57441
57110
58111
59071
56900
57981
57650
58540
58711
58980
59250
57441
58080
58091
60121
60040
57231
59951
59600
