111310 
44210 
38420 
41390 
37760 
39570 
39080 
40750 
36610 
36650 
38710 
38870 
38700 
36980 
36740 
37000 
38260 
37570 
38280 
37020 
37420 
39250 
37200 
41050 
36390 
35800 
40240 
41790 
38250 
37620 
36620 
36920 
37790 
39230 
38840 
35930 
35640 
38300 
39060 
38590 
39870 
35910 
38440 
38030 
40910 
38250 
37290 
40100 
38830 
38430 
34940 
36590 
37490 
37410 
38290 
39810 
36690 
39260 
38930 
37940 
38810 
36850 
36110 
39210 
36560 
38150 
36760 
35660 
37120 
39570 
38690 
36470 
36450 
39730 
47150 
39730 
36150 
37210 
37710 
39780 
38810 
35680 
36560 
37850 
38640 
36620 
36960 
36480 
36000 
41970 
50790 
40310 
36270 
35860 
37160 
41840 
38860 
40910 
38110 
39570 
37720 
38630 
37260 
36530 
37860 
38780 
38670 
36830 
34500 
38710 
39250 
38460 
35850 
35710 
37550 
37340 
35620 
37640 
36650 
36830 
37440 
38700 
37700 
39320 
36970 
42120 
40160 
38850 
36780 
35650 
37710 
36880 
37410 
36290 
35900 
37450 
47140 
40450 
37220 
38030 
37430 
39550 
36590 
35610 
35750 
36640 
39890 
42690 
37340 
36550 
36880 
39820 
38490 
38560 
39510 
35600 
37390 
38890 
39280 
35960 
35260 
37610 
37860 
38200 
35920 
36940 
38110 
39730 
36910 
36650 
37020 
37480 
37240 
38770 
38070 
36600 
35360 
38510 
38220 
38720 
36020 
35990 
38860 
39300 
37620 
37080 
36560 
38420 
37040 
37660 
35680 
37800 
37090 
38230 
36980 
38270 
40340 
39740 
40010 
37940 
38860 
35720 
45710 
39830 
37150 
38680 
36480 
36380 
39060 
39130 
38710 
36250 
35990 
37310 
37890 
38760 
36800 
38240 
36880 
38780 
37040 
39900 
38970 
35560 
39870 
39480 
38690 
45920 
40070 
38560 
37300 
38480 
35620 
35230 
37720 
38020 
37730 
36850 
36630 
39800 
38890 
38290 
38200 
35970 
36680 
40770 
36730 
38280 
39930 
38280 
38050 
38750 
38780 
37850 
36970 
37380 
39620 
37610 
36220 
35670 
37750 
36330 
37660 
34930 
36240 
37520 
37580 
37850 
36500 
35450 
36250 
37950 
38360 
37980 
35440 
36860 
37420 
37690 
37830 
35810 
35990 
36850 
37430 
37980 
36660 
36220 
37370 
38050 
37180 
36460 
36190 
39180 
39670 
37660 
37360 
36430 
38040 
44040 
37850 
37750 
37930 
37450 
38740 
38170 
39850 
36600 
34680 
37070 
37710 
36300 
35850 
35880 
37290 
38460 
37490 
37080 
35430 
39480 
41980 
39210 
36570 
38330 
38740 
37500 
38220 
37470 
36130 
37600 
36630 
38480 
36080 
38200 
38070 
37820 
37270 
38720 
40520 
36950 
38080 
39690 
38990 
36630 
36210 
41760 
38240 
37490 
38430 
39090 
37600 
39940 
37510 
37890 
37470 
37170 
36280 
41220 
39950 
36690 
36850 
36990 
37970 
38660 
35240 
35500 
37860 
39750 
38470 
35030 
41320 
37640 
39010 
36810 
37940 
36960 
36880 
40880 
39300 
36940 
37100 
34840 
36660 
36980 
37940 
35150 
37560 
37350 
36700 
38610 
37790 
36390 
36610 
38720 
38650 
36350 
37300 
36560 
38540 
38570 
42010 
37100 
36640 
38400 
37630 
39380 
39000 
36000 
41050 
38870 
37140 
36250 
36210 
37010 
38040 
38740 
36120 
36990 
36440 
37890 
37610 
35920 
36130 
37190 
39590 
40600 
36620 
36130 
36200 
39200 
36820 
36870 
36920 
36650 
37470 
36810 
37170 
35510 
35610 
37600 
38600 
40660 
35960 
35300 
38960 
38800 
37710 
36840 
34880 
38540 
39340 
37420 
38070 
36780 
37330 
40830 
37090 
38350 
36670 
36300 
37050 
37460 
35830 
35300 
36940 
38250 
37750 
37960 
37340 
35750 
36640 
38790 
37900 
36550 
35730 
38840 
38340 
39380 
35390 
36800 
36890 
38540 
36100 
79240 
39580 
37870 
36750 
39620 
37680 
37100 
36170 
37200 
38320 
37530 
36530 
37670 
39020 
39090 
38430 
38380 
35390 
43010 
39430 
38530 
36130 
36350 
37440 
39590 
39210 
41510 
38000 
38240 
38530 
37810 
37310 
35680 
35990 
38810 
37240 
37650 
35040 
35890 
38760 
37370 
37560 
37400 
36440 
36880 
39980 
38350 
37020 
35940 
36010 
42760 
40270 
37680 
36090 
36510 
36560 
38210 
38400 
39050 
38370 
38980 
37880 
39320 
37770 
36600 
37000 
38030 
38340 
37770 
37410 
36910 
36700 
37820 
39610 
36660 
36450 
39240 
38500 
37000 
37760 
35960 
37700 
37850 
37200 
36630 
37110 
35210 
38220 
37880 
35440 
35840 
36620 
38740 
40600 
35380 
34600 
38050 
39140 
38590 
36950 
35220 
36530 
41170 
36300 
36970 
35710 
39420 
39160 
41310 
38790 
35600 
37500 
38870 
38190 
38030 
36140 
38190 
38350 
42140 
42270 
37540 
36830 
35780 
38260 
38890 
35540 
36730 
36610 
38590 
38890 
36630 
35590 
36410 
37170 
38310 
38870 
35740 
36860 
38160 
39190 
37440 
38680 
36670 
38450 
39570 
37840 
36270 
38360 
36240 
40740 
36230 
36830 
36410 
54020 
45420 
37180 
38080 
36310 
37420 
40770 
39060 
38070 
38120 
37070 
39330 
39040 
40940 
37910 
38100 
38790 
40170 
38060 
39680 
36350 
38190 
37770 
37900 
37990 
35460 
36430 
38940 
37600 
38450 
35710 
36810 
36940 
37230 
38300 
35650 
36610 
36330 
36830 
37600 
38250 
39780 
37710 
38380 
36870 
36840 
35860 
41100 
38120 
38350 
36220 
41450 
37880 
38450 
38220 
37900 
36800 
39060 
36380 
38760 
37540 
37720 
35870 
37550 
40150 
38650 
38320 
38350 
37800 
36860 
40250 
37260 
36220 
37850 
41560 
38660 
36780 
36090 
37350 
39700 
37220 
37780 
43860 
37960 
38640 
37220 
38010 
38040 
36030 
40100 
41070 
40070 
37390 
38110 
38240 
37160 
37480 
36640 
36690 
36740 
38640 
38580 
38820 
37460 
38280 
38620 
41230 
36980 
36950 
37170 
38650 
40200 
40050 
36320 
36040 
37970 
39220 
39690 
36190 
37890 
37630 
37880 
38840 
36640 
36060 
35960 
37850 
37440 
37510 
35280 
36200 
38890 
37640 
36770 
36100 
35350 
37550 
38990 
36730 
38540 
35890 
41520 
38710 
39260 
36550 
37880 
39390 
38680 
39390 
36470 
78040 
43610 
38370 
44100 
38870 
36370 
38080 
41560 
39250 
39670 
37660 
39650 
38020 
39610 
41650 
36720 
37700 
41270 
40230 
39820 
36310 
37070 
51420 
37750 
37990 
36730 
37770 
36420 
39330 
39340 
36900 
35360 
37630 
39310 
37560 
39150 
36600 
37730 
37110 
39330 
37120 
37600 
39250 
39010 
37690 
37920 
36880 
35340 
36740 
36630 
36460 
39240 
38180 
37560 
38850 
39560 
53630 
43660 
37570 
39820 
37800 
36760 
36000 
38010 
39050 
38390 
37800 
38000 
35860 
37710 
39440 
40020 
38100 
35130 
36690 
38070 
38960 
35800 
36060 
37460 
38370 
39250 
38340 
35750 
35900 
41860 
37480 
37500 
37280 
37100 
38520 
40590 
38900 
37610 
37840 
36960 
38600 
38660 
36970 
36860 
37200 
38740 
38540 
38420 
39240 
41060 
41350 
40220 
35730 
36380 
36880 
38590 
36570 
38960 
37830 
36680 
35600 
41260 
38930 
39370 
38300 
38100 
37930 
38480 
36480 
35760 
35890 
37950 
38250 
35960 
39930 
38410 
38270 
37940 
36520 
36120 
36870 
39110 
37560 
37860 
36900 
35120 
41990 
40090 
39130 
36880 
37030 
38520 
37940 
36720 
35390 
36250 
37020 
38220 
43910 
38470 
41470 
39150 
37780 
38800 
36630 
37240 
34470 
40700 
35820 
38240 
36500 
39650 
38550 
37870 
38400 
37410 
35990 
36170 
38360 
38170 
35610 
38850 
37750 
37930 
37020 
35500 
36630 
40300 
38980 
40130 
37050 
36040 
41530 
41580 
38650 
37920 
37080 
38880 
39260 
39350 
37330 
37130 
36320 
40290 
38310 
37170 
37780 
36080 
37140 
40980 
37990 
37130 
36650 
37050 
39700 
37130 
37760 
35740 
37480 
38500 
39710 
38560 
38130 
39340 
39660 
39300 
38190 
36850 
37510 
36110 
37620 
39360 
36680 
36020 
37850 
37930 
36850 
37110 
34720 
38780 
38040 
37860 
36440 
36820 
37340 
39040 
38340 
38910 
45420 
40710 
39170 
38460 
38190 
35980 
36290 
38300 
38350 
36900 
38500 
34460 
39190 
41540 
37620 
37450 
36770 
38620 
37840 
37780 
37730 
36800 
36200 
38210 
37920 
40620 
36770 
36530 
37070 
36940 
37070 
37360 
36450 
37870 
39110 
37840 
37340 
35900 
38650 
37410 
37890 
37150 
36770 
36950 
37670 
39580 
37270 
35930 
37240 
38850 
38940 
36510 
36200 
36640 
38400 
39110 
37680 
36420 
35870 
38120 
36160 
38980 
39030 
37550 
38260 
37590 
38470 
35700 
36870 
36580 
38590 
39900 
38130 
35770 
37100 
39440 
39570 
41430 
36870 
37250 
37340 
37840 
37580 
36220 
35520 
36290 
38690 
37920 
36430 
36970 
36550 
38980 
39400 
35470 
35200 
36310 
39090 
38250 
37680 
38580 
37290 
41220 
37080 
39130 
36180 
35130 
40810 
39470 
40250 
36800 
37690 
38320 
39760 
42280 
37720 
36640 
36590 
38180 
36910 
37060 
36520 
37050 
38590 
37540 
38900 
37270 
38710 
39780 
36330 
38110 
35730 
39990 
37630 
38800 
52350 
36920 
36620 
36470 
40800 
37830 
36900 
36800 
37660 
38720 
38040 
37570 
43360 
42850 
41130 
38910 
38230 
37930 
39570 
39150 
36800 
37180 
36090 
36310 
36720 
41080 
37970 
36970 
34500 
37140 
37110 
36510 
37840 
36350 
36350 
38360 
37990 
38200 
38410 
39340 
37510 
39760 
39920 
35420 
38440 
41980 
37830 
38080 
36570 
37330 
39950 
36650 
37710 
36140 
36780 
37820 
37200 
38150 
35600 
36410 
38190 
39070 
38870 
40100 
36970 
39310 
38790 
39800 
37500 
36920 
37370 
39160 
37450 
38190 
36850 
36820 
36430 
38270 
38000 
40030 
37410 
38080 
38390 
38560 
36800 
36470 
37830 
38250 
38140 
35120 
36500 
37190 
38500 
39920 
35840 
38440 
37700 
39370 
36690 
36560 
37390 
34850 
37780 
37260 
37650 
36330 
35960 
37740 
38200 
38590 
36720 
35710 
38540 
38700 
40820 
37450 
37330 
38060 
40780 
39540 
36890 
36280 
36090 
38470 
36400 
38040 
36210 
35690 
36960 
39130 
38080 
33920 
79190 
41620 
38810 
38670 
35900 
34380 
37440 
38010 
38340 
35740 
37880 
39120 
42320 
43190 
37360 
37240 
36700 
38570 
36710 
38050 
35870 
36650 
38090 
38010 
40410 
37650 
37630 
37940 
38160 
38990 
36320 
38020 
38470 
39960 
48530 
46650 
40260 
37490 
38520 
37160 
36900 
37030 
35490 
38420 
36370 
38190 
38000 
39990 
36960 
39530 
42250 
37960 
36020 
37870 
37650 
37410 
36360 
37320 
35850 
37700 
39470 
38490 
35690 
41810 
38460 
38620 
37350 
35490 
37240 
38470 
37900 
37780 
37470 
39190 
37460 
39650 
37660 
36020 
36910 
37440 
40520 
37590 
41010 
37380 
39300 
40150 
38830 
38780 
36180 
36750 
38110 
37740 
36890 
35760 
37210 
39360 
37170 
36770 
36590 
36920 
37330 
41840 
38930 
38260 
36120 
38150 
38460 
38440 
36730 
35760 
38160 
39010 
39340 
37010 
37690 
38570 
36050 
38380 
35920 
36870 
37170 
38810 
37120 
39750 
37500 
37090 
37580 
36800 
37440 
36680 
35770 
39390 
38290 
38610 
37690 
35840 
37370 
37380 
38570 
36720 
37020 
38100 
38240 
38740 
36870 
36770 
36960 
38680 
39440 
38930 
37340 
35890 
37560 
52020 
40130 
36750 
39070 
37970 
38890 
41170 
37310 
38370 
39640 
38800 
38920 
36470 
37650 
35920 
38280 
42060 
37430 
35900 
36580 
39270 
38020 
37000 
38590 
37050 
36680 
38980 
39490 
37390 
37260 
39190 
37390 
41200 
37690 
39040 
38150 
38540 
38590 
37050 
36470 
37070 
36810 
39990 
37350 
38630 
39080 
40480 
36150 
39060 
36620 
35290 
39510 
39430 
38050 
35890 
37390 
37110 
40770 
39280 
36340 
41600 
39420 
42360 
39930 
38280 
36630 
37380 
39110 
37890 
38650 
36800 
35410 
39000 
37580 
37070 
35460 
36820 
39010 
40060 
37940 
39600 
37760 
37420 
38800 
38200 
37420 
36740 
37680 
37680 
36910 
35940 
36050 
40530 
39000 
36560 
41010 
37120 
40300 
39560 
37040 
37680 
36220 
40560 
36910 
39160 
37200 
37200 
37280 
39750 
39350 
39880 
35420 
36870 
37310 
38530 
38110 
37180 
37190 
38040 
38160 
40610 
36540 
35490 
37770 
38370 
36750 
37870 
37140 
39250 
50420 
40150 
37870 
35810 
34420 
37310 
37320 
37560 
47400 
42380 
38670 
37160 
38290 
39510 
49470 
43560 
41320 
37910 
36900 
35110 
36500 
78780 
41800 
37860 
42300 
38120 
37090 
40880 
37560 
35120 
37060 
38860 
37960 
37500 
39380 
36400 
38580 
37170 
39300 
37490 
36480 
38480 
38100 
37110 
36910 
36330 
38680 
40700 
36970 
37010 
35570 
38130 
38250 
37940 
37510 
36840 
36940 
40540 
38540 
38340 
40570 
41280 
39030 
37720 
39310 
39580 
40190 
42550 
39850 
38040 
36450 
35450 
37520 
39370 
38190 
36760 
36280 
37910 
37890 
39600 
37450 
38380 
38870 
38500 
38300 
37840 
36220 
36020 
38370 
37960 
36250 
40290 
37580 
36120 
38770 
38770 
37400 
36600 
34970 
39810 
37450 
37910 
39520 
36820 
37620 
37640 
37700 
38300 
35240 
37520 
37870 
37540 
35420 
34440 
36880 
36950 
36610 
36420 
37220 
36600 
37300 
37730 
36410 
39850 
36220 
38110 
36910 
38310 
36820 
36830 
39020 
38500 
39590 
36420 
36820 
41090 
39210 
40100 
36060 
36650 
37640 
37500 
37600 
36780 
36780 
35420 
39030 
37660 
36820 
36310 
37380 
38880 
35380 
37480 
36020 
35040 
37030 
38810 
38170 
35480 
35250 
38790 
41650 
36900 
37570 
36050 
37840 
37380 
37200 
36670 
37270 
38030 
36980 
37480 
36340 
42490 
35470 
39230 
39120 
37910 
35770 
36570 
39790 
38750 
36570 
36210 
35920 
44170 
40090 
37490 
35750 
35560 
36220 
35850 
42270 
36520 
35820 
40690 
38300 
37750 
35810 
37290 
35430 
42990 
38190 
36790 
36390 
39280 
41620 
37620 
36830 
36550 
34800 
36940 
40250 
37040 
35740 
36020 
37150 
42210 
38370 
36590 
35590 
37100 
38140 
41370 
37220 
36200 
37870 
38850 
39550 
38880 
35760 
37070 
39070 
38620 
41090 
37610 
36110 
37550 
38510 
37890 
36270 
34820 
36500 
36770 
38390 
36380 
35830 
38080 
37410 
38050 
37690 
37680 
34430 
38270 
37350 
36960 
37070 
36010 
36390 
38550 
36970 
36500 
36980 
37550 
37700 
39920 
36580 
36210 
40300 
41750 
37380 
36650 
37010 
36810 
37760 
38820 
36400 
37330 
36260 
37780 
36170 
39790 
37880 
36050 
37420 
38660 
37420 
36550 
44490 
40330 
41990 
38910 
35880 
36430 
37130 
38760 
37440 
36660 
37640 
36250 
37070 
37270 
37280 
35230 
35840 
39060 
36640 
39840 
38420 
37530 
38890 
36690 
38190 
36640 
37000 
37130 
37490 
38470 
38120 
37890 
38200 
38540 
38720 
37280 
35550 
36940 
39050 
38250 
36670 
34730 
37600 
38480 
38060 
38090 
35790 
40010 
36860 
38350 
37290 
36160 
36730 
36830 
42710 
37560 
37050 
36640 
37990 
37620 
55140 
40460 
36270 
37490 
39560 
38040 
35500 
35420 
37680 
39680 
37980 
37670 
36090 
36410 
37940 
37770 
36110 
39940 
37010 
36880 
39790 
39150 
36570 
37160 
37370 
39230 
37450 
36600 
35940 
40450 
37460 
38260 
36720 
36220 
39440 
40270 
36830 
41370 
36750 
36960 
36670 
43970 
37900 
37370 
36530 
36190 
40320 
38170 
38110 
40230 
39430 
37300 
41700 
37380 
37080 
38730 
38040 
40040 
37230 
38070 
36620 
38600 
37090 
39330 
36420 
35660 
37740 
38550 
42760 
37800 
36050 
37660 
37850 
39270 
