55240
28930
26561
27170
26020
25170
25990
26960
26041
26440
24660
26330
24910
31280
25790
25391
79360
81950
84670
82691
81181
79271
84570
84650
128991
101501
97501
101241
100200
103650
95360
97401
103231
103741
108611
102210
95290
99000
97831
103891
98301
96210
95360
101331
102451
99391
98291
97510
102500
104920
114271
87881
78091
79760
81120
85240
78390
78211
79881
88361
84170
155721
124131
109061
91101
85271
77560
87960
78550
74980
80461
78451
76660
77030
80010
81750
80351
75081
75081
79870
76100
80420
77120
108501
93951
97760
84430
78040
77810
86521
79271
82190
79490
95760
101611
98671
105501
104150
101150
95570
103350
143821
102901
102471
96670
103450
116651
112511
101151
102131
102060
102990
104390
192641
99601
94921
94960
101270
94350
97370
95241
78661
78971
77730
75560
73750
79700
81411
81901
78880
77700
151341
118581
100731
83341
76131
74920
81160
78220
72530
73701
75911
74450
80030
78670
75060
72911
77291
79220
76160
75200
75070
75451
79861
76580
73980
76530
80460
78431
79311
79781
74350
74550
122311
114111
94391
94701
97430
92100
105261
94161
93051
92431
98940
102680
97400
96840
94611
96691
100480
140360
93350
94150
98311
98861
103291
99810
93140
96230
108751
80671
75321
74480
78790
76530
82300
75901
82341
79281
79300
151561
110621
96701
82201
81261
80490
76260
75590
75960
77781
78381
78440
114430
73930
74380
77051
79491
74180
74920
79040
71350
82211
68521
71531
68200
74270
74380
76881
70901
69781
74050
72740
113551
84720
85871
111661
101570
94010
90750
84460
91031
89581
91280
151290
90050
90810
87971
93111
93411
85790
84680
88080
94831
91941
90421
86830
95060
97430
105381
77601
69311
71301
72330
74370
70180
66080
76161
73351
73750
138401
119011
94481
87381
76091
70460
67710
69780
71980
72361
70141
68541
66890
71630
72200
74791
68541
69951
68760
71000
72120
69030
66861
69841
70941
76230
71720
69310
72801
71951
75441
69070
255291
84370
90431
91911
89831
87290
90660
95861
93191
91231
91131
88560
93440
90260
89481
87161
85881
90980
91850
96580
89240
85581
88961
90801
93520
87790
98730
78870
72851
69991
72510
70890
69180
70930
77961
78251
70991
117120
119710
108211
95981
75531
69871
68400
73060
73110
69430
68161
69831
67890
74830
69820
71600
69661
70911
73341
70680
71820
67950
73801
71331
70531
69870
75280
87140
74430
73651
71171
67420
78420
104611
88851
88971
90201
89730
87120
92000
89241
87011
86601
93551
94000
91810
90320
87491
92031
95671
90680
83190
91570
93151
90061
91391
89470
83640
92440
93641
72611
69471
69131
71510
70210
74350
72290
74401
69471
75200
125270
107410
93461
74811
73881
74090
69650
68730
67070
70491
70571
72261
69750
69540
66620
74541
72441
213422
68840
67920
69040
73150
68921
68701
68240
74590
75840
76220
70351
67491
73120
72880
112260
87961
86601
93001
94801
89520
91880
86280
88351
92901
92281
91030
86020
89800
91271
93641
87971
87860
87570
88760
96080
90191
87751
87551
92770
91440
102551
74211
68271
72631
71530
72310
67650
65850
74751
76601
76021
140731
111300
98171
80391
75241
70861
71460
68930
69380
77000
72681
70491
68310
82860
80430
77190
73841
74491
77040
76350
77560
75480
75141
79921
80631
81840
79540
80590
81151
78661
82401
77710
122230
92530
97901
104901
98971
96880
95530
100690
102681
99451
99521
94280
100720
104260
90080
98141
99461
99051
101910
102940
100011
94211
100071
95361
102510
101210
111320
79420
76821
82241
80011
75730
75320
78270
85451
83401
77411
151071
133461
106971
93891
79791
218822
79040
79010
77010
74690
75281
76851
74990
79370
75780
74840
72591
78811
79250
76480
73600
72770
76441
78981
76281
77730
78370
84220
82330
80041
77551
75650
121430
99261
101131
96961
98361
98180
98220
110651
97731
96431
100261
98610
102250
98060
98810
92171
100211
101801
99090
98820
94430
101521
101561
103681
99030
96000
112360
88350
82041
75661
76641
83410
74940
81620
77250
80251
79221
120570
132790
107691
97501
79671
83851
86401
81560
79660
75150
80571
80871
79251
75730
75760
78140
81490
78001
75351
73820
76480
75430
82341
75061
75001
74830
79090
81510
78240
77561
74571
79031
84950
116560
97390
96841
105021
100421
100650
97000
98960
100041
101781
104201
88170
103990
99920
97311
104021
95401
98570
97080
97130
101791
96501
96881
95571
101230
105910
103460
76751
75931
81661
79630
80750
77170
78640
227971
81891
84480
151321
115790
97841
82651
83361
75391
74640
74520
77290
76650
76191
74131
73561
78220
78570
76890
74811
77261
79160
77160
79690
79020
74831
75821
77671
83420
77670
77560
78221
76591
82421
77460
120000
94800
97111
102491
96651
95461
97070
101350
90840
100951
96171
96561
99550
101590
101790
96751
96221
97011
105320
104060
94720
96201
97431
97771
104080
94410
110500
80390
77411
78941
79061
76100
78000
78250
87171
82091
80361
150421
127271
108191
91071
81011
70621
82650
78820
79170
73660
73671
76041
74910
78560
74860
75780
73231
79361
77671
77200
78140
77410
77551
80721
76941
77400
76210
85290
81110
85731
77771
75971
129301
100270
101521
95391
95551
85831
94640
105060
98300
98131
88961
178771
102690
98880
97710
93821
99731
104801
100830
96600
94120
106551
100211
99991
95941
95070
113110
84630
78861
75691
76171
80020
74600
84110
82291
79441
75791
150221
137651
101710
84350
79741
82201
79200
77050
74630
78640
77000
77491
82501
74590
73880
75780
79181
80431
75751
77230
77370
74090
79040
74701
73521
76521
82410
82080
79340
74771
77871
79661
271311
96770
96800
96251
103261
105401
103180
97710
94440
98401
102751
105041
97820
98450
100640
100731
106171
98321
96101
96540
101740
104301
100721
102281
96831
103520
111410
89810
79840
73921
81111
85110
83460
75800
75500
82221
85461
89671
137960
110160
103051
82751
83321
75651
77020
77230
79250
79430
80161
76291
75900
78580
80210
78890
77041
76091
78181
77900
76600
72850
76860
75941
81561
82430
78120
77520
80900
77191
82591
75920
117920
100580
91681
107381
102301
100061
101560
104100
102681
105391
99741
99181
103510
102630
100880
98441
96851
100121
104020
103700
98230
95131
98691
98291
105290
99960
106060
79210
77200
84011
81141
78690
74840
83310
84301
86201
79471
151700
129261
106131
87631
78051
75021
75871
80010
78660
75570
77261
76921
76871
225161
77500
74630
73510
81741
77641
77170
77230
77440
78940
82871
78311
77060
77270
82260
80610
80661
78771
77131
124520
101700
106011
101031
98221
99711
98130
106130
97660
98161
101211
102261
104920
100720
104010
94711
102541
104661
102200
98420
100050
100621
101231
102061
95190
93620
111680
82570
79270
76311
78601
77950
78790
79240
77170
82741
78491
153701
131981
107000
87560
78061
81811
80511
77540
75030
73480
76500
79941
78581
75530
74660
75600
78650
79711
73401
74400
76970
75470
79000
75401
76911
77101
82150
79460
78570
79390
75601
78881
131341
96240
97240
94931
100181
101471
96370
95730
92700
98211
99921
100901
99240
96290
95450
95571
101791
95701
96621
95560
97680
106831
97701
95961
95481
100980
118471
82190
76490
73751
81681
81251
80170
74380
80930
78101
81261
141930
135491
245501
97730
79381
81861
76001
74040
75270
80020
82241
77411
74391
74760
77120
77250
77870
75681
72641
76111
78320
78040
73510
72650
75891
107111
86770
83710
78010
72380
79461
80891
109740
94280
96430
100031
105611
95961
98491
93640
99000
102561
99731
96431
95911
100620
101360
98910
98251
93631
97711
101360
105520
99090
93541
99121
95421
102060
101360
93070
79620
77631
81541
80771
77030
75680
80750
83811
84181
76141
133800
115330
101680
85570
75031
74991
75690
84980
78340
75010
72650
76141
75950
83220
74460
78590
73730
76241
78381
75200
74950
75610
76381
80131
77251
78060
76870
81630
79210
79451
75801
72881
116090
100630
102071
97151
97511
99581
96330
103850
95890
96581
97691
97441
101650
94620
95550
172501
99351
103921
100900
97700
96870
98390
101401
100441
96900
97390
105560
82900
73990
80011
77331
76760
75580
88630
79150
78231
76511
153151
123990
98040
83030
75311
78471
78280
79750
76010
75580
78901
78031
78731
74620
75480
75370
78491
80251
76321
73630
74920
77460
80920
75831
76631
80060
79250
82050
77570
76150
72421
78881
128000
98480
96050
98101
100491
100831
100650
98520
133061
101091
103241
99941
95150
93780
100150
96331
104231
97301
98441
95780
96150
105221
99671
98051
94941
99600
115210
83700
75710
74051
83011
81760
81700
75200
80300
82731
83801
147080
129770
164021
90910
79181
79811
76711
73690
74570
79300
77060
77541
75551
74151
77900
77420
78010
75741
74471
76220
78990
79160
75360
73930
81111
81901
83750
82290
78870
79300
75501
79861
125660
93210
95820
99171
102601
98781
96831
93860
102430
99880
99471
95891
96601
100930
102820
100780
99431
97891
100031
101930
105630
101110
92731
97451
96351
103790
115190
81450
208641
77691
81561
80091
77000
74020
85190
81901
81381
151300
119160
104630
97090
84120
78951
76331
76020
82040
81500
77350
74901
75241
75181
80720
76750
73380
72800
77281
77971
77020
74380
74140
76960
78291
80781
77700
81200
83880
80720
82191
77241
99021
102730
96780
94020
89181
86551
89311
86310
92540
87410
86021
86991
89491
93590
89670
87250
86501
93071
90901
92080
91840
97630
99981
100071
107351
97300
97890
94460
81560
80451
77011
135601
140070
123270
97110
84951
81561
77501
132900
118620
99500
82550
75621
79171
78591
80420
75510
72160
77391
79131
79131
78050
74090
76300
78510
78371
75151
73271
73320
73890
79370
76911
76281
77101
80470
80150
77880
77231
74671
79141
121770
100090
97821
95011
126501
102991
99120
96690
97880
100861
102801
101431
97730
97020
97180
94751
101171
96271
94161
94940
143461
102830
98421
98151
96601
100740
110620
81530
73450
78041
80061
81780
80190
78570
79850
79001
81661
148590
124090
99480
83920
74480
81741
74991
76040
73380
76000
80800
76081
74851
73901
155900
77700
77490
78031
78431
78761
78970
78570
75430
74580
76501
82061
79910
78700
76790
77910
78131
81701
123860
96580
93410
99231
102591
98171
98551
95920
102280
104401
99741
96901
96581
101460
99030
100970
99361
94651
99031
101200
102400
93890
94491
101331
95231
101101
111260
80940
77100
77740
82691
80061
76810
75530
86140
85951
82821
150820
128220
103640
90280
82040
74971
75111
218282
81830
78840
74470
75330
74331
72861
79440
75620
74480
73850
77011
78391
77880
76750
103010
82140
84161
80081
75480
77890
81550
80340
78871
76491
123551
94280
100350
103650
93121
95551
97631
98160
102820
94870
95311
95261
98161
101790
97870
99170
94350
108281
107481
98871
96410
102100
100411
101791
100861
97061
105700
89260
84350
79630
80031
77441
77650
74510
85410
78850
78311
150061
137150
103950
95470
82050
76991
81811
80141
76010
75360
75310
76370
76751
78591
74471
76010
76620
78980
79881
78371
74371
76790
76990
80630
75940
78621
76301
80600
84860
79110
77700
76541
116051
99880
99830
101930
96691
100061
92831
104540
98160
95440
96590
103581
101111
93601
96580
98010
93310
102521
96021
94931
95860
99940
103090
97621
101871
97851
100720
93360
80550
75310
235281
90361
84341
82680
81530
83050
83801
86941
141541
119420
101380
90250
80550
86101
79671
81880
80920
81380
86820
85871
83841
78811
81700
83740
84100
79701
78621
82281
82490
83710
79950
80430
82011
85501
84220
81170
80430
82540
82571
84661
120270
101960
100650
102670
111421
101981
102531
98260
107040
110010
103261
100311
99121
104770
106700
101910
100751
100731
100701
108150
105520
99260
99970
101421
99951
108750
115050
81590
78220
87170
85201
83571
81400
82510
90850
86701
87131
135131
128600
109360
90670
81540
82071
77841
81561
83590
82880
80400
79390
82341
78391
88560
82290
78820
79170
82721
83941
81580
81010
82700
82640
83551
85341
81291
81300
85730
84470
83291
81311
131401
103280
106740
107780
102991
103311
104581
97980
109940
99690
101850
106071
104011
105961
105030
105020
98860
105071
109451
104771
101830
249921
103880
106661
106001
103631
114960
85820
85930
82750
81291
81761
86451
78340
96060
85510
86081
153701
133360
104440
98160
85430
79360
83611
83001
82731
80150
78330
82950
85091
82611
78701
77790
80980
82550
83390
78731
77491
82250
79760
86290
83100
82601
82041
85981
88430
84020
81050
80731
134711
105211
104180
100200
99700
107381
104781
106121
102240
99700
103900
106911
105971
103431
102430
105340
102530
111331
102751
101541
99921
104050
107790
103930
103561
99921
103771
87080
81430
77040
81350
84941
85151
82270
85400
80480
84320
149171
132761
109690
99090
90630
84510
86611
82421
81381
77870
85830
85930
80680
80091
79321
81380
84110
83480
81020
77031
82341
81751
82430
78760
80480
83711
85721
90991
82070
80310
84840
81691
111411
99021
99930
100620
103070
105841
101931
102051
98470
105310
104600
105021
100711
98551
260161
101620
104690
105031
102241
102031
107811
107420
101040
102150
108361
99501
108801
97570
82910
78850
82280
85561
84471
81531
79170
88580
87390
