99790 
100400 
97530 
101570 
105280 
98840 
104930 
100190 
97780 
104030 
97330 
99280 
103460 
87860 
93740 
97620 
103040 
80270 
82230 
84180 
83150 
87130 
80730 
81410 
83130 
84110 
83540 
81360 
83900 
86110 
90280 
74900 
73490 
78480 
82410 
83840 
79340 
78720 
77210 
82480 
79360 
81410 
81580 
85180 
87620 
78540 
81240 
81580 
82860 
80560 
75020 
82550 
84260 
83720 
86360 
83520 
87850 
87840 
83840 
80590 
86420 
84850 
75790 
80920 
81810 
75240 
81980 
85440 
82150 
80940 
85190 
81020 
88160 
83040 
77800 
82220 
81500 
82700 
79330 
82020 
81340 
76960 
83520 
85070 
84760 
80850 
82580 
85330 
79980 
81500 
82050 
74310 
83730 
83380 
82960 
86320 
81910 
85270 
81440 
80770 
83910 
75690 
83680 
85150 
82100 
83130 
84370 
84400 
81680 
81380 
81220 
82240 
82160 
71870 
82690 
85790 
83570 
83070 
83830 
91460 
81370 
74830 
85920 
80060 
90200 
82510 
83320 
82080 
79950 
81700 
81010 
81240 
82450 
80540 
80190 
82790 
90260 
78560 
79310 
80910 
83530 
87870 
82320 
80550 
74390 
87810 
80680 
83430 
80400 
78970 
84400 
74420 
79220 
81650 
81040 
85970 
85630 
80140 
82070 
81990 
83600 
86160 
78600 
83180 
80710 
81690 
81750 
86510 
80270 
83810 
77040 
85870 
83950 
87060 
82150 
88150 
80770 
89960 
85850 
77130 
84660 
81660 
82000 
82410 
81530 
82010 
79870 
82450 
76770 
81830 
80200 
81290 
82400 
80830 
76750 
79420 
86160 
82660 
90210 
82620 
88080 
82160 
88960 
78160 
81150 
90650 
81480 
85450 
75970 
76990 
82330 
84900 
79480 
84650 
82710 
79750 
84410 
74540 
70240 
81620 
78840 
83530 
78780 
83130 
77690 
84910 
72900 
82710 
81310 
86700 
84000 
82910 
86600 
79870 
78220 
81550 
82230 
85520 
84180 
77080 
74240 
78070 
82110 
80220 
80000 
82600 
81570 
84140 
82720 
86110 
76120 
83180 
72650 
80560 
88850 
79550 
76040 
86320 
85830 
79470 
86120 
88540 
83660 
79230 
78620 
81600 
80550 
81410 
82620 
80590 
75310 
81770 
80610 
83090 
75370 
82660 
76050 
80740 
74930 
82510 
80570 
84510 
89820 
81210 
79860 
81140 
77820 
84900 
83230 
84780 
82140 
90900 
79400 
81560 
81000 
82430 
82530 
81100 
74970 
87710 
82580 
76150 
83930 
83550 
83410 
81620 
92160 
79980 
80800 
87130 
82680 
86090 
79930 
82180 
69830 
79700 
90030 
83870 
80530 
83730 
80860 
81990 
80970 
81800 
82050 
84240 
82810 
80860 
83010 
84340 
82590 
80950 
82320 
86060 
79900 
83470 
79140 
81610 
90250 
85820 
80320 
88530 
81470 
86880 
81100 
84670 
86150 
82580 
81600 
81760 
84940 
84360 
80510 
85570 
84940 
79360 
84890 
77400 
79090 
81940 
81800 
83730 
77860 
78840 
78490 
82970 
84890 
82740 
80090 
83190 
81720 
83240 
81410 
87750 
79910 
87470 
82900 
79190 
80530 
73750 
85450 
82090 
82780 
84970 
80110 
83940 
82820 
77800 
73120 
81440 
77660 
80100 
83730 
81620 
77940 
85410 
83110 
83300 
71160 
82960 
78500 
79730 
75570 
83440 
84270 
84390 
82060 
81440 
86720 
82640 
81210 
79780 
87160 
83890 
90910 
81870 
83610 
80950 
92900 
83000 
76330 
75520 
85170 
83180 
83940 
82870 
85160 
86110 
83120 
82770 
83940 
89540 
82580 
83790 
85130 
76420 
84390 
86860 
85210 
78040 
76590 
81840 
83150 
82320 
83920 
84330 
77300 
78530 
82940 
79020 
84420 
83110 
84150 
81140 
72030 
84190 
83390 
85880 
79370 
81920 
80110 
79700 
82280 
82010 
81170 
83520 
80890 
81880 
81470 
80140 
81540 
85940 
91190 
81450 
84170 
83650 
89680 
81860 
81390 
81880 
77020 
81210 
83750 
83850 
83500 
80910 
81190 
78670 
83030 
77920 
85010 
81080 
83210 
88620 
81340 
88620 
77920 
82010 
87270 
85850 
80050 
77760 
80570 
78110 
83820 
79870 
83830 
82550 
82450 
83220 
73360 
82120 
80690 
81070 
82940 
82300 
90580 
83290 
80620 
87420 
77730 
85480 
85650 
82280 
84550 
83060 
89190 
82150 
82430 
81440 
86710 
80990 
82400 
106400 
81940 
79850 
81660 
82360 
70690 
75260 
80490 
86460 
80580 
87730 
78820 
90600 
85050 
83980 
82080 
81480 
84320 
84930 
83590 
87580 
77630 
81480 
87040 
84610 
83620 
78010 
78510 
81180 
82490 
79320 
81880 
79690 
79070 
78930 
80310 
85040 
74210 
84480 
71740 
84120 
78530 
83750 
86050 
81250 
81570 
84090 
83310 
78610 
82450 
86320 
78340 
83000 
83130 
84480 
84280 
83940 
84100 
79550 
82890 
86280 
79100 
78910 
80580 
77420 
83400 
84770 
83050 
81230 
83380 
81170 
82210 
74940 
83330 
103680 
81440 
85810 
80960 
92740 
80660 
80340 
84490 
81300 
83300 
80520 
82740 
80000 
75310 
80020 
82100 
77210 
80590 
81660 
84720 
79070 
81730 
81940 
82180 
84370 
80160 
84180 
75170 
83830 
80250 
83170 
83030 
80780 
83410 
73920 
84620 
80780 
79160 
79320 
78530 
83040 
80470 
82220 
82880 
88010 
81170 
81580 
78740 
82350 
82070 
80380 
81500 
76560 
80940 
79210 
81500 
84540 
77860 
78320 
83140 
83420 
80250 
77960 
84620 
80670 
80610 
88540 
83560 
89670 
79450 
84590 
81870 
85110 
79770 
81550 
86060 
78360 
84890 
83120 
82600 
82560 
80430 
81290 
82240 
83070 
80670 
80760 
80010 
81070 
81680 
83650 
85940 
82490 
77480 
78850 
82850 
69380 
91180 
82400 
81560 
81440 
73780 
84210 
71030 
81200 
86790 
84180 
80170 
73230 
81700 
83560 
80840 
84610 
73910 
83050 
81850 
80750 
80330 
74260 
86860 
79990 
82730 
77470 
82150 
80210 
80580 
83710 
76840 
80050 
83760 
76660 
84320 
79490 
71610 
84900 
78710 
79760 
82060 
79190 
87210 
79740 
74430 
82390 
71170 
87340 
84930 
83920 
81420 
87490 
74280 
77930 
80060 
83140 
84720 
81920 
90130 
77570 
77280 
86710 
83460 
82820 
86700 
81340 
82190 
79550 
84520 
75640 
80450 
83750 
79340 
86810 
78580 
82480 
75780 
85730 
81320 
80460 
81060 
82950 
84940 
76650 
74950 
83310 
80860 
81670 
79250 
98190 
83970 
78510 
83790 
90280 
80540 
77100 
83360 
83470 
84250 
86700 
87240 
82640 
80660 
87200 
85040 
85290 
87130 
84650 
82600 
82480 
88040 
81120 
80520 
79530 
83760 
82420 
75770 
82320 
79230 
85790 
86550 
82920 
83640 
83970 
81620 
79760 
85400 
87310 
90040 
87610 
85380 
88550 
87570 
86050 
85430 
83180 
83780 
83050 
80040 
80950 
74830 
83880 
73130 
84210 
78440 
81840 
83270 
80260 
82400 
86450 
89760 
87450 
84980 
85230 
81100 
81720 
83060 
84090 
85720 
79930 
83470 
77320 
80670 
82390 
83090 
86470 
84790 
80520 
81480 
87680 
78920 
82910 
82590 
80520 
80750 
77670 
83970 
82710 
86820 
83060 
89050 
80650 
90370 
82240 
77110 
80710 
74640 
79420 
82420 
82340 
82580 
81030 
84770 
82830 
83550 
82690 
81180 
80780 
84340 
82780 
72930 
77770 
77780 
80030 
81640 
88020 
81340 
82400 
83150 
82940 
81090 
80700 
90400 
84900 
75300 
79400 
81110 
83370 
81130 
88180 
82770 
81210 
81200 
88400 
83650 
80930 
84500 
80700 
81160 
84070 
83700 
82380 
91190 
84090 
89210 
79470 
85100 
81600 
79900 
82580 
81320 
78230 
74090 
82270 
84350 
81660 
88360 
84150 
88030 
73780 
82810 
78460 
79420 
82590 
82240 
82070 
84490 
83870 
84020 
76790 
85800 
82440 
82580 
105440 
82570 
80730 
81790 
81960 
87090 
85440 
82750 
81480 
86440 
79370 
87430 
84280 
88260 
84100 
79440 
83900 
87650 
83090 
85050 
85690 
85770 
80280 
82370 
85020 
82260 
81230 
84080 
86190 
82520 
83130 
82140 
80060 
81090 
81740 
80880 
79600 
80420 
84830 
85810 
84000 
83710 
84440 
88290 
88640 
84290 
85080 
79520 
84750 
80890 
105080 
86910 
85530 
85430 
81230 
83770 
80860 
85490 
82920 
84920 
83460 
81930 
85210 
83970 
76220 
83270 
79830 
81540 
81420 
88710 
89870 
76710 
81240 
87850 
84980 
87280 
83520 
76720 
81400 
86700 
81580 
83550 
82170 
89120 
80000 
85270 
80520 
83100 
89680 
73540 
84140 
75010 
81200 
80460 
87360 
80760 
77780 
86930 
86230 
84520 
83760 
77400 
90400 
79830 
80470 
81760 
84790 
82520 
75310 
81830 
77400 
78840 
84790 
83510 
85500 
80800 
83680 
83280 
78040 
82440 
81850 
82430 
83120 
82900 
79150 
88680 
81310 
84140 
77070 
82780 
85690 
83730 
84140 
83920 
82190 
75380 
86840 
89340 
86810 
78490 
81470 
86550 
85020 
83640 
73970 
82250 
83070 
84350 
75820 
79480 
83420 
89980 
82950 
78390 
85040 
81040 
84890 
83680 
81560 
79220 
83810 
80010 
84430 
79660 
77790 
81040 
89110 
81910 
82340 
88720 
80530 
82790 
88410 
78210 
92440 
82230 
80810 
72510 
76910 
79080 
86570 
85950 
81410 
80900 
82990 
85860 
83550 
83360 
83070 
85760 
91140 
80760 
83450 
81480 
85950 
86370 
78200 
85110 
84280 
81280 
80210 
88150 
83180 
89470 
84040 
82420 
82470 
85320 
79910 
82990 
83410 
83260 
83120 
81190 
84010 
87890 
78920 
79560 
81800 
87160 
81170 
77770 
82680 
80950 
89420 
77820 
84650 
83500 
80140 
84100 
82460 
82430 
82020 
81690 
81230 
78820 
80930 
81030 
92640 
83060 
82000 
88440 
80290 
84510 
82700 
80670 
76970 
81890 
79770 
86330 
73020 
89020 
73510 
80350 
79860 
86380 
83130 
83450 
81730 
82140 
83830 
84040 
78690 
82120 
82440 
82360 
80410 
90860 
85990 
79240 
85770 
80420 
86380 
81720 
79700 
80420 
82490 
81050 
85090 
83590 
81600 
83160 
84200 
81360 
84010 
80080 
80620 
82080 
84460 
76770 
71810 
84700 
77940 
83060 
85510 
84670 
79780 
83830 
78870 
86410 
78960 
63840 
78340 
89200 
75160 
81900 
81030 
82500 
84710 
84980 
84060 
80150 
89070 
82450 
82690 
91070 
79140 
83730 
81990 
82820 
83030 
84050 
78900 
83210 
83450 
84200 
80190 
83390 
81780 
80950 
85700 
84020 
76880 
82600 
86400 
88500 
79850 
90660 
81900 
78030 
83400 
90020 
85200 
80440 
83970 
87360 
82730 
80750 
83130 
84620 
82280 
85980 
74840 
80360 
79230 
88140 
82460 
85720 
80380 
88710 
84120 
83930 
81450 
78760 
80310 
82050 
81380 
80380 
81570 
79900 
82760 
76740 
85890 
82810 
79910 
83230 
83530 
82340 
80690 
86550 
80050 
83890 
72200 
81010 
76730 
85050 
74830 
82700 
83640 
80650 
81610 
82070 
79240 
81900 
83400 
82700 
87830 
81730 
78520 
80720 
91100 
79710 
80500 
81490 
83040 
85450 
81960 
82770 
81990 
84650 
81710 
74070 
84320 
81120 
89850 
84490 
85270 
78120 
82950 
79330 
86250 
83350 
83910 
81790 
83040 
87880 
82820 
80250 
75100 
81330 
81900 
85690 
82100 
79890 
85730 
83120 
88400 
82770 
77140 
80830 
82510 
82060 
83420 
84580 
88190 
83260 
82120 
84390 
79360 
84400 
80210 
80590 
79990 
83050 
82840 
82320 
78880 
85800 
79400 
79560 
83340 
79890 
82020 
80610 
81170 
80450 
81060 
83300 
86410 
85060 
78060 
91020 
81420 
80070 
85100 
83930 
81050 
75980 
82510 
81590 
77250 
79940 
78300 
86660 
84780 
83030 
83980 
82610 
80140 
80460 
86840 
83330 
80580 
89740 
81520 
82870 
78470 
80780 
88470 
83200 
79140 
83870 
87530 
80490 
79700 
85930 
80900 
84450 
82330 
81430 
82150 
81780 
82010 
81290 
83090 
79360 
80830 
83960 
82760 
80390 
79680 
83610 
80480 
81820 
76400 
86920 
82160 
82590 
75380 
88990 
82120 
77200 
82610 
86510 
84440 
82140 
81470 
85080 
80720 
71770 
80890 
84520 
88760 
83020 
74070 
78850 
79220 
84720 
80270 
79330 
84590 
85350 
79250 
82370 
81130 
80130 
83390 
82900 
75080 
83090 
79280 
77100 
84080 
80950 
83350 
77550 
85000 
84130 
81730 
85330 
79190 
85570 
81550 
84700 
82710 
88600 
85270 
81750 
83220 
83190 
84260 
84510 
84430 
82620 
82280 
87310 
84920 
81750 
83130 
83430 
76580 
81580 
81460 
89230 
84670 
85450 
80340 
77560 
86980 
83410 
81140 
73500 
90600 
78410 
83250 
88560 
78600 
81530 
86440 
81230 
79280 
89530 
81990 
73390 
81010 
80230 
79140 
83150 
84050 
82870 
83200 
81610 
82840 
82810 
84080 
82320 
82650 
68880 
85890 
81140 
83090 
73190 
88310 
80910 
81210 
87960 
71750 
84410 
81140 
74970 
86270 
84230 
76470 
85050 
83670 
74170 
80350 
96590 
83660 
78970 
66900 
78560 
79770 
81200 
83450 
81740 
86470 
82900 
81820 
81280 
82980 
83420 
81150 
69650 
80690 
77440 
82380 
86480 
79590 
73870 
81480 
78290 
89390 
74220 
77140 
74780 
85640 
85600 
82120 
71100 
81400 
83220 
82180 
74080 
81210 
81440 
80400 
86880 
76420 
84200 
85870 
80870 
80840 
80590 
83440 
81780 
83900 
83320 
80880 
82380 
84980 
72510 
85210 
79570 
87550 
81200 
80360 
76970 
82550 
82180 
81690 
82240 
80960 
83050 
83650 
81180 
78480 
84560 
80680 
93110 
83990 
86420 
83600 
94230 
81560 
83960 
89360 
78030 
78300 
80930 
78380 
87440 
84180 
80220 
83260 
72830 
79350 
84910 
81460 
80930 
82980 
84030 
82490 
83500 
78970 
81290 
84060 
85970 
81420 
78660 
84410 
83870 
81120 
81790 
80440 
82340 
77110 
80100 
86070 
84440 
87240 
71440 
82460 
81180 
80900 
84020 
73620 
82230 
79160 
83540 
81270 
82490 
84260 
80860 
84820 
86140 
84280 
83450 
80690 
73030 
89070 
80760 
106380 
79340 
82340 
67670 
81190 
82260 
85340 
85040 
86440 
86180 
81540 
83550 
82220 
82900 
83250 
85190 
80800 
81510 
83230 
83530 
84480 
77610 
80720 
88830 
81160 
82650 
83040 
81430 
85520 
83670 
85340 
79930 
77580 
84990 
86530 
83450 
81380 
83320 
78270 
74540 
82970 
80480 
84390 
79750 
81020 
79640 
85420 
82490 
83580 
86860 
80930 
90610 
81500 
83560 
74170 
78410 
81160 
78790 
81890 
80700 
79720 
79620 
70880 
79230 
79240 
84810 
82530 
82720 
82200 
83400 
75470 
80380 
81530 
80910 
78780 
86540 
84890 
84250 
84000 
82760 
90250 
75700 
84800 
81480 
85630 
82080 
87530 
84410 
85110 
81840 
83510 
80160 
85270 
82840 
82220 
82740 
82340 
88350 
78430 
82940 
83230 
80910 
85660 
81820 
77970 
78850 
64350 
81710 
81350 
77420 
84640 
84590 
81140 
83860 
81280 
87400 
80920 
140160 
83150 
86230 
84310 
81510 
83170 
81800 
78010 
87950 
77270 
85220 
89250 
84090 
88420 
83600 
83870 
84140 
84800 
85750 
80370 
82220 
78570 
82710 
85210 
82690 
72870 
91660 
83670 
73340 
80420 
82640 
82990 
81330 
86810 
75870 
80510 
83120 
84440 
83700 
81430 
82260 
82570 
83960 
79710 
80880 
79670 
91000 
71430 
87920 
83480 
76980 
77990 
80420 
78620 
79120 
79500 
83560 
79810 
84860 
76640 
82110 
83260 
78350 
79150 
78650 
85220 
77230 
79820 
80260 
78780 
82320 
81330 
79600 
83130 
79600 
86240 
83510 
73620 
79400 
86470 
77860 
80270 
83680 
76630 
71320 
84070 
89050 
81320 
76970 
82090 
75550 
86120 
83910 
86350 
83560 
82550 
81240 
77420 
80730 
85160 
71650 
83110 
75440 
77650 
81890 
82460 
83680 
83660 
84230 
82380 
84610 
77450 
74790 
77580 
82210 
83110 
84060 
82790 
77700 
82430 
80950 
73590 
76440 
79810 
83400 
83190 
86250 
82240 
81650 
83800 
84220 
82880 
87140 
79740 
