129340 
49660 
54670 
58490 
60740 
57080 
56070 
51990 
64630 
55480 
87140 
103890 
87610 
77520 
55640 
53300 
53380 
53720 
52750 
47460 
31230 
30740 
26440 
51910 
27380 
53190 
47250 
48950 
50110 
53830 
50140 
41930 
54220 
55380 
51820 
26660 
30050 
58500 
50370 
26420 
58060 
42000 
114450 
35300 
38580 
75620 
60330 
74010 
34840 
40240 
73050 
34210 
35620 
64820 
68120 
40780 
71100 
66680 
71210 
66510 
68250 
1115100 
71380 
72360 
117230 
67720 
71510 
69170 
67770 
78750 
54560 
56060 
30480 
83090 
1092130 
67620 
53790 
58090 
66600 
71070 
50720 
84770 
74550 
64110 
51870 
53320 
97640 
50840 
52080 
48230 
57310 
52010 
53190 
54330 
51330 
50650 
26670 
57830 
52060 
55080 
57210 
55400 
55590 
51870 
52590 
54860 
52470 
58630 
78460 
29210 
57920 
29120 
81280 
38520 
36660 
71790 
72960 
72390 
37820 
31330 
104340 
68770 
37980 
38820 
70530 
69550 
65980 
56240 
68960 
65480 
37990 
69250 
36300 
72880 
68970 
65000 
74530 
67120 
73420 
57410 
53780 
51190 
28550 
53690 
1094520 
48690 
58810 
82990 
53890 
56690 
48310 
77760 
64630 
54860 
56030 
49090 
52050 
50490 
52900 
52930 
68160 
53640 
53800 
53150 
67290 
26970 
27010 
54420 
66060 
64170 
27820 
62410 
52440 
23740 
58210 
56010 
26960 
29210 
54610 
58140 
53150 
65880 
98510 
73010 
36180 
40070 
70360 
68200 
69930 
65650 
39160 
37280 
37470 
41420 
88350 
68790 
72190 
70660 
78740 
68010 
71030 
74740 
69040 
99230 
71100 
70930 
40020 
32720 
42020 
31490 
56500 
53630 
54410 
26420 
30790 
54650 
60880 
61160 
52840 
52380 
91540 
38190 
33510 
30150 
59540 
55210 
51280 
59070 
48440 
83370 
567780 
26950 
31740 
77160 
57640 
24220 
27110 
57850 
48490 
27840 
30990 
51430 
69930 
44970 
30130 
56300 
56270 
58980 
1092920 
55210 
54530 
82800 
42040 
40340 
69070 
75520 
64730 
38650 
73300 
64820 
35260 
40350 
36640 
72290 
73110 
66470 
69290 
76650 
33580 
1116880 
68050 
74490 
71020 
1163960 
71520 
70310 
70050 
65890 
70240 
26850 
59500 
58620 
53530 
54470 
54140 
52460 
1109660 
55050 
49010 
48420 
84980 
35920 
30770 
63750 
51750 
28170 
52630 
56190 
56710 
1084970 
27490 
48230 
61360 
55750 
25700 
51280 
64590 
30780 
54020 
27100 
57270 
53950 
26250 
57670 
28680 
59500 
26790 
56120 
55780 
52580 
28490 
87200 
70060 
39690 
40210 
72450 
69080 
36000 
36420 
70250 
70050 
38620 
37300 
70770 
72790 
33570 
72750 
67200 
73260 
34130 
36950 
74840 
65970 
35400 
71180 
70150 
66800 
44440 
32460 
58820 
26100 
30770 
50560 
30410 
57310 
26840 
1628590 
57780 
56440 
52300 
81410 
69580 
27730 
48380 
57650 
51620 
28050 
56180 
48410 
53490 
25820 
58580 
52470 
55170 
69660 
51500 
47960 
66800 
28150 
26220 
27680 
58730 
26790 
53320 
34840 
34550 
30670 
59090 
57900 
25560 
88750 
41530 
72790 
39860 
70000 
72000 
72980 
36900 
79270 
76320 
73810 
38980 
70750 
43070 
40150 
38780 
101290 
65480 
39800 
39160 
68640 
72380 
71490 
37540 
72830 
67060 
71330 
39370 
55190 
56600 
52880 
1113440 
57920 
54380 
61160 
61090 
61030 
29200 
48630 
85030 
69260 
59610 
69780 
59700 
62170 
49570 
50970 
83930 
52440 
22810 
29730 
55540 
56610 
52390 
46220 
57670 
43940 
27770 
33410 
70020 
26640 
56430 
50880 
57360 
49140 
54310 
29430 
55290 
50870 
53870 
1131540 
68220 
66360 
75460 
74980 
35030 
69450 
71470 
72240 
1139110 
65300 
75040 
74880 
73450 
76110 
68250 
75790 
67060 
68650 
72030 
35850 
100010 
77020 
70090 
37920 
75670 
74810 
60720 
25590 
59420 
51300 
58500 
50670 
47820 
89540 
58050 
25280 
99470 
97660 
88460 
35320 
61380 
73930 
51830 
24100 
59100 
53770 
57120 
48590 
55660 
86070 
56250 
1600520 
56490 
54380 
55120 
1590750 
46610 
55660 
27520 
56290 
1093090 
62200 
50490 
84650 
61030 
55430 
28060 
54880 
92130 
76280 
63180 
75880 
74390 
72940 
129940 
71390 
72290 
67250 
69810 
75480 
100800 
69920 
64610 
76670 
73860 
76140 
34400 
77220 
102220 
73040 
65530 
76050 
70200 
36660 
68550 
79140 
58960 
43580 
53150 
55920 
83120 
50120 
49940 
56920 
82820 
49850 
89720 
90620 
98530 
57070 
55660 
55790 
60840 
52970 
29720 
27900 
79170 
52700 
48690 
28690 
52360 
27900 
30700 
29410 
58730 
27980 
28280 
29510 
46760 
27650 
30890 
29300 
54040 
27960 
52630 
55840 
28630 
57130 
79970 
42980 
74200 
70110 
37980 
36280 
71080 
71430 
35560 
37800 
69780 
68100 
34920 
36590 
74230 
71460 
36160 
1111380 
72620 
71660 
74540 
72990 
68300 
75180 
34350 
78930 
79750 
32070 
28180 
54070 
56750 
56360 
24690 
72560 
53810 
30670 
29360 
71180 
51720 
45480 
33090 
87260 
53290 
51600 
29790 
52680 
53050 
52210 
52150 
53070 
25130 
56860 
55750 
51000 
26190 
51970 
51990 
54610 
51300 
29680 
53690 
52710 
58410 
24210 
30560 
56920 
50920 
28220 
28450 
69080 
99390 
40090 
65760 
73200 
65680 
75050 
37340 
73150 
65960 
72500 
1118930 
63250 
71410 
103290 
72850 
75820 
66750 
71240 
70020 
62480 
73770 
35530 
76400 
76420 
64600 
72090 
79070 
46070 
50990 
56220 
52620 
60130 
1097420 
52580 
59630 
56280 
58470 
101980 
83740 
73840 
67450 
51700 
54450 
51450 
56250 
1091760 
53150 
50070 
49730 
56280 
52880 
49710 
54550 
51340 
50910 
50810 
47160 
75790 
48530 
50360 
50180 
54770 
62580 
47070 
57040 
86320 
58230 
58340 
54420 
115060 
74030 
75010 
76030 
65220 
38260 
75150 
69980 
64450 
67760 
73440 
39620 
65330 
72630 
74090 
68950 
99740 
74590 
61460 
72460 
65570 
68210 
67460 
38140 
89460 
65380 
73610 
70840 
58300 
57720 
56680 
56070 
56150 
50750 
1097620 
59900 
55700 
57710 
94120 
81580 
68520 
54060 
54680 
1117300 
47710 
52500 
52900 
56870 
48730 
49000 
67850 
52980 
45860 
52410 
50400 
114080 
47490 
26770 
57260 
58430 
54300 
47640 
51640 
85220 
61460 
48320 
58310 
54450 
55290 
29800 
82150 
75150 
69380 
65420 
69240 
69030 
71180 
39190 
70460 
77260 
67430 
69490 
72430 
70880 
67920 
66630 
38020 
72830 
69870 
70510 
75160 
68080 
69910 
64500 
73970 
1118060 
72350 
61980 
77450 
1095870 
54230 
53860 
54410 
55320 
54860 
57950 
55070 
94090 
87080 
69710 
70520 
73990 
54710 
26450 
52230 
57680 
47720 
49720 
59060 
52540 
55090 
45370 
47760 
56870 
49470 
48450 
49700 
53660 
57030 
45230 
53570 
54460 
56250 
1086730 
58620 
53460 
58700 
25880 
52150 
47060 
96360 
74400 
60770 
71050 
75300 
68170 
68750 
72500 
99090 
63190 
69470 
72520 
71530 
67530 
69250 
74130 
93380 
73530 
71360 
74780 
94000 
72030 
74110 
67860 
95400 
74070 
39700 
68510 
49500 
50260 
55910 
50700 
52810 
53560 
55930 
54470 
78700 
95840 
89730 
64990 
82230 
49710 
56680 
53630 
52720 
57310 
47470 
50500 
52550 
54980 
1097400 
50370 
52530 
82370 
568910 
53480 
54260 
26850 
55350 
51060 
22760 
55600 
52230 
27680 
51170 
52470 
51590 
60110 
56580 
47410 
75420 
1114160 
70530 
73550 
74330 
74960 
67610 
74170 
73480 
77220 
71680 
66100 
74960 
70400 
93170 
73360 
74900 
86390 
70820 
75920 
76970 
37330 
76570 
69170 
77430 
44760 
57970 
55630 
56550 
53450 
64210 
56660 
51130 
58600 
85060 
65250 
93420 
84370 
80620 
64450 
61410 
53790 
54350 
55170 
52310 
50020 
58620 
51120 
53490 
50580 
48740 
58010 
54300 
51330 
52690 
77250 
56090 
55740 
53210 
54530 
51660 
56930 
57430 
54420 
55410 
49030 
52420 
55090 
80650 
74780 
69550 
72930 
69450 
35500 
37620 
68630 
38590 
73750 
68360 
39830 
36420 
76230 
73670 
38920 
77980 
69030 
34210 
67460 
74860 
74250 
37180 
67650 
104910 
38870 
87490 
39790 
53190 
48580 
31610 
55590 
53250 
56830 
47800 
56140 
56060 
575000 
92870 
84530 
105900 
59160 
53370 
47730 
53170 
54520 
52970 
28000 
55240 
27270 
60740 
54860 
47630 
29790 
50280 
54150 
56770 
50280 
52250 
52150 
52500 
51840 
53730 
61800 
57680 
55190 
57820 
49540 
27150 
59010 
78710 
1117880 
72670 
69280 
74250 
77050 
75210 
68150 
65310 
74070 
1116540 
64850 
70360 
93560 
75280 
68230 
64740 
99910 
75070 
72140 
73820 
68910 
70430 
73230 
73440 
75160 
69800 
60760 
52030 
50550 
50800 
54090 
53620 
54640 
53180 
61870 
1094140 
87630 
88560 
71610 
37070 
62960 
49640 
54190 
54020 
51930 
51940 
50160 
55570 
49530 
56930 
53790 
54760 
51420 
48370 
45460 
56370 
49190 
49150 
56350 
73230 
54810 
52770 
52660 
57600 
29580 
53330 
53330 
84570 
47890 
39760 
71660 
77690 
66850 
38630 
37250 
73450 
71760 
65870 
75860 
70870 
76430 
66780 
74990 
77010 
74480 
41910 
38820 
76780 
73380 
73230 
36960 
71890 
69280 
70030 
77850 
81990 
62160 
54920 
54360 
52490 
53310 
50270 
57560 
57140 
58160 
56680 
92310 
89960 
61950 
68000 
56200 
47320 
51680 
26210 
59520 
49950 
50050 
27380 
58720 
53180 
55630 
52890 
50310 
53890 
48530 
57160 
48300 
46140 
55430 
53800 
80050 
52820 
52720 
29470 
55390 
55550 
54650 
55660 
86300 
69310 
69890 
102550 
68250 
71950 
67500 
73250 
71440 
69890 
70290 
78530 
68880 
68950 
67180 
67550 
99080 
70050 
74860 
67350 
71960 
78210 
38790 
71670 
94780 
73910 
80980 
48710 
53560 
55030 
58470 
53950 
58310 
52310 
58250 
48710 
82380 
64760 
91400 
81200 
69390 
48480 
60280 
51360 
54580 
52130 
47030 
55630 
49770 
53070 
56360 
50970 
55280 
50470 
51430 
56550 
52640 
58540 
51010 
53470 
57570 
50810 
51850 
56550 
60360 
60930 
54740 
1114400 
54880 
68750 
79180 
68500 
73500 
73210 
67740 
74980 
71180 
64840 
66450 
72890 
77420 
73650 
70030 
92810 
71590 
66360 
72300 
98050 
75000 
65910 
72040 
74280 
70760 
63230 
69090 
71760 
73080 
55630 
52260 
60100 
56230 
52340 
55590 
53300 
63300 
46340 
1108140 
91050 
93100 
68690 
66390 
57820 
59860 
45390 
54660 
53350 
48320 
54280 
73380 
43790 
61330 
50980 
56730 
56110 
51130 
55830 
68680 
57760 
51310 
47300 
76520 
58400 
53050 
58810 
77260 
51410 
52320 
52050 
82250 
79120 
70060 
75450 
70820 
77370 
71120 
74110 
35870 
66520 
70230 
69520 
69470 
70960 
69080 
73700 
70030 
75420 
34000 
100040 
78490 
38700 
72930 
66440 
72130 
72230 
76290 
73410 
70790 
55070 
50800 
58420 
49860 
59360 
48000 
58200 
58650 
55430 
53450 
137700 
86520 
69960 
52360 
51040 
53970 
56570 
55680 
53700 
43120 
54430 
55780 
54240 
54350 
48590 
1082620 
52530 
45150 
84860 
55760 
53280 
32510 
56370 
54260 
53540 
45930 
56430 
54150 
58330 
50900 
83280 
576020 
86260 
64940 
100640 
76510 
78370 
63070 
75490 
72420 
74560 
65970 
71250 
72120 
71460 
70740 
85710 
71480 
69700 
1117700 
73110 
68470 
71430 
72800 
1120650 
70770 
68630 
69050 
591760 
63450 
51800 
43650 
1090620 
55660 
26310 
81010 
58580 
57560 
22420 
50750 
95730 
69500 
38200 
57660 
53270 
53150 
27890 
52370 
73900 
41560 
1629990 
53860 
51300 
52860 
48370 
28550 
53830 
51100 
25930 
52650 
56620 
52640 
27950 
97320 
54820 
52990 
57490 
53310 
53170 
58180 
26820 
80430 
65570 
33700 
38830 
73490 
75410 
35840 
94610 
70370 
65120 
32620 
38200 
71600 
71950 
62300 
73910 
68410 
69940 
68160 
68790 
69140 
70750 
68430 
70220 
73040 
70940 
79380 
77920 
63410 
47190 
57530 
66330 
58100 
52370 
63240 
59430 
56990 
53100 
96150 
1122990 
69750 
52570 
59280 
53540 
54280 
56670 
74060 
54910 
55020 
50430 
52750 
51960 
56890 
44390 
78780 
57490 
53550 
46990 
87560 
52660 
53100 
57850 
28800 
57710 
60600 
57850 
48750 
58380 
52030 
54370 
42650 
73730 
73870 
69450 
71760 
69230 
73610 
73080 
78720 
65990 
73690 
72920 
66250 
95380 
69130 
67530 
70010 
101450 
77120 
70200 
81020 
77980 
71300 
76290 
77760 
68000 
80350 
60770 
1107860 
54560 
53400 
52630 
57870 
53770 
59850 
59400 
72720 
91820 
90630 
77020 
95590 
54730 
58620 
47640 
55670 
55710 
45380 
52870 
60050 
48370 
29180 
52830 
57930 
47120 
27080 
1100410 
55460 
53170 
49960 
52920 
58390 
56900 
25600 
61200 
63770 
57680 
45920 
76590 
57260 
75730 
39150 
74960 
75130 
73620 
67880 
77520 
75560 
59790 
1141100 
78110 
74810 
37520 
77540 
81750 
75010 
65610 
76860 
71170 
64370 
37570 
108080 
76050 
74410 
62590 
102610 
69630 
77090 
57290 
55060 
54910 
57230 
31200 
56760 
51060 
30680 
63130 
71440 
95330 
93470 
36710 
66620 
54480 
58430 
50920 
51980 
53240 
29490 
55130 
51750 
49540 
57400 
78580 
52040 
52230 
26660 
64880 
53460 
49470 
56350 
50270 
52030 
58110 
30320 
55380 
51300 
51770 
33270 
54820 
53980 
84970 
67980 
71640 
65320 
72000 
35600 
73740 
40500 
71630 
38910 
75320 
67230 
41530 
73020 
73140 
72520 
70350 
67500 
82700 
75740 
82280 
66080 
84970 
75350 
66360 
76670 
76640 
81260 
54350 
46680 
57950 
83780 
54370 
53370 
27530 
67340 
54410 
1122550 
102720 
81300 
73490 
57380 
27160 
58160 
52010 
51360 
53170 
48390 
55150 
54020 
51380 
52070 
51130 
54350 
51850 
45440 
53170 
52800 
50890 
48460 
50200 
53690 
54950 
58740 
58760 
52660 
52610 
1092060 
53370 
72550 
71280 
69660 
73510 
69940 
71500 
69840 
75820 
79310 
71340 
69480 
68300 
74190 
97990 
73300 
70290 
74250 
100810 
63760 
71050 
71260 
64620 
65580 
69300 
71210 
69640 
72730 
77200 
56690 
54960 
28850 
53510 
53390 
53490 
28440 
58750 
52210 
56040 
50330 
85060 
68070 
61780 
59280 
74030 
54380 
51480 
27750 
55040 
50470 
52810 
27570 
59630 
53840 
49880 
27700 
57010 
51680 
32040 
57680 
27950 
51990 
50470 
52780 
57270 
49120 
59700 
1096510 
51910 
26430 
74470 
80720 
73250 
38420 
72710 
72650 
67020 
60280 
70640 
37380 
37940 
76240 
38490 
38540 
34890 
80120 
69900 
36720 
38750 
72910 
72860 
37250 
34950 
79620 
74360 
38250 
114310 
78110 
61880 
53430 
48760 
57890 
53850 
29870 
55660 
59260 
38920 
62580 
58180 
96850 
42990 
75400 
48060 
58860 
52080 
50520 
61580 
51950 
56400 
26480 
56440 
1094320 
28830 
28250 
91540 
28410 
27740 
49650 
51900 
55980 
46390 
63910 
57460 
54550 
51640 
1099870 
54630 
58560 
571710 
51760 
62490 
73300 
66500 
1114100 
76550 
36920 
38770 
74360 
68660 
63090 
100850 
173040 
83700 
74480 
67870 
78970 
71730 
37710 
73200 
70780 
78820 
71450 
68940 
72970 
69240 
39230 
33880 
126310 
1101780 
29680 
57010 
78280 
61380 
51260 
48150 
58110 
32710 
56720 
89950 
90870 
38140 
73890 
60280 
53740 
51780 
52710 
50930 
52440 
27840 
26440 
54260 
29050 
58530 
59470 
1092600 
47950 
28110 
56550 
58200 
56860 
24640 
52980 
55250 
1095720 
60170 
54440 
77210 
59440 
57650 
52060 
86740 
71250 
41110 
37760 
77620 
76400 
71290 
74000 
70730 
40040 
