93290 
101900 
106470 
80190 
68140 
56710 
62340 
52170 
53550 
55220 
54680 
55640 
57460 
53700 
47140 
60550 
56530 
49750 
52440 
47000 
25200 
50280 
49940 
23140 
28500 
70770 
51420 
54950 
56550 
27950 
58390 
57990 
23680 
53400 
37300 
34310 
74410 
31530 
34860 
70550 
63530 
32600 
37620 
40450 
36060 
34330 
34610 
37200 
69500 
66240 
32070 
37470 
37500 
34000 
77050 
36510 
34640 
71210 
66900 
36550 
72890 
65710 
27400 
55790 
25520 
29480 
52360 
53800 
29130 
28380 
51530 
44180 
71910 
32530 
28170 
55020 
54190 
25370 
101570 
99080 
26640 
55890 
27210 
26020 
55610 
50290 
37800 
71450 
56290 
26350 
56430 
23630 
23770 
27420 
53180 
27230 
52300 
99110 
24760 
55880 
27740 
25750 
61480 
71620 
32750 
93490 
86630 
33950 
74890 
28870 
34390 
120660 
66620 
32380 
37690 
88300 
35850 
36430 
31310 
34740 
121070 
68960 
31400 
125180 
87590 
33340 
36790 
31910 
35530 
65640 
51820 
26830 
55130 
99680 
26190 
53570 
30690 
35110 
58580 
54510 
41320 
133130 
123090 
25760 
56030 
26000 
25100 
55490 
50800 
23830 
51210 
50220 
24250 
57440 
26350 
26640 
55320 
51230 
26350 
53030 
53180 
23350 
55840 
26500 
26450 
69400 
57540 
28500 
103190 
93940 
27120 
53240 
43220 
34480 
94640 
67040 
33480 
87270 
91040 
34100 
73390 
35820 
34590 
36420 
67040 
34490 
67510 
86610 
33790 
68760 
35650 
34930 
67630 
67410 
33700 
87560 
85570 
34110 
63110 
28810 
25750 
57410 
51010 
25300 
30250 
107100 
30030 
55690 
28670 
46680 
134160 
70480 
29950 
54560 
99490 
24010 
54040 
26460 
25050 
55080 
50230 
24380 
53390 
50590 
23620 
54310 
25540 
27890 
57860 
55190 
25630 
50150 
54410 
26630 
55070 
28720 
27500 
57590 
54340 
25510 
54190 
100090 
35470 
72420 
36170 
34160 
120510 
67600 
33970 
69640 
85970 
36490 
71010 
35260 
36110 
123930 
66230 
33650 
89740 
86310 
33420 
70290 
34550 
35220 
121910 
66670 
34690 
117620 
94520 
25090 
54830 
28660 
26940 
70590 
51130 
29380 
57760 
50260 
49940 
85560 
38080 
32960 
55620 
51240 
24380 
52140 
99560 
24890 
52640 
25690 
25090 
55690 
51920 
23650 
28280 
96860 
25670 
56380 
26360 
24910 
55880 
52210 
26010 
57690 
96170 
26550 
59600 
29070 
28240 
56680 
73740 
35110 
120230 
93240 
31660 
71260 
34710 
35640 
69920 
68150 
33790 
114560 
88620 
33100 
72000 
35320 
34690 
123320 
65480 
36980 
89760 
85250 
32400 
71120 
35000 
35060 
126410 
53030 
26170 
56340 
98720 
25520 
62600 
27570 
30450 
64860 
58710 
46750 
109410 
93640 
30200 
56140 
27040 
25080 
56690 
52730 
26100 
53410 
48710 
25680 
56070 
26920 
25800 
146340 
51410 
24780 
53490 
102880 
31020 
56450 
24670 
24830 
56830 
53270 
23990 
101620 
95000 
25330 
56530 
41620 
35030 
124330 
67630 
34750 
38500 
84310 
34810 
71220 
34630 
34780 
92670 
66470 
31010 
128160 
85020 
32400 
72070 
34460 
34650 
123610 
64320 
34650 
86970 
87570 
33030 
75360 
29500 
27320 
53360 
57070 
25070 
57400 
54030 
27900 
59110 
26280 
43890 
107320 
72830 
30830 
55090 
50240 
26190 
51640 
22200 
25100 
55400 
54780 
25540 
54740 
52060 
25030 
56330 
26260 
22590 
52660 
50980 
23530 
54320 
47670 
24610 
56000 
24530 
26680 
57620 
49370 
24430 
57820 
101360 
35140 
67090 
34170 
34670 
36230 
67650 
34100 
140320 
87150 
33080 
71480 
38580 
32970 
122200 
68640 
34160 
120960 
82620 
32800 
71590 
35760 
35050 
120050 
68880 
35310 
41600 
105040 
25090 
53950 
26690 
29340 
64980 
53540 
24950 
108150 
103950 
37620 
84740 
39750 
33460 
60510 
54170 
24440 
52030 
49180 
23880 
55880 
25770 
26120 
54950 
49970 
26690 
52770 
96930 
23670 
53740 
28510 
27420 
55850 
54150 
24360 
103880 
92070 
28810 
55440 
21870 
25070 
53400 
55930 
38350 
140070 
83660 
33640 
72310 
31390 
31220 
118330 
67330 
31720 
86940 
118530 
33400 
72190 
37030 
35190 
120940 
66710 
34670 
127400 
85340 
32660 
72890 
35400 
34900 
37020 
64890 
24980 
51600 
98820 
27980 
59290 
27150 
26560 
62500 
55580 
24420 
45800 
98210 
33380 
59500 
26200 
25470 
53210 
49830 
25660 
28360 
98700 
23490 
53110 
27100 
25860 
53800 
51700 
22890 
52020 
95350 
25290 
56030 
24740 
26270 
58800 
51270 
25310 
54970 
96920 
24590 
55470 
26820 
39630 
65270 
64940 
34940 
86080 
86250 
31820 
70950 
36260 
34010 
120100 
68200 
35110 
88420 
82100 
32540 
69030 
36040 
35140 
93630 
65630 
31680 
69660 
84460 
35870 
70130 
37820 
26620 
54720 
52690 
26560 
55360 
64510 
24930 
58580 
28090 
29570 
109250 
83880 
37050 
109050 
52280 
24230 
58640 
28380 
27000 
72810 
48060 
23750 
53390 
48920 
26030 
52730 
26040 
26840 
54760 
51650 
25390 
52790 
52610 
24300 
55120 
31130 
27180 
57090 
52640 
24780 
28880 
52960 
41940 
68640 
36670 
35450 
121330 
67500 
31460 
83860 
86000 
33150 
71050 
35720 
33950 
119690 
66680 
34390 
117450 
86180 
32590 
71330 
35620 
34610 
70420 
67080 
33470 
125760 
90900 
24630 
55610 
26650 
27370 
58550 
50230 
22780 
57260 
102530 
27520 
91080 
44000 
38160 
62030 
57850 
26100 
49860 
60060 
24100 
56710 
27010 
24830 
55180 
48750 
25630 
58630 
48650 
21880 
29110 
27810 
28300 
54920 
48220 
26500 
52230 
101680 
26400 
26360 
25210 
26510 
74260 
54500 
42360 
68690 
86580 
34260 
37740 
34360 
34370 
69590 
71440 
36280 
91860 
83740 
35280 
35930 
32790 
34690 
119620 
65080 
33220 
38000 
90480 
34620 
36100 
30820 
33310 
123500 
72940 
25780 
53840 
98330 
28170 
29700 
24430 
24990 
60210 
55580 
26040 
48840 
104950 
32000 
31850 
28250 
26770 
49820 
49370 
25010 
58900 
100370 
22730 
25510 
23600 
28110 
58910 
56980 
22600 
55540 
100710 
26150 
27510 
23560 
22800 
54210 
55530 
25180 
52040 
81970 
26240 
57480 
29570 
40730 
121090 
64570 
33990 
86530 
85530 
33620 
68050 
36190 
35410 
121320 
67380 
33730 
87700 
83980 
33690 
71220 
34960 
34880 
36720 
67530 
34730 
67410 
86000 
34090 
70720 
40960 
30230 
58560 
51260 
25730 
55250 
52610 
24050 
58360 
28160 
28580 
46200 
78640 
36330 
39020 
103660 
25890 
54850 
27650 
25000 
52960 
53870 
24200 
52710 
48130 
24050 
54420 
27130 
25550 
54400 
53030 
24570 
51970 
98100 
24480 
52190 
27520 
26580 
55460 
59880 
25920 
51790 
99720 
37710 
70280 
34430 
32600 
125540 
67690 
33730 
86740 
78950 
31940 
70060 
36270 
35400 
120460 
66800 
34920 
145530 
87590 
34960 
67690 
37750 
36450 
119960 
65420 
31850 
88290 
38180 
28060 
52850 
25020 
28070 
58700 
55000 
25480 
106010 
95700 
27400 
55330 
47810 
39550 
35690 
53680 
29530 
58120 
52610 
24420 
50960 
30460 
27450 
57280 
55370 
24630 
64970 
59720 
24510 
54110 
24970 
24320 
108550 
56410 
23960 
27980 
95630 
28550 
58840 
28150 
26400 
61510 
56350 
26160 
130890 
85950 
32170 
69220 
35940 
33600 
129750 
66680 
32620 
124870 
38910 
33310 
69340 
35010 
33830 
68690 
65270 
32590 
122740 
89230 
34900 
71680 
35880 
32720 
126270 
67960 
34860 
58700 
50250 
27280 
57480 
28160 
27130 
56310 
55760 
29320 
162570 
45800 
42430 
73260 
30490 
26480 
55600 
52500 
26010 
101890 
51460 
24780 
53880 
26060 
27030 
53290 
51840 
24260 
57410 
52050 
25790 
53190 
27260 
26030 
70000 
52140 
28080 
56360 
98690 
26130 
61320 
28000 
27770 
75390 
68170 
33610 
126880 
88350 
33920 
70930 
34530 
37490 
134260 
66640 
34200 
40130 
88520 
33440 
70170 
35270 
35430 
126370 
68210 
32670 
91100 
119540 
34320 
72870 
36400 
34640 
56920 
52500 
28230 
56030 
99500 
24190 
55870 
30610 
29410 
58620 
87670 
41360 
95200 
108320 
25200 
56480 
23490 
23200 
54650 
50480 
23770 
29240 
99610 
26110 
53300 
28590 
27550 
55700 
54490 
25370 
60900 
104320 
25050 
55040 
26530 
25560 
59080 
54910 
25650 
55870 
96710 
25910 
81930 
37750 
34890 
122740 
69330 
35460 
91260 
86580 
35280 
70430 
38550 
36800 
37020 
68110 
33160 
144870 
91020 
33780 
71940 
35810 
35900 
73470 
68610 
33540 
86100 
87510 
36390 
60000 
26530 
24330 
54010 
52790 
28030 
32080 
112720 
26490 
57050 
49990 
43050 
129510 
64870 
21360 
55040 
114680 
26440 
56870 
21960 
24710 
55420 
49370 
24720 
48680 
51210 
26230 
52880 
26280 
26220 
49820 
56710 
25260 
60750 
97220 
25840 
55680 
28280 
26230 
56420 
52460 
24980 
107010 
82120 
33540 
68440 
33110 
36610 
124910 
63950 
33710 
148440 
88880 
34230 
70140 
34690 
32390 
95980 
68370 
34820 
90600 
84540 
36260 
76170 
35260 
34730 
120180 
67570 
38360 
106440 
90900 
23330 
55830 
28040 
27750 
25200 
58950 
25730 
55600 
48710 
42760 
69030 
35780 
28500 
55770 
54360 
24400 
52890 
97340 
24540 
55620 
28540 
25490 
52530 
52410 
23400 
28760 
94680 
25350 
55370 
26460 
26290 
52950 
51840 
24990 
98960 
97560 
25530 
54910 
26490 
26490 
40780 
68630 
31860 
89000 
85290 
34920 
72380 
36990 
33850 
68500 
69230 
35160 
41090 
95150 
35930 
73720 
37970 
34520 
90470 
65900 
31110 
105990 
97410 
35340 
73020 
31570 
39240 
61750 
53430 
24200 
52640 
101340 
26550 
55570 
25670 
25810 
54110 
83770 
45950 
130940 
78720 
25000 
59160 
23190 
25060 
55580 
50200 
24230 
99400 
91340 
27480 
25780 
23280 
28840 
143490 
54480 
26400 
52500 
93760 
26750 
28740 
24290 
27800 
54490 
55690 
25080 
102710 
90980 
25450 
35020 
33850 
36950 
125210 
66610 
33480 
37890 
88920 
35910 
69370 
34460 
35340 
122190 
71890 
30980 
121440 
87880 
33470 
73120 
31890 
32240 
94660 
70910 
32710 
126200 
84400 
32510 
64300 
25580 
25650 
52100 
54690 
26720 
54000 
101600 
28220 
58760 
27320 
44930 
76600 
63930 
25580 
52810 
99750 
24650 
53860 
25890 
25540 
61440 
56630 
25220 
52100 
98280 
24720 
61120 
23540 
23890 
53790 
49480 
26480 
103170 
52430 
23500 
52770 
25930 
28410 
55230 
53390 
24540 
85420 
87110 
33710 
70540 
31970 
30910 
36950 
68480 
31930 
148520 
83530 
35050 
71210 
35720 
35380 
118500 
66600 
33270 
87470 
83310 
34330 
67550 
34870 
35540 
118890 
65080 
33250 
37080 
55090 
24740 
55290 
27360 
28710 
54740 
54970 
27280 
103150 
97000 
46790 
82980 
33970 
28670 
60190 
53400 
28900 
57400 
98580 
24570 
55910 
26150 
27750 
48850 
54810 
25310 
53010 
96770 
22710 
53550 
26910 
25570 
53740 
50980 
23990 
100980 
93970 
26170 
53200 
26560 
27490 
53310 
81350 
38550 
146980 
86770 
33010 
71120 
32830 
33560 
120560 
68200 
34470 
89950 
85360 
35240 
71050 
33010 
34630 
121990 
68890 
33270 
85570 
84670 
33770 
70170 
30530 
32990 
161370 
55210 
24600 
53470 
95680 
26600 
55600 
23960 
29860 
56880 
55400 
46280 
107240 
92310 
30480 
57400 
24850 
24800 
53930 
54330 
24680 
26640 
50720 
24240 
54360 
24570 
25430 
54080 
51680 
23550 
51140 
95540 
23740 
53340 
22840 
25820 
56770 
51780 
27820 
102650 
100340 
24500 
55190 
41810 
34380 
83190 
72080 
33250 
90930 
84860 
33220 
72430 
32390 
33980 
126720 
63240 
32990 
87390 
83210 
34030 
71810 
31900 
34780 
119300 
65940 
35520 
144050 
87350 
33400 
73940 
25720 
25910 
53950 
53130 
24160 
59450 
97240 
27830 
56660 
21590 
44570 
112860 
67010 
29850 
103280 
94370 
26450 
55510 
22010 
26050 
26070 
53590 
25650 
50790 
95350 
24360 
54520 
25500 
25340 
51400 
50810 
22600 
55360 
49610 
24810 
29670 
23420 
28800 
57150 
53010 
26060 
30630 
103820 
36260 
34750 
31770 
33380 
122620 
77690 
32010 
86890 
85130 
33340 
74180 
32190 
32980 
88190 
66580 
35720 
87290 
83690 
33680 
69490 
29550 
35710 
69390 
69400 
34160 
128830 
77370 
24520 
54290 
27600 
27790 
58160 
51140 
26710 
102930 
95390 
48220 
86320 
36550 
32390 
60230 
55660 
29190 
51610 
48570 
26110 
54870 
27570 
27640 
53530 
51920 
24270 
103240 
56500 
24760 
51380 
25530 
26760 
55360 
54380 
25400 
58090 
97720 
29080 
59550 
27220 
27040 
26980 
75990 
35910 
68650 
121920 
34550 
72540 
36860 
36260 
72210 
64660 
34980 
92560 
86660 
33590 
67560 
35450 
34880 
122860 
63900 
31970 
37720 
84650 
35310 
71140 
34100 
35260 
97880 
58750 
26930 
99560 
95630 
26080 
61360 
25990 
27480 
58960 
52360 
38940 
108500 
95680 
31020 
67020 
27780 
28510 
51140 
53580 
24660 
49320 
106550 
24430 
57470 
23350 
24180 
52210 
52990 
26050 
99830 
48160 
24620 
57060 
23540 
24690 
56970 
52000 
27770 
56070 
97170 
25870 
53520 
28860 
38540 
121540 
66620 
32560 
88460 
89220 
34510 
71480 
32680 
33100 
124490 
67550 
33370 
87750 
83840 
34610 
71600 
32910 
35040 
34390 
67020 
34620 
146440 
87770 
34440 
69700 
32910 
30890 
55870 
52310 
26170 
57160 
51550 
25960 
60750 
26470 
26160 
110720 
75730 
35450 
32120 
50550 
26570 
56160 
23870 
26700 
50890 
50010 
25010 
55240 
48790 
24640 
25650 
22810 
27080 
54620 
51480 
24390 
51540 
101090 
24410 
29000 
24440 
26650 
51570 
54590 
27110 
64400 
108970 
38560 
71780 
32210 
33350 
89520 
65280 
33520 
90260 
123170 
34350 
75540 
32310 
35760 
123670 
67730 
32750 
89130 
86080 
33250 
73640 
32100 
32250 
123270 
65620 
35930 
87710 
116580 
29390 
55160 
21950 
28650 
56980 
54610 
25690 
111580 
96370 
26450 
86570 
39440 
35080 
30700 
56320 
24080 
52470 
98080 
24490 
56870 
24130 
24480 
52390 
50870 
24180 
52930 
50550 
24860 
59350 
24140 
23710 
53570 
55620 
23120 
31020 
101740 
26720 
58200 
28410 
28060 
57580 
55450 
38430 
134980 
92880 
35070 
73110 
31770 
34590 
89480 
65110 
33980 
117110 
84410 
34860 
72400 
32150 
34340 
64140 
69730 
32850 
84680 
86200 
31900 
71610 
35690 
33340 
92610 
68060 
26060 
53180 
96240 
24940 
57600 
23770 
24930 
57380 
53060 
27430 
159580 
105500 
37950 
64810 
22950 
24240 
54010 
52450 
23750 
101550 
88170 
24450 
54690 
22530 
27480 
60120 
49990 
22640 
50400 
97700 
25360 
53750 
25260 
25530 
70010 
53240 
24910 
60380 
53570 
26680 
55520 
26700 
42230 
125970 
68010 
33390 
128050 
85340 
33530 
71790 
33610 
33690 
125130 
65530 
35440 
36890 
85520 
35640 
72840 
32660 
33740 
121100 
71560 
32380 
89400 
88110 
34090 
37860 
33840 
29380 
57270 
50730 
24100 
103490 
99200 
25710 
30950 
24540 
27440 
43160 
88540 
35280 
111650 
55200 
24290 
58020 
28500 
26200 
53790 
52230 
24960 
57580 
54420 
24520 
50990 
24800 
28400 
58200 
50520 
23960 
50690 
96370 
26230 
52450 
27660 
26260 
55650 
54860 
26540 
103550 
92850 
39270 
70870 
37970 
33840 
121220 
66360 
31570 
92470 
85690 
33840 
73280 
36390 
38450 
37130 
65860 
34230 
144500 
87630 
34590 
68840 
34760 
36220 
67810 
73150 
33000 
74130 
42920 
30670 
57050 
26280 
