11626410
11622600
11622180
11614550
11662120
11635290
11623320
11614030
11634060
11617350
11635070
11616310
11617750
11615990
11612950
11615860
11662700
11665910
15634760
86150
16013900
24003490
86180
4066190
16000050
39931960
73980
39868480
75130
39891180
82350
35885380
79130
39888060
105780
23887580
97140
4066720
16005040
39938500
97090
39852770
95610
39799990
93500
39864470
99890
23895400
97160
101760
16003900
39929280
89570
39847130
93270
39851610
94480
39848200
91210
39844820
100850
39801170
81230
39875600
83330
27906770
80840
4081040
15994790
39957660
93930
20145100
179710
39772620
136840
39764580
74700
39875760
72710
39878620
74560
39875350
75660
39897160
79450
27896540
87480
4064260
15998580
39936470
73900
39873630
79900
39853220
76220
39893900
83020
23890710
83980
87020
15998210
39930370
73470
39901520
101730
39815360
89690
39850040
92920
39852740
95430
39843240
90810
39854200
91910
39861150
89690
39925360
123510
39777780
102240
23868720
97140
103640
15999570
39927680
89560
39862150
94160
39855100
97860
39829650
72650
39871620
100220
39870320
74960
39859590
76060
39899700
159650
39754190
108310
39829220
81830
39864550
76290
39867870
74540
39872890
74740
39889820
76990
39864080
72560
39878620
73540
39874530
71760
39886910
74110
39874210
74570
39882920
72750
39876230
72990
39893880
76430
39862760
78360
39894020
112530
39790830
91250
39861910
94840
39845530
91160
39849170
89950
39841930
91570
39896870
99240
35888020
107150
39788120
93970
39846960
128760
39799140
91810
39847290
93310
39863400
93110
39847370
96490
39847780
76040
39867550
75650
39867470
77720
39863830
79100
39873250
75810
39900370
147940
39764650
85940
39847270
72820
39895030
73580
39867490
73690
39874010
74900
39884540
87620
39852200
75250
39872960
75040
39896920
74330
31893200
73140
39896360
116950
39829330
77750
39878890
89860
39847330
78860
39891020
93380
11980990
16012780
12048760
16000620
12046700
15993370
12054890
16009250
12038220
16014480
12030720
15991940
12061810
15983690
12041250
15992700
12057110
15994380
12070660
15997220
12056830
15996690
12059290
16004710
12160170
15999910
12044180
15987840
12055250
15979490
12078050
15986940
12038160
15983500
12073030
16034300
24113990
15762800
12152770
16056000
23954490
15919300
12067660
16025300
24027090
12015920
77480
23617080
12060570
16029950
23987260
15920440
12075220
16022380
24001060
15919250
12051420
16047710
12038090
16002860
8063630
15978610
12055280
4042610
78840
15990880
12042150
15991370
12105350
15981050
12072050
16056210
23968930
15875570
12118910
16056740
23983730
15863450
12112580
16071310
16306820
11992900
12106930
16060440
23995260
16081420
27968620
93230
23958890
15865940
105370
23651180
12068560
4044210
15714970
15985100
8059730
15982450
12091580
16038730
23985510
15909410
12077290
16048410
23975270
15923780
12123550
16067370
23962880
15866190
12109250
16037230
23988770
15907060
12094670
16045620
20050130
31925770
82160
31955940
27880020
75300
23953630
15954480
12026980
16022330
24000090
15878540
12097300
16035850
24024100
15878930
8110510
16033030
23997900
15888040
12089160
16054240
23976700
15914860
4058670
15994150
12060380
16070240
16088280
15951290
12104960
15994220
12077020
15986300
12079270
16002640
12057420
15995410
12061860
15990620
12078420
15969370
12074640
15988040
12191890
12005800
12076650
16034460
23979620
15901520
12076420
16043930
23977560
15910930
12068160
16031820
23999670
15900370
12175750
16062040
23959390
15864490
12114460
16034010
24008390
12065450
20208340
84510
12042040
15966360
12084400
15982600
12070430
15976470
12081210
15983920
12059380
78380
4089360
15986660
12046640
16028260
24005790
15917140
12060390
16029850
23992340
15888390
12097020
16089420
23965310
15848380
12104370
16051560
23979770
15882530
12094530
16049510
23995930
15875500
12099670
16055130
23978230
15875980
12114810
16050920
23981100
15868740
12100930
16055250
23977550
15882670
12091700
16052110
24055940
12015950
86800
16051510
4060380
15982760
12063660
15977780
12055920
15988760
12049770
15986710
12228800
16045450
12008700
15990720
12031890
15996140
12043330
15993360
12051540
15984490
12063460
15977590
12054680
15983770
12053240
15987410
12063130
15990520
12050690
15996860
8061170
16082600
11953200
15987670
12055660
15990590
12055210
15982660
12053250
15984020
12054510
15998400
12081880
16003110
12055560
15991770
12063060
16003470
12044280
16014600
4062430
16014200
16064400
15985870
12062420
15994640
12055690
15995590
12066920
16018570
4068930
16011720
12043360
16015040
16038210
15978210
12102440
16004190
12059120
15983770
12055160
15987320
12057760
15986140
12068040
16001200
12048400
15987350
12058690
15998450
12027360
15999580
12038170
15987450
12056880
15980640
12050120
15989640
12049840
15978880
12060700
15990440
12049720
15984050
12058180
15996310
12038170
15992590
12050620
12045050
16045720
15972200
74300
11861160
15658720
15987930
12062650
15998360
12031710
16007400
16118730
15980390
12088950
16063780
11971020
15998550
4056430
16000390
12040340
16001010
12039330
15998690
12060980
16013500
12027570
16006590
12033310
16013400
12022330
16012750
12020060
104730
12044760
15960180
12089450
16006880
12029920
15981240
12056560
15998760
12032800
15990630
12037020
15999410
12026240
15997100
12034190
16091110
11932940
12041290
16032480
15970380
12077250
15995740
12053640
16001760
12027960
15987870
12039480
16023450
4054630
16008630
16066210
15970780
86890
23617570
12051590
15989710
12047010
15990540
12066130
15993130
12046570
15985490
12057240
15997940
12042930
15997480
12045930
15991480
12053490
15999860
12049470
15999680
12050550
16000600
12065990
16006590
12065040
15995450
12055000
16012040
12034480
16006070
12039910
16003290
12052250
15996020
12039940
111890
16307410
16031120
107100
16056760
23994860
15852340
12085020
16049350
23968550
15918300
246640
20013490
12073290
8073040
31669100
31938960
133640
19762020
24058640
15878730
12109360
16032960
23987620
15907210
8099520
16041590
23984910
15885980
12102320
16022120
23996540
15905410
82930
19666010
31653800
31927100
77990
19852230
24067420
15910630
8100690
16042000
23985680
16083460
31995740
81340
23951630
15902950
12096270
8085990
31688450
31906510
97960
19791620
24070970
15876560
12088780
16068350
23966180
15875350
12113090
16078900
20123240
16104130
31995580
97850
23934420
15884610
12097670
16060290
23988140
15875710
12090380
16073070
23949270
15882730
12095260
16030370
23989040
15885810
12096290
16040010
23985270
15968720
12054920
16089280
23948630
15864630
12078130
16033700
23991140
15917760
12067780
16022000
23999860
15885950
12096450
16030850
24004930
16067360
31997990
79710
23952880
15893030
12075980
16037850
23985740
15903150
8109790
16021610
23997510
15883530
12101270
8083640
31674970
23962450
128480
16052130
23992580
15878660
12088380
16064220
23970250
15873580
12111060
16044160
23992280
15870160
12220020
16055180
23977600
15881670
12110150
4046440
31694410
31888060
92090
19914930
23999540
15863630
12112390
16047130
23980220
15868980
12089440
16032800
23996590
15920060
12056350
8091420
31699620
27992500
76030
19992660
23955710
15859750
12099390
16027340
23993580
15886340
12090250
16030350
23997890
15922620
97020
19661200
31685090
12039200
12002040
15908880
12086190
16029260
24011260
15876470
12091340
16030850
23997950
15888550
12106840
16036650
23991010
15886840
12092730
16039520
24023030
15857670
12097150
16051960
24006470
15866410
12089200
16050650
23984760
15871000
12114900
16057170
23984770
15872100
12110380
16097210
20106150
15862070
12104310
16050260
24003980
15857280
12100180
16057900
23980180
15870750
12122250
16047110
23981630
15953080
4063440
16061180
24070330
31911160
78920
23880300
83100
19736200
31713120
23906410
85560
16038560
23982540
15905890
12081100
16029370
24003230
15895330
12083050
16051280
20058890
31915230
78520
19909390
23998300
15891700
12094470
16036600
23986810
15922390
12061030
16032000
24000240
15888380
12094830
16092910
23942530
15874800
12098810
16053140
23968820
15866170
12098450
16072730
20051830
31916380
96740
19800330
24081110
15889070
4051670
19705500
31678740
31914240
97640
19876650
24005660
12009540
7992860
15998430
24028350
11946570
4086100
19679140
31704590
15882880
87390
16042110
39891490
82260
39868810
79910
39879830
85510
39877320
82170
39876200
111340
39817230
93230
39874790
80690
39860340
79200
39929310
82670
39804580
81760
39871720
78730
39871640
77320
39883030
75390
39877300
76670
39893620
75500
39893240
87620
27903200
75210
31656780
15967880
31995860
86450
39880790
116570
39800360
95720
39847820
97010
39871890
96610
39845300
100410
39841260
97170
39854010
94620
39847740
97110
39843320
95570
39853310
88920
39852990
91450
39873940
91000
39844560
91430
39849800
100510
39840580
72450
27900150
87460
82800
15993910
39945540
81050
39850230
74490
39915530
140460
39770240
85540
39864460
82860
27907480
89100
4066630
15989240
39941790
74830
39874120
74100
39870410
73060
39901020
75160
39866770
74600
39870950
75010
39872520
73970
39882260
77310
39871730
75450
39876630
74070
39870940
79900
39891180
93720
39834170
89230
39854270
92600
39842840
91680
39877310
94200
27901060
103880
4084990
16002730
39924710
90290
39873850
94220
39834100
92760
39844600
91800
39870490
95940
31880640
118350
27856860
81570
12029710
16002210
39940600
75330
39888690
77760
39868480
79630
39889290
157530
39750580
94970
39845500
76820
39878230
73510
39887450
80580
31893320
72930
39896880
75600
39865320
71790
39877590
73210
39890220
71740
27926130
79680
109910
15999020
12051490
12002000
12089570
16036930
23997660
15913240
12055940
4044810
23715310
15955410
12121520
16047290
23991650
12015200
104590
16061730
23955130
15872420
12118970
16050300
23991220
15913080
12057070
16059740
23969600
15870760
12116120
16058460
23975010
15866410
12115400
16062250
23974550
15915580
12071040
16031860
23990080
15922330
12055580
16030410
23988340
15913850
12076420
16023020
23989600
15912040
12134280
16056540
23965280
15914080
8122650
16040340
23979640
15915040
12050720
16033540
23990150
15909060
12088060
16019650
23991540
15889540
12092030
16049000
12047970
12033570
12052280
15984480
12056810
15994920
12043240
15990360
12051190
15985110
12098230
15966170
12085510
15980990
12076520
15996030
12056100
86230
12149630
15989420
12074530
16005720
12034260
104870
102670
23630770
12074620
16043550
23994150
15848420
12124050
16055300
23985170
15865720
12126000
16066030
12083640
317930
11704680
23622910
12047130
69910
12125400
15984330
12058810
15989470
12050100
15996200
12068500
75150
159870
16000730
12046440
15996450
12042800
15992410
12061500
15988060
12062580
15981730
12062550
15992720
12056430
16002100
12055020
15995910
12054440
15985730
12062070
15994560
12030470
141210
12120190
15992180
12062000
15989700
12057240
15989490
12053810
15990820
12075120
16071450
11965700
87130
12145680
16024800
8148430
16046870
11989460
78000
12137100
15997600
12062830
15996540
12063950
16000740
12047080
81350
12137730
15997520
12099560
16002250
12007930
77240
12138200
15997140
12083030
16005500
12019960
15984080
12063590
16002140
15999870
77480
11671890
23623240
12054370
8030660
23763900
16023640
12002510
16044830
23994850
15914480
8063850
15982490
12066690
16033350
23992750
15883460
12099460
16036170
23996150
15900660
81980
15628770
93010
16041240
24043500
12009350
74020
23617250
12072440
16038030
23990230
15879170
12101620
16047640
20069880
15940030
139600
16063180
23959910
15863220
12124260
16047860
23992560
15848350
12121190
16058220
23975380
15870870
12113400
16048620
24003190
15867400
12097060
16063210
23977110
15874100
4084820
23630280
12076760
16085790
23966470
15897870
12060770
15987130
12059480
15986780
12062520
16001400
12044130
16003130
12059040
16004120
4056800
15957870
12002370
93470
11682650
23620920
12072400
16035650
24004190
12015030
81900
16048780
23981120
15874020
12130530
16040560
23992350
15862730
12098210
16041470
23988330
15873270
12115440
16034000
23998850
15870980
12109160
16053560
23969320
15882640
12106970
16034240
24043540
15835260
12119350
16060940
23995230
15843190
12129880
8041570
15696460
15979730
12082320
16062280
23973260
15863030
12127890
16056250
12081880
16008770
12073890
12024500
12062700
15995890
12051990
88240
12148660
15990590
12071640
15993590
12044760
15990800
12067270
16001600
8120070
15987820
12050860
15986740
12063950
16071220
12006500
102150
12146050
15982020
12068090
15999700
12046830
15992810
12060900
15985150
12069490
15978290
12079400
94540
91100
23617060
12068230
15996380
12053220
15980690
12068590
16043350
23980140
15898240
12116930
16058130
20052860
15931230
81690
16055550
8128300
16013480
11990940
76550
12132150
15993330
12067590
16010100
12053090
16010610
12028820
78680
12144400
15998290
12076140
16024500
12025880
15997650
4047750
87390
12141860
15995990
12070640
16010600
12052370
16016880
12022060
83510
12130660
16063850
11978040
15989740
12055690
15992170
12070650
15997350
12057330
15986520
12125480
111220
287280
8074780
11676920
15644830
84130
15984040
12051070
15988500
12054440
15991730
12077860
16012640
12018150
16004920
12035670
15986990
12048640
16006330
12034620
16003670
12043490
16004460
12035990
16022260
12053410
12010280
12029680
67820
12121390
16062120
11974190
89010
12132970
16007570
12026250
79740
12146510
16002330
12058990
15998070
12062050
15997700
12046410
79250
12137080
15985730
12081830
16066240
23966240
15874100
12103630
16063200
23999340
15879840
8125200
16068980
23953400
15876520
12106140
16042070
12050880
16030140
12183320
15993730
4060670
15992110
12060770
16013090
11993060
16035210
23990660
15885890
239810
231660
81540
23639490
12041670
16039500
23989840
15885950
12084040
16039620
23989410
15876640
12104690
16025870
23994820
15882320
12101360
16036310
23993750
15887760
12100120
16041200
23993500
15880540
12087470
16041780
24022330
15844910
12118020
8058330
23668240
16015110
12050760
16072090
24101310
15906470
110630
16050580
24020570
15847210
100520
23641070
12036930
16049200
24010640
15861830
12086980
16054420
23981450
15876520
12104730
16053430
24011620
12014350
82880
16049100
23974640
15888850
12094760
16042900
24009500
15867840
12087530
16085590
23921120
15857490
12101950
16039720
23988010
15890790
12087840
16041880
23982410
15888660
12091930
16032360
24012850
15878410
12097330
15995210
12044710
15998450
12066460
15999060
12051210
15993850
12054380
16007450
12050940
15996380
12018600
15989520
12067560
15985900
12046570
16005040
12050640
16013530
12070270
16011600
12048340
16004900
12058330
16008370
12026640
16009270
12060050
16018840
4064140
15987800
12057640
16001570
12060490
16002860
12080630
16018640
12045310
16003960
12062010
16018110
12058100
15995600
12050050
15994780
12066630
15992060
12065820
28033320
15936310
71720
23640230
16133640
11905430
99140
12144940
16083200
11965360
15997560
12077270
15996020
12043650
15989450
12054540
15995360
12052350
15994150
12074290
16000700
12053880
15991140
12059090
16005850
12054980
4002450
92790
23627490
12059520
16020650
23996760
15888890
12084380
16035880
24010220
15887070
12089820
16050270
23998460
15929540
12033120
16060210
23977540
15878140
12105560
16036280
23991400
15878190
12091410
16063760
23959960
15879640
12089860
16040650
24001930
15879070
12084240
16061620
23979640
15872970
12125920
15990590
15998250
79470
11666600
23618280
12069790
16000290
12052260
15999520
12051300
16004500
12168060
16034310
12022640
12041940
16033470
15984740
12056270
15996900
12055530
15995970
12068750
16001270
12048870
15993320
12060490
16009430
12036030
16006620
12050900
15995180
12059670
15988370
12058670
16014300
12059770
12019250
12057750
16003160
12050540
15994520
12059860
84750
105560
16019840
12154280
16008320
12066260
15996820
12073060
16005220
12032100
16013080
12063030
16013240
12049620
15999700
12064300
16015070
12051700
16022400
12040120
16007240
12082620
102960
117140
15644970
98130
16027450
12027840
15997580
12046870
15991410
12075970
15997060
4055750
16018830
12036880
15992180
12058540
16020790
11985500
82710
12113630
16001930
12064980
16001520
12046560
15988110
12058150
16010260
12033760
15998380
12054430
16011100
16032790
15985110
12062860
15994210
12071000
16029280
12015020
16009000
4062090
15994030
12055820
16002050
12042180
15999810
12058180
15994200
12116200
16177220
11881800
108030
128770
16014970
12064340
16008870
12048990
16000100
12062370
16018020
12044310
16025500
12045010
16002850
12063550
15990580
12040200
16007360
12051760
16011750
12073520
16009900
12060970
16000250
12065930
16008320
12031760
16001950
12053660
15995870
12062790
15978600
12047330
15992200
12052090
16070660
12013730
99320
12122340
15989390
12057780
16003480
12039770
16000680
12054200
15992880
12056590
15983190
12037150
15995090
12037850
4003700
96280
16011970
8075030
15991730
12059050
15999900
12039990
16003700
12099670
15982340
12068450
16025700
23987100
15888110
12093810
16060400
23958240
15904060
8129190
16041370
23998110
15879640
12083260
16059960
23974440
15880250
12105370
16043450
23993500
15873950
12098750
16051410
23972740
15903730
96220
19700060
31706160
23921460
116100
16061370
23984800
15856750
12088440
16025990
23994840
15892520
12083420
16029160
24012260
12061370
32069990
168940
23810520
15850970
12073590
16055230
20044400
31921730
80550
19925350
24052150
