118900 
55240 
44740 
83860 
64370 
64970 
58880 
59190 
60550 
60120 
62440 
65540 
58890 
60170 
60400 
58290 
58420 
54910 
54420 
55850 
58640 
55600 
57020 
53270 
57060 
57220 
59220 
53500 
55120 
63900 
45790 
43220 
45560 
41970 
43820 
45390 
42370 
43700 
43270 
41210 
92520 
79440 
57500 
45260 
39620 
46310 
41020 
42560 
40040 
38620 
42960 
42160 
41020 
40460 
39040 
41770 
40360 
46840 
42590 
40740 
40730 
50420 
42160 
41330 
46160 
43190 
44680 
43400 
40730 
40880 
40550 
78230 
57430 
55580 
54550 
55500 
59090 
58710 
58170 
56360 
59180 
59500 
54890 
57670 
54170 
52560 
55440 
54270 
54100 
55490 
56870 
56490 
56710 
55500 
54630 
56880 
55410 
64650 
44600 
39090 
39220 
42980 
47760 
43500 
39160 
45570 
42000 
46040 
95140 
84340 
69710 
60200 
43740 
42760 
40580 
43040 
39800 
41710 
44120 
39180 
40680 
42520 
38560 
42790 
42170 
38610 
39940 
40290 
41340 
40300 
41720 
39050 
39670 
45390 
43730 
43340 
39520 
41590 
42350 
41490 
76430 
56930 
53260 
56800 
54600 
56200 
53800 
54510 
55550 
56790 
55560 
57790 
59310 
55160 
56470 
59260 
62520 
55390 
55070 
56390 
54710 
54340 
52960 
53920 
56890 
57400 
63160 
40920 
40610 
41760 
44190 
42390 
45460 
40580 
42560 
46380 
42390 
91270 
79220 
59530 
50760 
40810 
49970 
41830 
40450 
41360 
45740 
41030 
38690 
41460 
39750 
42840 
40420 
44830 
40290 
40000 
42050 
38470 
39790 
39800 
40070 
45980 
45110 
45170 
41550 
42080 
43640 
48210 
71270 
54880 
53180 
60220 
53590 
56150 
54820 
53670 
59030 
57450 
58440 
54930 
55000 
56850 
59820 
57450 
52320 
52770 
54850 
56760 
56720 
56230 
56780 
55980 
57210 
56780 
61860 
42800 
40400 
45260 
44260 
41500 
41110 
38050 
42620 
47430 
41790 
105150 
88740 
68800 
59100 
44640 
40350 
43400 
40200 
42860 
40360 
42540 
41210 
39690 
45520 
40850 
39480 
38840 
38400 
41840 
41250 
41000 
39300 
40240 
42130 
42120 
42900 
44200 
42650 
46790 
42780 
41180 
40420 
74420 
57870 
57460 
53570 
56540 
54450 
54120 
61340 
54720 
57280 
59030 
57170 
57750 
56810 
55720 
54200 
53670 
55970 
56320 
58810 
53520 
54290 
57380 
54030 
56810 
51920 
62010 
43880 
41920 
41370 
45730 
41890 
41070 
41100 
46090 
44250 
42890 
91690 
79790 
60270 
51470 
42650 
39410 
40620 
41320 
41730 
39980 
39880 
40620 
42850 
40120 
41780 
38640 
38970 
41710 
43540 
41880 
43120 
38960 
41190 
43740 
43090 
39910 
41740 
45220 
41140 
44090 
42490 
60690 
59210 
55370 
56850 
55100 
54950 
58920 
59770 
59370 
53690 
51690 
54610 
56910 
55530 
55420 
53960 
52910 
56520 
55630 
58410 
54320 
56570 
59070 
65520 
61160 
53860 
55660 
54630 
47820 
41110 
41600 
41370 
42150 
43050 
43480 
43350 
43100 
42430 
89400 
67670 
59450 
41800 
38300 
41140 
39140 
40090 
39430 
39040 
42280 
40890 
39690 
42290 
39370 
40640 
42250 
40940 
44490 
40670 
41920 
42690 
41760 
41220 
42630 
44370 
44410 
43440 
50040 
42630 
41020 
73040 
57980 
58000 
53070 
57860 
59490 
56490 
58540 
53790 
55300 
54150 
57100 
56770 
54310 
55390 
61910 
55350 
60480 
58470 
55590 
57410 
57760 
58110 
55430 
54250 
52900 
64270 
42910 
39990 
39450 
42010 
44080 
43590 
42630 
45970 
43070 
41940 
89470 
87740 
59130 
52170 
41760 
42270 
43100 
40810 
40620 
39070 
49430 
41430 
39670 
41670 
37590 
43140 
40220 
39110 
40930 
38510 
41550 
40880 
40470 
39710 
41960 
43090 
44770 
42280 
43220 
40460 
42260 
46610 
73670 
56230 
52900 
55020 
55760 
56030 
58720 
54650 
54910 
56720 
53930 
56860 
55760 
56240 
58420 
53660 
57710 
51360 
59180 
58610 
57120 
57320 
54620 
54770 
54150 
60480 
62310 
41810 
39140 
40400 
44330 
41780 
39820 
39750 
43120 
42780 
44720 
97590 
69400 
54610 
42380 
42390 
39880 
40190 
39690 
44220 
42890 
41850 
40660 
52760 
42390 
41990 
39610 
40160 
39940 
38960 
41180 
39960 
39730 
38770 
38720 
44390 
42440 
44830 
41500 
40860 
43150 
42750 
76400 
57200 
53620 
59960 
55690 
59390 
55390 
56190 
56910 
57300 
56660 
53100 
52760 
54890 
58440 
56230 
54770 
52880 
55800 
60310 
58890 
55650 
55040 
55920 
57590 
57870 
63730 
41660 
39830 
41370 
45360 
44380 
41620 
39990 
46200 
45100 
40590 
95050 
80330 
56970 
55710 
40560 
41240 
41130 
39040 
42150 
39920 
41490 
40160 
38900 
47220 
40090 
39670 
40980 
40380 
41310 
43570 
43810 
40260 
39830 
39420 
44680 
41760 
42630 
39890 
41310 
42350 
41290 
41550 
75690 
57380 
58090 
54270 
56240 
52330 
53420 
58680 
54910 
57410 
52150 
55890 
57410 
56120 
58640 
59070 
53950 
55250 
57290 
55600 
53420 
53880 
53380 
56160 
55700 
56550 
59580 
41150 
42890 
43330 
41870 
41210 
41880 
44510 
45990 
44270 
44070 
94390 
74920 
61900 
42490 
41650 
39880 
39790 
43650 
41000 
38810 
38370 
41410 
42740 
40920 
41250 
39580 
39730 
44780 
42420 
40330 
38910 
38960 
45800 
41290 
45130 
41350 
41230 
44300 
44850 
42100 
40260 
76150 
56900 
57360 
57000 
52970 
53890 
54400 
58240 
58410 
58550 
54790 
53560 
56540 
60250 
56870 
58280 
53480 
56190 
58500 
61620 
54220 
62020 
55850 
55870 
57860 
55200 
64340 
42670 
42440 
40570 
41900 
41730 
42160 
45300 
48850 
43560 
43730 
89380 
84420 
64060 
56020 
41010 
39530 
46110 
43570 
41120 
38940 
39930 
41630 
42140 
40070 
41390 
40420 
41080 
43560 
39970 
41240 
39390 
40200 
44610 
40900 
40760 
40850 
39600 
45100 
44960 
41740 
41300 
39680 
76150 
60430 
56650 
55850 
54210 
55200 
57360 
56650 
56300 
53940 
54450 
57830 
55470 
54520 
54300 
55700 
56310 
55470 
54080 
53410 
56580 
59390 
54740 
57810 
53270 
56260 
64360 
43080 
41380 
41350 
41570 
42270 
44090 
42310 
43700 
42420 
42950 
91560 
78630 
58040 
44790 
39850 
42010 
41980 
40350 
43170 
39320 
42020 
40890 
40900 
42840 
39950 
44560 
41480 
38800 
40410 
39410 
41740 
41550 
41330 
41080 
41230 
40720 
44370 
41220 
44420 
42070 
40330 
75750 
55950 
56540 
54920 
52060 
56890 
56880 
59490 
55640 
55670 
57890 
54200 
56440 
55150 
55390 
55000 
55730 
55980 
55700 
56490 
55800 
58320 
63250 
56990 
57040 
54860 
61070 
43160 
41730 
40220 
40620 
45800 
46540 
39980 
45840 
41550 
42690 
93410 
81530 
66100 
55050 
41650 
42560 
41260 
39640 
39170 
40410 
41630 
39400 
41560 
39930 
40650 
42130 
41260 
40930 
39520 
38960 
43770 
42820 
41810 
39330 
40230 
44830 
43590 
44420 
39830 
38480 
40070 
42760 
77040 
58830 
53620 
54040 
55310 
55320 
53130 
52790 
56050 
56980 
58160 
56050 
53210 
55440 
61170 
59490 
56670 
56290 
57740 
57210 
57420 
54540 
53960 
54050 
56660 
57300 
63950 
41870 
40500 
43420 
48750 
42540 
40050 
40540 
45140 
44270 
41950 
92130 
80910 
58440 
51080 
40860 
40170 
41460 
39850 
42620 
41240 
39140 
41080 
38940 
42340 
42430 
43190 
40290 
40230 
40750 
42810 
41160 
38830 
38760 
39510 
45300 
42620 
43450 
43130 
40780 
42320 
42370 
73250 
55700 
53140 
58800 
53120 
57890 
54660 
54650 
55200 
55460 
57900 
54340 
52390 
59480 
55920 
56270 
53860 
55530 
52040 
58630 
58380 
59440 
52900 
55310 
57000 
58620 
64570 
43030 
41770 
41810 
41040 
39860 
42200 
39890 
43270 
46370 
43400 
89860 
91730 
67630 
61130 
44100 
39550 
39730 
40610 
43150 
41990 
44070 
39800 
41250 
40470 
40540 
40570 
39630 
38300 
40670 
39990 
39570 
38850 
39820 
39360 
42570 
45790 
40310 
40690 
41640 
44310 
40790 
42190 
73590 
58220 
58470 
57500 
60430 
53860 
56640 
55510 
55580 
57060 
52120 
55750 
56460 
56150 
57430 
53820 
54400 
54170 
58040 
57320 
53790 
55390 
55370 
55210 
56350 
54910 
61310 
41780 
42030 
42150 
41600 
42630 
41620 
42890 
47860 
43440 
41260 
94140 
81230 
58690 
47540 
41330 
40010 
40700 
43830 
39700 
40900 
41290 
39090 
42720 
38780 
39450 
37730 
42850 
43370 
39960 
42370 
39800 
38800 
42540 
40860 
42860 
40710 
41160 
43420 
43170 
41960 
40290 
60500 
67540 
59200 
61060 
54790 
53960 
58770 
56610 
58430 
51680 
59470 
54650 
58870 
53500 
58620 
54220 
54910 
55020 
57650 
54780 
55690 
53660 
57650 
58770 
55240 
54080 
56860 
56780 
44570 
41060 
41870 
42450 
42100 
46410 
43220 
43000 
47410 
47510 
92180 
64440 
57390 
42800 
40310 
42500 
41300 
42210 
39150 
39050 
41110 
45210 
40320 
40160 
39900 
41260 
42090 
39800 
40040 
40640 
41320 
41720 
40780 
40990 
44440 
40640 
45510 
41750 
43050 
41040 
43810 
75610 
56440 
56470 
54230 
55670 
56240 
55720 
57840 
52470 
53070 
53940 
56840 
70490 
57610 
55430 
57550 
53600 
59420 
56970 
54620 
55240 
56980 
56340 
55860 
54120 
54050 
61780 
44480 
41920 
40090 
41060 
43270 
42200 
39800 
48990 
42080 
42810 
89870 
83690 
60630 
46970 
39300 
45440 
43260 
39330 
40800 
39270 
42630 
41100 
40110 
39420 
40420 
41690 
41280 
40940 
39920 
39380 
44650 
43770 
40960 
40670 
41250 
42530 
53850 
47610 
42170 
40150 
43530 
49530 
62680 
56060 
54890 
54710 
54930 
58460 
57490 
53810 
52880 
57850 
55840 
55710 
56120 
56510 
60010 
54190 
57850 
53420 
55040 
57400 
87660 
84290 
81860 
57010 
55410 
56700 
61610 
43550 
39710 
40900 
42630 
43270 
43080 
41570 
45550 
53340 
44650 
91290 
73940 
55650 
43880 
44500 
40780 
40350 
38250 
52730 
45380 
39820 
38760 
41250 
39360 
40720 
41480 
39880 
39460 
39030 
41750 
41280 
42730 
39120 
39720 
42910 
41490 
45500 
41790 
41350 
43600 
42540 
77610 
55500 
55690 
57390 
57130 
61210 
57670 
56930 
56370 
57810 
55880 
53490 
52710 
56110 
56370 
55080 
54340 
52780 
53370 
57460 
54810 
58780 
58020 
54300 
57850 
55340 
61650 
44280 
41550 
44090 
43070 
45440 
39570 
39250 
46170 
45010 
42220 
95830 
87720 
60920 
55430 
42240 
39760 
39570 
39820 
41030 
40980 
39160 
39170 
37570 
41910 
41280 
41090 
39640 
39270 
40230 
42070 
40480 
39020 
39130 
41370 
43260 
41490 
41060 
41860 
41620 
42810 
43550 
41000 
74880 
59600 
60140 
54550 
56970 
52950 
56350 
55640 
58490 
58820 
57610 
54750 
55120 
55530 
55610 
55490 
55800 
54460 
61000 
58700 
55470 
54570 
54590 
59860 
58560 
55410 
61090 
42980 
44790 
42240 
40970 
55370 
42110 
43980 
44810 
42710 
43780 
93220 
77330 
63250 
46520 
40240 
38280 
40290 
41630 
39540 
43380 
39360 
39730 
47780 
40750 
40140 
38800 
38670 
44150 
42440 
40840 
40090 
39800 
44330 
40150 
42050 
40430 
42330 
43220 
42270 
42300 
39510 
70970 
59160 
58060 
57410 
52870 
52860 
55160 
56940 
57300 
54380 
53400 
53780 
57170 
53370 
58280 
53190 
57240 
55240 
54770 
55070 
56610 
55190 
53960 
57170 
56880 
51930 
59770 
44060 
44250 
40780 
40470 
42720 
39540 
42190 
42660 
45310 
45640 
91160 
86270 
67010 
57800 
43380 
42990 
41230 
40440 
24580 
51700 
39130 
39210 
41690 
40000 
39910 
39060 
38460 
42240 
39190 
40250 
37780 
38030 
40020 
43070 
40920 
40970 
40550 
46560 
41900 
42810 
41650 
44390 
74460 
58810 
60380 
55740 
54790 
58470 
56660 
55330 
54110 
56660 
56220 
54030 
57530 
55700 
54310 
57580 
56560 
56510 
61190 
56160 
56030 
58580 
58380 
56110 
53830 
52730 
60980 
44860 
39970 
41680 
40770 
41000 
42000 
42240 
46130 
42980 
42020 
92510 
83110 
55830 
45660 
41150 
41840 
40390 
39300 
41050 
41020 
41380 
42660 
39190 
39930 
39820 
42420 
42160 
41520 
42130 
38610 
41270 
41580 
42980 
40690 
40450 
41240 
48530 
42270 
39580 
41010 
39540 
72860 
58120 
55050 
53540 
56210 
57860 
54540 
57770 
53480 
56270 
57380 
55570 
60180 
54410 
55940 
53140 
57680 
58070 
73350 
57990 
56020 
55590 
56430 
53380 
57730 
53100 
60440 
48340 
42040 
40580 
42880 
44330 
45380 
40570 
42570 
43580 
43280 
67400 
91730 
67570 
60150 
42560 
42990 
42320 
39710 
37690 
40560 
42270 
40410 
40970 
42240 
42450 
44250 
41630 
39870 
39600 
39730 
42940 
41160 
41400 
41290 
39410 
43110 
44920 
43060 
40610 
41090 
40410 
43390 
75730 
56040 
53760 
53960 
53280 
58030 
55510 
54140 
55920 
55800 
57060 
53880 
54860 
58600 
57120 
56180 
53410 
55430 
55880 
55930 
60760 
55800 
54020 
54690 
54790 
55050 
66640 
41260 
40710 
39090 
44560 
46110 
41580 
39830 
44370 
46720 
39780 
91680 
84510 
64110 
50040 
43520 
43010 
41220 
39030 
42960 
40090 
40240 
43740 
38830 
40250 
44020 
40510 
41240 
38730 
39350 
42530 
40330 
40110 
41600 
40050 
44030 
41600 
47890 
40530 
40150 
46950 
40530 
52660 
61830 
54440 
57910 
57070 
56700 
50740 
52900 
60500 
61940 
58320 
54470 
54210 
60320 
56590 
60590 
56980 
52720 
59590 
59030 
59300 
54550 
54470 
55110 
56400 
55950 
57580 
56340 
39810 
40900 
41420 
45310 
38840 
40030 
41550 
46540 
43730 
42430 
91850 
71210 
59480 
43610 
40240 
42800 
39550 
43210 
41280 
40480 
39740 
42700 
43500 
40930 
40430 
41440 
38780 
43350 
44590 
40180 
39600 
39730 
41550 
43010 
42210 
41540 
41800 
41480 
44430 
40170 
39090 
75840 
56850 
57880 
53450 
56200 
54800 
54360 
56780 
54850 
59070 
65680 
56330 
56950 
53630 
56300 
54700 
55540 
53430 
60200 
58210 
54270 
54930 
57210 
55240 
55620 
54500 
62550 
43010 
41480 
41030 
44170 
42980 
40970 
42210 
48680 
43180 
41370 
89550 
85600 
59390 
52530 
40850 
39810 
40590 
41750 
41780 
40350 
43510 
42610 
42080 
40080 
41210 
39930 
38940 
41790 
41720 
40160 
38270 
40500 
42510 
42020 
42350 
40590 
41690 
42520 
42150 
41710 
41020 
42910 
72350 
57760 
55210 
53900 
54770 
56310 
54290 
57860 
52050 
53290 
54140 
56670 
57140 
57010 
53090 
56780 
57570 
58410 
56610 
54150 
54520 
59570 
55310 
56150 
54860 
54460 
60660 
46960 
41190 
40310 
41550 
44600 
42340 
43220 
42600 
42200 
39640 
92090 
71350 
57680 
44720 
38710 
43670 
40650 
42780 
40390 
39380 
42260 
41670 
40990 
38530 
40840 
41580 
42820 
40320 
40300 
39010 
44120 
45660 
40450 
39380 
39170 
43640 
45900 
41800 
41590 
40270 
39360 
76510 
60360 
59700 
53310 
54230 
58200 
54940 
56460 
55050 
55220 
56900 
58570 
56590 
56170 
55880 
56700 
54800 
56880 
54360 
54620 
56650 
56990 
59300 
56830 
56020 
54350 
62630 
44090 
40300 
38660 
40610 
42760 
42300 
38780 
48000 
45820 
42270 
91330 
86480 
58360 
50700 
41360 
43750 
41830 
43590 
40790 
39710 
42630 
41040 
39980 
40140 
40110 
42290 
39960 
40560 
41710 
39060 
40820 
39700 
40990 
39010 
43480 
41980 
44180 
40480 
41210 
40520 
41750 
45100 
76190 
62960 
53960 
54640 
55900 
56480 
56830 
54380 
56840 
