109440 
63420 
51600 
50930 
61410 
50780 
50640 
42660 
46310 
48790 
47230 
68120 
42510 
44370 
51870 
44230 
47090 
42180 
62380 
52480 
25080 
46350 
48800 
42720 
31240 
52400 
48180 
22140 
38980 
56600 
57310 
24070 
55980 
43590 
45470 
50230 
42780 
50170 
1111280 
44130 
45990 
55590 
50980 
42470 
45190 
46560 
47170 
42330 
43390 
44550 
49360 
44350 
43770 
48090 
59890 
45760 
50440 
46460 
48160 
43740 
42060 
47690 
48510 
44920 
41540 
43620 
50190 
46620 
64120 
49910 
50400 
46610 
49320 
55730 
67010 
26290 
26470 
25710 
50220 
46400 
22370 
48640 
49020 
41330 
23720 
47230 
43170 
46700 
23510 
45940 
41160 
39620 
25860 
50520 
69490 
25620 
40040 
60310 
50860 
22640 
22240 
41700 
47490 
22870 
27660 
57690 
47960 
24820 
25390 
45520 
46300 
21660 
43350 
47670 
44640 
24490 
42920 
42770 
60950 
28610 
48550 
46900 
41990 
23240 
60720 
47780 
46120 
20910 
46390 
45650 
46060 
23410 
44510 
43610 
48570 
1083530 
48340 
42060 
20910 
48420 
24100 
45530 
22650 
46400 
45740 
22120 
23330 
21740 
45120 
45860 
22990 
87340 
60440 
45220 
21730 
46050 
22640 
58510 
20330 
55900 
46750 
45440 
1092460 
21900 
42250 
47970 
46590 
44540 
23270 
20910 
46480 
67560 
45400 
33770 
63640 
50250 
49490 
55480 
44490 
41430 
44420 
42880 
46030 
43780 
42220 
41450 
57430 
46680 
46270 
40430 
51410 
49370 
45280 
44490 
75090 
46970 
55280 
54240 
52700 
42680 
44890 
53440 
45740 
42180 
24340 
40490 
41960 
44950 
22940 
42680 
40170 
40750 
44880 
22610 
43790 
42730 
57190 
52390 
45350 
46930 
42470 
44140 
43630 
64280 
65390 
49960 
44670 
45900 
42980 
42820 
45600 
40090 
53370 
49970 
50610 
42040 
52990 
45090 
50310 
42820 
22890 
53480 
41390 
47810 
28030 
49880 
49450 
38110 
1989150 
50040 
47210 
36860 
25660 
55140 
47690 
38250 
21400 
59800 
49540 
49220 
20980 
52220 
72860 
22010 
24750 
50800 
43480 
21130 
93140 
58470 
40870 
21950 
22020 
70000 
67810 
25010 
49610 
49120 
38860 
24740 
48400 
53940 
42090 
21730 
57850 
49870 
48850 
24600 
47600 
47660 
51880 
22870 
60320 
46050 
45250 
26210 
52360 
52770 
42910 
21730 
53230 
72180 
49640 
46510 
50130 
44390 
44780 
40960 
56800 
40380 
24020 
43300 
49010 
42420 
22210 
51730 
48780 
42120 
21810 
52230 
43890 
44420 
23910 
51400 
61780 
55160 
24840 
55270 
76970 
48010 
39980 
53250 
44500 
74900 
49150 
49720 
53170 
52430 
22100 
48500 
38760 
42430 
50920 
45100 
47630 
51370 
45550 
49200 
47680 
45140 
45930 
47960 
66920 
28120 
60160 
38510 
40630 
25640 
50790 
43540 
43570 
21040 
50190 
43860 
45140 
21160 
46720 
41470 
47440 
47000 
49230 
37950 
41690 
51750 
60670 
50300 
44490 
45240 
80180 
59000 
54880 
47200 
38050 
47190 
50740 
46770 
40670 
43080 
46540 
48320 
59710 
60660 
57140 
50560 
55720 
49280 
1101120 
45150 
42280 
52200 
50570 
46970 
39290 
50420 
53450 
47910 
44490 
41570 
48000 
47320 
45350 
41750 
51730 
39470 
45050 
46500 
58380 
43280 
43800 
42950 
52130 
42450 
49720 
43490 
65280 
48180 
45690 
1132560 
69620 
40100 
45870 
1088390 
50870 
40320 
44050 
48940 
47780 
40710 
44510 
47740 
47920 
50530 
43510 
50700 
61400 
49710 
48520 
49710 
45280 
42510 
41020 
54260 
40530 
44700 
42880 
42600 
43040 
44090 
44350 
43790 
42130 
45510 
1100900 
40870 
41450 
40360 
51540 
43130 
38520 
44230 
46100 
40570 
45760 
42910 
65730 
46320 
41140 
49880 
49890 
42250 
41420 
41930 
51100 
78920 
53400 
45580 
48010 
43710 
43960 
48090 
45520 
46040 
50350 
47680 
48540 
45560 
43930 
64730 
47800 
42490 
48290 
43200 
43150 
47500 
46840 
47590 
40570 
21240 
47030 
59140 
23620 
22470 
48050 
24710 
23400 
46430 
43290 
44840 
23520 
100620 
44700 
45310 
21520 
45950 
88270 
49720 
23440 
47220 
45060 
51230 
22980 
47700 
45620 
32080 
24860 
52290 
49610 
25750 
1107790 
47000 
49260 
22390 
23820 
44720 
47070 
23280 
48360 
47660 
43790 
21420 
94790 
71000 
24020 
25920 
47570 
26970 
22360 
22180 
20640 
21500 
23560 
21740 
22880 
20820 
43360 
1054970 
25140 
23700 
46950 
42090 
43650 
24060 
21700 
46710 
80570 
25650 
24270 
24450 
24700 
41340 
22250 
24640 
23320 
32090 
23650 
23210 
24950 
23170 
22120 
22630 
22720 
23820 
27120 
24330 
24270 
51290 
43680 
44970 
44240 
47070 
41470 
28680 
25440 
45920 
24250 
22980 
40600 
24370 
55160 
25620 
43020 
1074710 
25960 
46530 
23930 
43940 
21520 
46220 
48130 
43440 
46490 
41630 
44400 
45900 
63230 
51780 
44670 
45050 
46740 
43120 
46530 
44000 
42440 
46650 
45030 
43740 
44400 
42670 
62110 
50740 
47610 
23180 
42490 
29550 
23140 
22090 
44460 
46850 
26040 
26100 
22690 
25850 
23870 
1062990 
26600 
22910 
23730 
22290 
23860 
26090 
24160 
24180 
27780 
45920 
44910 
23150 
95570 
42770 
47990 
51490 
46260 
48360 
46960 
39790 
60910 
55730 
44880 
46460 
44490 
48280 
48790 
51180 
46930 
47360 
40830 
48440 
48860 
50270 
62690 
48040 
53450 
52440 
42330 
41350 
41320 
61340 
43020 
44110 
25040 
46660 
51550 
49320 
49060 
49100 
37050 
41890 
52090 
45350 
44490 
42520 
45690 
48920 
48350 
51130 
49400 
39510 
46480 
46490 
50860 
39890 
41100 
45340 
49860 
39780 
31920 
1123630 
55750 
21780 
21540 
49750 
43600 
19690 
25230 
49070 
46250 
20720 
22710 
57680 
77360 
31160 
24190 
56550 
44190 
22200 
24510 
49660 
39090 
23680 
24810 
53270 
48970 
23980 
58310 
49060 
18560 
24310 
47860 
46350 
21240 
23660 
49930 
43380 
20330 
25320 
51000 
46600 
20530 
22750 
52540 
45540 
23350 
21450 
46440 
42990 
32510 
24910 
53070 
41070 
21270 
22350 
52380 
41870 
20840 
23740 
52370 
39400 
23370 
49690 
43910 
43760 
22660 
49370 
43310 
62460 
26080 
61230 
68190 
21160 
22090 
52620 
57260 
22430 
23310 
51620 
43350 
24720 
21900 
49800 
41470 
21280 
57440 
46250 
44400 
21240 
48160 
48960 
44300 
23660 
50380 
43710 
47320 
22250 
52810 
39990 
61420 
26690 
56790 
42260 
44330 
20000 
49390 
42830 
42580 
47730 
43680 
41770 
48570 
47550 
48150 
39810 
21040 
53370 
43660 
32140 
23810 
44450 
29160 
47660 
21470 
48850 
51840 
26290 
22980 
24730 
25160 
22030 
22030 
24370 
23250 
23600 
22600 
22500 
24010 
49730 
1073750 
44390 
43340 
46770 
44660 
46380 
40650 
44100 
43960 
65430 
62600 
22550 
41450 
44870 
45760 
22660 
47830 
43670 
45490 
23830 
41650 
44850 
43170 
42180 
45610 
44820 
46770 
39280 
21170 
65030 
51350 
53910 
43980 
44110 
47540 
43170 
45620 
44500 
47240 
22920 
24610 
46860 
23240 
21290 
48490 
47710 
22350 
59520 
43390 
72050 
24060 
52590 
51890 
46030 
20620 
49740 
46920 
47990 
20670 
21540 
62050 
51800 
23890 
45030 
44580 
46900 
23000 
45590 
45850 
21580 
23150 
24160 
47790 
43220 
20220 
22920 
50330 
41710 
21980 
21870 
47360 
22270 
22840 
45050 
62810 
20670 
55840 
52690 
47560 
23740 
45990 
45990 
45090 
21950 
24950 
1118840 
44090 
21270 
41780 
49020 
42060 
19220 
44640 
49330 
43690 
21660 
21540 
57660 
43750 
24820 
33070 
55270 
45410 
23780 
46650 
41200 
37870 
52500 
43320 
41050 
20600 
43000 
46450 
53060 
21620 
46550 
43180 
42330 
23520 
47030 
52000 
43410 
21610 
52380 
64830 
56180 
22380 
44290 
44660 
45660 
23720 
44670 
41720 
45590 
46850 
43610 
44100 
22450 
52690 
46240 
45730 
24950 
42080 
82580 
50260 
22390 
47340 
42110 
40700 
24570 
47880 
46830 
47580 
22720 
48390 
47860 
44630 
45400 
45270 
51930 
47150 
43930 
43030 
42520 
22240 
50410 
60990 
45250 
22680 
46280 
42370 
42830 
23800 
43620 
64340 
51860 
24510 
53810 
43550 
41790 
23080 
48340 
41590 
40240 
1104160 
44820 
42380 
41540 
44330 
43050 
40090 
22900 
46050 
64490 
47460 
22690 
49410 
40310 
42990 
22760 
41960 
51340 
45350 
24800 
43760 
38620 
45630 
54740 
46140 
40950 
41780 
47950 
46660 
39710 
43820 
42040 
43620 
44200 
42410 
46400 
64840 
42900 
28860 
50570 
22080 
22070 
23410 
53020 
21250 
33960 
26000 
46370 
44780 
45290 
24580 
44900 
38660 
47290 
1110200 
40680 
23270 
45130 
47680 
45040 
21760 
25400 
45430 
43780 
24180 
24610 
57270 
23760 
22740 
25520 
46990 
31390 
23940 
24330 
46550 
24690 
24500 
21830 
44310 
22420 
24940 
22320 
66600 
23300 
25100 
49970 
20450 
24070 
21770 
43290 
24930 
23940 
24400 
44640 
42780 
32670 
27460 
50060 
27000 
21180 
23880 
44990 
23140 
21100 
20440 
44520 
24090 
22500 
43250 
44780 
24650 
24370 
46770 
46240 
19240 
22280 
50200 
59190 
23970 
23140 
43340 
49900 
23300 
27560 
46540 
21860 
24160 
22780 
45850 
21970 
21960 
1081870 
47150 
23460 
22180 
41880 
45590 
25050 
25330 
47230 
69310 
23140 
24220 
45360 
45250 
33100 
26330 
51700 
60640 
24780 
23010 
43250 
46250 
23060 
22380 
44140 
42520 
22670 
46930 
46630 
45950 
22910 
47930 
47480 
45400 
23680 
45330 
47500 
47070 
22840 
48460 
44470 
42880 
25530 
57950 
46480 
44580 
21170 
92260 
87730 
23020 
22300 
21710 
27840 
24980 
22600 
89030 
57070 
21830 
48030 
42300 
44710 
20470 
48700 
47810 
50980 
24900 
46910 
88540 
54320 
31430 
52930 
40760 
46010 
27050 
49010 
43300 
43090 
22320 
50850 
50890 
44720 
53900 
41210 
41060 
59990 
49440 
45540 
38460 
21990 
47140 
74990 
48350 
22420 
48880 
24750 
50530 
26730 
23040 
23490 
52070 
22940 
25960 
23560 
52090 
21840 
60770 
28050 
54670 
61550 
58660 
25400 
48900 
48200 
24170 
51610 
52190 
40220 
43870 
49450 
68670 
22730 
44870 
22940 
43540 
19840 
26040 
51070 
21710 
20430 
21130 
70630 
24330 
24070 
24130 
47100 
22010 
26610 
24260 
49370 
19410 
41320 
49600 
43580 
21870 
43560 
42330 
47880 
22570 
48120 
49770 
42010 
22020 
49120 
72130 
42150 
19350 
44420 
46530 
42580 
22340 
43410 
58200 
56660 
22090 
49250 
45980 
47430 
50790 
45010 
66880 
48790 
44680 
50610 
41870 
45330 
44390 
45420 
23580 
46470 
49530 
46790 
38540 
25090 
50250 
45310 
22650 
40610 
46180 
46350 
40600 
43900 
40700 
43310 
48020 
44580 
46090 
41410 
41570 
49630 
50480 
47370 
41130 
42220 
46220 
45280 
23950 
47760 
43740 
25680 
1083740 
47380 
43670 
20720 
46320 
46350 
47470 
24820 
44810 
47250 
48420 
22550 
46040 
43420 
41980 
32490 
51700 
46720 
44020 
22010 
47460 
46970 
47740 
43830 
44360 
43420 
47600 
41710 
42060 
40600 
45470 
43920 
62820 
44760 
41810 
41950 
48420 
44790 
22390 
43130 
39660 
53630 
25600 
44510 
44220 
41900 
59490 
57280 
61450 
44480 
21220 
60310 
24310 
45660 
23800 
59300 
46520 
48930 
90780 
88700 
66710 
45790 
25580 
48750 
44880 
61540 
25470 
27270 
24020 
49680 
24230 
22760 
46490 
23840 
24120 
21700 
44110 
22920 
23040 
23170 
64500 
25920 
28560 
25490 
46110 
24010 
22250 
23110 
51640 
25020 
23710 
23350 
42840 
25520 
24240 
24680 
1084200 
23750 
26460 
66230 
48210 
22350 
22110 
48040 
23930 
24170 
23760 
45740 
24750 
29700 
23690 
46690 
23890 
23950 
25950 
62850 
27280 
23430 
23570 
49430 
24120 
24980 
22890 
1099090 
25930 
25120 
92060 
45050 
22020 
24470 
47550 
44560 
23840 
25130 
47940 
48060 
21870 
25150 
43280 
44730 
25770 
24390 
45860 
22610 
21500 
30340 
1137560 
27400 
22600 
21260 
1079130 
24530 
23830 
22260 
48290 
25600 
23970 
26730 
54660 
27040 
27520 
49520 
44470 
22010 
21570 
42410 
45470 
22360 
22530 
43830 
64980 
28380 
24100 
1132770 
20360 
21100 
22270 
1059610 
21450 
20830 
21100 
22230 
26040 
25210 
22250 
21760 
22310 
23470 
20620 
22340 
21130 
21630 
1164730 
25290 
20310 
25280 
45350 
24780 
23200 
26250 
48280 
18270 
22180 
22660 
50360 
20540 
20040 
21910 
23180 
20780 
22250 
20490 
21540 
25150 
22110 
23040 
22010 
21110 
23960 
23570 
38680 
27510 
21990 
49720 
22180 
24040 
22740 
47710 
23090 
23150 
23430 
43530 
20270 
22490 
22110 
48030 
21020 
22070 
24110 
50500 
18720 
22720 
21500 
45480 
22120 
24880 
23530 
48220 
18520 
23540 
24360 
43710 
21590 
21710 
48470 
22580 
23790 
22750 
48140 
26840 
26470 
24280 
43720 
23730 
24010 
23350 
45420 
24450 
58020 
24430 
60950 
27650 
31480 
24030 
43990 
28260 
25470 
24360 
43150 
23560 
25500 
71680 
47990 
21890 
24250 
49050 
48160 
22060 
23260 
41890 
47110 
23740 
24030 
44740 
23710 
23490 
26630 
45380 
24660 
25010 
66750 
49120 
24800 
25020 
25220 
45930 
24770 
24690 
25900 
46530 
22040 
25610 
25000 
45190 
24490 
23620 
24430 
1092760 
21710 
24140 
23230 
1086690 
25470 
21800 
47800 
78190 
23500 
25670 
48940 
48120 
20420 
22590 
56130 
44400 
23760 
20930 
49020 
46430 
21320 
22570 
45720 
40170 
22260 
23600 
48930 
43370 
22930 
26100 
53530 
41240 
21160 
21940 
44160 
49910 
21210 
47900 
43610 
43040 
22870 
24710 
50690 
46320 
21270 
45780 
47780 
43960 
22790 
41660 
45630 
45400 
22760 
25080 
47890 
43900 
23730 
33130 
52490 
43850 
22270 
27880 
47920 
47720 
21990 
42010 
50790 
44650 
44120 
45360 
43330 
45600 
44310 
45810 
46040 
40120 
46040 
46930 
22630 
44820 
46850 
45030 
55650 
23110 
44420 
1209560 
47210 
52620 
43560 
45730 
42830 
43120 
43720 
42510 
45360 
42700 
38840 
45250 
1117140 
45470 
40300 
43730 
50790 
43440 
41750 
49000 
45480 
58520 
50360 
45080 
48940 
56020 
40870 
46890 
49510 
41980 
40960 
47050 
49200 
41720 
44980 
20780 
44580 
43120 
44030 
1113360 
53430 
39840 
44760 
48290 
46450 
41200 
42810 
20120 
67750 
23200 
23780 
48690 
38710 
24630 
23970 
49210 
40600 
22090 
27620 
57400 
44050 
19660 
1097250 
44870 
41210 
20950 
48060 
43570 
41370 
25240 
46800 
44110 
48460 
21260 
49160 
41750 
26360 
33370 
48510 
26340 
21780 
23010 
45960 
19630 
22630 
27750 
24640 
19800 
27830 
60140 
49030 
20270 
23070 
44120 
62950 
23900 
23780 
26890 
20640 
21110 
23390 
47120 
45420 
19560 
20840 
47610 
41660 
22930 
43980 
43030 
22690 
24000 
49960 
44020 
19690 
24200 
47960 
43020 
22090 
22530 
47480 
45370 
20540 
22670 
44020 
39880 
29650 
30310 
51690 
42040 
20360 
1082260 
45480 
46900 
21040 
46710 
46110 
43700 
21800 
44800 
44340 
45140 
22080 
46020 
45250 
40010 
22310 
46050 
49260 
22770 
21290 
46110 
44710 
21430 
1098140 
43540 
42880 
23890 
50520 
26010 
25330 
22090 
24880 
25420 
24140 
25390 
24010 
48280 
48810 
23350 
47270 
45200 
47810 
1034520 
44350 
44730 
56020 
55380 
26770 
23170 
48750 
21160 
72540 
166110 
47070 
24270 
43850 
40400 
44510 
43680 
44810 
40580 
39370 
46080 
46650 
43890 
50830 
43440 
