72780 
61810 
48920 
50320 
50620 
45380 
46130 
663810 
39770 
45130 
44860 
46380 
47390 
49910 
44710 
45890 
40480 
39310 
45150 
44160 
43110 
45830 
47380 
46880 
43760 
44870 
39010 
41150 
43260 
46290 
49930 
44500 
44160 
45310 
42900 
41390 
42460 
40890 
44660 
42530 
41270 
41580 
44160 
47800 
37590 
40270 
41960 
41390 
42300 
44090 
41860 
44840 
42130 
43650 
41190 
42740 
41210 
39850 
43100 
45960 
42540 
43200 
42730 
39080 
43870 
41440 
41480 
40730 
43340 
43710 
46920 
42970 
41350 
36430 
42600 
41500 
42310 
41110 
41130 
41880 
57320 
46980 
38700 
41020 
43010 
43650 
41010 
42020 
41680 
45590 
46770 
43770 
36790 
40370 
40770 
47490 
43650 
41110 
44460 
43010 
45080 
42450 
36430 
39040 
40220 
42190 
42550 
43920 
43570 
43080 
43980 
38770 
40210 
21820 
43520 
38010 
22550 
38430 
42260 
41070 
46010 
21800 
44650 
37180 
42860 
38780 
41260 
23640 
45610 
34500 
41810 
23540 
49940 
35760 
39190 
39880 
40540 
23670 
38620 
39880 
40630 
42410 
43640 
45720 
38570 
39730 
40580 
41300 
44380 
42620 
41060 
41050 
45520 
40960 
40780 
40190 
41560 
58780 
50160 
44810 
41470 
40410 
42730 
40700 
42700 
40260 
40740 
41570 
44630 
43450 
44820 
41350 
38500 
42580 
43310 
41340 
40330 
44850 
43410 
45930 
18200 
38460 
562200 
45160 
43600 
20720 
20220 
19900 
21690 
20910 
20240 
19920 
38210 
23150 
45340 
19610 
36470 
21920 
39420 
43780 
47070 
35990 
21870 
39780 
42920 
22370 
23200 
20310 
23440 
21480 
20760 
22720 
43350 
17730 
43660 
17250 
43910 
39270 
45160 
42580 
48190 
39530 
54100 
41100 
41920 
39420 
42420 
45940 
42740 
42970 
21390 
38600 
23450 
45230 
17880 
38260 
43000 
42750 
40880 
40100 
40460 
43970 
45900 
39520 
39410 
41730 
41500 
42680 
42560 
41660 
39960 
43680 
43220 
39600 
39720 
38900 
40500 
40140 
42910 
42370 
42340 
43900 
42440 
38610 
39790 
39870 
39370 
40090 
47130 
43330 
43500 
45320 
35880 
41010 
43810 
40660 
40050 
39730 
42400 
46400 
44720 
43080 
36750 
40540 
42740 
39780 
39800 
40770 
42240 
45390 
43360 
37500 
40670 
42010 
43110 
42550 
42360 
40840 
42380 
46230 
561200 
38600 
39610 
43500 
41340 
42230 
42610 
43500 
43370 
42660 
38910 
40750 
40150 
39590 
40330 
44870 
41460 
40800 
45330 
44160 
42550 
42380 
42980 
43760 
41090 
43870 
40930 
42310 
46190 
628130 
47820 
39470 
39840 
42130 
40950 
45650 
44740 
43330 
41430 
45400 
38270 
43870 
42630 
41330 
43380 
55630 
50720 
43030 
558240 
36880 
39260 
45970 
43920 
43370 
42400 
40950 
45410 
43740 
36170 
38840 
40200 
41120 
42540 
42950 
41180 
43370 
43880 
38970 
39540 
40710 
41730 
42250 
44320 
42230 
40420 
46000 
38910 
42450 
43640 
42550 
43010 
41580 
42770 
44360 
40490 
43020 
37060 
39300 
49280 
42470 
803500 
42960 
42820 
47350 
45760 
42080 
42870 
42690 
40130 
40410 
42410 
41850 
45220 
45490 
44670 
41620 
41690 
36090 
40700 
42030 
41890 
45860 
41400 
61330 
48420 
41660 
37920 
40080 
43610 
46610 
43330 
46120 
45120 
46170 
45540 
41650 
36880 
39440 
41490 
43850 
48050 
45080 
45320 
42700 
42910 
38290 
79140 
46980 
43720 
43290 
47290 
45340 
43720 
44090 
43960 
37740 
43740 
41990 
43640 
37430 
25970 
51250 
35280 
41310 
21820 
48150 
37270 
40760 
39530 
41440 
39670 
46720 
540080 
45570 
36900 
42850 
52950 
22190 
21430 
20880 
21090 
23480 
22140 
22500 
43250 
17890 
45180 
17710 
45020 
38150 
22250 
44850 
43950 
36720 
44470 
34050 
40080 
43520 
41750 
41340 
40750 
39840 
23140 
39670 
21730 
22250 
45120 
18980 
39030 
41070 
42550 
38870 
41520 
42090 
40890 
42450 
41840 
39800 
44630 
41540 
40870 
39800 
38500 
41780 
42290 
41220 
40660 
41270 
43720 
42560 
42530 
42340 
40700 
44490 
45520 
42630 
43580 
41380 
42190 
43600 
43130 
40500 
40760 
40960 
559710 
41310 
42290 
40310 
44050 
44550 
41840 
42810 
40730 
40650 
43610 
49530 
44920 
42470 
35610 
41280 
43360 
45290 
47100 
42270 
44340 
44890 
43090 
37090 
37740 
40320 
42090 
41650 
44640 
43050 
43620 
44570 
43890 
37180 
40900 
41860 
42530 
47000 
43310 
45430 
42590 
42900 
40130 
38600 
39580 
40480 
42120 
47330 
44370 
45340 
42610 
41880 
39180 
38920 
39030 
57100 
49740 
44330 
45100 
41800 
41850 
37680 
41730 
41930 
40520 
45970 
42740 
45620 
44300 
41780 
37950 
39170 
41140 
43680 
42690 
45020 
44210 
43680 
43510 
41820 
38780 
39250 
40310 
41050 
47640 
42070 
47250 
44010 
43540 
37640 
39440 
44380 
41560 
44950 
46860 
47930 
43520 
43720 
42120 
39350 
40510 
41240 
41810 
46680 
46770 
45030 
49520 
45230 
36320 
41210 
40420 
45430 
46080 
41220 
46270 
44220 
40770 
36370 
41870 
41140 
43110 
40850 
43020 
43380 
43010 
45820 
38320 
45040 
41250 
41260 
45270 
42520 
45410 
45820 
45040 
43230 
37040 
42510 
41920 
41350 
43240 
42800 
43540 
44980 
42460 
39890 
46340 
45080 
44420 
42570 
44010 
44790 
45330 
43270 
46120 
40040 
44220 
46060 
45670 
42810 
46450 
40020 
41540 
40400 
41080 
42870 
50490 
44500 
42420 
35330 
40370 
45850 
45880 
41010 
40220 
42340 
43580 
47190 
36170 
38580 
38830 
40270 
46100 
41830 
41310 
43110 
46890 
44560 
40030 
40890 
41140 
40070 
45490 
42020 
45640 
43350 
42920 
37800 
42050 
40480 
40680 
41200 
40760 
43350 
42910 
80670 
560480 
37330 
50030 
43790 
42340 
40620 
40250 
47030 
42450 
41380 
36490 
38770 
43190 
41590 
41870 
44370 
40870 
46310 
46270 
43660 
36860 
39300 
41690 
43250 
41800 
41430 
42760 
43460 
44030 
40840 
36410 
41640 
39860 
47310 
39600 
39770 
42130 
42630 
43580 
45140 
43060 
43130 
44310 
39660 
43320 
40730 
39950 
41030 
42260 
45140 
47550 
45290 
43840 
38500 
44840 
43270 
42280 
42730 
41190 
44650 
42560 
41610 
39640 
39220 
43830 
40180 
39700 
43540 
42430 
44470 
42290 
41620 
39550 
39550 
42190 
43370 
42220 
43270 
41350 
46300 
44630 
40900 
41410 
41020 
41100 
42850 
41530 
44850 
41550 
40830 
39730 
45880 
561040 
38940 
39590 
41420 
41670 
41550 
44380 
43550 
43030 
45260 
42680 
42910 
42070 
41100 
44320 
42080 
47500 
43840 
40610 
44980 
38420 
39200 
40870 
40830 
43210 
46610 
43040 
43320 
40250 
37480 
42050 
41100 
42270 
41040 
41820 
47810 
44230 
41950 
41980 
35860 
43340 
41000 
41380 
41720 
42020 
45510 
41980 
43640 
36850 
38210 
43000 
43200 
42040 
41490 
43970 
43770 
42860 
42240 
36790 
38830 
42850 
49600 
44220 
42190 
43180 
46010 
44280 
40390 
35680 
38410 
40340 
42520 
44230 
43650 
43970 
40600 
44480 
38410 
40560 
40970 
40800 
41930 
45560 
43640 
42440 
41470 
43130 
39550 
39480 
42110 
42760 
42900 
47710 
41360 
41320 
41990 
38110 
45250 
43390 
40450 
41990 
42060 
47970 
44180 
41910 
42940 
36910 
41560 
42750 
39470 
44670 
43330 
42870 
43060 
42540 
36220 
39580 
39590 
43760 
40520 
42980 
41870 
43600 
43800 
42960 
37770 
39950 
40200 
45490 
43560 
42720 
42700 
41100 
42250 
43920 
38780 
41650 
41110 
42110 
43240 
44560 
43710 
41450 
44030 
41400 
46990 
45510 
42810 
44450 
560640 
38090 
37780 
46610 
39480 
44390 
42910 
23240 
38410 
21250 
36870 
24330 
38270 
21030 
40870 
23670 
46770 
41030 
42290 
40340 
43240 
45910 
40600 
37260 
39470 
40270 
43940 
42620 
556930 
59900 
38800 
40850 
42670 
41300 
43370 
41250 
43230 
44610 
41700 
43520 
43090 
43480 
42760 
43770 
42960 
41820 
43390 
558250 
45110 
42800 
38510 
43860 
43310 
42410 
40710 
41110 
42560 
40970 
42330 
42240 
39360 
43120 
41510 
43180 
42020 
42470 
557500 
41010 
45440 
43950 
41820 
42120 
41540 
43800 
44210 
555970 
40140 
40400 
41700 
45360 
46340 
41890 
42080 
43640 
37890 
23000 
22890 
35930 
41400 
42750 
41050 
23110 
33930 
24080 
38680 
22590 
34990 
22770 
37760 
9701120 
41430 
23000 
43940 
36450 
43770 
39830 
43720 
24240 
41730 
39960 
41890 
25430 
558860 
35690 
57170 
46890 
42750 
36780 
39270 
41160 
41150 
44860 
46110 
44650 
44550 
44670 
43880 
37860 
39680 
41410 
43340 
48010 
43470 
43860 
41900 
42240 
40280 
39470 
40490 
41180 
43940 
48310 
45490 
45440 
44880 
41070 
36950 
42900 
40890 
44660 
45850 
43130 
45770 
43570 
43750 
36740 
40390 
42370 
41870 
41620 
43930 
45280 
45430 
42170 
561170 
36120 
38730 
45690 
46820 
45700 
44680 
43120 
43190 
560210 
44670 
42180 
40890 
43520 
46780 
48180 
43070 
42750 
563840 
38320 
39200 
40490 
42470 
44080 
46550 
43170 
42800 
41490 
36470 
41960 
40100 
40680 
45230 
42030 
44360 
45530 
44580 
38670 
39670 
40240 
42730 
41600 
44900 
43490 
44160 
46740 
41530 
37770 
39250 
39070 
45680 
45280 
41690 
46720 
41800 
47050 
36290 
39440 
40260 
39800 
44420 
46340 
46370 
41760 
42500 
562780 
38960 
43730 
41620 
41320 
46860 
46770 
45080 
42700 
46230 
38140 
44540 
42530 
44400 
45270 
42430 
46620 
44230 
40580 
36500 
38950 
46310 
44900 
46990 
45840 
45410 
43550 
46130 
43630 
36430 
40290 
40130 
47420 
47470 
42710 
44800 
45710 
45100 
599570 
52510 
41250 
41670 
44720 
44560 
45730 
43450 
43260 
563900 
37600 
41220 
42100 
41820 
45300 
46770 
44770 
43100 
559900 
37400 
43510 
41060 
42570 
44200 
45440 
51310 
43110 
561380 
37030 
39280 
43450 
43580 
44910 
43540 
43310 
55700 
568520 
39240 
41660 
46980 
47090 
47550 
50060 
42960 
43720 
563330 
41120 
41550 
40310 
40610 
48020 
53770 
44240 
44370 
560280 
36730 
41870 
41750 
41240 
44820 
45100 
44140 
45960 
562620 
37260 
40250 
40550 
43160 
44990 
43210 
46880 
42880 
563240 
40770 
44390 
41360 
43050 
46960 
45700 
44600 
43620 
559130 
40860 
40480 
45040 
41610 
47910 
49940 
46200 
42370 
559950 
36000 
39600 
43810 
42260 
44710 
46280 
44550 
43340 
41010 
36440 
40380 
44010 
45300 
45940 
43010 
43470 
43180 
44650 
36580 
42430 
40300 
40720 
44000 
45430 
46740 
43080 
42950 
563180 
39750 
41780 
40600 
40300 
47250 
46970 
43590 
44680 
559770 
37530 
41960 
42090 
40590 
44420 
45770 
44690 
44300 
560320 
36380 
38940 
43900 
48630 
43990 
44010 
42050 
42600 
38680 
40180 
41930 
40570 
41960 
47050 
45320 
43600 
40770 
580140 
42180 
41260 
41780 
42080 
43840 
48830 
42990 
43840 
49220 
45500 
46150 
44140 
42470 
37390 
40180 
42570 
42890 
45710 
45870 
46570 
45480 
49310 
562570 
37160 
43310 
40200 
47400 
43470 
44200 
44980 
46230 
40970 
41930 
41750 
41320 
43030 
46940 
49500 
42950 
42680 
559730 
37120 
42710 
41340 
44310 
42000 
45580 
46250 
42390 
38260 
45390 
43780 
45150 
41680 
44500 
45130 
40770 
45500 
556600 
45570 
42270 
40740 
45770 
45550 
44570 
45460 
42200 
561440 
38670 
41430 
39310 
41000 
47220 
48110 
41510 
45970 
561710 
38380 
42150 
39610 
42410 
44920 
44590 
46910 
43980 
562060 
36030 
39560 
41520 
41600 
45760 
42490 
43100 
44210 
562520 
40600 
40670 
40860 
43480 
49150 
47140 
48870 
43060 
560530 
41290 
40710 
40090 
42450 
44580 
48090 
45250 
46070 
561910 
38010 
41850 
44580 
40510 
45200 
45390 
47240 
43060 
42440 
40770 
41940 
46800 
47350 
45750 
42630 
41840 
36880 
43220 
44660 
44010 
42230 
44080 
48880 
60130 
52990 
560500 
38640 
42840 
44140 
42160 
44240 
43520 
46550 
47510 
560840 
36140 
75740 
47510 
48580 
57680 
47100 
41530 
21530 
45340 
20660 
41790 
19930 
47800 
41620 
40630 
44560 
17660 
43080 
43040 
46350 
21280 
38700 
38570 
46360 
47020 
41540 
19890 
37510 
39370 
63050 
17620 
38650 
21270 
44420 
43520 
43010 
44530 
43590 
37090 
44340 
42970 
40260 
39760 
42390 
47570 
46270 
42690 
41030 
36870 
43080 
42360 
39940 
46470 
45670 
45300 
46130 
42200 
35770 
38290 
39990 
43360 
40830 
43600 
43050 
42020 
46130 
41430 
40320 
41040 
41820 
42740 
44220 
45680 
41640 
42040 
42780 
38130 
41240 
42070 
40050 
43170 
46500 
42890 
41760 
43900 
38170 
43560 
44240 
43340 
41390 
41710 
46660 
42680 
42620 
42010 
37170 
41830 
42630 
40810 
40510 
44030 
44080 
44200 
45300 
44750 
41610 
39890 
44950 
41790 
43320 
39740 
41320 
22980 
46600 
19170 
69410 
38460 
48290 
43760 
20840 
60020 
20460 
57820 
20800 
20500 
24690 
43080 
17470 
46280 
18060 
44160 
18700 
49400 
38400 
42270 
21140 
43800 
46410 
41480 
45960 
43770 
41730 
43680 
50110 
48880 
43820 
40770 
41540 
39940 
45290 
43830 
43350 
45010 
41880 
24530 
60860 
40900 
36600 
39520 
107120 
43910 
43490 
40910 
40790 
45490 
46010 
43070 
17720 
43600 
21650 
43930 
22770 
62490 
20430 
45090 
55600 
20960 
45020 
33290 
46560 
20830 
42360 
40240 
46210 
19840 
41640 
42790 
47330 
18530 
39450 
42880 
42870 
46930 
18010 
21060 
20540 
21820 
22280 
21080 
20470 
38980 
24840 
41970 
42970 
35040 
42610 
43960 
44290 
42040 
44480 
42010 
44800 
47340 
43620 
36930 
40200 
39560 
45220 
42460 
46310 
44750 
42390 
44670 
44900 
35980 
40470 
40490 
44000 
42880 
45010 
44800 
42560 
43090 
39320 
40180 
40280 
40460 
41420 
47930 
47340 
43130 
42210 
42690 
40040 
42150 
42360 
40090 
40010 
45210 
46490 
43360 
41230 
41640 
38190 
46190 
43370 
41790 
45240 
44530 
48460 
43810 
41910 
35340 
40610 
44240 
45400 
41870 
44650 
45250 
49430 
53250 
43500 
38660 
41860 
43570 
45180 
42570 
44930 
45910 
45050 
46080 
41620 
35490 
40250 
41790 
44080 
47560 
44870 
44550 
44150 
46980 
38530 
39410 
41060 
55250 
59520 
51440 
47600 
42010 
41460 
39240 
43600 
41760 
42610 
42140 
49350 
46770 
43130 
41390 
41340 
39380 
43030 
39870 
42130 
40210 
45970 
47900 
45150 
43660 
40910 
36620 
42870 
42200 
41580 
43780 
42500 
42010 
44150 
42440 
41840 
41190 
41580 
42920 
42470 
42080 
43200 
42940 
44530 
41830 
37650 
41470 
40140 
48030 
45220 
41780 
42510 
43180 
45190 
37690 
39560 
40470 
40510 
41070 
45990 
42200 
44050 
43690 
43140 
39710 
39430 
39790 
40740 
41720 
45200 
42710 
46470 
40950 
44040 
42940 
43810 
43800 
40910 
43950 
45830 
42820 
41600 
42780 
38110 
55350 
47220 
40870 
42830 
41450 
42860 
21310 
40360 
38620 
43880 
23910 
47040 
35320 
43240 
45730 
44090 
24020 
44720 
33900 
40650 
43470 
558630 
39920 
40590 
41150 
42220 
556800 
44300 
45640 
42880 
41610 
43480 
43430 
41640 
39850 
39200 
41780 
56030 
44370 
569930 
39420 
44150 
45640 
561830 
36870 
39710 
39270 
46620 
46380 
45550 
42680 
42690 
561600 
41230 
40660 
42940 
41490 
46040 
46980 
43130 
40870 
43050 
38860 
43490 
40080 
40130 
58950 
48880 
47950 
45170 
41220 
