52301
29510
24970
24130
26080
24780
25050
25080
24820
24980
26210
24600
27590
24380
24350
24080
77580
77970
70230
77280
77570
70721
74430
71880
73960
74640
76960
73630
75180
70010
73800
76210
69111
77110
73370
85101
82910
78000
77450
73830
71510
76940
82240
76130
76160
71100
74011
77800
72280
76780
71940
75270
74490
76300
72890
74160
70731
71840
76770
69920
75200
71200
73610
73650
76720
80010
74900
71360
73910
78580
70381
77500
70530
73410
76090
71910
74840
68770
76940
77880
75660
73120
77690
71910
75290
77640
72850
76600
72320
73860
73160
94291
79390
76270
70740
73010
77060
75610
80991
78630
75570
76100
70910
74921
69550
86881
67830
70900
72761
73900
70890
73960
76440
78920
77060
71841
78470
74480
75310
81740
114800
71340
73520
74420
76590
80600
75420
77720
81060
64571
79890
79390
74150
89470
76090
76570
77090
69940
75560
78760
82771
88230
92880
87091
81780
79060
86600
158510
75081
75370
90531
74240
76160
72000
73950
77310
74780
77760
75460
77100
73800
77000
73170
76240
73701
74930
76910
71460
78170
71640
74140
73500
77860
80210
74461
87620
85010
88700
86100
82890
86430
79330
83730
70270
83540
73160
75730
81270
80260
78150
73230
89190
77500
75710
73610
99630
73890
75310
73070
76371
77740
73520
69690
74120
77230
80040
81730
78550
79280
81531
74930
102981
77250
81471
88840
81320
76181
81430
78970
83010
83040
75080
82800
76781
74710
78150
120620
85750
76380
76330
98010
83920
75340
82680
74740
79540
83160
76451
79760
78320
79900
80370
83030
77920
81420
76200
80460
86600
73501
84790
80020
79731
78700
81690
83500
78140
77841
160290
83841
81610
84490
77281
77700
85790
80240
83220
78620
81630
80430
81530
79100
79650
77711
76910
83390
74260
80600
80180
82230
77660
82670
88460
78761
76230
80290
84880
82410
82320
75790
80730
86320
78530
84980
80131
81160
82630
81600
83650
77130
73190
72600
77070
75790
83590
77360
80650
80980
82241
84120
79800
74100
75170
76710
76080
82240
81640
81230
82791
79940
232830
81440
82710
81520
85130
79271
80640
78510
77810
81980
77800
88450
80121
83130
80430
82960
88470
77820
78990
81770
81540
82910
84020
78430
80670
84440
79180
85910
80910
78170
81400
82890
79200
83291
77810
79520
82350
79020
82000
77470
80861
77830
82670
82350
77750
77761
81570
81441
82230
82420
77191
81430
83040
78210
83150
78640
78130
79731
83120
77740
81990
78990
76710
81920
76940
82110
78030
81660
78240
83650
86970
82451
77800
78970
83290
82120
84670
77990
78550
84060
77630
82150
74801
89050
78580
82190
80710
88940
77950
76880
83010
78100
80780
78360
78390
76620
80151
87440
78300
75800
74580
80120
77130
83470
76510
78980
81041
78250
77530
82480
81690
81900
129750
82410
80930
77960
79150
85100
80830
82410
81731
81090
78920
84600
84760
79170
77650
79810
80870
80770
76970
77180
86560
91200
80640
83780
80420
160391
83590
83320
77510
80121
77170
73090
79860
71370
82360
79720
80521
76620
83960
85000
81820
78721
78880
81461
75930
82410
77351
78630
89810
80190
81070
78290
81900
82571
81630
79270
84300
79000
79510
84320
79870
81010
79350
82380
78280
82080
86760
76761
77880
77490
115830
93260
83040
77550
79730
82100
81250
84480
78011
80700
81430
82921
78800
83110
77900
80150
86331
240500
85441
80870
85480
79280
82480
84050
72760
77820
74970
75700
73650
90830
79640
79330
84651
79300
83020
76720
80930
83800
82930
79600
81970
83770
78831
83010
79680
81230
80500
81170
76710
81890
87950
79890
76850
79610
82980
80050
98310
80590
81880
82490
79050
82290
83840
87150
82430
82570
77910
80631
76660
80840
81630
79350
82780
80360
84941
80380
81120
83351
78010
77021
78520
83511
84370
83920
76271
78970
83380
78840
81680
79470
80700
82041
82360
79640
85790
80390
81090
79820
86280
82260
78290
80510
77270
82270
88460
79651
94360
84260
83640
78070
82310
76790
77500
81590
79250
83690
80551
88320
75770
74871
80560
81670
78230
78390
79851
78010
83161
78390
80810
76971
80670
80470
78150
74890
77060
81020
86241
82820
75930
76750
83791
239470
81080
80530
86120
78360
81540
77820
80170
77030
79451
82170
82160
82060
78300
78180
85310
85070
86030
78180
75200
76461
79230
105310
85940
80310
78280
84210
78460
83190
79480
83230
79010
83130
77840
82401
80760
99930
88250
80060
83750
77890
79341
79380
82020
82891
81780
83741
82950
84080
83010
85630
77571
78990
83680
80720
84170
81560
82850
77031
81480
91780
90560
80200
79850
84480
80040
84550
78130
78240
77220
85360
93980
80150
78810
76110
85130
82800
83520
76840
86911
83650
78340
81900
79110
85210
77380
80091
80040
84250
96460
81260
83091
80060
84981
78470
83150
78531
79140
81320
78740
76550
75850
81180
82401
82430
77060
77250
81730
78650
83010
79220
83930
75550
81130
76980
160750
77350
77471
81310
80690
87230
88680
82790
78890
79730
88000
77660
78650
79771
83590
84420
83090
77220
78380
81920
81050
82370
77200
82100
83660
83980
79630
81511
78570
79060
84700
84750
83560
79550
81130
74640
85130
84401
80940
78020
83360
80360
82940
80570
77781
77430
83770
80550
82200
79390
80320
81011
81300
78070
81760
84230
87300
82750
80390
84430
80830
81050
227220
82690
84240
83080
78310
79600
82090
83820
83530
78960
77811
82750
80500
84080
77690
79950
81960
83951
78880
82170
80080
81380
82731
81380
82481
78720
79940
79471
83610
81070
73340
73460
74640
78130
76111
81640
74420
77320
82000
76880
82010
76330
79710
76430
76020
73360
75930
71060
65081
91180
77800
86040
78420
77220
80960
84800
86990
77600
76500
76511
77800
71810
79210
72810
92660
82400
80120
79040
75830
75471
77360
77660
74700
75890
72830
77190
78300
75120
78250
81020
76680
75340
77760
84411
76070
73450
76440
78280
75730
75860
71000
74180
78190
72941
78590
70570
74940
78080
74280
90590
82020
80420
77700
80000
72620
82890
75320
75020
74840
75850
82960
74040
74050
75300
77640
78570
77350
70130
77891
81870
236331
78840
74150
76660
77300
78781
77000
77460
74910
77880
79191
77110
79251
75780
75890
75401
76460
79360
74040
73930
76400
80380
76491
77010
77370
75570
77350
74600
76210
94290
81070
75620
78440
74020
81650
76490
81381
79930
75260
81600
78830
76310
75260
79620
83660
75820
74230
74961
80290
77430
81001
78640
75170
79130
72930
83431
76150
77421
78440
78610
75670
80120
82560
80000
80950
79540
80780
79720
79610
76390
80550
82001
79160
78470
75750
76330
76480
78560
70920
73020
80210
75991
74780
76070
92490
83320
77310
76130
77990
75280
79380
78450
76911
78420
78010
76380
74080
76110
83410
74950
74300
75970
77810
78740
83180
72450
76401
78890
75620
78690
75320
76090
80520
76861
75060
77580
73521
78220
79251
76810
78490
73460
75270
74371
76200
77480
75160
229860
75300
77640
77451
77380
73580
74770
90450
80330
79900
76250
74270
81600
77060
74660
76900
74350
77870
79550
75940
80420
73900
75230
76090
77030
83720
76270
78210
81161
81820
83780
83021
77960
82290
81890
80960
83201
78310
80761
81830
83710
77240
79180
78670
80340
81970
78530
84840
80281
80770
78360
82890
75810
77720
77510
79460
75870
122040
95040
78050
80190
84120
80061
77240
80490
81000
83160
80690
78930
81480
79100
81530
84800
79751
82260
79210
81500
77140
82190
87820
81740
79540
81240
83660
81780
84540
77190
79071
84130
80650
83370
77650
80590
79240
81471
74020
83030
77801
80320
84341
78500
81240
78560
80220
77711
84180
83480
77940
86730
83370
82940
80071
76400
96720
86070
89990
80600
85850
78590
82540
85410
83940
81870
80090
79110
79140
84360
76750
83850
78100
237650
78750
80361
87380
79000
78840
81440
82820
80540
81901
76690
79120
82730
80320
80131
78540
81531
80900
82040
76571
81930
78730
80040
83350
76210
81430
83591
80840
82060
85160
83230
82220
74750
97590
85580
82360
82290
74760
79160
83360
80071
84330
78270
82900
83430
82710
79580
80450
78360
80770
84740
81691
83200
79160
83020
78430
83020
86180
78410
77810
81100
82231
80440
82440
78190
80290
82820
78260
87350
77510
86610
80270
82210
75710
82850
81171
79650
82360
77950
82700
78490
80110
74911
96940
85660
81901
81490
81860
85970
82420
84670
76300
82280
85670
79280
83030
80910
88700
82730
83360
77520
82200
78730
80070
79460
83510
83320
79650
80510
84410
80971
87200
152800
80200
80130
83430
83050
75481
77570
78340
83871
79870
85571
80330
80271
80920
84440
81091
82010
76760
82430
83850
78890
80740
78221
78660
76510
71210
100840
85220
76620
79270
77820
76620
84230
76480
80000
84120
79991
81630
76000
78900
78680
76400
73720
75770
73840
76230
78490
76511
84290
79520
80030
79570
82420
87530
78290
79120
82040
84671
82580
83930
76270
79440
237490
81310
84670
79520
81150
82040
81920
79060
84540
79581
83020
83860
84190
85040
97260
87620
79250
81520
84110
78911
77930
80480
83590
82090
79730
75810
79310
83100
78720
83750
77601
82960
83500
82700
78530
81970
79060
81010
81390
78790
82980
79160
78930
76460
80301
88420
78900
78310
79410
84340
80390
82691
76070
85840
83821
77920
83011
79840
79490
82260
82970
77651
80230
78350
98861
91600
83810
83230
77961
81180
78940
81590
83740
78110
79250
80490
83050
83340
84870
77740
79350
83540
79060
95800
84060
83690
83120
85230
79370
82231
76870
78830
82020
74291
83480
77880
82041
83240
81990
85950
77410
79220
78840
83231
82920
82780
73720
85700
84260
78430
82920
78140
80680
81431
82700
94420
83490
80970
79300
90000
89320
84790
79440
80220
242350
83400
84280
76851
77320
79080
81310
81180
85730
78970
80020
82420
77460
83400
78341
79940
80560
80380
78080
81600
80200
79970
81680
78590
82760
78750
79810
77960
83971
89610
79950
78860
80540
88630
87550
85741
77330
79530
84501
78520
83401
77100
80200
85110
84670
85801
91930
79500
79100
89320
79620
84580
80611
80780
76370
82010
80810
78980
77040
81230
86850
81240
83610
81920
76670
77460
73580
80400
72920
76140
84760
81440
79840
82221
78980
80830
83960
79930
84130
79260
81961
78770
84540
88040
79290
76751
78850
83651
80540
75610
79481
78510
83940
79470
83540
77770
95710
77601
77120
74390
76040
71830
75640
76530
74060
83660
79570
80830
79130
83310
83870
78831
77970
77920
79830
79960
81690
75070
78250
82640
79460
81750
78181
78000
77470
81360
77700
79930
79830
81370
244341
82400
81621
77760
83720
80020
81701
88260
78170
88650
84390
85710
82050
81730
74840
80240
84181
81230
83201
77880
78620
97650
85810
80041
80490
78310
80601
82380
80240
82540
79091
82310
79180
79970
83450
79150
86020
78480
81800
81830
80740
76450
79550
83440
75920
82310
78300
84650
77670
80690
78230
80091
76410
79360
82580
81380
80550
78720
79491
79560
81090
86951
76520
78021
76490
80661
88140
94230
81331
79900
80470
96670
89560
78530
82710
80731
81830
80620
82180
79640
80070
82760
80800
83280
77810
81680
80090
82660
85170
77201
78540
78860
82400
82060
81740
77940
79420
84540
78340
88650
79191
80820
82750
84000
79860
87810
78030
78480
83390
81120
83231
78740
79910
78800
83400
86070
80220
77630
81310
86640
83600
98670
80310
80480
84321
81960
86170
79690
80810
82630
84770
241141
82990
78600
78141
78300
79900
81730
79280
80910
80220
82980
83800
79060
78140
79620
81830
78950
82080
75120
79630
83210
78300
82950
77890
78760
80220
76750
75620
79401
73220
73700
76570
73720
83520
77950
80811
81680
82800
87570
80730
78690
76960
77161
77920
82380
88931
91050
82430
76500
82980
78000
76720
81921
82110
78470
80340
77110
78780
72980
83350
83290
78320
77990
77040
80010
82620
78021
75990
78170
78550
76730
83350
76980
78150
82780
79590
83040
77891
76230
76450
76010
71580
76120
72930
72470
76940
72550
81961
76950
78490
77440
82801
87120
76580
76570
95910
84830
81290
82061
78710
81860
82271
77340
84571
78570
82320
81550
82660
76861
81880
77400
78441
81100
78310
81230
78681
81150
79870
82390
82200
79040
78710
80910
83480
81710
82730
77430
79190
84850
80730
243371
77450
81410
79260
82270
77650
79941
78120
78220
83930
79350
82520
78460
80431
77530
95600
90761
79860
78191
79300
82681
80930
82030
76641
78970
82910
77100
81640
77390
80960
74371
79220
76770
78960
76160
77090
80010
78510
83380
77240
78720
77120
80090
81880
79031
76770
80210
82820
83710
80810
75500
77620
82800
77540
81690
77701
78640
76460
81340
78670
80630
76050
78030
83340
80960
82221
78410
80540
78370
82340
91320
88780
79490
77810
84060
79600
82480
71890
79160
80681
78340
81021
75060
87650
77990
80870
76451
83160
78990
80621
82570
78140
82980
78290
82190
77280
82420
84880
80250
79340
80930
81480
83210
80920
77140
79580
82880
77560
82190
78960
84340
78130
81920
79240
84341
