102370 
51230 
46870 
45920 
49700 
45220 
42350 
565020 
44350 
47550 
47690 
44480 
45460 
48020 
46090 
47480 
44770 
41930 
41920 
43830 
40880 
23570 
46580 
42420 
44500 
42310 
43260 
42630 
43350 
43260 
42340 
42240 
41360 
40720 
44140 
43560 
40310 
40740 
40530 
42040 
20620 
44950 
41740 
41610 
41700 
39820 
43290 
42290 
41010 
41130 
41850 
42560 
42530 
43200 
41730 
41340 
44770 
42630 
38540 
21810 
44380 
43180 
42210 
43590 
41970 
46200 
42750 
42940 
42220 
42430 
39330 
43280 
43600 
42030 
39750 
42350 
41970 
43100 
40900 
44840 
38420 
40460 
41510 
41020 
41250 
39760 
40890 
41880 
42190 
44670 
39910 
43590 
43850 
43190 
46300 
43420 
559210 
43560 
41590 
41950 
40450 
41470 
41520 
42340 
45710 
43780 
39920 
42440 
41350 
42170 
40780 
41430 
41880 
43480 
43460 
39330 
39240 
42820 
44910 
42460 
39240 
42520 
40660 
41810 
45950 
39850 
39930 
41680 
41730 
43150 
44500 
41930 
41750 
41350 
39970 
42850 
40300 
41770 
43680 
45070 
58550 
44480 
46730 
565400 
43630 
42000 
41420 
43770 
40860 
43890 
41870 
41210 
41270 
39790 
45480 
44710 
42100 
40710 
40560 
43010 
41740 
40510 
39080 
41810 
44030 
45590 
40910 
42940 
40510 
41980 
41110 
44090 
39150 
40280 
40140 
43740 
22530 
44810 
40450 
596020 
43280 
560350 
40930 
41230 
40890 
44810 
43750 
42060 
39870 
42150 
42670 
42180 
44050 
44930 
42530 
42440 
41490 
41690 
41520 
42700 
38350 
43800 
42510 
41450 
42090 
43990 
40990 
43440 
41260 
40600 
39020 
42190 
43780 
41980 
40850 
42690 
42360 
44470 
40410 
40850 
41330 
41320 
41710 
43570 
41950 
41170 
41430 
43940 
42170 
40240 
42740 
40610 
42250 
42620 
41920 
42860 
40950 
42840 
40290 
43410 
42000 
42360 
41980 
44270 
41260 
43820 
40010 
42600 
43630 
41830 
40760 
40570 
40340 
42950 
43330 
43530 
40130 
40400 
44460 
42840 
40920 
40860 
41450 
41920 
42980 
44390 
39700 
42440 
53850 
48530 
42060 
41020 
42240 
43500 
42970 
42340 
42420 
44340 
40690 
40720 
22970 
42810 
41050 
42290 
41820 
40370 
42720 
41780 
39840 
94050 
100720 
43770 
42430 
44570 
47240 
46150 
40830 
42180 
86540 
22490 
40240 
41310 
40990 
556440 
40430 
44060 
42990 
41520 
41150 
41110 
43520 
41240 
43040 
40710 
40140 
44720 
43320 
42170 
41210 
41580 
42350 
42330 
40140 
41270 
40720 
43900 
40210 
43050 
41420 
43120 
41700 
42110 
42760 
45030 
41960 
41620 
38430 
44820 
40850 
39950 
21160 
43690 
43140 
41110 
42400 
40270 
42940 
43980 
40110 
20860 
44940 
43080 
42540 
41820 
40420 
42450 
41970 
44020 
41150 
40070 
41330 
41740 
42690 
43670 
39810 
43700 
42310 
47320 
42740 
41640 
41810 
41910 
42220 
40900 
41170 
44230 
40530 
43250 
41770 
41100 
43690 
47200 
559700 
43650 
42640 
43170 
42190 
41600 
42380 
42320 
41370 
40490 
40920 
43020 
44170 
43000 
42570 
42480 
57220 
46160 
43290 
39770 
42650 
42030 
42280 
48030 
44300 
42990 
41160 
42510 
564840 
40940 
41490 
39360 
44300 
44200 
42450 
40740 
555710 
40860 
42010 
41390 
40430 
40820 
42830 
45800 
41670 
42450 
41200 
564110 
43440 
43140 
42310 
43370 
40900 
42810 
41970 
42300 
39680 
40130 
42130 
44170 
42110 
39540 
42460 
43630 
42690 
41910 
39120 
40410 
42060 
41270 
40780 
41790 
44970 
44440 
41900 
601170 
47200 
43400 
41590 
42650 
22900 
44350 
39840 
42200 
44650 
45310 
42770 
40220 
42490 
41540 
113180 
43430 
40810 
44610 
41450 
44990 
41020 
21050 
20350 
44850 
36840 
42930 
22010 
47720 
34110 
43000 
557170 
46110 
18420 
43460 
37650 
42690 
42620 
47430 
42860 
48270 
45800 
41520 
42750 
41750 
89150 
45880 
46420 
44910 
40030 
44180 
45310 
47610 
36450 
45130 
35980 
39520 
42140 
45670 
17580 
63100 
34550 
42150 
20240 
46170 
18500 
44590 
37830 
42240 
20850 
47090 
34080 
44300 
41310 
40760 
45750 
43960 
42200 
45480 
40870 
42980 
44510 
34330 
71680 
34200 
45370 
18430 
43990 
18770 
44770 
37640 
40250 
552660 
46210 
37160 
40580 
21180 
48120 
35780 
42320 
21330 
46560 
17910 
45510 
37500 
40150 
41510 
41070 
42050 
46130 
43420 
21770 
42650 
42360 
45960 
43170 
43920 
40370 
45350 
40270 
569450 
710380 
40940 
43390 
41990 
43480 
44110 
42410 
43950 
556330 
22740 
44340 
42470 
43360 
40320 
43110 
44360 
43050 
41070 
42170 
19920 
44270 
40910 
40820 
41130 
40970 
42810 
45870 
43780 
21040 
41250 
44790 
41990 
40540 
40140 
42150 
44380 
41120 
41160 
40940 
40160 
44120 
42340 
41610 
42060 
38600 
43010 
42950 
20280 
41940 
40350 
40720 
42120 
41430 
40150 
39680 
43230 
43570 
21550 
44270 
41740 
41380 
42920 
41690 
41130 
40120 
40430 
42100 
44540 
41370 
42160 
39250 
39560 
44000 
42910 
40030 
41970 
44520 
44190 
42370 
42450 
42970 
40580 
42790 
40800 
40890 
40600 
40570 
44930 
42640 
42450 
565100 
41870 
44090 
41520 
43280 
44930 
43350 
44420 
42320 
41600 
42040 
41600 
40730 
41320 
40310 
43570 
41490 
43030 
47060 
42450 
42020 
41430 
41400 
44580 
42810 
43760 
42800 
42860 
40730 
47180 
44600 
44450 
556920 
21460 
43360 
42720 
40870 
42750 
40950 
41520 
40590 
41650 
21050 
43880 
42240 
41740 
40570 
44060 
40240 
43400 
41780 
41880 
20620 
41390 
42040 
42180 
41130 
42830 
39160 
41490 
42300 
21520 
709020 
40410 
41670 
43620 
43890 
43060 
41580 
40580 
43890 
19520 
40870 
40260 
39990 
44670 
42080 
42280 
39700 
39240 
43220 
41020 
41920 
40240 
39170 
41860 
42440 
41830 
39990 
40110 
40930 
21090 
45250 
17990 
38210 
38480 
20900 
22180 
46360 
36020 
40760 
21340 
40970 
39180 
46230 
37990 
41060 
20290 
42980 
35090 
40930 
41720 
20230 
18980 
18390 
18990 
20050 
20930 
20350 
37400 
40860 
21360 
39270 
20720 
36920 
21530 
40690 
44150 
38140 
41380 
22860 
20800 
40980 
21270 
21880 
45930 
17910 
86670 
38630 
41010 
20790 
45830 
34720 
46510 
20180 
46710 
18180 
37380 
41240 
45130 
19340 
44120 
35850 
43390 
41770 
21260 
22300 
20790 
21620 
20380 
20120 
21200 
39310 
42640 
20300 
43170 
20170 
42060 
44910 
36830 
40660 
41620 
23980 
42070 
18250 
37700 
20510 
46170 
34930 
41790 
20900 
69890 
34120 
46410 
17810 
39340 
38340 
46900 
18640 
40380 
44410 
40370 
19850 
66880 
59900 
57350 
54360 
21560 
23400 
22520 
45920 
33040 
43650 
18600 
62710 
19320 
44070 
38240 
41680 
20590 
45810 
36320 
40830 
21180 
48610 
36240 
44630 
46130 
45160 
20910 
21560 
40710 
39030 
43620 
22820 
47560 
33880 
22240 
22540 
40630 
41730 
43580 
21730 
43100 
42300 
44300 
43680 
601390 
43570 
41370 
41950 
21180 
42730 
41800 
41310 
43060 
41880 
41290 
40080 
40440 
39930 
22250 
43430 
42570 
42330 
42410 
49840 
18610 
40940 
40330 
42630 
21170 
45770 
33980 
40050 
47190 
21720 
45350 
45640 
42720 
43620 
57310 
43150 
41150 
39640 
47890 
34040 
48630 
17900 
43700 
18510 
44740 
36890 
40140 
37810 
45650 
18520 
40490 
41620 
44260 
19210 
43840 
38950 
50120 
17940 
65620 
37530 
45140 
24140 
39550 
41320 
43830 
44400 
45220 
43800 
41200 
43540 
43710 
94570 
46820 
42840 
41910 
42860 
46070 
42990 
43120 
44760 
40790 
42210 
53990 
40960 
40000 
22810 
61560 
52550 
46950 
45530 
602790 
47970 
46620 
45070 
99850 
47330 
46890 
45500 
46980 
558970 
43620 
43920 
42710 
20800 
45500 
44520 
45460 
43310 
47740 
639340 
44020 
42860 
43460 
23580 
43120 
41450 
45730 
44450 
560150 
41930 
43100 
47100 
57680 
45600 
44600 
41470 
43820 
43000 
622840 
42810 
39850 
42850 
22140 
43740 
44010 
42070 
40800 
41440 
42970 
44040 
42090 
22090 
43950 
42340 
43470 
41760 
40780 
557500 
44240 
42660 
43850 
21360 
41510 
43620 
42960 
44310 
41090 
41740 
44170 
40530 
22380 
42380 
41610 
43390 
41710 
43480 
41240 
40380 
44810 
42990 
22530 
44220 
41530 
42230 
42920 
41880 
40650 
40760 
42320 
21940 
42780 
43760 
41610 
41570 
41540 
39420 
42030 
41730 
39680 
147130 
43100 
43700 
43770 
43340 
42390 
43000 
45580 
41800 
19540 
42610 
42910 
43280 
40330 
39210 
42460 
41600 
42830 
41670 
139210 
43070 
42880 
42150 
41450 
40770 
40830 
40500 
42020 
21490 
42340 
42270 
43020 
43110 
41990 
40010 
41810 
40640 
44090 
41530 
41940 
42100 
40850 
41690 
42720 
49980 
46310 
106430 
46840 
78050 
80530 
50480 
45120 
45510 
44320 
641090 
568460 
41830 
43180 
41200 
44030 
43080 
41760 
42980 
41970 
41730 
41450 
44340 
42720 
41870 
43180 
42660 
44660 
40430 
45310 
41450 
45120 
40130 
42190 
41610 
44120 
43810 
39550 
40740 
19920 
42940 
43250 
39380 
40550 
41110 
44100 
42170 
41790 
40960 
40410 
41120 
43080 
40680 
40330 
40800 
67190 
39160 
40910 
40510 
104870 
44180 
46670 
42710 
42690 
41820 
44430 
42990 
44240 
42250 
152960 
44000 
44710 
41950 
44110 
40860 
40590 
41000 
42810 
20640 
41160 
40540 
44910 
40290 
45430 
41310 
40440 
43760 
43010 
44840 
42940 
39790 
40310 
40330 
45980 
41940 
42100 
42450 
22250 
44490 
40930 
40010 
42790 
42770 
43730 
41210 
41150 
39940 
21170 
44870 
43350 
40720 
42200 
42060 
43840 
42720 
41040 
39250 
43940 
46610 
42580 
40370 
43140 
42220 
42890 
41000 
41220 
41360 
40530 
42650 
43730 
44260 
44110 
40600 
44110 
39600 
41380 
43990 
43280 
43850 
43850 
43790 
42750 
40380 
43110 
46810 
45900 
42220 
41620 
41340 
41110 
41410 
44980 
40850 
41860 
47090 
44930 
44760 
42250 
42750 
44710 
42700 
43060 
40720 
42650 
43200 
45920 
43660 
44250 
41170 
43330 
40140 
43330 
41150 
41640 
43020 
41100 
43450 
42940 
41150 
40480 
41620 
41690 
40310 
42540 
39100 
41770 
41310 
43100 
41230 
40920 
39890 
41790 
42800 
44250 
40630 
40710 
41960 
44640 
43000 
41070 
40830 
42620 
41640 
42670 
41720 
43430 
43610 
43620 
42320 
42180 
39780 
43510 
42590 
43990 
42130 
44040 
45130 
42880 
43570 
42180 
40430 
41930 
42730 
44080 
41200 
40130 
42530 
42000 
42930 
42250 
42440 
44800 
41710 
43950 
43310 
42500 
43340 
45670 
40450 
603690 
46290 
43550 
40640 
42000 
45990 
41960 
43130 
44300 
43110 
43170 
43310 
41820 
41300 
41610 
42170 
41330 
49170 
48400 
43180 
42800 
43550 
41920 
41320 
42470 
41510 
43780 
46180 
42250 
41050 
44930 
43720 
42590 
40650 
41430 
42850 
43690 
41080 
40960 
41880 
42540 
41960 
40870 
40310 
42590 
43760 
44750 
42330 
41900 
38950 
43150 
43180 
44700 
40940 
40490 
42000 
40530 
42390 
42160 
42930 
41940 
40530 
45270 
43740 
40730 
42680 
41680 
43120 
46950 
42110 
41470 
40850 
41650 
41370 
41900 
41120 
42420 
42410 
44980 
40570 
42110 
44740 
44220 
44370 
44580 
41540 
41890 
42890 
44250 
40290 
40450 
43120 
42060 
40940 
42340 
39310 
43320 
44900 
47410 
42610 
41170 
41070 
46430 
41930 
41490 
41510 
39390 
41360 
42710 
22510 
43130 
41500 
42190 
41300 
44890 
43930 
41950 
42530 
47360 
43490 
46340 
41870 
42630 
41520 
42520 
43590 
41620 
45460 
25480 
45970 
44240 
40760 
41580 
41800 
42910 
42800 
42330 
40230 
41240 
43080 
46050 
41800 
41830 
557070 
43740 
43910 
46400 
41450 
41500 
43140 
43350 
42490 
45730 
44340 
42050 
42350 
22510 
44070 
40170 
40190 
45730 
45910 
43470 
41900 
44110 
43700 
43670 
42470 
41190 
41000 
43220 
49550 
48870 
41660 
44890 
22490 
43970 
44800 
41810 
41280 
45800 
42520 
49780 
41590 
45640 
43950 
42240 
43940 
40990 
40940 
43330 
44660 
45300 
40300 
20220 
42990 
44020 
45220 
43480 
42540 
564450 
42270 
45190 
40550 
41560 
42540 
42650 
42290 
44070 
45120 
43550 
41540 
44490 
23790 
43200 
41880 
43130 
42800 
45770 
42660 
41560 
42980 
41380 
41950 
42020 
43220 
41730 
43860 
43770 
44410 
44940 
41200 
24960 
42850 
43450 
41060 
39750 
559760 
42840 
41820 
43630 
44550 
42550 
44940 
44560 
42410 
40320 
42880 
41520 
41270 
43490 
21240 
44520 
43020 
42070 
47050 
43110 
42950 
42790 
43590 
51720 
43130 
40250 
42870 
42640 
45900 
43210 
42210 
42380 
40830 
22260 
41840 
41110 
58880 
55720 
45740 
46360 
41420 
42690 
43660 
42580 
41930 
40940 
41670 
42340 
41380 
43520 
39890 
41660 
101150 
44910 
43520 
44780 
42160 
42850 
43930 
43270 
44410 
99700 
43860 
46100 
43090 
41910 
43330 
43320 
42330 
42300 
42940 
40840 
40190 
42780 
41350 
42560 
43350 
40680 
41350 
40860 
22210 
44550 
40960 
43200 
42650 
43970 
44440 
41430 
41890 
43810 
43110 
44160 
41480 
44370 
42160 
42330 
44050 
42200 
43480 
22600 
42470 
44620 
41120 
41910 
42970 
44370 
47020 
41400 
42820 
41720 
40890 
44020 
39940 
41080 
43130 
42910 
45800 
42440 
20570 
47050 
41630 
43050 
42260 
45280 
43420 
41710 
42110 
42890 
41410 
42050 
42050 
43070 
42610 
42320 
43780 
42980 
42790 
21400 
42310 
41890 
41540 
44220 
44060 
44080 
41810 
554980 
42670 
41110 
42750 
40840 
39310 
44460 
42440 
44000 
42450 
41950 
22110 
42790 
44040 
40070 
40100 
43400 
44310 
44030 
42600 
20960 
42960 
43950 
42050 
42220 
40620 
42320 
42130 
42210 
42390 
39790 
41490 
41700 
41790 
44260 
45020 
42390 
40660 
42940 
23320 
41500 
40220 
40780 
40690 
43580 
41590 
43210 
42490 
978450 
47610 
43210 
40750 
47300 
44620 
42640 
42750 
40450 
43250 
647460 
45770 
43660 
44630 
43980 
45090 
43970 
45320 
42330 
41020 
45820 
42590 
43770 
43670 
43240 
44950 
46050 
43170 
46240 
41090 
44750 
43250 
42360 
43060 
39810 
40090 
42220 
41790 
608730 
45520 
42610 
41910 
43300 
43210 
42170 
40870 
41270 
42720 
43370 
42930 
45990 
42960 
45160 
39680 
19950 
43840 
16590 
46590 
19030 
37160 
22480 
35520 
25710 
49010 
37140 
42160 
20730 
46060 
37700 
42910 
21540 
45160 
37140 
43180 
44920 
46460 
20090 
41130 
40750 
49860 
39110 
41010 
39010 
43970 
42950 
44270 
42570 
603290 
47330 
45720 
44150 
58530 
46260 
44950 
42780 
43920 
562750 
42750 
44470 
44910 
45200 
42480 
42140 
41840 
40710 
40150 
44100 
44930 
42380 
41580 
43350 
45200 
43910 
44350 
42540 
41710 
46330 
41020 
40790 
40180 
40780 
21680 
23080 
24350 
21180 
20420 
21010 
24090 
41600 
17700 
64170 
18350 
36980 
21090 
41870 
16930 
39530 
40330 
44960 
20540 
46220 
36390 
43340 
19990 
43040 
33900 
43180 
21840 
40880 
22480 
52070 
50910 
49710 
19760 
39840 
38910 
45430 
18060 
43250 
40940 
48350 
35340 
44520 
46490 
43330 
41340 
43560 
41690 
43920 
46230 
42580 
1607600 
40400 
46630 
46150 
42000 
42820 
43300 
39620 
20290 
39740 
45590 
45250 
42240 
43400 
44090 
1075550 
45540 
42210 
42180 
44250 
47500 
46910 
