113470 
59910 
46140 
47620 
44550 
47560 
43130 
62410 
69640 
62670 
67840 
47560 
42900 
43830 
44720 
94380 
44110 
42730 
41790 
43190 
43800 
45840 
46290 
41440 
45170 
40890 
47680 
42760 
42760 
42720 
43830 
46740 
42190 
44320 
45480 
43580 
45990 
45130 
48750 
43640 
46480 
42670 
62430 
61330 
67500 
45750 
42930 
46520 
42330 
42370 
47360 
42780 
50900 
46180 
44560 
43960 
47480 
47820 
46070 
49770 
45690 
46860 
45900 
46800 
43670 
41820 
44470 
44960 
45650 
43200 
40580 
41360 
46000 
50900 
43970 
42320 
42190 
42360 
50040 
45200 
42080 
41900 
45040 
43750 
48540 
41940 
43930 
43770 
42540 
49430 
42230 
41900 
44230 
41230 
47470 
44850 
44630 
43140 
42830 
44320 
45260 
42840 
45480 
41940 
43420 
45520 
42590 
43130 
42570 
44970 
45490 
45870 
43360 
43500 
42450 
43030 
61590 
59370 
60460 
62200 
44070 
45270 
42710 
42050 
41390 
44920 
44380 
46170 
41180 
43500 
42290 
43330 
44070 
41800 
45200 
43690 
42810 
44530 
42140 
42980 
43860 
43220 
47930 
44210 
43500 
43700 
44120 
47490 
45350 
42340 
42230 
43880 
59630 
51110 
43800 
41930 
43820 
44260 
47270 
41620 
41130 
42210 
43610 
46280 
42320 
41540 
42130 
43560 
42410 
43110 
42310 
41760 
42980 
42530 
44340 
40820 
41980 
43660 
55020 
48640 
42500 
42110 
45750 
41390 
45720 
41450 
41590 
43620 
42700 
46270 
43070 
43570 
43750 
64480 
62590 
62120 
58050 
42400 
43070 
44210 
42240 
42260 
41730 
43330 
43620 
44350 
41340 
54490 
42990 
43370 
45030 
40860 
43190 
44260 
44810 
44230 
44410 
42500 
41900 
45750 
44190 
44920 
42010 
41670 
43520 
41690 
45330 
42450 
40430 
43480 
41250 
44720 
43620 
43000 
43150 
43640 
44140 
44180 
42170 
42080 
43590 
42000 
44430 
41940 
42050 
44390 
40990 
47990 
43860 
42530 
59240 
44820 
44680 
42680 
44070 
44260 
42150 
43320 
43920 
44030 
42840 
44220 
43680 
43560 
42610 
42290 
45270 
42180 
44330 
42930 
61180 
65840 
60160 
57090 
45110 
42260 
44320 
44110 
42480 
46270 
43190 
42350 
44910 
42740 
44910 
41920 
42360 
43240 
40510 
44510 
44300 
42590 
43100 
41880 
43210 
44470 
44530 
41880 
42910 
43770 
46430 
42870 
46410 
43610 
43860 
44860 
42300 
42870 
41540 
47480 
45040 
42110 
44710 
44460 
43900 
47250 
43880 
42930 
41980 
44610 
42010 
46720 
43960 
41970 
43910 
45660 
44640 
44230 
43360 
42450 
43120 
44380 
46170 
42960 
41730 
42400 
43030 
43010 
45550 
42790 
41720 
43530 
45680 
41480 
42760 
41350 
43970 
69020 
61680 
66250 
44910 
44710 
47270 
44440 
45340 
41770 
42130 
44910 
43690 
46060 
46480 
36010 
41270 
42240 
42680 
43010 
40660 
44950 
44130 
44560 
43740 
41040 
45610 
43080 
44310 
44320 
42160 
43440 
42340 
45520 
44070 
40820 
42080 
42560 
60770 
55730 
55050 
21870 
23010 
21700 
24610 
21790 
22080 
21740 
19840 
22820 
21630 
234840 
21940 
45720 
46240 
43940 
294980 
42580 
43310 
42910 
43660 
41640 
40870 
43770 
42760 
46370 
43030 
41530 
41550 
44640 
47180 
44380 
43210 
40710 
43370 
44150 
44170 
42730 
40240 
42700 
42290 
45780 
43620 
41160 
41010 
41240 
47420 
42480 
40940 
44610 
43900 
44510 
43400 
41910 
43660 
43670 
45760 
45510 
41740 
43490 
41420 
45100 
45250 
43360 
43270 
41470 
44160 
46140 
44170 
44030 
40750 
43690 
44140 
43850 
43520 
43580 
44850 
45040 
43700 
42650 
46090 
44340 
44800 
44230 
42960 
40830 
43430 
44990 
44520 
43800 
41540 
43220 
56260 
50120 
43590 
41200 
42390 
43900 
44810 
50150 
42170 
42520 
43470 
44220 
44610 
41930 
44110 
42770 
45600 
43620 
40760 
43730 
43720 
43020 
45500 
43170 
41290 
42680 
42880 
45160 
42120 
40640 
41170 
43850 
44830 
43630 
44390 
44820 
43240 
43860 
44360 
43820 
41100 
42990 
43170 
43930 
41590 
42930 
40190 
42270 
42510 
42800 
40340 
40700 
42040 
42580 
45240 
41460 
41440 
46470 
44560 
46870 
42680 
40360 
41360 
43110 
44540 
46400 
42520 
42610 
42900 
42270 
45390 
43410 
42910 
43190 
43340 
43700 
46440 
44630 
41410 
43350 
47710 
42660 
40980 
42470 
47340 
44040 
44660 
42420 
40950 
42340 
42150 
43690 
42050 
42790 
42000 
42810 
45290 
43150 
41790 
42670 
43700 
45590 
43960 
41740 
41350 
44350 
43000 
44570 
42330 
42230 
42460 
42940 
44770 
44050 
42500 
42230 
42700 
44440 
42670 
40720 
41970 
43300 
44220 
41750 
40900 
44920 
43260 
45560 
43240 
41600 
41050 
45540 
46700 
44450 
41820 
47130 
43200 
43010 
43640 
41390 
40700 
42000 
43150 
43190 
43600 
44320 
45550 
44220 
45060 
41180 
42530 
42020 
43080 
43680 
42940 
42840 
43920 
44760 
42950 
43230 
41820 
40300 
42230 
42470 
42720 
43370 
40510 
42390 
42100 
46300 
43700 
43990 
46530 
46110 
41710 
45790 
41890 
47850 
53840 
45650 
44450 
42990 
43040 
42480 
43940 
48520 
44370 
42080 
43100 
39930 
44190 
44130 
42070 
42190 
40300 
43170 
45330 
42980 
43180 
40950 
43650 
43740 
44300 
42860 
42070 
42680 
44800 
45370 
43790 
44940 
42130 
43260 
47780 
42390 
44240 
42790 
42490 
46240 
42940 
42230 
41040 
41170 
98480 
42630 
44180 
42060 
40970 
46950 
46080 
44060 
42080 
41460 
46580 
45640 
43090 
43400 
41480 
43760 
44330 
42940 
42320 
41750 
41840 
44800 
42550 
43180 
42440 
44010 
46020 
44450 
42380 
41450 
43040 
45570 
45170 
47010 
42130 
62430 
64220 
47050 
48030 
45330 
42190 
42960 
43380 
44060 
41870 
43200 
40320 
43580 
42140 
42280 
41710 
42770 
42420 
44290 
43250 
45230 
43640 
42480 
44370 
44460 
44020 
43430 
42000 
46120 
45410 
43880 
41390 
40540 
46180 
44860 
42860 
41350 
41870 
44260 
43730 
42740 
44920 
42050 
43800 
45210 
45500 
41950 
40300 
41710 
44130 
44150 
41710 
40980 
42760 
43720 
45790 
42470 
45310 
43000 
43300 
45870 
42830 
41210 
42200 
42160 
45110 
48460 
41680 
41160 
42020 
44430 
44890 
42750 
43290 
41770 
67720 
65450 
57040 
45110 
41850 
42670 
44140 
40620 
42790 
41610 
43030 
43190 
43220 
42590 
41040 
42130 
43240 
47230 
42450 
41220 
41750 
45560 
46850 
42570 
41200 
42490 
43310 
46470 
42880 
41940 
44230 
41380 
45210 
45530 
41290 
42180 
40870 
41820 
45380 
42270 
42110 
41450 
44020 
45860 
43250 
42680 
42130 
41410 
46020 
43450 
40730 
40740 
40870 
46700 
43030 
45630 
41430 
40350 
43030 
44410 
42620 
41130 
40580 
41570 
46280 
43590 
42510 
41670 
43000 
49800 
45950 
44420 
43100 
43230 
45540 
42520 
44160 
57830 
59050 
62270 
43720 
47740 
42870 
42910 
43930 
45770 
45130 
41920 
40760 
41000 
45870 
43910 
45550 
43030 
41470 
43860 
42600 
44400 
42640 
40180 
43610 
44490 
40950 
41890 
41800 
43330 
45890 
42720 
42810 
40640 
42320 
46580 
42680 
43090 
40960 
41160 
64800 
63330 
62450 
43170 
43260 
44220 
42790 
46400 
41240 
41460 
41630 
43160 
43040 
41940 
43610 
44070 
43420 
45540 
41750 
40890 
41150 
44170 
41780 
41480 
41750 
41820 
42280 
45670 
41850 
43480 
41890 
41740 
45050 
42250 
40870 
43340 
43880 
45220 
42550 
43850 
44420 
42470 
40190 
43620 
41110 
41420 
41920 
41020 
44170 
41250 
42310 
40580 
44350 
46370 
43900 
44460 
42310 
42540 
43520 
42560 
44290 
41010 
42570 
42380 
44190 
44690 
42090 
42390 
41870 
43340 
41970 
41180 
42810 
40320 
43620 
44030 
58550 
63340 
58820 
45490 
43380 
41940 
42190 
40710 
43180 
42670 
42620 
42390 
42490 
43530 
44370 
41460 
42020 
41740 
42500 
44730 
41580 
43110 
41140 
41510 
43080 
42260 
45990 
43230 
43350 
44150 
45060 
46240 
45480 
42850 
43160 
43370 
45780 
42690 
41920 
5079150 
5077660 
9709230 
44290 
40790 
40760 
40470 
42810 
40380 
42880 
42560 
40750 
44500 
42740 
42620 
44980 
42810 
42770 
40740 
40630 
42420 
48640 
46120 
59720 
21650 
24460 
24630 
23120 
22680 
21850 
21930 
21490 
22390 
47710 
44080 
43700 
42080 
44860 
47590 
44650 
44250 
41300 
43430 
45100 
44260 
46020 
42660 
41560 
43750 
47220 
45000 
44390 
40570 
41380 
45730 
44650 
42950 
39630 
40910 
40520 
43960 
43230 
41800 
41910 
43590 
44330 
42400 
43520 
42260 
40570 
44600 
43550 
43580 
42260 
41340 
44940 
42590 
43450 
41220 
40930 
41150 
44910 
43050 
42780 
43080 
42640 
44880 
41940 
44860 
41690 
43400 
43170 
44090 
44540 
45320 
43190 
43550 
42070 
42310 
42140 
43360 
43920 
42660 
42100 
43780 
42640 
41270 
43880 
42240 
42620 
40900 
40370 
44700 
44810 
44980 
46000 
41530 
42760 
44010 
44850 
43640 
41740 
44870 
45330 
44550 
42340 
42980 
45130 
45000 
44630 
43580 
42280 
41670 
45090 
43370 
42930 
41220 
42260 
44720 
46020 
44930 
45060 
42120 
44800 
43110 
44790 
40640 
40100 
41900 
45150 
44570 
44880 
41370 
43790 
43850 
43510 
42740 
40260 
43360 
45820 
45090 
42690 
41300 
42880 
57040 
46700 
67520 
49770 
43490 
41920 
46060 
43890 
41370 
41820 
42030 
51390 
44540 
44210 
44530 
42780 
45060 
45710 
44860 
43070 
42650 
42320 
46260 
55280 
46180 
40790 
44160 
44400 
43650 
43050 
41780 
43030 
44650 
43520 
42690 
42910 
42130 
42660 
45080 
43180 
41620 
42410 
40330 
44160 
43210 
40390 
42140 
41240 
46140 
42480 
41760 
45570 
42470 
42260 
46510 
44140 
45080 
40440 
43130 
46220 
43130 
42410 
41780 
41950 
50610 
44670 
44530 
43020 
42320 
43730 
44060 
44500 
42240 
42260 
45280 
44660 
43970 
43030 
41430 
44310 
44250 
42610 
42280 
44500 
42820 
44620 
43410 
44340 
41920 
42410 
44950 
43780 
42490 
40320 
41820 
44310 
44310 
40110 
40590 
50370 
50240 
45030 
42420 
42220 
42240 
42320 
45920 
41600 
41980 
42330 
41450 
47290 
42180 
42520 
43540 
42910 
45750 
43000 
41880 
42340 
41280 
42130 
45240 
41360 
43400 
41190 
42890 
45180 
41810 
42470 
42230 
43240 
44990 
40720 
45300 
43920 
43490 
45210 
43320 
45270 
43030 
42210 
43230 
43880 
44060 
41840 
42980 
44380 
46280 
43500 
44700 
45870 
44600 
43800 
43360 
43830 
42750 
42630 
41480 
45430 
42660 
40970 
42410 
41470 
44610 
45490 
43630 
41440 
41240 
46030 
43780 
44150 
41520 
42290 
44910 
45990 
44260 
45670 
44020 
44360 
46780 
42160 
43910 
42050 
44830 
43790 
45620 
45250 
42710 
44190 
44580 
43730 
45420 
40310 
43960 
44230 
42940 
42520 
43450 
42200 
43020 
45170 
42810 
44100 
44510 
43460 
45730 
43820 
44320 
45620 
47130 
45260 
43990 
43730 
44740 
43060 
45310 
62060 
58440 
58720 
44620 
44380 
44340 
40540 
42230 
41660 
40390 
43910 
42140 
43480 
43050 
43100 
51150 
44770 
43060 
44250 
42980 
46610 
43170 
41770 
43340 
40720 
42160 
42750 
41430 
42120 
43480 
42070 
44900 
42100 
42100 
42320 
44480 
44000 
42970 
41640 
42730 
42350 
40610 
44370 
42330 
42170 
42490 
42020 
43700 
42740 
45660 
43100 
41430 
46570 
43280 
42490 
42290 
42070 
44330 
42430 
41810 
42260 
43280 
42420 
44090 
42780 
43060 
40700 
42380 
45110 
44510 
43980 
43820 
44580 
45520 
43160 
44490 
61800 
59210 
59680 
59070 
43630 
41540 
41280 
41330 
43690 
43910 
45550 
43650 
41840 
48760 
45630 
44340 
42110 
41570 
41440 
43550 
41680 
42560 
41860 
42290 
45930 
42690 
43240 
41980 
41450 
43640 
41790 
43980 
41850 
41720 
43720 
41790 
45170 
41940 
40120 
41730 
43770 
42640 
41490 
42340 
42600 
45780 
44190 
44410 
44520 
41970 
44170 
42060 
36170 
40220 
41020 
43490 
41940 
42370 
40040 
41710 
41720 
49800 
54560 
49290 
44020 
41250 
43490 
41840 
42770 
42000 
42980 
45080 
44430 
47450 
45720 
42020 
44650 
44120 
44490 
46120 
40810 
43140 
44120 
41580 
42870 
40650 
44640 
47560 
44200 
44260 
40530 
41670 
47050 
47090 
43970 
43000 
41100 
43960 
43680 
45790 
41140 
41580 
40090 
44480 
43430 
43010 
42010 
41730 
42320 
43040 
41420 
42330 
42320 
51090 
45380 
47230 
43840 
41490 
42540 
44030 
43990 
43540 
42110 
42000 
44820 
42540 
42500 
40320 
39620 
44500 
42900 
43370 
41390 
41030 
47150 
45110 
42340 
43780 
41450 
44360 
43160 
44140 
43610 
42980 
43830 
45580 
41880 
43150 
41070 
42980 
44590 
43550 
42720 
41930 
42690 
44440 
45740 
42940 
42230 
44330 
44220 
46660 
45710 
41680 
42040 
41790 
44460 
42550 
41570 
41140 
40580 
45130 
43540 
42800 
43580 
42240 
46330 
44110 
43610 
40910 
39690 
40210 
43940 
42120 
41020 
38590 
42840 
46970 
41230 
40890 
40560 
39470 
42630 
40950 
42750 
39210 
40630 
43090 
40990 
42020 
43000 
41880 
43200 
43540 
42230 
41470 
40230 
39690 
43450 
41510 
41750 
40530 
40410 
46680 
43990 
41860 
48720 
43570 
46500 
44900 
42850 
40720 
43870 
42420 
43290 
41800 
41760 
59540 
57750 
64410 
41780 
41220 
42010 
41080 
44850 
40860 
41690 
42780 
42090 
43060 
46230 
46590 
44490 
42050 
42210 
43950 
43280 
42590 
41020 
41240 
44380 
42280 
42610 
41880 
44270 
44040 
44770 
42990 
42110 
43820 
46530 
42650 
42310 
43740 
43950 
43480 
47300 
58240 
44420 
41500 
42480 
47040 
44900 
45290 
44480 
44940 
45750 
44600 
40360 
43300 
43610 
43700 
45340 
46440 
48220 
43730 
45020 
48000 
44980 
42910 
42340 
42330 
47360 
44740 
44090 
41280 
43950 
44530 
43560 
43660 
42290 
43000 
45690 
63360 
59370 
57830 
43630 
43620 
43370 
46460 
41870 
41560 
42710 
44090 
44010 
41250 
44150 
44910 
44970 
47980 
43330 
41680 
43480 
42550 
43850 
43660 
43430 
43820 
41230 
45390 
43430 
43030 
41940 
41440 
46010 
43830 
41650 
41660 
42790 
45850 
43400 
44800 
43220 
42090 
45340 
42870 
41790 
43180 
40870 
42260 
44990 
43360 
42220 
45420 
43490 
45000 
43030 
44970 
41410 
45830 
48240 
42890 
44660 
42500 
44400 
42630 
45270 
43840 
41840 
56810 
55350 
47990 
43650 
43650 
44500 
42130 
43270 
45410 
42730 
43360 
42020 
41520 
44680 
43290 
43440 
42430 
41520 
49250 
44230 
45030 
43580 
43350 
47400 
43730 
43380 
41630 
41730 
43060 
43720 
44140 
41910 
43270 
42870 
45290 
44430 
44080 
41110 
41530 
44080 
42200 
43550 
42810 
42660 
48710 
46360 
45600 
48670 
47530 
42810 
47380 
45060 
42580 
42650 
42460 
46960 
43970 
43100 
44260 
41660 
44730 
43040 
43070 
43150 
42730 
43760 
46700 
42520 
44190 
41440 
43210 
46330 
43560 
41670 
43550 
43030 
46500 
44360 
43400 
42990 
41990 
44140 
43390 
63070 
58520 
59300 
61030 
45190 
45270 
41670 
41730 
44850 
44540 
45500 
43650 
41760 
42460 
43900 
44860 
46270 
42390 
41730 
47060 
42770 
42980 
42160 
41540 
41810 
45660 
45990 
44330 
58230 
45540 
44070 
45190 
42910 
41870 
41190 
44780 
44930 
41650 
40890 
41850 
45950 
44920 
45710 
43550 
39960 
45070 
42600 
45440 
43630 
42210 
