127130 
105070 
101410 
96060 
114020 
101950 
116470 
107290 
105390 
94630 
105640 
101930 
114580 
106310 
111830 
114290 
106540 
88100 
90200 
88770 
83840 
88560 
85460 
94550 
95640 
85060 
80230 
93440 
87170 
92760 
84170 
87770 
89100 
85050 
93490 
90220 
87280 
96980 
98160 
89520 
85190 
82340 
84160 
85980 
86560 
94140 
89080 
92380 
91910 
82840 
85920 
87340 
82170 
93110 
83370 
97070 
90890 
86410 
87350 
86800 
83390 
83270 
94150 
88420 
93920 
90860 
79430 
86190 
91610 
96330 
90050 
83870 
90180 
80970 
92140 
84060 
95260 
88590 
88360 
90750 
88820 
101670 
84810 
86870 
87560 
86640 
86700 
85680 
85690 
94740 
89130 
86990 
91540 
86370 
84910 
83990 
105760 
91860 
95730 
94600 
86630 
86270 
96540 
87540 
83150 
91600 
90090 
92760 
99210 
88210 
96990 
81650 
90210 
85720 
80870 
89380 
81140 
94990 
87160 
84080 
84050 
90950 
86030 
83330 
87100 
86060 
84530 
88160 
82210 
93910 
91530 
93050 
96720 
83840 
87910 
84070 
89450 
95070 
91700 
85800 
96590 
83140 
86960 
90490 
84600 
87650 
85250 
93860 
88800 
87650 
92410 
85760 
94160 
91140 
88710 
81580 
85780 
84310 
85570 
82030 
94550 
82660 
103370 
83820 
89610 
85730 
87730 
104920 
85850 
96970 
93200 
88200 
85420 
83300 
92610 
88530 
88040 
83110 
80230 
87920 
87440 
84520 
91270 
85850 
93850 
91440 
84030 
87510 
80720 
96020 
86690 
90040 
95350 
92870 
87340 
84560 
86900 
85520 
84780 
88480 
88520 
94170 
94730 
96150 
87390 
84690 
95410 
83590 
83940 
86970 
97740 
90210 
86860 
83300 
87260 
90070 
90360 
86390 
85410 
89440 
81270 
90510 
86220 
84870 
92890 
96920 
84320 
86530 
83410 
85750 
84780 
95510 
85180 
85290 
85800 
81950 
90480 
82170 
85510 
82980 
88540 
91710 
85600 
82140 
85430 
94510 
90810 
92750 
82540 
84600 
85090 
103500 
89460 
91790 
92840 
90190 
90290 
92640 
88070 
91030 
85410 
83080 
87780 
83140 
90480 
85140 
86890 
95500 
88030 
84370 
87300 
87920 
92920 
89830 
93720 
87870 
89200 
83020 
82020 
89460 
81890 
85990 
87960 
91650 
86170 
86060 
89360 
89720 
93740 
90670 
89920 
87470 
84510 
95990 
92320 
87290 
91320 
87460 
83550 
88370 
87380 
89130 
84320 
84450 
81210 
96440 
85860 
85800 
96190 
80940 
86240 
87400 
79700 
88240 
85450 
86120 
93850 
82130 
86300 
91410 
84660 
80700 
88240 
87170 
87510 
95900 
90960 
83910 
83580 
83230 
82640 
81340 
87420 
86660 
88240 
90560 
93920 
91030 
80270 
89840 
92580 
84830 
88220 
80890 
83480 
87800 
88880 
90270 
85220 
89270 
91650 
87500 
79360 
82720 
86280 
86020 
96090 
95010 
83100 
83080 
89370 
96720 
87850 
83630 
78930 
95850 
81750 
95790 
88330 
83380 
85210 
87560 
95270 
84400 
84790 
90030 
84370 
93380 
93040 
83610 
84870 
93330 
94280 
92270 
90970 
84300 
92890 
83160 
83460 
95520 
88870 
85580 
81260 
93810 
90070 
86580 
85820 
90270 
81910 
97370 
97390 
91030 
83210 
93460 
81810 
83730 
85310 
92740 
85270 
97730 
94710 
88000 
94430 
94120 
82700 
86790 
79810 
89380 
91280 
86620 
83990 
87670 
93270 
94160 
89110 
84880 
82090 
85700 
85820 
99060 
86060 
90820 
87530 
83420 
83340 
90090 
81890 
83170 
97580 
92440 
91360 
89340 
79400 
85550 
87870 
85530 
86580 
85900 
89870 
90370 
92670 
83230 
96910 
93640 
94040 
82250 
86410 
87970 
84660 
84340 
96050 
80910 
93090 
87120 
92550 
87030 
87890 
86220 
75050 
91130 
94140 
83860 
95940 
91850 
88410 
87840 
81420 
52680 
88410 
92590 
88250 
91270 
103440 
91010 
90410 
99010 
86230 
81150 
84120 
46760 
86090 
91490 
87150 
83810 
82410 
85300 
50010 
88130 
87570 
82090 
86520 
84250 
84820 
97340 
82420 
93830 
68900 
92180 
83640 
82260 
89580 
91940 
86020 
90920 
92350 
91000 
87630 
96270 
86210 
86570 
89180 
56100 
83940 
96010 
80490 
94420 
98190 
88620 
85240 
81720 
91250 
89380 
87810 
85150 
88250 
85680 
97820 
55460 
86700 
89780 
84550 
87710 
96300 
90870 
86870 
85580 
81620 
97680 
87260 
87520 
89250 
84810 
90900 
83440 
87720 
90680 
93270 
89360 
90730 
90360 
90040 
80600 
88330 
83460 
87230 
82730 
94660 
92710 
86920 
89270 
80790 
81730 
87180 
90300 
95370 
82160 
53970 
84230 
87380 
88090 
83430 
85480 
84330 
96830 
92210 
95370 
92300 
100190 
87990 
89260 
105360 
85220 
82890 
86660 
77730 
86310 
96020 
83890 
84070 
96790 
87270 
88080 
82930 
82090 
81730 
93700 
88850 
93610 
91720 
93420 
84290 
85770 
85660 
80660 
90610 
88650 
87400 
96300 
86680 
90430 
82410 
93150 
82260 
87450 
84050 
93780 
85260 
91850 
85110 
96130 
84420 
91000 
85730 
81060 
86810 
90050 
86470 
96610 
93130 
95290 
92810 
83380 
90330 
82670 
86360 
52200 
88410 
86970 
92960 
87630 
85390 
81890 
91950 
87320 
81370 
81070 
95430 
96010 
85800 
87560 
87120 
99060 
99080 
84130 
86160 
84000 
91960 
82500 
95920 
85020 
96290 
88730 
94680 
97720 
86180 
82830 
81030 
48540 
93080 
90670 
82510 
84600 
84500 
88700 
88610 
81070 
89770 
55700 
97150 
88560 
87360 
52190 
95780 
94720 
82680 
83320 
86370 
94490 
94660 
85020 
99240 
93080 
81570 
93150 
85500 
86260 
87910 
84980 
90570 
87760 
87850 
85640 
88690 
89380 
94020 
48200 
88310 
82620 
87460 
50990 
89000 
50860 
86000 
88900 
85600 
59630 
87720 
88100 
87060 
92990 
88560 
98630 
56570 
94540 
96890 
96120 
82780 
84160 
87250 
86750 
95530 
95160 
85890 
97510 
55440 
85910 
49230 
81430 
88060 
88670 
49170 
93990 
94320 
88190 
80950 
50500 
96480 
83230 
90300 
84810 
102790 
85810 
84100 
97250 
91790 
94500 
94230 
85610 
85950 
92910 
51700 
83610 
50480 
87400 
49690 
88020 
92900 
87550 
85390 
88660 
82690 
84620 
92890 
86690 
88410 
85680 
87930 
50120 
79260 
49840 
85170 
51250 
85500 
96950 
87540 
97740 
86400 
87230 
93970 
88070 
48970 
84540 
53780 
94470 
46930 
91370 
85840 
46130 
92800 
48110 
85780 
49230 
98650 
47850 
91700 
88470 
46420 
88520 
46650 
83110 
47960 
83140 
55570 
84050 
54540 
84100 
96590 
53260 
92380 
49670 
88380 
46680 
86120 
90990 
94200 
86760 
89350 
97920 
55730 
95720 
46760 
84490 
49360 
85620 
52640 
90230 
90600 
51070 
88890 
51910 
87450 
47180 
90230 
50060 
95040 
47390 
85640 
97860 
47850 
95850 
45620 
81490 
53190 
92490 
52520 
93400 
82540 
86650 
54360 
92630 
50540 
80950 
49280 
88030 
89150 
48560 
98410 
50890 
52130 
50880 
55490 
91490 
46390 
86780 
94030 
55680 
93270 
47710 
82020 
97740 
55660 
86250 
79550 
88000 
84920 
47970 
92900 
82780 
50580 
84510 
90670 
46870 
48810 
83390 
48840 
90460 
95400 
84870 
51240 
87830 
47420 
96950 
49260 
84930 
87830 
87910 
45400 
85540 
82640 
48940 
95180 
50830 
83050 
47940 
82360 
46870 
84990 
51350 
90880 
52950 
97160 
54470 
50270 
84820 
88600 
48610 
85370 
49410 
56960 
51920 
53990 
94040 
80040 
91380 
84140 
46190 
83620 
52680 
93860 
95980 
50850 
96430 
45050 
51600 
47190 
81640 
83580 
47050 
50400 
53420 
54820 
88720 
88840 
52140 
52130 
49730 
84010 
46560 
101540 
48000 
94940 
91760 
52720 
54140 
52090 
82540 
49300 
49550 
52840 
47830 
79280 
51150 
49700 
56640 
47180 
45920 
49570 
46020 
48380 
48460 
48990 
49900 
46170 
51180 
48040 
46760 
86260 
45390 
81610 
53270 
53860 
49600 
81340 
50330 
50580 
51640 
54730 
81120 
48100 
51950 
49110 
55370 
49540 
49410 
93550 
48920 
51640 
47290 
87270 
50310 
95080 
46190 
47420 
86020 
52140 
53680 
52990 
52590 
47750 
94260 
50390 
50020 
48390 
51280 
52080 
50740 
49880 
52960 
51300 
90980 
47540 
50110 
53960 
50240 
46740 
87420 
48530 
51860 
46470 
83100 
48200 
54190 
52570 
47120 
47230 
94130 
52480 
95140 
50190 
48030 
44450 
49170 
48840 
47140 
93460 
49760 
89090 
48540 
55970 
87280 
44870 
47900 
48410 
48320 
51720 
49490 
47370 
49260 
45910 
90010 
46880 
47570 
48240 
49650 
89930 
49650 
49930 
48400 
48790 
86220 
46640 
48330 
47620 
46460 
101080 
51230 
48190 
51740 
50410 
46360 
46210 
45330 
47290 
51900 
90340 
46730 
50980 
80930 
53980 
83160 
46620 
50070 
46320 
49080 
54650 
89330 
49000 
68920 
47820 
51150 
47920 
49130 
49580 
48330 
83070 
69240 
46600 
52890 
55780 
53740 
49210 
47890 
49320 
48480 
91030 
72560 
55670 
49430 
50440 
65130 
55040 
46490 
47920 
47800 
45060 
75680 
48570 
47700 
49830 
49780 
50660 
83070 
46670 
49020 
45120 
49100 
45100 
87460 
78110 
49440 
75110 
52150 
67590 
50390 
48100 
58140 
78990 
48750 
47250 
53380 
67030 
52400 
64840 
45710 
67940 
49200 
70770 
54310 
81410 
53230 
71720 
50490 
53150 
71000 
47880 
68760 
51480 
48260 
50110 
75650 
52170 
74860 
50130 
66480 
47100 
67980 
50730 
45500 
50840 
67910 
49260 
47640 
83380 
69440 
63820 
51060 
68610 
50360 
55940 
73180 
78010 
57520 
51480 
49500 
68920 
49050 
48290 
49020 
68610 
48340 
76040 
49520 
53870 
71890 
52890 
47690 
50910 
67820 
50990 
69280 
51390 
67130 
52180 
75960 
53910 
66400 
46910 
86890 
73100 
78950 
68350 
48220 
74240 
49920 
81660 
48310 
73800 
47290 
52460 
75550 
46890 
48930 
50220 
48810 
50350 
70060 
48580 
47640 
75650 
51770 
55910 
72270 
90350 
52810 
70710 
53770 
68090 
46400 
47690 
72440 
52440 
69800 
85620 
86370 
65880 
51750 
72190 
51680 
65610 
86570 
73810 
54240 
49340 
75490 
81170 
72710 
46620 
93960 
65690 
48820 
69190 
54900 
48230 
51450 
74870 
91100 
74560 
47740 
46360 
48520 
54510 
47320 
50100 
75630 
77550 
45580 
45740 
80960 
47450 
66230 
72400 
72170 
79190 
64230 
53790 
74380 
69600 
71520 
67810 
45560 
68890 
74020 
70290 
52390 
67110 
49260 
86680 
48660 
71470 
46900 
67950 
51940 
74040 
49550 
74040 
49560 
78520 
50020 
70440 
46520 
46480 
50110 
72760 
72800 
78700 
48890 
59000 
79890 
68630 
49030 
49480 
50570 
53010 
51620 
65670 
50210 
70170 
48050 
80320 
46900 
75340 
66160 
71680 
81650 
75650 
53800 
49350 
75030 
82880 
68740 
67000 
49610 
72830 
74850 
91470 
48240 
71530 
72240 
72030 
76850 
46640 
69290 
50530 
72260 
72630 
75490 
74110 
70670 
68530 
73760 
66730 
72430 
48960 
76360 
75650 
69640 
74080 
70450 
73480 
68260 
50820 
66560 
67590 
77860 
75220 
77610 
77880 
74560 
71170 
74740 
49710 
50300 
51570 
46390 
57030 
50630 
47560 
48440 
69760 
71090 
53580 
45420 
69780 
68940 
93100 
47780 
57690 
70180 
68430 
52840 
75030 
78060 
66800 
69960 
69920 
53710 
54030 
74170 
76050 
69510 
80500 
79370 
70090 
68620 
70960 
48240 
71590 
77090 
52530 
71680 
74750 
69040 
69970 
67510 
42760 
49630 
59710 
51900 
59230 
78740 
51040 
47730 
59600 
65370 
65730 
48800 
81990 
50080 
69060 
49290 
49670 
53260 
79850 
48870 
70610 
50880 
57860 
70890 
69860 
49270 
68580 
46080 
57750 
70350 
68380 
74260 
50520 
49030 
52660 
71730 
57870 
74180 
62700 
50040 
66780 
71160 
49330 
68970 
53930 
73660 
67040 
55130 
69800 
68220 
68590 
52600 
67470 
62820 
72330 
51590 
71550 
57110 
67960 
78300 
68900 
49330 
84010 
72100 
68720 
76650 
76370 
61520 
71260 
76900 
85150 
48760 
51150 
49140 
72480 
58180 
67740 
50460 
78030 
49580 
70920 
55930 
70410 
57160 
52180 
78050 
68830 
67600 
51650 
47760 
60370 
81750 
50920 
65010 
68470 
75600 
51470 
72710 
57340 
49010 
58140 
76880 
49440 
68000 
64780 
80380 
48940 
81370 
49910 
69210 
50770 
49960 
84110 
48780 
70170 
56630 
73450 
61690 
67360 
78270 
54480 
53050 
78910 
51780 
48830 
55650 
72770 
65830 
54030 
51750 
50400 
55150 
53810 
85000 
50150 
70810 
55570 
70850 
51480 
76420 
51720 
56460 
55870 
71270 
68480 
67160 
83740 
62640 
66670 
51660 
49680 
59310 
63600 
54840 
67690 
46080 
70120 
53020 
55870 
67920 
79380 
48900 
74930 
80920 
77750 
57320 
51940 
52460 
58690 
70260 
57870 
55550 
75460 
52530 
73150 
49300 
70130 
51840 
75390 
71860 
74010 
52630 
77430 
54140 
72990 
51460 
69910 
72330 
50690 
79050 
59440 
69400 
75580 
54830 
71110 
50690 
70240 
51380 
68610 
57270 
58870 
63890 
56590 
73650 
73400 
54340 
57350 
48790 
51850 
50900 
49660 
58990 
57350 
53090 
52210 
53770 
52110 
72920 
50040 
74740 
51990 
55420 
60280 
58630 
51640 
52090 
55440 
51150 
70240 
51260 
57140 
53980 
51790 
59580 
49820 
51540 
50600 
49600 
65640 
50980 
54860 
54190 
52060 
53500 
70140 
56410 
50850 
50100 
68620 
52700 
56410 
58900 
72000 
51370 
58210 
50280 
48670 
59130 
52450 
51410 
51310 
53300 
57590 
56770 
54420 
51980 
57450 
52680 
52840 
47310 
49520 
53240 
58230 
41940 
59060 
55040 
54560 
51800 
66200 
49410 
50070 
53570 
73500 
52620 
57530 
61090 
71980 
49080 
58870 
50100 
50750 
49830 
50710 
52480 
55150 
57730 
49850 
77680 
51220 
51120 
56440 
51540 
50920 
78530 
50640 
53820 
48970 
87700 
60300 
50760 
51560 
44940 
65040 
51380 
61880 
58150 
51460 
48220 
52530 
73450 
50840 
47840 
71150 
60380 
57880 
50590 
52640 
69870 
50750 
62140 
56910 
53610 
65610 
50080 
56790 
48980 
51590 
80430 
58520 
48820 
57010 
71630 
41670 
53110 
59500 
51110 
54410 
72360 
54140 
53820 
53800 
62320 
53800 
50500 
55600 
58180 
55790 
54280 
53110 
55840 
53000 
53270 
49260 
47210 
52050 
52590 
51490 
54240 
47980 
50070 
50370 
58490 
52740 
48440 
52610 
57450 
50100 
48890 
50880 
61240 
60100 
49590 
49600 
52300 
48900 
52740 
52360 
56740 
60330 
54000 
56390 
56940 
53850 
49000 
47700 
54650 
52070 
53140 
52490 
61000 
55020 
49610 
53150 
52280 
51420 
48680 
53420 
51190 
57640 
59740 
54090 
48100 
52660 
54430 
49110 
49350 
53210 
73590 
49270 
52080 
53530 
51880 
52100 
53340 
59260 
49190 
47930 
53610 
60030 
51660 
53990 
54470 
57730 
57330 
56250 
49590 
52720 
58090 
52460 
59160 
55810 
57090 
60850 
55270 
49030 
76100 
52920 
54610 
54670 
75880 
50370 
57240 
49360 
62340 
56000 
55480 
51010 
50620 
57600 
55810 
50260 
52480 
50700 
48850 
51360 
52250 
50030 
50850 
53260 
57940 
50390 
53510 
49970 
54520 
55700 
59210 
52710 
50130 
52330 
57280 
57050 
53270 
49870 
52830 
52630 
54450 
57630 
53910 
58160 
54380 
46610 
53000 
50130 
51140 
52350 
54930 
56930 
50980 
49380 
51890 
59690 
51250 
53450 
59870 
50920 
57120 
50960 
54570 
51820 
49020 
53420 
52130 
54680 
56080 
53040 
53780 
48370 
53520 
49740 
50230 
50530 
56830 
48910 
50180 
56890 
50960 
51340 
59010 
52250 
50500 
52780 
47430 
52390 
52320 
56760 
53160 
58830 
55710 
49060 
52540 
49410 
48770 
58470 
58400 
55860 
50980 
