97591
65470
45080
32271
27401
26120
29650
25620
28830
28300
28790
54970
28450
53681
62000
53470
93590
85180
103850
107541
103251
82671
100951
103281
104020
80010
82360
102491
102540
102700
81330
99810
105610
99541
78901
84321
116600
104861
101771
85801
105761
101561
107760
76780
86680
157811
118710
126020
107870
126000
120950
120621
93621
105721
127210
124771
128111
111581
127481
127371
125550
94060
100090
130701
116660
122841
100591
121951
126501
117351
91841
98901
127041
101311
96420
81080
104660
98500
103370
75981
81800
106430
141551
158281
123001
120031
105731
101620
79740
88410
115921
99410
102640
85280
103910
101330
99141
77671
85291
113990
101511
104331
83081
105731
96951
101920
79090
80820
97961
103870
101691
81790
98761
101191
104761
108771
98291
124130
120141
101581
102211
117101
118051
119130
96390
91810
129141
123020
115771
104511
119071
119801
117461
93901
102961
125741
118791
118200
98610
118900
128411
117520
76461
79020
94840
103181
108821
80801
104291
103741
105701
76400
144081
134411
116980
101370
79180
101310
95100
95951
72901
80341
103630
101351
100211
81210
102971
103821
102580
76980
80110
113711
103840
103191
82201
98231
102050
106071
81881
90511
101941
100081
96610
87650
132981
123311
116890
92840
111450
132361
115520
116411
96081
145271
117361
116721
90220
95011
128781
116791
100880
100020
114140
120590
120720
85021
96560
119790
104930
105231
103551
97231
96831
95980
80610
82180
103431
100250
103140
82850
100310
132221
139961
97591
89721
124560
101771
81071
77570
99871
101981
94250
73250
77680
94431
102010
99041
78941
95851
96721
102131
78680
78401
96651
98541
93020
80810
101710
104090
96910
74151
81350
101610
115700
103041
100881
149591
127271
126281
95400
102501
126241
97021
93060
92410
113090
112720
110910
86541
93960
119030
97000
94221
98681
111481
113071
111741
86220
98701
132471
107570
76600
73050
95880
97440
92821
70431
80131
116680
110701
154471
130801
127351
106411
100730
77830
78380
100231
102990
81260
80371
95521
102710
95381
76790
83391
100981
83511
81100
81360
101110
97030
96700
74881
77530
103370
101790
81621
82071
122791
105211
99281
103870
103461
119901
98211
104150
100410
124450
118290
104260
90231
107140
130190
102380
98631
102861
106261
99921
161521
97240
108460
138341
102620
103010
98530
122320
106000
117830
77681
99801
107460
86371
88961
86970
102041
85571
105980
82350
153071
135021
102070
96631
89101
115780
110031
106011
78220
87321
104030
83341
83680
80390
102580
84160
88410
80771
82650
106541
85980
85471
104331
103371
96721
88961
79170
88621
103381
84721
84920
89690
124741
100840
98500
93581
110361
133010
104551
101411
102941
107131
113411
106281
96130
106400
134851
107600
106740
105690
104690
102830
107980
120231
104861
101680
108151
108191
115691
111251
99491
85850
81531
91440
107531
82390
83400
86551
92300
131430
123631
106431
99931
92880
87601
82920
85520
108241
90470
88920
74991
84470
99420
82320
104801
84981
105411
84201
82611
82540
86050
98281
82890
84570
87420
90430
89560
85530
81481
92891
106720
112431
102981
100221
116801
103631
109971
97830
104870
109261
107510
103720
105850
106430
105920
127511
96151
107641
103380
106461
107721
103110
110221
104501
102160
84930
106390
129311
92200
82791
85841
87180
87010
88451
78160
85631
95400
85371
85320
132711
116361
105541
87450
83581
84630
98090
107810
81461
81071
79041
78031
87571
76120
72270
75241
71280
79160
79680
80610
79190
81320
74131
82121
83820
82491
83131
78210
83671
85491
83180
74310
120011
103431
103780
100730
99610
104320
129140
101561
95701
103801
109460
99871
100461
103251
102671
102321
100420
95611
106520
101341
99270
92990
101241
108200
98830
101001
97610
85771
80660
86601
80690
81500
84530
82720
89620
80021
83201
176051
116610
107311
84821
81821
82511
83621
77710
82710
81271
81920
79280
80410
81850
78850
84700
80671
80501
84280
83171
84131
81310
79521
79101
82280
76900
82930
80521
83710
85210
79141
109360
117280
104011
94241
103081
106240
102511
94821
101310
103351
100991
108120
94581
104310
104241
103370
107160
97071
101840
105600
102221
92880
106271
105990
101591
101210
99180
104440
80570
80710
77611
108671
85320
79490
78511
90421
84551
81621
136041
115450
96670
100831
82780
81110
75420
82020
79140
81870
76651
77661
81820
84791
78751
81030
79551
82321
76370
70200
72030
72301
70600
76850
101071
82750
86250
87491
77810
84331
86980
82141
125071
96710
101501
106711
102360
93491
99960
107331
100470
95090
100181
104770
103470
99221
93570
107831
100860
101801
102430
105010
103491
100461
101930
120451
103310
102430
107280
81870
79521
82121
80881
83171
76770
78670
89281
86150
82370
152501
133851
97050
97240
74221
81671
79820
81541
81291
79040
79591
80691
86970
77430
81950
81911
81890
77340
100071
82510
77200
81371
74440
76351
84430
79131
72200
82580
85951
82041
82790
65081
124570
103411
104080
96670
99211
100090
97590
105571
92960
97471
103690
102561
98251
100910
99911
97860
97640
115281
101770
105431
106340
102811
105361
106351
105221
103681
107520
89790
90741
81120
87440
87470
85620
86490
85180
83241
86441
163651
126810
106791
95450
84491
79661
82830
62780
83490
81141
78190
101910
75641
83840
78140
79741
75320
76020
86120
80001
77550
76690
83971
73341
81260
75101
79080
88591
82790
83880
81291
78850
115110
101671
91910
100190
102300
98401
103931
105620
99161
100811
119250
96831
106261
104801
98230
101680
98411
107751
97501
100181
93390
98860
107211
100501
97680
101861
96620
90910
83600
74050
81551
81970
84951
99671
81700
82811
83171
81990
117480
112800
101281
86630
80870
95861
81400
79130
78931
74570
78410
85960
78531
81491
75280
82271
78711
79470
73581
79540
73931
84130
80711
82271
84190
79270
115061
80120
82940
81390
85911
79521
119990
105891
100121
99980
94561
105981
113471
102620
98881
101421
109881
105241
105561
98720
100370
104171
103481
101540
95821
101360
98890
104460
93130
103171
105700
124861
95481
85480
82041
84401
83270
76841
83670
84501
86150
86360
80471
119420
109670
99591
76980
76640
76480
90111
78420
81490
79621
77070
79770
79021
80381
77850
77220
75590
82611
81070
102580
71671
79740
72870
82070
80161
79300
82010
88070
79890
77230
76981
76761
122581
92850
106131
97850
98221
102441
95571
89440
100050
99851
101591
105340
100131
101000
94450
103410
94280
98921
126490
102181
96361
98810
102511
99281
97821
90951
108250
80471
82470
81510
80111
82920
83030
86411
82170
82690
85560
134791
124971
106040
91851
78091
81940
82281
83811
76811
80590
78221
82121
106970
78480
79201
76150
84290
83100
78111
74180
76921
84260
81810
81380
76861
82031
84440
87010
83341
81300
78111
80681
125981
99590
99000
101371
101181
102810
106301
98880
102980
101330
97881
131241
107080
93650
101011
97910
120841
103491
98791
87611
179001
113431
103320
97240
97991
107630
110000
87811
76570
76630
77261
83731
80610
76630
84551
78181
82030
115901
124580
110451
84290
69681
84951
82370
76250
76551
76191
76050
85951
78270
80110
75111
77750
79470
80900
76000
73761
76180
79741
79311
91720
78890
76211
82971
82751
77810
77131
91700
82130
119151
99961
101540
99600
99140
103491
102970
140451
100871
94370
104591
99801
98750
94101
93760
102311
99300
96010
101131
95880
98330
101041
97980
93901
100041
101891
116181
80370
81441
78880
83350
82350
76441
78520
86010
81701
84240
151931
204951
99641
91041
79050
81101
78640
81390
77451
81390
79620
77960
83540
76361
77110
76291
83121
80770
78701
78991
81021
84601
79770
76741
79590
83570
78821
85730
86260
78850
80220
79180
126730
100701
99141
97460
99321
107801
105301
100971
94770
99121
101470
99310
103151
102080
103190
100171
100380
100430
94080
99461
96481
100420
105581
104661
101580
99941
107911
87820
79570
82271
80120
247251
82660
80061
82081
82230
80421
148531
120901
111881
94591
139251
82370
76140
77901
78020
76111
82531
81220
78380
80181
76211
80701
77280
80261
84180
79200
78821
80280
125991
87310
76100
77581
84810
84091
77881
80670
81511
81921
90630
109471
98640
94171
99010
101490
87481
106360
97820
98750
102590
99771
104440
96391
98371
90820
106961
105831
98590
97260
95961
103681
97810
101501
95901
98820
108680
91401
84261
75230
78811
76260
82170
80171
82520
86280
82000
83100
129761
117740
98760
80961
79280
82961
80571
77621
75801
81260
79821
76830
74390
74231
81830
78590
80480
78270
75660
77810
80911
79441
78230
77531
79731
83220
82081
90341
81760
75490
87120
81651
114220
103560
99931
101830
97380
100311
104011
99731
97040
100921
102171
103370
97001
95801
100990
97970
181111
126471
98470
99990
102791
98841
109070
93921
101601
101300
103341
82050
74180
81190
81280
79451
78200
80300
82291
87630
82991
128760
117831
97681
85380
84551
78040
81220
78051
78900
88770
81990
75420
80440
77350
82891
77241
74630
76631
75231
79960
78091
76211
77861
77120
78530
84071
78860
79170
82321
81400
86660
81620
116341
99831
93740
107151
96241
99820
99631
93591
103840
245371
96831
97180
97030
101390
101381
94941
93890
99161
100681
102710
95211
97131
104341
96810
103380
95741
112080
81900
82461
77870
83671
80861
78011
78181
87220
83781
78860
142241
121231
109341
88780
76560
74110
79990
78830
79781
77461
80720
77971
80121
81830
76160
76971
78210
80520
80520
76770
78730
81800
76311
79800
75420
82410
79641
80970
79971
82731
79951
81860
116191
98151
101661
99450
98891
101160
98940
100480
98551
94371
99290
99901
101841
97480
105581
98681
98231
103140
95120
103841
99390
97540
95721
85080
107970
95831
107321
75981
80570
77641
81150
83720
78081
81030
85490
84100
78200
145191
131730
106310
98061
80820
81851
81751
82670
81101
80601
79040
83540
81100
83260
83240
80690
82961
78810
83980
86861
78541
79980
79951
83621
83111
84610
80130
234841
88990
86150
83691
80100
132200
95620
101981
101801
95810
110351
105601
99870
99401
105771
105211
102920
102761
99611
106140
103410
103811
97910
105610
106100
105201
106871
95340
106701
104911
102330
115551
88630
84440
82210
85130
82240
83360
81691
84741
89360
84991
219301
125381
108261
100061
88121
88250
82670
80230
84630
84390
85491
80070
78690
82820
81791
82480
80801
78831
84721
82470
78560
79411
83390
82580
83541
85160
83110
84770
82081
88051
81730
88021
117201
99950
105281
103571
107971
102020
96240
98141
106520
103670
105171
102470
96510
106370
99331
99541
97691
101611
108341
105770
108321
102541
99780
109320
101830
101080
117450
85011
75451
79880
83771
82151
80190
72640
75141
83111
75750
71790
120981
108230
93660
76900
71980
66740
72840
74921
74010
69461
73031
68401
71040
74810
68761
73790
72430
67181
77980
218761
73980
72741
69471
78740
74921
74261
82750
75651
86141
81190
80520
79490
107031
108710
99040
95941
101800
96130
97651
102181
93201
94190
99561
97081
106280
97941
97050
100200
91000
102540
83910
100250
100800
95501
98190
104641
106041
98381
97781
79321
85681
87190
83370
80930
80280
92140
85681
81810
78300
137440
116951
105861
87811
83061
77111
84150
81780
76711
76670
76580
75651
82610
84280
81110
82121
75101
78760
78821
79401
79160
76911
80341
83630
80760
80300
74460
84060
73510
81611
78020
81551
118061
99081
100631
94821
100151
96201
104070
105571
100461
103120
97530
98010
102290
99600
101681
96191
96920
102711
98731
99191
94221
93701
99781
102820
96860
100210
103660
84850
80461
78250
75700
80780
76161
81020
93591
81301
84681
132371
131431
96691
86000
77830
79581
77720
82900
81400
77391
76871
219101
83661
75501
71550
80061
76370
78820
80570
78570
74440
75620
82160
80661
79930
81180
82201
82511
84841
84251
78121
83800
114530
103111
102481
100070
101510
87240
98920
108390
99571
101691
94071
95691
115701
107981
100411
95981
106151
105050
105440
101180
104260
104110
101830
101410
96230
99580
102521
76790
79651
82301
82341
80470
75080
78611
89830
84550
78101
152061
129230
104760
89561
77861
77240
78381
78111
78640
82951
75660
78130
78520
77560
76970
74760
77830
76001
77720
82840
76561
76441
85651
75971
84241
80390
77340
79990
84470
84490
82580
82210
119531
101320
101770
104501
100420
99031
106061
99741
101041
99101
99911
99410
107710
97900
106000
100680
102570
102320
105530
105730
98131
97981
101581
108131
102781
101290
90121
80240
82140
82470
79681
77710
78580
82230
92461
80241
76951
151680
124381
102150
85341
234371
76570
77180
81970
79710
75770
78330
75921
79350
81760
76691
74091
73601
80591
77801
85900
84270
76160
80270
77040
80100
78160
75510
83360
84811
71761
74671
70401
96961
94811
90661
91111
91861
93390
108480
99870
102100
97080
100070
93910
99750
102410
97961
94621
93461
97091
98611
100670
95261
83411
106471
102420
100070
98440
118420
85310
76361
76771
79830
81831
81411
72320
86121
82781
79040
108391
124631
98861
96560
77550
75411
79610
77420
81470
77231
75421
77071
79621
76750
80310
73270
79260
80370
78790
78350
74230
78130
75231
75661
75011
78551
76841
83671
80721
76581
80861
77350
79200
114720
95440
111090
107840
102040
105990
108890
103731
101011
100351
110221
105031
101671
99681
96151
110461
106140
