86940 
44190 
36900 
38250 
36070 
39150 
37960 
36870 
38480 
36410 
38910 
37220 
36070 
36460 
36930 
39610 
35880 
36440 
36090 
36250 
37960 
37070 
48160 
42000 
36590 
38810 
37080 
35760 
35830 
36280 
36140 
38000 
36730 
35130 
35800 
37190 
38790 
36790 
37040 
36030 
37610 
38020 
35800 
35920 
36120 
36490 
37870 
37760 
35480 
36210 
35110 
38100 
37180 
36790 
36180 
36340 
36220 
38420 
36290 
35400 
36440 
37920 
37420 
36520 
35830 
39180 
37020 
36860 
35450 
36020 
38980 
37600 
37340 
34310 
35760 
35660 
36890 
38750 
36690 
35200 
36010 
38290 
40250 
37480 
35900 
37040 
40260 
41590 
37630 
38180 
35950 
39610 
39670 
38080 
38780 
37420 
37100 
39990 
40210 
36430 
35870 
35050 
39350 
40190 
38250 
36730 
36030 
35450 
37960 
41440 
39260 
37530 
35910 
38800 
37860 
35990 
36180 
36090 
37110 
38260 
35490 
36060 
39010 
36910 
39710 
37660 
36740 
37960 
36880 
37460 
37130 
36370 
36260 
34930 
35750 
39580 
36440 
37680 
36420 
36900 
38010 
36370 
36110 
35770 
36600 
38980 
37260 
38440 
37000 
39410 
38230 
35720 
36320 
35890 
36620 
37130 
37800 
36290 
35850 
35960 
37530 
37370 
36170 
36310 
36180 
37850 
39770 
37020 
36730 
59970 
45110 
38690 
37090 
36100 
35890 
36980 
37850 
36950 
38070 
34650 
36290 
37300 
37100 
37050 
37020 
35710 
35730 
38800 
36070 
34660 
37220 
39230 
36290 
35690 
36250 
35560 
35880 
38850 
39410 
35490 
36900 
35770 
36050 
37300 
36450 
36140 
35580 
36730 
35340 
37260 
35810 
34950 
37630 
37560 
34950 
35950 
37190 
36810 
37410 
34970 
34880 
35990 
36910 
38440 
37650 
36870 
35660 
37890 
37090 
35870 
36930 
36040 
35140 
37870 
35900 
34970 
36050 
37810 
37590 
36580 
37550 
36140 
36310 
38130 
38450 
39250 
36660 
35750 
36920 
37620 
35720 
34980 
34470 
34820 
37720 
36970 
35250 
35620 
35790 
38110 
37240 
35430 
36550 
36190 
36630 
36930 
36280 
37490 
36150 
36910 
37950 
35610 
37320 
37000 
36170 
37770 
37470 
35750 
36410 
36270 
38080 
35120 
35660 
36080 
35480 
37210 
36360 
37030 
36540 
35230 
37200 
38610 
36640 
36810 
36420 
38020 
37320 
37200 
40170 
36670 
36560 
37340 
37450 
37690 
36010 
36820 
37540 
36850 
35770 
38180 
37040 
37210 
37060 
37520 
36940 
36310 
35620 
35830 
36530 
35480 
37090 
37250 
36750 
37540 
37880 
36710 
36650 
37900 
37740 
36350 
36840 
37360 
38560 
35910 
36140 
36130 
35040 
37630 
38520 
35460 
36190 
36700 
37510 
38330 
36390 
36870 
35690 
37090 
37800 
38040 
36960 
36860 
36640 
38550 
38320 
37220 
36720 
35680 
38570 
35110 
36220 
35190 
34890 
37960 
36420 
36320 
35440 
35600 
38370 
38250 
37890 
36340 
36420 
37080 
38410 
36450 
36740 
36430 
35960 
36520 
36650 
34970 
35760 
37750 
37310 
35510 
35640 
35500 
37610 
39570 
38280 
37150 
35670 
36740 
37530 
37910 
38280 
37330 
36410 
36650 
38880 
34870 
35770 
35480 
42850 
42910 
38410 
35470 
36050 
37770 
38380 
36030 
36150 
36980 
37290 
37460 
37230 
37290 
36320 
35970 
36750 
38150 
36680 
35890 
36950 
39210 
38160 
36820 
47180 
40050 
37650 
38320 
35930 
36940 
37320 
37080 
38870 
34880 
37030 
37440 
36220 
38400 
37250 
36940 
35880 
35770 
37030 
38380 
36840 
36900 
36420 
37260 
38870 
36690 
35660 
36730 
36480 
37130 
36530 
35570 
35080 
35270 
38030 
37210 
37940 
36280 
35520 
37880 
37770 
37910 
37250 
35990 
36080 
37940 
36680 
36500 
36270 
36210 
37030 
35910 
36320 
37430 
37880 
37890 
36270 
37060 
37030 
36800 
36820 
37790 
34470 
36370 
36210 
38620 
36420 
35440 
35850 
37150 
37740 
40550 
37160 
35610 
36200 
37900 
39020 
37810 
36310 
36720 
36950 
36750 
38690 
37240 
35870 
35600 
37590 
36990 
36930 
35460 
36340 
37510 
36980 
36740 
36570 
36140 
39230 
37050 
37190 
39340 
36580 
37050 
37080 
36360 
35600 
35260 
36500 
36550 
36640 
34840 
35650 
37220 
39090 
36420 
35780 
36100 
35050 
37500 
38280 
36750 
36480 
36430 
39210 
38050 
37480 
42260 
37500 
37220 
37280 
36560 
36970 
37080 
36840 
37570 
36900 
36450 
36850 
38500 
38230 
35340 
35910 
37200 
38920 
39790 
36460 
35840 
35960 
37030 
36260 
37210 
36490 
35560 
35180 
37120 
38650 
36250 
34550 
36180 
36400 
38790 
36840 
35660 
36500 
36320 
36360 
35640 
35090 
35200 
35520 
39120 
35730 
35750 
35990 
38320 
36440 
37180 
36540 
35160 
37220 
35770 
37310 
36770 
37780 
37390 
35950 
36770 
35510 
36580 
36730 
36590 
37830 
34700 
35600 
35200 
35080 
37130 
37540 
37050 
36700 
34770 
36530 
37380 
35770 
34810 
35500 
37080 
36400 
35220 
34830 
35520 
36960 
37840 
36910 
37810 
36290 
36510 
36750 
37950 
35670 
36410 
36830 
37970 
37520 
34150 
36620 
37060 
35690 
38760 
36450 
35690 
35830 
37480 
36420 
35460 
36010 
39250 
37330 
38300 
36800 
35130 
37180 
36390 
36350 
39560 
36260 
35960 
34640 
36190 
36780 
36550 
35570 
36890 
38910 
37630 
37180 
35410 
38340 
37390 
37830 
34940 
36750 
36280 
36740 
39080 
37160 
40380 
36340 
38020 
37230 
37670 
36510 
36470 
35360 
38730 
37010 
38090 
37050 
36770 
39080 
37250 
37750 
35090 
38430 
39210 
37270 
36550 
37800 
36230 
38760 
37780 
39010 
36110 
35700 
37380 
38320 
35820 
36150 
37430 
36700 
38060 
36700 
35580 
38230 
35510 
35590 
37280 
36540 
35320 
37620 
35480 
37790 
36370 
36050 
38160 
37780 
37870 
35280 
36250 
36170 
36400 
37030 
37000 
33910 
36360 
34870 
37210 
39270 
35910 
36120 
35360 
35330 
37260 
34810 
35710 
35670 
35970 
37460 
35290 
37170 
36780 
37540 
36820 
37280 
39230 
50180 
41660 
38310 
36210 
36940 
36630 
34570 
37950 
35650 
38890 
35900 
35940 
36490 
36910 
35960 
35760 
35560 
36250 
35990 
36810 
36910 
34670 
36500 
36940 
37520 
37020 
36410 
37460 
38200 
36430 
36360 
36150 
36080 
41470 
39640 
34890 
36700 
36610 
35780 
40690 
36610 
36470 
35870 
37630 
37710 
38940 
36690 
35920 
35290 
37540 
36700 
35910 
37570 
37110 
37260 
36050 
35050 
35560 
35410 
36940 
35850 
35890 
36250 
34850 
38200 
36890 
37190 
36920 
35730 
36850 
38920 
36450 
36000 
36640 
37930 
38850 
35700 
37590 
35540 
37170 
39510 
36920 
37440 
36570 
36100 
38510 
37980 
36050 
36450 
34620 
36670 
37580 
36260 
35440 
35890 
37290 
37310 
35610 
48470 
40140 
38070 
39210 
36110 
35220 
34820 
37450 
37630 
35800 
35320 
38390 
36430 
37800 
36580 
35840 
36880 
34790 
36170 
36210 
35790 
36270 
36960 
36080 
37010 
36970 
36030 
36840 
36990 
37720 
35320 
35530 
34430 
35000 
38360 
42760 
36500 
36820 
37900 
37660 
35290 
38140 
37090 
36490 
37460 
37730 
38330 
35820 
37920 
37660 
38070 
37010 
36370 
34570 
37470 
35510 
36180 
35750 
46500 
38770 
35590 
36430 
34840 
36250 
35030 
38240 
36480 
36490 
36110 
35300 
34870 
37440 
35160 
37690 
35800 
36950 
38470 
36050 
36100 
37190 
37750 
37900 
35480 
36550 
36680 
35790 
39000 
37250 
35520 
37270 
35860 
37390 
37230 
35610 
36150 
36180 
36780 
37190 
37010 
35780 
36560 
37570 
35950 
35640 
39270 
36460 
37030 
37790 
35240 
36470 
34990 
37680 
37300 
34650 
35820 
35850 
37030 
38100 
36610 
35700 
36770 
35060 
36440 
37600 
36530 
36350 
35980 
36840 
36530 
36100 
35310 
35850 
36240 
37760 
37560 
35650 
36270 
37500 
35920 
35890 
36270 
38170 
37060 
37130 
36810 
36560 
35120 
34440 
36150 
37570 
35000 
35330 
36860 
36920 
37720 
35940 
36220 
36060 
37630 
37460 
35010 
34460 
36590 
37500 
37240 
36270 
35880 
36270 
35920 
39540 
37440 
35370 
36330 
36460 
37530 
37760 
36250 
36760 
37470 
37530 
38160 
37100 
36280 
36350 
38120 
39940 
35960 
37360 
35940 
36720 
37200 
34560 
38730 
36480 
35420 
39910 
36950 
36560 
36510 
37270 
39570 
37360 
35440 
35580 
36610 
39670 
39440 
35090 
35900 
36150 
36800 
40420 
38970 
36130 
36570 
37760 
38830 
38800 
34990 
35750 
35630 
39510 
39710 
35220 
38430 
35100 
36380 
39960 
38420 
35670 
35800 
35920 
39420 
40280 
36600 
35840 
36340 
37860 
37330 
36390 
36600 
39900 
38250 
40140 
38190 
36840 
35490 
38030 
34760 
38440 
37710 
36030 
36620 
37830 
39840 
36790 
34740 
38550 
36270 
37830 
36260 
36250 
37810 
37910 
36530 
34980 
35210 
36950 
35990 
37270 
35040 
36990 
36390 
35780 
37960 
37080 
36740 
37550 
39730 
38820 
38230 
35500 
37520 
36070 
38380 
37150 
36730 
36150 
37870 
37830 
36490 
35690 
36690 
37210 
37710 
35620 
35570 
36820 
34420 
38310 
37950 
35770 
36530 
34450 
36320 
36740 
38890 
36770 
36050 
37310 
38050 
36090 
36570 
38900 
36660 
37580 
36510 
35850 
36290 
37200 
36580 
36470 
36270 
43480 
40090 
39220 
37750 
37730 
36390 
35420 
37900 
37030 
36920 
35670 
36720 
38160 
38210 
36890 
35050 
40470 
39500 
40970 
36460 
35740 
37000 
37250 
37800 
36840 
35070 
36210 
37840 
37440 
37530 
35420 
37810 
35520 
36120 
36580 
36770 
36900 
36090 
36050 
37670 
34980 
34910 
37890 
35760 
37900 
34680 
35800 
36060 
35860 
38150 
36640 
35840 
38120 
35930 
42070 
38910 
36270 
36220 
35360 
36120 
37040 
37440 
35470 
35750 
38250 
35800 
35990 
37150 
36870 
35550 
35400 
35900 
34430 
36500 
36840 
38010 
37170 
35640 
37860 
38990 
37250 
37020 
34920 
35520 
39030 
38030 
37620 
36850 
36640 
36240 
37360 
37970 
37060 
35280 
36350 
35940 
37770 
36450 
36720 
37680 
36800 
37490 
40220 
37380 
37180 
37350 
37850 
36240 
36430 
37030 
35190 
38040 
38810 
36410 
36230 
35260 
37180 
37800 
36310 
38390 
35560 
37770 
37650 
36370 
34900 
38040 
37190 
37180 
38090 
37000 
36370 
35950 
38790 
36470 
36860 
36090 
36210 
37390 
37770 
37180 
35190 
36790 
38980 
38340 
37350 
35460 
35790 
37810 
38230 
37230 
36920 
37110 
37340 
44870 
37490 
36480 
35580 
38840 
36260 
38390 
36670 
37010 
36800 
38740 
39050 
36500 
35430 
36330 
36770 
37990 
35930 
35330 
35920 
36500 
36350 
35960 
36090 
37570 
38370 
37080 
36030 
34600 
36930 
35680 
37470 
38780 
35980 
36130 
35460 
36660 
37690 
36380 
36340 
36650 
36770 
36350 
36000 
40570 
36380 
36490 
37410 
35770 
37350 
40580 
41600 
42230 
36580 
36100 
35980 
36540 
37900 
37460 
35570 
35370 
36530 
36410 
39740 
36720 
36250 
38450 
38540 
38260 
35730 
34650 
36160 
36580 
37060 
36250 
35900 
38750 
36030 
36630 
36800 
34790 
36000 
37110 
38730 
37290 
36370 
36240 
36760 
37750 
41620 
38910 
36060 
36890 
37240 
38410 
34680 
39330 
38220 
35780 
38430 
37260 
39670 
37240 
44870 
41740 
36940 
37880 
36830 
36940 
39640 
35650 
36240 
37170 
36700 
38420 
37320 
36020 
35320 
36250 
36470 
36750 
36360 
35870 
35110 
37730 
37980 
38490 
36600 
36490 
38470 
37920 
35860 
36310 
38600 
35410 
38770 
37910 
36220 
37040 
37880 
38790 
40250 
36390 
34260 
36460 
36780 
37020 
37160 
34770 
37150 
37290 
38800 
39470 
35950 
36080 
37330 
36420 
37890 
35820 
37690 
36190 
39230 
36500 
36280 
36810 
35320 
41250 
38140 
36480 
35310 
36650 
37410 
37190 
36250 
36640 
38020 
53520 
43890 
36800 
37540 
37140 
37220 
37160 
36370 
36530 
37390 
35570 
36640 
36010 
35730 
37260 
36760 
37670 
36180 
35120 
38150 
37000 
36270 
37760 
37610 
38120 
46060 
44850 
38850 
37440 
35370 
36540 
36830 
39770 
35190 
36180 
34900 
35910 
37950 
39990 
36040 
37510 
35350 
35520 
38330 
37370 
36850 
36040 
37110 
38410 
35080 
35350 
38560 
37750 
37950 
37640 
35150 
37010 
39200 
39660 
36340 
35220 
36290 
36220 
38860 
40570 
36150 
36910 
34690 
37630 
38940 
36510 
36050 
35410 
36090 
37920 
35470 
37420 
38620 
36120 
36220 
35600 
36230 
34980 
37380 
37560 
35320 
36600 
36710 
34720 
37090 
36000 
39080 
37910 
37120 
36650 
37080 
36580 
36170 
36200 
37640 
37530 
38470 
36380 
39110 
37430 
37140 
36140 
36930 
36130 
38130 
37780 
34970 
35370 
36260 
36350 
36430 
36380 
34860 
36840 
35920 
40330 
37140 
36720 
35970 
34740 
36940 
38180 
37990 
36570 
36390 
36570 
38840 
43010 
37500 
36460 
38700 
36750 
35780 
35390 
36000 
35430 
37750 
36060 
36080 
35370 
35750 
38120 
36790 
35840 
35040 
36510 
38440 
38610 
37750 
37370 
36310 
37310 
37480 
36920 
37960 
36400 
38090 
39440 
35630 
39390 
36540 
37060 
36490 
36740 
35970 
35850 
36560 
36700 
39350 
34870 
36000 
36260 
39720 
37840 
36440 
34790 
37360 
36140 
52070 
40420 
34700 
36760 
37440 
38020 
34180 
35870 
38540 
36700 
37520 
37040 
35240 
36540 
35970 
36850 
37540 
35540 
36320 
37850 
38210 
37400 
37860 
35410 
36920 
37170 
37360 
34970 
35740 
36550 
38610 
37280 
35970 
35000 
36910 
36580 
38060 
38090 
36410 
36730 
36630 
37950 
36340 
36320 
37020 
37450 
37410 
39180 
37080 
36340 
36130 
37260 
37810 
36540 
35980 
37310 
37050 
38190 
36850 
35640 
35250 
35530 
37320 
37310 
35460 
36130 
35230 
36920 
37900 
35800 
38090 
36390 
37580 
39470 
36890 
35070 
35880 
43170 
39720 
36860 
37000 
36660 
37240 
38580 
35950 
36730 
36180 
34750 
39260 
37410 
36210 
36820 
36810 
37890 
37740 
37570 
36760 
37120 
38020 
37090 
36550 
35470 
36750 
36850 
36850 
36980 
35530 
36230 
38430 
39820 
36430 
38540 
36070 
36090 
36810 
37020 
35370 
35920 
34960 
37260 
39200 
36480 
35950 
38940 
36950 
37760 
35170 
34990 
35760 
36770 
39180 
37780 
35930 
35820 
37560 
36980 
36320 
36070 
36510 
36510 
39090 
35580 
35620 
36960 
36410 
38740 
37700 
35690 
35760 
35640 
39010 
37500 
36220 
35510 
36270 
37770 
39790 
35740 
36170 
36550 
35880 
43140 
36850 
37390 
36420 
35260 
37900 
35800 
36790 
38610 
36790 
36890 
36570 
35240 
34890 
35970 
37960 
36730 
37790 
36400 
36020 
36950 
40720 
35580 
34660 
36950 
37610 
37740 
36590 
35670 
36270 
36120 
38440 
36960 
35560 
35580 
37370 
37070 
37540 
36350 
35460 
36100 
36290 
37290 
36060 
36360 
36660 
36660 
37870 
37470 
37220 
36570 
37030 
38170 
36250 
35790 
37280 
35930 
37300 
37400 
36860 
39020 
37260 
36800 
36720 
36180 
35900 
36010 
38370 
35680 
36540 
36250 
38970 
36560 
37390 
35210 
35910 
34970 
37340 
36080 
36530 
36130 
35590 
37420 
36340 
35120 
38950 
37030 
35030 
38180 
37320 
36110 
36180 
36670 
36840 
36910 
41160 
36340 
36750 
36320 
37050 
36570 
36740 
36060 
39140 
38760 
35070 
35800 
35730 
35960 
36590 
38150 
36640 
37060 
36450 
35690 
37240 
36160 
38140 
38620 
36590 
37840 
34680 
36260 
34950 
36130 
37660 
35870 
36300 
35910 
36720 
38780 
35730 
35410 
35120 
