68980 
94410 
86750 
79390 
53630 
68180 
69460 
75430 
50990 
65870 
64170 
70000 
65910 
70580 
70360 
70630 
71780 
56610 
61810 
36620 
61990 
34140 
58820 
35910 
61740 
37330 
68760 
62210 
65460 
56190 
48620 
24680 
48360 
432350 
45110 
48670 
47870 
49510 
49790 
36000 
83210 
43450 
9978890 
43980 
40470 
43300 
47790 
43950 
45730 
45200 
42580 
47740 
31910 
44280 
25020 
48080 
61530 
25070 
26640 
48460 
45140 
49110 
46990 
48460 
51360 
45400 
29020 
28540 
103030 
49120 
45870 
72870 
64410 
62300 
63170 
32670 
34660 
37670 
33150 
67180 
67840 
681270 
62100 
62960 
81550 
33570 
32480 
35680 
68350 
67740 
65010 
57200 
61350 
66410 
34280 
34730 
32420 
65820 
69560 
49710 
44880 
52200 
48660 
70290 
24940 
27440 
25860 
49800 
51250 
92320 
79250 
66690 
53770 
61880 
25910 
25550 
44860 
45670 
47190 
47420 
22620 
23750 
45530 
43360 
50420 
44890 
45520 
44800 
43790 
48080 
27350 
44870 
43940 
46050 
50200 
50140 
49630 
47390 
46750 
26490 
25890 
42480 
70790 
64250 
66760 
63280 
32860 
33040 
60870 
598420 
64170 
60750 
61140 
57320 
33980 
64520 
67000 
61380 
60090 
33140 
73300 
48310 
118530 
63530 
129690 
64630 
67150 
659620 
60660 
54770 
47920 
66990 
61560 
83130 
48290 
55050 
54680 
47150 
84940 
80270 
71540 
91120 
137220 
103060 
48120 
44580 
44590 
49650 
46900 
47520 
94900 
99380 
26480 
46920 
25000 
22570 
47040 
48980 
42380 
42870 
45670 
46290 
50710 
47590 
25560 
25810 
48280 
50030 
49080 
47960 
103050 
61580 
63250 
64780 
37590 
64990 
65100 
61220 
64440 
63040 
65220 
61750 
64470 
36040 
772670 
65860 
61480 
59130 
66190 
62960 
33110 
34140 
35230 
61100 
68980 
64680 
613480 
49120 
46840 
48150 
25630 
24990 
24110 
48060 
52930 
637360 
48210 
49660 
45620 
74750 
31190 
25000 
66320 
45050 
46810 
25950 
47450 
48940 
45980 
63360 
47080 
47230 
45160 
43740 
47850 
48590 
46010 
44670 
25360 
46080 
29930 
45490 
26990 
45640 
28160 
55590 
49010 
48310 
46850 
76620 
37660 
36240 
63930 
58930 
63370 
35680 
36910 
63140 
66950 
34140 
74940 
74510 
114150 
77620 
30470 
36010 
34140 
32530 
32600 
32510 
34950 
73500 
33200 
605370 
59710 
58150 
66610 
29500 
26180 
26510 
51050 
49430 
53470 
50380 
52530 
51380 
64990 
44720 
46810 
35020 
58530 
47160 
57420 
49280 
48200 
45880 
25760 
27360 
185720 
50190 
46820 
45770 
46800 
48140 
51070 
24670 
24760 
26380 
72870 
51630 
46670 
48710 
48190 
51920 
48800 
24990 
26660 
49350 
52300 
76350 
68800 
59400 
64450 
62070 
61200 
62310 
34400 
60320 
66810 
65310 
66380 
35490 
68050 
45700 
114460 
148960 
124760 
67560 
62640 
602650 
63360 
62570 
61050 
81570 
85610 
37390 
54300 
47810 
578100 
49520 
51200 
50110 
45120 
53170 
51090 
50920 
122090 
85690 
61690 
56540 
50830 
48410 
101380 
57850 
56210 
27390 
49880 
45040 
42330 
44200 
50880 
57540 
27060 
24660 
49940 
50600 
45960 
43960 
44520 
44800 
47530 
26810 
28340 
28370 
46660 
46240 
49390 
48200 
70440 
33910 
63510 
64240 
60330 
62480 
60910 
32740 
60850 
86960 
60050 
61540 
57680 
59980 
63060 
64500 
34190 
68060 
48470 
37670 
66810 
62390 
58590 
60530 
63320 
33710 
37060 
25500 
85320 
50100 
51710 
45420 
45460 
44690 
55440 
26950 
27340 
77980 
45220 
75330 
64160 
54800 
46400 
48060 
61550 
26170 
26940 
49540 
45350 
45020 
47170 
48630 
46240 
43100 
25080 
26130 
104210 
49240 
43990 
46340 
43940 
46940 
50030 
23920 
25180 
26660 
51160 
48090 
46400 
43310 
35330 
35350 
68970 
60050 
62640 
56810 
61600 
65260 
31690 
35500 
32510 
35680 
67910 
62320 
676680 
61860 
62820 
87750 
36200 
34030 
32420 
64930 
65040 
64890 
59500 
58270 
31420 
31220 
25570 
26040 
50700 
49500 
52380 
709710 
53380 
49590 
23410 
47360 
42730 
65720 
50110 
40510 
45170 
47070 
45200 
22180 
25040 
24340 
48010 
47980 
44880 
40760 
43270 
49310 
45340 
23370 
23050 
98800 
52600 
50830 
44320 
49260 
47660 
49200 
50790 
594190 
48640 
45920 
54900 
68770 
63820 
65510 
63610 
36570 
64490 
61480 
63870 
33740 
33730 
36260 
139730 
32640 
82040 
31290 
71240 
59970 
35810 
34700 
58080 
84060 
36200 
66170 
62990 
85920 
36270 
41380 
27930 
26940 
25860 
48650 
102690 
25770 
46520 
50910 
51570 
26050 
48140 
83340 
37380 
57320 
48290 
27820 
26620 
45430 
45170 
48860 
49280 
46620 
24840 
40790 
129330 
49770 
48820 
46670 
45090 
47630 
46770 
27030 
47000 
44420 
47380 
47090 
51160 
49330 
49260 
51670 
48760 
47230 
73820 
61150 
60220 
32070 
85940 
32530 
31960 
62390 
61540 
60750 
62680 
63800 
60150 
78160 
79170 
81830 
117820 
62340 
679600 
61650 
63500 
59170 
84770 
33650 
33900 
63000 
68600 
53760 
46920 
48840 
53920 
48550 
50240 
51250 
668720 
604540 
48850 
122420 
80710 
68630 
58400 
53790 
49460 
44370 
47000 
44140 
46980 
48450 
46130 
43200 
48520 
47280 
46830 
44170 
51110 
47650 
49540 
47450 
25990 
120660 
88270 
50070 
51230 
51240 
46410 
49500 
50620 
67390 
47170 
45200 
34010 
83870 
35880 
34140 
33680 
32340 
65470 
60600 
36710 
66550 
35360 
67060 
35150 
35800 
63040 
34740 
72900 
37200 
70150 
64690 
64440 
60570 
33620 
66810 
67730 
35440 
81710 
24710 
52090 
53190 
50730 
49490 
47100 
50330 
29210 
27390 
34600 
48060 
83050 
66160 
53730 
51360 
49810 
48580 
25430 
24460 
45650 
45440 
47640 
48500 
48190 
46090 
46430 
24320 
26600 
24300 
49540 
44550 
46200 
49800 
48260 
51150 
46430 
25530 
27610 
50560 
54350 
48910 
105910 
66200 
62510 
63930 
34140 
33710 
33430 
1360880 
66280 
605720 
58840 
62870 
62540 
625960 
36530 
34090 
33230 
66940 
63330 
65800 
60430 
63430 
33740 
33030 
35510 
61360 
1112400 
63450 
49390 
45880 
46820 
47220 
48400 
46540 
50360 
50570 
77340 
45550 
87960 
81780 
67570 
51570 
47180 
47210 
46250 
48230 
44560 
48560 
44920 
46880 
59230 
23080 
25380 
23370 
46830 
46440 
42570 
46870 
64510 
45530 
47560 
22160 
27820 
49450 
50760 
50280 
48030 
49110 
47720 
49610 
43400 
32640 
60100 
65070 
35480 
50280 
92060 
34700 
30510 
61330 
31850 
34380 
31740 
32030 
61020 
58520 
35020 
59970 
34930 
59880 
35700 
35950 
119420 
34730 
63900 
59990 
67580 
590800 
48520 
49130 
50310 
44830 
23650 
46090 
53320 
25250 
51830 
44480 
80620 
65410 
31140 
27120 
26610 
61710 
23550 
22400 
23470 
24270 
48370 
45930 
23010 
48750 
23990 
46480 
40930 
46080 
25450 
50110 
37600 
23530 
60440 
56010 
28010 
25040 
27380 
64440 
49130 
24940 
46540 
142040 
64900 
649390 
63270 
61860 
66180 
35060 
33810 
36340 
65720 
61960 
65350 
59720 
61370 
63620 
32520 
35930 
35200 
32970 
65260 
63940 
674650 
63690 
60850 
81760 
35270 
41950 
29210 
48300 
45960 
50710 
44640 
49300 
48240 
28460 
27600 
26420 
50730 
42340 
71580 
680960 
52610 
49060 
101480 
24490 
24430 
25250 
49590 
47440 
45510 
46060 
47480 
56670 
47390 
23870 
1250330 
47930 
44700 
51600 
47160 
47620 
49580 
46570 
27520 
28300 
51590 
49270 
46620 
47510 
72840 
32850 
33210 
64270 
36310 
66120 
63640 
61850 
82920 
62990 
69360 
63150 
63020 
61380 
64220 
76480 
67260 
87920 
63620 
62280 
31540 
35540 
34910 
63620 
66290 
63000 
59920 
65610 
49100 
49570 
49400 
47940 
24220 
49460 
48870 
50970 
55250 
47390 
887230 
107940 
34680 
30900 
369050 
48350 
45480 
45100 
46830 
46480 
92710 
25130 
46550 
24660 
47480 
44730 
51280 
772030 
46180 
68570 
22680 
47610 
24910 
66080 
49740 
47230 
48220 
47800 
50090 
26180 
27760 
25230 
72280 
69660 
63010 
35920 
62280 
34880 
35600 
35550 
60930 
66940 
36310 
64900 
575760 
93380 
49400 
66290 
66790 
88840 
61590 
65410 
60730 
61780 
64300 
66640 
64970 
62020 
39960 
53710 
26210 
48780 
26970 
47420 
26870 
50310 
53210 
46960 
48210 
48370 
87420 
664620 
58700 
47450 
44020 
24460 
25450 
26600 
50020 
46850 
587070 
45380 
49590 
47170 
50180 
64010 
60480 
25090 
48720 
45930 
44760 
49970 
48690 
48380 
27820 
61860 
27770 
64520 
49900 
49920 
44470 
79100 
67760 
63920 
37060 
33670 
36270 
958710 
81830 
79900 
103990 
117080 
76140 
46310 
71590 
50850 
55860 
61780 
62270 
59410 
59430 
58650 
60320 
42590 
62460 
35290 
62180 
36250 
28000 
25940 
49680 
49520 
48970 
44970 
49950 
54530 
65120 
26070 
51280 
77490 
70410 
60800 
53710 
46170 
48110 
45060 
26530 
25150 
27990 
52600 
48590 
52000 
44830 
47150 
50950 
45210 
27240 
24520 
26250 
49970 
46780 
47750 
45480 
46350 
50170 
64720 
27380 
26400 
50090 
48110 
43620 
61330 
35880 
61340 
73310 
28790 
54000 
84840 
62760 
36420 
67180 
60070 
36670 
35270 
115210 
35210 
37230 
62590 
63730 
37290 
60280 
72700 
53770 
71480 
59590 
60040 
36610 
33020 
51130 
46810 
51550 
28430 
48250 
44110 
28130 
52120 
56100 
24310 
90350 
56190 
65870 
27110 
42980 
26520 
47170 
45420 
45850 
47130 
46570 
45640 
44480 
26140 
49520 
26400 
47100 
24890 
26390 
48070 
49320 
50420 
72850 
50870 
51860 
627240 
50690 
47400 
47260 
50050 
50400 
157730 
87460 
63950 
65890 
63290 
63690 
61660 
61360 
66290 
65750 
63980 
62710 
65690 
606240 
76470 
67730 
63900 
62960 
64750 
93250 
41810 
145450 
66770 
60920 
61670 
68000 
66370 
67970 
48920 
49990 
53560 
50220 
49080 
47760 
47410 
53650 
51850 
26660 
84570 
79020 
70870 
63630 
22740 
24560 
46160 
51550 
50470 
48560 
50080 
48320 
50950 
48460 
46860 
45960 
46960 
49110 
61820 
58390 
25310 
47870 
577440 
26690 
45080 
50360 
46810 
49570 
52850 
48350 
49050 
44930 
76410 
65080 
32380 
34610 
37460 
36630 
68380 
64210 
683510 
65580 
61180 
112440 
36480 
35470 
35010 
157020 
68720 
68330 
60920 
61760 
63400 
35160 
36650 
36750 
36520 
65990 
71170 
53410 
48920 
45120 
52770 
51190 
51690 
49130 
54940 
53580 
45830 
716470 
85280 
72600 
82610 
52050 
69600 
54660 
46200 
46340 
43740 
47480 
50710 
47550 
47070 
46410 
25620 
50640 
47720 
43230 
43660 
43630 
50460 
45650 
59330 
27240 
45220 
48750 
49930 
47330 
71440 
44920 
46760 
79190 
66530 
64050 
66450 
62260 
95710 
59510 
34410 
58590 
34980 
61820 
34570 
34450 
54060 
34390 
61790 
63580 
59710 
56980 
63000 
57920 
66990 
59820 
60800 
60980 
62620 
70040 
26740 
47000 
46490 
46320 
25600 
62760 
112960 
49350 
52230 
47800 
50850 
86030 
43720 
56460 
29810 
42510 
26240 
20920 
23400 
42560 
44560 
48860 
42700 
42510 
44500 
52440 
642370 
26290 
41990 
47070 
25380 
22930 
43980 
50760 
48110 
49860 
47000 
50930 
47590 
47470 
45160 
45550 
75360 
36480 
59440 
34120 
33610 
72490 
64930 
61120 
61020 
30730 
36090 
36150 
36040 
64100 
63520 
677450 
61240 
59910 
65600 
35300 
39130 
37840 
34430 
64710 
60570 
59120 
61570 
67430 
26040 
23900 
24880 
51820 
51730 
46220 
45360 
54030 
50180 
101480 
52220 
46780 
36450 
61040 
48800 
72210 
56450 
48070 
93170 
26720 
25540 
207000 
46290 
47490 
49720 
43140 
45540 
48350 
25350 
25680 
23840 
66170 
46530 
45350 
588460 
46900 
50600 
26180 
26740 
26280 
35320 
50450 
40630 
32020 
34880 
75970 
51360 
63700 
34270 
31860 
62170 
61700 
60310 
61410 
87860 
64640 
57620 
33870 
59450 
32670 
62930 
61900 
33730 
66830 
48340 
37460 
683440 
64950 
68230 
52320 
26400 
27030 
62660 
53140 
48650 
48460 
56330 
53520 
49990 
147410 
45080 
37660 
34560 
53210 
48570 
46440 
52580 
45660 
44470 
99150 
24740 
28170 
27450 
47070 
46430 
44080 
48910 
50610 
45610 
46680 
46180 
48600 
49310 
48040 
49840 
51760 
28090 
28410 
26980 
48880 
49180 
82210 
97790 
64510 
62210 
65310 
34910 
40000 
34990 
62110 
67140 
67160 
68640 
63140 
61580 
34100 
34350 
34740 
33350 
63860 
63750 
65650 
66750 
65800 
984220 
36290 
67740 
74120 
53750 
47030 
46100 
50800 
49680 
48920 
24300 
26610 
27110 
53760 
87530 
97070 
81340 
71270 
50850 
52050 
26140 
24470 
576070 
48240 
46660 
51110 
48580 
48160 
47520 
48050 
26250 
24830 
22940 
48070 
67300 
52080 
49160 
48170 
46750 
25960 
26240 
27340 
51480 
52180 
48460 
47510 
80240 
59460 
33590 
34010 
33650 
36170 
62460 
64260 
60150 
62380 
63150 
60390 
33450 
32890 
34940 
63050 
65180 
65020 
62500 
35300 
63510 
66200 
59680 
62810 
63990 
66720 
62530 
626170 
23370 
46760 
48490 
48210 
47330 
44120 
48400 
49010 
49970 
25570 
46430 
80650 
71220 
58350 
48860 
66710 
46190 
47540 
24190 
25580 
46290 
46060 
43040 
47970 
48810 
43750 
46150 
43480 
22720 
48840 
44740 
42100 
42980 
44810 
51340 
60810 
25330 
25320 
25570 
52750 
49930 
43650 
74940 
62390 
64680 
67170 
66590 
64970 
62970 
61400 
35230 
34970 
33900 
119160 
33760 
34190 
31540 
62790 
62370 
61790 
65010 
93070 
68380 
67540 
62900 
33940 
36030 
904690 
70750 
55270 
43430 
28720 
47580 
27130 
44400 
53880 
59650 
52290 
43960 
93660 
78800 
69810 
33860 
22940 
25180 
129050 
48640 
47390 
41400 
46470 
46450 
61810 
26010 
23490 
26080 
47820 
49170 
47330 
47580 
46600 
44270 
24210 
27000 
60900 
48310 
47530 
50290 
49120 
48470 
59810 
41320 
82870 
37490 
75190 
69020 
62150 
64570 
87900 
64360 
60840 
35820 
36960 
857980 
67050 
60370 
65330 
88940 
66650 
65570 
1103340 
34480 
34320 
35000 
63000 
63350 
64690 
87460 
74900 
55400 
56530 
23390 
25650 
49640 
47870 
45530 
47720 
49260 
55080 
97430 
98030 
75810 
60760 
54310 
25160 
52120 
42330 
23880 
48220 
25870 
48190 
48060 
47160 
51930 
26230 
49010 
48390 
45460 
54330 
49250 
25060 
49260 
46960 
49560 
26810 
55660 
41380 
46400 
49070 
44790 
48180 
75730 
62940 
59300 
59410 
88110 
37480 
61830 
35290 
60680 
34650 
66590 
36150 
34650 
33160 
35470 
68310 
36870 
62660 
61080 
64700 
35340 
36350 
87870 
64010 
35480 
70010 
52930 
38460 
51280 
46440 
54730 
51340 
53410 
51100 
47060 
56770 
51790 
52620 
118090 
43570 
34460 
69530 
52200 
50590 
45470 
46730 
47160 
49580 
47920 
45440 
50340 
47910 
48920 
45810 
43990 
45590 
47480 
45260 
46870 
46500 
48970 
47620 
47520 
49700 
49210 
47860 
53370 
52640 
49950 
56860 
76420 
63100 
35770 
34860 
35060 
65140 
64480 
66870 
66600 
66480 
68630 
56390 
34540 
61880 
40260 
66020 
32880 
68030 
86690 
67230 
34780 
60240 
35620 
82790 
67390 
603100 
67120 
49750 
47100 
104020 
27110 
25970 
26500 
49460 
56800 
48930 
45780 
93340 
43470 
36700 
33080 
27390 
48910 
48290 
41780 
48600 
45720 
59420 
23910 
24100 
26360 
47950 
43890 
46080 
46200 
48500 
44800 
