86580
56580
55800
52190
26020
24710
24710
25920
26480
26520
24990
26730
25370
26200
72340
66530
104500
93500
78740
82739
87940
76520
79110
78790
77970
79150
78380
78910
79460
87850
77610
79100
75230
84080
79620
80070
77540
75910
89830
82420
81440
82000
87730
79380
80750
79310
123000
97660
98580
100750
98830
116540
97610
97390
97130
108700
97420
94130
94470
94660
111270
98610
100129
100730
102840
103120
152570
98710
107290
109140
96030
102760
115560
87640
77710
77660
83150
82320
78480
77200
80190
81310
91240
168090
128480
102810
100170
87120
78760
78920
75920
76310
82240
82330
77570
83320
75960
81810
81340
77380
79070
76560
82070
82190
89060
77679
76650
80790
90359
80960
80350
80509
89110
80470
82630
126750
95430
104570
108940
100970
97780
105640
99670
99010
99940
99260
94980
100330
102490
98360
110310
97100
97010
98710
99580
106900
93710
94970
99280
106100
105690
113060
84780
79490
82000
81690
84360
81330
85200
89630
84720
80750
128510
138540
112339
100130
84860
85900
74340
79640
78699
85130
79410
75720
77640
88920
78800
77720
76250
77970
86690
76830
79460
75900
83680
77260
77230
80510
79490
80160
88390
87580
79620
82260
119000
97060
97240
103000
102160
92440
97980
102400
93650
100080
102540
95980
104450
94530
99200
95090
92760
95210
98710
101800
97780
103180
97219
97720
100310
97569
98920
99120
78910
82100
88460
80620
81820
76870
87480
96280
82270
78130
128940
123110
99020
81260
76460
85040
78360
79250
79440
76510
80480
77300
77410
76570
84170
77290
75260
77010
86540
76640
78570
75680
78370
80880
80730
76870
81450
78250
82630
80750
78750
101800
100050
96160
98360
101600
98679
94570
94840
100850
103800
100470
97050
105950
106040
100570
99380
98050
100920
105990
101990
96780
98100
101800
101510
104750
98540
100470
112590
81220
81620
82350
88670
80370
80680
80830
90610
84090
80990
146770
129330
111360
86140
78620
78050
79020
77199
76960
77710
76399
83400
81490
82360
78700
83880
75640
80230
80320
78890
75680
77010
77590
79990
88580
80950
78120
80320
86700
85790
77620
77970
123360
96860
105170
96500
90600
106460
95860
101100
98820
99590
97040
102360
105730
103200
105380
98440
103960
104300
102450
95160
93230
97210
108340
113840
96339
94580
111550
83600
80500
83270
80450
80950
91500
81550
89280
81390
85530
142560
134260
103480
91360
81310
78050
80750
79320
84770
78920
80460
83310
89490
77710
78670
78300
79550
80360
83579
77630
79380
83700
83530
80920
79750
81890
80250
85369
85750
80930
82129
78590
126540
106709
106780
99790
100080
100650
104120
103070
106430
100250
98620
108230
101760
102300
95040
104060
94340
104990
96920
117300
115730
100630
100090
98920
100020
91560
110170
85760
80890
85710
77870
80540
80910
85230
78710
81710
77450
106170
146030
106930
96830
81720
83270
84540
80849
77080
77560
78729
80040
78550
80300
86140
73390
82790
79660
86470
76690
77170
80680
81370
78910
78000
80380
80680
92390
79030
74620
75140
83760
117950
99330
97650
98910
93050
100820
96380
91900
101300
95800
102550
99050
102179
91710
90770
96360
94640
103610
93039
95510
96160
106099
92420
91950
90889
90580
106710
97450
82400
75550
84160
82030
79760
77490
77130
81210
81010
81480
145820
121650
94650
82850
77230
78010
77090
77080
75030
76840
84390
76140
75100
75110
85350
79780
76240
73900
75810
75560
77800
78130
76020
85110
76890
78080
82269
85750
77510
77220
76810
85190
112990
94230
91720
97090
105860
96350
90750
90940
102960
96740
97640
94940
93380
100810
92790
102240
97400
99740
93380
97480
96490
96410
102060
95570
96390
97330
115860
79700
77920
77580
82110
78750
77160
89990
147270
130060
89240
128370
125670
99120
88710
80470
78670
73419
76900
75700
77729
77520
82890
76560
75850
77120
78940
74680
76190
75620
78220
86920
75520
141650
116270
87230
80050
78330
78880
77740
78700
81030
78400
113980
102910
94200
97720
96390
101200
98300
96980
104690
98050
104230
96130
96160
97680
107740
97230
97950
99059
97790
114500
98819
96430
94480
107470
100650
98190
106240
82580
86620
78300
81750
78830
88410
77460
84510
81300
79240
136950
122260
105540
95200
89840
75340
78260
76570
85480
76720
76790
78280
75760
88370
76170
77720
77450
83100
77260
75640
76849
79610
74450
75669
77340
80530
87509
81220
79900
81440
88140
78430
122610
90550
103340
100780
100050
103020
92870
104160
101670
100470
98580
98790
95460
96140
101250
100530
109490
94170
105380
106070
107920
96530
92020
97870
106230
107810
98040
89860
80720
89730
81160
82289
77310
82300
82800
83120
83510
77829
134890
121140
107450
88710
78770
78100
78780
79960
82630
90490
77440
88250
81250
88060
78250
77820
80500
79820
83460
79920
78040
77130
93090
81050
83910
81030
90870
80730
83010
85090
85080
95760
99160
97960
99650
105170
93880
94520
95270
105380
98110
99200
98459
102590
114690
104339
95150
96290
103590
101550
104300
95940
95860
103190
98760
107150
96240
104270
104510
83530
81750
83240
79580
81270
79120
82160
100860
82090
84840
133540
127440
106520
85800
76780
77780
87040
83770
79650
77770
85010
79160
83500
79520
77730
76790
79150
79270
80320
88460
77080
76180
85989
90360
99660
81500
83050
88830
84490
81900
80830
77530
127340
107510
101700
96300
107870
98900
108680
105580
96340
97090
99260
98610
103260
104570
94650
97890
100820
102600
108990
92040
93890
95620
112200
101140
92430
94360
113790
87640
83400
76490
83400
90040
81350
82530
84850
88250
79139
126370
134580
102799
90540
82510
79200
82760
85830
76440
74740
74950
79780
76890
77080
77290
75350
89430
80290
82050
77060
83880
81220
82370
76130
77700
83980
79020
87500
81550
80700
76830
81600
131230
109190
94240
96530
97219
106700
103510
96750
98710
95830
107459
98870
103910
95839
102200
97640
100970
101120
98270
102790
93460
101880
100830
102960
101950
98750
116770
85280
87100
77060
78750
87660
87940
80120
82530
83150
81740
168170
128970
110560
96200
92240
81330
80640
79650
82640
78060
83730
81360
77070
75640
75870
76890
78139
86130
76320
76679
80810
82090
81939
81580
78020
79340
97730
85220
79310
79440
88540
79130
124900
99180
103190
97430
103560
103220
102030
107160
95760
98590
97870
108550
96790
96310
100650
94370
111600
100300
98070
105030
107000
101980
97980
95490
95650
107280
100910
98280
79700
85130
83350
77950
83340
76889
86420
85090
82370
81510
131110
123620
103290
87820
83760
89810
78220
79720
79860
79700
84580
74790
75890
74180
77430
77780
98740
80100
80070
87320
81140
79310
76880
75980
91160
79330
83710
79950
83480
88530
82260
86010
107900
94370
93900
100290
97860
97130
103660
94320
100540
104719
102410
108240
97029
98860
99770
109330
96450
97590
96580
103010
108200
100270
99240
101180
105440
109920
113220
85680
76370
87070
82580
79480
79740
75500
97500
83000
82230
149570
137920
106330
88590
80140
80170
80090
77050
83010
81200
89000
80350
78400
79500
84920
79700
80030
75460
79130
77580
78310
78629
77650
89460
78349
82160
81430
87330
81550
77490
78450
80430
130250
93370
101200
101020
108760
95550
94200
97250
102890
104560
100390
95060
99590
100140
103810
101100
99130
92960
100410
105110
98010
94970
102720
99480
99950
100110
113490
88530
78510
80620
82290
93880
77830
76750
84940
91879
84020
127110
130529
108310
91860
88760
78350
79150
88270
80550
81860
78460
84560
78520
82410
82620
79890
88290
79850
79750
79590
92440
75780
77080
76940
79250
83190
78360
80830
77580
84070
84190
77930
121520
104180
101730
98770
101750
104080
96810
103180
100370
100620
110670
96510
97670
101740
105240
100649
97510
95980
101599
106840
99250
97090
98270
104350
102090
103030
101720
92450
93270
78360
86430
81140
87460
82670
83410
90730
86650
80660
137100
119320
107990
91990
81150
79690
80990
81620
81800
79820
78980
81360
87640
81090
76900
76710
83900
76950
82350
78640
76040
78330
79670
82679
83150
86830
78020
82810
83070
86230
78440
100360
99760
105170
99900
98030
96550
103310
110740
96560
98480
94570
100440
100410
100870
95680
99860
100750
98490
105200
98390
95810
93410
98090
105430
99350
103680
97210
100070
83610
80940
80240
79030
79690
92040
93960
84490
80030
77560
144809
125500
101810
84889
82700
76810
80330
79790
77440
84530
76180
79010
80620
83010
74230
75700
78480
80070
76510
76330
76560
79050
84910
80120
77070
79060
86830
83190
85740
79620
78180
75580
119360
101740
95900
106300
92390
95020
97730
103700
92760
97750
100000
99829
112480
95560
96009
96550
107910
99690
92180
93340
92690
115840
98900
95900
94190
102440
110570
84430
79930
76810
87440
81180
79320
81110
89880
80800
83010
130070
133010
108210
92270
81830
80310
87420
79210
75660
78330
88310
76700
81990
76110
81400
88830
80070
84570
79500
85150
78619
83630
83840
80000
77850
82600
84720
85070
84700
81560
80510
81400
136230
108800
98770
102110
114110
102540
99430
98690
94820
105530
100470
103670
99990
105020
100480
101040
110890
99160
102460
99900
99480
103210
108230
94620
94960
95190
111690
98850
79680
78150
81720
86970
83740
79410
78310
86070
80750
149759
130660
111920
109819
83380
82480
83090
84470
78950
77030
76900
80140
83540
79910
77580
77070
90700
78750
77890
77980
79830
81460
79750
80250
81570
90770
84220
83620
80980
90270
79920
82420
128280
108770
99120
98060
95820
105530
109990
100120
96560
97960
110420
102020
98240
95270
95399
110990
101350
98559
99430
103680
102019
100510
97550
97970
104780
104450
100550
101550
86690
78010
78410
85070
85200
80410
83760
88530
84050
89960
133820
122550
99250
93760
80830
81140
78840
78160
88460
79900
79450
78740
83170
81049
76390
79120
75660
78730
77300
85430
82440
89380
78840
77450
82170
89360
87420
81920
79500
87440
83150
81520
119620
95870
94040
102210
101830
98620
101030
95590
94570
98280
98650
102520
97210
97080
96420
109980
95150
94260
95070
102440
108370
97980
94190
91220
105830
100580
106450
80060
77950
78360
83010
83170
79520
86640
82500
86170
82180
127680
124020
103289
87690
83370
84519
76320
75560
78810
88060
78580
76600
74970
73740
86400
76970
78420
76680
73570
79700
78530
75400
83800
75720
81030
83290
89760
78290
80360
80990
84250
78310
113310
94740
93360
112460
95640
92340
94450
98640
102350
101040
99540
97580
105420
101660
101720
99960
93150
93710
100650
102180
99390
104090
94350
96860
106770
100640
116950
81310
75710
79560
95780
79500
77800
74490
94780
89950
79200
150460
131110
117980
96730
80850
78900
82410
79130
81180
77880
76630
75370
74390
83450
79040
84110
80680
78870
83270
86600
78280
76070
75620
84310
81330
81880
79120
82000
89329
86250
83780
82900
132200
96830
105840
104860
97470
95440
97170
106390
102020
102530
94630
95350
99050
111920
100060
97170
101180
95960
115360
98080
100040
98620
93950
114360
105970
98900
111850
96170
82100
81630
79290
85300
76750
77590
85500
85090
80960
98150
131780
122699
99110
86150
77510
77770
80650
85090
79980
75880
77540
85930
84750
79610
77230
83830
80530
79100
77780
78930
78330
78550
78740
80940
87780
82740
80450
80480
92020
81320
80140
108530
98650
100000
94140
92750
95470
111040
103710
96120
97280
95560
96810
100240
95030
91780
102170
95269
102580
93780
90880
92440
99520
97240
103340
111630
97430
95360
103000
81890
81130
85590
83160
86010
90520
87070
85580
83750
91260
143780
122590
104950
84170
79310
80080
77400
79600
83080
77180
79040
80160
80580
75940
78630
78900
80640
76070
77900
78770
81360
85769
77570
81680
78989
80250
80160
81959
82100
79080
79500
77790
117450
102480
103560
99220
95820
100150
101020
96820
96030
96830
96980
106750
99700
94360
95760
99880
107140
98190
92850
95240
101340
101730
103840
94640
96410
96530
103370
89630
80610
85840
83100
80980
83700
88670
87850
84019
82770
136950
134909
98370
90370
85200
89200
83850
78940
78690
76420
78130
82100
78070
77190
84610
77090
84070
79920
86320
77930
76310
82770
79230
76850
80410
83100
83920
93670
80280
86710
80200
86890
129390
97990
98020
104930
95300
104670
97220
98140
105270
93090
103070
99560
93130
95680
97480
101110
96450
105790
97779
95090
101140
97879
96690
105540
96780
98380
125150
86710
83610
76170
86510
83780
79700
81310
83430
84430
82630
156050
126300
119310
96730
86720
78830
77230
77650
76440
80600
74310
85250
78920
76320
76920
85890
79090
77280
75620
76770
78510
75050
76580
76160
82299
79510
77170
81370
87970
77380
75809
81560
121890
91380
92300
92320
99020
107820
95490
94120
91660
106320
103200
95100
91560
94220
100990
96640
100440
92940
98640
93240
100060
99140
96210
103660
91530
98570
97040
91610
80430
75170
77810
84970
90260
76280
83220
83090
94150
80120
133019
110660
94950
83189
82760
75200
75230
81560
76340
87940
81610
86240
78450
77920
82350
79750
78770
80490
76870
82110
85110
78420
77240
76830
82210
84100
82730
79820
78640
83550
85900
93250
100890
106140
95810
103150
102220
103930
93670
94080
100600
102380
110080
94660
95120
100250
