107810 
62000 
51540 
51910 
49040 
50860 
46920 
49090 
48600 
49990 
49460 
47580 
50180 
49740 
53070 
53780 
47380 
49110 
50400 
76020 
63830 
63570 
62370 
61920 
61420 
63250 
65960 
63230 
62880 
80000 
61970 
63780 
1115570 
59720 
60600 
60000 
60420 
64330 
62460 
62920 
66370 
65950 
62310 
61690 
63910 
65690 
68010 
46830 
48850 
50330 
46850 
48760 
51140 
50170 
53000 
50650 
47970 
86420 
74660 
61850 
51380 
44050 
47760 
44620 
45410 
60440 
48630 
1079360 
44450 
43220 
44910 
45250 
47180 
48160 
46220 
46070 
44830 
44970 
50040 
45240 
45600 
48530 
47500 
51150 
46810 
46810 
49440 
50040 
50870 
80290 
65860 
63760 
63940 
64320 
60820 
61370 
63950 
61500 
66030 
62770 
87040 
80000 
60660 
1109530 
60380 
60220 
60950 
58990 
62110 
65310 
61340 
63280 
62510 
64990 
66050 
64240 
49210 
49150 
48050 
52910 
49260 
46330 
47320 
55890 
52220 
48530 
89920 
85360 
59940 
57890 
48010 
47850 
44070 
45050 
54600 
49500 
48240 
46060 
46620 
47340 
46450 
45570 
46560 
45870 
50090 
49210 
45940 
46850 
48250 
49680 
66520 
59900 
49130 
65820 
51830 
53140 
50880 
48190 
79100 
68530 
67080 
70080 
65760 
66600 
78940 
88300 
68920 
1106140 
59260 
65670 
64630 
69090 
63070 
64440 
64070 
62670 
64390 
63560 
60080 
61080 
62240 
67650 
69500 
63670 
66390 
50000 
46930 
52450 
51550 
54440 
49270 
47200 
51500 
57100 
49520 
96900 
87110 
74540 
66770 
51030 
49070 
68900 
49170 
1080380 
50840 
49040 
47500 
46880 
48590 
49890 
46470 
43820 
46690 
47490 
44590 
48810 
48050 
47140 
49180 
45690 
52880 
50900 
54760 
52630 
48270 
51430 
48770 
76480 
70670 
66040 
62590 
63960 
65490 
65210 
71730 
66390 
66600 
86510 
66310 
66990 
1153050 
67400 
67230 
65700 
65660 
80450 
63090 
67020 
1098120 
63330 
59750 
58890 
60570 
64610 
69660 
50820 
46500 
49510 
48340 
52830 
49420 
51350 
50510 
48050 
50200 
89950 
79290 
62790 
54670 
47900 
49550 
47530 
45160 
46330 
47040 
46430 
46000 
45430 
48260 
48780 
48710 
59660 
47370 
1078520 
47610 
46810 
48100 
46920 
47720 
50000 
50280 
53800 
49110 
50360 
49890 
48360 
50620 
79510 
64680 
65210 
67660 
65550 
63400 
62070 
63780 
65720 
69360 
64480 
61050 
62070 
62220 
62210 
60600 
60480 
65120 
64300 
82770 
67040 
1104600 
56240 
59660 
62560 
61770 
63140 
51280 
46780 
49520 
50790 
47700 
47470 
44980 
57670 
49870 
50470 
89930 
82130 
63090 
58420 
50840 
46670 
45330 
47450 
46210 
49160 
46340 
45230 
46970 
46970 
48770 
47950 
48890 
48760 
48660 
48570 
1088900 
47630 
45290 
44080 
45910 
50840 
48350 
51050 
48790 
49080 
52140 
48040 
76620 
64720 
63840 
65810 
61880 
66520 
64850 
63610 
66220 
61310 
66180 
65320 
64760 
65750 
60980 
60500 
61310 
62390 
66640 
62190 
63950 
76600 
61330 
66140 
1102990 
61190 
64260 
45430 
52600 
47680 
48550 
49840 
47480 
46530 
51230 
50220 
48730 
93520 
89460 
73460 
66100 
50200 
49320 
48430 
49920 
49420 
47080 
46690 
44750 
44360 
45950 
45620 
44750 
46470 
46200 
44830 
45840 
43370 
61760 
45930 
1079720 
46400 
46380 
46670 
49610 
48400 
46550 
48180 
48700 
75730 
66030 
63560 
62290 
65980 
62330 
64620 
66100 
62780 
67450 
62290 
61910 
64800 
63370 
65230 
65630 
63560 
66620 
60680 
61200 
59950 
63350 
65770 
64230 
63280 
79130 
62680 
1108510 
46200 
47500 
47420 
47250 
49930 
48770 
50290 
53210 
49740 
48970 
88300 
81600 
67310 
54840 
47040 
49020 
50580 
45180 
47990 
47850 
47290 
46550 
44000 
45460 
46320 
50420 
45410 
45300 
44900 
44090 
45190 
53510 
45230 
46600 
48700 
1080400 
53870 
48190 
46450 
47250 
49590 
50680 
77130 
63410 
66720 
66570 
70610 
61410 
62130 
62910 
60470 
67380 
65850 
63070 
63240 
62920 
63930 
64230 
63210 
66640 
67050 
64300 
64950 
62130 
59940 
60430 
65290 
66950 
79500 
65230 
46300 
1086380 
50880 
51750 
45000 
45790 
55350 
50020 
48920 
87620 
83730 
69260 
64700 
48420 
51490 
47810 
46620 
45930 
46410 
44600 
46210 
48160 
45860 
46800 
45760 
46130 
68830 
50820 
1082740 
43900 
44550 
46050 
45200 
47950 
51430 
47970 
51390 
51320 
49020 
50170 
48060 
80180 
67310 
62880 
68980 
63700 
64000 
64190 
64880 
65050 
59850 
63410 
64870 
63690 
65100 
61960 
60830 
62480 
61850 
66120 
59830 
82940 
66740 
61530 
1102620 
65180 
62600 
63500 
63570 
49530 
47450 
48920 
47380 
48010 
46700 
52050 
50770 
50040 
88560 
87040 
73630 
58980 
46820 
47550 
46910 
48670 
48660 
45810 
46500 
47590 
47230 
48570 
47240 
46210 
45000 
46320 
47270 
43840 
58590 
45430 
1076640 
45390 
45070 
50080 
50270 
53340 
52410 
48740 
47320 
50010 
75010 
65770 
63950 
67450 
65640 
64890 
68560 
69260 
66430 
64930 
63800 
64530 
67250 
59380 
62220 
59870 
62870 
65320 
59910 
63800 
61540 
61560 
80650 
79100 
61530 
1101350 
59020 
68310 
49130 
47550 
49210 
49370 
50070 
51400 
50270 
51640 
49830 
50950 
89290 
79130 
62180 
53680 
48910 
49230 
49090 
47560 
49340 
48630 
46480 
44080 
43600 
44890 
45530 
49370 
47130 
47780 
48060 
46480 
45720 
66080 
47190 
1070850 
46640 
46380 
49310 
45800 
52570 
52260 
48890 
48730 
80020 
65370 
64440 
68420 
66640 
62290 
60860 
62970 
63860 
65070 
1103840 
61510 
60310 
58210 
60010 
63360 
62650 
63310 
62160 
64100 
64520 
60320 
60900 
67190 
65220 
66160 
67540 
47780 
45630 
45840 
50490 
49230 
48670 
44830 
55090 
53380 
49310 
87060 
79300 
58690 
57400 
47380 
47350 
57560 
45720 
1076770 
47620 
44060 
45840 
45280 
47090 
47970 
47870 
47940 
47500 
48430 
47600 
49150 
44980 
47980 
47080 
47710 
51550 
50010 
52270 
47170 
48380 
50850 
50300 
76920 
62540 
59760 
64270 
62750 
66240 
63380 
65140 
65930 
91640 
82330 
62100 
1105590 
62840 
58700 
59370 
58180 
60550 
66350 
65640 
63720 
64090 
64570 
64870 
66190 
67540 
66250 
49750 
51930 
50850 
49000 
47920 
47480 
47270 
53290 
53860 
48620 
94230 
86570 
70230 
60650 
48750 
48050 
49490 
51710 
48460 
64310 
45130 
1091300 
47840 
47180 
45390 
44750 
48800 
49880 
51610 
45610 
45210 
47600 
48640 
48100 
44610 
51050 
48870 
51110 
51630 
46670 
49140 
49610 
74370 
69100 
65290 
63210 
60100 
61730 
64300 
62960 
63630 
64630 
65620 
63630 
89100 
62090 
61620 
1091660 
64340 
62160 
57160 
61190 
64230 
65540 
65050 
61580 
64970 
65890 
62650 
67250 
48590 
46770 
48250 
47680 
50070 
50530 
49250 
51420 
49690 
48780 
88980 
78290 
60310 
49990 
46430 
50140 
45760 
48740 
48710 
66360 
49510 
51120 
42830 
47390 
45860 
45060 
46630 
45000 
45570 
47320 
47420 
49610 
50390 
49340 
49660 
50690 
51490 
47430 
50860 
51900 
48550 
48930 
77120 
64550 
66680 
63920 
63650 
65850 
61940 
60890 
61200 
68870 
61320 
63760 
87970 
79000 
62530 
1106050 
62630 
60120 
59160 
60320 
62960 
62110 
65590 
63360 
65250 
65180 
66150 
50270 
50140 
48630 
52550 
48360 
46870 
45100 
56190 
52810 
53850 
89610 
87080 
60500 
56930 
46650 
47110 
45620 
45250 
47190 
46690 
45620 
50470 
45590 
46790 
1079600 
43570 
45580 
44290 
48180 
49300 
46630 
45080 
47570 
46020 
52710 
49340 
47170 
51120 
47310 
50710 
50150 
49550 
78340 
63650 
64320 
66760 
69100 
67970 
65340 
62980 
67950 
63080 
60400 
60640 
64840 
65550 
59910 
86410 
67140 
60330 
1111760 
59500 
61740 
58020 
59860 
63740 
66140 
63930 
66030 
48550 
47640 
47190 
48660 
50380 
48430 
45950 
52130 
53830 
47510 
92190 
86540 
71760 
59690 
44250 
45170 
44980 
48060 
45140 
45390 
48780 
49280 
47520 
48270 
45700 
59930 
47320 
1086680 
49260 
46030 
44280 
45300 
49820 
49700 
46750 
48590 
49890 
53450 
50400 
48430 
47820 
51370 
73970 
69290 
63670 
61410 
65820 
63300 
64910 
64320 
64700 
61740 
62380 
63380 
64280 
65640 
63370 
61710 
64620 
63120 
78750 
67860 
63610 
1106970 
61260 
58530 
58800 
58290 
64860 
65130 
49380 
47090 
50870 
49490 
49810 
47780 
51530 
52210 
50130 
49660 
87200 
79190 
63060 
52740 
47080 
51590 
47230 
46070 
49560 
46950 
45440 
45430 
45530 
45350 
43810 
50240 
48690 
61470 
46380 
1076800 
44900 
49720 
42930 
43370 
48480 
46530 
69600 
52300 
52280 
48960 
49140 
50610 
76480 
64340 
64220 
66370 
64500 
61010 
64360 
63490 
66720 
70640 
65840 
62030 
61900 
60630 
64790 
70600 
68410 
63440 
86210 
66270 
79760 
1108990 
60810 
58540 
65720 
65250 
68480 
47970 
48090 
48530 
52310 
52270 
47710 
45850 
54690 
53850 
49570 
89630 
81160 
65210 
60650 
48370 
50880 
47080 
48590 
49020 
49200 
48750 
49580 
46600 
47070 
49750 
46670 
51470 
47170 
69580 
50980 
46950 
1126000 
1087130 
49720 
46700 
47640 
45620 
54450 
49380 
49410 
49730 
47310 
76650 
63480 
65860 
69980 
62670 
62690 
66420 
65150 
65670 
61880 
62390 
66670 
67260 
65180 
62750 
60790 
64490 
65060 
65370 
61760 
62220 
61430 
88770 
64440 
65400 
1101680 
62980 
52370 
48320 
47430 
49470 
49250 
48810 
48000 
50910 
51630 
49300 
109150 
87450 
74360 
61830 
46840 
47600 
47330 
48320 
46940 
46420 
47040 
47970 
45580 
49120 
46540 
46440 
46520 
47000 
48180 
47200 
44460 
46720 
62610 
47230 
1077090 
46150 
46480 
48120 
49050 
46810 
51440 
48190 
74770 
66480 
62960 
60880 
65720 
65090 
66320 
65740 
64820 
64040 
62970 
64060 
65100 
61490 
66270 
62940 
63120 
63620 
59690 
62130 
63710 
64600 
63080 
64240 
77740 
80110 
61120 
1106010 
49090 
44700 
43770 
46560 
50410 
50790 
50990 
62170 
56660 
49240 
87400 
78450 
61460 
52300 
46300 
48100 
45470 
45130 
47770 
47620 
50680 
46210 
47300 
45790 
43910 
48530 
46620 
46530 
45040 
45750 
46970 
51370 
46330 
47900 
50210 
1094720 
51160 
45270 
48000 
46700 
49290 
51350 
73870 
66280 
65310 
67800 
68310 
62190 
62010 
69300 
69170 
65610 
64630 
64160 
63860 
64520 
77840 
66450 
67870 
62560 
64110 
65190 
64290 
62210 
64310 
64200 
64450 
67450 
78680 
49980 
46930 
1076830 
51970 
46730 
44620 
45740 
57260 
51960 
50020 
87460 
83350 
63750 
61010 
50520 
58930 
48410 
47380 
48900 
48080 
49190 
46190 
47030 
48490 
48890 
45590 
45970 
47720 
47110 
46240 
45390 
45700 
48100 
48560 
49860 
49060 
63090 
48480 
1076190 
47160 
48530 
46260 
72730 
62500 
63180 
67110 
65550 
65340 
63370 
63740 
64150 
64990 
65610 
63540 
66270 
65610 
62090 
62000 
62910 
61620 
65260 
65000 
62480 
61910 
61730 
64720 
65780 
63600 
67510 
51880 
47440 
46790 
64590 
46740 
46060 
47970 
49530 
51250 
49150 
96450 
81230 
71700 
61160 
46790 
46950 
47770 
48240 
48460 
48490 
46940 
47080 
47630 
49800 
45670 
46020 
46960 
49190 
48000 
45020 
44010 
44140 
45930 
47770 
43890 
48790 
48720 
65550 
51080 
47930 
42440 
49780 
71430 
64450 
59480 
62840 
63660 
61240 
65500 
66370 
65020 
63910 
63420 
64110 
65440 
60890 
63380 
64030 
66050 
68130 
62420 
63370 
63340 
65220 
63580 
61720 
62720 
60750 
60540 
66420 
46380 
46100 
48360 
47860 
65830 
48580 
1082460 
48610 
48320 
48790 
86130 
73530 
61990 
54710 
49920 
48950 
46520 
45550 
47550 
49370 
48320 
48570 
46430 
45110 
46240 
49630 
45500 
45280 
46180 
43600 
47880 
47100 
45840 
44600 
48020 
51880 
50820 
47550 
46970 
64980 
48230 
1082660 
1112210 
59990 
58760 
59450 
63610 
63610 
64390 
63500 
63230 
66730 
62630 
63810 
66180 
77260 
69110 
65510 
66670 
63140 
61810 
65570 
66840 
60970 
63380 
59520 
63670 
63950 
65060 
45160 
44390 
46360 
51590 
49970 
44580 
62310 
56290 
1087590 
47860 
83960 
77110 
59760 
59810 
50050 
48510 
45180 
48960 
47860 
48090 
45370 
46640 
47870 
47050 
46390 
45580 
44490 
47300 
48630 
49390 
46460 
48430 
46050 
45470 
48890 
50200 
45320 
51240 
47300 
49270 
47490 
45470 
75060 
61860 
1099570 
60960 
62090 
60770 
59230 
62300 
67530 
62960 
62710 
63070 
65200 
67040 
62120 
65950 
62260 
63200 
67650 
64410 
61650 
62040 
62490 
64130 
65540 
81560 
63920 
1079550 
45290 
47290 
47660 
47010 
46260 
43540 
48680 
57610 
50700 
95780 
86400 
73320 
67200 
49380 
47590 
47360 
46720 
49040 
47260 
47450 
50920 
47590 
46920 
46250 
45550 
44720 
62900 
49200 
44310 
43130 
45140 
46630 
50070 
61750 
47970 
1079960 
51130 
52150 
45400 
48440 
49420 
76930 
64890 
66230 
66160 
67150 
66510 
65680 
64220 
62410 
64010 
66030 
65930 
65300 
61570 
63740 
61740 
64170 
69820 
61400 
60840 
59090 
64110 
63230 
59800 
59170 
64320 
63400 
84290 
57840 
45610 
1077730 
47840 
48040 
46590 
47290 
53410 
52390 
47580 
92240 
80340 
67190 
56050 
47130 
50480 
47910 
47310 
48840 
48610 
47300 
47230 
46230 
47800 
45950 
50050 
48270 
45630 
47610 
45700 
44810 
46690 
43710 
46470 
51920 
67820 
53390 
1083050 
46660 
50990 
49460 
48450 
78250 
67190 
61860 
64130 
61600 
64900 
65690 
67040 
65240 
66520 
63130 
63350 
62770 
61850 
62600 
64370 
63930 
62910 
64660 
64430 
62880 
63390 
59130 
61900 
61830 
63610 
64500 
47230 
44700 
64140 
52950 
1081340 
44100 
44640 
53640 
47970 
52540 
87380 
82910 
64920 
57250 
55080 
47960 
47840 
46970 
48920 
48890 
47570 
45040 
46870 
47710 
47320 
46300 
47580 
46040 
45940 
45850 
44940 
43670 
45240 
44590 
48050 
50640 
46260 
67570 
47280 
50710 
1087900 
45510 
76920 
61350 
62980 
67970 
65250 
65560 
62480 
63010 
62520 
64540 
66690 
65360 
68330 
66320 
61780 
63380 
61450 
66950 
92890 
85680 
62770 
62350 
62980 
63100 
61910 
62400 
66900 
49380 
46850 
49910 
50640 
63580 
47040 
1078180 
48060 
47410 
46120 
47210 
90640 
71620 
62180 
46890 
46720 
87440 
84420 
50860 
46510 
49070 
48720 
48220 
49310 
46070 
46470 
44880 
46830 
47770 
42860 
44590 
46670 
46020 
45950 
44720 
49650 
47280 
51800 
50480 
45530 
61190 
46830 
1118160 
63490 
60510 
60190 
63050 
60680 
66730 
67740 
62700 
64050 
60060 
62010 
66150 
63650 
66700 
66040 
64780 
66310 
63790 
62590 
64040 
66860 
65290 
64080 
62490 
59720 
60590 
66460 
46120 
46240 
49210 
49670 
49840 
63340 
49170 
1081530 
49280 
46760 
85540 
77130 
62660 
55320 
45590 
48530 
47350 
45510 
42210 
49040 
51400 
48430 
46450 
49230 
46260 
46640 
48670 
46190 
48570 
47390 
49040 
50630 
45650 
45050 
47170 
47250 
49810 
46920 
46810 
48350 
63290 
50020 
79530 
1099130 
58960 
62530 
63630 
61260 
62670 
62980 
65070 
65110 
66350 
64500 
57900 
60030 
67290 
67850 
65060 
64050 
66260 
64230 
64220 
63630 
62840 
65500 
66580 
64360 
65220 
45630 
46860 
46340 
48420 
46060 
47780 
45110 
69910 
52250 
1080220 
1122460 
77520 
