78750 
46680 
41810 
40770 
38120 
37490 
35920 
37750 
38560 
38060 
38280 
38650 
35970 
36210 
36950 
37760 
37140 
36110 
38380 
37820 
37530 
43390 
39400 
38570 
36990 
35770 
37260 
36640 
37440 
37640 
37200 
37500 
36640 
36270 
35540 
37770 
35860 
35460 
35780 
38410 
37080 
35590 
39020 
37180 
37450 
37520 
35880 
35520 
36090 
37340 
35950 
37090 
34930 
36100 
36830 
37770 
35810 
36590 
36180 
36780 
39730 
40160 
35900 
37170 
37440 
37360 
38320 
37640 
37290 
36420 
35820 
41900 
36990 
36530 
37700 
37700 
38580 
38000 
36440 
36020 
36530 
37210 
36990 
36820 
37520 
37210 
37110 
36520 
35450 
34930 
35650 
37600 
36500 
36700 
36830 
36440 
37380 
39770 
38000 
36640 
36180 
36530 
36200 
38160 
36420 
35920 
36430 
36440 
36250 
38480 
36400 
37210 
37900 
35830 
36950 
36100 
36000 
37760 
37430 
37430 
36530 
38360 
39080 
37320 
37100 
50640 
48680 
39180 
37750 
35460 
35690 
37410 
37320 
36860 
35580 
35580 
37090 
36650 
36960 
35930 
35320 
36360 
38690 
38130 
37250 
35930 
35940 
36150 
37590 
37920 
36370 
36650 
34780 
35860 
35600 
35850 
36450 
36480 
36400 
37520 
35560 
37620 
37010 
36100 
35690 
36190 
37010 
36930 
37270 
37040 
36460 
36930 
37660 
36820 
38500 
36690 
53870 
41080 
36630 
36310 
35970 
36720 
36850 
37180 
37620 
36720 
35970 
35560 
36290 
35450 
36500 
37810 
35630 
36990 
37660 
37660 
36750 
36210 
36500 
37790 
37050 
36760 
36890 
37180 
36480 
38660 
37630 
36740 
35740 
36080 
37270 
37210 
38400 
38130 
36520 
36820 
37770 
37490 
37950 
35990 
36890 
36220 
36370 
36680 
35900 
36630 
42770 
39230 
38630 
35270 
37230 
36880 
37240 
37180 
36920 
34870 
37300 
36590 
35830 
36320 
35960 
36940 
39140 
36430 
35900 
36610 
37570 
36120 
37850 
37260 
37840 
36490 
36450 
36920 
36550 
35230 
35870 
36380 
38080 
36140 
36160 
38000 
38750 
37710 
36100 
36430 
36880 
35270 
36790 
37860 
37010 
36270 
36260 
38570 
36670 
35230 
37740 
35240 
37990 
36900 
36590 
35690 
35260 
43680 
39140 
36930 
36670 
35370 
36660 
36340 
35780 
37360 
36640 
38600 
40010 
38190 
36570 
35540 
36060 
37130 
37800 
37440 
35410 
37500 
38250 
40360 
38390 
35810 
37690 
36110 
37120 
38650 
35890 
37020 
38370 
38780 
38220 
37410 
36480 
36070 
39070 
36690 
38020 
36400 
36440 
39130 
37950 
38490 
36350 
36880 
36090 
39200 
36740 
44950 
37600 
37610 
40450 
37110 
36000 
36020 
37120 
37870 
38430 
38530 
35700 
37240 
37600 
39020 
36930 
36430 
36560 
37350 
36880 
38220 
36870 
37360 
37250 
38900 
36680 
36780 
36710 
38350 
37960 
38170 
36570 
36600 
38920 
36560 
35690 
39140 
35820 
36050 
37780 
36910 
35030 
36370 
36660 
37330 
37420 
36360 
36230 
37270 
35850 
43010 
37500 
36840 
36570 
37430 
36550 
36040 
35900 
35220 
36560 
37510 
37770 
36300 
38180 
36950 
36330 
36840 
36270 
36630 
36480 
37030 
36980 
36390 
38010 
35440 
37350 
38100 
36100 
36620 
37250 
37500 
38460 
36250 
36970 
36090 
37990 
38050 
35980 
36610 
36690 
36590 
37090 
36560 
38190 
35560 
36390 
37460 
37720 
36560 
37470 
37080 
36050 
37190 
35460 
36110 
42350 
39090 
37300 
35980 
36310 
38530 
39500 
37500 
36960 
37590 
36310 
36790 
37070 
37460 
36460 
36460 
36150 
37240 
38110 
39030 
36290 
37580 
36580 
36470 
35530 
35930 
39110 
37910 
37210 
36410 
35350 
35770 
36110 
37580 
37460 
37270 
37990 
37240 
37320 
36290 
35620 
35050 
36780 
37240 
36450 
38880 
37380 
36060 
36460 
38180 
42000 
39010 
36380 
37250 
36800 
36460 
35490 
37380 
38540 
37180 
36700 
36270 
35370 
35440 
36150 
37370 
35260 
37630 
36480 
37060 
36900 
38830 
36450 
36280 
36870 
36750 
36480 
36510 
35580 
37060 
35580 
37270 
35560 
37010 
36820 
37060 
37070 
36880 
36910 
37370 
36640 
36230 
36120 
36380 
35240 
37210 
37420 
35820 
36080 
36310 
43240 
38830 
36290 
37310 
35920 
39940 
38710 
35850 
36670 
37320 
37460 
37570 
35870 
36660 
36790 
36670 
36960 
34850 
36890 
37970 
36000 
37440 
36430 
35950 
35670 
35100 
37080 
39820 
37200 
36070 
35030 
37010 
36980 
36490 
36280 
37240 
37410 
36790 
36530 
36880 
36220 
36620 
36940 
37770 
35730 
36010 
36560 
36190 
37020 
36570 
35680 
36980 
36080 
36020 
38280 
41140 
42460 
37510 
39160 
36190 
36750 
37490 
37380 
37740 
37510 
35680 
36770 
37680 
37410 
36980 
36880 
36350 
36070 
36830 
37680 
36240 
35020 
37150 
37200 
36410 
34790 
36360 
35920 
37480 
37620 
36540 
36020 
36710 
36830 
37670 
38830 
37390 
35930 
36870 
36350 
36370 
35330 
35830 
35760 
36630 
36280 
35470 
36550 
38230 
38580 
40220 
47570 
39530 
36470 
37440 
38300 
36640 
36500 
36040 
38490 
37780 
37230 
46400 
41000 
38470 
36410 
36660 
36430 
36000 
36580 
37390 
37890 
36510 
38100 
39040 
37710 
37920 
35560 
36050 
36140 
37370 
37300 
35290 
37980 
35880 
37540 
38820 
38700 
36220 
37430 
37370 
37650 
37370 
37160 
36130 
36200 
36580 
37170 
37030 
39040 
42110 
42360 
38130 
36780 
36160 
35410 
38830 
36890 
35840 
36290 
36970 
36260 
38890 
35720 
36860 
36270 
36500 
36050 
36650 
36450 
35490 
35230 
37470 
38930 
36250 
36930 
36470 
36590 
36090 
36020 
35250 
37940 
36940 
35720 
36790 
36250 
36840 
36070 
36390 
36480 
35550 
36250 
36570 
36500 
36820 
35570 
35960 
36010 
37670 
38170 
39180 
38250 
38210 
37240 
38370 
35340 
41260 
38020 
37510 
38580 
36770 
36540 
36550 
37460 
37520 
34900 
36170 
37940 
35190 
37040 
37230 
35980 
36720 
36610 
39110 
37330 
34670 
36330 
35480 
36420 
36670 
37220 
36760 
37580 
36940 
36170 
37400 
35890 
36300 
37840 
36290 
35870 
35290 
36340 
36030 
36660 
37540 
36140 
35080 
37080 
37710 
37370 
36080 
36900 
37110 
37770 
43550 
39070 
36230 
35630 
38100 
38640 
36450 
36120 
36400 
36560 
36470 
35240 
35870 
36800 
35610 
36560 
38010 
36890 
37090 
35690 
36420 
36970 
36490 
36960 
37040 
37030 
36360 
37960 
36490 
36250 
37750 
36860 
36060 
35750 
36310 
37810 
37230 
37390 
36320 
36990 
36180 
36880 
37280 
36830 
38450 
39200 
37110 
36390 
36570 
35700 
42500 
39800 
36700 
36990 
35930 
37160 
37650 
37400 
36010 
36270 
35580 
37050 
37600 
36610 
36060 
35240 
35350 
36220 
37720 
37770 
36610 
35990 
35690 
38300 
35980 
37700 
37170 
39180 
36250 
37050 
36370 
37980 
36100 
38170 
36020 
37130 
35780 
37550 
36700 
36820 
37130 
36400 
36390 
37080 
37350 
36610 
37470 
36650 
37020 
36970 
36430 
37120 
37650 
37020 
37020 
42520 
40490 
37030 
37470 
36680 
37330 
36830 
35580 
37310 
36430 
36800 
36870 
36720 
35720 
40350 
37750 
36620 
36310 
34230 
36780 
36510 
37370 
37350 
37470 
37190 
37350 
36930 
36370 
37050 
37480 
37280 
38660 
38140 
35600 
37840 
40430 
37880 
36200 
36930 
38680 
40000 
37000 
36760 
37260 
39280 
38050 
37770 
36720 
36320 
36900 
42430 
39230 
36010 
36870 
35750 
37140 
37950 
37940 
36450 
35690 
37020 
36250 
36490 
35650 
36760 
38870 
38150 
36830 
36870 
37600 
37270 
37210 
36600 
36920 
35880 
36300 
37000 
36750 
36960 
35580 
36380 
36630 
39430 
37510 
35710 
36690 
36890 
37970 
36260 
36800 
36850 
37110 
37060 
37860 
36210 
36450 
37010 
38030 
37620 
36470 
41780 
38290 
37010 
37050 
34380 
35040 
36740 
36560 
35600 
35040 
36210 
35560 
43960 
40300 
37120 
37780 
37080 
35680 
37020 
36100 
35890 
36980 
36620 
39460 
37110 
35280 
35500 
36800 
37470 
37650 
35410 
36930 
36230 
38240 
37650 
36450 
36440 
35490 
37460 
36100 
39880 
36560 
35690 
35410 
37150 
36430 
36340 
36610 
36250 
37990 
37480 
35920 
35910 
36520 
36430 
37370 
42360 
37230 
36960 
37860 
37040 
37620 
35910 
37210 
36260 
38160 
38470 
37200 
35860 
36630 
35920 
37070 
36780 
38040 
36550 
36290 
37710 
36810 
36070 
36610 
36210 
37420 
35840 
37030 
35470 
37370 
36520 
36870 
36790 
37230 
37730 
36720 
36380 
35740 
35500 
35070 
35900 
36470 
35650 
35990 
35880 
37440 
36770 
36630 
35310 
36200 
44030 
39320 
37110 
37390 
36250 
38240 
38980 
36310 
36750 
37270 
37050 
36290 
37110 
37040 
37200 
36410 
36690 
38240 
36800 
36560 
37540 
37220 
37880 
36330 
35220 
35580 
36740 
38820 
37790 
35630 
36680 
38450 
37870 
35760 
35900 
39760 
37580 
37090 
36410 
35440 
34870 
36430 
38540 
39620 
37320 
37860 
35890 
37120 
36610 
36410 
41000 
38460 
37070 
37220 
35750 
36260 
35980 
38270 
36340 
36310 
36800 
38700 
38320 
36050 
34920 
37270 
35540 
36420 
37420 
36240 
36170 
35710 
38560 
36690 
37340 
36050 
36100 
36190 
37860 
37120 
48390 
40080 
37260 
37450 
36000 
36920 
36630 
35250 
37240 
37550 
37050 
36890 
36230 
37340 
37620 
37570 
36970 
36660 
37490 
38430 
38460 
36880 
35280 
36360 
38000 
42890 
37440 
36510 
34600 
37360 
36440 
36880 
36310 
36780 
36950 
37400 
37550 
36560 
38800 
40060 
37300 
36810 
37580 
36390 
34670 
37830 
37010 
36800 
35020 
35820 
37910 
36810 
35860 
36280 
36610 
39620 
36480 
35920 
36860 
35910 
37520 
37400 
35670 
39670 
36660 
35940 
36720 
38100 
38120 
36010 
36320 
36300 
36070 
36440 
36680 
44250 
39350 
37030 
37290 
35280 
35890 
37130 
38330 
35890 
37410 
35670 
36510 
36480 
39630 
37430 
36060 
36870 
36490 
37870 
35810 
36570 
34970 
35820 
37750 
36030 
35680 
36100 
37300 
36400 
38740 
37420 
37820 
38590 
36400 
35450 
38680 
36080 
36770 
36050 
36970 
38710 
37300 
36240 
37330 
39010 
37470 
38260 
36870 
37480 
38500 
45150 
39680 
36890 
37420 
36030 
39660 
35540 
38420 
37670 
37600 
38860 
38060 
38080 
39800 
37430 
35490 
37310 
34760 
38160 
37040 
37480 
38940 
37130 
36670 
36740 
37910 
37240 
40100 
37090 
37510 
39810 
36750 
37160 
36450 
36500 
37690 
36150 
36510 
38920 
38620 
36240 
35420 
35590 
35940 
37330 
37310 
36350 
35780 
36620 
35390 
36890 
37720 
35360 
36030 
37120 
37890 
44360 
39510 
39540 
37870 
38110 
36790 
37000 
35330 
36680 
36830 
37880 
36000 
35770 
36350 
35890 
36710 
36820 
37460 
36780 
36900 
36220 
36260 
36420 
38820 
36060 
35860 
37740 
36400 
35600 
36720 
36560 
35410 
36170 
36940 
48160 
43450 
37800 
36620 
35690 
36530 
36880 
37420 
38120 
36060 
35940 
36090 
37620 
37260 
35590 
37290 
42410 
39190 
37960 
35240 
37590 
35680 
36900 
36400 
39370 
35260 
36360 
36980 
36880 
37080 
36620 
35640 
36380 
36210 
36730 
35850 
36970 
36970 
36420 
37780 
38230 
38350 
36200 
36620 
37510 
36840 
35780 
36080 
36820 
37080 
36040 
36860 
36870 
37100 
37810 
36360 
36300 
35420 
36220 
36590 
37680 
37400 
35960 
37040 
36460 
37520 
43180 
38110 
36090 
38360 
37280 
37710 
36240 
37520 
36590 
36860 
36750 
36280 
36760 
37160 
35910 
36360 
36000 
36060 
35640 
36190 
38110 
35910 
35990 
36940 
37610 
35740 
36020 
36350 
38540 
38340 
37080 
36630 
35860 
36320 
39070 
38010 
36280 
35170 
35720 
37120 
39790 
37040 
37410 
36010 
36680 
38160 
37840 
37210 
35070 
35730 
36470 
36360 
35340 
38830 
38130 
42800 
38740 
37040 
35630 
36070 
38050 
36190 
36400 
35690 
37560 
38850 
37410 
36750 
36280 
35890 
36380 
36210 
36200 
37560 
36120 
38430 
37340 
36970 
38210 
36830 
36560 
35770 
36970 
35740 
36560 
36640 
36750 
36440 
36710 
36690 
35560 
35510 
37220 
35780 
37460 
36690 
36210 
37380 
36960 
36430 
36320 
36550 
37640 
37600 
39220 
43330 
38020 
37030 
37510 
35820 
38160 
36500 
37610 
36050 
36830 
35930 
35440 
38110 
36630 
36740 
35930 
35100 
36310 
37060 
36700 
36830 
36140 
37240 
38660 
36570 
36190 
36290 
37800 
36310 
39010 
38250 
36010 
36420 
37030 
36680 
37330 
36120 
36520 
37000 
37940 
38150 
35880 
38160 
37520 
38010 
36890 
36190 
36730 
36570 
36630 
43840 
39230 
36320 
35090 
37950 
37160 
40700 
35970 
36300 
40480 
38490 
36060 
35350 
36820 
37110 
37930 
35500 
36640 
37160 
36540 
39210 
37180 
36790 
36690 
35570 
36980 
35960 
35410 
35520 
36820 
37450 
37180 
36420 
36950 
35950 
37160 
37700 
36230 
36560 
35920 
35740 
37380 
36140 
35330 
35390 
36480 
37780 
37200 
37120 
36310 
39670 
37600 
36570 
36410 
34640 
40520 
42500 
38140 
36860 
34910 
37130 
36730 
36890 
37160 
35920 
37390 
37980 
36940 
36090 
37080 
37060 
36210 
36680 
37820 
38850 
36700 
37010 
37480 
37790 
37200 
37010 
37460 
37780 
36230 
36340 
36770 
41190 
40830 
38210 
36060 
36650 
36300 
37430 
37040 
35490 
37280 
36260 
36870 
37480 
37600 
38270 
36740 
36390 
36880 
37130 
36420 
42970 
37950 
36820 
36490 
36680 
37570 
35850 
36520 
35890 
35750 
35920 
37210 
37830 
37000 
39060 
37430 
36550 
35640 
37000 
36220 
36980 
37380 
36690 
38230 
36530 
37250 
38190 
37660 
36920 
37570 
37740 
38630 
36600 
38830 
39220 
37070 
36980 
37120 
36190 
37700 
35650 
36050 
38400 
37010 
36550 
38420 
35790 
36650 
38240 
37190 
41950 
37500 
35650 
36470 
36690 
36390 
36480 
36860 
35360 
37750 
36370 
35240 
35900 
36160 
37600 
36350 
36950 
37280 
38980 
37110 
36910 
35910 
35710 
37340 
35240 
37740 
35170 
37360 
35220 
37050 
36470 
37850 
40430 
37650 
37190 
36510 
35220 
36860 
35820 
35760 
37510 
36100 
37270 
36090 
36710 
38950 
35770 
37350 
35760 
36850 
36060 
36760 
36830 
35300 
35660 
43650 
39140 
37220 
37130 
37690 
35300 
37640 
37710 
36690 
38560 
36870 
37350 
37580 
37330 
36710 
38730 
39350 
37180 
36780 
36490 
36140 
38080 
38530 
38050 
36650 
37240 
36460 
37350 
37040 
36350 
36390 
36580 
37170 
36800 
37020 
37130 
36080 
36520 
37150 
37340 
36070 
35520 
39090 
39330 
38080 
36070 
36500 
37670 
36370 
38120 
41940 
37280 
37510 
36780 
52900 
38390 
36690 
36730 
37930 
36830 
36270 
36330 
37320 
37520 
37130 
36670 
37740 
37180 
38300 
37050 
37620 
38180 
37100 
37680 
36580 
37170 
36880 
36720 
36010 
37170 
36910 
36210 
37030 
35400 
37210 
35810 
36470 
37400 
34680 
38420 
37060 
36270 
36290 
36350 
36560 
37160 
36820 
35600 
35390 
36350 
42560 
39170 
37370 
36020 
36160 
36640 
36500 
35910 
35940 
36460 
39330 
37330 
37360 
36200 
36710 
37180 
36900 
36750 
35780 
36270 
36420 
38260 
37760 
36300 
36770 
36500 
37630 
38710 
37470 
37160 
36320 
36840 
36990 
37620 
36300 
36830 
36630 
38050 
36020 
36390 
36340 
36630 
37530 
37900 
36800 
35710 
36210 
38100 
37360 
36460 
36530 
36580 
36010 
36250 
36510 
38710 
40790 
37990 
36960 
36650 
37110 
36090 
38020 
