49620
22660
22430
21240
22310
20650
21920
20090
21780
20540
22390
21260
22370
21890
21880
21740
58330
56300
57560
57300
57580
56810
56670
57140
58010
56950
58320
56970
57150
56360
56670
58280
56100
56530
56850
57850
57860
56870
55830
56330
58130
58130
57830
55750
58760
60350
58590
55840
57320
55840
57390
56480
61260
59260
57410
59250
60270
59470
59560
57030
57900
60540
60970
59790
59280
58820
59550
61370
60850
59660
59180
61450
60290
60560
58920
58440
60360
59710
59740
58760
58390
59270
60650
59620
59100
57790
59450
60190
59540
60200
59230
59200
59890
59760
56960
56260
56160
58080
57180
55710
56270
57360
57880
56850
57730
56160
57320
56990
56210
57860
57000
56040
56080
57330
56490
58290
56560
56570
57060
57950
57750
56560
54990
61700
59400
59280
59300
58680
60050
58870
58300
59980
58690
59200
58540
59610
60330
58040
58710
60920
61850
60300
58670
59270
60350
60180
59210
56110
56650
57920
56480
57450
56920
57070
58200
56570
57850
57080
56620
56740
58060
58180
57480
67870
63230
59580
58450
56970
56860
57050
56140
57300
57200
57650
55700
57210
57200
56870
57350
55380
57680
57020
57530
57760
55460
56350
58510
57910
57420
56300
56240
57390
56940
57130
56020
60390
60370
56600
57920
56690
56130
57850
56820
59250
58130
56870
58810
56900
57940
57210
56450
58480
57030
57970
56930
56270
57340
57630
58440
57840
56190
56830
58790
56850
59050
58960
59210
60670
59340
58990
58250
58600
59270
58800
58990
58360
58650
60010
60330
60760
60450
59760
58790
60350
60650
59270
58800
56430
70730
58490
56290
56900
56360
57940
57750
57340
56520
56690
58100
58200
57230
57010
56580
57460
57700
56660
58150
56910
56620
57630
61340
58340
55620
56210
59550
56800
58200
55200
55850
57770
56340
58630
56570
54720
58450
56610
57280
56720
56520
57450
58850
57570
57250
56150
56560
57780
57220
55940
57670
58620
57810
57250
57560
57350
57480
57440
56880
56950
55940
55610
60270
60140
58490
57660
59730
60160
58510
60390
57860
58450
58440
61240
57620
56560
55670
57110
57200
57350
56780
56730
56890
57130
56270
56530
55420
58100
59630
58830
59950
60130
58290
60910
59470
58870
58130
57600
58300
56850
57280
58740
57030
55960
57460
56430
58040
56610
56320
57810
56440
58020
56260
57030
58920
56040
58530
55780
56050
58430
55820
58580
59250
56660
55770
57790
57810
56780
57520
55100
56650
58050
57500
57310
56490
57600
57350
62870
59770
55450
58070
56890
57870
55820
57200
58220
56890
57840
57280
55690
55870
57690
59600
56260
56940
55350
58680
57320
56950
56360
56370
58190
57080
57610
55440
56460
58180
56730
58060
56600
56510
57530
57710
57890
57780
54960
56360
56910
57170
56760
56080
57170
58330
56990
57080
55620
56770
58630
56690
56750
57330
57610
58210
56570
56420
57790
56810
56700
56810
57150
57930
56910
56830
57470
58020
55340
55830
56990
58230
56620
56510
56540
55610
58470
56340
57070
55490
55000
57410
55390
57110
56080
58790
58030
57110
57010
56890
56700
57020
57860
57400
55790
56390
57070
57860
55980
56560
55160
56330
57740
56670
57710
56100
57500
57820
56940
57280
56670
57200
57080
57410
58000
56410
57960
57570
58540
56810
58070
57780
56200
57840
57400
56300
55430
55530
57730
56760
57730
56870
54670
57220
58410
57000
56780
55660
56500
58290
57160
56010
57620
57250
56670
56990
56230
58460
56490
56850
55770
58350
57870
56110
58630
57130
56940
56710
54850
57020
56730
55800
56370
54360
57710
56760
57060
57080
55880
57280
57400
57980
57670
56870
57810
57660
56880
56540
55920
56400
58320
57260
57420
57950
59830
61040
60200
60110
58750
58930
55650
56390
57070
56980
56000
55040
57550
58260
56020
56230
55560
60090
57340
57280
63160
59080
58720
56810
58500
58180
58290
58190
58490
57720
57980
57030
57700
58890
58500
59090
57630
57390
59530
59380
58410
57570
58160
59470
57720
58950
57480
56690
58660
57260
58820
58700
56920
58960
58490
59720
56270
55640
59760
58740
58450
56710
57630
58170
58550
58640
56420
56140
58310
58040
58720
57950
57860
58260
58030
57780
57200
57320
57380
56790
58710
58070
57340
59060
58110
57830
56660
58700
59010
58230
59940
58870
57900
56830
56930
58520
57530
58370
56880
57160
59160
60420
58780
57680
56600
60200
56110
57070
58770
57360
58030
57670
67970
61870
58420
56750
59300
58090
58050
57060
57500
60930
58170
59660
57220
57210
59100
58150
60080
58220
57420
58910
57710
59870
57880
58780
57230
57380
60530
59500
58480
58060
59010
58730
57730
57670
58140
57340
57680
58230
57150
58190
57500
58450
58350
57590
54790
59270
59030
57660
57470
56820
57060
59820
57700
56930
56460
56560
58190
56480
60940
60390
59370
61580
59750
58890
58410
56640
59720
56980
58090
57160
57900
59070
58640
59840
58660
56180
60300
53010
59780
58470
58080
59250
58840
58820
57440
56540
57070
58920
56700
61670
58850
56510
59500
57520
58660
60630
57100
59670
58330
56460
59390
60240
61160
60780
59330
56190
57220
57540
58730
60020
55890
59050
59180
61260
60050
59890
56770
57810
59790
57170
58750
58830
63680
59370
58230
57660
58740
58210
58290
59520
59320
58410
57300
57280
60120
59670
57300
56740
57220
61720
58310
60570
57470
57650
58150
59540
60800
59730
61280
58920
57920
58710
57260
57040
59850
58350
58960
59410
58580
57500
58070
59720
57810
57540
58250
58250
56720
55290
56620
57130
58900
58300
57400
58250
58670
58900
56860
60120
56970
56630
60080
59000
59240
57940
57580
57640
59090
57940
57230
58240
59190
58330
56370
59030
56980
57650
59060
56940
57210
58900
56580
60760
59320
57980
56580
55990
58660
58390
58530
57870
56660
58660
59290
59000
58400
57690
57780
59110
57750
57680
56740
58420
59460
59180
59210
58560
57650
58590
58450
58900
57170
57760
58140
58250
59070
57500
58160
57190
59400
59170
57640
58410
57010
59010
56950
58370
58550
57080
60570
56740
58350
56700
57990
59250
58100
56790
57630
57320
58860
59470
58720
58440
56910
56680
58980
58160
57660
56670
56150
60090
57070
59820
57570
58050
59240
58030
58750
57580
56970
59780
57780
58850
58490
57590
59140
58440
58240
56890
57830
59260
59420
59930
58150
57400
57350
58670
57300
56010
57310
56950
59170
57790
58490
57290
58700
59830
58600
58880
57750
56970
58210
58230
58590
58350
58140
57520
59300
57980
57280
58840
56640
58210
56200
56860
58850
56770
57500
57850
58710
58550
58290
58570
57910
59290
57890
57990
58020
58010
60670
57790
56930
58180
59010
59050
58350
56740
57420
59080
56810
58900
56940
57470
59330
58370
58800
57730
58570
59320
58400
58670
58220
58030
58410
58240
57890
57930
57740
58210
58870
58770
57110
57300
56160
59000
59400
58100
58100
56940
59410
58710
57340
57630
57000
57880
57880
59480
58270
57310
57240
59200
58380
58940
57090
56060
59340
58890
58440
56650
58150
59680
57670
57710
57400
57290
59710
57480
58920
57240
57250
60110
57930
69860
57290
57540
57990
57780
57660
59840
57550
57600
60000
58640
58920
56520
56820
59360
56760
58700
56870
59280
58060
56960
59160
58130
56690
57760
60950
61420
59530
60250
59800
60310
61340
59270
60070
58780
60760
61910
60560
58500
58830
59070
57880
58440
58760
56620
58840
59020
60330
58570
58350
58680
56930
58560
57390
57030
57480
58760
58280
57920
56890
56670
59120
58210
55980
58660
57290
59130
57620
58730
58970
58390
59060
57830
58620
57090
57060
59800
59110
60450
57650
56650
58810
59510
59230
57550
57100
58420
58740
57800
57070
57230
57860
59150
58090
59020
58040
57510
58960
59350
57940
58100
57030
58700
59310
58850
56560
58090
59830
58680
57220
56740
58910
57990
58990
59600
56930
57980
56180
59340
57270
58380
58010
58130
58690
57360
57070
58140
58650
59980
57980
58930
57640
57860
58520
57480
57990
57150
56220
57470
58700
57780
56470
59640
59560
61110
60060
60600
76770
62480
59100
58190
58060
57930
56800
58700
57280
58360
57430
57130
57660
58220
59880
58220
56950
57100
60080
59020
58280
56870
59820
59680
59010
66510
62960
59570
58980
58220
59000
60040
60340
58640
58700
58770
58430
58150
56850
58490
57980
56690
57810
57400
59600
58530
57640
57780
59590
60040
59120
57990
58310
57210
58740
57910
59190
56230
57240
59270
57660
60040
57970
57050
57880
58920
58680
57500
58750
58180
58520
58620
57100
58430
57200
58300
58700
58190
57810
58420
58000
59710
59280
60930
59320
61160
60870
59050
58890
59010
59530
60710
57760
57580
59590
57040
60360
63240
61040
59430
63490
62030
57730
57160
57850
56170
58140
56640
57870
56890
55760
57770
56110
57500
57670
56270
58420
56230
56580
58190
56220
57090
59240
57690
57090
56610
55910
57340
55620
57800
55230
56190
59850
57050
58110
57350
57520
59780
56750
57890
56660
56460
58890
57640
58770
55400
56060
57410
59000
59380
57480
56160
57000
58570
57500
58390
56480
57590
57490
57990
58450
56640
55100
57540
57050
57380
56630
56720
57010
58620
58190
56520
58350
55860
58480
58200
56950
57600
56380
57010
56640
56880
57370
56380
58030
57260
57710
57040
55350
59200
57500
56960
56160
56100
58570
57440
57480
57020
55690
56990
58920
57700
58650
56950
74730
63020
56490
58700
58440
58130
57840
57910
59320
57210
57570
59550
58640
58440
56970
58850
59530
57540
58250
57350
58760
58250
58320
59100
57500
58340
57770
56970
58710
58220
58300
56980
59650
58120
58210
58160
57400
59350
57920
58260
58260
57270
57750
58720
58640
59200
58010
58590
58890
58740
58020
57590
56960
58790
56690
57610
57030
56290
59240
58460
59220
56700
58270
58820
57180
57860
58090
58420
58890
58940
59980
57880
57940
57500
57950
59130
57520
70640
64430
60090
59560
57990
57350
58150
58870
57730
57940
58620
56590
58160
55910
57810
56760
56920
57590
59690
60780
58150
58010
57900
57760
59770
57510
58100
57100
58090
58270
56350
57120
58320
58650
57510
57810
57770
57180
58960
59340
57180
58070
58580
58160
57700
59210
58640
56320
57050
58980
57760
59540
57860
57570
58500
58050
57990
57040
57500
58710
57610
59320
56910
56890
60610
58280
59180
58070
58290
57720
59520
58410
56970
58760
57540
59270
58870
57370
57570
56110
60160
57710
58880
56620
56500
58190
58630
57860
58410
57490
60240
59720
56240
57180
56930
57850
58210
57280
57620
56510
57600
58890
59560
60110
57590
56270
57590
58260
58090
58880
58500
59270
57590
57060
60180
60130
60310
57160
58120
58270
57310
58470
57720
58430
56820
56580
57300
58580
58400
59180
57380
56450
61480
59910
60970
60460
59980
59990
59050
61200
59920
59490
62140
60460
60400
60560
60650
60190
59980
60710
60120
63300
59730
60190
60800
59160
59470
59730
60930
60390
62000
60660
58980
61080
60180
60560
60950
57630
61810
61400
62080
60770
59080
60060
60400
60120
59960
58530
58650
62550
60380
57080
57400
57190
57900
55930
56920
55140
57540
61650
59970
60230
59200
59070
60670
60920
59940
59290
59960
57660
57620
57180
56920
56330
55890
57180
57200
55910
56480
56220
56140
57650
56420
55840
57370
58870
58150
56810
56550
60560
61770
59630
58350
58130
55560
55470
57040
57800
56220
55530
56180
57520
57850
56980
56120
55600
57700
55820
72460
57760
57170
59070
56780
57180
55820
57150
57140
58790
59170
56360
55220
57620
60120
58870
59220
55600
55870
58480
57330
56700
57860
57160
59220
57390
57310
56130
56700
60150
58040
59860
59940
56470
56800
56740
57770
55630
57010
57330
57140
58230
56880
56490
56740
57250
58210
55260
55800
56220
57260
57230
56250
57840
56420
57120
57090
57020
57600
56680
58380
58060
56850
57020
56450
57250
57330
59210
57190
62440
59700
59300
57250
57110
57040
55900
60500
56970
57510
55410
55990
60970
57250
59060
57710
56070
57990
56570
56470
55670
55170
57820
56770
56390
55930
55900
56860
58070
58580
57760
56350
57880
57330
57650
57900
56070
56640
58140
58550
56740
56440
57420
58580
58860
56880
57070
56640
57180
57330
57170
56630
56540
57030
56690
57340
55940
55890
57120
57600
56560
57270
59760
58350
58690
57290
56850
57270
56830
57930
55700
57460
57160
55500
56970
56400
57150
56540
54570
56960
58160
56920
57620
57710
57420
58800
57680
58260
56390
55910
57480
56680
58240
56190
57660
57170
55880
56360
55820
55970
56870
56960
57560
56950
67800
57740
57690
57690
56770
57880
58480
60470
57850
56290
55600
61120
58940
57290
56540
56560
57170
57570
57390
56460
55060
56120
56580
57480
56830
56210
56330
55740
58860
58340
56290
58660
56590
58160
56830
56390
57520
56750
58070
56990
58230
57260
56030
58330
56650
57090
57000
55490
57650
56980
57450
57200
56600
56010
57830
57690
58460
56670
55610
55460
56060
57310
55410
56780
58070
57490
58980
56360
57300
