111420 
63050 
59020 
59530 
61090 
46870 
57100 
75660 
50290 
54890 
1095820 
51760 
103610 
91420 
72660 
58500 
49640 
51470 
53150 
55670 
54830 
35180 
80920 
63880 
68020 
72330 
70310 
64250 
71390 
67900 
73700 
76260 
66990 
90910 
77570 
69380 
73020 
76180 
69210 
59910 
77930 
78240 
81980 
69550 
93030 
1119310 
95080 
74060 
70830 
1112670 
51210 
51370 
53370 
54770 
53640 
45470 
64790 
57910 
46750 
92440 
90670 
74890 
62240 
52050 
53530 
57180 
49270 
48100 
51400 
56250 
41360 
50850 
50240 
51690 
50630 
51080 
26790 
52590 
50020 
55920 
51010 
43790 
58090 
51920 
57750 
55760 
51710 
54740 
54330 
53610 
51300 
82510 
85940 
79940 
72970 
72480 
64930 
77110 
72170 
73930 
70330 
68040 
73770 
72830 
72210 
72940 
126180 
94070 
71180 
37290 
72350 
35170 
69990 
74760 
72320 
33830 
66300 
71080 
71430 
51290 
26800 
53590 
55840 
51980 
54690 
55650 
58710 
50490 
52830 
94590 
80290 
64860 
59010 
57230 
59960 
24840 
27410 
55030 
50980 
47040 
53130 
54060 
48960 
68800 
32200 
72540 
52270 
56710 
1098740 
51690 
52230 
47970 
55840 
51640 
54660 
54400 
54640 
59770 
54410 
29920 
62730 
75600 
64080 
67210 
69440 
69940 
68910 
68820 
72480 
67640 
39110 
35320 
69800 
71910 
67180 
71680 
69420 
69610 
67550 
40830 
73320 
69850 
64300 
71410 
75800 
69870 
63380 
1124710 
47960 
48190 
55150 
61340 
50570 
51170 
50850 
57050 
59890 
50890 
51420 
93590 
63470 
67560 
50850 
54760 
59930 
48290 
49880 
50120 
54390 
65870 
52520 
74540 
57300 
44650 
1103100 
71840 
56760 
52580 
57820 
53440 
50820 
46180 
56510 
63310 
52830 
67010 
62880 
54240 
55250 
51430 
82860 
72250 
36010 
71420 
70490 
68110 
69080 
65810 
73280 
67240 
32710 
68020 
100850 
73860 
66590 
1108190 
99920 
68040 
69680 
69710 
69870 
74280 
57540 
1349060 
73940 
66940 
87080 
74190 
63810 
51980 
50480 
52000 
61040 
54540 
51380 
58620 
59650 
54100 
93410 
1147530 
71120 
56720 
45550 
1113440 
57080 
46310 
46490 
53610 
55790 
58830 
49700 
50950 
51200 
50420 
63870 
55520 
53370 
50380 
52360 
49170 
53370 
52830 
51100 
51400 
58990 
52420 
56950 
51860 
52700 
55430 
85980 
69440 
60720 
66660 
67500 
81310 
78540 
62820 
71630 
71090 
71670 
76780 
67700 
70890 
66510 
78040 
74410 
96540 
73200 
58820 
1118800 
96570 
70820 
72030 
77370 
70440 
74090 
52170 
51000 
1096450 
54870 
57690 
51710 
53930 
65050 
47080 
57000 
88290 
89520 
79710 
69110 
60950 
50090 
54080 
49970 
53320 
44620 
1100460 
73620 
115000 
48740 
50350 
61420 
43670 
53330 
50050 
48080 
53320 
50370 
61170 
47330 
52780 
54200 
54760 
51900 
52340 
56420 
55420 
55980 
1131360 
85770 
68780 
71070 
1123750 
67980 
71290 
70280 
62980 
69800 
75050 
70570 
65040 
70920 
73100 
74520 
65550 
1120590 
95830 
68100 
69120 
74420 
70300 
67490 
67830 
74000 
71870 
85340 
49350 
50950 
50920 
55910 
48620 
59830 
47700 
59130 
60270 
57640 
86130 
83570 
72950 
63350 
58760 
51130 
49760 
58550 
53670 
47630 
52830 
50470 
51360 
48820 
49900 
49770 
29690 
50720 
52990 
50830 
75760 
50120 
54030 
47260 
51170 
54270 
49560 
1097210 
60290 
54280 
62850 
51570 
77640 
74570 
64500 
67310 
66710 
62150 
68340 
71350 
1121270 
65640 
74460 
37210 
77930 
64170 
66690 
35000 
71670 
68880 
92350 
65690 
65600 
77320 
73520 
74870 
70480 
64970 
1124410 
32510 
27820 
55980 
48240 
57980 
50130 
53540 
50510 
60770 
52140 
97800 
84050 
69810 
67880 
59100 
50340 
29230 
51930 
49230 
54550 
54440 
62920 
47220 
47440 
56260 
52010 
55840 
29020 
49120 
50230 
53010 
69430 
53030 
54050 
1082470 
50160 
51000 
59660 
1092930 
75980 
30930 
56860 
83550 
95990 
70250 
73380 
67480 
79510 
39230 
74410 
71320 
33370 
36700 
67180 
66000 
70050 
67660 
72760 
68070 
68120 
72680 
69910 
69890 
70790 
1118240 
89190 
69850 
70960 
75780 
68690 
104320 
58640 
58630 
24370 
55760 
25700 
52320 
1125660 
63290 
54410 
92640 
84390 
219440 
58440 
56950 
57810 
56770 
51330 
52680 
52560 
56790 
46060 
50730 
54770 
25260 
1602840 
50750 
64250 
107100 
53900 
50400 
50070 
58310 
50570 
48580 
57310 
54650 
49340 
1092130 
26420 
56070 
57920 
76450 
73590 
66660 
74630 
63600 
70740 
74670 
73070 
72010 
68260 
120670 
69750 
64630 
70210 
1176610 
67710 
72970 
68270 
1121280 
93480 
70580 
73290 
64760 
90500 
68530 
66490 
74120 
60070 
53560 
55290 
54720 
54250 
52670 
51500 
58130 
62760 
57150 
51370 
149820 
84310 
58960 
59720 
53520 
47260 
29980 
53210 
48610 
53050 
51710 
52470 
49390 
52260 
155530 
53240 
50430 
54940 
48810 
50690 
53620 
52730 
56890 
51860 
29410 
73680 
52360 
54800 
48620 
55020 
52670 
66570 
1121250 
69070 
75470 
67250 
31830 
68870 
67780 
68120 
75520 
67200 
75100 
68640 
66680 
1108360 
74740 
74470 
77680 
64220 
65880 
69830 
60040 
1130660 
75180 
69600 
65090 
67110 
76570 
60830 
50200 
49610 
50150 
47300 
58190 
46350 
53900 
56560 
57430 
90610 
85310 
1110480 
53810 
29480 
31270 
55170 
23350 
28090 
26790 
56690 
24050 
33210 
29210 
55430 
26830 
48670 
51070 
50860 
54470 
43990 
31610 
52610 
56610 
48900 
57780 
54130 
58960 
47500 
58660 
49990 
49400 
82570 
1115810 
66520 
74550 
77720 
64240 
68240 
75990 
64690 
73130 
1116260 
96450 
67540 
37080 
72100 
73080 
66120 
68760 
74900 
62800 
68410 
72050 
69530 
72370 
107000 
71030 
68100 
69320 
51510 
51680 
53450 
55420 
51340 
51740 
49240 
62280 
57570 
75100 
87320 
79960 
76990 
51840 
51890 
50750 
48790 
53350 
63590 
54370 
50850 
52300 
54620 
50030 
48560 
51400 
52840 
43680 
54090 
52450 
23670 
59070 
52530 
58730 
59400 
50800 
54130 
50100 
54950 
52630 
54880 
59460 
76670 
1108270 
70500 
66570 
120400 
72440 
73040 
74380 
67920 
72300 
70990 
63130 
70140 
68100 
2637420 
85180 
69850 
71520 
72990 
71240 
68140 
69000 
67980 
65590 
66780 
64980 
79130 
61070 
52040 
49760 
50610 
53610 
49560 
26400 
58300 
54810 
54090 
120670 
86700 
76930 
63070 
60390 
51520 
60150 
55750 
45940 
53520 
54900 
57350 
48260 
49570 
53270 
56040 
48480 
58790 
53200 
48760 
51140 
1604920 
51150 
49070 
50320 
54950 
56080 
60910 
25900 
62570 
51870 
53550 
80380 
69800 
65650 
67590 
70340 
69440 
68770 
69480 
77120 
68220 
71240 
78690 
64130 
74660 
72040 
61390 
71580 
69390 
70710 
71540 
60480 
92720 
71230 
71190 
1123100 
62120 
69300 
69480 
59650 
43870 
50990 
51280 
62490 
49400 
54620 
62090 
54580 
66830 
121600 
77700 
73330 
54040 
50720 
74810 
51880 
52390 
49570 
52610 
49270 
50460 
52560 
51150 
53280 
52180 
47750 
47630 
56390 
44570 
60090 
1089870 
48240 
52350 
48900 
1100940 
49780 
56280 
57870 
1105720 
51970 
55220 
87000 
68210 
67510 
74660 
76500 
67790 
71710 
97220 
69780 
75050 
66190 
69670 
66250 
67430 
72130 
66170 
68740 
70620 
67860 
68970 
71700 
66880 
37400 
73310 
70760 
64670 
72620 
55170 
1614550 
51600 
52260 
51350 
52750 
50420 
55350 
55320 
57220 
1127220 
81810 
77370 
74740 
54430 
44380 
49910 
54540 
54050 
44150 
52570 
55280 
70610 
49570 
50070 
51260 
56620 
45140 
52220 
52230 
51730 
45200 
50660 
50450 
54770 
58440 
52670 
56590 
54550 
62340 
50120 
55030 
84390 
77690 
67870 
70150 
71310 
71150 
72880 
73310 
62190 
67910 
75590 
72930 
72440 
67350 
76120 
72060 
30220 
72760 
73320 
79180 
61550 
67280 
67440 
71650 
61560 
70210 
71690 
37490 
50870 
54720 
54190 
55090 
25470 
1105220 
52790 
48850 
54450 
59880 
89860 
79750 
71790 
62240 
1089660 
56350 
60460 
57560 
53340 
47700 
52610 
54060 
55460 
26480 
55010 
53350 
48950 
56550 
45630 
51360 
52150 
55560 
41250 
48910 
51520 
56850 
1105180 
74520 
55440 
52010 
1110360 
75570 
82430 
71880 
67830 
96780 
72310 
76730 
75960 
1107200 
78100 
72080 
67840 
1121050 
96220 
71920 
68580 
78480 
70910 
60380 
69190 
75520 
1127570 
95920 
69760 
117020 
72090 
66320 
71590 
54030 
53570 
51710 
46900 
56170 
56770 
45080 
86320 
59190 
52760 
97300 
85410 
73260 
69670 
56660 
56550 
44890 
56470 
40580 
55360 
49470 
54300 
48820 
52080 
53330 
56070 
45920 
54070 
44330 
48200 
54420 
47890 
55700 
45140 
50390 
53570 
56590 
52200 
53650 
58270 
51500 
51890 
86660 
73250 
73800 
66970 
62760 
35860 
76150 
56510 
1137550 
75450 
69550 
69590 
69700 
101700 
67730 
73500 
61680 
72440 
64750 
69150 
70050 
1101950 
65880 
67740 
68860 
75860 
65830 
67990 
54540 
56020 
53720 
50980 
54210 
60670 
54360 
58120 
59290 
53450 
88010 
1132810 
79440 
60340 
44250 
1093540 
47170 
55340 
48010 
1084970 
47310 
55290 
52920 
54050 
51350 
48710 
48440 
54540 
46490 
52720 
53940 
51360 
50900 
53790 
50650 
54680 
52340 
57050 
57710 
55400 
50600 
56540 
77870 
78180 
65010 
79330 
71330 
79910 
74050 
68330 
69000 
77130 
71290 
68690 
68180 
95090 
72740 
29490 
1108430 
94100 
64490 
36550 
72460 
71060 
64130 
35160 
75900 
65650 
99710 
55730 
45580 
52780 
55450 
84000 
56670 
49360 
54630 
56240 
57540 
84790 
90610 
81950 
70340 
59410 
58780 
48670 
53180 
52530 
58600 
58870 
52120 
53910 
54850 
56570 
42480 
60890 
53710 
53910 
47640 
48970 
56540 
53530 
47760 
55870 
54410 
58650 
61200 
50210 
52650 
50810 
1615090 
79540 
73570 
66640 
65180 
69220 
73380 
72140 
63240 
1116020 
95140 
68830 
71610 
68550 
34250 
75110 
74720 
67390 
1122590 
92710 
69240 
71290 
75660 
68730 
70480 
68260 
70550 
1119410 
71890 
54850 
50090 
47770 
60000 
59440 
61920 
60150 
50930 
55310 
51800 
90500 
1148360 
96660 
65410 
52280 
57850 
56440 
46580 
55560 
46340 
53440 
54380 
49290 
52350 
49410 
53790 
48480 
28600 
51050 
51240 
69470 
52700 
56900 
50280 
51680 
55810 
53590 
1099200 
52370 
59810 
25060 
57400 
101380 
74000 
114960 
74420 
68300 
70140 
67160 
76230 
63670 
70620 
69280 
72900 
64390 
71660 
63280 
67120 
75130 
31440 
69050 
67310 
70630 
72080 
67250 
76830 
34180 
79560 
77970 
58890 
57020 
53770 
48910 
53060 
52310 
29210 
59950 
57490 
54830 
54630 
92210 
77070 
68710 
62120 
48910 
53200 
55030 
45240 
49330 
50740 
27000 
54590 
48730 
55710 
53290 
42020 
52770 
76290 
58560 
51780 
74510 
57170 
44150 
1095010 
68530 
59130 
57760 
57910 
52680 
52980 
52350 
1623370 
98300 
68960 
62280 
67020 
69810 
35370 
75660 
66670 
69870 
91390 
64850 
72570 
66400 
67820 
67850 
72060 
60340 
68860 
72250 
69350 
68210 
38160 
34150 
65360 
66630 
68070 
1125580 
50070 
51860 
48920 
59030 
52370 
55190 
47340 
62300 
43740 
52150 
91610 
83410 
1624680 
58640 
56320 
51690 
50520 
56530 
52170 
43190 
58330 
53020 
46940 
50840 
53970 
56300 
46850 
47960 
54430 
51300 
61520 
54910 
54310 
47130 
47340 
62820 
43850 
28040 
57810 
46590 
56370 
27580 
1128900 
73800 
74930 
67100 
68460 
64590 
72050 
68710 
67300 
70410 
72410 
67600 
68350 
70160 
96180 
71160 
73740 
68600 
75420 
65680 
65430 
67120 
1111380 
97950 
66000 
70720 
79250 
29100 
59860 
52150 
53580 
1096360 
53530 
48350 
49170 
61900 
55870 
57780 
89900 
73300 
1116310 
51010 
51120 
50340 
47850 
52840 
49610 
45300 
54170 
40110 
73110 
50940 
49130 
28850 
66740 
51280 
54200 
53350 
49630 
53420 
51820 
50460 
57670 
44300 
69020 
66640 
63830 
50320 
49610 
59980 
1092220 
72230 
68720 
71950 
75620 
56450 
72260 
68240 
83270 
65510 
69380 
36240 
69920 
34500 
68250 
66370 
35050 
71910 
67920 
71840 
63590 
1122000 
71260 
65100 
68140 
75570 
73900 
64550 
52780 
51880 
1111900 
52580 
56990 
63370 
60510 
49390 
54620 
89390 
84310 
70950 
63930 
55100 
55520 
48530 
56900 
55030 
54860 
44930 
55970 
53940 
47190 
48840 
27410 
57290 
54340 
48800 
55690 
61190 
53050 
51930 
53100 
53300 
50410 
50790 
61010 
55880 
45460 
54220 
56900 
84370 
69780 
65990 
74810 
36800 
2645430 
85030 
68420 
36190 
78780 
80240 
68140 
70610 
80270 
61900 
76530 
36440 
77060 
65050 
76170 
70870 
73410 
68290 
72960 
70210 
83340 
67260 
71300 
54730 
68940 
54060 
52240 
1099770 
92070 
61840 
29060 
62620 
54960 
86100 
90220 
60140 
1102530 
45840 
56480 
51200 
54080 
41850 
55650 
28320 
55110 
52570 
57620 
51780 
52350 
50310 
51010 
52570 
57740 
49600 
48440 
53110 
45580 
52980 
51550 
55030 
52470 
58830 
50540 
53260 
55240 
75130 
65750 
66520 
71860 
67500 
72960 
78000 
65780 
71190 
71000 
60780 
69410 
65660 
75290 
71620 
66870 
70120 
78940 
73530 
69090 
69250 
75210 
63030 
72660 
72690 
75820 
75120 
76210 
47690 
84720 
55030 
54140 
1099780 
52140 
38850 
65840 
49990 
1135090 
87500 
73210 
59930 
55120 
76920 
53270 
49870 
51550 
52170 
98490 
43060 
55850 
47450 
60470 
51320 
51820 
55260 
51670 
53090 
53640 
55450 
50380 
29390 
28150 
58720 
49830 
58780 
55890 
27700 
53370 
71520 
77490 
90640 
1097420 
83070 
37710 
64020 
1125520 
68870 
68990 
65910 
72730 
63190 
35660 
72810 
71000 
66100 
70090 
67460 
74200 
65280 
74040 
66140 
79230 
65210 
66360 
69890 
70320 
73630 
57550 
49870 
58690 
43740 
55180 
52490 
54780 
58600 
55900 
1092810 
119490 
83030 
66660 
1109630 
48270 
54940 
49770 
55940 
44690 
49320 
61320 
55390 
49120 
53220 
47280 
55440 
50430 
49630 
53530 
59950 
51210 
55800 
51900 
66420 
58790 
50530 
55410 
80820 
56870 
48570 
50940 
60620 
77860 
66690 
76150 
74250 
75650 
58640 
66340 
70250 
66710 
73140 
74260 
66340 
67140 
70820 
62660 
1623890 
101100 
66510 
69090 
75920 
66030 
71230 
67420 
71480 
1120600 
110890 
76730 
54880 
53320 
48160 
54060 
54970 
50100 
1095520 
51720 
58470 
53200 
94720 
80660 
72980 
70620 
68190 
49810 
53840 
59150 
56440 
55730 
49860 
48740 
54630 
54480 
50600 
51110 
112090 
50160 
51290 
55600 
49640 
51390 
46740 
47940 
52950 
53470 
50820 
1094770 
62340 
52360 
54330 
53630 
79160 
72000 
71450 
1117830 
61870 
69880 
70330 
71290 
77750 
59340 
79150 
80800 
63450 
70510 
65750 
76360 
66020 
71010 
70530 
74240 
64800 
75860 
69200 
70840 
67910 
65010 
69930 
77920 
50590 
51010 
51040 
63900 
54310 
56850 
59700 
62550 
64090 
33260 
97480 
84620 
71670 
62600 
24970 
50740 
52860 
28810 
57720 
55800 
56510 
51790 
28880 
53710 
45230 
49360 
48520 
56340 
51950 
46860 
50450 
51520 
47460 
48500 
49250 
54800 
54930 
57860 
46600 
51650 
59400 
23150 
82850 
72260 
69810 
1120390 
64310 
76080 
75380 
76510 
63090 
70650 
66220 
79640 
65700 
67770 
72240 
66030 
78020 
71490 
66790 
68270 
66220 
80180 
66020 
75420 
72040 
62240 
80020 
51340 
54630 
55440 
51460 
