50050
24160
21760
22330
21250
22980
19860
22010
19980
22420
22910
21280
21980
21730
22620
21600
63250
58740
58690
61040
61110
59910
59160
59420
58890
62280
60570
58480
60720
57240
59580
58820
57480
57290
58450
60800
55830
59550
59930
59440
61070
61890
57450
57180
55880
59370
57330
57080
57080
54960
57220
57120
58230
57380
56720
57410
57550
58520
57970
55660
56720
56720
56460
57960
67220
60990
58660
59720
58780
56180
58490
58690
58800
59900
56500
57740
55900
62080
62130
59060
59870
56200
57430
59120
56560
57220
56190
58270
59340
57460
57500
55570
57740
58760
57740
58150
54360
59280
56620
57670
57110
55650
57310
57110
59260
58090
56150
54720
59520
56560
59220
55710
55290
57230
58260
58840
55580
56450
58530
57030
59300
56780
56540
59030
57150
60340
56260
56160
58000
56390
60750
57310
55960
56880
57460
59990
56890
56890
57340
58350
57420
57540
57020
57480
58300
59460
58490
56220
56610
58680
57670
57590
55220
55560
57920
58280
61930
58000
57770
55530
58630
58610
57590
56550
55700
59580
57160
57890
57800
58530
59400
58400
57280
57770
56130
60160
57870
57030
57150
55880
56590
57500
69050
60830
56710
57110
58110
58720
57270
56180
57340
58130
57580
59180
55830
58150
59170
57350
58660
56320
56910
57890
56630
58730
55800
56760
57350
57260
59630
55830
57770
55480
56990
57840
56900
56290
56180
57030
58930
56090
58760
58030
57910
60020
58400
58900
59120
58610
58210
58700
57300
54790
58330
58060
58500
58020
55500
55230
58000
58430
57240
56790
55990
58040
56170
60350
59410
56420
58010
58240
58630
56820
56090
59040
56470
58670
56750
54750
57110
57410
60420
56310
56160
57530
56770
57620
56530
55470
58620
58130
57430
58860
59190
57350
58410
60440
59170
56210
57010
57550
57220
57500
55410
58620
57290
58710
58370
56520
56780
56100
66240
60160
57080
58030
56700
58800
57630
58450
56460
56950
58420
58830
55970
56940
56740
58890
57620
57110
56940
55560
55810
57930
58670
57860
55950
55370
58600
58510
58280
57750
57160
59760
57160
59680
57770
61660
62600
57280
58170
56370
56160
59730
56900
59470
56560
55290
57960
57280
58000
56290
55570
56490
58330
59910
57000
54880
57430
58770
58430
56740
55840
56170
57640
58540
57280
55870
57780
57780
58840
57410
56270
56850
56380
58320
57270
56680
55800
56330
58370
57600
55980
57470
55700
58550
59780
59650
58210
56510
58920
57820
56540
57800
55650
58400
56900
57670
56500
55950
56560
57080
57430
57390
57090
57350
58930
59750
57010
55150
57420
57920
57410
57740
55580
56860
57290
56750
57350
56110
56830
58450
57320
58890
55530
55670
57060
55960
58210
58070
58570
58720
57140
58990
57480
58300
54920
60290
59080
56280
56890
55790
59120
57610
58130
57450
56670
57460
57900
57000
56650
55880
56460
56720
58840
56990
56190
56260
57660
58500
58390
56340
55540
58780
57070
58040
55560
56410
58520
56040
59430
56030
55820
58660
55150
58410
56290
55430
58840
57290
59810
56450
56940
58920
58920
61370
57700
56060
59650
59310
57560
57870
56360
57250
58720
59140
57560
55470
56440
58210
56420
59810
56160
57170
55730
59130
57970
57060
56890
55970
60420
59000
55630
57200
56290
59690
56390
57890
56050
53210
58830
57140
55510
57480
55570
57340
58200
57910
56540
56220
57030
56530
56750
56640
56400
56760
58090
56910
57740
55720
57850
57720
56540
57770
55890
56230
58130
57170
57800
55700
56490
57430
58300
58350
56440
56570
57400
58000
60000
55350
56760
56540
59260
59020
57080
56840
55670
58380
57770
54600
57220
55930
57050
57940
57800
56780
55230
59160
58000
57120
57470
58230
57570
58180
58920
56320
57380
56730
61560
58370
55470
58320
56860
58310
56450
57400
55740
55750
58520
56460
57080
57240
55840
58740
56440
55940
57010
56780
57890
57040
57730
59400
56630
57050
58500
57190
57340
56040
57170
57330
57830
58540
56160
56560
58160
57580
58630
56350
57100
57910
57370
59890
58120
57560
57500
57970
59720
57030
57620
56730
56670
59200
58480
56950
56190
58120
56610
57800
56450
56790
57120
58210
56640
57260
56130
59700
59130
57610
57810
57560
56090
58560
57630
58310
56150
55180
57460
58320
56900
56330
55350
59390
57510
57780
56430
55980
57130
56430
58420
57120
55790
59140
56340
57820
57320
56010
57330
59440
61640
56490
55540
56060
57800
59450
56100
55290
56470
56900
58050
55920
55820
56900
57650
58290
56640
56180
57270
58320
58060
57240
56160
56400
57190
58310
58290
55900
56050
55610
58270
58750
56940
56630
55170
58150
57070
56530
57370
56230
58560
57610
56960
57240
59330
59140
57700
57350
57160
57080
59270
57730
57450
57840
56560
56500
58450
59360
56980
55380
55760
57560
56090
57460
55340
57010
58090
56720
58010
56710
56590
58220
56500
57280
57600
56900
56830
56890
60010
56950
56170
55470
58070
59220
56380
55530
55740
58430
58310
57310
57090
56090
58520
57580
58400
58000
57460
58820
58830
59340
57500
57150
57230
57850
57460
57670
54560
55000
59110
57680
57740
56820
55660
58180
57500
58540
56500
56440
56540
57320
59680
55880
56030
58730
57520
58130
56450
55920
58800
56860
58400
55190
55960
57380
58530
57320
56700
56620
56560
58920
58540
57450
56850
56550
58460
57920
61420
58200
57670
60250
57920
56980
57300
55620
56680
57760
57540
57060
57140
56440
57940
57760
56770
56910
55460
58460
58220
56280
58070
56240
67250
58060
62120
57850
53770
58490
57420
56420
57260
55540
55950
58910
57010
56530
56160
55590
57960
57810
58080
56060
56970
58860
58020
58360
56810
61720
60840
61100
62000
58960
60430
61860
59970
60540
58390
58080
59310
56240
58870
56990
57260
57410
58370
59350
55920
56190
56500
57340
57540
57360
56540
56230
58850
58440
57660
55570
57850
57830
57240
57200
55880
56770
57510
57540
58170
55720
57060
55140
57860
59830
56570
56730
57160
58980
58170
58070
56880
59100
59460
56600
57960
57810
57020
59280
57420
56410
57050
55860
55730
57500
58080
58990
56700
57700
57520
57180
57550
56870
56270
57380
58940
57350
56500
57920
59130
54460
59330
57870
57140
57870
55330
57650
56050
56740
57260
56980
57990
58060
56310
55920
59220
58980
56550
57590
55940
58120
58390
59790
58650
58920
63320
59010
58160
57100
57190
57970
58610
56880
56600
55880
55940
69810
63600
58100
55850
55500
59190
58530
56910
55700
55310
57100
57410
59520
56430
56770
58840
57170
58760
56320
54620
59610
56980
58120
55350
54960
56670
57180
58050
57170
55270
56400
57860
58880
57280
55900
57060
57710
59670
57130
55760
56610
59910
57560
57860
53990
57450
58120
57490
57040
55000
56600
57600
57950
59200
56130
56660
56150
58990
59190
56250
57090
55460
58190
55870
54810
56240
57180
59220
57760
57050
57750
56230
58910
57100
57100
56470
54500
56420
57830
57770
56310
56010
56470
55550
57600
58890
56190
55910
59710
56600
58640
57090
56830
57840
55620
58880
56600
56590
58700
56920
56480
52610
57240
56690
55700
57790
57100
57040
56320
57050
59580
54560
56970
55650
58820
55590
55600
57270
56170
57990
57000
57830
55010
59600
59600
56640
55640
58560
58250
58910
60450
58120
57020
56500
55160
59170
58660
56770
60040
58040
60140
58060
56190
57890
56050
58070
57480
57680
57340
55300
58960
57810
57490
56540
55360
57510
57570
57980
56860
55660
56790
57810
57710
58800
56100
57540
55020
60340
61050
58170
60140
60360
59330
59690
58970
58800
59730
59160
59190
57920
58540
59010
58760
60510
59060
58600
57210
62010
62120
59690
58840
58910
59670
60440
58810
58810
56000
57880
56860
57610
57780
55550
58140
58900
57020
56500
56560
56560
56620
58360
57130
56640
55570
58270
58620
57670
55690
56690
58800
57580
58440
56670
56500
60020
57670
57810
56600
55690
59040
56970
58170
56670
57960
57860
57820
58540
57140
57230
57850
57800
59730
56320
55820
56180
57500
58150
57140
56450
56510
56730
58640
56340
55970
56850
58540
58600
57020
58650
56750
55790
58120
57880
57410
56640
55530
59120
58400
55970
56870
55910
58510
58180
57810
57260
55820
58480
57540
57190
56600
55110
58310
56200
56800
58130
56840
56630
58430
58520
58410
66710
58710
56470
57690
59430
55850
56570
58840
56690
58260
56390
56960
58560
56900
58150
55800
57370
58900
56890
58540
56970
56610
55660
58330
59640
58110
57000
55680
57030
59080
55890
56680
60890
64400
61070
57770
56700
58270
57330
57250
58170
56480
57270
56680
57570
58170
57010
55610
57890
59840
57830
59160
56730
56920
60200
57760
58610
53740
58710
60710
58800
60190
58070
57380
59840
59940
60600
57980
57700
61730
59330
61400
58640
54940
57780
57550
59030
57400
55180
56600
59930
60260
58630
57170
57250
60040
57510
57990
56420
57650
57800
58480
57080
57020
58440
58180
58480
57010
55700
56240
57120
60260
58410
56290
58440
56990
58290
58910
55980
56850
55490
56200
59350
59230
59260
58070
59430
58840
60020
58910
57940
60310
61430
59570
59510
58210
72040
60870
60360
61760
59420
58860
60970
59820
60280
58070
56700
60070
57800
58540
56500
55250
58870
57600
59480
56200
56120
58240
58790
58000
56790
56780
58800
55820
59830
57030
56340
57590
57800
58130
56510
56640
58440
60400
57940
56420
56100
56530
57760
57910
55680
55750
57060
59710
57800
57070
55530
58260
57690
59420
58270
57740
56510
56260
58980
58680
55520
58410
55570
58390
56700
56140
56260
56250
58830
57230
56540
57900
55240
62080
58090
58620
58520
55700
57640
58740
58240
57120
56860
57460
56940
57380
57370
56470
57640
57800
57330
57180
55530
55940
57290
56660
56910
55880
57550
57650
57290
59220
55760
57820
56980
57490
59150
55860
57060
55750
56400
69420
59310
58260
55760
58660
57940
57340
59690
55910
74070
64450
58620
57890
58580
57870
59190
56010
58740
55820
59230
59710
60060
58600
56220
55420
58620
58370
58510
55680
55390
58460
58270
58360
56360
55950
58380
57760
58930
57210
57300
59380
56880
59770
56510
57350
58140
58620
60380
57520
56580
57490
68500
68130
59460
57440
58390
58680
59280
58520
56520
59030
60470
59610
59210
58900
57030
59270
59720
58130
67170
61700
58280
59380
59250
57550
58190
57280
58520
58780
56820
56810
56670
58670
57700
56800
57030
56820
57210
58060
58340
57680
59120
59050
57790
58760
57660
56660
56710
57800
58980
57750
57210
57410
56790
57150
58710
57520
57240
58980
57450
59070
56120
57760
59820
58120
59940
56550
56010
59190
57540
58540
56890
57530
56710
56530
58830
57020
56390
56220
59540
57540
58270
57290
56380
59090
58880
57610
57200
56820
59450
58720
59180
57430
54510
59770
59390
58190
56870
56870
56660
57950
60010
58040
56240
57260
58890
59900
59210
57940
57550
63360
57950
59670
56440
57440
58340
58410
57410
58450
58270
60410
58270
58550
58450
55330
58330
57570
58300
59590
56500
55640
58040
57730
57510
55620
57440
59050
57020
58820
56930
57030
58690
60010
55880
57690
57870
58730
57660
59400
56790
55670
57930
57490
60200
57170
59290
57490
58080
59460
58010
57670
58270
64820
63560
59500
58910
55550
59000
58840
57970
59140
57290
59480
58620
58680
58230
57280
57520
58510
58550
56610
55890
56450
58370
59110
58050
55740
56970
58790
58050
59110
56040
56570
60950
58580
60410
55640
58300
60230
58640
58800
57470
56600
57920
57370
59860
57890
60040
57960
57450
61690
57620
57750
57470
60340
58280
58370
56680
57360
57980
58620
58990
56110
57630
58060
57010
56880
55380
56590
56900
57400
58540
55540
58670
56770
58340
57880
56140
56860
55670
58280
57240
57430
55840
55840
61650
58240
58740
58640
56230
58610
57160
57250
57150
56210
58210
57640
65920
66010
57320
56560
59500
58210
56560
59290
60310
58380
57390
58260
56730
57560
59360
57260
58410
55490
56000
57960
56820
58320
55820
55900
56990
56800
59420
57480
56570
55960
58030
60490
55810
56110
55550
58130
59320
59010
57500
59730
57930
57950
57590
58270
56570
56810
58010
57730
56390
56270
56920
58300
56170
57450
56170
58550
59250
58900
58220
57170
56580
59150
57810
58570
58310
56280
58710
57320
58120
56350
56170
57830
56930
57360
55180
56420
56110
56380
59440
56960
55870
56990
58630
59090
57630
56110
58930
58300
58470
55570
58870
57960
58180
56610
56110
56270
56350
58240
58740
57540
58620
57950
58700
58170
58940
56720
56760
56190
59130
58820
56900
57810
56840
57440
57340
58840
56890
56690
58010
57440
57950
56960
55550
58800
57420
57320
56940
56610
56580
57680
57590
57400
56100
67730
60560
58420
57660
57580
56200
60250
56580
58290
59400
57520
61800
61160
60340
58180
59460
60750
58410
59890
58210
58750
60760
60720
61290
59610
58650
59750
59480
61730
60630
58510
58570
60740
60790
59740
58300
58530
60030
60720
59130
58630
59140
59720
59860
59790
58380
58470
