65330
77480
36950
34330
34650
32020
32500
40121
26860
24090
24080
24130
26810
24550
25560
25840
92221
87330
82310
138241
113910
99401
88990
85701
82830
79011
82650
88491
82350
82620
79591
85231
100880
82230
78631
80831
81661
79001
81671
78151
99210
78701
79130
84791
86861
84081
86180
1119876
80230
104111
84980
111861
104260
121531
104681
99810
101041
102100
98901
107690
101471
101541
103591
95991
103821
99250
125341
100170
97280
105021
101890
124571
98501
1146746
108200
109750
115971
116920
85931
82420
97920
85150
84400
88420
107330
91601
83220
82751
1213517
129530
111190
129361
81631
77580
79290
80190
76911
98220
99201
83310
81251
83200
78740
78380
79690
79350
79890
78870
1637629
81230
77571
79060
74851
1117306
81171
106091
83741
1115026
79690
96881
131361
100190
101031
144301
99991
98861
107800
132461
102611
98451
95630
98720
101881
97111
96910
95670
109390
108190
96330
100230
99211
124780
100391
95291
96661
121970
94890
94521
84521
110700
81471
82781
75930
77261
154920
82111
78600
78251
146600
121611
100170
84140
101951
77930
75500
73890
74280
77381
78071
75231
74940
73350
73580
74751
81510
76281
76720
75841
75460
86321
76460
74061
79291
75271
103521
83290
1618628
84131
113491
82151
118750
103550
101760
104661
105760
100391
103890
120501
99320
106511
99740
121951
96960
103280
102011
123400
98050
99640
100991
101691
104730
97810
99070
107571
100821
107041
115951
1673399
79851
76730
84770
1118866
77630
77060
88061
90390
82660
153811
130651
110780
100540
87450
84540
80051
77590
78721
79350
79241
1115536
79340
100330
80811
77781
77240
80931
78700
86651
78580
161431
83480
76500
81781
82460
77610
83621
83591
81430
82170
80450
124720
105081
101640
105431
100950
106301
1157356
98871
102110
97651
1137886
103961
98380
103531
1139866
101561
105800
116051
1144966
98460
103470
102791
1145886
104071
107240
98820
105171
108920
82030
83910
82571
83370
84210
82681
85120
82721
82860
87461
152411
128421
101190
97141
81210
94831
90080
81621
81290
77301
77350
79461
79340
216501
79230
83910
79280
80610
77671
81870
81210
78970
78060
78900
82930
83781
79460
88781
105940
83951
1114386
81340
131201
103331
100451
101531
98061
106260
102801
100271
103721
105520
103581
102931
99331
101880
108191
1148626
102001
97290
105571
104960
98571
107860
101981
101510
109641
108850
120871
87980
80531
76900
81961
82440
83451
77270
80521
89710
84861
125211
137010
114560
104601
85951
83901
76740
79081
80481
85131
89250
80281
82901
93951
84160
76801
80360
80481
79370
83251
79730
83241
80000
81711
80530
83380
84870
82881
82920
85521
82500
83941
116210
102491
103580
101251
107760
107311
104020
105011
100350
109811
100630
102291
98550
107751
104810
103021
100370
103201
104360
102021
103490
141771
104990
103721
99171
103431
1138886
113481
88750
80441
1119516
81920
105170
84221
82690
88041
83640
82571
152741
131901
120410
93511
83870
79671
79340
81041
84531
79451
176541
81421
83741
82570
78690
85990
85041
78930
82580
81420
79371
78700
79770
78980
80670
81110
81030
85140
109111
83760
82381
78880
166291
98330
106581
98110
119340
101321
100250
106870
115130
105770
102351
97560
126581
99780
98920
102670
99500
102640
1653099
103560
123611
102761
104350
102950
106650
103380
106950
91551
107650
78790
84020
84881
81710
81530
80941
97030
89861
79470
155481
118181
272862
101751
80191
1113526
78970
83201
81081
82021
82270
83020
82001
83210
83311
78660
81240
80031
80240
83570
83221
82230
84761
82790
87071
79350
89651
83680
84030
83591
81320
92000
109710
108651
1636098
99941
101330
97931
94950
1151626
106351
125021
104000
1146756
103301
127571
108910
109241
98441
102511
108080
98320
101011
129190
103300
102100
100821
115530
119700
88740
79200
79431
81880
80911
79600
81541
88820
84050
87940
191491
129130
113531
99601
84741
84000
79991
80450
80051
81510
79201
79990
79331
102500
82901
81041
80661
77190
82521
78940
80131
77580
79290
81370
1118276
83270
115231
88190
1623989
82320
82080
80401
126911
105071
95450
107251
102750
100491
124591
99951
1133596
99311
103130
98411
101930
99941
103440
101061
101950
1154326
102581
120001
104360
1140736
101741
121070
102860
1285157
110531
117560
88600
1118206
80120
83040
80770
80631
85210
85381
82220
80791
149461
123931
106740
88111
81290
84420
82650
83120
82010
79360
78080
77361
80060
75581
80040
80071
78750
79631
78280
79731
78620
76600
79820
79340
81711
81370
85040
79110
84271
81180
81420
80720
118761
103090
107400
103120
102561
100040
101290
100050
107991
105161
1133616
105221
124310
102631
1141996
103121
122140
104761
1143806
98330
123141
103821
1137756
102130
118901
104951
122251
88730
81221
79291
82240
82690
84970
78511
87140
84031
81560
161871
126171
112310
97010
83281
80751
1121486
86830
99611
80640
1119035
81450
97960
80920
86851
82371
80210
79930
79460
83290
79770
82030
76320
80221
82241
85271
84401
79670
83060
82761
82960
84300
1666319
101271
201832
104081
102861
106201
101210
105111
103770
103331
103140
105561
103980
106661
97330
105431
99970
99910
101480
102320
103301
97260
102070
102500
100041
98850
101310
111400
82961
83050
83950
86640
85061
83910
82520
87320
84330
82471
1196706
136351
103581
95421
1113276
83531
101770
82351
1117926
78590
100151
83171
78681
78940
80111
82430
80381
81800
98791
90991
88370
82030
83780
79251
83310
83381
229271
84810
84980
83441
80400
81880
126440
102351
104831
100250
101921
100360
98581
104670
103851
102060
96421
1147796
104331
128431
101611
1134956
105370
139761
100681
103491
98890
130801
103331
107440
99351
101110
117201
87790
87001
79050
84531
83211
81410
81530
81061
89551
84530
129831
142491
118861
99840
86831
81011
79230
81621
77271
77221
80030
78231
79690
77121
79690
97971
78340
1114036
79470
99830
79430
80880
84471
78080
80460
78380
83501
83410
85730
81281
80210
80631
113131
100611
100810
106311
105630
100981
104350
96171
102511
103981
100581
104290
101680
102330
102681
99450
101641
98170
100981
98550
1152446
105780
120751
101340
1137266
103421
129380
114210
86470
80850
82591
80470
84411
79170
79651
86870
82880
85440
192041
140951
108041
94221
88610
80880
81630
83011
82050
78490
84181
227371
78501
77830
82331
82250
81311
78650
82131
96990
81601
76560
79861
99760
77121
1119406
80040
105771
80151
82941
84010
78931
142030
101551
101360
102241
101741
100610
101511
99860
102751
104510
99261
100101
99951
101571
102241
95471
100241
103491
101751
104961
101521
102331
102490
98461
103531
104471
114740
86130
86201
78080
82911
80390
84551
81140
80190
89300
1119375
78300
189781
118541
103141
82851
80040
83840
77830
81411
76330
77421
79701
78000
81491
79700
79811
76960
79030
81361
80301
76200
77291
78230
79751
80491
80270
79491
83290
78381
83630
77021
80840
100501
102660
105491
96750
103641
1144256
102091
108281
102790
100891
101631
100521
101380
104371
103791
102591
102631
99910
1146816
98560
106351
106890
1141696
103510
98561
103670
1141536
119280
114661
80310
86210
84891
82210
86060
81750
88620
81911
81580
159590
139141
291072
94590
85951
79111
80400
78070
77860
83791
82920
82620
78400
81921
80420
75700
80110
76990
78921
1120556
79051
107970
82421
81301
77260
81471
80170
89001
82650
77661
85380
82531
134030
102921
101770
106351
98230
106011
99890
105541
109430
99420
108780
104121
111710
1151046
96681
103901
100460
102751
99431
101041
103340
1138556
102061
121080
104010
103181
103230
100941
81190
80060
86640
84581
82330
83061
85300
84341
85140
81411
162171
1170007
100880
88921
80650
1127156
77320
80291
79390
1116996
79951
78301
84470
78810
82880
80811
78090
79921
78230
80740
76970
78961
80870
80331
88491
88051
84870
1116266
82750
96841
79380
1119996
118511
99600
101971
103671
1148376
99331
132210
103620
105711
101221
100331
104891
100001
101810
97631
101320
103990
98571
101711
102180
102871
101791
99081
103870
98621
104891
113671
85270
76701
79510
81461
253081
84901
77830
86801
79611
81991
155490
137671
108431
95911
84111
83140
79271
85691
78251
78790
77080
77851
80260
77301
75920
1111686
78570
100081
79830
1115276
77871
79430
79760
81980
78121
78170
82940
82650
82960
76571
81340
87131
130121
107131
98110
101721
103041
100291
102371
100950
101301
97691
101251
102820
102271
98701
101111
100260
100221
1138146
101710
99891
100841
1147806
102070
102140
107381
1148677
97411
104430
79910
77520
81501
96631
80831
79021
81240
80500
82790
81950
148060
156341
102031
88010
79600
82180
78080
78380
83441
77370
78190
77460
80931
80850
99011
79080
79370
79311
80741
75390
80190
79510
78451
79770
78881
78410
1114736
81870
97680
80220
80471
82450
126281
105551
100110
100901
130330
102800
102370
183331
97061
118851
94641
100530
98881
95670
101391
97930
1145086
92670
101100
98830
1642639
93880
99540
100621
97760
102950
111210
82400
78471
77190
82331
79421
84390
79480
84810
79480
78200
149521
133881
103211
93860
1116556
75170
98221
79241
76801
75530
76201
74241
74260
74351
77100
78740
77460
80100
81300
78741
75550
76751
77700
75440
101370
76490
76321
81381
108940
79650
75420
74941
297162
122361
102181
1137416
109941
105190
106271
98251
103251
99950
98801
103281
97181
102060
96211
104790
104421
94430
101261
99240
96950
101801
113401
118680
94810
99471
95861
134541
79361
78410
75360
87100
82211
78651
79021
83220
105931
87231
155160
166881
100431
92521
82511
76810
76791
74230
75581
76770
75610
76570
74431
74931
74391
76310
75480
76021
80150
77590
76930
75240
76901
78000
79630
1130716
79571
78710
78371
79230
80750
77780
123761
107321
98800
118120
96460
99101
97661
98571
95970
96971
97311
102731
100880
96061
1147377
96590
99820
106100
1149546
101150
117361
101941
96190
105361
103680
92241
118041
80610
81640
89771
83970
88801
81250
77731
82270
87921
83030
84611
138700
115041
104820
87651
87170
82941
80460
84961
76870
82680
73301
75541
81711
74581
76760
75301
223681
73681
77200
75721
72450
98531
73680
1119816
81670
80711
79960
83100
77501
85641
84080
116310
99021
106081
103501
104291
96970
106141
102010
102921
104480
1638999
98140
118471
99240
96180
100560
123791
96531
96070
99400
99010
97001
97530
106791
104650
106581
96930
110220
82940
76620
83570
76440
79800
84291
74370
88010
78401
79630
153311
132070
100211
131491
81941
76310
78000
76450
79210
77550
79021
82191
80341
77061
77450
74880
78120
76300
76400
73770
76580
75820
74050
76141
96320
82011
79260
77891
77130
78111
75800
74261
119020
99091
99501
95390
106220
99910
99781
97040
103130
95580
98251
96921
98580
97461
97350
99061
1192816
97381
95120
98611
1140956
95431
113430
93571
97611
98300
124921
91511
80421
82410
80920
78221
82940
80271
79740
79421
82940
76760
145210
115501
103971
82880
228071
77041
76101
76140
74401
74681
76191
74561
75271
74181
76860
76300
83251
77010
79491
80880
1118116
84160
82001
81800
85831
83470
79751
75810
78360
80331
78790
88871
106131
1645648
95141
93050
117291
99950
94761
92990
97810
102220
97321
100380
98941
97440
99431
98920
99881
96900
98291
96360
101501
92011
97760
102270
99490
99621
105800
80380
73050
72890
74070
78380
74511
71450
81060
82890
85050
148161
127620
105560
90450
81801
76750
75900
75551
75451
77210
71880
75480
77381
71770
76650
75860
74451
74900
72180
76240
73840
1112336
72701
102230
79570
82051
73950
108011
86470
76710
80140
78701
123710
95811
96980
101341
112950
102261
102800
94430
147601
97530
95501
99320
93641
99130
1634889
101340
130190
102961
1646779
103060
97191
97690
98861
94131
98041
97210
98251
99610
76781
77180
1612299
68480
86041
230011
78641
78800
81180
101271
149891
1156086
99950
106871
75891
77990
79771
76180
74901
77460
77970
78350
76341
74390
74341
76621
76201
94490
74280
74661
74690
72281
78211
74240
1118516
80420
81631
78270
80311
84790
107831
78100
124191
100390
96641
100060
100680
97250
119771
98840
1132356
102100
130391
101780
103010
98481
100100
95160
100871
96511
93861
96660
95741
98620
100951
99830
98910
101631
1664568
83130
75620
76911
1624989
76571
78030
74030
80890
86881
77750
142781
126290
1148036
97421
107350
77721
75350
74470
76331
81381
79021
78650
74120
76100
75300
72491
75980
74450
92660
74530
1617389
76950
75811
76250
75241
83400
80820
96321
78651
78781
76340
114281
121741
100961
97320
105250
103001
96800
102181
92800
98651
93650
101311
97140
96771
98830
103861
98820
99001
96880
100431
97981
101181
266761
97441
99331
93031
99191
95830
1652099
83241
102621
80851
77971
79831
75310
80561
77960
1124136
76440
168341
128031
100581
87160
98951
80140
76500
73130
74530
72940
75591
76181
72471
76560
75570
78040
76141
76440
77881
73770
74021
73720
74680
71420
1625758
81120
76470
81920
76820
78811
76140
74580
133791
1140076
96571
92391
96770
1138746
101001
106541
96470
1150276
105571
123200
100850
1132596
99810
120280
97710
101711
100101
134860
96430
99970
97280
97261
99030
98791
113150
78651
78160
73341
76861
84100
75450
76820
84821
85250
80770
173421
129341
1146736
97980
102420
76720
76181
77531
75421
91990
75261
76960
79300
98131
76070
76470
72051
99981
74071
75271
75170
73200
79231
77690
74621
77510
76361
79791
76760
74100
75131
75771
114810
97430
