68490 
82860 
53460 
47170 
76440 
23070 
25630 
57150 
56960 
59390 
64240 
59610 
53140 
43450 
55940 
53090 
85020 
41410 
61460 
64450 
39380 
35320 
68230 
77320 
25870 
28380 
69910 
55820 
32360 
29680 
70560 
34510 
35480 
29820 
73630 
29900 
34190 
36290 
38830 
39990 
38150 
67900 
43100 
33090 
25200 
59590 
17860 
54170 
24820 
59930 
28300 
21860 
29540 
16680 
34840 
89090 
31660 
61880 
49570 
59450 
19370 
22750 
77950 
66920 
65750 
26800 
58910 
19970 
25470 
26290 
28740 
57240 
52410 
54080 
27450 
56190 
57260 
49820 
50510 
57010 
43490 
25290 
61150 
18280 
49070 
88100 
66570 
28860 
33950 
73790 
33240 
79670 
33020 
33230 
30090 
113190 
33550 
33430 
32800 
107290 
60810 
63400 
36250 
75320 
31830 
32250 
35230 
81290 
37480 
33380 
66310 
34670 
71380 
53370 
24320 
58050 
24610 
24700 
29500 
61970 
56880 
51600 
50180 
87960 
46600 
29560 
16710 
68950 
23140 
23630 
61480 
21500 
23260 
60170 
25090 
23760 
29800 
50040 
53970 
45800 
28310 
52630 
47750 
27910 
49990 
46540 
45750 
56180 
29960 
24120 
25400 
56870 
23750 
23650 
24760 
90570 
38430 
35960 
62560 
39570 
73480 
30600 
35530 
110090 
101940 
96650 
60140 
80940 
63070 
31060 
64230 
38460 
77980 
34360 
37260 
71790 
34600 
36070 
35390 
83840 
31290 
26480 
35560 
50410 
58500 
54310 
27680 
49510 
56010 
51700 
58350 
59740 
85790 
84750 
81900 
78820 
53640 
40660 
52690 
30020 
56950 
20600 
21190 
52330 
48890 
50350 
55790 
18930 
58750 
21720 
24590 
57850 
23310 
24320 
23780 
54960 
25070 
24480 
49460 
25530 
62430 
22580 
26020 
81380 
44790 
36930 
35930 
73310 
33810 
39380 
35570 
80960 
37060 
32320 
34490 
73210 
35820 
29380 
74500 
68540 
64750 
76360 
70460 
72420 
82250 
65830 
83000 
56540 
60940 
79070 
66430 
65430 
50760 
51550 
49990 
51270 
49500 
29150 
61300 
24540 
26980 
61320 
92380 
80700 
60330 
67720 
20850 
26490 
31790 
42060 
27340 
25230 
58600 
22610 
23200 
80970 
41500 
24040 
22990 
58420 
22730 
22110 
54430 
26480 
57160 
20690 
25070 
61430 
57210 
57930 
48210 
51490 
51470 
48350 
44790 
64750 
78580 
56060 
66720 
10138960 
69220 
33500 
67010 
40030 
37440 
71530 
71530 
31300 
34140 
30680 
76960 
63870 
63490 
31120 
80310 
30180 
31980 
39420 
78900 
65440 
67900 
32690 
27070 
26480 
24170 
31140 
28770 
52480 
19680 
51160 
53840 
67960 
48490 
118120 
37140 
68570 
27860 
25220 
54460 
21650 
26630 
25480 
57690 
25350 
22980 
26280 
54070 
50360 
51490 
25390 
25090 
54410 
24630 
25440 
26620 
23180 
26170 
58870 
22260 
21700 
56100 
23470 
23800 
39300 
94330 
22330 
22310 
75280 
42080 
39400 
36200 
65060 
72720 
66740 
62910 
38320 
66700 
35740 
34900 
40160 
32560 
32090 
84820 
64800 
68920 
68570 
74550 
57720 
61250 
66550 
73930 
50390 
50140 
42010 
53810 
21770 
24210 
27060 
92620 
65530 
74770 
83970 
84020 
26280 
21070 
22410 
31340 
24380 
22870 
54290 
23600 
22860 
62250 
47350 
48520 
45880 
64070 
22560 
23970 
18030 
59340 
53260 
59600 
49100 
53650 
25320 
26130 
27370 
68690 
48040 
48440 
48360 
78850 
71090 
23970 
29340 
68950 
63540 
65870 
37490 
27690 
72960 
68330 
65370 
80120 
28380 
32990 
36780 
81420 
33770 
29610 
20580 
80370 
65630 
63340 
62170 
117920 
29520 
26280 
33000 
47840 
42790 
43290 
25170 
64410 
21310 
26500 
30810 
26000 
27690 
50840 
85010 
52570 
65050 
58830 
55930 
54180 
44880 
55060 
22630 
25520 
25410 
58290 
23230 
25730 
22470 
56160 
50700 
49240 
28830 
24910 
60100 
20300 
23610 
59660 
49020 
56870 
51600 
55780 
27150 
21920 
22070 
41830 
67440 
63330 
56430 
67900 
67890 
59650 
63560 
67220 
70190 
56730 
65610 
65060 
37090 
35920 
70760 
34800 
114620 
31000 
33530 
106130 
37020 
35150 
34270 
76880 
29300 
31560 
68830 
53210 
29380 
27230 
54210 
22680 
56230 
25420 
57820 
49000 
104530 
81400 
39460 
35220 
53800 
48770 
43830 
61010 
22150 
21700 
22670 
52450 
25030 
24090 
29810 
25080 
57430 
30240 
23270 
58080 
24940 
25990 
25540 
64860 
26410 
24240 
23470 
62320 
57430 
28740 
47720 
30830 
40280 
36940 
70550 
40340 
32870 
24200 
31580 
39720 
36380 
64440 
39950 
35320 
62980 
80610 
38610 
35520 
55880 
85590 
36300 
30290 
26950 
72280 
32370 
36060 
75710 
32460 
35840 
77800 
56620 
53440 
44210 
59560 
51300 
50100 
31590 
28910 
61410 
21920 
55130 
15198420 
35550 
65970 
28410 
28030 
64640 
53960 
54920 
50740 
48010 
21610 
56200 
23890 
22310 
32530 
55440 
22170 
26060 
56560 
50270 
21710 
57220 
24250 
27450 
23860 
23790 
33660 
27660 
28330 
31330 
27310 
90380 
32630 
62950 
34830 
66490 
67030 
64290 
66320 
37390 
72980 
28730 
34570 
39710 
36880 
27430 
36150 
41860 
36680 
37530 
31760 
32290 
73200 
28830 
34050 
35790 
71860 
42400 
25470 
58370 
23400 
28510 
25710 
23590 
28070 
23340 
25930 
58240 
44030 
44190 
82770 
65130 
28090 
56160 
23440 
26550 
26020 
18740 
57190 
22910 
20860 
57910 
25270 
77770 
21320 
23330 
47440 
59760 
28200 
51840 
19820 
22110 
58640 
26920 
49120 
52500 
55860 
58460 
45900 
56940 
77330 
78030 
32200 
39060 
38390 
31500 
37090 
78970 
60370 
36370 
35470 
32860 
78500 
32550 
32150 
70360 
30980 
30510 
72950 
35850 
30550 
77540 
31980 
36380 
81030 
33570 
31700 
63830 
25700 
19700 
31920 
26080 
24320 
56930 
27770 
24820 
59600 
41110 
46410 
85410 
31880 
30870 
27510 
52430 
23830 
27180 
26510 
78350 
45090 
25570 
29480 
56940 
23750 
25390 
24410 
56380 
27830 
54800 
50430 
58720 
20840 
25760 
65390 
52500 
47130 
52780 
51290 
60950 
55630 
22810 
39420 
73650 
71350 
38760 
35360 
68260 
66540 
80840 
27110 
84320 
77380 
71240 
31440 
35580 
78130 
69550 
26810 
77680 
31600 
28070 
73270 
63600 
55290 
78240 
34810 
32210 
76540 
23370 
25210 
50210 
29400 
56460 
23100 
23170 
57420 
51780 
50800 
139190 
45250 
115800 
23140 
24710 
80380 
73530 
40910 
47180 
60360 
47910 
20430 
52300 
21260 
20940 
53080 
45320 
45640 
55140 
48040 
45590 
53640 
24400 
28360 
25320 
56800 
41260 
30160 
64450 
27500 
24660 
28330 
82170 
67300 
60680 
66150 
76670 
28200 
70570 
69480 
71570 
32640 
72810 
70160 
74690 
29750 
33640 
75430 
74020 
30350 
36690 
34550 
33780 
34250 
36370 
34960 
37370 
31990 
77750 
49530 
50870 
21530 
26500 
92150 
21900 
22780 
51220 
81110 
26700 
50910 
46510 
30520 
34130 
64110 
56580 
44990 
52440 
51150 
53490 
23020 
27160 
25510 
23430 
53380 
24290 
24640 
31170 
27720 
23820 
50970 
27780 
26810 
51600 
48790 
26520 
55290 
58700 
28620 
24890 
28010 
31680 
35470 
37720 
39810 
31780 
76320 
33940 
34280 
69390 
66310 
36050 
77600 
38820 
33920 
41360 
39160 
60790 
32850 
70010 
66330 
30990 
92600 
83630 
32750 
97680 
87990 
32930 
66730 
33530 
26040 
52440 
54580 
19170 
29020 
20010 
53140 
25470 
26950 
59070 
47360 
44870 
35480 
24220 
24900 
58600 
21290 
25950 
27850 
56300 
52440 
49910 
54740 
20860 
62180 
23620 
25570 
31380 
29020 
30470 
58390 
32720 
29230 
48070 
23500 
33970 
22520 
54620 
49460 
32880 
28240 
46280 
91220 
34750 
71720 
23230 
39210 
30350 
101220 
28740 
27910 
85800 
53230 
29710 
27770 
72590 
64740 
65520 
72750 
30860 
76680 
30140 
33350 
68790 
67550 
66770 
76860 
40560 
77760 
24160 
25000 
51400 
49560 
29810 
52600 
30600 
31460 
26110 
60450 
45930 
48430 
80820 
31780 
22980 
59560 
21950 
53630 
49850 
50600 
26230 
59220 
18920 
26030 
64190 
27360 
23480 
53450 
51290 
56000 
15730 
53290 
39050 
50980 
26430 
53350 
39710 
94910 
23870 
24810 
82100 
23500 
81940 
76820 
26280 
36770 
78260 
32480 
38550 
70120 
31560 
71550 
27430 
36090 
75510 
33680 
32530 
68740 
54490 
66810 
41570 
37640 
57720 
79360 
64680 
76410 
33340 
69940 
32570 
68380 
58570 
47290 
22770 
58080 
42480 
54650 
63040 
53650 
47770 
100110 
38980 
42290 
71550 
29420 
22670 
54750 
39200 
51940 
29780 
29350 
43520 
57670 
18910 
26710 
57880 
23870 
21020 
86640 
22540 
52930 
30530 
28520 
41640 
55120 
20400 
27170 
57790 
26520 
21710 
53690 
21810 
92820 
31520 
36930 
34970 
26180 
69840 
66540 
67160 
74470 
27320 
38830 
77860 
34120 
28080 
68850 
51590 
68840 
37320 
34560 
59770 
70960 
30990 
34310 
72090 
35380 
31010 
69120 
58420 
55510 
27390 
28440 
44950 
53860 
21960 
22630 
59300 
49570 
26480 
86490 
86190 
66780 
31570 
55290 
21590 
28620 
24110 
29420 
24670 
24530 
56790 
27890 
24360 
54540 
51490 
44350 
33360 
29500 
48580 
23700 
27590 
24430 
55740 
48290 
57320 
46160 
25210 
56730 
63010 
21300 
19540 
10148150 
31550 
36440 
34270 
81840 
38640 
67250 
38150 
37580 
71850 
57050 
33840 
28020 
70160 
63910 
29170 
35360 
72000 
29550 
35630 
75840 
25230 
35770 
38570 
67430 
34020 
37880 
52130 
50180 
51320 
52310 
50260 
51940 
21450 
78790 
57710 
78280 
57410 
46560 
45430 
35770 
58900 
41710 
48580 
54410 
53570 
24650 
28210 
22990 
26430 
58860 
25080 
22980 
50030 
19730 
27550 
24720 
53940 
21750 
23610 
59600 
26480 
23480 
28430 
49170 
27980 
51850 
62280 
27150 
34200 
77180 
31710 
36390 
34470 
77080 
26740 
30960 
35470 
73240 
39790 
39010 
69290 
27210 
34320 
41500 
67400 
67350 
58480 
78640 
35860 
35660 
31260 
76650 
40060 
35420 
35430 
104490 
26180 
20710 
76230 
39040 
23830 
51790 
48290 
57980 
29540 
58210 
84850 
78170 
41560 
58340 
63220 
39660 
47550 
55030 
54340 
52040 
45910 
56560 
26730 
20810 
59490 
20960 
21690 
54180 
25910 
26170 
27990 
56860 
22560 
22650 
28420 
30430 
59770 
26220 
28580 
55510 
57920 
21720 
77100 
33040 
33930 
77330 
38540 
56860 
66450 
35490 
74580 
19600 
37360 
31290 
71580 
27170 
31970 
32510 
29660 
27910 
26670 
36560 
27580 
26970 
28960 
71130 
67640 
60000 
72650 
53560 
56950 
22220 
56410 
26640 
57410 
21080 
24420 
28560 
26110 
43630 
37260 
84340 
27300 
24100 
23140 
55520 
22180 
21190 
49380 
29550 
54950 
21730 
27390 
24790 
58240 
24480 
25770 
22310 
56740 
30700 
59160 
46080 
54320 
21990 
57490 
22820 
30240 
25010 
57340 
20510 
24490 
78350 
24910 
36030 
34360 
75290 
38390 
37020 
32400 
76390 
92830 
30360 
28630 
66860 
37850 
33180 
70030 
36240 
76000 
25280 
30910 
69080 
71780 
27090 
77990 
33420 
36820 
80780 
51680 
50280 
41220 
53080 
54210 
23870 
24350 
58440 
26380 
24870 
25190 
87050 
33290 
32890 
57390 
46470 
63340 
41180 
43890 
50050 
50260 
26390 
54150 
22850 
47660 
48400 
52050 
23850 
55930 
21280 
24410 
55090 
26030 
26000 
21990 
57790 
25690 
24610 
54070 
44380 
99930 
30070 
24470 
75720 
31050 
34780 
36900 
72370 
36110 
31150 
68760 
71570 
80510 
35270 
79790 
32160 
32470 
80190 
32650 
37480 
35720 
10160660 
37880 
36640 
36110 
33520 
67190 
38330 
36280 
39580 
63800 
28560 
28060 
44980 
55810 
52560 
47800 
21460 
53970 
50580 
91290 
80930 
33400 
59490 
52300 
27800 
27830 
54280 
24290 
21070 
53860 
28460 
25920 
53120 
22330 
48570 
51200 
50500 
46730 
32160 
26110 
25950 
30980 
65380 
28940 
18190 
60250 
30130 
29700 
35220 
67030 
18670 
34410 
32200 
33780 
40240 
32580 
68860 
34310 
35550 
34420 
37660 
35830 
80510 
27740 
33600 
78000 
38580 
39650 
37390 
75480 
33480 
27430 
32510 
74910 
66090 
70030 
30470 
71500 
28610 
25210 
25700 
26810 
61230 
24830 
22460 
68720 
29940 
29020 
34080 
129740 
35430 
26750 
28770 
96970 
22790 
44560 
24100 
64060 
27840 
25740 
24430 
29590 
28770 
25580 
26440 
27930 
60790 
23940 
26120 
55420 
27990 
23840 
52580 
28770 
28710 
25120 
24950 
65330 
33380 
30960 
38140 
83300 
20060 
22720 
78130 
37350 
68560 
63110 
72270 
36510 
76220 
31080 
33940 
80330 
35690 
34390 
36300 
86370 
20320 
28480 
35440 
39490 
71190 
33870 
35120 
34150 
75980 
21310 
18030 
52980 
51950 
47430 
74680 
24340 
78810 
23760 
26540 
105360 
45940 
42840 
29660 
64910 
19130 
25490 
26170 
26120 
56500 
22750 
28090 
60280 
51750 
50450 
44320 
57150 
23190 
21650 
25160 
54660 
26070 
30080 
23150 
56590 
20360 
18430 
27220 
21430 
20790 
58480 
26970 
23270 
34440 
70430 
67140 
74750 
65100 
71760 
60560 
56810 
66450 
78890 
68060 
64300 
60420 
79880 
32970 
31860 
33870 
108470 
34370 
61990 
36840 
120670 
82340 
66140 
65000 
83160 
65420 
53420 
45790 
55050 
50420 
50220 
58110 
48060 
31990 
25660 
66970 
51130 
38990 
76360 
27370 
24920 
26490 
25990 
51990 
25080 
26710 
22910 
55650 
48570 
26460 
26880 
56810 
21390 
27200 
58270 
50160 
49880 
47960 
52970 
24940 
23790 
25910 
61070 
54850 
52360 
54800 
69010 
29270 
37970 
37810 
74810 
68800 
67150 
56790 
74630 
62200 
62400 
68460 
100670 
90200 
67790 
68310 
84310 
31840 
32190 
35110 
83300 
33510 
36320 
34850 
82720 
35100 
31840 
36610 
76450 
25170 
29720 
26950 
65530 
26250 
23260 
25230 
25640 
63770 
55250 
24560 
88450 
72130 
34130 
29190 
54850 
46830 
49100 
49350 
48330 
51230 
41600 
49350 
50370 
28760 
27530 
44730 
46980 
28800 
54710 
29610 
44120 
47800 
47860 
52130 
51950 
50560 
51670 
30990 
27520 
43690 
56610 
29180 
77180 
30310 
65140 
72300 
68060 
30190 
37630 
72440 
38790 
37760 
63630 
42400 
33300 
68460 
39100 
32180 
36570 
67950 
72540 
34090 
35830 
79410 
33710 
34920 
58100 
69740 
67780 
59750 
43590 
30110 
54080 
25030 
29830 
57440 
62700 
24780 
23380 
50640 
89320 
42400 
25510 
25510 
66310 
21190 
24170 
24670 
31270 
24150 
23370 
56790 
51480 
25620 
23340 
25700 
88460 
17080 
13890 
28920 
53980 
32650 
28170 
28220 
66550 
26620 
28530 
50760 
60810 
59170 
54990 
73880 
66530 
68430 
38700 
36590 
76540 
27330 
33990 
37840 
74250 
74420 
64970 
72800 
62500 
68580 
37420 
34640 
74580 
31630 
29330 
73150 
31910 
25880 
69330 
69280 
61510 
79350 
27750 
53330 
20210 
23650 
57260 
48470 
47600 
50450 
31040 
34090 
45850 
43020 
37830 
65460 
53120 
57090 
47730 
46360 
47990 
62040 
49710 
46420 
45260 
48290 
74750 
52500 
48640 
56610 
23260 
53250 
24990 
61940 
52320 
48890 
44580 
50760 
58320 
46830 
52650 
55340 
24140 
24580 
41450 
26830 
75760 
35390 
34020 
75750 
33730 
32410 
77750 
30990 
30220 
75530 
31590 
29300 
34280 
65780 
70080 
68120 
62340 
76640 
29320 
35000 
82230 
30720 
28300 
75680 
70600 
71610 
23320 
24900 
24860 
22410 
55560 
24070 
23640 
67130 
46490 
48950 
83660 
92560 
60490 
