143290 
45790 
43270 
77610 
57240 
54910 
57970 
56320 
55720 
55660 
60770 
55850 
55860 
56610 
53210 
52220 
54000 
51180 
57340 
52460 
52280 
52090 
53100 
53880 
52270 
52240 
50090 
52080 
55360 
57690 
43680 
37980 
40890 
42920 
39030 
38960 
42160 
45350 
43870 
46840 
90580 
68420 
53640 
44370 
39140 
38190 
39540 
37130 
37970 
39180 
38200 
38800 
36540 
38470 
40020 
37420 
40240 
37370 
39310 
39670 
38440 
40000 
38050 
39490 
42140 
38510 
40480 
40020 
41660 
38130 
41370 
75850 
54610 
52780 
53270 
53310 
55400 
53160 
52520 
54450 
51370 
52790 
52830 
54600 
53230 
55490 
57930 
54140 
56280 
54190 
56110 
53900 
55610 
55140 
55090 
53260 
55360 
60650 
42110 
37420 
39760 
41450 
40230 
39530 
38640 
44270 
42590 
40640 
91010 
77480 
67290 
51300 
37670 
38850 
39240 
38210 
39880 
37220 
40290 
40480 
40660 
39190 
39420 
39530 
39390 
38570 
39020 
43530 
40800 
38730 
38360 
39230 
57000 
39430 
41940 
40120 
41660 
41240 
39640 
58770 
58090 
54000 
57960 
54220 
53470 
53560 
53170 
52670 
54110 
50760 
51540 
51600 
56420 
67310 
55880 
52070 
50210 
52190 
53910 
51360 
54900 
54160 
51880 
54160 
50280 
59150 
45390 
37500 
40460 
41930 
39690 
40270 
39460 
39870 
47010 
41290 
90050 
81230 
72520 
63730 
40760 
40120 
38130 
39640 
39870 
38210 
40900 
38310 
40710 
38360 
39060 
36870 
37170 
38420 
41270 
38330 
38520 
39020 
38180 
37930 
39140 
40200 
39510 
41910 
44060 
42000 
39310 
38570 
73420 
54930 
58150 
54510 
53930 
54110 
52490 
57100 
53910 
52060 
52950 
53310 
56680 
56980 
53870 
54030 
50100 
51790 
58270 
53790 
55090 
51200 
54650 
54070 
57870 
52690 
59080 
42240 
39600 
43260 
41180 
41200 
42810 
44870 
42510 
45520 
41820 
93410 
81560 
56220 
47480 
41320 
39230 
40750 
39920 
38970 
37260 
39740 
39680 
41400 
39040 
38910 
37380 
38040 
43640 
39080 
40820 
37030 
39020 
39450 
41690 
41980 
42170 
44280 
40970 
40080 
40450 
39750 
73540 
53490 
53790 
59290 
55620 
53920 
54280 
54300 
56090 
52460 
55740 
54340 
54720 
52790 
54570 
56580 
54880 
54220 
52520 
53450 
54220 
54840 
55360 
51930 
51220 
53070 
61090 
41610 
40500 
38200 
41640 
39620 
37210 
38110 
44660 
41070 
39650 
96790 
84170 
58460 
53800 
37520 
39610 
40100 
39370 
37810 
38930 
38380 
39140 
38200 
38640 
37860 
37630 
39450 
40470 
39140 
39110 
36970 
38210 
38680 
36780 
39350 
41860 
39760 
42800 
39550 
39540 
36790 
42640 
75710 
59990 
54510 
53730 
53870 
55160 
53740 
53850 
53480 
54870 
53220 
55080 
52540 
53650 
52040 
52220 
53140 
51810 
55500 
52300 
53120 
53820 
52040 
54710 
52150 
52370 
62590 
41370 
37120 
41810 
39360 
45340 
38850 
41820 
42500 
44030 
41260 
91380 
67380 
71160 
42520 
42040 
39150 
40450 
41720 
37010 
38420 
38660 
38490 
38560 
38470 
39310 
39060 
37570 
37610 
38470 
37150 
38220 
36010 
37290 
37560 
40300 
38870 
40980 
39520 
40000 
39760 
39480 
70840 
57000 
53120 
52680 
53560 
52140 
53750 
51820 
53910 
52960 
54300 
52620 
54660 
52560 
54090 
56680 
54750 
54480 
54060 
52210 
51370 
53740 
53810 
54320 
51630 
54290 
64550 
40890 
36790 
37050 
39810 
41690 
42770 
41180 
44730 
40700 
40870 
91100 
80080 
54130 
48220 
42470 
38030 
38820 
38670 
38640 
37900 
39550 
38840 
38140 
38480 
40440 
40400 
37790 
37260 
36550 
40370 
41770 
38740 
42080 
38680 
41280 
41640 
41050 
40180 
40230 
40450 
41360 
38470 
74300 
54430 
54770 
52370 
54440 
58620 
55280 
55770 
52480 
54260 
52960 
52850 
52980 
52550 
55440 
53560 
54820 
52920 
52800 
56510 
53960 
53990 
52200 
54390 
55130 
52140 
55430 
40080 
38260 
39860 
42020 
39250 
39550 
39870 
43130 
42550 
39440 
92050 
61950 
57820 
44860 
37980 
40540 
36680 
39480 
38700 
37020 
39050 
38500 
38560 
41490 
37910 
37770 
55970 
41600 
38480 
38350 
38720 
39100 
37510 
38890 
39930 
38680 
40410 
42110 
43260 
41570 
38820 
72470 
51830 
54370 
58200 
53700 
52400 
51680 
56510 
53270 
55210 
52270 
51610 
52950 
53590 
57500 
55860 
57120 
53050 
54540 
54380 
54100 
58050 
57510 
54320 
54520 
51780 
61030 
41920 
40050 
39430 
39560 
39030 
41840 
40830 
44930 
41810 
38070 
95400 
81880 
55980 
48490 
38840 
39660 
37460 
38520 
42060 
38370 
38760 
40910 
38690 
37370 
37880 
37860 
38220 
39360 
40060 
37980 
38170 
37910 
37640 
40730 
39460 
39750 
41470 
40520 
41010 
44160 
41660 
58920 
55740 
54040 
55910 
59410 
57220 
53470 
54060 
56800 
54350 
53780 
53710 
54780 
55090 
53690 
51810 
55910 
50940 
53220 
53360 
54910 
56260 
55040 
52310 
53440 
53080 
60510 
41670 
38240 
44150 
43900 
39940 
38490 
37830 
41220 
39420 
42080 
96780 
85610 
63540 
53490 
42030 
38660 
38330 
40320 
36330 
38170 
40090 
41450 
36740 
39110 
38810 
36710 
38450 
41060 
38130 
38910 
39480 
37630 
39830 
39640 
37730 
41090 
40220 
44950 
40910 
40080 
39280 
39750 
77070 
55330 
55640 
54710 
53070 
56130 
51410 
54630 
52660 
53770 
53080 
55790 
57050 
56000 
54010 
51020 
52600 
57410 
51880 
55970 
51670 
53860 
54290 
51760 
52910 
55410 
63610 
42680 
37920 
42910 
45890 
40690 
39440 
41530 
42530 
47440 
38500 
93830 
76210 
56140 
46060 
39210 
41710 
38610 
40910 
39800 
37250 
37610 
39570 
36560 
38990 
40440 
39890 
41320 
39900 
38650 
39810 
38450 
37280 
40360 
38650 
44120 
42260 
41460 
40630 
39710 
43070 
39370 
72220 
54940 
53570 
54560 
51510 
53370 
52130 
55820 
52650 
54520 
53910 
60620 
56200 
53800 
55000 
54230 
51410 
54080 
53230 
58190 
50730 
54250 
54270 
54080 
53810 
54160 
61000 
52430 
39010 
42120 
40450 
39410 
44130 
37490 
46170 
43970 
39750 
92390 
81960 
61850 
55060 
40190 
38690 
39200 
41830 
40330 
38170 
39590 
38520 
38170 
39470 
39330 
38880 
38990 
39250 
39540 
39220 
40460 
39790 
38030 
39080 
43430 
42090 
41450 
38730 
39090 
39970 
41000 
38820 
80050 
56340 
54010 
53100 
54030 
61490 
57290 
54600 
56760 
54540 
53440 
51380 
54880 
57190 
55330 
55650 
52190 
53670 
54890 
55440 
56930 
52950 
53430 
55090 
60110 
57980 
64970 
40080 
38070 
39350 
40640 
43550 
38970 
40300 
43540 
39230 
42380 
91440 
69480 
52670 
40660 
40300 
37230 
41220 
39270 
37720 
40200 
38100 
38580 
37750 
38490 
39160 
38330 
39990 
38570 
39270 
38750 
37780 
40480 
38050 
36910 
40580 
39010 
39940 
46610 
37460 
38720 
40650 
74480 
54710 
53370 
53740 
51290 
51410 
55720 
55340 
57300 
51700 
53830 
51890 
52150 
54340 
53620 
56160 
52050 
53990 
52640 
55770 
55770 
53120 
54500 
51290 
54070 
60780 
61360 
40890 
38640 
40810 
42980 
39900 
38360 
40560 
45480 
42810 
41030 
91250 
82410 
61020 
46390 
40970 
39920 
39380 
39770 
38930 
40270 
36890 
41980 
37850 
40650 
40310 
38050 
37940 
39190 
38260 
44070 
37610 
42860 
40950 
39610 
40830 
40590 
39980 
40980 
39680 
39490 
41390 
46150 
62980 
55860 
52190 
53780 
50830 
52410 
53320 
55260 
53660 
54460 
51980 
58260 
52820 
55490 
53050 
57010 
56680 
54850 
52380 
56000 
56370 
57450 
53990 
52300 
54930 
52780 
53950 
45580 
37530 
42240 
41970 
38520 
39530 
38200 
44460 
38180 
75510 
87590 
69010 
58740 
43060 
39080 
37820 
39260 
39030 
38550 
39430 
37940 
36310 
37230 
39040 
38950 
38220 
39540 
39080 
38190 
38180 
40890 
39840 
39530 
38480 
43110 
39580 
40590 
38860 
41430 
37960 
39410 
74800 
58110 
52110 
54780 
52090 
51660 
52310 
53720 
54980 
53480 
55140 
52940 
56830 
57390 
53990 
55210 
55180 
52660 
54610 
53970 
54300 
55840 
59350 
56670 
54030 
53030 
60030 
42950 
36010 
39950 
40780 
39850 
38300 
37240 
46730 
40550 
41010 
93430 
77240 
58560 
43790 
41530 
39410 
37100 
38710 
38190 
40710 
42200 
40910 
39450 
37380 
37390 
39450 
39990 
37740 
39300 
38620 
39820 
38960 
42880 
40030 
40300 
42850 
43120 
40160 
42150 
41360 
41360 
64070 
56930 
54110 
54400 
50570 
53910 
54330 
55950 
53800 
52900 
52730 
54060 
52970 
54660 
54000 
54550 
51160 
63960 
57140 
53290 
59760 
52850 
54990 
54420 
51740 
55050 
61020 
42680 
39870 
40090 
42640 
41440 
43340 
41240 
44000 
40090 
40110 
93260 
85720 
64140 
50200 
43000 
38450 
39880 
42950 
40150 
40400 
40030 
39550 
39020 
36920 
38530 
38010 
38680 
39140 
51300 
58240 
41680 
40240 
38480 
35400 
38050 
39840 
39200 
41090 
40680 
39340 
39470 
39730 
73460 
61570 
54580 
51760 
54370 
52910 
54570 
54520 
54650 
53180 
49980 
56790 
53750 
52720 
57850 
53690 
55680 
50620 
53350 
52750 
54140 
53400 
58040 
54480 
54530 
52330 
59100 
43120 
39040 
41900 
40560 
39400 
39570 
40460 
44290 
41060 
42760 
93470 
75740 
56940 
44080 
39080 
41170 
37820 
41900 
38050 
37890 
36910 
39620 
40580 
38820 
37970 
41890 
39150 
40700 
43540 
39630 
39060 
38430 
38230 
40790 
39870 
51630 
47750 
40640 
38330 
40220 
38800 
72060 
55150 
54710 
59900 
57020 
52790 
64540 
54270 
54440 
58480 
52320 
57230 
57420 
52850 
54390 
53540 
54210 
55340 
53630 
58750 
56420 
55410 
52450 
58260 
53720 
53180 
63910 
39560 
40960 
40360 
41440 
40230 
39330 
37750 
49430 
41160 
43730 
90770 
84150 
64560 
49000 
40670 
39910 
38180 
43200 
42970 
40680 
38790 
38150 
38400 
39270 
42210 
49160 
40450 
41690 
40590 
38160 
37740 
38910 
38830 
38720 
41110 
41250 
42130 
40940 
39460 
40120 
39610 
40100 
73910 
56580 
56910 
54970 
54230 
53600 
54360 
53690 
55180 
54440 
51990 
52120 
53830 
55030 
52680 
55060 
51750 
51860 
56700 
54480 
55590 
53650 
54530 
53000 
52750 
56300 
62840 
42360 
38370 
40230 
42150 
40690 
39000 
40910 
42970 
44630 
41080 
92260 
68070 
56000 
42050 
40700 
39570 
40970 
38120 
39410 
38660 
40440 
39190 
38270 
41230 
45510 
39490 
40880 
38590 
38180 
40340 
36990 
39240 
38750 
39270 
40580 
38630 
41610 
40670 
39660 
37850 
39980 
77270 
57310 
54510 
53430 
55850 
53880 
54020 
57160 
57310 
54040 
52570 
61510 
58100 
53720 
57550 
53900 
53800 
55760 
61160 
55900 
53460 
54390 
54380 
54970 
50220 
56070 
59860 
42490 
38000 
38900 
42940 
39670 
39910 
40930 
44660 
43120 
39010 
91750 
81220 
62590 
49060 
37170 
38710 
37680 
37450 
38740 
36800 
38490 
37600 
39610 
38580 
39510 
40380 
38610 
38910 
37260 
39430 
38950 
40510 
40420 
39160 
42100 
41250 
42970 
39070 
40090 
40500 
39530 
54710 
61730 
58210 
55250 
53100 
51990 
55390 
56120 
53400 
55060 
57390 
54070 
52420 
53750 
56970 
57180 
58700 
53780 
54360 
53750 
52630 
55510 
51310 
62670 
57030 
53030 
52860 
56630 
39740 
41290 
41220 
38800 
40890 
38720 
40560 
45220 
41590 
69790 
92500 
69490 
56030 
44990 
42010 
37990 
38940 
53190 
40330 
43580 
40490 
40780 
45110 
37140 
40530 
40370 
38480 
40800 
37520 
38280 
40000 
39040 
41020 
38930 
41440 
40010 
42180 
39610 
41830 
39890 
38930 
73610 
54750 
54890 
54880 
54850 
55690 
51430 
56350 
55420 
52360 
58580 
58320 
56060 
54320 
56260 
55570 
52350 
51370 
56460 
53600 
53920 
55450 
56720 
54760 
51950 
54220 
59740 
41710 
42670 
39160 
43900 
39620 
36960 
40990 
43880 
42740 
42560 
96570 
81250 
53360 
48260 
44480 
40100 
41080 
38790 
38950 
38780 
39350 
42670 
41260 
38650 
39000 
37210 
37600 
39280 
38570 
40140 
38000 
38430 
37830 
35830 
40930 
39470 
42460 
43330 
39960 
39660 
39530 
65320 
56130 
58010 
54420 
58330 
53370 
59000 
56100 
52650 
52070 
58750 
51670 
55180 
60690 
56760 
52350 
52480 
54470 
52520 
52960 
53750 
53340 
56650 
59330 
52760 
54390 
60880 
39950 
39710 
37340 
44640 
40930 
39500 
39570 
45470 
41810 
49410 
94000 
84630 
64910 
56470 
40320 
38580 
40950 
38280 
38090 
39820 
40920 
39520 
36210 
38370 
38740 
41080 
38480 
38610 
40580 
38300 
38150 
39730 
39950 
42390 
40270 
41600 
41590 
40970 
38940 
41140 
38880 
39480 
73330 
54000 
51480 
57300 
54490 
53910 
53500 
52930 
53360 
54770 
52560 
55090 
57070 
52550 
53090 
53180 
53750 
53080 
55120 
51450 
54320 
55580 
54600 
51740 
55040 
58230 
61990 
41030 
38250 
41660 
39860 
42280 
39290 
40780 
45140 
42420 
42090 
88790 
78560 
56270 
45460 
41690 
39550 
41860 
40660 
41570 
39240 
38910 
37520 
39140 
38240 
38390 
39320 
38980 
39520 
38450 
39180 
38570 
37040 
39050 
39930 
43490 
39530 
41120 
39910 
38840 
39450 
38680 
86330 
62900 
53820 
54710 
52200 
53430 
53530 
54640 
54350 
53720 
55060 
55240 
53010 
54070 
54710 
53290 
51810 
55280 
53110 
56980 
52530 
55750 
54580 
52970 
50320 
54920 
63380 
43730 
38170 
38210 
39520 
43000 
38040 
39510 
44060 
41230 
44480 
93640 
83800 
55200 
51340 
42280 
37770 
37220 
42190 
41560 
38180 
38940 
37860 
38640 
37000 
38460 
37450 
38220 
39150 
36830 
38430 
38860 
38190 
40720 
37270 
42850 
41590 
39530 
38940 
42300 
39880 
40770 
38310 
76040 
53790 
54450 
59690 
56640 
59350 
58120 
53770 
55870 
67560 
55730 
54180 
52260 
53570 
54530 
52220 
52980 
52270 
55330 
54700 
53630 
54380 
54840 
54400 
54650 
53550 
59480 
41900 
39690 
38320 
41140 
38590 
39740 
39690 
42030 
42040 
40930 
90640 
69790 
56370 
42080 
39750 
39200 
39470 
37740 
40360 
37920 
39120 
40310 
39080 
40610 
39920 
40070 
40410 
39290 
38200 
40050 
40850 
39680 
36930 
40950 
41320 
39340 
43890 
38820 
40030 
40590 
39570 
75030 
55700 
54520 
55280 
52780 
53870 
57130 
55850 
57560 
59130 
51470 
54600 
54480 
53240 
56830 
54410 
53860 
50760 
53360 
56080 
55000 
54950 
52930 
54090 
52680 
55400 
64550 
42010 
40550 
41080 
40150 
41570 
41640 
41020 
63400 
44870 
40910 
93290 
82760 
60060 
50320 
38080 
40310 
38210 
39300 
39200 
38650 
38280 
37120 
37440 
40760 
37140 
38290 
36560 
38560 
38580 
36870 
38420 
42120 
38430 
38840 
40180 
40420 
40790 
40460 
39480 
39980 
39460 
54310 
58960 
53110 
56790 
55890 
52330 
53660 
53830 
57730 
52030 
55730 
54630 
55400 
54130 
53510 
54620 
53270 
52530 
55400 
53420 
57300 
54790 
55000 
51050 
55370 
55090 
57170 
49100 
38790 
39740 
39830 
40950 
38130 
37600 
40330 
41230 
43370 
91560 
89120 
66420 
55140 
42040 
41410 
39590 
40450 
38920 
38750 
38310 
38810 
38130 
39570 
37830 
48810 
41250 
38480 
39400 
38510 
39390 
40620 
41580 
41990 
39350 
41200 
39070 
43890 
42420 
41470 
39090 
41240 
73810 
55580 
54910 
55220 
53560 
55130 
53240 
54800 
53500 
54530 
50960 
54200 
54730 
