59990
29770
25810
25350
22940
26110
25170
24190
25500
24430
25740
23830
24300
24030
24430
23250
85151
78910
76680
84390
76050
80440
76290
74890
78810
78340
75331
78910
74850
80260
82220
77961
83330
79450
76840
77960
78941
81191
77110
75780
76940
81220
77940
80390
77970
77900
81330
75410
78370
78080
78860
80121
78640
76270
77650
76900
77550
82880
73860
77420
76380
76231
77620
78280
81470
75060
77390
74720
80000
78750
100710
80690
72550
81350
76390
81851
76130
75660
79070
79710
78510
76520
74920
75230
81740
73190
76111
77790
84690
79540
79820
96320
77790
70930
74220
78040
76010
85320
79970
73460
80211
79620
79670
82900
77940
114540
80990
80250
80060
79100
79411
80980
78350
79150
77800
79380
78960
77120
81060
76430
86791
77130
80620
79730
82911
79370
76490
79810
74840
80790
78670
79640
80000
80660
77381
79580
153790
80490
83150
77281
82250
80320
78260
81800
82401
80711
79400
78560
78770
80900
79590
80220
81680
75850
81050
77630
69970
79190
77760
81321
81140
77140
78020
78520
91460
88550
78630
79880
75530
75101
78420
80020
77290
74200
76330
76410
79100
77610
78160
75420
73400
79970
72340
80521
75690
74800
77680
78290
76330
84640
87290
75050
81760
75180
79971
77730
78140
76940
78850
102360
75920
76470
78100
80520
74971
78940
77710
73430
80800
74970
78670
74360
75260
77100
79140
98920
77860
78710
75301
79370
76850
78940
74620
77450
78810
76360
79140
73710
79501
75720
122700
76400
80910
77360
74280
84160
73360
78460
75000
78831
77410
81670
76061
77720
75220
76730
80740
75821
79880
78790
76300
78920
90941
88181
76150
75280
74190
78830
76140
79760
76790
153540
84240
79011
82140
78820
80230
81601
88680
80880
81410
80610
79020
87040
80850
82890
82670
92931
87820
87170
84340
79570
83100
75920
81760
79240
87370
80921
79130
84550
79910
84490
77330
81780
81160
84370
81890
82380
82220
78630
85840
77030
81421
81450
79830
83030
84110
83740
83310
80740
78920
83680
81071
84950
82210
78790
84830
78180
83380
76670
80330
83380
85570
224340
81860
79920
79571
82260
81200
81840
82130
81650
82940
83360
83310
77470
82111
80840
85160
80460
85020
81110
77460
84950
77550
83310
79750
80451
84040
84960
81381
81940
80060
83550
84630
78851
82090
83060
79990
81590
81871
82431
78780
80680
79020
82960
81360
84520
83080
82330
84330
80191
82550
80220
81350
83810
83290
81310
82350
81670
79560
84500
78720
81910
85350
80681
81820
81800
85230
80770
83540
79650
82180
81770
86100
82031
79610
85850
79930
82120
79971
80110
81050
84480
83290
81111
79421
79180
84990
78980
80641
81470
79510
82480
83160
82990
81570
78700
79410
83840
80031
82950
82940
79530
85960
77570
77070
79140
73390
82220
82311
80460
82940
80170
79260
82400
78970
83020
81500
80760
83730
83650
84290
80090
83431
87190
90960
240691
86890
81060
77980
83250
80250
84250
77090
80261
82820
84600
83041
80520
78220
80750
82250
78941
81610
81650
81010
84400
81531
84510
79710
81290
80270
84880
82050
84160
81460
79330
85550
79561
84890
81650
80250
81100
83620
78900
82250
79600
83090
83541
79500
80880
79510
80201
81800
86310
83770
80310
80560
77870
82630
80110
84420
82841
79610
86210
82010
83790
79901
83890
83520
84900
82770
83130
79430
78690
81860
79000
82871
81390
81760
78520
81440
82890
78660
76740
78660
82720
78141
85380
82320
76800
79050
80250
82310
78690
78890
80760
82030
79590
79580
78470
80831
82230
77880
81000
79480
79020
82380
81280
80880
78470
80351
80390
83290
79070
83270
79320
76040
81560
81130
85980
78030
79111
80000
83780
78861
82580
80940
78890
86900
75631
81150
81720
78010
82110
79781
81971
233880
80380
79200
82410
78310
82870
79490
75730
81060
77871
82710
79510
78270
79400
83900
80090
79310
81140
78540
85050
81720
82980
78800
78881
83070
81290
82400
80940
80300
79610
82170
73560
84880
78400
78290
91730
78830
81500
77320
79030
81280
87660
79460
82260
79760
78120
84740
78360
81141
79400
75860
76180
81740
79320
78070
81690
79650
87580
79211
84340
80250
78690
90940
81160
85910
80730
79800
80040
84291
80060
82480
80410
80621
82720
83420
83760
81630
79630
83370
83640
82110
78820
80981
82000
84080
81920
85110
78950
75250
83580
81170
84530
79110
82791
82560
83320
82491
82650
78540
80420
85890
77891
80710
81690
79700
81000
77781
81461
76400
78970
81040
84420
80200
83980
82440
79310
84340
80531
85130
78980
81130
81210
83070
81410
80300
78270
82130
84020
79460
81690
233360
76791
77960
77790
80580
80070
82780
78560
81250
79810
83830
82141
79580
84590
80300
79080
78921
79250
82000
83230
78940
80901
87411
83920
81180
75500
77511
75930
75110
93560
81540
79280
79240
81780
80470
85230
81591
93930
90460
80440
83570
79610
82760
77920
78390
78760
83541
78340
79250
78700
78600
86970
79620
81560
77580
75700
80660
80270
81360
77770
79831
81780
82280
78850
87050
80680
80430
84750
76240
83340
81060
80461
82770
82580
81481
81300
72910
66810
82500
77281
82340
81151
76920
80780
81121
82790
79390
80300
79680
85210
78500
82150
79800
76810
79030
80001
86290
79100
79710
78230
82910
78440
81770
80840
80020
83541
79060
80810
79470
79731
78290
81380
82710
78330
81700
83580
157091
77500
79650
78391
75670
80570
77970
82350
74601
76910
77860
80770
75120
78661
76881
79190
81220
74280
77730
78460
76900
77560
82090
80630
76020
76130
76490
80430
77451
81570
76590
76060
82350
75800
77830
77830
75870
78140
79691
75640
76990
75160
78450
83550
76310
80340
79340
78170
78620
79310
79860
76690
76361
77270
81830
76030
83470
78280
76040
82570
76840
81700
221800
78051
80900
81470
76000
76140
75860
74840
81470
81180
82830
82031
82430
82310
82811
84690
79370
79320
80680
83600
79890
84630
81710
77990
87850
77051
77110
76470
76250
82630
84370
80840
81240
79810
84340
84581
79740
84530
81050
80030
88310
80990
86480
80750
83330
80310
85101
81670
86180
80501
78540
83630
78180
85940
81551
81070
84030
86880
80950
82591
80251
82340
86480
79500
86100
82260
82280
81470
81760
82080
79061
80630
80280
82290
80571
83760
81580
79130
87940
78350
83000
80550
82090
83350
84231
81750
83040
81930
79580
84810
82460
83290
83270
81360
84130
83130
83830
80590
82400
78090
84650
81280
85040
81090
81250
84911
78540
85130
78170
80961
82440
85290
80880
85540
80650
83950
82030
81690
82030
81471
80050
79820
82610
82970
232060
81860
79990
84830
82250
156101
83730
83770
90340
79681
85450
80540
81130
83240
86510
78750
77560
96950
86220
84791
80760
85870
82250
80530
86180
85140
83780
80600
81130
81650
85811
80290
85810
81631
79530
84840
81560
89270
82211
83410
83560
83700
81910
83141
80051
82570
84370
80220
84780
82800
82790
82710
84180
84020
80801
80830
80500
86720
81900
86100
83170
79940
87210
80310
87951
80910
83450
85290
86621
82320
85270
81390
84460
84140
81440
88230
82810
81000
80941
83660
82500
80540
82760
81540
85270
81460
85630
81600
81110
86091
78590
86470
82140
83300
83510
82780
80590
82830
80420
82520
87050
79890
84900
83401
81440
80760
80000
88590
81280
83170
81080
85930
82660
86131
82570
83350
87540
81330
91070
81540
84080
83790
84000
81210
84420
80750
83130
85761
85850
85770
233461
82710
81610
85500
85040
79530
82740
81990
82041
81820
91340
83301
79470
85210
76270
85530
74901
76980
82551
84450
79380
85201
80721
80710
86030
80790
90140
84910
86890
82900
82760
82810
82221
83180
81730
86370
79820
85640
84680
80780
84080
81300
86851
79650
83950
79220
79731
74190
84930
80440
75010
81950
76040
79860
74930
73660
78261
78470
79650
81310
88650
81641
88090
83310
86830
82730
78640
79681
79710
86080
80500
71520
78970
77660
75750
77630
74680
76000
80640
75120
80590
76681
76720
84940
83400
85740
82050
83570
77350
86510
80810
88041
82670
80950
83630
81200
87070
79370
80900
81380
84310
80090
83030
83500
82700
88701
80350
84940
82480
79080
82210
85090
84750
79390
81520
82320
184871
84500
85750
81351
80430
90690
79910
85720
80111
82190
81531
83180
81440
83381
79460
83350
87070
79240
84960
82420
83980
83340
86260
85680
77431
84210
80350
87470
82570
85260
80240
81900
86760
78670
94081
88150
81410
81820
82220
80720
82440
79820
83230
86220
82860
84021
82670
82320
83071
84440
84420
79390
81270
79341
83910
79130
87710
80210
79671
80211
78200
86580
224830
80320
83250
82410
81000
82300
80070
82051
83290
79770
84070
82171
81200
82460
81990
83580
79790
79460
79730
85180
81020
83831
81420
81320
86090
79880
83050
79880
81300
83290
83330
79970
84810
83360
80380
86480
80570
83730
79640
81510
83540
82700
83941
80330
81190
80900
86511
81300
84530
79630
78150
79490
79350
88370
80091
83130
81141
84290
81010
83941
79540
80900
87380
82130
83540
81040
81090
81430
78050
85370
79911
82020
79250
86160
79920
85580
80090
79210
81570
80750
84781
82160
81840
81540
83540
79960
83480
79650
81870
86930
81350
84311
84010
80490
82521
80990
81970
78330
82210
79891
83560
81100
85330
79780
79101
83871
72170
79440
86950
84860
83430
83940
76040
81570
80090
74911
80980
77030
83560
80650
83420
82060
82140
82700
237110
80420
78620
84460
79570
83071
78840
80180
79270
78700
82790
83180
81680
82910
83440
78640
80500
80180
82180
88060
81110
86170
80780
81720
80390
81010
83421
79890
80850
81560
84400
79390
85030
81150
85300
86960
79100
88890
82260
81140
82931
83290
80610
82690
82940
81370
88220
80730
82150
80140
81241
80540
82350
83980
79090
83620
81030
86570
81170
84160
81350
100170
91700
81130
79581
79750
79910
79470
82930
78750
79810
79560
80070
84770
80790
81961
79450
77560
79431
79990
81770
79520
81830
79271
84170
78320
83250
78810
80281
83401
76270
85150
79650
78250
80670
81030
77820
80340
76760
80701
85360
79550
83810
82200
77870
79520
82820
83530
79640
82031
80590
86140
77210
81591
79900
78490
81650
80060
82870
79170
78000
78520
81510
78690
82830
80250
81410
85320
80180
83780
233951
79250
79480
80360
82651
79690
86420
79690
83730
78630
82980
79670
78030
84410
71120
82660
76670
81160
78711
81870
77800
79400
78100
81000
84770
78000
82450
78870
77891
80170
82340
82610
77820
82390
81100
83170
84320
81240
77290
79300
83620
78330
81991
78820
82830
79630
79480
80290
80350
78070
80380
83440
79110
83571
82200
79180
79491
82260
83680
82220
78580
80401
84180
77541
77320
73900
74981
79100
71430
80140
82670
80170
79520
82920
82160
80660
77130
79161
82930
75910
84980
79560
82790
80040
82000
82090
77120
80861
78470
82440
76350
82710
81450
78920
82970
78620
81980
77480
77450
80940
81640
77471
80040
77150
81350
85100
78601
85790
74250
77940
77650
76700
77891
80230
82490
78660
86580
82310
84820
81880
79260
86790
78291
84330
79840
79920
79201
82860
77800
80040
78520
234580
82400
82890
83860
83150
82521
79500
81440
84510
79940
84380
78520
84310
79480
83330
81130
78630
84070
77870
82640
79360
78800
81620
82090
78600
81510
82060
80310
85490
78670
82321
79390
79670
79401
81100
81360
80370
82030
81731
85330
75111
85940
76590
74851
81000
75050
78370
75340
76410
76870
79280
95780
82710
79900
81871
83880
78940
82690
78950
78380
80980
84740
82380
77280
82451
86280
83460
79970
83870
79740
78160
78480
77770
80370
90030
82701
82660
83160
77441
83500
79740
75860
81850
79051
77840
78200
77820
76810
78011
79401
75630
79970
74060
80970
79620
80110
76860
73900
81740
75861
80390
75040
77840
77730
81490
77250
79930
74940
78140
81380
76570
83990
82890
81541
79350
81620
81000
78090
81370
79770
83290
78410
83510
82040
77040
82820
228301
83990
80640
79380
80890
81290
83330
82220
77311
80010
87690
83170
82211
79300
81320
81130
80430
82640
80860
80260
79831
84560
80461
84850
80490
79791
84280
80520
81750
80460
80850
80000
83981
78100
82990
78830
79870
84250
81070
83770
81090
78300
80050
81790
84210
81470
78481
78900
82900
78020
86510
78760
80320
83410
80410
84100
80790
80911
80860
80960
77951
80630
78250
77260
81890
76421
79720
77140
78010
78160
77951
78591
78100
78910
76570
80760
78250
80420
76620
76860
83300
77481
82460
76560
76780
79120
84150
79740
84950
81720
82110
85791
82280
85100
81470
81581
83860
81760
82580
81830
79560
81450
84300
75880
90280
80620
74940
86390
82400
84350
80870
85100
81640
83090
82280
84890
81411
83260
86330
80510
82050
82990
83550
82050
81650
81260
81250
79990
79850
84400
86141
240110
79180
77710
85980
80390
83370
80460
85240
80240
83741
79610
81620
79520
80140
84920
80490
88320
81610
82060
84620
81180
84820
80400
77821
81770
84120
84970
77980
82630
79660
85740
79270
84900
80680
78381
84310
86370
80731
84990
80080
