102730 
62760 
54750 
47260 
47420 
45090 
51910 
48940 
50320 
48780 
46600 
48580 
44960 
44170 
44910 
49710 
47820 
26250 
46630 
47100 
68170 
111700 
65840 
45000 
50960 
26310 
27290 
51120 
46580 
113630 
129200 
49870 
46010 
73090 
41960 
25780 
48850 
45800 
47340 
90500 
107890 
46860 
27330 
27010 
27120 
50050 
48140 
64020 
45770 
113430 
45750 
72180 
25390 
27230 
47750 
47140 
58680 
59380 
51720 
46280 
27020 
40780 
48120 
48510 
46810 
63950 
103200 
58860 
43440 
27620 
40780 
30450 
49520 
47090 
49930 
117630 
49120 
46890 
26500 
25320 
26730 
50480 
48030 
109510 
136290 
51420 
44560 
27680 
25360 
27550 
49500 
47750 
62280 
65080 
115680 
46890 
27470 
25320 
27280 
50380 
51540 
119480 
106010 
68890 
48200 
24840 
26850 
26660 
50380 
50580 
110800 
61510 
112610 
46250 
26860 
26220 
25680 
49580 
49710 
50240 
104610 
54620 
46730 
28630 
26150 
26570 
47390 
45060 
48330 
62230 
62320 
45410 
25800 
26780 
25690 
48810 
45180 
111260 
134990 
50990 
46850 
26260 
26460 
26020 
48470 
49050 
63850 
107600 
107450 
47370 
28380 
25690 
26050 
47350 
45380 
114740 
23190 
97770 
45260 
27480 
25890 
26530 
48270 
48010 
54540 
135940 
57660 
50380 
26970 
25430 
25160 
49360 
45710 
49030 
106150 
104450 
45520 
26460 
27570 
27860 
48490 
49490 
49380 
24640 
55440 
46290 
23390 
26090 
24860 
50300 
54810 
72700 
141580 
55870 
47660 
27470 
26490 
26500 
49490 
48020 
51240 
103670 
105860 
47490 
27980 
26300 
26140 
47150 
45880 
49990 
59030 
64390 
44360 
24330 
25790 
27000 
50210 
48360 
112930 
126520 
112890 
46470 
26900 
25910 
24220 
48560 
47300 
50000 
108000 
106990 
45140 
27420 
26820 
25330 
46260 
45460 
53750 
115180 
51010 
46940 
26880 
26970 
24630 
49590 
46720 
110840 
103340 
48220 
47410 
27840 
25690 
25170 
49000 
60230 
54100 
59810 
109450 
45010 
26360 
26330 
25410 
47170 
47450 
50040 
60920 
47360 
46060 
22540 
70020 
26820 
50460 
47700 
111350 
122490 
49360 
46780 
28240 
33830 
29410 
54040 
48520 
48460 
107720 
106750 
50010 
27210 
26160 
25770 
47950 
46300 
51310 
111400 
50210 
47160 
25300 
27260 
27460 
50120 
47070 
47740 
134120 
49980 
47400 
27610 
26600 
26810 
49020 
45720 
49990 
49400 
58930 
44660 
25800 
26930 
27190 
48640 
45800 
48670 
60390 
49160 
50810 
109610 
26390 
27630 
49520 
48260 
110860 
45830 
114860 
46340 
27010 
25380 
24790 
50360 
47490 
49220 
106530 
60890 
46560 
27200 
25800 
26050 
47880 
45240 
49560 
61110 
48930 
46260 
26830 
25940 
28410 
49430 
46640 
112080 
127690 
47810 
47390 
27820 
26330 
26620 
49730 
48460 
49270 
104420 
106680 
45870 
26870 
26090 
24870 
51980 
45940 
64930 
58380 
116780 
46160 
25590 
24010 
27550 
48700 
49830 
112270 
61160 
63840 
44780 
30350 
60310 
27080 
48560 
47800 
50490 
108780 
105980 
47020 
28080 
26720 
27730 
47640 
46910 
49820 
60920 
47730 
47210 
25470 
26150 
42600 
50960 
46730 
46580 
133020 
48140 
46290 
26660 
25800 
24540 
48620 
47000 
52030 
47200 
110000 
45210 
26910 
25830 
27440 
47850 
46720 
50650 
61770 
56320 
47220 
25010 
25990 
27170 
49440 
47100 
111270 
59290 
49830 
46940 
26830 
25680 
26820 
51550 
50210 
55850 
108040 
107340 
53680 
33710 
29020 
27790 
48640 
46860 
50320 
61430 
47440 
45800 
25390 
26080 
27160 
49200 
46480 
112720 
129120 
52440 
45750 
27190 
25830 
25280 
47810 
47600 
50970 
106050 
105400 
45620 
26900 
25250 
24580 
47760 
46680 
113540 
59820 
50240 
47520 
24320 
26410 
26690 
49740 
47130 
111710 
62890 
63640 
45210 
26430 
25910 
25290 
49350 
48750 
50670 
105360 
105760 
45890 
26570 
27290 
26520 
50680 
48260 
51050 
47760 
47300 
47230 
27670 
26080 
25720 
50260 
48560 
109650 
50860 
49250 
46780 
26990 
26530 
26970 
53570 
46490 
49470 
24370 
24540 
47060 
26580 
27870 
28620 
48520 
46580 
116010 
61090 
49780 
46620 
25510 
26100 
26550 
50000 
48210 
111610 
122200 
111550 
46640 
26820 
25730 
26330 
49480 
48290 
49320 
47090 
114320 
45760 
27480 
26200 
25210 
48070 
47180 
50230 
111980 
50940 
45760 
25400 
26140 
23890 
48130 
46630 
109780 
125280 
49000 
45270 
27620 
25150 
22990 
49110 
45870 
51780 
108960 
64180 
46640 
25560 
25330 
27810 
50390 
46200 
67600 
56720 
63950 
44310 
24140 
26400 
26460 
48420 
47010 
113650 
123060 
109020 
46920 
25120 
26420 
23730 
48020 
46270 
48180 
104960 
104130 
46060 
25460 
28300 
24570 
46030 
47000 
55420 
113800 
49650 
45530 
26150 
29350 
26480 
50000 
45500 
49640 
51890 
53700 
47170 
26090 
27060 
25660 
54840 
48250 
50680 
105160 
105080 
47190 
30160 
26390 
26480 
48580 
47030 
57120 
62580 
64040 
45080 
24060 
27590 
27060 
49550 
47310 
112890 
61070 
66420 
46550 
28660 
26850 
25070 
50250 
47680 
48850 
105310 
107800 
46690 
28410 
25080 
25820 
48750 
45500 
50030 
108730 
49060 
47180 
26150 
26140 
26150 
50030 
46460 
108480 
128070 
49490 
46880 
26650 
23730 
25560 
48020 
49270 
50900 
105860 
106880 
46540 
27890 
25930 
24840 
52950 
48450 
115720 
60440 
50370 
46850 
23920 
24620 
26250 
50180 
48110 
109810 
59290 
62210 
45980 
29060 
27460 
26420 
51990 
45380 
51510 
105770 
61100 
46240 
26560 
25620 
25750 
47220 
46320 
49640 
112480 
53150 
45990 
24360 
25890 
26070 
49020 
47510 
84670 
100290 
115820 
46370 
29930 
66080 
30160 
58910 
48360 
50930 
115730 
104660 
46230 
27990 
25530 
103420 
56820 
46170 
48460 
64360 
50460 
48120 
23770 
24580 
25930 
49760 
46180 
110530 
124800 
116560 
47300 
26890 
25210 
26800 
49610 
46890 
49400 
48550 
61900 
51040 
65200 
27070 
26310 
49490 
46780 
52360 
63000 
50420 
55180 
26160 
27650 
26200 
49080 
47060 
120330 
69150 
51040 
47780 
26060 
25430 
25650 
54300 
46720 
51320 
49410 
112390 
52000 
26530 
26660 
25710 
48960 
45480 
117580 
62650 
55640 
47740 
24660 
24930 
27210 
47820 
51180 
113530 
122480 
110840 
47620 
26970 
27170 
25360 
49300 
45450 
50430 
102940 
67480 
49600 
28420 
66540 
25310 
48380 
44710 
95530 
62320 
48620 
45500 
42400 
26010 
44400 
49060 
46910 
110960 
122610 
49440 
45070 
47020 
26360 
25430 
51510 
45180 
48950 
62430 
57300 
45610 
25620 
24200 
25330 
49970 
44620 
51010 
45250 
49410 
47250 
25170 
24310 
42870 
47920 
45150 
112110 
61620 
50320 
47780 
27240 
24440 
40120 
49690 
45450 
50400 
104900 
58910 
44920 
46690 
25690 
26950 
49360 
43790 
24020 
107770 
53600 
47610 
44190 
65060 
41730 
47490 
46500 
110110 
128790 
49540 
46770 
24410 
23840 
42650 
48660 
46180 
50620 
63940 
58060 
43370 
24630 
24380 
24140 
47700 
43580 
50160 
61110 
48720 
44370 
24310 
23760 
24100 
48670 
45390 
113110 
48530 
64200 
46160 
27250 
25400 
67080 
48430 
45690 
52630 
104830 
59120 
44850 
26690 
25740 
25520 
48090 
44060 
49430 
105920 
49650 
46180 
43000 
28090 
26680 
50620 
45560 
47480 
134300 
50290 
46750 
47410 
25240 
26730 
49130 
44790 
49710 
61630 
58610 
43310 
26310 
25320 
44430 
49850 
43900 
52110 
45620 
63230 
44600 
43900 
25400 
43410 
52180 
45900 
61600 
124180 
66580 
46210 
27240 
24720 
26090 
50070 
45010 
66190 
104410 
59180 
49480 
27220 
26440 
25700 
49040 
46950 
51280 
62930 
48350 
45540 
44070 
26680 
25040 
48910 
46760 
111270 
127970 
89310 
47360 
45600 
25120 
24700 
49400 
44580 
49810 
48530 
113840 
46480 
46450 
26060 
94210 
58220 
49160 
54110 
62550 
49790 
45940 
44550 
25760 
26800 
49610 
49820 
69480 
52300 
119240 
48280 
48350 
26570 
25030 
50120 
45510 
50220 
48180 
45540 
44550 
26290 
25860 
25930 
48680 
43550 
47220 
106030 
51200 
45780 
44410 
25940 
26400 
51380 
45410 
112450 
100190 
49310 
47900 
26600 
26140 
25470 
50170 
46020 
50600 
105690 
59970 
52450 
26800 
25620 
25620 
49700 
45270 
50730 
60340 
48860 
47630 
24970 
62100 
26550 
51120 
47010 
114020 
60400 
64280 
45610 
27820 
27370 
25510 
49020 
45660 
63350 
103300 
57930 
43680 
26400 
25420 
25850 
48960 
43430 
49480 
59110 
48420 
46990 
45050 
26020 
25980 
51480 
45720 
111480 
127780 
48970 
49090 
26710 
26780 
42460 
49570 
51290 
52700 
61980 
59960 
44830 
25560 
26020 
25480 
50110 
46120 
50140 
49620 
56220 
47370 
25630 
25040 
42910 
51020 
46720 
110440 
62960 
24730 
49340 
47830 
63550 
44090 
52000 
46470 
49740 
104020 
106220 
46410 
25980 
27630 
27420 
48960 
45240 
49350 
134640 
50880 
47600 
24530 
27150 
44010 
49660 
48280 
109180 
126630 
112050 
47720 
28760 
112140 
28460 
50200 
46140 
49160 
48900 
109100 
47160 
26150 
26130 
25960 
51540 
44470 
118580 
62820 
51420 
45880 
24120 
27010 
25040 
50220 
54860 
64720 
60480 
117410 
51310 
27720 
26010 
27260 
49760 
45770 
95800 
51500 
111830 
46320 
26130 
26780 
26140 
47710 
45570 
49670 
105820 
48820 
45200 
24870 
26420 
25790 
49190 
46220 
109210 
127530 
109100 
45290 
76110 
25200 
24680 
48880 
45380 
49650 
103840 
59580 
49250 
27000 
26340 
25770 
49110 
44750 
51810 
109080 
49290 
45390 
24780 
26230 
25650 
50870 
47670 
52380 
123530 
65600 
47020 
26250 
24780 
24030 
50010 
47240 
50450 
104330 
110410 
51260 
36250 
28800 
26500 
49300 
46490 
101480 
106700 
52370 
45660 
25250 
26950 
24740 
49670 
46070 
49240 
135610 
63440 
46420 
26600 
26640 
24530 
48970 
48390 
50440 
49090 
59080 
45050 
26270 
25600 
25870 
51250 
45530 
52060 
60880 
63590 
49150 
24240 
25760 
26900 
48040 
48720 
113980 
118490 
110060 
52100 
27810 
25170 
25050 
47970 
44980 
48980 
103820 
105570 
47390 
26710 
26440 
26730 
48160 
43310 
63500 
102690 
48900 
47230 
25950 
27490 
24820 
51830 
48150 
61640 
134330 
53150 
47450 
27420 
26340 
25360 
48500 
45740 
49790 
61030 
108620 
47040 
26470 
24440 
25320 
48340 
45300 
51050 
51540 
67660 
45160 
25750 
26650 
26010 
50600 
46180 
111520 
120880 
64160 
46900 
26080 
25780 
24810 
48800 
46450 
49800 
47760 
111440 
46450 
26270 
25620 
25750 
49730 
45740 
48100 
104570 
50350 
44750 
24900 
26740 
24960 
50490 
45720 
49720 
98240 
112290 
47440 
26700 
26290 
24340 
47260 
49260 
50880 
113810 
58890 
43030 
26430 
25170 
24950 
47980 
44050 
112000 
59390 
49040 
46140 
23730 
25780 
24730 
48810 
46490 
62550 
122480 
109960 
46490 
26920 
26260 
24230 
49850 
47230 
53480 
107200 
105540 
44580 
45200 
27130 
25890 
48210 
43550 
47540 
46730 
69390 
46240 
25940 
25700 
45370 
52520 
45910 
110190 
68630 
48470 
46810 
26260 
26410 
27370 
51170 
47390 
100550 
49090 
58450 
45720 
26740 
26890 
26820 
50370 
45290 
68200 
106440 
51060 
45680 
43230 
25630 
25840 
50010 
46900 
111850 
120360 
49410 
46190 
50080 
26760 
26260 
49210 
46160 
50760 
50820 
108360 
46490 
26370 
25650 
27700 
51770 
48700 
50970 
62990 
52200 
47720 
41860 
25360 
25490 
48960 
46250 
117530 
136470 
51380 
46820 
47630 
25930 
24280 
51680 
45340 
49690 
106290 
103680 
46650 
26580 
27010 
24700 
58350 
58790 
53150 
48370 
50790 
47820 
24930 
25730 
25800 
50750 
46700 
113180 
63340 
63970 
46480 
27150 
25750 
25110 
47560 
45370 
50290 
47810 
108880 
47420 
29750 
27340 
26230 
48840 
49600 
52860 
107830 
51620 
45880 
24680 
25730 
25570 
51210 
45850 
109040 
126440 
48980 
47010 
26790 
25390 
25200 
50120 
44400 
49860 
104500 
102970 
46880 
25860 
27000 
26340 
49180 
45950 
114330 
70220 
50990 
45000 
23540 
24740 
25900 
50780 
46390 
109140 
118740 
108710 
47950 
27070 
66610 
24810 
48170 
45420 
51580 
104790 
67250 
47530 
26800 
27240 
26140 
48510 
46170 
49830 
63580 
49280 
46140 
25710 
26040 
26110 
49030 
47110 
112870 
52470 
47870 
47300 
26730 
26580 
26080 
49620 
44360 
51370 
104470 
105000 
47730 
26560 
29010 
26050 
49950 
46470 
50740 
51350 
49720 
45920 
25460 
24800 
27150 
51080 
47730 
112320 
48100 
113680 
51340 
27670 
27220 
25860 
50600 
53380 
98740 
101420 
65040 
47650 
29220 
27480 
45110 
48000 
45820 
49250 
24540 
53290 
46470 
25190 
26370 
25920 
55330 
47900 
112180 
51460 
49060 
50810 
27560 
26750 
25600 
49680 
45850 
51020 
116630 
60790 
43940 
26410 
27090 
24930 
47700 
44690 
63500 
60650 
49160 
46300 
122290 
24340 
43630 
50280 
46670 
109910 
120530 
50890 
47350 
27350 
27090 
42560 
50110 
45330 
51960 
103770 
106680 
52490 
49390 
26270 
24960 
48850 
49580 
53210 
61100 
49890 
45650 
24800 
25180 
26550 
49960 
46770 
111820 
128420 
92500 
47920 
47970 
25380 
25370 
50100 
45640 
51180 
102770 
64810 
45260 
26600 
27180 
25520 
48730 
45520 
120890 
61240 
49920 
46280 
65080 
24850 
26220 
50360 
48880 
113210 
119590 
50460 
48460 
28950 
27980 
26110 
49920 
46470 
51230 
48230 
113300 
47140 
25940 
43280 
26920 
48560 
45410 
48910 
46190 
49180 
47770 
24040 
25340 
29640 
58770 
50340 
67470 
55540 
54330 
48160 
25780 
25350 
25180 
52540 
48980 
50600 
106090 
104200 
49960 
29640 
25950 
25540 
49430 
45710 
67990 
62970 
66590 
66080 
29940 
26950 
27770 
52960 
49130 
116670 
62230 
69070 
45850 
28510 
26740 
25680 
49320 
50240 
53100 
106610 
102790 
45780 
43610 
26290 
45320 
49000 
46380 
48480 
47500 
49770 
46420 
24830 
25690 
45310 
49450 
46570 
110720 
128480 
88030 
47880 
48140 
25000 
25710 
49970 
44000 
49260 
104160 
105070 
45650 
25690 
25610 
26900 
48550 
44940 
49570 
25010 
51990 
46460 
26810 
24880 
28780 
51230 
46920 
110610 
125190 
67570 
47320 
25660 
56500 
25680 
49040 
45330 
27500 
25060 
24730 
48070 
26220 
26770 
25390 
48010 
44860 
25330 
24950 
27370 
49480 
23330 
23880 
25030 
48730 
48010 
24360 
28300 
24310 
48350 
27810 
25660 
25670 
48580 
44430 
26710 
24250 
24870 
48060 
26730 
25220 
27640 
49510 
43400 
26360 
25810 
26290 
47330 
27720 
71220 
24560 
48350 
45590 
26820 
25390 
27300 
48290 
27230 
26370 
24540 
48550 
44490 
26490 
24280 
25750 
47350 
25600 
26280 
25510 
47010 
44550 
23890 
24980 
26930 
46820 
25630 
26620 
25720 
48950 
46690 
25260 
30050 
27310 
47990 
26590 
25340 
26180 
55490 
46130 
25390 
24190 
25540 
48300 
26490 
30370 
26980 
47150 
46530 
27690 
26310 
28150 
48600 
24660 
26680 
26580 
50220 
46740 
25380 
25650 
26890 
48260 
27980 
25260 
25240 
49610 
45130 
27430 
25050 
24100 
47200 
26090 
25790 
27240 
48670 
44540 
26810 
24450 
26610 
48020 
24950 
25650 
25550 
49130 
46890 
25550 
29170 
26930 
51720 
27630 
25650 
27000 
51390 
46870 
28720 
26120 
24300 
48380 
26000 
26030 
29830 
49640 
43130 
26900 
25680 
28040 
47070 
26910 
27610 
26250 
49040 
45810 
