77430 
45950 
43290 
41950 
38180 
36380 
39440 
41360 
38490 
36490 
41550 
40480 
39870 
37320 
40050 
39250 
38700 
38880 
37040 
36970 
40280 
38450 
38940 
36920 
38760 
39630 
38100 
38810 
37300 
35690 
37770 
35280 
42330 
38100 
37340 
37310 
37130 
38610 
37220 
36250 
42910 
37550 
39090 
38880 
39480 
42700 
37310 
39880 
37520 
38000 
41200 
37990 
38430 
39700 
37930 
38270 
38140 
37610 
40220 
36830 
37350 
35660 
60460 
40580 
38390 
43430 
36990 
36450 
38190 
37350 
37980 
37450 
38250 
39930 
39010 
37800 
36440 
36730 
37730 
38320 
37200 
36270 
37540 
37260 
40250 
37820 
37500 
38720 
37400 
38040 
39700 
38860 
39470 
36880 
38140 
37640 
41660 
39590 
36760 
42100 
40310 
38810 
38920 
37180 
41740 
41000 
38090 
38380 
37610 
37020 
40400 
38320 
37760 
36690 
37740 
37400 
39200 
36790 
38290 
36790 
42290 
38850 
36220 
36080 
35830 
38350 
38250 
37740 
37730 
37820 
37340 
39410 
38400 
37770 
37110 
39000 
38270 
37920 
39740 
36960 
37950 
43460 
39860 
38800 
38130 
42350 
40480 
38650 
41800 
41410 
38010 
38430 
40350 
36890 
36220 
48490 
44050 
40170 
37300 
37820 
37390 
36130 
40120 
36470 
36130 
37430 
43650 
40550 
38970 
36760 
37830 
37450 
38520 
36750 
36530 
38450 
37070 
38670 
41090 
35890 
37690 
37250 
38550 
40990 
38710 
39420 
37230 
38950 
39260 
36920 
37350 
40770 
38670 
38740 
38510 
38520 
40440 
37860 
40860 
36810 
40550 
37670 
36700 
39030 
38230 
37330 
44160 
45470 
39090 
39190 
40180 
35810 
37230 
36850 
38380 
38370 
38270 
39330 
37330 
39190 
38850 
38300 
38880 
37420 
38860 
38140 
37310 
37260 
36550 
40350 
39710 
37520 
38000 
36340 
37220 
38930 
37580 
39590 
37990 
37360 
38970 
41510 
42230 
37190 
38520 
39840 
38870 
38430 
39190 
37830 
39760 
41110 
39300 
37450 
37480 
39490 
37550 
37750 
37950 
37040 
36160 
39970 
36130 
39270 
38270 
38040 
38810 
42590 
38570 
37920 
36700 
37870 
39240 
36710 
38310 
36730 
39050 
37210 
37650 
37740 
38250 
38600 
38720 
38130 
38540 
37630 
37170 
39820 
38190 
37290 
41670 
37420 
40170 
39670 
39020 
39050 
36840 
38070 
37940 
38310 
37410 
37870 
41580 
38940 
37080 
37470 
37590 
38910 
36520 
37180 
36820 
37830 
37630 
39080 
37100 
41300 
37140 
38720 
40080 
36680 
37480 
37200 
36260 
39000 
39540 
37030 
38080 
37510 
42300 
38610 
38860 
39060 
37150 
39280 
38670 
37570 
37150 
38040 
38570 
39180 
40730 
41540 
39850 
39220 
40140 
42470 
41980 
40980 
38490 
38180 
40740 
39500 
37730 
37850 
38360 
39070 
38190 
38300 
37100 
37500 
37950 
38110 
36500 
37880 
37330 
38440 
37940 
37260 
43450 
37180 
39960 
36280 
37920 
37150 
36870 
39460 
37740 
38370 
38350 
36670 
40040 
39230 
38260 
38660 
37020 
40030 
38190 
37020 
39490 
36890 
39080 
42980 
37420 
40280 
37940 
39410 
43870 
37820 
38040 
37980 
38210 
38840 
39820 
37980 
38190 
36530 
38620 
37250 
38790 
37920 
37590 
39600 
36760 
37260 
37070 
37390 
36440 
38570 
39540 
37450 
37980 
39840 
39990 
38870 
38200 
38630 
37540 
39300 
38630 
37220 
38650 
35030 
39070 
38750 
39010 
38600 
36520 
38370 
38440 
38040 
43870 
40350 
38440 
38960 
39530 
37650 
43180 
38530 
40440 
37830 
40410 
38660 
42900 
40100 
37480 
37210 
38810 
37240 
38940 
37490 
36830 
36760 
37760 
38320 
38020 
40430 
38510 
36660 
38370 
42800 
39050 
37950 
38160 
37280 
39020 
37610 
37680 
37830 
43290 
39920 
39210 
37290 
37410 
36440 
37990 
39330 
37110 
36920 
38420 
37670 
39280 
40570 
37370 
37390 
38780 
39650 
42700 
38620 
37800 
37280 
39090 
40010 
36940 
38800 
36790 
38330 
38070 
36170 
36430 
37490 
41850 
38290 
37050 
38050 
36790 
39230 
38160 
37980 
38470 
40060 
39090 
39090 
37660 
37050 
37890 
38330 
38410 
44960 
41040 
37420 
40410 
38350 
37750 
36720 
37080 
40700 
40890 
38010 
37640 
37740 
37360 
38720 
41230 
38090 
39450 
37570 
40460 
37960 
37940 
39330 
36940 
37040 
39930 
39180 
37440 
38140 
37650 
38020 
38520 
38050 
40540 
38220 
37710 
40390 
36510 
37760 
37510 
40060 
39200 
38910 
42280 
38560 
38980 
53200 
40010 
38890 
37440 
37220 
41620 
38870 
38280 
37990 
37310 
38800 
38740 
39460 
40130 
37850 
39280 
36980 
37370 
39190 
36330 
39100 
38100 
38590 
37140 
37030 
40820 
38840 
39760 
38100 
38040 
38330 
41160 
37640 
38430 
37080 
38080 
38680 
40530 
38760 
37080 
38090 
37660 
37720 
36470 
37540 
36900 
40310 
39660 
38010 
37810 
37040 
37920 
38660 
37120 
36100 
41050 
38280 
39380 
38520 
35770 
36510 
40740 
39420 
39260 
37280 
38260 
37080 
38440 
39830 
42290 
38270 
36340 
40000 
40140 
38730 
38790 
37630 
37350 
41730 
37690 
37450 
37850 
36460 
38460 
37190 
37340 
37190 
37360 
42330 
37320 
38100 
37780 
36960 
38230 
38540 
38450 
38980 
41440 
43600 
39420 
38160 
37070 
37160 
38250 
38380 
51690 
40890 
37230 
37050 
39770 
37820 
36690 
38520 
36820 
38240 
38140 
37430 
37460 
38280 
38840 
39290 
38490 
39740 
37110 
38070 
39910 
38280 
36020 
37640 
37140 
39660 
38210 
36490 
36870 
36910 
38620 
35960 
37880 
37510 
36290 
42560 
38560 
37060 
39460 
37520 
26890 
85430 
80880 
43110 
38020 
37930 
40770 
38370 
40280 
37350 
38580 
42240 
39010 
39030 
36760 
38160 
46750 
41130 
39070 
36180 
38730 
42610 
42170 
40610 
41970 
39270 
38750 
40270 
43050 
38660 
37700 
38690 
41270 
42810 
38190 
37150 
37400 
39550 
41890 
38450 
37720 
36930 
38190 
41750 
38140 
37750 
38370 
38110 
40410 
40130 
37260 
36680 
38070 
39150 
42590 
43580 
37870 
39940 
38180 
37470 
39650 
37770 
39100 
38850 
36480 
38300 
37900 
36910 
40660 
37670 
38720 
36630 
37200 
39820 
38230 
40480 
37800 
37380 
39480 
38680 
37850 
39160 
37610 
39620 
39080 
38630 
36390 
39350 
37280 
40210 
37020 
37770 
36220 
36930 
40600 
37390 
37960 
37810 
37000 
39260 
38640 
39040 
37780 
40140 
38470 
39190 
38860 
37720 
38000 
39090 
38430 
37790 
38030 
38490 
38400 
39430 
39110 
39070 
36130 
36830 
39740 
38750 
37130 
39190 
39850 
40060 
39050 
37780 
40250 
38660 
39480 
39230 
39360 
39570 
37480 
37710 
39230 
36950 
38490 
36730 
37380 
39610 
36410 
38010 
39940 
37790 
40230 
37430 
37940 
36690 
36330 
38560 
39290 
37740 
39920 
42790 
41150 
40460 
37960 
37200 
37290 
39640 
38430 
38300 
37030 
36260 
37850 
38800 
39210 
38150 
37010 
37490 
39510 
39460 
39510 
37070 
38580 
38240 
38750 
37630 
38310 
40860 
39850 
41700 
36280 
36750 
37360 
37760 
38740 
36730 
39120 
37640 
38340 
42930 
39320 
36960 
38830 
39890 
40790 
38150 
38210 
36290 
37050 
39220 
39360 
37060 
41840 
36980 
40550 
38280 
37250 
37570 
36440 
40220 
37610 
38120 
36900 
36500 
38190 
40040 
37640 
38300 
38240 
37520 
40890 
41400 
38210 
38220 
38600 
39310 
38040 
38640 
37970 
35550 
40580 
38080 
37270 
38160 
38370 
39410 
38080 
38480 
38270 
37720 
37250 
39760 
37360 
37640 
36930 
37150 
40620 
37800 
38170 
36840 
38190 
44070 
49350 
40770 
38760 
36650 
39150 
38460 
37330 
36870 
37890 
38990 
38680 
37870 
37920 
38170 
37330 
38970 
35980 
38210 
36160 
37890 
39880 
37460 
38220 
38520 
38550 
38490 
40320 
37820 
39380 
36580 
38090 
38860 
36560 
37750 
37270 
39760 
38770 
37480 
38330 
38120 
37790 
40230 
38040 
37210 
38040 
37250 
40780 
36870 
38450 
38220 
37660 
37580 
37860 
37330 
37520 
38100 
38530 
39010 
36600 
36210 
37570 
38170 
39050 
35890 
37070 
37990 
39360 
40980 
38640 
41070 
38350 
36810 
40510 
37500 
40330 
38720 
36640 
41300 
38620 
37260 
37950 
37670 
38970 
39530 
35220 
38850 
36850 
40170 
38010 
36830 
37090 
36500 
38750 
40060 
38330 
37900 
36540 
38000 
40150 
39940 
42360 
41600 
38730 
38480 
38630 
36920 
38490 
37950 
40280 
37160 
37060 
37360 
38840 
40790 
38600 
38770 
37860 
37270 
38530 
39120 
40170 
38580 
37870 
36550 
39250 
40620 
37660 
37200 
38110 
37670 
39890 
36380 
37470 
36220 
39320 
38680 
36540 
37280 
36640 
39050 
38870 
36560 
36750 
38600 
37230 
40720 
37340 
35990 
37680 
36410 
41690 
37620 
37980 
37270 
35930 
38010 
39590 
37860 
39970 
38340 
38770 
37750 
38100 
38300 
38300 
39710 
38530 
37740 
39350 
40420 
38120 
40440 
39330 
37860 
37820 
39060 
43900 
41520 
38880 
37030 
37450 
39030 
37890 
37220 
37680 
37140 
40060 
38980 
37720 
39650 
38570 
37600 
37460 
37650 
35760 
38240 
36460 
38670 
36570 
37150 
37900 
35670 
45000 
38980 
37390 
39450 
37320 
40000 
39740 
37920 
37390 
36270 
39090 
38860 
38970 
38450 
36870 
37940 
39230 
38340 
37890 
37440 
37700 
38460 
37040 
40400 
37540 
37170 
41670 
39150 
38310 
37200 
36520 
39420 
37630 
37570 
36090 
37210 
38910 
37140 
38330 
38260 
36710 
39280 
37620 
37080 
37450 
36580 
37570 
38810 
39980 
37470 
36820 
37890 
39020 
39030 
45660 
39800 
38860 
38940 
39430 
37450 
37100 
38000 
37370 
40780 
38370 
37740 
38080 
38780 
42180 
37400 
37820 
37440 
38360 
38660 
41000 
37950 
38160 
38500 
40060 
37060 
36570 
37400 
37370 
39540 
37590 
36050 
37430 
37530 
38280 
38310 
37490 
37820 
36730 
39130 
37520 
36640 
38140 
37660 
38280 
40870 
38570 
42430 
37740 
37270 
39280 
37930 
37420 
37240 
37760 
37040 
38640 
37030 
36800 
37770 
38970 
38030 
39370 
37140 
37450 
38300 
38180 
37200 
37830 
37630 
40780 
42120 
37720 
37350 
39390 
35520 
40090 
38280 
36980 
37360 
37200 
37650 
39270 
37330 
38240 
37010 
39400 
38920 
37320 
38750 
36970 
39700 
38390 
36690 
38470 
39450 
37400 
39340 
37060 
37760 
36750 
36390 
43320 
37830 
38540 
38400 
38550 
38780 
38140 
41590 
36700 
37440 
38850 
38010 
40550 
36940 
38410 
40180 
38550 
39700 
39640 
39140 
39270 
39590 
37130 
37390 
36880 
37010 
39380 
38980 
38720 
37450 
36910 
39110 
39440 
36550 
38060 
36520 
39630 
40100 
36560 
36090 
36060 
38780 
38160 
38260 
38370 
38500 
41710 
41100 
36990 
37020 
39360 
37640 
41160 
38060 
38230 
37830 
38060 
38830 
38580 
36290 
36870 
35500 
40260 
39030 
38840 
37410 
37390 
39160 
40160 
39720 
39810 
36700 
35870 
39310 
36870 
36860 
37650 
36100 
40150 
39010 
38550 
36550 
36330 
38390 
37530 
37860 
35490 
39460 
39390 
36920 
36770 
39170 
36840 
39200 
38540 
38610 
51830 
37650 
36340 
38030 
38410 
38000 
38310 
47050 
42340 
39680 
38070 
36600 
37810 
38200 
37820 
40370 
41760 
42060 
39790 
40240 
37250 
37640 
37430 
42730 
39400 
36980 
36970 
38000 
36480 
38610 
41860 
39570 
37800 
37420 
39080 
36750 
37790 
38170 
36580 
37970 
38390 
36930 
41600 
37240 
40540 
39450 
36520 
38450 
37790 
40810 
38920 
40040 
38960 
37300 
37110 
41400 
38700 
38180 
37320 
37770 
40110 
37860 
38770 
36490 
36470 
39040 
38950 
38310 
37580 
38010 
38810 
39960 
39300 
37350 
41290 
39090 
38470 
37650 
37390 
38330 
36620 
39850 
38030 
38990 
37970 
37520 
39350 
37560 
37980 
38370 
37190 
39130 
38240 
35900 
38250 
36150 
37590 
39370 
36730 
39570 
37240 
38760 
38920 
35540 
37970 
39710 
38730 
39620 
37490 
37940 
37650 
37920 
40700 
38410 
37860 
37880 
40960 
39940 
38910 
37110 
37010 
37090 
40280 
39380 
40060 
36860 
37600 
38660 
38520 
37930 
38200 
36840 
38780 
41230 
38310 
37940 
40360 
36620 
38120 
38340 
37470 
37040 
37700 
38180 
39180 
27930 
47100 
37250 
38900 
53540 
38970 
38070 
40650 
37470 
39510 
37780 
36920 
37570 
37860 
40200 
35630 
36510 
36460 
37090 
39140 
37910 
37400 
37560 
36570 
37660 
38210 
39350 
38220 
37290 
40770 
40870 
36360 
39170 
36630 
39740 
38870 
35800 
36430 
37250 
36450 
38490 
36600 
37360 
35750 
38220 
38820 
37600 
37530 
37410 
38020 
39020 
39090 
37500 
37920 
38400 
41290 
37380 
38290 
37330 
37680 
37760 
40780 
37070 
38790 
37230 
38670 
39160 
38070 
37670 
38300 
37860 
43380 
38410 
37390 
37770 
37020 
39280 
40760 
37630 
37100 
38930 
37720 
37830 
37550 
37870 
37660 
38580 
38820 
36750 
38740 
36630 
37190 
38280 
38170 
37310 
37740 
36840 
39090 
36040 
37440 
37230 
36760 
37900 
38670 
35660 
40650 
37200 
38750 
40430 
38160 
38250 
37340 
40190 
39190 
37780 
37890 
37070 
38500 
51720 
49640 
40540 
38950 
36880 
39710 
37880 
39130 
37750 
36630 
40160 
39120 
39630 
37830 
37680 
38830 
37890 
38010 
37120 
37670 
37590 
38290 
40990 
42530 
38260 
36260 
40220 
40490 
38910 
37880 
36650 
39620 
38550 
40820 
39230 
36940 
38630 
40390 
42540 
38930 
37880 
38170 
38030 
40720 
43210 
38790 
38570 
38760 
40620 
41470 
38540 
37090 
40380 
36750 
43000 
41600 
38020 
41460 
39870 
42460 
39880 
38850 
38980 
38900 
38040 
41920 
38220 
38930 
38870 
36790 
41280 
38680 
39220 
38770 
37890 
37930 
39600 
37970 
39090 
37940 
37490 
40400 
38580 
40530 
38900 
38350 
38200 
37430 
40390 
38660 
38660 
41880 
39360 
38880 
39390 
38040 
37460 
38720 
39900 
39510 
36570 
37850 
37480 
38370 
39810 
36250 
36900 
37390 
36220 
42120 
37810 
37410 
37840 
39300 
39840 
37940 
37950 
38390 
35200 
38550 
37470 
37180 
37250 
36820 
37770 
38020 
36690 
37650 
36720 
37290 
38200 
36140 
37690 
40090 
36900 
40770 
38190 
36790 
38390 
37770 
37920 
38070 
37670 
37370 
37020 
39460 
37600 
38560 
37460 
36320 
38520 
38170 
38570 
36880 
39300 
38390 
39690 
38770 
36430 
37680 
39370 
40400 
37680 
38920 
38570 
37240 
39210 
39420 
37400 
37400 
37770 
38450 
37750 
38970 
38700 
38470 
38200 
38550 
36100 
38480 
36580 
37880 
38190 
37430 
38270 
37200 
37670 
41160 
37350 
40110 
36830 
35530 
41980 
37980 
37840 
38010 
35750 
39860 
37510 
37660 
37090 
36970 
37140 
38260 
37350 
37940 
37590 
38310 
40970 
38260 
37500 
37040 
37210 
39660 
39950 
37030 
35860 
36920 
37130 
38620 
36830 
37070 
36410 
38430 
38630 
37030 
37710 
38070 
37820 
38130 
36590 
37690 
38470 
37720 
42070 
38420 
38460 
36250 
37390 
41010 
36140 
36760 
37020 
35690 
39500 
41990 
36660 
37810 
36670 
40250 
37220 
37700 
38320 
36940 
44180 
38830 
44710 
45800 
39270 
38660 
39910 
36400 
38220 
36520 
39450 
39840 
38250 
37590 
37260 
36480 
39440 
38800 
38000 
37380 
37890 
39410 
38380 
36400 
37790 
37700 
39980 
37920 
54030 
40800 
37700 
37590 
38430 
38900 
38430 
39050 
38280 
40330 
38190 
41230 
38250 
36110 
38030 
38260 
36560 
36350 
37920 
38540 
37790 
37880 
37950 
38930 
39170 
39650 
38570 
