124490 
63990 
53690 
50290 
59830 
53010 
52130 
101160 
94830 
76440 
68870 
47870 
45670 
47790 
47590 
48920 
49000 
46390 
44980 
46490 
49090 
47610 
45080 
46580 
47530 
48640 
43290 
49310 
44210 
48050 
48570 
48570 
46300 
44500 
51480 
50100 
50620 
48270 
45470 
77830 
68120 
64500 
61190 
58940 
60350 
60260 
67340 
58810 
58440 
57680 
60880 
65690 
61600 
58610 
61930 
60670 
65750 
62470 
57940 
59560 
61930 
61370 
65330 
58870 
62280 
64400 
49040 
46490 
48670 
46290 
47100 
44340 
50700 
52440 
48000 
45040 
94960 
80200 
61550 
50070 
41280 
49500 
48360 
43440 
42810 
42370 
49330 
46460 
48770 
43800 
44670 
46150 
47960 
46320 
44270 
42770 
45720 
43760 
47830 
43190 
44920 
45760 
51110 
49380 
43540 
44140 
50270 
78800 
66090 
58770 
58140 
57240 
62770 
59090 
61460 
62460 
59650 
62960 
64750 
63930 
58720 
58880 
60910 
59960 
62800 
61710 
57260 
59150 
62130 
64170 
61070 
62380 
63390 
70610 
51990 
45870 
45460 
46040 
49570 
60690 
49040 
46520 
49120 
48700 
95010 
87750 
68040 
58070 
45560 
45260 
47240 
41030 
44190 
43590 
50140 
49390 
43350 
46310 
44900 
46690 
48400 
43140 
44380 
42790 
49370 
45340 
51400 
43260 
42680 
45930 
46160 
49030 
45570 
43850 
49170 
48470 
80530 
61860 
60550 
60710 
63040 
62240 
64040 
57610 
57150 
63590 
66120 
65630 
61560 
58930 
64280 
61690 
64140 
62690 
62060 
60390 
60640 
63600 
58660 
56550 
63450 
60610 
67240 
46690 
44390 
44930 
46870 
51430 
48420 
42890 
49490 
49070 
50270 
86190 
83910 
66320 
53620 
42690 
46910 
43420 
45580 
45150 
46440 
44680 
43180 
43790 
43440 
44780 
49220 
46040 
43360 
43060 
51550 
48020 
44880 
42830 
41990 
49130 
49940 
47820 
45910 
44850 
50150 
44980 
65630 
63620 
59710 
61140 
64190 
61930 
59560 
58930 
60380 
60090 
63400 
60570 
58400 
59250 
64540 
66650 
61440 
60220 
59470 
66400 
63330 
62200 
62370 
61300 
60240 
58940 
62300 
60500 
44190 
45220 
47050 
49220 
46120 
43670 
47840 
53300 
52620 
46470 
87210 
74120 
63600 
53590 
47010 
44410 
44510 
47230 
49850 
45640 
45490 
45360 
45920 
46250 
46000 
45010 
46150 
44970 
46990 
46480 
44160 
42660 
45090 
45680 
50200 
44620 
54090 
46110 
47920 
49640 
45640 
77270 
60270 
64090 
65950 
66540 
61330 
56840 
62920 
60370 
65760 
58670 
58060 
61840 
62610 
65050 
59190 
60400 
63770 
61160 
63380 
65870 
61200 
61970 
61070 
63020 
62280 
65780 
46660 
49420 
47260 
50190 
45770 
43650 
45950 
52930 
50530 
44600 
86400 
81950 
64140 
58310 
42860 
46880 
46020 
45090 
50600 
45040 
43860 
45470 
44990 
49220 
48120 
46040 
44660 
68130 
51080 
46700 
44970 
42580 
47970 
46660 
49520 
45910 
46200 
46030 
48160 
48190 
47970 
45340 
78400 
65840 
69380 
62580 
57990 
59150 
62350 
64100 
62640 
59110 
58710 
64780 
63100 
62160 
58650 
59250 
63430 
63180 
64180 
58830 
59760 
60900 
62970 
63830 
60690 
57190 
65100 
49590 
48800 
46710 
46220 
46580 
46620 
49940 
50330 
48430 
45880 
86440 
78850 
61080 
45760 
45030 
47550 
46120 
46900 
42930 
44620 
43490 
47400 
46030 
44180 
45170 
51520 
47630 
49180 
45910 
43400 
44750 
47370 
46840 
45460 
47190 
46360 
51280 
50550 
45770 
44750 
44460 
77290 
62960 
67090 
63210 
58910 
61210 
62400 
62750 
59700 
76000 
63580 
62240 
62570 
61960 
63000 
63250 
63170 
61850 
62340 
60320 
60070 
63620 
62460 
63380 
58290 
58950 
67190 
51700 
47330 
44990 
46770 
48190 
47880 
47060 
57170 
46950 
44830 
86510 
84900 
66920 
62100 
47680 
50980 
49800 
46250 
44740 
42860 
47970 
47060 
46170 
43700 
42710 
46240 
45830 
46920 
43440 
43700 
44380 
48800 
47070 
47740 
45030 
46430 
46620 
49510 
48130 
46240 
46050 
48180 
77050 
62840 
57830 
57500 
65000 
62430 
63060 
58890 
58870 
63800 
60700 
63500 
59470 
58620 
60250 
61300 
67240 
57210 
57410 
60410 
63350 
68180 
61880 
58990 
62540 
62270 
66230 
48560 
43910 
46380 
49630 
50600 
46860 
45870 
49120 
50310 
47500 
86530 
79510 
59640 
51400 
51110 
48310 
44040 
44530 
46090 
47420 
48230 
43790 
43390 
43600 
50360 
47990 
43930 
44440 
42930 
47390 
46330 
43550 
44140 
43510 
49340 
45940 
51590 
46090 
43880 
51330 
49790 
75930 
62830 
59410 
62290 
62880 
64540 
59880 
61490 
58960 
62630 
63400 
61050 
58200 
59750 
65230 
62240 
64360 
59470 
58450 
62480 
60490 
62790 
61670 
60400 
62990 
62910 
69370 
48920 
45800 
45330 
46090 
49020 
44900 
42950 
47330 
52150 
50540 
89010 
85560 
67820 
63400 
50600 
46720 
43090 
44460 
47350 
45680 
46860 
42920 
48520 
46710 
47740 
48950 
43820 
46170 
46350 
47420 
47710 
44030 
43580 
44310 
47100 
48660 
47890 
46260 
44750 
49450 
48360 
47180 
75900 
61050 
65120 
60320 
64460 
65710 
59510 
61670 
61780 
64990 
59420 
58710 
61120 
61530 
62000 
64470 
58580 
60110 
62750 
61320 
63860 
58860 
59830 
64170 
61750 
62990 
64190 
46260 
47900 
46650 
53460 
47980 
44460 
47870 
55120 
53040 
44630 
86710 
79990 
65160 
57030 
45030 
44570 
44900 
45330 
46790 
45210 
44450 
42870 
47410 
48330 
45770 
46920 
46270 
48070 
49650 
46180 
43130 
42740 
44440 
50830 
48510 
45730 
46620 
46210 
46400 
50030 
45540 
65280 
63570 
63010 
64670 
66380 
59450 
57530 
65350 
62500 
64350 
58960 
59580 
64780 
60540 
61230 
58430 
62350 
64600 
62970 
63520 
59630 
58740 
61750 
63540 
66500 
59080 
57000 
56440 
48440 
50960 
47800 
46820 
45480 
47750 
51160 
49910 
49980 
64540 
88400 
72590 
64590 
48290 
47400 
46450 
48390 
47010 
43360 
43540 
47980 
46890 
48680 
45080 
45050 
43530 
47850 
47480 
44360 
44340 
43710 
48100 
45690 
45900 
46960 
48060 
50510 
48310 
49490 
46600 
48280 
75860 
64190 
62990 
60980 
60140 
63220 
60990 
65110 
61110 
59130 
61080 
63100 
62560 
61010 
57660 
60650 
66750 
66220 
64250 
61280 
59880 
62630 
63470 
69280 
60200 
58450 
64980 
49050 
46470 
48100 
47310 
48450 
44520 
49030 
52640 
47960 
48390 
88360 
83680 
67010 
52420 
46930 
49020 
50200 
50960 
46000 
46340 
50080 
47140 
47690 
46170 
47400 
46850 
47490 
48370 
45840 
46520 
45960 
47730 
49060 
44730 
46550 
47330 
51550 
49240 
47000 
49760 
47120 
60560 
73220 
62190 
62140 
58090 
64290 
61630 
63690 
62170 
60650 
64570 
63340 
67110 
60310 
61870 
63520 
63670 
62110 
63200 
61340 
62670 
63620 
65520 
67930 
64760 
65420 
64360 
66560 
62370 
47630 
49620 
50780 
50490 
49200 
48600 
50730 
48920 
48350 
88120 
73050 
63480 
48810 
48300 
50570 
44790 
46030 
44520 
46320 
49730 
49140 
45460 
44090 
51050 
49180 
48290 
48690 
46190 
47730 
46630 
46300 
44970 
43490 
47630 
48160 
50580 
47340 
46150 
46320 
47610 
79680 
66000 
62560 
62870 
63490 
66820 
62460 
60380 
62990 
67970 
66610 
65440 
63400 
65080 
67460 
66170 
65480 
61140 
59530 
64460 
63730 
67270 
60050 
57530 
62580 
62500 
70220 
47150 
44960 
45550 
51880 
50670 
48080 
47710 
59250 
52560 
53550 
87050 
83680 
62180 
62030 
47600 
48900 
47310 
47110 
46870 
47160 
48270 
44020 
45320 
44500 
47180 
48030 
44590 
44680 
45280 
48010 
48770 
52040 
46010 
45410 
50630 
50470 
50170 
52570 
47290 
52300 
48490 
48510 
80250 
62310 
66430 
65060 
63710 
62290 
63770 
62790 
65730 
67720 
61430 
67860 
64430 
65930 
65430 
67720 
61590 
68140 
66410 
68400 
65880 
59750 
64020 
64920 
61920 
63480 
63160 
46160 
48660 
50380 
50350 
46860 
50310 
48830 
51060 
53790 
51370 
87690 
78010 
64120 
56090 
52130 
46650 
46650 
49710 
50070 
46420 
48920 
45880 
49030 
45820 
45970 
46510 
42730 
44740 
46280 
46120 
47670 
49900 
46720 
46410 
52590 
47860 
48970 
47840 
52800 
49320 
47610 
77550 
63510 
66760 
67340 
65530 
66840 
66220 
69230 
62970 
68370 
60430 
61210 
63010 
66220 
64140 
61530 
60030 
62800 
64030 
68550 
63440 
59690 
68210 
67220 
67500 
62730 
67290 
47670 
47520 
48810 
48300 
47170 
45210 
46090 
53210 
51760 
46920 
89370 
82980 
72110 
63610 
44940 
46170 
48090 
46540 
48440 
43990 
48570 
44940 
47640 
49250 
45880 
45540 
43090 
46720 
52900 
47370 
45430 
43770 
47000 
45620 
47420 
46780 
45320 
48380 
48720 
48740 
45470 
46560 
79740 
68720 
67750 
63700 
66290 
64060 
67710 
65180 
62980 
63240 
59560 
65990 
66790 
69340 
62730 
62320 
63970 
62440 
65700 
60820 
61210 
63900 
67140 
66380 
61070 
62590 
66730 
48810 
51490 
51810 
47800 
47580 
48290 
50530 
52650 
47520 
45770 
92300 
79770 
62540 
51780 
44100 
47620 
46540 
46990 
44530 
43410 
46530 
46950 
47210 
44620 
44760 
46190 
47770 
52180 
45550 
46830 
44760 
46240 
46910 
45100 
47580 
45030 
51390 
51550 
49520 
46580 
45830 
80080 
65440 
67460 
65830 
61340 
62330 
65250 
65270 
65520 
61480 
64450 
64710 
68020 
64860 
61380 
64390 
67800 
65420 
65920 
63830 
60980 
64590 
66820 
64560 
60130 
62180 
69730 
49490 
46810 
44180 
46410 
48020 
51430 
54500 
53040 
48360 
54590 
96040 
88850 
71230 
62450 
45610 
47370 
49380 
46350 
45020 
44280 
47890 
50060 
46790 
45190 
46160 
47530 
46210 
47220 
45400 
43960 
45190 
47530 
46560 
45380 
44230 
53250 
48480 
52500 
47650 
45740 
46440 
49970 
80710 
64630 
63920 
61970 
66880 
68850 
64660 
60680 
61640 
66550 
65390 
67290 
60670 
62080 
68420 
67800 
68960 
65380 
66680 
66120 
63180 
67380 
61900 
63730 
62720 
64520 
66630 
48410 
46100 
45980 
51700 
50990 
46570 
46010 
50330 
51440 
47640 
86190 
83210 
71580 
54720 
48200 
50300 
48450 
46330 
49590 
46930 
49090 
46570 
55470 
51240 
48880 
51230 
48810 
45830 
44180 
49060 
48790 
46700 
44340 
43560 
50620 
50430 
52450 
54210 
51200 
50310 
51180 
79840 
64120 
62180 
65000 
62590 
68020 
63010 
60680 
62250 
67940 
68320 
64720 
62120 
62110 
65740 
66740 
65370 
59920 
60810 
63480 
62250 
64540 
67770 
61580 
63680 
71430 
72310 
49000 
42570 
45130 
48740 
54430 
45600 
43920 
47890 
52600 
49530 
87950 
94070 
77990 
64480 
51260 
47690 
44390 
43990 
49500 
51490 
50270 
44730 
44940 
46200 
53090 
49810 
48610 
45190 
45640 
46650 
48380 
43900 
44470 
44130 
48110 
49400 
47160 
48280 
47530 
49120 
49510 
46930 
80070 
63590 
67730 
68270 
69400 
63930 
63820 
67130 
66680 
64390 
62730 
61140 
64450 
64850 
67160 
64850 
62850 
62560 
65130 
64190 
63070 
61080 
63820 
64580 
67230 
64350 
65490 
46890 
48090 
46280 
53210 
46080 
49800 
46250 
55190 
51810 
46150 
91140 
82540 
67700 
58640 
45320 
45230 
43610 
45840 
47030 
46410 
46000 
44300 
47370 
47550 
43750 
44600 
42320 
48520 
48430 
47140 
50030 
45090 
45470 
47470 
48970 
48480 
47560 
49420 
47260 
49540 
46490 
62220 
65100 
67690 
65230 
65410 
61550 
61870 
64990 
66560 
65080 
60350 
63120 
71470 
64140 
70490 
64580 
61350 
64460 
64720 
67560 
61010 
59220 
64020 
63890 
72220 
62470 
60050 
59990 
48770 
48750 
50380 
46510 
45600 
49060 
53360 
51330 
48940 
62530 
91080 
74210 
66650 
45520 
45580 
45040 
48730 
49630 
45690 
44120 
46600 
46460 
52310 
44660 
43500 
44900 
46730 
46310 
45160 
44860 
45110 
48440 
50600 
46980 
49570 
48360 
52130 
51450 
50250 
47250 
46160 
79960 
67740 
65960 
62700 
60440 
62730 
64680 
67580 
62340 
60970 
63260 
64270 
66480 
63980 
60840 
62850 
64040 
68370 
62460 
63050 
62760 
69710 
63630 
67710 
61890 
63300 
65780 
51080 
49400 
45250 
47260 
68050 
52770 
52550 
52190 
48610 
47830 
92750 
89400 
68090 
54730 
44750 
47370 
51030 
46230 
47130 
47300 
50300 
47800 
45260 
45870 
45300 
45930 
49090 
47150 
44850 
47150 
46350 
46900 
52510 
44590 
47010 
46560 
51530 
52730 
48400 
46250 
46420 
64320 
73260 
62910 
68330 
64980 
65350 
62840 
64470 
61760 
61580 
64580 
64820 
64430 
62270 
60610 
63380 
67090 
66950 
62550 
60860 
60690 
69460 
67470 
63830 
73920 
68290 
64670 
64730 
48900 
52050 
47500 
50510 
48280 
49210 
46390 
49520 
47400 
49240 
87610 
72760 
59990 
47820 
46020 
49260 
44260 
46000 
45570 
46310 
48620 
46950 
46370 
43870 
47010 
48240 
49710 
45520 
44770 
47170 
47150 
46310 
45210 
44520 
47570 
49140 
50710 
47780 
46340 
48770 
47760 
85020 
64350 
62810 
62720 
66980 
65750 
64660 
61920 
63230 
64340 
73830 
66560 
61040 
61140 
66580 
64340 
68710 
61910 
61510 
63910 
63790 
66000 
63240 
60190 
63700 
62720 
68780 
50230 
45480 
44640 
50610 
52570 
49000 
44090 
53970 
53200 
51010 
89700 
84160 
63460 
61220 
47150 
48570 
44410 
45750 
46740 
46220 
48010 
44320 
45300 
44320 
46990 
48780 
42820 
43750 
45910 
49830 
48380 
45970 
47060 
50000 
49980 
49500 
48610 
46130 
46550 
48860 
46820 
51460 
76940 
60630 
64490 
63970 
65490 
61920 
63070 
64890 
63280 
66240 
61460 
62420 
62220 
66960 
64830 
63190 
60320 
67300 
65530 
65840 
65070 
63030 
63480 
66600 
63980 
65810 
62880 
48310 
45890 
49080 
52760 
50470 
45710 
48440 
52430 
54700 
46830 
90310 
75130 
64510 
50740 
49220 
51390 
47020 
46890 
47200 
45960 
46140 
44870 
47410 
45790 
46430 
44560 
44150 
46730 
46910 
47680 
45250 
43640 
49390 
46780 
53300 
49550 
48990 
47110 
50270 
48000 
50060 
78750 
62760 
66420 
66690 
64750 
62160 
59630 
66940 
64590 
66800 
62210 
60630 
62730 
73610 
72010 
61960 
60960 
62570 
64520 
68670 
61360 
63550 
62960 
63900 
69190 
63860 
64650 
47610 
46660 
48560 
48180 
44920 
45790 
47410 
51890 
50330 
46210 
90850 
83880 
63830 
60420 
43920 
44230 
45330 
48530 
51330 
45870 
45960 
45990 
50460 
48500 
46880 
45830 
44550 
48860 
48670 
45200 
44440 
43320 
48100 
48830 
49340 
45810 
50820 
48580 
50960 
48960 
46410 
45380 
79460 
67600 
70500 
69900 
63490 
62870 
67060 
64990 
61540 
61270 
61540 
63400 
65500 
63850 
61540 
61070 
68810 
67550 
66820 
62320 
60480 
62770 
66580 
68250 
62390 
62270 
66590 
54070 
50980 
50020 
46810 
51290 
47110 
50150 
50340 
47920 
46930 
94030 
78790 
60660 
46680 
46620 
47290 
48300 
47430 
46280 
45920 
47990 
49680 
46120 
46320 
49900 
47280 
47180 
48700 
46320 
48200 
44960 
57890 
50740 
46600 
49980 
48330 
51260 
51670 
47600 
49100 
46030 
82570 
65730 
65520 
63020 
65190 
65000 
67470 
65950 
62890 
62650 
69940 
69710 
67930 
67860 
64360 
64110 
65610 
82760 
67750 
61750 
63400 
66490 
69390 
65610 
64460 
64180 
69150 
54640 
49420 
44810 
50410 
50610 
50320 
48840 
55700 
52220 
50440 
91400 
90160 
69560 
59050 
60560 
