128000 
116820 
114540 
114680 
115410 
112340 
115060 
116410 
108030 
112780 
117150 
111620 
101230 
101880 
90630 
101310 
115300 
87460 
85760 
79360 
78350 
79180 
82460 
84150 
88420 
84970 
84770 
87910 
83060 
86670 
86900 
87220 
81180 
85610 
79790 
81830 
79720 
84940 
84890 
87040 
85010 
86140 
78830 
82000 
74380 
57480 
55260 
57360 
55470 
58400 
53270 
55370 
78030 
83000 
87880 
84040 
84340 
83190 
88430 
84640 
87490 
87990 
88020 
80970 
82290 
85460 
87060 
85350 
79880 
84250 
85970 
84990 
84730 
81880 
86380 
85800 
84890 
84840 
88550 
85750 
87020 
82420 
84250 
85270 
82230 
86150 
85780 
85860 
86600 
81390 
80700 
81710 
78800 
89150 
85590 
86520 
86680 
85920 
80160 
80230 
77540 
86290 
85510 
79770 
83780 
86540 
88350 
86020 
83020 
84990 
88430 
80560 
78240 
76630 
80800 
87510 
82450 
80090 
79340 
77570 
86620 
77650 
79700 
80790 
79260 
78970 
88720 
86410 
77440 
78150 
83290 
83700 
80950 
82950 
78720 
79210 
82510 
84530 
85130 
85150 
84320 
81230 
85390 
84520 
91470 
84380 
84760 
87580 
87580 
84140 
82070 
81550 
86170 
86140 
86990 
86880 
82120 
82300 
88850 
84670 
85250 
83800 
81900 
78910 
81760 
82100 
85990 
78850 
79730 
79570 
78960 
86700 
82960 
84230 
89000 
88030 
80450 
82550 
81450 
83130 
82350 
77490 
48170 
41050 
42590 
41250 
40980 
42130 
41850 
42090 
40170 
42300 
40700 
41850 
40500 
43250 
39510 
39290 
43200 
47070 
44700 
42880 
44420 
43370 
39590 
45800 
43140 
45200 
41540 
41460 
41860 
40500 
80640 
79640 
79780 
89040 
85950 
79530 
80350 
78900 
90350 
88000 
87290 
87030 
88230 
87200 
86000 
86770 
87200 
83970 
82910 
84630 
86260 
86950 
85660 
84420 
87060 
88480 
88040 
86320 
87870 
85960 
79180 
84410 
87490 
87310 
83400 
85750 
87260 
88770 
86870 
82980 
84610 
84210 
87670 
86950 
81070 
86240 
86030 
86490 
85500 
86030 
87580 
88540 
80990 
84220 
86940 
87120 
84270 
82570 
86400 
85790 
85820 
82600 
81750 
80480 
88010 
85540 
83240 
87650 
86310 
86750 
80040 
82210 
78030 
80670 
86560 
87740 
87660 
88060 
83150 
79650 
79500 
80890 
82790 
91150 
78550 
81240 
80500 
88040 
79520 
85530 
86400 
86330 
87550 
87760 
91080 
89250 
87020 
86900 
85360 
85860 
88870 
82130 
83220 
82280 
81160 
87540 
80630 
80760 
85010 
81030 
81130 
83950 
82000 
81720 
79750 
81380 
85440 
88060 
88740 
88390 
81400 
85370 
86910 
86280 
87500 
85710 
85570 
89430 
88580 
80810 
86320 
81080 
81180 
89600 
82940 
82320 
83460 
82360 
78530 
88780 
82910 
80610 
82370 
79610 
87260 
77790 
81060 
46610 
89800 
80330 
79000 
84380 
87060 
86420 
85560 
85010 
85170 
80090 
84920 
86480 
83510 
78840 
76750 
86500 
88060 
88540 
87920 
80550 
84730 
86900 
86850 
88790 
86200 
85620 
80140 
87910 
79230 
79040 
87260 
85800 
86600 
85460 
88080 
88400 
88140 
87400 
83550 
87670 
89140 
86980 
87870 
85240 
89200 
87650 
87430 
88420 
82470 
80310 
81420 
86080 
83100 
81830 
80810 
83790 
79090 
88440 
86790 
85610 
87430 
86000 
87800 
87660 
88000 
89080 
82320 
82980 
82510 
83850 
80730 
82400 
79320 
82180 
78170 
86220 
85470 
85480 
88100 
91290 
88150 
84830 
86970 
90020 
86260 
87010 
88770 
79770 
87260 
87540 
89140 
80140 
82990 
77760 
93400 
88900 
88030 
88100 
85890 
89170 
90010 
88980 
87440 
86970 
87030 
91820 
90930 
86400 
90090 
86400 
91290 
86790 
88330 
86610 
89520 
92060 
87820 
86590 
80500 
50380 
48470 
48740 
47550 
46230 
47110 
46190 
47710 
48070 
45610 
46860 
44990 
46350 
46510 
45400 
46050 
47230 
46190 
45600 
47220 
46220 
46800 
49360 
49970 
50130 
88820 
80430 
84700 
90260 
85840 
89310 
86860 
89250 
88890 
83960 
86150 
85970 
86140 
81450 
87670 
87140 
88790 
89790 
86580 
88020 
86530 
85950 
88800 
89110 
89180 
88360 
84970 
90470 
87480 
82640 
87510 
89030 
86790 
82150 
86660 
88310 
85320 
82230 
85450 
88440 
87300 
78340 
80710 
79970 
91540 
85150 
83800 
78060 
82960 
85070 
87770 
88460 
86810 
85370 
89490 
91580 
89180 
89870 
82130 
92590 
83120 
80830 
84980 
82180 
57080 
49100 
44550 
44410 
55260 
91780 
83190 
82990 
85000 
87430 
89190 
82760 
87690 
87220 
86700 
89890 
88300 
84010 
88770 
87030 
85370 
88170 
88890 
81010 
79950 
78920 
76560 
82410 
79550 
82340 
83010 
79590 
87300 
89410 
90000 
90480 
90970 
80950 
81900 
81470 
79750 
92900 
92180 
88820 
84340 
89370 
88280 
86520 
83060 
84160 
91640 
78460 
81230 
79310 
83210 
81580 
87720 
89650 
93720 
79850 
80810 
78810 
91890 
87440 
87970 
88490 
91180 
86320 
90330 
87250 
89040 
83980 
81530 
83720 
79550 
89530 
83290 
80340 
83850 
79570 
79040 
89280 
88690 
89300 
79140 
85300 
82110 
83160 
93160 
85840 
80120 
80510 
77740 
86830 
93260 
89110 
84670 
88210 
90470 
94690 
79220 
80450 
83880 
86350 
92790 
87370 
91860 
89480 
92110 
90150 
80970 
81350 
84820 
83500 
87470 
89110 
92810 
90040 
90340 
84570 
86180 
80840 
79030 
92570 
88860 
86730 
89580 
92430 
92530 
87910 
91460 
88460 
87900 
81510 
83830 
84060 
79720 
96910 
90590 
84810 
90380 
93290 
83080 
80630 
85930 
80390 
85910 
86380 
90330 
91090 
90450 
90310 
87710 
90240 
90270 
77020 
80670 
81430 
82100 
89120 
90120 
91950 
93360 
89330 
89640 
89510 
92320 
88760 
84500 
89430 
90710 
89110 
81790 
88600 
92140 
88600 
93020 
81450 
83230 
80470 
81220 
79410 
84420 
79380 
83270 
81440 
87750 
93170 
81320 
80830 
80810 
82220 
77950 
91940 
89740 
89510 
93020 
89440 
86500 
89760 
94400 
90000 
79110 
85210 
80890 
79320 
92480 
86540 
81270 
87240 
88660 
89400 
90720 
82500 
80300 
80770 
87630 
87420 
81630 
79810 
81810 
82850 
80960 
91650 
85630 
82410 
85780 
82880 
77330 
89650 
88360 
90020 
90990 
78100 
80470 
88470 
91620 
87330 
88200 
92700 
92460 
79870 
80490 
80890 
81500 
92510 
86970 
90110 
90720 
90700 
90070 
93760 
93080 
92200 
87430 
90390 
91330 
91770 
86040 
84620 
92330 
91770 
86820 
82670 
82200 
81070 
79840 
87980 
89180 
91420 
90320 
94190 
79030 
84660 
84590 
80430 
90560 
82180 
82300 
83550 
81060 
80260 
93070 
87680 
94560 
91150 
93700 
81790 
93690 
80100 
81440 
82470 
81710 
90010 
90150 
89830 
85050 
80160 
80290 
83620 
84100 
89220 
91860 
93130 
90060 
81380 
86940 
88080 
78480 
85220 
83330 
84000 
84530 
82490 
79740 
82830 
80610 
94680 
93480 
89050 
90340 
94220 
79280 
90860 
89930 
89350 
89870 
88130 
89020 
83700 
85200 
92950 
94420 
88520 
93440 
87180 
96440 
89310 
92060 
85790 
91830 
91400 
82730 
79840 
81070 
81860 
93910 
89900 
78710 
81550 
84470 
87010 
90790 
89120 
79910 
81720 
85800 
83840 
93010 
79620 
90350 
90440 
84630 
81080 
84250 
91900 
93280 
81500 
77670 
84600 
82160 
77570 
47000 
42390 
60690 
92650 
80010 
79060 
82620 
85290 
80770 
87400 
86240 
82350 
78390 
82180 
82860 
93200 
93770 
92570 
90060 
93140 
82600 
82230 
81270 
91290 
85040 
82820 
80820 
79830 
85400 
88690 
91670 
93080 
91330 
93600 
96860 
92650 
93990 
84890 
80850 
80740 
89230 
81520 
83860 
84410 
86640 
86020 
85900 
93590 
79030 
80930 
84110 
79230 
86490 
94330 
93760 
89070 
90540 
89190 
93270 
95340 
92130 
92380 
96500 
92850 
93100 
91120 
93160 
94520 
83580 
78230 
80470 
84690 
94320 
83900 
81980 
81170 
78410 
79680 
96830 
89870 
91180 
85570 
79120 
79760 
82500 
91940 
82930 
78290 
83090 
82260 
80020 
93480 
91340 
90320 
91980 
89500 
93300 
92710 
91600 
91710 
94100 
86030 
94590 
92850 
95440 
82680 
93560 
93560 
90990 
80620 
89620 
95370 
93530 
88570 
90820 
91160 
92160 
76340 
82830 
78180 
82930 
92870 
92660 
92190 
78050 
81910 
79440 
83210 
95290 
82470 
81820 
80260 
80350 
84520 
94190 
92610 
92360 
81750 
78380 
83530 
77430 
47370 
42770 
43930 
43100 
43030 
41030 
41790 
39960 
42940 
42550 
41060 
41520 
43320 
43640 
43190 
41300 
41940 
44370 
44270 
43030 
43010 
44040 
43400 
72450 
90670 
81140 
90910 
91380 
92290 
92310 
87750 
95530 
92230 
94100 
90960 
82670 
82720 
80110 
96130 
92260 
90840 
88780 
95520 
93860 
92300 
92790 
94340 
91300 
85320 
82910 
85540 
83370 
96840 
96340 
88420 
91780 
94220 
93620 
90410 
94160 
99400 
96100 
93270 
95860 
92790 
91750 
91340 
93460 
93430 
83760 
84250 
85750 
90730 
95670 
96570 
82420 
84040 
77550 
84310 
94030 
94240 
94690 
92370 
94820 
85710 
86140 
91310 
95860 
93800 
82850 
84650 
82960 
81050 
92730 
93970 
95390 
94090 
93000 
95740 
78960 
93540 
96160 
84910 
93030 
82050 
78600 
83500 
81600 
93550 
83000 
76400 
84160 
78330 
81790 
86700 
79510 
83480 
80790 
78140 
79880 
92650 
95700 
90890 
99830 
98860 
95260 
93240 
95790 
97060 
94050 
82150 
83560 
80710 
84760 
99190 
94040 
91960 
93820 
95380 
85290 
84260 
77340 
80840 
86270 
93160 
96270 
96420 
89250 
96140 
94800 
97470 
94440 
88970 
90620 
97200 
92510 
84870 
95440 
95460 
95540 
82230 
80790 
74620 
83850 
82550 
82720 
89670 
92110 
84170 
87620 
91750 
93960 
95080 
81620 
83750 
79380 
94580 
84210 
79470 
86090 
81550 
83040 
91860 
92220 
94380 
95600 
95520 
82690 
78660 
84310 
88440 
83140 
99630 
83660 
84610 
79410 
84710 
82380 
99940 
93110 
95440 
87080 
96380 
100060 
96620 
85930 
95120 
95060 
94240 
79480 
90180 
95780 
94760 
92650 
93870 
94220 
79750 
88330 
80220 
83630 
92930 
93570 
96500 
82060 
91540 
93590 
96080 
97280 
93350 
89880 
93610 
93780 
94240 
98430 
99000 
96290 
95170 
89510 
78890 
86430 
81310 
101310 
85660 
88170 
81740 
83230 
82430 
98190 
94830 
95240 
95520 
80640 
86180 
88840 
87330 
95150 
93300 
96110 
93970 
91210 
94960 
78110 
81070 
84300 
82190 
99560 
79100 
83800 
85610 
86300 
85620 
91690 
99930 
97250 
98550 
97650 
94770 
94920 
96490 
98060 
94260 
95430 
97090 
92410 
97760 
95780 
78490 
80090 
85990 
98740 
97090 
93660 
78640 
96320 
95890 
97350 
78430 
86430 
97670 
96290 
95040 
93510 
96120 
99840 
94450 
93250 
94470 
93570 
96720 
86130 
86830 
80670 
86270 
82240 
94510 
83680 
75790 
80830 
79490 
79360 
78980 
97370 
96060 
94940 
93960 
97710 
93890 
97520 
79980 
83880 
88830 
82000 
100480 
95980 
96240 
85500 
90720 
91490 
95600 
82810 
85040 
96810 
89100 
91400 
92800 
94800 
89450 
99960 
96030 
95640 
93180 
78850 
80370 
78460 
94770 
98000 
99450 
94000 
84340 
97850 
91160 
80430 
92090 
93240 
97150 
99130 
83740 
82200 
80850 
80050 
91540 
93730 
79040 
92100 
95650 
96060 
83870 
81590 
79900 
92670 
81850 
82050 
81950 
82070 
83620 
89230 
96310 
97480 
87540 
100350 
95330 
96450 
79710 
80390 
84560 
81560 
88150 
83570 
80560 
80020 
84580 
79000 
82480 
97930 
87210 
91960 
78680 
81970 
81560 
80060 
99060 
84060 
81840 
82730 
83630 
79400 
81790 
94130 
91690 
93040 
91780 
99240 
81520 
87130 
91650 
95400 
96060 
98900 
83960 
84700 
83890 
86570 
89990 
95640 
101130 
98590 
87350 
89130 
97670 
96750 
94140 
97330 
99330 
99150 
99660 
79030 
92870 
98820 
93330 
88550 
100250 
99020 
97720 
103720 
86620 
98040 
100720 
90360 
98380 
95740 
95940 
89640 
96410 
98000 
91170 
84040 
82170 
87670 
85220 
96150 
85920 
80370 
82750 
92800 
94660 
102350 
98840 
86200 
97600 
96900 
95630 
95350 
94750 
97800 
99200 
95440 
81700 
82170 
79850 
82490 
85780 
93680 
94130 
99480 
91260 
90740 
83500 
84570 
84630 
79860 
87550 
93590 
96800 
95750 
99380 
84920 
98020 
95100 
99550 
100280 
79640 
79330 
81400 
81390 
97670 
79480 
81890 
85910 
84790 
78240 
92560 
92850 
94170 
99290 
96810 
88980 
89090 
96200 
97060 
90330 
80250 
83370 
87050 
84820 
88500 
99840 
81910 
86950 
82200 
84260 
97940 
97880 
92960 
90250 
92150 
97370 
97630 
84420 
81560 
80040 
84240 
79050 
94740 
82540 
80220 
80940 
81890 
77730 
94770 
81310 
85230 
84510 
79390 
87770 
91890 
94730 
94470 
93260 
103980 
99400 
94410 
92390 
94430 
99740 
83240 
85720 
83310 
85470 
88990 
82320 
82980 
79260 
86540 
80720 
81560 
99380 
90170 
97190 
97340 
98330 
89720 
88460 
98760 
97500 
100350 
91980 
99010 
100440 
90820 
100290 
99830 
101170 
95700 
100090 
92960 
100630 
88740 
99540 
98910 
79230 
97710 
98450 
96420 
101670 
88530 
95750 
99380 
99800 
82210 
81120 
81240 
95270 
103580 
98960 
92230 
100740 
97200 
77840 
42000 
46100 
42300 
41090 
43570 
41930 
97150 
95980 
86690 
85310 
88210 
94500 
96710 
96130 
99220 
102160 
97360 
87460 
88070 
89300 
85130 
101750 
95350 
92300 
100850 
96170 
86120 
90870 
80530 
83290 
84000 
83050 
101510 
100990 
100950 
89050 
96850 
106850 
98410 
86850 
98930 
98440 
98370 
98690 
95090 
99920 
100030 
87860 
94350 
81590 
100270 
99270 
78310 
90840 
99460 
99450 
89200 
93640 
93140 
100460 
85500 
80540 
79390 
83790 
95020 
102710 
90050 
95160 
91760 
101220 
100010 
85100 
84660 
81150 
83870 
101480 
98790 
87150 
103050 
100680 
88710 
83890 
93170 
98910 
99700 
81550 
87140 
84800 
78890 
88890 
90610 
84380 
83540 
80900 
85710 
79380 
101890 
89880 
80330 
84580 
84020 
88330 
93440 
91960 
93880 
87080 
86380 
95400 
101240 
86940 
84830 
84150 
101720 
100050 
97920 
100490 
99380 
102070 
102450 
100880 
83110 
82760 
84030 
82040 
103710 
87120 
85320 
84840 
80540 
83120 
84180 
102020 
77760 
81830 
80840 
87950 
79480 
82880 
91720 
95430 
103720 
101400 
80930 
89640 
81720 
83020 
68300 
45590 
43390 
41620 
45960 
44270 
42790 
42270 
40620 
43120 
39390 
39570 
43200 
58200 
100950 
92560 
93220 
82500 
87830 
81610 
84550 
102860 
102520 
90550 
86550 
102130 
99620 
92040 
87520 
88970 
88820 
96100 
98920 
99270 
102920 
97410 
95890 
97130 
94350 
85300 
79940 
81360 
97780 
100540 
102930 
100490 
82390 
85440 
79630 
92820 
93240 
100300 
100770 
83750 
77600 
47900 
45690 
44200 
43330 
44540 
43190 
42200 
43220 
41820 
42690 
43040 
66520 
85590 
95720 
102790 
103050 
103800 
90570 
92860 
107220 
98630 
95250 
91580 
91940 
86810 
84650 
90860 
82430 
101490 
92380 
98280 
102070 
101160 
100770 
84900 
90200 
94330 
103450 
102250 
99370 
95630 
103520 
100400 
104510 
93320 
103770 
102320 
101090 
98000 
94090 
97320 
78410 
86420 
87400 
82040 
99550 
101030 
102990 
95300 
100390 
101330 
82580 
85540 
86340 
92030 
95560 
100630 
101560 
98540 
102060 
101290 
101980 
98950 
84760 
98910 
98570 
100040 
86660 
101860 
81250 
103820 
83590 
82630 
84850 
87130 
80460 
102390 
80110 
85580 
82730 
