111390 
55800 
45600 
45670 
49080 
44670 
47370 
34450 
47360 
48420 
46600 
45080 
46610 
43100 
45970 
42840 
584710 
44740 
43580 
42120 
43360 
46020 
42200 
40530 
42500 
41790 
44320 
43440 
38840 
44820 
45370 
42410 
42470 
43560 
43600 
44890 
41420 
41730 
44150 
45320 
44820 
43970 
43730 
41810 
49240 
42510 
43230 
42220 
40820 
43590 
44560 
43580 
43740 
44590 
42640 
55130 
43840 
41810 
41810 
44070 
41650 
43310 
43980 
574480 
43470 
41370 
40010 
43520 
42820 
42280 
41750 
43210 
44400 
43120 
43120 
39030 
40800 
46790 
44420 
44000 
42060 
41150 
42500 
42130 
42960 
40510 
44210 
46640 
59440 
43400 
42620 
576050 
46020 
41970 
43660 
39380 
46130 
42140 
46830 
43390 
41360 
41070 
41940 
44220 
39570 
44180 
43710 
57030 
43450 
43150 
43250 
43290 
48190 
42010 
40640 
44960 
42870 
41590 
45520 
45210 
42230 
43740 
41010 
39370 
44030 
44280 
60800 
42130 
42130 
43460 
43440 
42150 
40050 
38050 
44560 
41020 
42620 
44030 
46580 
46880 
43720 
43410 
39180 
42560 
50780 
55940 
42780 
42700 
574430 
44930 
43810 
42210 
39010 
43420 
64190 
41820 
42320 
42430 
42140 
42580 
43460 
39330 
47780 
46180 
45090 
42580 
43060 
37170 
43460 
42670 
43680 
42220 
41590 
65110 
42220 
40830 
41950 
41800 
43540 
50430 
46880 
47360 
45450 
43750 
44120 
40290 
42590 
42840 
43280 
44800 
40560 
45660 
57320 
42010 
45300 
42970 
44950 
44370 
42700 
46330 
44850 
43690 
43700 
42770 
43730 
40080 
46980 
42750 
43470 
41150 
43600 
58260 
42840 
41570 
43710 
42700 
44850 
42160 
39250 
46750 
43500 
42940 
45090 
40670 
42320 
41590 
41160 
40000 
44520 
45720 
58570 
45990 
43550 
43910 
43770 
43510 
41420 
39730 
43570 
43350 
47900 
42830 
42660 
42630 
42350 
40670 
38510 
42980 
45020 
57900 
48040 
42480 
574470 
42970 
44440 
42420 
39920 
44680 
41480 
43090 
41910 
42010 
45280 
43420 
43600 
37110 
43800 
42540 
43200 
44010 
41250 
40900 
43470 
43580 
43150 
38600 
42830 
58310 
42110 
42970 
43530 
41830 
45620 
41880 
38860 
43600 
42950 
43630 
43210 
42550 
42820 
42730 
45310 
41870 
41430 
44270 
40980 
21390 
42760 
36600 
46040 
21780 
42470 
36440 
44580 
22060 
45370 
43350 
20930 
21840 
21500 
21560 
21300 
48980 
40020 
44890 
18940 
46500 
33970 
21450 
41230 
20710 
45390 
45320 
37620 
41660 
22130 
45960 
38990 
40240 
22480 
44160 
38240 
41700 
22710 
43300 
34580 
41750 
43720 
50390 
41150 
17930 
21730 
22000 
22530 
21100 
20620 
21510 
41020 
26940 
36600 
41300 
20800 
41740 
21750 
45420 
44580 
39040 
42910 
24760 
47540 
53550 
46550 
20420 
38970 
45120 
45170 
20910 
36450 
38550 
42460 
22800 
45000 
42190 
41320 
45690 
44330 
44810 
41580 
36340 
43780 
45610 
43460 
45020 
42360 
40690 
46850 
44080 
37170 
44880 
43760 
46060 
41430 
42900 
45370 
42620 
46680 
44020 
36700 
44420 
47190 
46090 
44920 
43970 
41650 
42120 
44350 
576310 
41220 
45280 
42080 
37500 
43810 
44300 
43650 
41210 
43190 
41150 
42800 
44400 
40890 
40530 
44750 
45720 
44300 
42120 
1126930 
64570 
44290 
43190 
572360 
42530 
45300 
44460 
42760 
43240 
41090 
41010 
45300 
41100 
43140 
43520 
41910 
46540 
41470 
44060 
55750 
44140 
44190 
41870 
43530 
42160 
40810 
42480 
45490 
42340 
40490 
41350 
43660 
44560 
41780 
46970 
44450 
40410 
45430 
61310 
45760 
43360 
41800 
43490 
44810 
43530 
43870 
43590 
46210 
42970 
42220 
41920 
41090 
43620 
43860 
43380 
42150 
42990 
60310 
49160 
44300 
43350 
39990 
46280 
46150 
43090 
42860 
42190 
39800 
45870 
41370 
43620 
43360 
42250 
42840 
44130 
45680 
59720 
41480 
43090 
43110 
43110 
41570 
42600 
46010 
44670 
40420 
42870 
43260 
41670 
42440 
46020 
42410 
42520 
41610 
46780 
59210 
41040 
39420 
40740 
44000 
44290 
43920 
40460 
43330 
43710 
43680 
41520 
40340 
41190 
44200 
44810 
42720 
43450 
44560 
56650 
45910 
42160 
574640 
43490 
39880 
47800 
40480 
43660 
41010 
41430 
45830 
42020 
42980 
42470 
41050 
46230 
45130 
40640 
40590 
43100 
44360 
42870 
40990 
42410 
42520 
43830 
46170 
59080 
41660 
41830 
43150 
43620 
45540 
45480 
42370 
42100 
43910 
43410 
41040 
41100 
44580 
46260 
44850 
45300 
41430 
42320 
72520 
44310 
43090 
41760 
39330 
45340 
45210 
42420 
43520 
43040 
41000 
44820 
40560 
41130 
41240 
41700 
44220 
45080 
40940 
56970 
43640 
42760 
43720 
42850 
41280 
41050 
43230 
42970 
39610 
44330 
40910 
40230 
46290 
43040 
43320 
43290 
41810 
45060 
56410 
42700 
40280 
39600 
44230 
43250 
42140 
42750 
41190 
43670 
42830 
41400 
41340 
40510 
45920 
46130 
45960 
41980 
41570 
55180 
45930 
45610 
46110 
41790 
43310 
45000 
41610 
41960 
41560 
38830 
44960 
46270 
42880 
58680 
47000 
46700 
62010 
46140 
37170 
42000 
43500 
44800 
43940 
43210 
47480 
41620 
47610 
41820 
43310 
41690 
39860 
45430 
42310 
41890 
41290 
41050 
44790 
42620 
42230 
40690 
41220 
43630 
44040 
42230 
42300 
41510 
60070 
45360 
40920 
42740 
41980 
41540 
46210 
41580 
45860 
42210 
41200 
45230 
43350 
43650 
43270 
43120 
43770 
43380 
41910 
41470 
41880 
42480 
43190 
44190 
41550 
42450 
43900 
43390 
42570 
42840 
39930 
40660 
47490 
43270 
44020 
43590 
43210 
66070 
42820 
41950 
41230 
41510 
46740 
44360 
43620 
41980 
40790 
42740 
47740 
45580 
43920 
43670 
43370 
47540 
41830 
41120 
42350 
42870 
45360 
46010 
50140 
41790 
42860 
45570 
45250 
47020 
43680 
41930 
575940 
46040 
47160 
44730 
42530 
43940 
45020 
47060 
49590 
41500 
40040 
44720 
43460 
45870 
45120 
43070 
45940 
41140 
44360 
39830 
44300 
46270 
42340 
43990 
45640 
64700 
48590 
44730 
44160 
36940 
45580 
45680 
44090 
43890 
43250 
40970 
43450 
41950 
40620 
45920 
43600 
43290 
46050 
44540 
60260 
44850 
42000 
56890 
40020 
44380 
43780 
41310 
44810 
45880 
42290 
41950 
41870 
45650 
44020 
44920 
43310 
47930 
43600 
47670 
74460 
42380 
44690 
41020 
47000 
42410 
43370 
41160 
43970 
48520 
43450 
44990 
41720 
39950 
45250 
45030 
48650 
44690 
41470 
66390 
45020 
48310 
43260 
39580 
44980 
43120 
46200 
47620 
43320 
63690 
47240 
45020 
42880 
40120 
48000 
45690 
42090 
48500 
41770 
40380 
44190 
43170 
41260 
46730 
42880 
44140 
53570 
50060 
42630 
41980 
43440 
40920 
40680 
46030 
43430 
40840 
61500 
42460 
41900 
42380 
40510 
43390 
42260 
44490 
43240 
42180 
44210 
42030 
40820 
40870 
39730 
39180 
45570 
45030 
43790 
56070 
47810 
41990 
40900 
42790 
37610 
40390 
49840 
43820 
42950 
41120 
41290 
42460 
40750 
43010 
37570 
46480 
43280 
42710 
42960 
42030 
50740 
49870 
46110 
42780 
36340 
43070 
48680 
44890 
42690 
41500 
41740 
41560 
45840 
581000 
43140 
46410 
42450 
45660 
42950 
41610 
42700 
46100 
44990 
39300 
44500 
46070 
41690 
44490 
44470 
45330 
43600 
41460 
38160 
46810 
42830 
42510 
42670 
42890 
66010 
43040 
43890 
47490 
37470 
47700 
42870 
43150 
40350 
40530 
44600 
44010 
44880 
36770 
45780 
48170 
44360 
44210 
45040 
43210 
46530 
45090 
42460 
36490 
42260 
42160 
46990 
44840 
41620 
40720 
42320 
47540 
578170 
43510 
41490 
40700 
43130 
44500 
41090 
43700 
41970 
43870 
41960 
46730 
43210 
43270 
42150 
43630 
40290 
45730 
41780 
37320 
47710 
47700 
42890 
41970 
41730 
45550 
571540 
45510 
42170 
41920 
44730 
51630 
48020 
44560 
41550 
45630 
46030 
41620 
41830 
41360 
43300 
44510 
41750 
44510 
41550 
40810 
61420 
42720 
42690 
41840 
43850 
45780 
43680 
43590 
42480 
40420 
45190 
43470 
44670 
37440 
46310 
44350 
46940 
44040 
41440 
40120 
46210 
43810 
575460 
47370 
44860 
46300 
47030 
43480 
42250 
42200 
41570 
45100 
42280 
43070 
41090 
43890 
43860 
46250 
40110 
40850 
40540 
42810 
43050 
42210 
41550 
42140 
41950 
62540 
41250 
42710 
42450 
41010 
47290 
43690 
42270 
44410 
41560 
45450 
41610 
41640 
42300 
43070 
44760 
45730 
44390 
44620 
56970 
44000 
45370 
42040 
39580 
44500 
47960 
44650 
42750 
45160 
40920 
41420 
45590 
38740 
44810 
42200 
42600 
46530 
42230 
59140 
41050 
41940 
44680 
46610 
43300 
41380 
41860 
43040 
42220 
42040 
41400 
41720 
38580 
43920 
43620 
45180 
41670 
37470 
42950 
21580 
41630 
44940 
34910 
24830 
37860 
23840 
44500 
45960 
36960 
43190 
40810 
41070 
40580 
40820 
42090 
21530 
35910 
21270 
39950 
26800 
37950 
23040 
20680 
21110 
23570 
41430 
34730 
20420 
34740 
23890 
40520 
22800 
35080 
39190 
21510 
39440 
44100 
43370 
19930 
37520 
23470 
42860 
34960 
39410 
22100 
45120 
40250 
42020 
20390 
37810 
45170 
40250 
46980 
23370 
21660 
22610 
24130 
22780 
47180 
35690 
20320 
36890 
21030 
38760 
43350 
42730 
45500 
47150 
43210 
41970 
42540 
44990 
45930 
41890 
44230 
41280 
42560 
57070 
43340 
43450 
41780 
42650 
44630 
41700 
47240 
41520 
40100 
43370 
42720 
41780 
41190 
44170 
43420 
42990 
44490 
42840 
45800 
42380 
43480 
572850 
42970 
45970 
45830 
44740 
42790 
42670 
43510 
43520 
46230 
44570 
46310 
42480 
41120 
39220 
56960 
44830 
45260 
41580 
42230 
44840 
43760 
42480 
570590 
45100 
45770 
44250 
45000 
40460 
43630 
43420 
41970 
43940 
41620 
45920 
45830 
43130 
45270 
42160 
41550 
45730 
43030 
38430 
44930 
42550 
44640 
45400 
43410 
43320 
42380 
43410 
40710 
44430 
42470 
42630 
44420 
42040 
46730 
41550 
67630 
584920 
46990 
46310 
45560 
42910 
60180 
65280 
43850 
42060 
43000 
42520 
43870 
44790 
42790 
44620 
41200 
41940 
44120 
42000 
41250 
42030 
43910 
42710 
44860 
43360 
41700 
42580 
42590 
42310 
43920 
42620 
43370 
45030 
43210 
56110 
41360 
42160 
44770 
45220 
42420 
42230 
41350 
44710 
45330 
42940 
43450 
41570 
46030 
47130 
45040 
44750 
41860 
40220 
43680 
42700 
42470 
572920 
42100 
45890 
43830 
46560 
45410 
42820 
44380 
37170 
40730 
43410 
46340 
42690 
23400 
43850 
35790 
39820 
24320 
58090 
42590 
43880 
21220 
43670 
21260 
42780 
36030 
572360 
46310 
42850 
44680 
19970 
21880 
22420 
22420 
22390 
22170 
19800 
43780 
34540 
24480 
36750 
22370 
42500 
23640 
37050 
41390 
22100 
38170 
38080 
47760 
21600 
44550 
36410 
42500 
45860 
56140 
47640 
45090 
22970 
42690 
23010 
41510 
40970 
20060 
22010 
22340 
21570 
23810 
48750 
45260 
43600 
43920 
45810 
40750 
43640 
41940 
43210 
591800 
43340 
43610 
44280 
42020 
44010 
43180 
41710 
42610 
44270 
40210 
44410 
43810 
42200 
43700 
44470 
43260 
42100 
41410 
44140 
43610 
41940 
43280 
41030 
41610 
43650 
73020 
41370 
41860 
41910 
43510 
43010 
45320 
40860 
43180 
44360 
42960 
41640 
42000 
44720 
44660 
45290 
45310 
40170 
40770 
41210 
44750 
44200 
40940 
40430 
41910 
42190 
43490 
42890 
43090 
45600 
42210 
42680 
40720 
41650 
42960 
43830 
43690 
42260 
40700 
43270 
43100 
45100 
41940 
40380 
41140 
41200 
43160 
43790 
59830 
40930 
42310 
42530 
43900 
42770 
40970 
43630 
42870 
41520 
42250 
42330 
42060 
629810 
45170 
44220 
41650 
43050 
42970 
44750 
41210 
41400 
41340 
40180 
42120 
42780 
41110 
40950 
42590 
61320 
43060 
43010 
54970 
44800 
42810 
43380 
44620 
41800 
41750 
41730 
43810 
43600 
877210 
47070 
45550 
44870 
44270 
43880 
43240 
37900 
43470 
44370 
42790 
43620 
66860 
64730 
44360 
42980 
584960 
41790 
43080 
44060 
41820 
44770 
41380 
41670 
44070 
43020 
44280 
42460 
42450 
40890 
43200 
41900 
57360 
42330 
42080 
574080 
42950 
45030 
41400 
51770 
52830 
44010 
41650 
41740 
42600 
41070 
42730 
40750 
40290 
46080 
61000 
44200 
42700 
44710 
44370 
44070 
41590 
39240 
43910 
44540 
44540 
41630 
44800 
44750 
43570 
45040 
41830 
39600 
41210 
61040 
43120 
42590 
45480 
42950 
43780 
42130 
43980 
45110 
41060 
42400 
41160 
43490 
43300 
42020 
43090 
45010 
41010 
44130 
42650 
57200 
49730 
45680 
44280 
42920 
45650 
39350 
42800 
60010 
45910 
41910 
45720 
45330 
45670 
46210 
41530 
38630 
43450 
42940 
42300 
41050 
40890 
44870 
43670 
43320 
38770 
41830 
58880 
44460 
43720 
44160 
41090 
41660 
43590 
45360 
43070 
42810 
43700 
42420 
44620 
42620 
41560 
40350 
42970 
40170 
44470 
61890 
42920 
43700 
44150 
42690 
43340 
44070 
41460 
40320 
43980 
41530 
40520 
41440 
44970 
43200 
43770 
39960 
42490 
44410 
61290 
41660 
40630 
44340 
41280 
45650 
41890 
37900 
43120 
41600 
47430 
86920 
86660 
627280 
45390 
42750 
42310 
37810 
41830 
58580 
46520 
42750 
42930 
43540 
42230 
45940 
41580 
41790 
42350 
42290 
45940 
43940 
42460 
43880 
43360 
41560 
43540 
55990 
45030 
41110 
46080 
45210 
35760 
41660 
39270 
44170 
22900 
40120 
24130 
41880 
23210 
34640 
22290 
47030 
43820 
43690 
38690 
39880 
24140 
38890 
20980 
43100 
45890 
40770 
47650 
42420 
43240 
41590 
44090 
42440 
43480 
43790 
39240 
42660 
45000 
45300 
41930 
42220 
60050 
41170 
41570 
579310 
38150 
44210 
45240 
43540 
46590 
70570 
47310 
42230 
41740 
40900 
38990 
44030 
43760 
43220 
40390 
41900 
41850 
43110 
43560 
40940 
39850 
45830 
577320 
41620 
42330 
41820 
42710 
43120 
42750 
43560 
41050 
42800 
43600 
43590 
40880 
42780 
43110 
39990 
65330 
41260 
39420 
576070 
44870 
44980 
42910 
42230 
41500 
42090 
43480 
41360 
40920 
44180 
42890 
45100 
45890 
54740 
45290 
43040 
47590 
42690 
41670 
42560 
45900 
42440 
43260 
41440 
56600 
45950 
42910 
578670 
43630 
41840 
42010 
43180 
45620 
39750 
40560 
42270 
42390 
43530 
43380 
41210 
41570 
54620 
45610 
56980 
41800 
40700 
44040 
42230 
45100 
43370 
42830 
44620 
42880 
42080 
41950 
41000 
41880 
43690 
44360 
44620 
43470 
41140 
54940 
42480 
43210 
41920 
42760 
42600 
43590 
44480 
40960 
39620 
47270 
40480 
42650 
42290 
42180 
43700 
43480 
53490 
50850 
56420 
44600 
40980 
574260 
41730 
40380 
41960 
45270 
43150 
42140 
41620 
41590 
41790 
43750 
43310 
42730 
43060 
42170 
40590 
62320 
43690 
43130 
42560 
39860 
43860 
43100 
43420 
42380 
41700 
44890 
44300 
42710 
37210 
45350 
44970 
44830 
45340 
42480 
43430 
45250 
42740 
576140 
43130 
44310 
43240 
43670 
42580 
40920 
52350 
51600 
580760 
44630 
44400 
42920 
43490 
43030 
42550 
41040 
41920 
43980 
39120 
45610 
40710 
44820 
42830 
43840 
44630 
41570 
42220 
587190 
44730 
45910 
46090 
43700 
41940 
41230 
45480 
44030 
43760 
37480 
43410 
44720 
43050 
43990 
44660 
42770 
44410 
43660 
591720 
45250 
43280 
