75760 
1122230 
60280 
58090 
51650 
1098190 
63940 
60170 
53530 
51350 
50940 
54450 
55020 
55570 
57150 
57660 
53050 
53860 
52810 
49840 
55010 
49020 
84180 
32640 
32370 
37220 
66590 
1120860 
69540 
36060 
40430 
71470 
68620 
32970 
67000 
70220 
36320 
38380 
1578740 
69620 
71900 
71410 
35350 
39120 
37560 
28460 
66660 
70200 
68920 
37850 
57490 
55000 
28910 
28210 
54980 
26150 
23630 
32060 
30190 
53400 
45880 
39010 
120210 
36010 
26040 
29040 
53370 
52030 
25400 
24130 
28740 
26090 
27140 
25910 
27950 
27750 
25360 
28880 
27310 
27810 
26010 
1061250 
27810 
42240 
32060 
62480 
22470 
27270 
28540 
26910 
1075670 
29820 
44210 
38190 
71510 
38490 
76560 
46190 
41950 
69380 
35890 
37130 
73220 
1079140 
34170 
29130 
69630 
67700 
34040 
33720 
34640 
72040 
34030 
30280 
36110 
32340 
35690 
35910 
38490 
68790 
23730 
28380 
51320 
30420 
28890 
21850 
30060 
57840 
26940 
40370 
50520 
41240 
73530 
47720 
97470 
51650 
50550 
27690 
27740 
24560 
57560 
53270 
25360 
26290 
28820 
48600 
50220 
29610 
48200 
53230 
28120 
27880 
50760 
48540 
46330 
26630 
51060 
56030 
46850 
26320 
28430 
76320 
67800 
33420 
69090 
36790 
35390 
35540 
72470 
39200 
38430 
36510 
35210 
70110 
37160 
37650 
37860 
74020 
70590 
76150 
68540 
70250 
73110 
35270 
69380 
85830 
72780 
31560 
77020 
61400 
49120 
56060 
56250 
58090 
56430 
52610 
58050 
60300 
73310 
89640 
91050 
66490 
74900 
20380 
56460 
47350 
51560 
55750 
49700 
48990 
47440 
24600 
55950 
51760 
42850 
27810 
56070 
55310 
49240 
24610 
52720 
49890 
443500 
47340 
50520 
53700 
55070 
51380 
57320 
25100 
63820 
43890 
64830 
36500 
71070 
35380 
38330 
36410 
76180 
31200 
34410 
38850 
75580 
32560 
37960 
39320 
74880 
33600 
41980 
39050 
33800 
1113910 
38370 
36900 
36150 
39270 
38600 
37260 
32010 
31390 
26110 
27030 
30020 
29340 
27340 
25610 
27250 
30180 
27520 
55320 
40040 
74350 
28980 
51490 
51160 
56460 
51920 
57930 
44680 
72930 
50760 
53490 
53090 
45630 
48570 
57510 
45400 
51580 
60930 
54680 
21850 
27780 
29390 
64920 
1120140 
52650 
27280 
65970 
1107220 
54860 
30600 
83140 
75050 
105970 
36330 
77550 
65570 
71990 
37760 
71760 
74920 
74120 
24500 
36220 
39990 
37940 
33050 
34850 
71960 
43310 
35770 
36020 
68410 
71270 
40750 
38830 
35670 
42280 
28680 
29890 
60720 
54920 
22900 
31310 
56670 
59640 
28440 
29480 
46990 
49360 
39820 
34210 
31410 
26840 
30880 
29560 
29710 
28810 
27360 
29790 
27280 
28330 
26450 
28020 
48710 
25590 
55020 
50690 
26520 
50520 
50290 
24740 
27500 
27380 
54090 
26460 
27610 
51190 
53970 
23510 
44800 
72900 
37440 
71310 
66700 
72080 
73090 
67390 
1650600 
27190 
69610 
69150 
1126290 
71810 
33700 
64760 
68770 
3094960 
65840 
32060 
81200 
1151880 
32990 
36430 
1584190 
64610 
288540 
71780 
30560 
28090 
26510 
54620 
31580 
28590 
58610 
83730 
28250 
55660 
87780 
87110 
34820 
67660 
51830 
54280 
21070 
58110 
42330 
52550 
49240 
51150 
52590 
54210 
1102990 
71240 
49360 
51600 
51340 
23250 
54830 
55530 
49220 
50220 
51720 
52400 
53510 
46300 
53330 
53930 
53770 
45560 
1644360 
27750 
36460 
68180 
80200 
33690 
37080 
69290 
69570 
69140 
64840 
70310 
73640 
67450 
68720 
64510 
69790 
68150 
66520 
126390 
36640 
37220 
35920 
68200 
36860 
75950 
72060 
59090 
49390 
55120 
48000 
51710 
56830 
47310 
44670 
1116670 
28050 
92540 
92990 
81630 
27970 
28980 
48080 
56020 
28060 
77670 
28520 
57530 
27510 
23980 
53230 
51280 
49730 
49090 
49540 
56580 
24660 
50530 
52190 
30000 
59050 
46890 
57420 
27310 
55160 
30880 
29470 
54880 
407600 
43220 
77580 
33500 
32460 
34610 
73810 
35460 
1577970 
59100 
37070 
34200 
40020 
36340 
73900 
33580 
31040 
457150 
38170 
35850 
40700 
74830 
75670 
31180 
30160 
35240 
34210 
36650 
39470 
1641070 
51300 
24280 
25960 
55900 
1152980 
28030 
30440 
29450 
28530 
49390 
44860 
74260 
32400 
24440 
53050 
55930 
52040 
28340 
28440 
49950 
28320 
45290 
53750 
29460 
55230 
48100 
24190 
54080 
54610 
20400 
31790 
54480 
51660 
23730 
1601920 
58180 
56730 
25340 
54970 
53400 
53190 
46570 
72630 
87790 
67080 
59500 
73870 
69830 
65620 
37090 
75900 
73610 
61880 
35310 
71510 
77520 
70500 
35250 
72280 
34130 
70560 
36000 
72290 
74600 
33130 
34740 
66970 
75990 
28400 
36350 
31930 
56200 
28730 
28560 
53310 
58180 
49990 
57540 
55590 
88140 
35860 
36470 
59370 
57610 
22270 
33190 
57160 
57580 
45870 
27750 
61400 
26100 
23240 
59070 
51980 
52650 
22530 
53520 
1103420 
67910 
25750 
28560 
27570 
28650 
26080 
29680 
29550 
52620 
36050 
57750 
33490 
34390 
66290 
71590 
35840 
70090 
67520 
38500 
72130 
63450 
1627490 
31540 
74640 
27620 
70880 
36530 
67830 
59050 
70490 
71060 
33240 
32070 
76040 
1119670 
60740 
35960 
74000 
74720 
55260 
24770 
28980 
60840 
22670 
27550 
55950 
57020 
24600 
27800 
51130 
46450 
34040 
1110370 
45770 
27730 
24950 
31260 
80710 
27630 
24530 
26260 
57370 
72340 
22780 
60330 
25240 
27410 
28320 
29280 
57450 
60260 
24790 
56300 
27000 
26880 
34440 
30210 
56880 
26980 
23860 
30910 
44310 
37310 
38540 
70510 
73380 
30090 
39020 
76000 
44690 
36750 
38240 
78650 
34080 
33730 
38760 
73880 
66420 
33090 
37480 
77490 
71640 
38420 
38570 
71500 
26380 
34170 
75840 
38450 
45280 
25160 
57840 
49960 
54230 
55660 
44480 
64620 
27880 
29850 
89580 
81550 
30180 
30830 
53660 
53930 
27360 
57400 
48960 
52040 
28710 
56600 
53370 
21580 
30210 
58290 
51320 
44550 
25720 
56540 
59810 
49850 
1618580 
27490 
59430 
25240 
31950 
23890 
55490 
23550 
29740 
60820 
79440 
34480 
75190 
1117020 
40020 
67730 
38550 
71810 
36140 
35460 
38730 
38440 
39540 
32390 
37320 
36100 
64310 
36010 
68420 
122540 
35030 
35960 
66800 
68450 
62190 
35470 
70940 
65300 
50010 
49860 
54730 
29900 
45970 
53650 
59320 
58870 
21650 
50330 
89900 
37860 
67750 
33750 
51650 
58260 
23440 
55150 
52350 
20290 
27940 
51530 
29050 
80160 
27990 
57060 
52460 
49630 
27270 
57580 
50430 
434320 
25220 
53400 
50550 
24690 
1118260 
50410 
31650 
50230 
53910 
85620 
66900 
26980 
75420 
38060 
64960 
62070 
64630 
41450 
59080 
35740 
75650 
68430 
34010 
34390 
64590 
40210 
64100 
36070 
71700 
70200 
69370 
32190 
74700 
69900 
62890 
70320 
76800 
56650 
48800 
23610 
53830 
56410 
26510 
26470 
58560 
57510 
48570 
89230 
39210 
37580 
30830 
60490 
53760 
51070 
46600 
50060 
55840 
23960 
50410 
55830 
51150 
59430 
43420 
54210 
51760 
64550 
28770 
56340 
52380 
52480 
48020 
53940 
50760 
45740 
26690 
50860 
56840 
27340 
27400 
82270 
65600 
70790 
65690 
69900 
70090 
31280 
65340 
39600 
68530 
33590 
34010 
70000 
70350 
24970 
377680 
33960 
33400 
65230 
68100 
65940 
1578390 
30340 
70450 
1136280 
61470 
73750 
62130 
53150 
55090 
54150 
54070 
58980 
44850 
54420 
56580 
55580 
44190 
49070 
41250 
71850 
46550 
28250 
28910 
26730 
25080 
23550 
28540 
27260 
27250 
25330 
29270 
57910 
23720 
1615900 
29250 
28840 
26800 
53010 
46790 
52370 
25300 
55120 
26480 
60480 
22660 
53720 
53500 
55330 
67110 
67840 
65740 
68640 
36050 
68170 
35320 
32800 
36270 
70640 
72770 
39000 
35040 
39630 
75850 
68460 
32700 
38120 
70140 
74530 
38030 
37700 
76290 
64890 
30700 
41830 
34950 
75020 
19170 
27660 
50450 
56890 
24600 
56980 
25700 
62120 
29270 
62630 
49120 
88920 
33060 
68990 
48820 
48850 
47260 
52210 
55270 
51990 
53660 
50620 
48640 
54760 
46800 
56680 
52250 
47870 
50150 
29900 
27820 
48350 
28840 
29460 
29180 
56070 
31120 
27690 
52950 
52840 
30640 
55840 
76780 
66730 
66770 
41460 
37260 
69620 
32410 
70370 
78580 
69740 
31640 
39010 
73020 
69280 
66890 
73260 
67130 
72220 
32830 
74270 
74580 
34310 
75820 
76330 
69240 
35260 
76170 
63620 
45900 
49660 
31330 
24830 
26650 
52790 
56110 
32390 
57560 
53020 
50770 
77440 
63890 
56120 
55130 
54380 
47110 
54720 
52000 
47380 
55060 
47950 
51080 
1569170 
50650 
28630 
53490 
25770 
27700 
51860 
54940 
24300 
27260 
51340 
28120 
28240 
59490 
53390 
54440 
54040 
50640 
55960 
85440 
65410 
68760 
36220 
68480 
73470 
72350 
72950 
65340 
69700 
100590 
66060 
35740 
72180 
74360 
67960 
72340 
67200 
70720 
68520 
75040 
61770 
71430 
70690 
71500 
65480 
78470 
56070 
28920 
50560 
57720 
55720 
25740 
57880 
57970 
55190 
28870 
50580 
44870 
421220 
32770 
31860 
54210 
1090720 
20730 
52090 
53340 
59650 
19420 
52200 
49620 
56570 
48460 
51630 
53840 
23400 
60360 
55500 
51760 
29070 
50700 
52990 
54270 
51280 
61280 
51050 
47740 
26400 
53570 
77160 
76370 
71530 
39610 
62290 
70280 
74790 
72220 
67320 
36150 
37810 
72310 
69010 
69980 
75270 
67890 
66270 
66580 
1121850 
69480 
63230 
71760 
68110 
91590 
42120 
75420 
68080 
152980 
29020 
51780 
58230 
48110 
53340 
53060 
57070 
49510 
28180 
59720 
48260 
44890 
76050 
59230 
58620 
1456010 
52030 
55220 
24300 
27600 
51330 
1101380 
50520 
24190 
59320 
58340 
61780 
31460 
55280 
57040 
54880 
23630 
58480 
51900 
22130 
28520 
56000 
61630 
53190 
26480 
29470 
53020 
82680 
36830 
75650 
81150 
72530 
35780 
76570 
68830 
70650 
36740 
38430 
76470 
34620 
39150 
70210 
71780 
68000 
68330 
38430 
74690 
27860 
36160 
73860 
66190 
71220 
32650 
45810 
31250 
30570 
30010 
29730 
51720 
55440 
28120 
31450 
58770 
28390 
649490 
44050 
39620 
85820 
61260 
29710 
57670 
57350 
57050 
52120 
52180 
30920 
61110 
23220 
24800 
30220 
55100 
58700 
28360 
58610 
56330 
50490 
26450 
60820 
49380 
57140 
52720 
53620 
62540 
49940 
52950 
51840 
83170 
65770 
34920 
75740 
66900 
63070 
1624090 
37890 
68190 
66820 
72870 
64860 
68690 
31050 
37410 
76710 
32030 
36850 
70510 
71260 
69540 
41570 
76070 
68210 
99810 
70950 
74770 
40300 
60680 
23870 
53150 
55370 
46290 
29020 
55420 
57650 
57100 
25690 
90690 
90470 
31450 
33490 
59760 
52150 
26350 
26270 
53390 
30180 
25110 
28040 
53020 
29410 
26730 
26360 
27810 
28400 
27210 
25840 
50430 
54840 
22250 
27270 
57830 
28820 
51850 
58970 
31140 
53250 
22790 
28410 
82170 
78620 
77220 
72210 
36830 
76090 
67780 
1124630 
70240 
74570 
69830 
69450 
72470 
69050 
64450 
40210 
86930 
61060 
73860 
30800 
69380 
67320 
77070 
72640 
62780 
35870 
78920 
51350 
47260 
49650 
60420 
53430 
23510 
28750 
49680 
28930 
54130 
51830 
89920 
77530 
33280 
62910 
53610 
23980 
29200 
24840 
59330 
26140 
25790 
27520 
55850 
25720 
26580 
26190 
58600 
51960 
20810 
31130 
52520 
56670 
53510 
56960 
51750 
53370 
56380 
62040 
24080 
58120 
50480 
41420 
34820 
69090 
96190 
36540 
37930 
69730 
78650 
29500 
73620 
62560 
77720 
67950 
61790 
35860 
70670 
66910 
72950 
58190 
74360 
66660 
72360 
33120 
73670 
69150 
63450 
64370 
36610 
49730 
56210 
42430 
52990 
59240 
59120 
23770 
32030 
29210 
60920 
52120 
52170 
63360 
67640 
47920 
50390 
49330 
58320 
21800 
54320 
27980 
26150 
68520 
65110 
23060 
46830 
30660 
56420 
23120 
25330 
59480 
28990 
21410 
27630 
56270 
27120 
55240 
47030 
58830 
25410 
105560 
30220 
45590 
36130 
36440 
36700 
64560 
78020 
30150 
35720 
37380 
69360 
64030 
35530 
69730 
70490 
72570 
33300 
69770 
70600 
31850 
37040 
73200 
70910 
61700 
1627000 
65860 
74170 
59280 
38610 
49560 
55300 
24760 
54940 
52070 
50560 
56520 
60150 
49750 
54830 
51760 
81400 
72920 
29610 
52990 
29210 
54390 
30940 
47230 
1069860 
25880 
56100 
54640 
43690 
26510 
51450 
55440 
44910 
26300 
52940 
52090 
68690 
61280 
51850 
57540 
32630 
24960 
52870 
58090 
51270 
45590 
61280 
82120 
1115990 
36260 
69350 
66700 
75370 
66620 
35200 
76260 
68830 
55640 
71640 
74610 
34160 
69600 
73490 
75150 
63950 
36430 
70170 
68250 
71240 
71580 
67340 
64130 
70500 
74490 
53290 
55060 
53960 
57260 
51910 
54900 
52120 
35660 
60290 
49100 
92010 
86490 
73070 
33880 
31480 
55550 
51800 
59810 
30070 
26560 
32850 
29980 
27700 
25390 
30320 
29340 
29210 
52890 
30670 
32040 
24880 
53220 
25330 
27990 
28640 
25510 
31180 
30980 
60350 
23930 
27530 
30300 
83360 
38350 
36010 
35530 
72640 
35490 
35820 
35620 
70030 
33820 
38110 
67790 
73690 
68000 
68060 
67760 
62390 
65700 
70470 
62290 
38310 
38820 
37760 
37600 
38690 
81870 
68850 
35650 
29900 
55730 
28020 
26840 
27180 
61340 
22850 
63670 
28680 
60340 
48210 
49410 
38490 
62420 
28870 
26210 
28400 
62010 
26330 
24070 
26340 
55260 
51040 
26050 
27690 
55150 
23760 
27290 
50550 
53580 
25850 
79500 
25060 
53530 
55640 
48160 
58300 
51940 
51360 
49030 
97250 
96210 
44740 
68730 
39690 
34520 
111600 
74790 
35640 
36360 
33900 
36100 
36070 
67330 
31050 
68580 
33290 
77760 
79390 
35360 
37330 
36730 
36560 
73890 
32620 
74670 
71790 
74510 
39630 
32580 
59560 
46750 
24980 
30360 
55570 
26320 
31780 
28050 
57930 
90640 
47630 
78490 
62830 
54180 
26720 
27610 
53990 
48290 
29120 
51950 
51020 
25240 
24410 
27450 
54370 
50210 
29230 
27720 
55330 
51240 
27340 
53250 
26570 
24970 
56760 
24810 
52980 
53370 
29270 
54220 
27600 
82080 
73140 
69670 
63440 
1580540 
1256110 
70940 
70310 
31820 
39250 
65590 
69410 
36580 
37850 
71500 
33370 
36840 
72910 
39690 
30270 
34950 
70300 
70080 
34450 
35030 
70030 
71860 
45910 
33400 
52600 
60350 
22130 
32070 
54670 
54360 
32170 
29280 
62160 
91230 
86330 
40020 
56760 
54500 
51430 
54060 
46890 
51890 
59470 
55320 
48740 
55180 
27530 
50090 
54950 
1087610 
50530 
26880 
30220 
58480 
26410 
52330 
31230 
28470 
32000 
53790 
30130 
29840 
24460 
52690 
55390 
85060 
62070 
66420 
70160 
38000 
33500 
63890 
39280 
70800 
39720 
36870 
35880 
41230 
40600 
35000 
39330 
34960 
39560 
34620 
36930 
38470 
66550 
39350 
70250 
35840 
79580 
43220 
35940 
57150 
49560 
55240 
58670 
30110 
53510 
53900 
1112210 
50990 
55000 
91280 
88240 
71160 
56540 
25200 
61790 
21790 
62730 
56790 
55420 
29100 
82470 
28690 
61110 
49150 
30480 
26790 
64250 
28780 
53840 
51740 
56910 
48090 
27660 
64950 
26790 
63340 
41910 
51220 
29530 
59730 
67790 
38380 
69710 
67990 
63550 
76660 
34440 
81180 
33560 
79140 
71200 
71470 
72000 
34370 
97310 
65080 
37480 
42170 
39400 
69850 
34950 
37440 
1634290 
65890 
40460 
32830 
40380 
69610 
30520 
51030 
