74290 
61550 
49610 
55950 
54630 
51400 
50860 
53630 
52440 
54970 
54600 
51580 
54220 
51200 
51210 
50470 
52230 
49530 
51290 
50450 
51210 
49280 
47690 
50040 
47300 
49350 
49430 
50150 
49050 
51560 
49910 
50660 
48730 
51210 
49720 
50690 
50660 
49600 
54820 
51030 
49500 
50220 
50210 
51120 
48940 
49980 
51910 
50670 
51000 
57470 
51690 
50700 
49250 
49100 
48320 
49950 
50010 
51780 
48820 
49730 
49580 
88170 
81930 
81890 
51480 
48970 
49030 
50110 
50160 
48960 
49570 
51220 
50810 
50920 
49500 
52120 
50600 
49590 
50590 
49940 
50600 
51380 
52680 
50260 
50130 
50080 
51990 
52880 
51270 
49690 
51870 
50160 
50340 
49490 
51440 
54410 
50990 
48860 
51190 
50150 
49330 
49860 
47800 
49920 
51060 
46720 
50550 
47160 
51890 
50760 
51520 
51730 
49430 
50300 
50770 
54350 
49330 
49930 
50470 
51150 
51550 
47310 
50140 
48650 
51430 
48370 
49470 
48190 
52980 
50500 
50460 
48010 
49470 
48700 
50640 
52900 
50320 
49690 
50990 
53240 
50210 
53510 
49130 
46580 
48550 
50850 
52700 
48270 
49940 
53450 
49920 
49480 
47050 
48530 
46750 
51730 
51510 
49940 
50610 
47850 
51180 
50360 
49720 
60000 
49420 
49810 
52280 
50480 
49320 
51140 
48120 
51720 
50650 
52840 
47730 
49300 
50910 
48110 
51920 
48340 
49120 
53020 
48820 
50670 
50400 
48800 
54060 
52490 
50520 
64050 
55860 
49610 
50270 
50340 
49910 
48370 
47260 
50150 
49680 
48750 
51200 
46990 
50020 
50190 
50120 
49240 
49100 
52130 
50050 
48170 
50000 
52120 
49870 
52230 
49850 
47390 
49890 
48600 
50240 
48520 
46500 
50180 
48260 
50020 
51960 
49110 
49150 
49170 
51130 
50800 
49110 
51800 
51050 
50540 
49970 
49450 
52430 
49780 
50810 
55070 
65580 
52820 
49640 
48870 
51830 
48670 
49660 
48010 
49410 
48640 
49230 
50820 
49450 
50110 
51720 
50340 
50200 
47960 
48130 
48860 
49580 
52160 
49740 
47980 
50170 
50030 
50530 
49780 
49270 
50520 
57310 
50830 
49440 
49950 
50390 
55320 
52150 
50030 
47820 
51660 
51570 
54860 
50720 
51180 
50720 
50190 
55020 
50570 
51790 
50020 
52420 
52920 
50010 
49120 
47260 
48350 
50890 
48500 
50300 
49260 
52140 
53390 
50140 
47240 
50580 
49210 
51140 
51510 
48130 
49830 
48270 
51980 
53320 
50870 
50600 
48080 
52620 
52570 
50180 
50240 
57930 
52220 
50790 
49800 
50750 
49160 
52290 
52100 
51150 
50340 
48020 
48570 
51500 
52510 
52560 
50450 
51250 
51470 
50050 
50730 
49040 
53350 
51230 
51570 
50750 
49510 
50310 
49890 
49730 
51710 
52550 
51380 
49910 
52200 
49920 
51760 
51370 
51090 
52180 
49220 
48100 
54180 
49940 
51550 
51360 
48700 
53220 
49310 
49480 
50020 
55060 
53730 
53660 
49100 
51420 
50700 
49960 
52170 
48170 
51540 
52000 
54680 
53540 
51210 
51210 
49710 
50720 
51890 
53520 
50730 
50720 
52870 
50280 
50450 
51080 
53150 
48890 
49150 
48920 
46600 
49860 
51080 
49190 
47430 
47370 
52150 
51530 
49900 
52510 
51720 
49940 
50720 
51280 
49700 
50300 
48790 
51000 
48770 
47750 
50470 
52910 
52890 
49100 
47670 
50150 
49300 
51060 
50520 
47680 
50950 
48050 
58730 
50420 
52980 
52020 
49740 
51180 
51890 
52680 
50210 
49700 
51460 
52870 
48840 
52010 
49080 
50840 
52600 
48530 
49270 
47760 
48580 
50190 
50470 
48980 
49750 
49390 
52230 
52150 
50260 
49160 
48920 
50340 
51930 
50630 
48870 
51220 
50490 
51170 
50930 
48520 
54390 
70990 
52910 
50450 
50150 
50010 
48900 
50990 
51770 
49660 
58990 
51120 
49310 
51710 
48480 
52260 
49200 
50950 
50270 
49610 
50780 
48360 
50750 
50590 
48940 
51400 
49590 
51280 
52450 
50270 
48710 
48190 
49480 
49680 
48910 
49830 
46430 
48810 
50140 
51340 
51630 
50690 
50280 
51850 
47770 
50250 
47490 
48120 
51970 
48310 
54790 
51370 
50340 
52110 
50770 
48050 
49300 
48990 
49890 
49270 
57580 
51480 
48970 
52060 
51120 
48560 
49190 
54760 
52130 
51680 
50350 
48690 
51300 
53210 
52020 
49010 
50640 
47540 
53090 
50910 
51250 
50890 
48920 
50970 
51760 
51590 
51440 
49530 
50280 
52440 
49360 
53070 
49960 
51700 
48760 
52190 
51300 
49860 
50710 
47680 
53550 
52160 
51740 
47640 
49060 
48920 
54400 
51050 
47740 
48120 
50610 
56650 
53300 
50250 
48880 
51230 
51780 
51660 
52210 
50330 
47490 
50050 
48680 
49520 
48670 
49140 
53250 
50160 
49240 
48630 
50270 
50440 
49700 
50650 
50390 
49420 
49790 
50770 
49860 
48570 
52620 
50790 
50720 
55050 
50320 
50890 
50860 
49050 
49620 
47220 
49810 
49610 
50670 
50160 
47450 
46540 
49700 
51360 
48780 
47180 
47750 
50010 
50760 
51770 
49070 
48290 
50370 
47800 
52610 
52350 
48670 
49000 
49610 
53380 
50350 
47620 
49280 
48650 
51920 
48780 
47730 
52580 
49600 
52230 
48420 
47860 
51010 
47800 
51740 
51100 
53270 
53760 
49090 
52120 
50260 
51230 
50570 
48900 
54550 
50690 
50480 
49510 
47080 
48730 
49170 
49940 
49990 
47610 
50000 
47980 
49560 
54790 
51340 
48900 
50900 
51890 
51690 
49410 
51690 
52400 
53040 
51420 
47600 
50570 
54000 
52540 
50800 
46950 
49070 
49630 
52110 
49870 
50420 
50130 
47950 
49860 
51000 
51260 
51440 
49340 
47520 
50150 
52230 
50780 
54410 
48310 
51370 
50670 
49110 
50310 
48790 
53100 
51630 
50540 
50030 
47670 
52770 
50220 
49420 
48570 
48350 
51230 
51560 
51480 
50610 
50920 
50000 
50140 
49940 
52130 
47840 
48870 
51200 
50440 
52050 
48970 
48830 
51020 
50450 
48280 
47060 
49490 
50200 
53110 
47520 
48240 
48930 
53900 
53710 
49540 
54930 
50380 
48500 
50860 
50740 
50690 
49110 
48620 
50430 
57710 
50430 
51740 
48550 
51840 
51990 
49890 
53640 
49970 
50890 
51120 
49030 
53590 
49950 
50410 
52850 
50290 
51960 
48670 
50520 
53010 
51550 
49220 
50200 
49680 
51670 
51160 
49290 
48500 
50140 
51740 
51050 
49350 
49260 
49250 
51230 
51500 
49810 
49290 
47290 
52370 
51970 
52480 
51610 
49230 
50440 
51400 
50170 
50020 
48170 
55400 
51870 
50230 
48830 
50170 
50210 
50330 
49570 
48590 
50760 
50820 
50250 
49910 
47670 
50380 
48620 
55610 
53190 
52320 
49110 
50280 
62530 
53240 
50710 
49070 
49480 
52710 
52160 
51350 
48560 
50660 
47260 
52340 
50300 
51290 
49620 
49700 
49970 
48940 
51520 
52020 
47900 
52920 
52760 
49650 
50220 
52130 
51080 
51320 
51780 
55040 
51590 
49200 
48830 
49610 
52160 
49840 
49970 
50310 
50430 
50630 
50560 
53270 
51330 
49370 
50120 
50980 
49460 
50640 
51060 
53150 
52930 
50630 
51390 
49360 
51480 
47930 
49050 
48540 
50340 
50530 
49820 
50110 
50220 
51400 
53140 
50290 
48490 
48480 
50930 
49820 
51290 
50080 
48820 
49390 
52410 
50790 
51950 
49230 
48570 
51830 
49400 
50920 
50630 
49050 
51170 
48670 
49870 
49990 
48140 
51220 
49310 
51670 
50510 
48820 
50910 
51330 
51830 
49460 
50320 
50440 
53110 
53260 
49810 
46740 
50390 
49760 
54390 
52590 
49430 
49830 
53790 
53310 
50470 
49840 
49360 
49560 
52520 
48740 
47090 
48370 
51210 
51740 
50000 
48280 
50850 
50890 
53210 
49900 
47900 
48130 
46650 
51390 
49550 
51580 
50440 
49080 
51700 
49400 
48620 
50850 
46890 
53520 
50200 
50370 
50340 
48680 
57370 
51770 
52080 
65040 
53670 
54740 
51010 
48240 
50010 
47310 
49900 
49730 
50380 
55420 
49840 
50300 
50810 
49280 
49450 
49480 
48940 
52360 
52810 
49470 
49420 
52430 
49260 
52570 
50300 
50180 
52480 
50700 
51690 
49640 
48210 
47270 
50760 
50840 
50230 
49790 
47340 
49410 
49630 
50390 
51030 
49190 
53580 
51020 
50760 
49260 
50430 
49310 
51190 
50360 
48240 
49710 
50620 
51120 
50920 
50050 
51520 
54570 
51550 
55820 
51530 
47430 
49870 
48960 
51460 
49930 
49620 
48800 
49400 
52210 
50080 
48390 
51460 
48710 
51120 
49350 
47930 
50640 
48590 
50750 
48270 
48730 
48350 
49260 
47440 
51280 
49520 
48410 
48880 
50610 
51680 
49380 
54510 
50760 
51180 
51420 
51050 
51160 
48070 
51220 
50800 
49510 
50850 
49320 
48230 
50370 
49440 
48760 
47050 
49520 
46910 
50040 
49520 
50810 
50410 
47110 
50240 
52260 
47950 
50650 
51630 
52740 
52200 
49760 
50370 
54790 
52210 
52680 
49300 
48450 
47670 
47660 
51740 
48070 
49120 
49600 
48550 
52850 
48490 
49080 
47890 
48740 
51980 
53160 
51170 
50320 
48210 
51550 
51750 
49470 
48550 
47080 
51190 
51180 
51450 
49340 
48450 
52040 
55910 
51510 
53260 
50420 
50040 
50440 
50020 
48890 
47370 
50480 
50440 
49550 
51890 
48660 
49990 
51030 
54760 
55430 
48780 
51370 
51550 
51350 
48080 
48340 
51520 
49590 
51880 
48780 
48520 
49120 
50540 
51670 
50810 
50030 
53720 
49380 
51180 
51770 
53330 
50540 
49360 
52330 
49940 
49130 
49600 
51730 
51540 
49900 
52270 
48750 
48330 
51550 
50670 
49740 
48900 
48220 
49770 
49800 
48690 
49400 
48270 
49870 
50240 
51930 
51620 
49020 
51550 
56170 
49700 
50460 
51270 
52480 
51280 
51970 
50800 
49170 
50820 
50640 
50580 
49460 
47680 
49270 
48580 
51390 
51710 
48800 
48910 
49070 
49070 
49610 
49910 
48750 
47270 
51650 
57400 
55210 
55710 
51160 
50000 
52090 
49210 
52320 
49810 
50010 
51940 
48720 
48210 
50070 
48270 
53860 
52010 
49510 
49330 
49230 
52240 
51740 
48860 
49150 
57610 
52040 
49860 
53090 
49940 
49230 
50260 
51380 
49920 
49010 
48170 
51410 
49880 
48720 
52120 
48840 
53700 
54140 
49320 
52070 
50650 
50630 
51280 
50750 
52260 
49510 
48770 
50890 
51000 
48020 
49960 
49180 
53080 
50460 
49060 
49000 
49490 
48190 
49320 
51890 
49120 
50330 
46820 
51240 
51020 
50440 
49440 
50280 
56960 
49470 
54770 
51740 
48960 
51780 
51070 
49580 
51700 
47660 
50250 
50810 
49140 
49550 
48090 
49770 
50050 
49950 
52110 
48720 
49830 
52960 
51450 
49460 
50360 
48490 
61300 
55450 
50630 
49230 
51720 
51810 
50100 
48960 
49620 
53080 
56240 
52030 
49870 
48550 
51860 
52300 
51330 
51560 
49080 
47210 
51800 
51760 
49080 
47790 
47980 
52280 
58480 
52540 
49310 
51480 
50290 
54560 
51660 
47980 
47320 
48840 
54540 
50810 
47940 
49450 
48670 
50010 
54510 
52760 
50660 
50880 
53000 
55190 
51280 
49210 
51530 
49290 
51930 
51110 
51300 
52590 
49530 
49830 
52500 
49450 
52110 
49080 
52150 
50570 
49150 
51350 
50370 
52090 
50320 
48140 
49910 
49560 
49210 
51710 
51370 
51730 
50220 
51000 
50770 
50720 
57700 
49840 
46880 
50600 
51270 
50740 
50370 
50760 
50110 
51700 
51170 
49000 
50830 
52900 
51400 
50430 
48100 
49560 
47610 
51400 
50890 
50360 
51170 
48410 
50730 
52880 
49440 
49370 
47940 
51960 
50920 
51920 
51290 
49900 
51330 
50320 
49170 
49790 
48140 
50950 
51190 
51390 
49780 
47970 
48150 
52710 
49260 
48920 
63930 
49630 
60420 
50310 
50050 
47840 
48730 
51400 
48760 
49150 
48020 
47830 
50180 
50580 
52660 
53520 
50220 
50200 
50050 
50870 
47460 
50320 
52090 
49830 
52140 
50550 
49620 
51670 
50060 
51090 
49830 
49970 
48690 
51260 
49870 
51100 
47560 
50630 
50500 
51490 
50160 
48760 
49360 
52540 
54270 
53020 
50030 
50520 
48770 
51450 
49630 
50040 
60890 
50090 
55870 
50320 
48830 
49010 
48990 
52250 
50020 
48280 
49310 
49390 
49890 
52160 
48970 
48930 
47560 
51990 
52370 
49070 
51340 
49310 
47260 
52800 
50930 
50210 
51900 
50100 
54470 
51030 
48560 
47120 
52130 
52840 
54840 
51310 
50040 
47210 
51670 
56110 
52210 
49200 
48860 
50300 
49900 
53500 
49480 
47460 
49880 
50970 
52580 
60730 
51120 
49790 
49560 
48800 
52940 
52810 
49920 
50740 
50300 
50190 
49620 
53790 
54220 
52110 
52670 
50070 
48490 
51620 
52680 
49530 
49340 
47950 
48050 
52870 
64720 
51920 
52250 
48200 
52380 
47940 
48170 
48500 
47290 
54270 
50670 
46800 
50300 
48400 
52010 
51570 
48950 
49550 
50240 
50430 
50640 
48770 
48610 
49410 
50160 
62160 
52860 
54100 
49840 
49400 
52120 
52680 
53030 
51640 
49590 
50870 
51560 
49750 
48570 
50280 
49750 
51420 
51690 
48590 
50520 
50930 
50890 
50030 
49560 
49780 
48620 
52150 
50380 
50390 
50130 
49450 
52120 
54470 
50460 
50680 
50220 
49070 
50650 
47950 
47540 
48040 
50930 
50100 
47910 
48750 
50060 
50430 
51570 
50030 
48660 
58160 
52090 
50500 
51580 
49400 
48260 
49640 
51310 
48740 
51290 
48060 
49090 
53600 
50140 
50390 
50800 
49170 
52710 
51320 
49910 
49520 
49690 
51170 
50890 
50060 
48940 
50130 
49350 
51790 
50600 
50260 
47230 
48320 
50470 
53400 
50480 
49840 
50730 
51210 
51070 
48200 
49950 
50700 
52390 
51280 
50280 
47710 
49500 
51660 
51460 
50330 
57930 
49930 
48380 
53100 
48220 
50220 
53750 
50180 
51080 
52530 
48720 
49690 
48760 
52110 
51460 
48800 
53650 
60640 
53670 
49910 
49050 
50260 
48930 
50380 
48190 
49870 
50100 
48610 
48500 
50750 
49820 
50530 
52390 
50330 
48950 
49950 
49160 
51030 
48590 
50680 
51220 
48500 
49060 
48950 
51530 
49420 
49660 
49500 
48830 
49880 
58920 
51880 
49600 
49780 
50400 
49370 
50040 
48920 
49460 
49040 
50550 
53450 
49870 
49170 
48660 
52300 
49500 
49800 
48030 
47790 
52860 
53250 
48600 
48200 
49790 
50100 
51450 
48420 
54080 
49910 
47410 
50290 
51490 
49130 
48750 
48620 
51620 
54020 
51880 
50620 
52280 
53460 
50720 
48040 
47690 
49910 
52340 
51540 
49580 
51150 
56630 
54010 
50840 
47980 
54580 
51810 
50580 
49770 
50750 
51320 
48890 
49300 
52930 
51500 
51930 
48750 
49790 
50730 
48010 
49340 
49580 
49640 
50340 
48770 
53090 
49330 
51060 
49330 
50130 
47820 
48200 
50750 
47930 
53730 
51970 
49420 
49780 
53840 
51880 
53340 
49830 
49350 
49420 
51020 
50640 
48680 
49640 
49970 
51060 
52250 
48420 
59460 
50110 
50030 
50860 
49950 
51560 
48860 
50660 
51880 
51620 
50830 
50500 
47690 
51810 
52370 
51440 
48840 
47430 
50850 
50810 
52270 
49940 
49080 
52140 
50200 
51690 
50070 
48340 
50370 
51940 
60520 
53160 
48580 
49490 
50120 
49160 
52690 
49220 
50280 
51130 
48780 
49270 
48010 
50010 
50370 
52300 
48710 
47420 
50770 
49890 
59220 
51340 
48950 
48930 
51310 
53070 
49240 
49610 
49650 
48750 
54360 
52530 
51080 
49220 
49570 
50630 
49320 
51260 
50340 
47480 
51700 
52940 
48820 
50700 
48380 
50020 
50000 
50910 
49230 
48420 
52450 
50980 
48210 
52570 
51370 
47620 
51490 
52740 
50310 
47480 
49810 
51210 
49380 
49190 
47320 
50110 
50130 
48780 
50970 
47890 
56600 
55830 
48780 
50710 
49050 
50600 
49140 
51360 
50810 
48960 
50240 
51370 
52750 
50720 
52050 
50080 
48920 
54270 
49060 
49320 
48080 
49940 
49550 
51250 
48500 
48420 
