12032100
11573290
12027100
11568890
12028580
11561380
12032530
11563980
12018560
11581520
12011600
11565650
12006560
11558630
12018770
11557080
12053970
27585490
23936390
71440
24045040
28014650
159430
27626880
23895220
80420
12051250
27587570
23931680
70950
12049720
27591640
23933850
70240
12051970
27586340
23936320
70810
12052520
27584200
23936910
66770
12046380
27590510
23935780
69580
12081510
11613060
78660
11613510
82400
11606050
75180
11603200
97540
11609480
89090
11612860
86430
11610080
89390
11614280
88050
11605760
89150
11605870
92600
11604840
89800
11618600
86560
11616090
85680
11614360
87000
11609060
88280
11611370
86940
11602040
96630
11604540
71200
11596930
71790
11619700
72040
11597800
73350
11602930
73540
11679810
113100
11622080
83990
11595900
70810
11598820
71020
11596500
67920
11646010
70070
11600200
71240
11596400
68510
11601660
70010
11601920
67150
11594030
70120
11597890
72680
11599460
71400
11608490
71930
11601820
70350
11597300
73590
11594690
93100
11610700
87050
11603440
89210
11621210
95900
11611060
198850
11624640
87010
11608820
83970
11607980
87630
11608330
88660
11614490
86070
11602270
90190
11609520
91200
11615970
12087170
11601920
12050130
11600620
12044970
11598670
12041900
11601670
12049790
11602330
12044080
11599750
12049100
11624920
12049060
11596730
12050850
11594310
12046870
11601770
12043020
11596900
12040700
11596370
12043220
11599310
12043070
11594660
12041730
11614240
12045380
11602330
12051180
11598690
12046600
11602100
12044020
11596370
12039640
11602440
12046590
11598940
12048450
11641490
12059300
11618080
12062120
11612530
12066590
11614400
12065900
11619080
12056170
11611850
12060920
11614690
12054130
11620000
12061510
11614360
12054420
11627270
12060430
11612260
12069640
11616180
12065600
11624120
12057070
11622490
12042540
11599110
12048720
11602340
12046860
11597370
12042670
11612150
12052770
27690970
23804100
104470
12070860
27588840
23966640
27948370
76800
27583070
23971870
27959440
76020
27588790
23969120
27954720
72550
27585670
23974060
27950920
74290
27587060
23968600
27946870
74110
27583790
23973730
27957310
77590
27593510
23961930
27954200
73350
27630580
23891140
89270
12080700
27602490
23916470
81280
12065180
27606120
23914160
82970
12071750
27608200
23919350
82860
12071830
27606570
23913100
87350
12075120
27605910
23917940
83430
12065700
27608170
23910030
80420
12048590
27586430
23971080
27958150
76240
27585590
23935270
72010
12055490
27584920
23967850
100320
12048070
27592520
23922940
68410
12044820
27585200
23970280
27957520
77750
27589970
23969280
27952540
76160
27592150
23966930
27949020
179500
27587170
23932210
68330
12055030
27592500
23963870
27952860
75250
27587130
23970720
27952410
77310
27656190
23859540
83700
12063390
27616290
23902580
82530
12078120
27607140
23919450
81530
12066360
27607400
23920130
83480
12070910
27602770
23918380
82710
12060850
27607910
23969980
27926040
90610
27614680
23922230
83650
12049280
27584490
23973290
27952990
79180
27589100
23969510
27962110
82410
27594200
23957700
102020
12071280
27602540
23913770
72530
12051800
27584840
23972730
27953810
76970
27584060
23973040
27961110
75550
27589250
23929440
71580
12055320
27586230
24145960
27773450
75150
27587060
23973520
27950040
78060
27592860
23968200
27945610
78120
27587370
23950360
91060
12068140
27612240
23910160
81830
12063550
27606340
23920800
90260
12073640
27604600
23917740
80710
12063150
27607320
23909630
83200
12064160
27611580
23909590
84490
12063950
27605800
23915180
85610
12093920
27582630
23969050
27959470
79260
27589490
23928550
69670
12058600
27597420
23958540
27972200
139230
27607800
23911440
76280
12052470
27582800
23977680
27946510
78000
27585400
23934250
69520
12050070
27584560
23972640
27950720
76140
27588480
23970330
27950670
76070
27587330
23968020
27954540
81660
27588950
23955220
91280
15624690
12080250
12085210
12131090
12115010
12098910
12109830
12114190
12116810
12104600
12128240
12107810
12113850
12102680
12112880
12101530
12111200
12102230
12111270
12106120
12117300
12105970
12110830
12114250
12116910
12103500
12131180
12107230
12116020
12113210
12090950
12080630
12079010
12079090
12083690
12080230
12085510
12085480
12085820
12084560
12220200
12138830
12116610
12087620
12085960
12079900
12083930
12086570
12077370
12077700
12082290
12076550
12084150
12074950
12084410
12082960
12084190
12084120
12100970
12084390
12083980
12075870
12082110
12080120
12094980
12077770
12088410
12082250
12089960
12112190
12103120
12091710
12104110
12108750
12125990
12105430
12113910
12109020
12119180
12094140
12113860
12097980
12114220
12113160
12113880
12104580
12105070
12111810
12119400
12106420
12121300
12105330
12112960
12102490
12120850
12101560
12113520
12096540
12098820
12085840
12085460
12079970
12082740
12086020
12084580
12083140
12100360
12082130
12084730
12111320
32058090
19914890
76110
12077620
12082610
12085330
12082480
12075560
12082130
12083430
12085620
12088600
12100860
20027350
31966580
76780
12086980
20040710
31949860
76140
12092710
20027230
31969890
78020
12114150
20028200
31964300
79220
12104570
20024570
31983020
96570
12116260
20049650
31940750
93190
12113500
20027370
31963360
94220
12108030
20088640
31906200
95090
12130780
20031640
31975610
97040
12122110
20045260
31941950
93370
12120390
20032760
31962460
93700
12124930
20036010
31999480
19946100
77700
20035460
31966120
74460
12106350
20050000
31982760
167620
12149780
20053500
31944150
79530
12070290
20048220
31949700
81070
12079430
20055550
31952070
167150
12069050
20056240
31935980
77010
12067210
20049010
31948830
73780
12064970
20056630
31939460
78610
12075620
20054520
31950030
81560
12070020
20059230
31956580
109530
12103240
20073060
31928200
89010
12094040
20079210
31930660
98760
12104770
20072580
31938090
99760
12090710
20099720
24015400
88220
12069640
27608810
23927040
83320
12079050
27599720
23930670
90060
12072880
27595740
23926830
70900
12056260
27586750
23938600
70150
12055530
27592930
23942220
71990
12073960
27621410
23904490
85130
12054640
27588010
23936580
69620
12051810
27586070
23942370
68830
12052970
27589210
23942770
71840
12061630
27579990
23946080
75300
12050610
27594190
23937590
71560
12060920
27585600
23948600
77560
12053940
27589900
23960070
95760
12077750
27598920
23935070
89500
12067570
27608920
23929280
87510
12070270
27602430
23931660
83660
12072330
27607170
23923100
85060
24061690
27944520
88830
27604090
23927890
84170
12069960
27611360
23927010
95540
12053490
27586250
23947530
71180
12054640
27593420
23933580
82720
12067710
27583010
23967770
108230
12065630
27595520
23925970
74190
12052790
27587890
23942430
72180
12051480
27585800
23936790
74060
12059230
27582510
23941330
69770
12048170
27587270
23937960
71700
12052910
27585170
23945750
73530
12066720
27588000
23936900
75240
12059340
27620680
23907950
84810
12062790
27616630
23916970
85310
12065430
27607430
23925260
86980
12073880
27611490
23916230
87320
12079710
27602630
23925690
86690
12078470
27612550
23914400
85750
12072070
27611540
23930080
83000
12049610
27584750
23937800
242730
12062930
27581920
23943360
73920
12054800
27589970
23967760
129950
12062270
27604100
23922860
73680
12053200
27582210
23944660
72810
12057640
27581160
23945250
70020
12047710
27587920
23936090
69800
12052550
27590240
23943090
70250
12052290
27585880
23939420
74020
12059490
27588250
23937340
73990
12059000
27609900
23924260
87610
12067030
27607550
23929710
88750
12071250
27614110
23910610
88950
12104520
27605110
23924750
88570
12065290
27613150
23916900
87360
12072530
27604710
23930110
85850
12068910
27605320
23920510
89730
12068790
27583700
23944650
70370
12049810
27589850
23932610
71850
12061750
27590530
23995790
157620
12085130
27602750
23915980
75890
12058570
27583000
23947320
70800
12046810
27591020
23933110
71090
12053630
27591640
23950200
73380
12058430
27581990
23945130
71910
12054840
27582670
23938340
68220
12049060
27593680
23929970
74080
12053200
27587260
23957490
93820
12070920
27607700
23918630
87010
12070310
27604550
23977050
27930810
93600
27608350
23916120
87830
12077840
27612430
23915400
85320
12068610
27598620
23926940
90380
12070740
27602620
23924210
82260
12074540
27588160
23964300
27952940
75490
27590210
23943590
74330
12231720
27584880
23933580
74200
12068790
27616600
23903590
78810
12047320
27597380
23926410
72970
12057620
27585990
23943150
71130
12053200
27581790
23940170
71900
12060170
27586630
23943120
69590
12056910
27589880
23934700
71980
12055510
27590180
23945920
74690
12056680
27581040
23962050
103940
12073170
27608090
23919020
83870
12064740
27615710
23918010
87120
12071590
27606600
23927350
85940
12071830
27604430
23922370
89330
12072270
27606820
23930100
79290
12070400
27614030
23916140
85710
12077260
27607870
23913750
71640
12054060
27586540
23938030
75330
12059040
27591200
23939520
71460
12120710
27623340
23904500
83140
12058930
27593610
23937670
72150
12052980
27583440
23941020
73380
12058160
27584420
23943050
68710
12050870
27585860
23939650
72760
12047250
27587520
23945600
68930
12058640
27585970
23934710
75780
12056750
27606450
23917860
73200
12063410
27612970
23918570
87160
12076920
27604690
23928990
85110
12068800
27615210
23910880
87330
12077770
27603620
23925220
86320
12062710
27616030
23911560
86090
12074360
27614010
23921020
85920
12073020
27619500
23898100
74770
12052050
27588510
23938680
72910
12047830
27597250
23931690
76980
12125300
27641990
23873970
88870
12052550
27585860
23933470
74230
12058400
27757010
23767980
71040
12058490
27590550
23935740
71680
12049110
27588200
23938000
70090
12057250
27583550
23940550
70260
12057020
27586780
23940310
72200
12050370
27588340
23937480
72290
12083380
27605720
23926690
83940
12071520
27602520
23928890
90910
12074950
27603410
23924390
85910
12065530
27611530
23915610
86850
12070650
27610950
23922170
84150
12068670
27608360
23915550
88150
12076050
27601480
23920340
80300
12053500
27591800
23935090
75910
12055860
27591630
23941910
78010
12056380
27641720
23889990
97630
12061570
27583590
23941660
72230
12046400
27589020
23936130
72070
12059250
27587470
23940330
73900
12055930
27588790
23932280
71440
12058650
27580780
23938300
70370
12047780
27587830
23931180
72570
12055570
27585160
23936790
75740
12102050
27601110
23920570
89700
12074240
27597150
23929200
84100
12093000
27619920
23901180
89540
12073020
27601430
23948190
87960
12066730
27601360
23924680
87530
12076360
27600370
23926580
86110
12068160
27611550
23911950
89950
12052420
27585180
23937450
73560
12054260
27583860
23938300
79800
12060480
27661760
23869970
94670
12057150
27667720
23852990
72730
12057980
27590170
23969390
27945450
73970
27583840
23933730
76520
12056990
27584310
23938890
69460
12047190
27583400
23933890
71740
12054220
27591420
23973510
27946640
83500
27589680
23932050
77250
12058640
27618680
23909140
86260
12063460
27609800
23910640
85130
12085110
27604300
23926020
86300
12070310
27601680
23922730
87850
12073570
27605730
23918600
84640
12067180
27610910
23906810
85150
12073160
27604680
23936190
91560
12054670
27582330
23975380
27955590
78480
27582330
23939810
75780
12052150
27587110
23958530
105580
12064160
27589720
23939290
72560
12224330
27581120
23937710
72390
12062980
27581610
23939010
71800
12049010
27586640
23929860
72440
12053530
27583280
23978790
27945840
75010
27587930
23928670
72640
12059510
27584650
23934360
72300
12050570
27632770
23886350
83280
12086920
27606350
23914190
83190
12071670
27609640
23911770
86740
12074470
27604030
23916540
82970
12066200
27608140
23910510
82750
12064400
27607460
23931650
80060
12065100
11615370
12065670
11614530
12035630
11605100
12044980
11601920
12051200
11601430
12042740
11600480
12048400
11597390
12095730
11661150
12058530
11617430
12052220
11597260
12047650
11600170
12042220
11597560
12041240
11596200
12042050
11597930
12044640
11597920
12042310
11602460
12043970
11598970
12052850
11595170
12047880
11600190
12041660
11603290
12043390
11600010
12047350
11599400
12043480
11596190
12078930
11612220
12060800
11612830
12073380
11617240
12066840
11623980
12057430
11613750
12062130
11620050
12058640
11615500
12059580
11614930
12055220
11619160
12060140
11611690
12071880
11611440
12064220
11619840
12057470
11610600
12055610
11600450
12041830
11598130
12055500
11607450
12043470
11574570
12052410
11575990
12236510
11685590
12083210
11574730
12050330
11574790
12041530
11573210
12056300
11572530
12047300
11572470
12045010
11574370
12049670
11574270
12061550
11567750
12047180
11570650
12047470
11573650
12040610
11576540
12053850
11575100
12046340
11572040
12044040
11584220
12049390
11575130
12083900
11593670
12068440
11584890
12065760
11592240
12058040
11591650
12058140
11587370
12070470
11585610
12059020
11588330
12064140
11589370
12073580
11581290
12068360
11585440
12065880
11590370
12058460
11593370
12059760
11585950
12064940
11578610
12045310
11575030
12051470
11574630
12057390
11571300
12052900
11578790
12054830
11577060
12046780
11603740
12055790
11575510
12056920
11576020
12044760
11574230
12047740
11575300
12060290
11574220
12045940
11572410
12046670
11575970
12041940
11576220
12047920
11575340
12046430
11575160
12044990
11578610
12050180
11577570
12055990
11574010
12049770
11575770
12056340
11617070
12059120
11593330
12059210
11593510
12076830
11586110
12063160
11591500
12064620
11590490
12071700
11587400
12067040
11586880
12063280
11590720
12067020
11588360
12066400
11591170
12071930
11598780
12059950
11600490
12070730
11592930
12060090
11575710
12050850
11583840
12041630
11576890
12034410
11577690
12050360
11578770
12116390
11609150
12054880
11580940
12049230
11577150
12055780
11573200
12051050
11576770
12047640
11573690
12039950
11578000
12048320
11578100
12049070
11579000
12048570
11581410
12049030
11583310
12058130
11572210
12055880
11579020
12051600
11579540
12050390
11576230
12047050
11579640
12067460
11588700
12070500
11596430
12067930
11581510
12071570
11622210
12063210
11616410
12058360
11619230
12062210
11619940
12059300
11623240
12067370
11590840
12064980
11593420
12065220
11591430
12078810
11590990
12068160
11587850
12044080
11579360
12042340
11585570
12051990
11582080
12045850
11577270
12048980
11578900
12051640
11646180
12056430
11585710
12053870
11571760
12049080
11576750
12043290
11577980
12045780
11578460
12046350
11579740
12048600
11581870
12048660
11580890
12055080
11570970
12051200
11575640
12049090
11574760
12037100
11581400
12043240
11580390
12050150
11578630
12047990
11581780
12093820
11599140
12068030
11588550
12069530
11590640
12068970
11589480
12056030
11592400
12063400
11592460
12067220
11586870
12064730
11591700
12069220
11585690
12075940
11586260
12071560
11591790
12066240
11774690
12061570
11589080
12068100
11576810
12051700
11577600
12048480
11593720
12046250
11576730
12066670
11578730
12052470
11592360
12060670
11583380
12039440
11574720
12048660
11579240
12050700
11579150
12047340
11588980
12049350
11579410
12054560
11571020
12054170
11576080
12048790
11576860
12041020
11581460
12046230
11580340
12049560
11576670
12046760
11581850
12061740
11578250
12060930
11573260
12054570
11620620
12068310
11589950
12055140
11594790
12061010
11589900
12071840
11585610
12060380
11606070
12067960
11586860
12074090
11590140
12070140
11591890
12067520
11592640
12054910
11594700
12068110
11589660
12073450
11588450
12058240
11591230
12050530
11576900
12063060
11572110
12053110
11577640
12049860
11583510
12042600
11579110
12043030
11609520
12063550
11572760
12047410
11575560
12048300
11578290
12058210
11572440
12053810
11573370
12045030
11575710
12042270
11576710
12051680
11577190
12050090
11578730
12048900
11577400
12051040
11577600
12060890
11572650
12056020
11580040
12049350
11578910
12038840
11588870
12051420
11591720
12074310
11586400
12067600
11591790
12060230
11590380
12073990
11586410
12065940
11590430
12066670
11592260
12060740
11596670
12065390
11591120
12065190
11586520
12060930
11591340
12065850
11586470
12078080
11587270
12046970
11573360
12045880
11577130
12041020
11574760
12048680
11581910
12055160
11581470
12139640
11613560
12062250
11584190
12057040
11576490
12050990
11576730
12047960
11579370
12041330
11580450
12046910
11577810
12049840
11577630
12046260
11594220
12049040
11576400
12054290
11571190
12049910
11574990
12049420
11580190
12051010
11579320
12048010
11575520
12052030
11580150
12044000
11593770
12071210
11586230
12073170
11588740
12069720
11589210
12066980
11589520
12058700
11593010
12058890
11590830
12068680
11585690
12062080
11592480
12065450
11588200
12071610
11587410
12071140
11588770
12061080
11592120
12041740
11577270
12050200
11577500
12052840
11579710
12046980
11575530
12052380
11576810
12055280
11645780
12069180
11576570
12052810
11575530
12039280
11575500
12048300
11576670
12047840
11575260
12047230
11581720
12050960
11577550
12057930
11571750
12055340
11575020
12047460
11575610
12038890
11578680
12052460
11580990
12050740
11578340
12049470
11581580
12053740
11578330
12116290
11589500
12068560
11589910
12062640
11590730
12064910
11587740
12062890
11595360
12067290
11585070
12064300
11589970
12065800
11588580
12067780
11585950
12066330
11589520
12057870
11594020
12056820
11593030
12069370
11588530
12086600
11576560
