152490 
73530 
106910 
55120 
111760 
57050 
96190 
58130 
98020 
65550 
103150 
55490 
97580 
48980 
71830 
53810 
82230 
26430 
29310 
17660 
85590 
16420 
19410 
24000 
38090 
32820 
35310 
28700 
24150 
22390 
25730 
24620 
24750 
20550 
28670 
26500 
23480 
21580 
27110 
27480 
24460 
21340 
26730 
28290 
23230 
22730 
26080 
45580 
60310 
56150 
62380 
59800 
51930 
54590 
47680 
83650 
64980 
66380 
61850 
67440 
63460 
69210 
62690 
69880 
63240 
66800 
62970 
70820 
62620 
67360 
61630 
73360 
63020 
67750 
61110 
68720 
62630 
71430 
60950 
70040 
63830 
71050 
50350 
49350 
44240 
52230 
50370 
52820 
46030 
57680 
46860 
51860 
86100 
89260 
67630 
60070 
44600 
49690 
45880 
48330 
45250 
52260 
45830 
52410 
46970 
51560 
43720 
48570 
47600 
52660 
45510 
48980 
43480 
46800 
46650 
49470 
45040 
49910 
51520 
53060 
48860 
48010 
47500 
65470 
66930 
69300 
62730 
68040 
60510 
66500 
63440 
70440 
64380 
72880 
63150 
69820 
61530 
65980 
60870 
69160 
63240 
73820 
61660 
71110 
61440 
70610 
64150 
75730 
119130 
41400 
93540 
27720 
87570 
27390 
94130 
27400 
96860 
30670 
95800 
27440 
129520 
44290 
117420 
29630 
78960 
26120 
75360 
27190 
82220 
24760 
85390 
25520 
85140 
26510 
76290 
25130 
74750 
24170 
83960 
24230 
88740 
26000 
86170 
26980 
89650 
26230 
98150 
25410 
99270 
27830 
84830 
27070 
106900 
35740 
107720 
36040 
118900 
35750 
103590 
36550 
104790 
35340 
109940 
35750 
107760 
34640 
106410 
36020 
99960 
34090 
109190 
35090 
116920 
36290 
113080 
36360 
114960 
35050 
118240 
27160 
92030 
30660 
94060 
27090 
78930 
25160 
84440 
27190 
51840 
35330 
68220 
35060 
54940 
96600 
24590 
25280 
30100 
111110 
21870 
25520 
30100 
86210 
25000 
23570 
30760 
93060 
22320 
24240 
31910 
93170 
23110 
24700 
30970 
112000 
22900 
27520 
32030 
96210 
45240 
24640 
70170 
26270 
59400 
37300 
64300 
24930 
62470 
34680 
60000 
26750 
60780 
36620 
59100 
24400 
56360 
35860 
60940 
25150 
61060 
35880 
58440 
24600 
121390 
34930 
59770 
25970 
63680 
27690 
27480 
93930 
98420 
24270 
32000 
63000 
53430 
28990 
30400 
37820 
53140 
33780 
52040 
69460 
28890 
26120 
29790 
101440 
91760 
24560 
29770 
93220 
21130 
25020 
31460 
99790 
22900 
24860 
30720 
62920 
27440 
27210 
30930 
94460 
45970 
24560 
30950 
97530 
22320 
25450 
80530 
26680 
121330 
36540 
60780 
27950 
61070 
36780 
59450 
24640 
124020 
34070 
58660 
25660 
61690 
37480 
59470 
26510 
123620 
34690 
59640 
141480 
50840 
33350 
60900 
25250 
104330 
30500 
29050 
97470 
23930 
26510 
31630 
97650 
23750 
28480 
51440 
67880 
52840 
42370 
55880 
72340 
101540 
24470 
28630 
92900 
22300 
26910 
29400 
97920 
23050 
24960 
31530 
65820 
28640 
26800 
53890 
100270 
24030 
24450 
27840 
93630 
24980 
25470 
31760 
99100 
23880 
25730 
30800 
35660 
122730 
36920 
60720 
25870 
118680 
35500 
58450 
30340 
189970 
37700 
60280 
25870 
184290 
37800 
58980 
26690 
122980 
37830 
57720 
25650 
118740 
34640 
58060 
24910 
60800 
41980 
32250 
104590 
23350 
25040 
32300 
68820 
27460 
30670 
32460 
126500 
41340 
42800 
66980 
81250 
28610 
28650 
28850 
110290 
23780 
25220 
30590 
76710 
28520 
25540 
30140 
97490 
92460 
23830 
29840 
100140 
21700 
25930 
33220 
100840 
25940 
26730 
32600 
24180 
104100 
102840 
30300 
92900 
122320 
84630 
59410 
87800 
58850 
91140 
59630 
87020 
115220 
35950 
184730 
141500 
117010 
86140 
57260 
151340 
114340 
85140 
60720 
87390 
54950 
86900 
57320 
88180 
113590 
37210 
115450 
55870 
27310 
99600 
31830 
93110 
92650 
92690 
30990 
100890 
70110 
46550 
66370 
89730 
57140 
27160 
29200 
54990 
30880 
68310 
29240 
51680 
88370 
96430 
26550 
79360 
27690 
94690 
30500 
96430 
30500 
27180 
27060 
118870 
29090 
68550 
29680 
98910 
95420 
95910 
164470 
101090 
68110 
86330 
59360 
84020 
112810 
37530 
118760 
88930 
56660 
85800 
58120 
85790 
113480 
86840 
58200 
86740 
53320 
126240 
60170 
83850 
59220 
35610 
118340 
144580 
59070 
86320 
61390 
69540 
97390 
91220 
29510 
97330 
29200 
94500 
32960 
98710 
28790 
56370 
124560 
15730 
24910 
3896250 
29740 
97460 
50320 
92580 
27100 
95180 
29240 
97200 
88830 
25900 
26800 
19480 
28290 
27690 
27190 
20120 
30190 
27060 
48110 
19480 
54500 
29420 
28580 
21080 
29650 
27280 
58980 
29810 
60370 
38090 
58870 
27490 
57620 
35160 
53110 
27700 
59520 
37070 
57880 
28160 
58000 
34910 
62180 
28200 
115580 
39460 
59240 
27130 
58270 
35510 
51710 
28890 
58680 
37520 
29460 
106370 
23610 
28800 
29160 
21130 
98170 
31120 
28550 
22010 
72870 
42580 
64160 
22380 
24790 
31090 
29090 
21670 
87870 
25360 
57020 
62080 
25310 
29230 
23260 
21200 
24680 
27840 
22290 
21750 
24220 
26090 
23540 
22290 
25700 
25680 
21920 
24260 
25970 
27480 
21380 
22540 
39930 
37260 
27930 
28760 
31540 
36200 
28660 
30840 
33880 
33800 
27710 
29730 
32480 
34770 
32410 
32690 
35280 
36570 
30820 
29940 
33480 
35130 
30070 
28870 
33920 
36130 
32280 
21320 
24660 
29200 
24930 
22530 
24170 
27810 
25650 
22980 
25500 
42760 
36830 
29610 
29560 
29320 
25160 
20250 
24160 
27890 
25230 
20750 
24210 
29240 
25270 
21370 
24330 
27310 
24970 
22250 
25760 
26790 
25190 
22520 
25660 
27100 
26170 
22970 
26250 
26340 
25230 
22610 
42300 
36050 
31530 
29220 
35300 
33960 
30550 
28990 
34250 
37120 
31510 
28320 
32650 
58610 
55020 
40620 
99470 
15810 
22650 
33150 
32130 
30030 
32930 
36480 
30730 
30500 
38000 
29450 
25340 
22080 
28090 
29140 
25440 
26100 
31590 
31340 
26510 
40010 
44400 
35210 
28720 
24960 
26660 
26840 
24540 
20460 
25970 
27210 
25230 
21390 
26360 
28600 
25810 
20530 
23270 
26380 
24470 
21520 
25430 
25950 
24460 
20890 
26750 
29510 
25160 
21450 
25940 
29750 
25370 
32670 
33760 
34490 
30940 
30380 
35020 
36760 
30730 
29340 
34300 
36670 
31110 
28420 
34450 
35690 
32540 
28560 
32330 
34930 
30240 
29280 
33520 
33830 
31150 
28280 
112550 
35570 
25800 
21150 
28000 
29320 
27110 
21640 
25830 
30020 
26260 
23200 
43300 
40020 
31840 
23810 
24800 
27450 
24660 
22400 
25020 
28020 
24580 
20540 
24100 
27500 
25360 
22400 
24350 
25160 
25180 
21620 
24440 
27490 
24420 
22150 
25710 
29530 
27030 
21680 
26810 
28220 
25560 
37090 
33730 
35790 
32120 
29720 
35120 
36600 
30170 
28530 
34480 
38960 
36300 
27780 
34520 
35310 
30670 
29930 
32340 
35400 
30390 
28580 
33350 
36030 
31290 
29540 
35180 
36220 
26530 
21300 
25750 
28240 
25740 
22200 
24460 
31780 
25900 
22450 
45160 
42800 
32300 
25230 
25840 
29580 
25950 
20970 
26380 
26930 
25790 
23290 
24620 
32920 
28620 
22750 
25770 
27570 
23760 
22310 
26550 
27890 
24900 
21110 
25400 
27060 
26170 
23260 
25940 
25700 
24000 
21780 
38880 
37590 
31410 
28620 
33760 
34930 
30910 
112270 
53050 
34960 
62280 
28200 
127800 
39270 
58600 
27580 
121150 
36240 
59730 
27410 
59970 
37050 
54220 
26730 
122820 
37970 
50990 
125040 
23140 
24770 
31230 
108880 
99210 
27500 
29330 
22120 
56420 
46830 
59050 
25280 
29950 
28590 
59120 
12120 
21280 
26790 
26120 
20480 
24700 
27810 
24730 
21170 
24580 
28350 
25700 
20760 
23690 
27500 
23970 
22530 
24210 
27790 
25620 
22970 
26410 
27690 
24870 
21080 
42130 
35520 
31560 
29630 
32320 
34370 
31240 
29350 
32670 
35430 
31530 
29740 
34400 
36190 
30940 
29380 
33890 
35130 
32410 
28660 
114450 
35090 
31220 
28910 
32720 
33470 
33230 
22830 
24720 
26310 
25270 
21890 
26770 
28570 
27340 
21090 
26540 
47120 
37560 
31490 
30990 
28310 
26610 
21920 
24900 
27600 
23850 
20910 
25170 
28740 
25760 
20690 
23690 
27770 
24520 
22350 
25440 
25920 
24970 
21650 
24120 
28090 
25190 
23470 
26150 
28820 
28700 
21540 
26150 
37940 
31140 
29920 
33100 
34580 
30640 
27630 
33420 
34210 
31750 
28990 
33520 
35730 
31030 
28460 
32870 
33800 
31230 
30080 
32510 
35460 
31410 
31360 
33810 
35280 
31710 
27860 
27870 
28040 
24980 
22510 
25210 
26520 
25530 
25520 
26500 
27180 
39210 
35190 
33980 
29280 
25680 
22340 
27010 
27930 
25650 
23620 
25100 
27640 
25010 
22690 
25190 
27900 
24650 
19990 
23730 
27990 
25170 
22040 
24000 
28030 
25060 
21610 
25360 
26300 
25170 
22590 
25510 
40300 
31220 
29170 
34430 
35140 
30740 
98130 
33380 
34580 
31630 
28700 
33200 
35150 
30510 
30270 
34030 
36390 
31380 
29900 
34150 
35730 
30140 
29530 
33780 
37090 
32620 
29070 
26660 
26640 
23730 
24230 
26230 
27810 
24390 
23930 
28280 
28610 
38690 
37140 
35260 
33270 
26800 
22050 
25440 
27340 
25740 
22950 
25360 
32350 
24410 
21450 
25390 
26890 
25020 
21350 
29870 
29610 
25700 
64450 
26870 
26330 
27860 
71670 
30850 
27830 
27290 
65410 
93780 
40360 
60050 
27360 
60430 
38480 
51210 
25990 
125550 
38850 
65860 
29540 
62120 
36870 
55470 
27300 
173810 
37100 
59610 
26980 
60880 
38530 
52100 
28020 
62900 
36510 
54060 
30500 
55440 
26870 
27610 
20930 
109050 
26250 
28510 
21290 
52270 
28650 
68710 
34470 
146450 
34150 
28460 
72760 
27030 
27360 
28810 
97450 
23190 
23600 
28440 
22250 
29050 
29290 
26670 
64520 
28950 
27320 
27130 
67690 
27060 
28770 
27680 
120230 
107820 
24390 
27660 
22130 
31240 
30210 
58360 
27390 
127700 
36690 
59600 
28450 
60830 
37200 
55230 
26770 
118040 
37200 
59480 
27010 
58310 
37320 
53460 
27810 
124290 
35980 
58730 
28690 
59180 
35380 
56530 
25810 
115620 
27580 
26300 
99910 
22280 
26910 
30000 
21200 
56670 
28090 
28330 
38980 
76310 
36520 
31040 
64800 
93210 
25670 
48710 
21390 
27410 
27530 
26610 
21650 
29370 
27480 
27330 
70760 
31020 
28080 
26030 
90790 
23350 
24750 
28740 
22440 
27330 
30190 
27380 
67130 
27750 
28670 
67440 
26580 
61270 
36530 
59150 
24710 
118600 
37030 
56770 
26450 
118930 
35860 
57900 
25750 
127110 
36030 
58670 
26450 
62850 
36980 
58010 
24300 
86570 
34080 
98340 
34920 
112880 
26010 
81510 
25010 
85400 
28230 
84040 
28230 
89940 
28830 
77960 
40900 
106690 
36430 
113670 
25870 
78200 
26800 
79900 
25980 
81380 
26150 
86820 
26960 
80420 
26910 
75540 
25150 
83420 
23840 
87890 
24780 
75870 
27680 
77620 
25790 
83360 
27100 
90240 
28350 
82770 
25370 
84130 
42300 
107400 
35590 
120520 
36620 
111210 
37170 
104120 
34550 
108980 
36250 
111440 
36770 
107800 
36910 
96760 
34780 
82390 
34400 
118600 
34150 
103780 
36470 
108800 
34090 
106830 
37440 
87490 
27470 
81130 
30980 
89660 
28340 
81120 
27860 
88230 
28460 
131290 
45460 
106980 
30710 
86530 
27520 
87160 
29440 
81390 
26120 
71330 
25150 
75120 
25800 
79800 
27310 
69880 
27380 
71100 
25950 
75690 
27120 
88090 
28600 
86350 
27800 
75470 
27360 
81710 
27920 
86590 
35870 
100780 
37100 
100780 
33730 
114900 
35100 
109840 
36280 
105260 
34670 
90480 
35220 
97720 
34420 
96410 
36570 
86650 
37460 
89950 
36080 
98200 
36810 
98310 
36800 
94300 
35500 
90250 
27370 
78470 
28350 
88900 
28090 
69180 
28240 
77870 
29700 
116010 
46210 
104170 
35510 
80260 
28470 
73410 
24570 
80440 
25640 
84610 
25810 
70250 
27120 
68510 
25180 
75970 
26440 
77010 
27400 
72460 
26280 
69290 
25330 
79580 
26500 
85040 
27240 
70320 
28370 
76100 
27970 
107890 
35630 
97530 
37050 
95250 
35910 
92060 
36730 
96630 
35060 
108800 
35600 
98850 
37070 
101880 
34700 
107770 
37100 
110110 
38330 
101220 
38210 
98680 
35300 
105470 
38000 
116570 
27650 
76520 
32190 
85240 
31990 
83610 
30320 
90490 
35440 
80280 
48830 
109440 
35320 
90050 
26520 
86790 
26230 
67180 
28780 
72050 
82380 
80450 
49180 
73100 
25710 
82490 
25170 
75890 
24860 
66810 
25980 
85980 
28590 
81910 
48750 
82140 
49360 
98000 
48550 
79200 
45100 
138840 
60570 
95370 
53810 
88820 
55230 
116560 
52770 
101120 
56250 
101250 
55370 
110890 
60260 
105700 
55450 
105550 
52590 
85110 
56770 
107720 
55610 
106490 
56110 
92400 
58890 
113100 
46900 
84900 
51540 
86620 
45890 
88080 
46270 
86200 
46870 
79290 
51610 
153260 
57510 
81900 
49770 
92930 
46390 
77100 
51310 
71110 
42830 
86970 
46230 
76350 
25500 
75360 
25000 
74830 
48250 
66090 
26480 
65450 
27910 
73390 
47880 
74420 
43200 
74400 
28720 
77320 
26200 
74900 
67900 
101790 
57260 
94210 
56850 
97490 
56240 
107410 
51900 
108910 
57140 
88700 
56320 
94380 
53850 
98040 
53220 
109180 
53600 
95020 
55760 
99120 
53180 
127800 
50280 
107370 
57230 
81240 
45990 
75230 
25870 
80740 
25020 
78570 
29190 
69920 
48370 
132250 
71140 
103600 
53090 
80520 
44140 
87360 
49120 
74180 
24830 
77800 
26200 
78560 
25760 
72550 
43870 
75590 
26800 
79460 
25070 
69530 
25890 
80750 
26670 
74380 
26650 
79470 
46920 
83290 
26920 
68250 
28040 
105150 
55180 
98850 
58960 
107500 
53760 
94820 
55470 
98360 
55360 
97940 
56020 
105390 
56120 
90090 
56100 
99990 
54420 
88630 
49570 
106010 
54370 
103300 
56060 
91800 
54040 
90070 
46160 
78330 
47660 
71550 
46190 
67670 
25950 
83400 
50730 
117730 
70260 
109300 
56280 
79160 
42540 
77450 
25820 
79590 
26600 
73010 
49380 
73210 
43810 
86720 
47580 
75210 
42920 
90510 
26130 
72390 
44300 
70030 
46210 
90300 
49690 
68670 
49610 
70620 
25870 
71490 
48290 
106780 
53150 
97900 
56990 
92050 
56000 
98880 
64850 
111130 
55870 
97750 
56730 
103430 
55580 
108990 
57010 
95780 
56940 
93060 
56610 
96290 
54100 
96720 
54130 
108030 
52780 
91030 
48110 
74230 
44330 
80700 
49200 
74600 
42850 
92950 
52370 
92820 
50880 
125910 
53490 
96120 
26700 
75600 
46810 
76880 
25850 
76810 
47450 
72430 
42910 
82710 
26180 
76120 
44720 
70400 
24540 
76930 
26660 
68080 
48250 
66490 
26170 
83660 
50480 
76750 
42960 
73230 
26780 
120550 
53070 
95920 
54070 
105940 
56620 
92970 
57800 
89120 
55430 
108450 
56960 
95890 
53550 
93910 
56790 
99770 
54010 
107880 
56870 
110310 
55750 
93570 
56600 
109000 
56930 
98760 
46350 
86930 
43560 
84560 
28130 
80360 
27030 
85280 
28480 
87470 
27490 
138420 
60890 
97410 
50620 
90720 
47640 
70700 
40790 
85040 
27170 
72110 
45180 
66990 
45310 
78170 
26850 
67950 
45310 
65770 
25500 
67770 
46740 
71430 
45800 
78140 
26580 
76340 
27280 
68590 
27820 
91320 
68040 
94880 
55710 
117700 
57510 
107450 
61130 
95130 
54570 
93890 
57370 
93250 
54980 
95900 
56140 
88260 
52000 
87060 
57130 
98540 
55000 
105870 
50490 
112840 
56280 
108950 
60220 
