114200 
52980 
58160 
58610 
50170 
48300 
49950 
50540 
53050 
47670 
50090 
47310 
50000 
49600 
49490 
48920 
47280 
46450 
49270 
51390 
48800 
50970 
49680 
48250 
46150 
51060 
47110 
48700 
48540 
48680 
49250 
51300 
47740 
48890 
48200 
46380 
51010 
48640 
50460 
48240 
50440 
47420 
49570 
49120 
49100 
47430 
50240 
48550 
49170 
49400 
46950 
48720 
48410 
48020 
47670 
49670 
48080 
49260 
51230 
48590 
49490 
49400 
47120 
50890 
48840 
47460 
49140 
49670 
47680 
49850 
49290 
48140 
47650 
48240 
48460 
46580 
48530 
48680 
49200 
48250 
48400 
47560 
50490 
47830 
47920 
59910 
51440 
51560 
50280 
48540 
49360 
48830 
49790 
50110 
49370 
49090 
47820 
48730 
47990 
48650 
47500 
48410 
48520 
49400 
47170 
46070 
47890 
46690 
48160 
47840 
46300 
50940 
47480 
47800 
47650 
47310 
47500 
50060 
48810 
48910 
46890 
48090 
47450 
46550 
48450 
45540 
52010 
56350 
53090 
47610 
48350 
48080 
48100 
50120 
47290 
47660 
65280 
53780 
49480 
48310 
48590 
46390 
53200 
49750 
48330 
47140 
48500 
49620 
49590 
51760 
48890 
48950 
45920 
49220 
51310 
45680 
47850 
46460 
46010 
52350 
50240 
49820 
50390 
47850 
49900 
51410 
49870 
47930 
47710 
50500 
49730 
48610 
48460 
49280 
48000 
51120 
52870 
54890 
55510 
49880 
47910 
52690 
49120 
48980 
49150 
48800 
54570 
50850 
52640 
50610 
48870 
53130 
50810 
49790 
46910 
47310 
49010 
48170 
45970 
47620 
46900 
47550 
50040 
48500 
52170 
50620 
47760 
51070 
48430 
48110 
47270 
49360 
48360 
50630 
50820 
49310 
50510 
51310 
47350 
45710 
48760 
49870 
48330 
51190 
49270 
49990 
54410 
54520 
51610 
51170 
50310 
50480 
50370 
49040 
49350 
47810 
47860 
50220 
48500 
49920 
48780 
48650 
46490 
47500 
48330 
51090 
49440 
49260 
48390 
47100 
50190 
47110 
47790 
47920 
47020 
50250 
48460 
46920 
48280 
48060 
47250 
49500 
48200 
49960 
49940 
47560 
48040 
48850 
48330 
49790 
48910 
48600 
54690 
51630 
51080 
49440 
47550 
50090 
46580 
51810 
50800 
48290 
48270 
48330 
46550 
48720 
51490 
48790 
49610 
49650 
49370 
46170 
48900 
49140 
49340 
49600 
47720 
47650 
49390 
48420 
48990 
47920 
47450 
50280 
49020 
46910 
47230 
47520 
45630 
48150 
48080 
49270 
50250 
47150 
47430 
47300 
47610 
49080 
51160 
50500 
48200 
47350 
51430 
48200 
50560 
47950 
47730 
48730 
49330 
49570 
49590 
46520 
47740 
45460 
46930 
48350 
51260 
50760 
47320 
48850 
46450 
49220 
48860 
49260 
47920 
51500 
51430 
49550 
49120 
48570 
46050 
50200 
48500 
46740 
49530 
47890 
46510 
50030 
47410 
48400 
47170 
47690 
49270 
48140 
48820 
48650 
47550 
50570 
47760 
46690 
50250 
47700 
50170 
50850 
47890 
48790 
48110 
48460 
50110 
48070 
48740 
50610 
49310 
51840 
48090 
49950 
50550 
50800 
50100 
50490 
51500 
47390 
47730 
46880 
48020 
47690 
48750 
48680 
48990 
51830 
47150 
47440 
49370 
48470 
46910 
48730 
47180 
48870 
47240 
49280 
49760 
47540 
48760 
49320 
47640 
50260 
46600 
47830 
48190 
48790 
48710 
49180 
48150 
48350 
47410 
47910 
46680 
48690 
47630 
47150 
49380 
49090 
47270 
48590 
48460 
47720 
49940 
48640 
47580 
47840 
48660 
47010 
50640 
46980 
48050 
49030 
47650 
50710 
52190 
52290 
49540 
47370 
47900 
49340 
49420 
49260 
48380 
48400 
47690 
46980 
49650 
48780 
48830 
50190 
47000 
49830 
49330 
47500 
50160 
50830 
46940 
48800 
48380 
45960 
48890 
47850 
48250 
47590 
48550 
48250 
47480 
47580 
49370 
49790 
47240 
50220 
51060 
50100 
48030 
45070 
49840 
49430 
49930 
48690 
45230 
52050 
50320 
48000 
48790 
47010 
48060 
50340 
48810 
50430 
47400 
49330 
47900 
51150 
51480 
47630 
47340 
50500 
47690 
49170 
51230 
48530 
47800 
50060 
47340 
78680 
68850 
54180 
51910 
48320 
47280 
48230 
49790 
51360 
49500 
48770 
48560 
47400 
48650 
48540 
47760 
48170 
48590 
46920 
49830 
47040 
48170 
48950 
46770 
51220 
48690 
48200 
48040 
47110 
47920 
49780 
49070 
46690 
48690 
48300 
48020 
47660 
49190 
48340 
49640 
50160 
48910 
48660 
48710 
48640 
48730 
50850 
46070 
48060 
46960 
48840 
51620 
49820 
47350 
48430 
49210 
50820 
50080 
47530 
47350 
47810 
49190 
48410 
48420 
48960 
47270 
48110 
51400 
53230 
56280 
53480 
48150 
50570 
53230 
48970 
50010 
46630 
47670 
50630 
51460 
50890 
49760 
47620 
48600 
47670 
50100 
50100 
48200 
50940 
49600 
50570 
48540 
47270 
47030 
49290 
46190 
48790 
48200 
49070 
48050 
48640 
47540 
47770 
48180 
51070 
47120 
48610 
46890 
49080 
48910 
49680 
47750 
50370 
46520 
48560 
48460 
46310 
47480 
55250 
58540 
54120 
49150 
49430 
48280 
48720 
46580 
46240 
48010 
47960 
50240 
48510 
48460 
48100 
48710 
47140 
49710 
49970 
48250 
47970 
49150 
46750 
48140 
50100 
45410 
49100 
49280 
47530 
51930 
48540 
47610 
48450 
48370 
50540 
49990 
50060 
47540 
47160 
47130 
48960 
48830 
49860 
63760 
52820 
51500 
48360 
46340 
48500 
47100 
54170 
59940 
50800 
50790 
46150 
47610 
52780 
48980 
48010 
47830 
45510 
45840 
47560 
48160 
46460 
47210 
49300 
48080 
49200 
49170 
47260 
46000 
49620 
44550 
47430 
47380 
46530 
50160 
45990 
49180 
47950 
46120 
49680 
47210 
47830 
45630 
46410 
52080 
56250 
51360 
47590 
47680 
48380 
49010 
48310 
46100 
45890 
46120 
47890 
48350 
48320 
46570 
50230 
46310 
49000 
48360 
45570 
45620 
46800 
48830 
46100 
49090 
46790 
45760 
49890 
50510 
48750 
47990 
47020 
44840 
49350 
46600 
49700 
47170 
48430 
48260 
45550 
51980 
47870 
49360 
49240 
45260 
46660 
47660 
47490 
47220 
45690 
46260 
50090 
51970 
48910 
48540 
45650 
45780 
46930 
45390 
46120 
47030 
44630 
47800 
49830 
51900 
51390 
45330 
46560 
46770 
43140 
49980 
45930 
47420 
46400 
46440 
50060 
48300 
48250 
49970 
47980 
51000 
49510 
46240 
47640 
49060 
51950 
50100 
48770 
48840 
50160 
50770 
50050 
47470 
47350 
47170 
46790 
47410 
46780 
46640 
48650 
47750 
47960 
47860 
46000 
45820 
48850 
45990 
48670 
46540 
47630 
48120 
46190 
46240 
49190 
46790 
47120 
45770 
46790 
47370 
45900 
47230 
48360 
45630 
47730 
48610 
52260 
46330 
48260 
46760 
48720 
47090 
48440 
46610 
46580 
48800 
49290 
45650 
47030 
47780 
50940 
51580 
49930 
47000 
49170 
47440 
48050 
49450 
47950 
47670 
45070 
51010 
47920 
47900 
45690 
45790 
49430 
47360 
46900 
45960 
46660 
46970 
47860 
46220 
48320 
47780 
47670 
47010 
45210 
46860 
46760 
47630 
52540 
47700 
47430 
47740 
46550 
45980 
47590 
48150 
48480 
47490 
45810 
45530 
47470 
45800 
47400 
48790 
49750 
47840 
47520 
44890 
48450 
47310 
48080 
47220 
47010 
47730 
44950 
49930 
47780 
46970 
48030 
45250 
50270 
47370 
46200 
47080 
47440 
47220 
48250 
49070 
50030 
47670 
48530 
48370 
44300 
47150 
45110 
46940 
50930 
46110 
48190 
48990 
48490 
45310 
47230 
46740 
47640 
45880 
45530 
47520 
46270 
43940 
46230 
47260 
48030 
46850 
50090 
50120 
47950 
49570 
48540 
48170 
47060 
47380 
49100 
49060 
46390 
48140 
46280 
45850 
48610 
48100 
46530 
46470 
46890 
47640 
48480 
47940 
44700 
47220 
45870 
47130 
50510 
49710 
47960 
49170 
49610 
47760 
48540 
48730 
48500 
50480 
53030 
46290 
47030 
47240 
46010 
47420 
47570 
46460 
48280 
46140 
48240 
49290 
47800 
46270 
46230 
49180 
49230 
49060 
47300 
47000 
50800 
49520 
49030 
50690 
47430 
45930 
50180 
47170 
49660 
48080 
47550 
46020 
49740 
50740 
49000 
46050 
47270 
44810 
47110 
47630 
52270 
49210 
48340 
47310 
47180 
48710 
47430 
46730 
49510 
46820 
47010 
56240 
55260 
55850 
47760 
46130 
46810 
48700 
49290 
46610 
47170 
46270 
47550 
48510 
47470 
44430 
47690 
50520 
49310 
50950 
46550 
48520 
46540 
46440 
48770 
45060 
45280 
45730 
47800 
45670 
46370 
47090 
47380 
47790 
46870 
47380 
46680 
45290 
48430 
45640 
48670 
49950 
48010 
47980 
48060 
47200 
47360 
44420 
47410 
45040 
49580 
57310 
52930 
50930 
46630 
46600 
49670 
45980 
47510 
47010 
46030 
48950 
48220 
49170 
45990 
46910 
46070 
48230 
48330 
48610 
45620 
49370 
50400 
50190 
48190 
46860 
45210 
43270 
50120 
46040 
45620 
45940 
44440 
46430 
45160 
46750 
46960 
45040 
48840 
46990 
47580 
47990 
46550 
45880 
47350 
48770 
50820 
46090 
45420 
50040 
49520 
58740 
54170 
50150 
53070 
49380 
51110 
49890 
45500 
47040 
44680 
45780 
48610 
47070 
48240 
48160 
48870 
48690 
47260 
47690 
50230 
50000 
47140 
47930 
46760 
45660 
51040 
48110 
47340 
47930 
45850 
48830 
45480 
45330 
46090 
45900 
48280 
45460 
45660 
48190 
47450 
49000 
50530 
45960 
47160 
46350 
47590 
48130 
45500 
45280 
44770 
51000 
51120 
46580 
48090 
46420 
47280 
45130 
46840 
44490 
45520 
47360 
45950 
47360 
48050 
45940 
48460 
46160 
49480 
47680 
47580 
48660 
48520 
47810 
47970 
46010 
47600 
47780 
47850 
46750 
44640 
45480 
44200 
44250 
48500 
46850 
47920 
47060 
45400 
46370 
48750 
47180 
47570 
44730 
47160 
49080 
46820 
47260 
46670 
48000 
47790 
45210 
47420 
45790 
47530 
45090 
45920 
45940 
46390 
45920 
46000 
46120 
45830 
45370 
48400 
47050 
49030 
47070 
46890 
46400 
47460 
44150 
47220 
46090 
48610 
47840 
45800 
47170 
46680 
47590 
47480 
43960 
46690 
44290 
47480 
45100 
43630 
46250 
47040 
46420 
45720 
51800 
48770 
45910 
47590 
46840 
46120 
46650 
48100 
47590 
46050 
45120 
49370 
45900 
49050 
45810 
47100 
46650 
44100 
47680 
46380 
45370 
47770 
44790 
49510 
47140 
47160 
46640 
46570 
46230 
47740 
45240 
47340 
47070 
47510 
48040 
46200 
47050 
49080 
50400 
49630 
46980 
47160 
44750 
47240 
45200 
49090 
45880 
47460 
47780 
46410 
51980 
48700 
48230 
46400 
46640 
49140 
47970 
46590 
44990 
45840 
46330 
50330 
45970 
48000 
48060 
44680 
47980 
44870 
45700 
47630 
45510 
48320 
46050 
46540 
48340 
45800 
49800 
62420 
51300 
47460 
46060 
49680 
47550 
47230 
46010 
43800 
44510 
49370 
45910 
49810 
47420 
47370 
46400 
47510 
45660 
46450 
49480 
49460 
49750 
49450 
48070 
49940 
47510 
47510 
46790 
46830 
46750 
46930 
47120 
47450 
45390 
46530 
49210 
46840 
48380 
45360 
47700 
44900 
45550 
48010 
46240 
46890 
46410 
46100 
46730 
47290 
47570 
46920 
49980 
48290 
46530 
44870 
45100 
47550 
49520 
49870 
46900 
46710 
48200 
50220 
48200 
48530 
57520 
52760 
48880 
49670 
48180 
44890 
45310 
46150 
46330 
49930 
47150 
44800 
44230 
45830 
46840 
45610 
42840 
47370 
43700 
47520 
47510 
55720 
55650 
50350 
46920 
49620 
47800 
47500 
46400 
46030 
54850 
56690 
51250 
48610 
47060 
47070 
46540 
44950 
47120 
51830 
60270 
53110 
49230 
49790 
47800 
48240 
44900 
73370 
48210 
46190 
46730 
47880 
46540 
45210 
44570 
46210 
44760 
47560 
46350 
48240 
45260 
48810 
47530 
48060 
45530 
46450 
46460 
47070 
48080 
45530 
45680 
50990 
47730 
48940 
46450 
47200 
46550 
46660 
46490 
55140 
53820 
49080 
49560 
49450 
47930 
45780 
45770 
48150 
43530 
48350 
47610 
44690 
48630 
46890 
44650 
49190 
45760 
48230 
48850 
47140 
46150 
45080 
45340 
45860 
44410 
49410 
47180 
47610 
46840 
46560 
46600 
48700 
46420 
45840 
44650 
44300 
47130 
46920 
47300 
47270 
43680 
45730 
46230 
46240 
45840 
46580 
43630 
48100 
46900 
53710 
53310 
48000 
48580 
48640 
51140 
47480 
47720 
49000 
45200 
46450 
48250 
47340 
46990 
49040 
46950 
48440 
49030 
50090 
48390 
44800 
44640 
46070 
46560 
47620 
46200 
47850 
45020 
47270 
47670 
50820 
48020 
47870 
46880 
45640 
48120 
50260 
50010 
47730 
45350 
48550 
47570 
46940 
49590 
50010 
44900 
49480 
45180 
46700 
44780 
53310 
53930 
50450 
48280 
47160 
47810 
52740 
48950 
46960 
48470 
47330 
46930 
66080 
60350 
50260 
47920 
47490 
48050 
50010 
47410 
45950 
46530 
50220 
48520 
46180 
44660 
47120 
46230 
47040 
45620 
45390 
48390 
47470 
46950 
46900 
46460 
46850 
44270 
49370 
47060 
46650 
46680 
45560 
46400 
49980 
48040 
49590 
46160 
44980 
45520 
43640 
47150 
47980 
47300 
47790 
46250 
47080 
50960 
48840 
46280 
46290 
45710 
47630 
47790 
47320 
48330 
45540 
45180 
44570 
48220 
48270 
46750 
45740 
43160 
44810 
46710 
48000 
45340 
46570 
45160 
47860 
47550 
47580 
46050 
46540 
45290 
48530 
48510 
47870 
48130 
47500 
46450 
48760 
45770 
51970 
48310 
45780 
46810 
43790 
46280 
48590 
44910 
47480 
47660 
47360 
47840 
46630 
48220 
52960 
47250 
46200 
46820 
48290 
47870 
45560 
44340 
46480 
46190 
48250 
47600 
49230 
47440 
46760 
47920 
48340 
46310 
46450 
46570 
46370 
47160 
46350 
46400 
46060 
45100 
48130 
47930 
48270 
48040 
47770 
47350 
47330 
46530 
49400 
46140 
45960 
47260 
44030 
46760 
46720 
46960 
49660 
46580 
46600 
45530 
46680 
45890 
48290 
44170 
47700 
48350 
48250 
46610 
45370 
43440 
46900 
53720 
53410 
47740 
45930 
44570 
46820 
45980 
50320 
45480 
45780 
43690 
45480 
47780 
45760 
46010 
45080 
49360 
50840 
47830 
47110 
46000 
45170 
45990 
47240 
46540 
47870 
51670 
48510 
46370 
46550 
49560 
47850 
48880 
47910 
47600 
48830 
45830 
46980 
47540 
48900 
47990 
48200 
48790 
51940 
49840 
48160 
47770 
45990 
47710 
50370 
48100 
46530 
45650 
46270 
44910 
49840 
46270 
47630 
47070 
45670 
47770 
47540 
46070 
46220 
47040 
48930 
45910 
46800 
46560 
45940 
45670 
48660 
46860 
47830 
47100 
49410 
46460 
47860 
48060 
48120 
44970 
49100 
46740 
47040 
46860 
47590 
45430 
47930 
44860 
48100 
52090 
49300 
49150 
44260 
45080 
46010 
46800 
50950 
46920 
46850 
46570 
45820 
48780 
56280 
54070 
54840 
50230 
50410 
48960 
47890 
46720 
47110 
47920 
50440 
47060 
47280 
49360 
49180 
46610 
46500 
45390 
47870 
46150 
48850 
47960 
48120 
46520 
46710 
46330 
48620 
47750 
47960 
48920 
50620 
45150 
49000 
45820 
46230 
49720 
45950 
47850 
46720 
45000 
46110 
46170 
49920 
50090 
45700 
45310 
44520 
48560 
49640 
46440 
48590 
51530 
47040 
48460 
46740 
55360 
49200 
47460 
48460 
49120 
49570 
45330 
48350 
45560 
47240 
45740 
46620 
45710 
43870 
45120 
45340 
45090 
51430 
50960 
49210 
45190 
47190 
47730 
45750 
44410 
48830 
44150 
47900 
46400 
48050 
48720 
46720 
46280 
46530 
46500 
50040 
46580 
51480 
53760 
50790 
48420 
48500 
47720 
47020 
46580 
45550 
47630 
50300 
52270 
47290 
44740 
48240 
46430 
47200 
47170 
46190 
45860 
47760 
50240 
49310 
48130 
46290 
47960 
46850 
46350 
48540 
47070 
52440 
