94590 
83480 
49700 
61980 
52860 
63460 
55880 
70150 
54530 
63800 
54840 
111630 
111470 
89440 
65110 
64220 
48670 
30610 
51190 
29520 
55850 
32770 
44100 
30500 
42640 
30500 
47200 
30450 
46220 
29110 
45940 
32160 
43640 
29070 
45790 
30200 
60180 
34680 
50610 
30090 
43800 
31910 
46410 
48300 
61320 
39090 
60390 
40640 
58600 
38720 
60790 
44880 
64130 
38860 
67820 
42660 
67570 
42990 
61100 
42190 
61400 
40560 
60360 
40250 
62520 
38630 
61800 
40750 
59370 
45260 
58060 
86550 
36840 
36140 
57390 
35900 
52980 
35030 
62920 
29610 
101670 
49470 
72110 
32240 
53650 
28320 
65010 
31610 
53800 
28750 
55080 
29030 
50400 
26490 
51550 
27690 
50530 
25970 
51190 
24450 
51970 
26570 
50240 
25310 
56330 
26070 
71380 
29910 
54170 
29410 
53830 
30860 
74660 
36940 
70450 
35510 
74230 
39310 
72380 
40150 
81530 
42770 
73280 
38700 
67990 
37100 
73400 
38970 
70160 
38640 
70260 
37240 
70650 
38090 
70240 
38810 
81140 
43560 
66710 
29100 
51730 
28180 
59300 
30040 
53880 
29140 
59920 
28870 
53780 
50970 
84400 
42120 
61500 
31210 
59360 
27920 
68090 
34870 
57430 
28620 
54870 
27260 
54090 
27410 
53190 
26560 
51810 
28290 
57720 
29440 
66710 
30820 
51710 
29700 
52590 
31540 
52350 
32240 
54250 
27100 
89250 
38180 
72580 
37950 
74380 
39840 
79620 
44210 
72320 
38250 
72210 
38830 
69810 
39260 
71740 
37240 
72290 
37650 
71130 
38930 
75080 
39440 
71090 
37840 
72880 
36510 
85570 
35310 
55980 
30130 
61210 
29230 
54450 
26620 
59770 
30580 
56520 
55880 
93100 
39890 
77700 
33160 
56700 
29290 
50930 
29550 
54240 
26680 
51700 
29100 
51850 
28230 
55650 
29920 
55330 
26190 
58620 
35980 
56550 
28990 
51750 
30370 
53820 
28500 
54660 
27690 
54080 
27890 
54150 
49090 
72730 
38740 
71250 
37640 
73090 
38010 
83210 
42360 
74470 
39420 
83880 
41700 
75730 
39540 
72810 
41090 
70940 
38630 
69980 
41090 
82580 
42140 
76460 
39910 
72970 
38620 
57350 
29440 
57070 
28370 
54350 
29320 
57820 
31080 
54810 
29350 
103270 
41800 
65610 
31090 
48890 
92200 
46020 
29130 
47230 
26890 
46300 
28930 
48460 
27800 
45260 
26620 
48330 
31450 
46770 
27280 
53090 
104790 
49650 
29560 
48660 
28500 
50090 
30060 
51430 
31270 
47140 
44920 
64130 
41100 
73350 
38300 
64440 
38590 
66290 
34940 
63670 
41990 
67980 
40680 
66570 
39460 
63650 
39670 
66140 
44070 
63890 
107020 
69740 
40090 
65290 
36190 
63860 
39840 
46600 
31090 
48060 
29030 
50910 
27920 
49300 
36120 
49710 
28810 
124190 
51850 
64040 
40570 
54400 
28690 
46690 
30510 
46040 
28110 
45250 
30580 
50790 
31120 
48740 
27190 
59700 
31400 
48720 
28910 
47310 
28290 
47800 
29340 
47040 
35500 
54810 
29530 
51320 
32430 
48010 
31680 
72010 
153430 
67600 
37500 
63600 
36420 
62800 
37610 
62790 
37060 
61090 
37660 
64440 
40210 
63470 
37590 
65270 
37580 
63040 
36560 
67780 
109460 
63550 
38720 
63750 
36430 
67360 
31440 
50360 
32600 
47590 
28710 
50350 
29630 
57080 
37200 
52800 
48080 
72410 
41040 
51370 
30280 
48450 
26690 
47980 
31150 
45150 
28260 
47300 
143020 
47390 
35140 
54720 
31190 
45990 
30330 
46390 
28190 
48740 
26690 
47450 
31990 
46540 
29950 
46090 
28370 
48990 
29760 
65070 
40730 
66350 
42050 
66640 
38090 
60500 
36610 
63900 
39530 
63900 
40710 
64130 
37070 
63490 
36710 
68430 
43560 
67930 
43710 
64180 
37790 
59950 
37480 
65580 
41020 
66350 
37240 
45350 
72450 
49330 
30140 
46720 
29310 
60040 
38190 
51590 
55850 
73080 
42510 
62070 
33820 
51850 
27840 
46780 
73980 
45420 
30310 
45790 
27010 
42130 
29790 
51270 
35000 
52860 
29780 
46630 
32220 
49440 
27790 
46080 
29280 
48310 
30130 
50320 
28620 
49960 
35230 
55790 
113460 
57720 
36910 
64730 
39840 
62470 
38620 
61710 
36750 
65980 
36190 
64050 
38300 
59910 
39770 
74840 
44250 
64080 
35960 
64280 
42470 
64790 
35750 
61760 
37730 
65470 
41400 
48250 
60480 
27540 
29780 
56430 
30750 
60470 
40770 
62160 
32290 
98810 
49340 
74570 
33740 
55560 
27750 
52040 
28650 
53200 
29710 
61470 
34630 
61030 
28420 
55430 
29670 
50290 
28810 
52020 
27070 
53640 
25990 
50660 
27130 
56120 
30480 
57790 
27180 
66000 
34280 
57920 
47000 
73920 
39500 
70310 
36520 
71010 
37510 
71110 
38830 
74520 
40550 
73310 
38710 
67050 
38010 
91030 
38430 
62920 
39830 
65350 
115180 
64010 
96160 
61080 
37380 
65230 
39980 
48880 
29790 
49270 
35840 
52390 
32330 
47830 
29400 
53990 
29650 
49450 
46740 
67050 
38860 
48220 
36840 
59790 
74860 
27770 
28260 
62540 
37410 
62620 
29310 
51090 
26310 
52780 
27010 
57610 
30630 
54780 
28940 
54550 
30990 
54900 
27710 
52910 
30430 
77230 
81890 
49760 
97030 
109990 
38620 
69630 
39500 
63420 
37460 
61110 
37230 
64960 
38100 
64170 
43840 
68810 
98330 
60540 
37330 
65490 
36950 
61410 
82030 
33130 
38450 
75100 
39280 
76010 
38220 
74360 
33830 
60090 
34440 
60640 
27250 
57160 
32380 
58210 
28090 
54820 
51190 
95660 
40350 
61120 
28250 
53090 
28260 
59010 
27680 
68680 
31990 
46530 
30940 
48540 
30760 
43270 
29830 
48220 
30890 
44520 
28310 
46660 
31090 
50520 
36910 
50970 
48920 
45360 
31430 
47120 
28650 
46140 
45820 
62520 
39730 
56220 
39450 
59430 
42430 
61300 
39780 
64450 
42890 
62600 
41400 
59560 
40030 
59230 
39510 
62110 
38010 
59190 
38560 
61810 
40770 
62000 
40230 
60950 
40930 
52690 
34810 
53150 
33250 
44940 
32580 
47600 
33620 
45200 
51660 
99710 
47500 
62780 
33260 
44890 
36670 
47240 
31350 
46010 
30040 
45800 
29930 
44880 
28080 
43920 
27310 
47330 
30790 
43890 
29030 
47290 
32140 
44220 
33930 
53540 
32980 
48500 
32500 
49900 
29660 
45170 
47150 
61030 
40420 
60840 
44110 
65060 
40860 
61260 
39380 
62360 
40230 
68450 
42450 
58900 
40670 
60230 
41610 
60880 
41550 
62080 
40730 
63120 
40890 
60690 
42830 
62620 
40750 
47190 
29070 
46630 
32290 
47630 
29500 
45820 
34420 
47070 
34090 
117820 
50440 
56130 
36690 
45030 
34960 
53130 
32450 
47700 
30940 
45870 
31010 
47810 
31490 
44350 
29000 
45110 
30850 
45350 
27770 
44170 
29470 
48310 
33760 
53710 
34480 
48660 
32050 
52170 
29800 
46570 
45270 
58130 
39270 
60320 
38450 
60890 
40080 
67280 
42440 
61690 
42010 
58020 
39790 
60740 
40290 
61580 
38690 
62690 
39680 
58230 
39690 
63040 
42700 
58730 
40840 
66910 
44890 
49150 
31880 
43770 
30400 
46760 
31360 
44590 
31250 
50800 
32340 
46650 
50580 
69490 
41160 
51060 
34630 
49740 
31910 
46110 
32700 
49500 
31280 
45700 
31410 
46790 
30550 
46840 
29570 
44700 
33600 
55190 
31070 
45770 
28770 
49080 
32440 
45260 
31800 
46870 
29840 
46270 
30300 
106360 
38770 
60720 
39660 
60950 
42700 
66670 
39440 
62250 
40550 
58690 
42150 
60510 
39510 
66290 
42080 
59390 
39780 
59180 
42760 
61830 
39610 
62590 
82180 
35610 
39080 
80610 
30060 
52280 
27800 
55690 
28530 
52930 
25750 
59180 
33400 
57290 
160280 
111950 
45310 
59030 
33130 
49320 
29170 
49870 
30610 
49600 
27200 
46820 
27320 
45990 
30710 
48280 
26810 
48830 
27150 
59080 
33450 
52260 
29980 
50790 
30130 
50800 
29740 
48150 
28010 
50090 
30820 
47680 
44170 
64510 
37470 
65350 
42350 
69790 
38650 
69040 
38640 
65410 
40680 
64460 
40840 
65650 
37620 
63210 
36370 
63400 
41890 
69060 
42590 
69840 
37480 
66660 
36910 
64550 
39490 
49590 
29050 
47800 
32290 
50470 
28070 
48000 
29950 
52440 
45340 
119040 
49020 
66000 
33590 
48460 
31070 
47750 
29960 
46720 
27940 
49350 
29080 
48990 
27240 
47790 
30030 
49470 
35680 
55850 
93860 
47310 
29660 
47840 
30490 
51620 
31730 
54300 
31520 
50750 
30640 
55260 
46440 
69590 
37900 
64640 
39670 
63610 
37950 
65690 
37110 
62680 
36970 
62060 
39890 
61020 
35450 
63630 
38820 
64160 
37410 
66590 
41810 
65640 
37860 
64240 
37020 
64480 
39770 
49860 
28890 
45980 
28390 
50430 
31490 
49410 
32390 
49910 
34520 
145390 
118080 
57180 
34520 
47820 
31210 
54480 
31980 
46270 
26970 
50010 
30710 
49530 
34390 
54940 
91520 
47590 
30380 
49880 
28270 
47480 
29740 
50030 
28200 
47160 
28200 
51110 
33710 
49430 
29340 
47990 
34390 
102770 
43180 
64500 
35580 
62320 
38600 
63800 
37030 
62190 
35300 
64090 
39650 
61130 
35820 
62060 
38150 
66120 
40050 
72170 
45170 
63710 
42050 
62940 
42680 
62760 
42470 
65620 
32390 
49460 
30860 
49220 
34140 
56610 
33720 
52360 
31370 
50070 
53470 
98290 
44070 
51030 
30890 
50840 
30910 
48790 
30220 
48200 
30490 
47350 
30990 
52530 
35650 
50130 
31210 
53880 
29650 
45900 
29560 
50160 
30200 
48070 
31480 
50070 
32860 
51700 
31180 
49080 
31800 
116440 
45710 
65130 
42670 
67470 
42130 
67080 
42180 
62640 
41000 
63500 
41000 
65560 
39590 
69660 
44940 
150120 
41840 
65010 
43460 
60110 
41250 
62170 
42230 
64940 
40270 
64780 
36470 
49190 
33420 
49790 
31680 
47280 
33300 
56710 
33600 
48940 
56870 
95640 
49180 
65440 
35570 
52390 
29580 
48610 
30080 
47830 
29610 
45910 
33750 
56760 
31990 
47750 
28750 
48540 
29370 
47020 
30680 
46310 
29150 
47760 
30720 
49490 
34870 
55820 
33890 
49360 
31520 
49320 
50400 
66950 
40860 
64320 
41680 
63840 
38820 
64030 
41130 
65510 
41060 
62070 
41980 
63170 
41360 
69910 
41770 
62380 
42000 
64930 
40220 
62700 
39990 
68190 
42800 
65240 
44640 
48690 
31140 
47560 
34930 
53800 
33470 
51220 
34880 
53510 
30990 
118200 
51760 
101550 
35780 
48890 
30790 
46720 
32690 
53930 
33030 
49300 
68830 
55700 
35720 
50150 
27490 
46920 
72050 
45560 
29450 
47350 
26750 
45830 
28750 
51610 
28700 
48710 
34930 
54160 
35280 
52750 
42250 
63400 
36390 
65600 
37990 
65040 
36890 
62910 
36730 
65110 
37000 
61970 
42140 
74960 
44890 
66680 
36690 
63370 
38870 
66080 
35770 
66980 
36700 
64500 
37530 
64630 
44260 
51920 
31220 
51580 
33340 
52090 
28190 
49230 
31190 
53560 
27970 
65350 
48390 
65180 
36710 
50710 
30090 
46780 
26520 
50390 
34480 
53810 
30060 
50050 
91810 
46530 
29060 
46210 
70830 
48670 
29450 
48520 
28910 
46150 
27680 
50270 
32880 
57540 
33600 
53450 
93000 
47970 
27740 
107170 
37840 
65300 
41240 
64000 
37780 
61350 
41290 
68480 
43610 
65270 
37850 
65510 
37860 
64920 
35690 
63610 
36450 
63930 
36910 
63030 
37270 
63170 
36750 
72520 
45780 
71670 
35990 
56300 
98710 
50530 
29430 
50070 
27710 
50000 
32150 
52340 
49030 
106900 
38830 
55370 
29770 
48000 
28620 
57440 
105160 
26560 
66220 
23230 
67690 
23630 
75290 
25020 
65420 
22930 
63700 
22820 
29280 
29440 
72710 
23010 
128320 
24030 
69790 
24240 
67360 
23160 
69010 
30440 
90750 
32450 
87560 
32290 
38930 
33960 
85780 
31160 
148240 
35550 
91310 
33880 
37760 
31640 
36360 
32250 
36780 
31370 
86530 
32890 
39470 
35460 
88250 
32740 
93610 
39130 
79180 
26030 
71100 
23860 
72560 
23660 
67300 
23050 
76910 
27520 
58790 
44420 
98510 
37880 
129980 
24930 
33720 
25640 
69480 
24560 
117120 
24050 
70520 
22910 
111210 
24340 
29880 
29700 
68800 
24330 
68990 
24020 
67560 
30730 
32820 
26500 
77100 
26850 
69960 
24610 
27970 
27560 
84700 
36000 
37410 
71170 
38530 
70300 
43410 
85290 
46130 
75690 
40550 
84690 
41580 
72540 
37670 
69630 
39330 
74030 
39280 
72850 
38860 
85470 
45720 
71030 
46660 
82750 
44350 
58140 
27350 
50890 
28490 
53780 
30350 
51510 
31270 
53680 
28840 
107080 
36050 
26510 
82690 
29190 
74370 
24450 
70850 
22710 
67610 
25910 
30810 
24420 
85660 
25230 
69770 
24990 
67960 
24780 
69560 
29000 
75540 
23740 
69850 
25370 
69540 
26820 
31940 
25330 
69410 
29450 
47040 
33060 
36610 
39200 
40360 
33430 
37010 
31470 
91570 
34200 
37060 
31970 
39230 
34180 
88550 
36460 
94430 
34180 
36410 
33390 
36970 
31220 
38610 
38860 
39480 
33290 
40960 
26560 
32230 
23770 
70600 
25870 
131800 
24580 
118120 
25350 
29090 
22880 
45400 
36560 
39820 
23510 
66500 
24950 
30960 
24970 
28350 
24830 
133960 
24310 
68950 
23360 
70810 
29080 
96090 
25480 
31610 
24380 
68900 
26380 
31950 
25200 
72950 
28570 
71680 
26900 
71460 
24700 
75700 
43610 
36840 
32510 
36090 
32810 
135720 
35890 
43050 
34940 
91930 
37410 
95590 
34620 
35840 
34850 
90430 
37370 
38000 
33540 
36340 
31030 
34670 
33040 
42950 
64420 
41460 
70710 
32090 
51480 
30870 
50990 
32740 
53140 
32710 
63020 
37300 
49040 
56870 
43910 
46160 
59460 
29700 
49150 
30090 
48960 
30240 
47030 
28180 
46110 
29300 
47410 
30680 
46570 
27910 
49760 
37180 
53950 
30510 
48290 
31340 
50720 
31210 
49300 
29740 
47230 
31300 
51240 
31810 
46970 
49110 
112510 
44020 
66900 
40920 
109690 
42380 
66020 
42030 
64350 
43190 
62970 
43330 
65030 
43540 
70040 
47310 
64820 
42510 
64340 
41630 
65380 
41540 
66500 
41170 
64680 
44530 
48190 
32010 
50010 
32100 
46600 
29190 
52980 
34210 
56780 
53680 
121460 
49980 
68790 
35530 
49310 
30250 
47420 
30900 
48760 
30000 
46410 
28630 
48430 
29780 
128670 
34400 
54130 
29960 
49140 
28930 
46280 
30530 
46100 
32000 
51610 
29990 
52270 
30800 
59420 
37740 
49980 
49980 
66520 
40250 
65500 
42380 
63500 
41130 
64080 
40700 
66830 
42410 
62030 
43000 
64150 
43180 
65870 
40330 
66040 
42460 
70270 
44100 
64280 
41080 
64030 
41580 
64580 
46360 
50060 
30810 
49500 
32780 
50590 
30900 
26790 
40240 
55400 
32250 
126170 
55030 
59150 
38230 
50120 
29460 
47660 
31450 
52300 
30140 
56770 
35710 
54350 
31730 
49170 
31700 
47860 
30320 
47360 
28570 
48720 
28880 
48790 
27930 
49930 
30530 
51060 
37210 
54380 
31030 
48990 
46840 
66620 
46670 
66530 
41690 
62860 
41610 
66200 
40100 
62870 
41610 
64960 
43610 
64490 
40740 
63270 
43650 
68040 
42860 
62860 
40670 
63140 
42860 
62170 
39680 
67160 
47490 
54070 
33330 
57420 
37860 
71070 
43660 
53350 
32970 
53130 
31390 
49350 
54630 
72240 
42680 
55540 
32000 
50530 
29900 
48700 
29770 
48470 
30310 
47530 
33400 
53380 
31670 
51640 
31000 
47180 
29860 
48950 
31340 
50620 
29540 
47310 
31700 
49050 
31510 
51640 
34630 
56270 
33870 
98130 
42900 
63960 
43120 
64890 
42650 
66690 
42030 
64870 
42980 
36030 
44920 
71580 
44140 
64990 
42210 
66630 
42140 
62590 
41750 
64370 
41730 
64950 
41310 
65600 
40720 
100870 
33040 
48250 
29980 
48020 
33290 
61100 
35980 
55470 
32730 
52080 
56050 
