120030 
73630 
67050 
82180 
52550 
50600 
48260 
52070 
48590 
54470 
48670 
58730 
52720 
50240 
98310 
84390 
76390 
61200 
44900 
42840 
42790 
44740 
42650 
46710 
42990 
47940 
46050 
44260 
45320 
48250 
42670 
43180 
46530 
46120 
43230 
42100 
41670 
43480 
52920 
48650 
51140 
45670 
44340 
48030 
46890 
45790 
74130 
59410 
59920 
59990 
59270 
56670 
57220 
59110 
60080 
60750 
59710 
57050 
57810 
60950 
60010 
59990 
58120 
55480 
62000 
59740 
58940 
57000 
58380 
62020 
57480 
59990 
61170 
43500 
45710 
47780 
49560 
43690 
42070 
43970 
52660 
48650 
44180 
81380 
78200 
64440 
47960 
44990 
42090 
42740 
44900 
43600 
45660 
43580 
43270 
45350 
45840 
45810 
43790 
44160 
43150 
47120 
45640 
44870 
44100 
42100 
44640 
47540 
46330 
44900 
42500 
45370 
48280 
47430 
74860 
57300 
60100 
60870 
58100 
59470 
56270 
59980 
60170 
58520 
60970 
55900 
57000 
61170 
62230 
59420 
59110 
58220 
60030 
60560 
57900 
58820 
57690 
59190 
62030 
59520 
70670 
45730 
44610 
41130 
52220 
48060 
44330 
46100 
49770 
48320 
44740 
89220 
82000 
64590 
58210 
46370 
44830 
57150 
51290 
46710 
44510 
47720 
42970 
45230 
48200 
46290 
42060 
43790 
42980 
43090 
44810 
42870 
44980 
43390 
43230 
44770 
45610 
52330 
46310 
45290 
44320 
45660 
49180 
71610 
61520 
61070 
58200 
58300 
57990 
63330 
59030 
57260 
60520 
59630 
61160 
60440 
56840 
60730 
57830 
61260 
59590 
57290 
63220 
59530 
61020 
57240 
60550 
60290 
61200 
60480 
48570 
44790 
45170 
46570 
48360 
49790 
45170 
51410 
47250 
45180 
81950 
75280 
61290 
48950 
44980 
47100 
42600 
46540 
42310 
42450 
42060 
44210 
44220 
41290 
45550 
42850 
45510 
42130 
43970 
43870 
44090 
44470 
43160 
41870 
43670 
46820 
47610 
48860 
47470 
44370 
46560 
73980 
61800 
56940 
58210 
56740 
60110 
59770 
58440 
58630 
55940 
62400 
59790 
61140 
61830 
57090 
59820 
60480 
59980 
60550 
57170 
55990 
63340 
60630 
61310 
58860 
56990 
67780 
48360 
44840 
42320 
43920 
48320 
44870 
45940 
49140 
44980 
43990 
88880 
83920 
62330 
51670 
43010 
45940 
43940 
45920 
43900 
41090 
44400 
47850 
44640 
45110 
41880 
44260 
46590 
45360 
43800 
42140 
42470 
64070 
47470 
44350 
43500 
42960 
48860 
47080 
44760 
45540 
48250 
48550 
72320 
59720 
58200 
59130 
61530 
58960 
58570 
58520 
58570 
58500 
59360 
58700 
62840 
60810 
57640 
58940 
60090 
60740 
59490 
56270 
59900 
60220 
58120 
56860 
56540 
57240 
58660 
45780 
45280 
46110 
47230 
46230 
45570 
49080 
48360 
49210 
44560 
82360 
73640 
62470 
48450 
46770 
44480 
43540 
43370 
43620 
44400 
43120 
45710 
44600 
43140 
44550 
44910 
45310 
43480 
45690 
45040 
43190 
49840 
45050 
45000 
45910 
46260 
47430 
47170 
47040 
44820 
46010 
72250 
61410 
64750 
58680 
60500 
58820 
56940 
58500 
59850 
61430 
56900 
57900 
58540 
60630 
60420 
59570 
59400 
60940 
59490 
60680 
57650 
59710 
59650 
58060 
61680 
59470 
63830 
44600 
43250 
43860 
47420 
48500 
43960 
43200 
51030 
47760 
43950 
85490 
81270 
69930 
55420 
43170 
43510 
42750 
43670 
44990 
43320 
42700 
42020 
44950 
45860 
46810 
44340 
43180 
44540 
45410 
45910 
45290 
41350 
44200 
46090 
47190 
43830 
46370 
45210 
46670 
45950 
46730 
55290 
65790 
60140 
63140 
63390 
60830 
57490 
59290 
59650 
60690 
58330 
57760 
56370 
58300 
59770 
58700 
58510 
57690 
57220 
58980 
62290 
58960 
57920 
61190 
62510 
60090 
62690 
60750 
44770 
46490 
46800 
47390 
44550 
42420 
45950 
48750 
46710 
55850 
81130 
74440 
59890 
51770 
43150 
43130 
42080 
46400 
45340 
42220 
44510 
41770 
45910 
46370 
44950 
42310 
41690 
46560 
44370 
44520 
41440 
41350 
41640 
44720 
47260 
47080 
48850 
45420 
48510 
47950 
46060 
73730 
56180 
64010 
59400 
61290 
57640 
58540 
59730 
60890 
59750 
57610 
56920 
58790 
57890 
62290 
60510 
57440 
57470 
58800 
60710 
59270 
57190 
59690 
58190 
62640 
58470 
62040 
47710 
46140 
45300 
49810 
47140 
44680 
44590 
53470 
47080 
45270 
81840 
80790 
68480 
54540 
44230 
44800 
42170 
43040 
48140 
43330 
43140 
44320 
43630 
45160 
43860 
46070 
42630 
43640 
43050 
44470 
46050 
42090 
43580 
41790 
46320 
45960 
48420 
45570 
43780 
47460 
46240 
64120 
57750 
61420 
57520 
59820 
59590 
57140 
60830 
58380 
58580 
61580 
60660 
59740 
54530 
61180 
61260 
60630 
61210 
58100 
56240 
59430 
58750 
59910 
56990 
57970 
60840 
62780 
56200 
50100 
43000 
46090 
47280 
46900 
44980 
46300 
49820 
46740 
149170 
82390 
70610 
59230 
47280 
43910 
46140 
42410 
43030 
44370 
43910 
45440 
49240 
49900 
44270 
45310 
46430 
44670 
45550 
41790 
44850 
45350 
44490 
44670 
45780 
49260 
49120 
50070 
44210 
44810 
43880 
48350 
77170 
62060 
59880 
59140 
63510 
64920 
62730 
59990 
62400 
64190 
62570 
62750 
57040 
60610 
58680 
64840 
63240 
61030 
60130 
60870 
61920 
59900 
66340 
59390 
58700 
61070 
72890 
53240 
45520 
44790 
44140 
51460 
46400 
50580 
48340 
44600 
48110 
107020 
103880 
84370 
69400 
72860 
66120 
64350 
45640 
43850 
44250 
49840 
46920 
42830 
44300 
43870 
48030 
103200 
44040 
46490 
42520 
47080 
43590 
45240 
44800 
45230 
44170 
54420 
50260 
50680 
46480 
49190 
80020 
67060 
65120 
67170 
63820 
68570 
65200 
65530 
61410 
59750 
64950 
65650 
64550 
62320 
60540 
64320 
63350 
63720 
66220 
61170 
61730 
64810 
66510 
65950 
65890 
66300 
75580 
56730 
46690 
44230 
49650 
48240 
49110 
47210 
51700 
47780 
48250 
105210 
89460 
80760 
56150 
50430 
45230 
46330 
44150 
46150 
47530 
48080 
47220 
46120 
46440 
44910 
44680 
46270 
46200 
46600 
41950 
43930 
46150 
50180 
47190 
47280 
47450 
47070 
49320 
46600 
46710 
53360 
55270 
70100 
66990 
64280 
63150 
62380 
62240 
70290 
65960 
65380 
64680 
63420 
67070 
62790 
63160 
64760 
63370 
66160 
65980 
67260 
65730 
64220 
65970 
67710 
82290 
70250 
63240 
62780 
51010 
45790 
51420 
48840 
52860 
80720 
71760 
77620 
71870 
66100 
98630 
85080 
82980 
74420 
52330 
46930 
48040 
47570 
47400 
47040 
46130 
47170 
49500 
48260 
46330 
45200 
45350 
47250 
47240 
46710 
49410 
47180 
46440 
49800 
48750 
46990 
48120 
48720 
48490 
50940 
46740 
85240 
67200 
65290 
67280 
65390 
64160 
65740 
68210 
67180 
66130 
64870 
63950 
66460 
69970 
69340 
69750 
67470 
66940 
70720 
65690 
65570 
66540 
63400 
68230 
66250 
64270 
75090 
49560 
48330 
49750 
50530 
48950 
45230 
46650 
56680 
51430 
48530 
104390 
93500 
79020 
62150 
51250 
46360 
46380 
51720 
46760 
48600 
43830 
44190 
44200 
46480 
48010 
45720 
44580 
45170 
48160 
46940 
46210 
45450 
45140 
48900 
51280 
51160 
51120 
53000 
50520 
50430 
49160 
63880 
64000 
64680 
68470 
64720 
64980 
63330 
61600 
68520 
67450 
66930 
62800 
63160 
68270 
66630 
65270 
62680 
61410 
66040 
66500 
66690 
64040 
65170 
66410 
69490 
67710 
68720 
58470 
48650 
46200 
49400 
48860 
46140 
44300 
47730 
54990 
49150 
84240 
94060 
82130 
71990 
53020 
46050 
45370 
47430 
46360 
48050 
51360 
48070 
45580 
45000 
47730 
46230 
45730 
45130 
44950 
48950 
46430 
46980 
43890 
47560 
47290 
47680 
50270 
50170 
49870 
47860 
48690 
48490 
120980 
91310 
81970 
89520 
93350 
87890 
102540 
87310 
99150 
89590 
92170 
67540 
63600 
63840 
69900 
65550 
64080 
66160 
63300 
65890 
65230 
64280 
66280 
63990 
64490 
64950 
75140 
54500 
46540 
52320 
51490 
50280 
51090 
47170 
53360 
51560 
51150 
97770 
85250 
71390 
56880 
49030 
48510 
48730 
51290 
45120 
46450 
46450 
46470 
57230 
47430 
49050 
47420 
45530 
48020 
59490 
47850 
48310 
48230 
45790 
44990 
46040 
49350 
51280 
50770 
48930 
47470 
48820 
79250 
68240 
64370 
66330 
64820 
65660 
71400 
77680 
68510 
72990 
68160 
69460 
67890 
65700 
64830 
65290 
67150 
65370 
63870 
66950 
65580 
65030 
67090 
63970 
62160 
61120 
66010 
64370 
48080 
44510 
46370 
69020 
80880 
78210 
74310 
72210 
76240 
73460 
89400 
82970 
67420 
50830 
49890 
46280 
46680 
44230 
44530 
45870 
46330 
47960 
45170 
44970 
46210 
50030 
50950 
45240 
44110 
43790 
47550 
51010 
50780 
47510 
50260 
49830 
52340 
50850 
46030 
44800 
52370 
86840 
67850 
64400 
63040 
61660 
70280 
66850 
72060 
65460 
64810 
68540 
67430 
68580 
64120 
65560 
70370 
69770 
67550 
68520 
70060 
67570 
68720 
69170 
67640 
63900 
63620 
72700 
49840 
46550 
43410 
47870 
49090 
48270 
46340 
52070 
53200 
49480 
99440 
85790 
71040 
53020 
48220 
49690 
49570 
45670 
45620 
50140 
46490 
49830 
47520 
44850 
45830 
44860 
48990 
45200 
46260 
46680 
44520 
49430 
45940 
47450 
49260 
48220 
52250 
49960 
52600 
49690 
52510 
85920 
68790 
65850 
67040 
68600 
66530 
67330 
65660 
64910 
69220 
64740 
69000 
67190 
65690 
68160 
63420 
66500 
69780 
63490 
68260 
64880 
64460 
67640 
66420 
66800 
67660 
77320 
56180 
46910 
46900 
51080 
49660 
47890 
47970 
54120 
55160 
49100 
98030 
93000 
75820 
65100 
47880 
47940 
50630 
47650 
48710 
45520 
48200 
45470 
49480 
50650 
47810 
49850 
44720 
46010 
47530 
50150 
49580 
45710 
48200 
46570 
49830 
48290 
47920 
50040 
50760 
50220 
49070 
47300 
89120 
71130 
69600 
10118760 
10128050 
10109140 
10123520 
10118990 
10244890 
75900 
66670 
69240 
66070 
68190 
65580 
64780 
63130 
67970 
68680 
65710 
63490 
61090 
66560 
67270 
66030 
64210 
70510 
49890 
45750 
49560 
51420 
49860 
45830 
54510 
55540 
50050 
46320 
96190 
90770 
73520 
55700 
45430 
45980 
46750 
46300 
46450 
46410 
44370 
44320 
49340 
51110 
50170 
44890 
48820 
46220 
47150 
50260 
49180 
46450 
69820 
75420 
70080 
55640 
41310 
44270 
50080 
48880 
47460 
44730 
77660 
67280 
69350 
65040 
66130 
64490 
62590 
67240 
67440 
67290 
62720 
62060 
67960 
64390 
69290 
63340 
61270 
63540 
63470 
63990 
63440 
63370 
67460 
63010 
67720 
63820 
67460 
51290 
48080 
49960 
47570 
46690 
45720 
48570 
52540 
52020 
50980 
93840 
81890 
69240 
58620 
48510 
46810 
46870 
46630 
47650 
46400 
45990 
48110 
45160 
46070 
44810 
44210 
43920 
45200 
46510 
46150 
44910 
44070 
45170 
47160 
49310 
48890 
50320 
47700 
46860 
50250 
48570 
84880 
62680 
59660 
64290 
65180 
64160 
62950 
61800 
64570 
64810 
61750 
62250 
63950 
63930 
68970 
64530 
61930 
66570 
67250 
66730 
67360 
61360 
66360 
61640 
65390 
62630 
72900 
53300 
45790 
45110 
50100 
49810 
49350 
45300 
52000 
47940 
48440 
103580 
86030 
73180 
60910 
48460 
47290 
47520 
46390 
44160 
48590 
50760 
50440 
46430 
45130 
45690 
47400 
46180 
44550 
45860 
44870 
45590 
46630 
45830 
45710 
47150 
49550 
48940 
48940 
46140 
46910 
45960 
47050 
78350 
64890 
60710 
66670 
63660 
67790 
62040 
61550 
62730 
63390 
73310 
69530 
65800 
64140 
65350 
69480 
63720 
62150 
63080 
56750 
68910 
67570 
67400 
65600 
63660 
68070 
66200 
47900 
45320 
48840 
48310 
51620 
45560 
47110 
50150 
50810 
51250 
93310 
81760 
67160 
51150 
50830 
46820 
46260 
44660 
45210 
48730 
50220 
48350 
46930 
47930 
47680 
47910 
49630 
45050 
59260 
54460 
53210 
47880 
45780 
45620 
47660 
51110 
52110 
48630 
48510 
44840 
49330 
84320 
68060 
64790 
62780 
62480 
66730 
66880 
65270 
62470 
64140 
67120 
67540 
63690 
63740 
61700 
66940 
63280 
66920 
62040 
62170 
65140 
63790 
67350 
63610 
62250 
64940 
70970 
52230 
45550 
44850 
46240 
49440 
50600 
46870 
54420 
49650 
48030 
100370 
87530 
80050 
58780 
46990 
46890 
50740 
44080 
46770 
47880 
50420 
47090 
47550 
46130 
45150 
45950 
48920 
47190 
46350 
44030 
47480 
50300 
49590 
45720 
49420 
48700 
50030 
49330 
49110 
45490 
51190 
54400 
73750 
68440 
64270 
67700 
64090 
66320 
66640 
64400 
65840 
65140 
66400 
68750 
62980 
65710 
64630 
63720 
66660 
66330 
62510 
62850 
65570 
65170 
66540 
66520 
67150 
62080 
64350 
49280 
46830 
49270 
46480 
47440 
45370 
48470 
53670 
50420 
46850 
94350 
79970 
64490 
51410 
50380 
49750 
46920 
47150 
46170 
49730 
44690 
46690 
46830 
45920 
44670 
46860 
45470 
47090 
48240 
45270 
47530 
46820 
46070 
47370 
49250 
49280 
50550 
50510 
48510 
48540 
47750 
81140 
67000 
65240 
67950 
66240 
63500 
67370 
67050 
68550 
64400 
65970 
65440 
65090 
67080 
64020 
63830 
63420 
66860 
70970 
62650 
65940 
64890 
68240 
69320 
68330 
68910 
72140 
47880 
45860 
48760 
51190 
51240 
45040 
47680 
55090 
48920 
50680 
100860 
89460 
76690 
54900 
46080 
51780 
51880 
51600 
47790 
44770 
47800 
46750 
48020 
49630 
50510 
45940 
51050 
47600 
52320 
46610 
51840 
46290 
46480 
49090 
49060 
49230 
49930 
46400 
50980 
48470 
49980 
61420 
66170 
69020 
67350 
64270 
63910 
60130 
66820 
65620 
62660 
64190 
63190 
61480 
67720 
63580 
63710 
59700 
59200 
65840 
63500 
64960 
61630 
61040 
64220 
64980 
63410 
64250 
61900 
50080 
47340 
49640 
48510 
48290 
46350 
49360 
52770 
51800 
57810 
89060 
77950 
66260 
52840 
49410 
44620 
44370 
49420 
47490 
44290 
43920 
44530 
50050 
48990 
57730 
50890 
45860 
43730 
47580 
44630 
46300 
44220 
45140 
46410 
49050 
46240 
47280 
48250 
48610 
47100 
48320 
80920 
65890 
61240 
68470 
65880 
61610 
62610 
60270 
66750 
63390 
62370 
65330 
61310 
63610 
66010 
64100 
64650 
60940 
63220 
64010 
64190 
71860 
62730 
62910 
64240 
61160 
67020 
49850 
43980 
46900 
47900 
49020 
46430 
43710 
51010 
52010 
48200 
93930 
85460 
76750 
54680 
46710 
44950 
46590 
46080 
45710 
50570 
45960 
44790 
44250 
42630 
46430 
44690 
45320 
47040 
45600 
47460 
45900 
46590 
46210 
46690 
52550 
48980 
52730 
49390 
48650 
46610 
47750 
67870 
69730 
62630 
63410 
73930 
63020 
64190 
60660 
61360 
62410 
65910 
66550 
61730 
65380 
59970 
64660 
68610 
64120 
62090 
66870 
64460 
65230 
63000 
65770 
62030 
62050 
63650 
62050 
47490 
44730 
44760 
50690 
50580 
45900 
46070 
52490 
48670 
70570 
86970 
76980 
62040 
51550 
47780 
47680 
46090 
44290 
44110 
49760 
48190 
46930 
44190 
46310 
46320 
46570 
45090 
44880 
42680 
43030 
44960 
46640 
47480 
44040 
49270 
50180 
48940 
47820 
46090 
46540 
46990 
74950 
62800 
62920 
64380 
62600 
63850 
63200 
62100 
61630 
59590 
62760 
62310 
62270 
57980 
59280 
63340 
66440 
63600 
62460 
60760 
63610 
63730 
64550 
59560 
61450 
60640 
65840 
49600 
45910 
42900 
49300 
48560 
48980 
44800 
51570 
47080 
48500 
