50781
24771
22540
23760
22080
22300
21690
21120
22360
22660
21850
21720
21560
22250
21860
22150
60430
58080
59840
60750
60420
58590
57981
60181
59241
57450
58370
57290
58440
58880
57510
59360
58030
58680
58571
60341
55340
57030
56720
56950
57810
54600
58370
58600
60660
60021
55401
55141
56871
56430
59280
56580
55550
58450
56870
59620
56870
56090
57421
55961
58200
55990
54980
57630
55300
57950
55650
55100
56230
58440
57471
57501
56810
57680
55480
57280
57650
55640
56360
55060
56070
57391
57801
56281
55630
57040
57500
57560
57840
56330
56120
57850
57180
57161
59251
56901
57460
56620
56310
56120
55880
56360
57240
56760
56870
58481
55241
59040
57640
56080
56910
58030
57770
57390
57430
57630
55670
56771
58201
58161
57440
56810
56870
57040
56780
56260
55630
55410
58161
57571
56861
55281
55190
60840
56960
56150
57320
56060
56800
57210
56451
55861
56361
58210
57730
58230
56810
55880
57550
57700
56090
57420
56061
57261
59691
56640
56960
55730
55730
59090
56470
55780
74530
62020
58161
58091
56761
55830
57560
57250
57650
55880
58120
55550
56310
69480
56571
56351
57001
56370
58590
59680
56380
56740
57540
59150
58100
56931
56801
56481
57171
58660
56040
56060
55780
57350
57650
56020
57150
55310
57241
57441
55111
57340
57010
57710
58500
57170
57040
56720
55250
59651
55931
58631
58031
55120
57350
56360
56670
56300
58740
57970
57930
58360
56451
55361
56541
57350
57780
57680
55580
57500
61620
57160
56310
57370
56551
58951
57530
57760
55240
61480
61470
57780
55320
57400
57930
55730
57641
56711
55591
57350
57080
58010
56170
57990
55280
55990
58350
55730
57291
56781
55830
61260
57220
56880
57320
56820
57790
55840
55720
59960
65921
58791
56750
56210
57640
56440
57700
56890
56630
57410
55510
57320
57941
56591
57621
57040
56700
58320
56320
57900
55520
57230
56740
56751
59311
56841
56900
58760
56910
57220
56210
56130
57850
58940
56350
57680
56161
56041
57330
56990
58920
57830
56380
58900
58740
57930
56690
56370
57941
60621
57641
58040
55620
58420
58010
56450
56930
55460
57960
58211
56161
56931
55911
56830
58940
56370
59080
56480
55720
60200
57000
57621
55351
55561
60100
57500
57640
56470
55360
59240
56770
57750
57230
57531
57751
56771
57131
56460
56200
58360
58320
58340
57830
56630
56910
58130
57991
57011
56651
58040
57670
59630
57910
56560
56540
57340
58050
56461
56151
57291
56471
57410
56780
56750
56470
56700
58940
57670
56180
58390
57191
59121
57860
58420
56760
57180
58240
56840
55690
57400
56080
57421
56921
56981
59081
56250
56810
57230
55290
57540
57630
58140
57390
58951
58541
55721
57021
59180
56190
57580
58240
57650
57970
57090
57650
56621
56031
57451
57121
57750
56530
57540
57240
55920
56800
57540
56940
56570
58691
57891
56761
56610
56390
57550
56710
58430
57360
54980
56540
56790
55911
57311
56820
57350
59050
56860
56660
57320
57420
57560
55550
58500
57301
56781
58421
56240
56620
58270
55380
60120
58610
57820
56990
56591
59111
56821
55811
58330
55680
57840
57410
55440
57090
55280
57930
56390
56251
57391
55601
57980
57080
56060
58550
56290
55730
59090
58030
57410
56970
58071
57191
56400
56570
57290
57880
58250
56240
56850
56890
58310
59231
56541
58671
56591
55650
56650
57290
57020
56840
57760
56900
60020
58340
57651
68251
57391
57320
55840
55820
57220
57330
57640
59340
57200
56920
55711
56781
59011
56020
57440
55930
57860
58860
57400
57570
55520
57931
60111
57181
55971
56200
56040
58900
56730
58530
57670
56310
58390
57920
55871
57541
54921
58160
56680
57590
56740
55890
58190
57770
56530
57990
59801
57541
58451
56991
57550
55410
57290
57490
58060
57100
56610
56160
58670
57481
56290
54220
56310
55880
57810
55780
56320
57870
55890
58790
58271
59021
58501
55191
61250
57510
56630
57700
56310
57620
57390
56370
56850
55881
58951
57230
56900
57480
55750
58280
57020
56580
57420
56150
57970
58641
55921
58650
57430
56690
59270
56950
57450
55320
57850
60230
59500
58811
59071
59491
59730
58630
59660
59030
58960
59790
60220
59500
59720
57980
58541
60381
61651
59870
55700
56570
59030
57820
58140
57260
56770
57001
57321
56431
58341
56230
57610
57350
55680
57160
56340
56290
57930
55751
57381
56051
56871
60430
56740
56080
58300
56130
58880
56770
57270
56180
56221
58901
55751
56140
56360
55390
58100
55810
57850
56530
55250
58050
56600
57961
56951
55311
59070
58110
56900
55680
55650
57200
58750
57080
58231
57411
57721
57451
57810
57720
57730
57200
57630
58280
55780
55540
57311
58091
57571
56291
56770
59080
57180
58250
56990
56480
56840
54220
57530
58241
58351
58251
57890
60960
59700
59010
59530
57780
58640
59330
57730
59741
58881
58571
60331
59420
59360
60230
56450
58810
56790
56950
56660
57280
60391
56421
57911
56290
55230
57820
58710
59000
58490
56290
58610
56500
57001
56831
56090
59400
57440
57470
59480
56500
57270
57650
57890
56030
55610
55351
58731
57801
57560
55730
57370
56690
58430
56550
57150
56420
57370
58651
56851
56510
55900
57580
60050
59020
57120
56150
56260
56950
57111
58571
56911
56121
60160
58110
58140
58870
57370
58190
58010
56720
56790
56790
57541
57441
56361
57610
54640
56910
58550
56660
56920
55490
56880
58310
57041
56311
54930
56780
58730
56360
56760
56020
55730
56800
56700
57590
58121
56811
57801
56890
57420
56670
56720
60010
57270
57230
56410
57820
56920
57861
57001
56671
58150
56760
59280
58330
59290
57220
55890
57230
57200
55460
56401
56001
57150
59930
56440
57750
56820
58700
57130
56670
57100
56360
55791
58631
56661
55630
57460
55450
59130
56600
56840
56860
55370
60960
59041
58381
57971
55210
59280
56660
56880
57450
60370
58680
58290
56920
57741
56391
56801
58010
58590
57050
57370
57020
58410
56720
57140
55800
57180
57531
56911
55131
57200
55300
58380
58120
56040
59390
57320
58520
57570
56541
58141
57051
55631
58910
57560
56290
56600
55680
59230
56530
56820
56241
55421
58641
56341
55060
56750
56880
57280
56380
57280
58720
57010
58060
56111
56151
58131
55210
57360
59290
56120
58760
56840
56970
58970
56300
57470
56101
56721
57281
56730
56990
57520
56980
57000
56690
56580
57240
55900
55981
57171
59741
56580
57120
56580
57820
58390
56250
56720
56670
65760
60671
56711
56401
56151
57760
58490
54090
58900
57550
61180
61510
60050
60880
57621
58491
69331
58650
57020
56520
57380
58570
59660
57750
55890
54700
58350
57801
56191
56250
55900
60380
57180
57110
56000
56280
60770
59280
58140
74701
60791
60861
61211
55910
57730
56120
60760
61220
58810
60470
76811
58471
59051
57511
58361
56850
56770
58490
57640
57520
56880
76160
61350
60200
63161
61381
58001
58360
59660
59690
61840
58480
58770
64620
60320
60000
59970
57751
61721
61251
59510
59390
57220
60890
62030
59810
63490
60470
58380
60431
58641
60681
91800
117540
123340
75260
63890
60060
61040
63450
60070
61791
60681
59531
62851
61140
61050
60530
59480
62590
60910
62390
60930
59151
61691
62411
62691
60070
62010
63550
60820
61610
60440
59110
61260
61380
61020
60831
59911
61281
62361
60050
58210
56960
58320
60450
60670
58710
58630
59300
59581
60841
58791
58010
58090
58970
61420
58260
58980
58590
58120
61040
58901
58841
59021
58650
60180
58340
58130
59900
56500
59790
58420
58170
60541
58241
60551
60391
57960
58880
58250
60610
59500
58840
60330
57700
58670
59920
59381
58391
57530
57910
60740
58680
60310
57290
57980
60550
59470
58730
58221
57491
58531
57710
58800
57970
59640
58890
59090
59200
59680
56360
60760
62151
62151
62781
60760
59370
64420
61820
59520
61160
61400
60610
62380
61691
61131
61641
61441
62110
60950
61940
59970
60550
62280
60260
61640
60390
60491
63201
60120
61380
60840
59290
63240
61520
59050
59900
59600
60530
59300
58381
58421
58101
60590
59360
59030
58280
57940
60990
57370
59760
58390
58581
58131
59011
58400
58230
57370
59340
59750
58880
59250
60310
59490
60100
59681
58241
58590
60710
59830
59570
75400
61820
57830
58810
58200
55970
57261
57801
57331
60431
59640
60040
58270
58400
61330
57780
60730
58460
58010
60241
58241
57161
58170
56690
58530
58030
56250
57710
58410
58240
57230
57900
58111
56921
56721
57580
57720
58830
57190
57060
59790
59080
59990
58700
57840
59051
58011
58550
59050
57670
58490
59040
58230
56920
58870
59660
58310
57881
57861
57661
59070
58860
57480
56730
57740
57600
60640
57620
57470
57140
57901
59121
58851
56960
56990
57980
59330
59860
58050
57390
59660
58870
60071
57901
57801
57621
57420
60510
56890
57890
58140
58620
59700
57730
58850
57901
57151
59681
58911
60670
59080
56930
66420
65190
58540
60040
57670
60311
58971
57011
57951
57590
58510
59850
57210
59470
58110
58750
59710
56790
57221
57761
58361
58441
57730
57610
57420
57880
60810
58740
58140
57220
57700
58420
58101
57511
58150
57590
57450
59110
58160
58110
59340
58840
59260
58390
57460
58111
58311
57311
62730
58510
59240
57590
57350
59010
56980
58000
56750
58791
58911
57481
56761
56770
57800
59880
57760
59600
57800
57410
60470
58080
58140
57851
56801
57201
58520
57980
58530
57210
58810
57540
58610
56760
56950
57740
56941
57091
57920
56380
57420
59080
61110
58430
57260
57000
59060
59130
60751
57851
57751
61010
59880
57620
58000
58750
58570
58840
57450
57450
57331
60411
59301
58211
57750
58170
56440
62510
57050
57270
58210
57610
61180
57321
57211
58681
57241
59320
59580
57100
56810
58840
61120
62220
59250
60340
58840
60451
59121
59421
60220
57980
60590
61290
59340
60600
57390
57730
59020
59890
59321
55951
58401
59270
58530
58540
57110
57080
58260
58840
57140
57060
58480
58561
57811
58491
58790
58320
59990
60220
59140
58410
56960
56840
60360
58491
58011
58671
57750
58260
57920
56890
58200
57070
58070
59120
57870
59340
57150
59411
59941
57940
59990
59220
58750
60140
59100
59320
57130
56790
61230
59511
58751
57021
57721
59420
57930
58000
57730
56620
58050
59240
58280
57460
57251
59271
56891
58480
60670
58210
58210
59130
59170
58610
57530
57680
60311
58291
60001
57431
57480
57830
59050
57850
57790
57160
58410
58840
58990
57950
57081
57481
57560
60310
58210
58400
57610
59480
58810
58380
56470
55870
59920
59641
57201
57481
57891
58110
70850
63570
59830
57970
59470
58590
57560
58550
57051
58621
60511
59190
58040
56580
57920
60610
58810
58160
56270
56330
61391
57641
58421
57731
57450
59370
58160
58320
58420
57810
58270
58790
58070
59800
57171
59321
60581
58920
56630
56770
58450
58340
60520
57590
57050
58420
59790
57761
58771
57391
58600
58940
59160
58840
57920
58540
60020
59590
59010
57880
58621
59561
60631
57561
58110
57810
58120
61280
57980
58810
59760
58110
59860
58351
58271
57551
55831
59000
58410
56860
58620
57360
58030
58420
57820
58960
59671
59901
58011
57150
58130
57120
57780
58440
57820
58830
56590
57080
59380
57580
58441
55601
56970
57380
57880
57910
58110
56980
58470
56980
57720
62210
58700
57641
58961
57650
57480
56410
57290
58710
63280
59980
57450
56930
58000
57910
56391
57441
56371
58490
59030
57160
57340
55810
57390
57670
56250
59060
56290
57541
57931
58941
58000
55820
56180
59150
56910
58220
55400
57290
60960
57230
57431
57731
56041
58680
56690
58110
56650
55310
57960
56330
59520
57480
56500
59021
57391
58371
57620
55850
57750
58920
56440
57180
56690
57130
59140
57770
55991
55271
56511
57830
59060
56060
57040
56360
57410
59890
57350
56810
56460
58771
59641
57541
58010
57890
57960
59900
56150
55580
57280
56140
59960
57270
56071
56711
55921
58811
57170
55870
57750
56370
59910
57260
56590
56840
55820
59561
57251
56481
58540
55790
57870
58170
55400
57360
55590
56390
60140
57180
58631
56341
56331
58201
59020
57730
57610
60000
59390
58140
59060
57650
57020
58270
56461
58151
57081
56930
56370
57940
56740
56440
57880
58600
59660
58860
57530
56791
56201
58810
58310
55660
58540
57410
56300
68910
58280
58560
58980
57690
59371
56151
55051
57931
56690
58770
56980
55490
56970
56230
59710
57060
56350
56560
56361
58471
57930
56040
59890
57470
58500
59890
57240
57880
56650
58930
57091
56691
56971
55751
57700
58360
56320
56820
57280
57930
60330
63960
61040
57610
57231
58031
56231
59610
57620
57760
57510
57050
57450
56940
57770
58310
58551
57441
57561
56431
56810
57300
57630
57360
58390
57160
59460
57290
57550
56231
55991
57941
59711
57600
57420
55650
58600
59540
56490
57480
57710
57930
58200
56890
58631
56351
56011
59760
56350
57770
56990
55420
59500
56270
57000
56160
55990
59931
57011
57781
56420
56250
58940
57690
58490
57020
55640
58360
57660
57830
56751
55571
56601
