49851
23690
23131
22071
21171
22251
21391
22261
21691
22841
22091
22041
21131
24901
22211
21910
57462
56892
57002
55262
56502
55752
57072
58862
56822
57252
56652
57632
57622
56872
56002
55081
56482
57022
55962
56412
55922
57242
56492
55272
56012
55522
58602
57382
55632
55142
54672
57182
56982
57212
56921
55702
56172
57052
57392
58192
55672
56232
57242
56862
57242
56842
56792
61622
59442
58172
77602
57772
57562
56962
58092
56622
55872
55842
58752
59282
56022
56282
55312
54962
58752
56141
56152
55562
56842
57252
56662
57562
55652
56022
58752
57202
56412
58062
59352
58382
55832
57022
56712
57032
55942
59482
57142
56062
54312
56872
57742
56662
55342
55742
57672
56062
56181
55411
56212
57492
56662
56422
56922
55942
57102
56002
57062
56172
55072
57192
56432
57942
54791
56212
57452
57102
57952
55012
55412
57602
57002
58132
56992
55932
58032
58402
57262
57232
56902
56891
57012
58052
56372
56212
56932
56312
57572
56952
56722
56982
55792
56682
55982
55252
57072
56912
58102
56232
55712
55672
55622
57152
57962
56292
54612
55192
56892
56572
56642
57472
56171
58242
61113
57032
56102
55112
56232
57142
58112
56082
55252
56292
56692
56592
56322
55632
56162
57942
57432
55862
55942
67653
57202
56412
56802
55172
55952
57982
55052
58662
55292
56682
56212
57302
58542
55572
55382
58142
57362
64092
59322
55402
55852
57472
55152
55542
56372
56892
56172
58673
68033
62383
59362
56712
55902
56962
55992
56492
57892
58152
56042
55862
55702
55921
56591
56182
56232
56842
58632
58222
56582
56252
56842
55392
57722
54722
58282
55842
55652
57132
56121
56732
55912
55732
55802
56632
57122
58492
54942
56212
56802
55932
56872
55912
56772
58942
57182
59252
55892
57142
56792
61082
59312
56832
57402
56932
56582
57782
55912
57022
55492
55921
57631
56062
55642
56552
57062
56882
57382
58152
56332
56882
57252
55772
56362
55852
56652
56732
57622
55821
55802
56622
55002
57002
56462
56322
56082
56522
56922
55582
54082
55652
55932
56201
57132
55582
55932
56572
57012
58272
55972
57462
56532
57662
56212
56332
54952
56912
56272
56472
56021
56082
55442
56412
56482
55472
55542
58322
56762
57662
58782
58212
58142
58492
59542
58812
58172
59783
57772
59442
58442
56792
57392
55462
56772
56332
57072
56502
55232
58822
56492
54822
56142
54962
56162
59812
57562
59132
58182
61122
58452
57652
59682
59162
59672
59152
58562
59212
57672
59573
57712
59802
59512
58932
60482
58082
59782
59652
56252
56702
58122
57452
56222
56322
56642
57742
56032
58462
55862
56042
55782
55572
56902
55152
56672
56122
54432
58392
55752
55972
56792
56322
58012
55252
55882
56912
55352
52162
57052
57542
55542
56122
57342
56992
56882
55322
56782
56672
49722
56812
55052
55052
56322
56862
55162
56182
63922
58812
63502
63522
58462
56702
56962
56372
55842
56102
55442
57432
56462
56532
56882
57872
58022
57882
57772
55922
56332
56911
55222
56502
56812
56562
56632
55412
58182
56672
54842
57642
56682
56552
57502
56492
56122
56862
67743
55891
55542
56072
57562
56152
58152
56102
57112
55962
57062
59722
61592
62982
62262
58052
60592
58832
58402
58392
58262
59692
58912
58802
60112
58942
61822
57372
58472
58572
57812
58372
55552
55392
55712
55072
55702
56902
55862
56842
55972
56572
58222
56492
53902
57172
57152
57611
56432
56522
56012
56872
56092
56362
54312
55882
57192
56252
56662
56072
56382
59572
56222
57012
56142
56132
56532
57862
57862
56372
55432
55632
57292
57322
58882
56642
55902
56772
57522
55551
56362
56212
57192
56502
55722
54942
56292
55592
56452
57422
57362
56942
56922
57522
58092
55142
55682
55072
56982
57612
57222
56202
55402
56442
56042
56182
56122
55942
56402
55131
55671
55951
57622
57252
56512
57722
55702
56632
56262
57392
58492
56232
55652
56122
56782
57482
61462
60852
59132
59252
58542
59152
56212
57152
56492
56402
58402
55722
56662
55892
55422
57912
56671
56452
55832
57282
57342
55842
56402
55862
56462
56282
55402
55442
55372
55762
56262
55152
55731
55012
56052
57142
55312
59062
58542
57742
58522
57382
59642
58312
57992
58852
59022
59082
56572
57272
60823
60232
57992
57992
58722
58342
58772
58292
57492
58232
57992
56592
56282
55002
55842
55952
57052
58822
56682
56222
55932
55892
56952
56002
57402
55852
57072
56042
56132
55782
56021
56332
56792
55482
54822
56762
56742
57172
58352
56552
56712
55672
57192
56582
55731
56091
54552
56082
58162
56952
61392
59092
56882
58282
55342
56512
56402
56772
56422
56062
56892
56111
56982
55672
55052
56052
55182
58592
56142
57432
56222
56092
57112
57502
58122
57572
56712
58842
59242
59332
59322
58322
58372
58662
57882
58782
59112
58902
59392
58222
60792
59222
59702
58973
57212
60362
57852
58432
59882
58972
61712
58652
57202
59252
58772
60132
58482
59422
58252
57782
59523
58112
59182
58912
59452
60332
58122
58502
59562
61182
57712
57992
56942
59572
57102
59182
59412
58742
59372
58912
58222
57232
58382
58982
60752
60552
58622
58972
60672
57732
58972
58052
56381
56732
54882
57322
55592
55852
56812
55172
56102
57332
56742
57242
55962
55932
56472
56891
56511
55112
56402
56682
57172
56222
55492
59622
59022
57452
58472
55462
56992
57282
55952
57191
55542
57922
56012
55872
58142
55242
55382
55102
55442
57012
55612
55812
57442
56462
57212
56461
56702
55552
57562
57512
57132
55812
55372
55022
55232
56722
57022
56772
56192
57412
58002
56222
55552
55282
55562
57302
58262
55552
54662
56472
56542
66412
60402
58242
60482
60002
58892
58492
58072
59182
59302
60592
58662
59072
59062
58012
58442
59182
57802
58392
59792
58622
58252
58502
60923
59862
60082
58722
56702
60492
60172
60032
57072
57622
60222
59962
60212
59622
59092
58383
58632
59232
59392
55362
58332
58462
59662
58272
58902
58862
57392
66792
60502
59062
58942
60533
59072
56662
57052
55482
56232
56952
56692
56082
55432
56992
56872
56132
56642
57952
55821
58773
57402
55872
55872
56462
57292
56552
57472
58652
55972
58412
57822
57292
56832
55991
57112
57112
56912
57792
56562
56982
56342
56722
58752
55182
55492
55522
56012
58142
56742
55991
57092
57752
57032
56722
57462
56592
56332
57572
55372
57592
55692
57252
56622
56152
56182
55411
54842
56811
57552
56952
57162
56372
59192
57082
58182
55962
55912
57792
57302
57012
56982
56101
56491
56292
57782
56002
57162
58592
56002
56232
55552
55632
57452
56372
57242
55992
56292
55781
55712
55032
55782
55892
55102
58022
59962
56132
56232
57072
57172
57692
55142
56562
57102
56152
60113
58822
56942
56992
55572
57582
57342
55952
56362
55072
57172
56912
55842
56852
56702
59182
58542
57762
56842
56482
66943
58432
57782
56172
56062
56512
60582
60002
59392
58682
58072
59232
59462
58122
57722
58422
59572
58852
60502
59242
58182
60662
58482
58852
58412
58012
59622
59243
59083
60822
60532
59162
55742
56902
55852
56722
58212
56162
59932
57062
56542
56892
55921
56952
55762
56402
58362
57762
59262
56992
56132
56262
56122
58122
56952
68292
57962
56242
58172
55741
55652
56842
55522
56252
56552
55582
55772
54862
57572
56592
57222
57062
54922
56862
55791
56832
56952
56782
57852
56442
62162
57922
57282
57792
56482
57382
55482
55972
56522
56142
56762
56832
59822
59042
58802
57802
59762
56242
57952
60482
58842
56042
55112
57752
57922
57622
56912
56231
55952
55732
55162
58102
55112
56332
55372
55262
57112
55812
55722
59512
57262
58452
56272
55692
54832
55812
56322
56592
58092
55792
56192
56742
56032
56982
58842
56302
59432
58232
63872
61082
56462
57192
58182
56042
54862
59782
60712
57532
57022
56042
55622
62232
58202
58742
56022
57782
57062
57112
57342
55942
55942
57132
55012
56582
55312
55512
55552
56422
57522
56142
54702
58602
57272
56232
58022
57792
58782
59512
59492
60212
58412
56592
56372
57382
56182
56082
57762
56312
56552
57462
55272
55832
55572
60352
61482
56202
56482
57162
58422
58042
57932
56092
55682
56842
57372
56002
56782
55912
56662
56542
55842
55202
55592
56752
55272
55982
56912
55071
57732
56681
58272
57552
57082
56882
57352
56222
56912
56432
56552
56342
55232
58412
55862
56441
55962
56462
56862
56272
58832
56042
54862
56862
55122
60332
57892
55342
58452
55912
55662
56662
57712
57112
56192
56522
56232
55532
56912
56032
56812
55712
56602
56582
56522
57332
55902
57072
56741
57211
56582
56672
55512
57182
58882
57292
55152
55492
56832
56312
56722
56662
56282
57782
57031
56342
55201
57902
57682
57082
56512
57422
57112
56152
56212
62202
58772
55802
55602
57832
57492
58002
55282
56422
56482
57012
58242
57222
56802
55642
55522
57442
56032
57042
56122
56241
56852
55402
56312
56262
54772
57652
55392
56092
57212
57152
59822
55862
55302
55972
57312
57072
57352
57161
57012
56942
56422
55622
57902
56282
57572
57662
56692
57002
56442
56702
56372
57101
55112
55452
55932
58332
56552
56022
54992
56212
55932
56432
58182
60202
56902
60492
59402
60422
58452
58162
58702
58192
58562
58422
59902
58962
58042
60192
58922
57262
55802
56782
57372
54742
56491
58652
56042
57492
55592
55112
58092
56172
56912
57282
56432
55862
59712
57862
55862
56502
57712
56351
57132
56132
57652
56922
57822
56772
56292
57132
56102
58392
57792
57072
59022
57582
55571
58082
56912
55392
55062
55322
56022
57632
55882
55902
56002
56642
54862
57672
56482
55802
55281
55981
55972
57872
55512
57602
58672
58662
58782
60102
59972
58712
60682
57332
57602
58592
58592
58302
59682
59052
59622
59402
59832
61162
58352
58192
55292
54512
57342
55762
56572
57352
62812
57952
56412
56782
55442
56972
56912
55392
55102
58302
57772
58542
56182
56522
56792
56342
59042
59282
57812
58612
55802
59492
57142
57902
55652
55002
56012
56952
56542
57762
56212
57712
56621
55461
55442
54802
56612
55992
56062
55212
55212
58822
56132
57592
56902
56172
56852
55682
57602
56061
59673
62003
59822
59302
81303
57742
57982
59012
59322
58252
57142
59872
59222
59662
57802
57122
59952
58642
57552
59572
57982
56702
56722
59422
58292
58082
58372
59462
59482
58502
60992
57812
58162
59572
57842
56242
56432
55482
56762
55592
55952
56362
56192
57772
56532
57162
57952
57052
56492
56212
57642
55972
57892
59092
57632
58642
57392
57352
57682
73232
62952
59582
59292
59543
59902
58772
58582
58802
58142
61242
57302
58632
60312
58622
60502
58442
59332
55272
55771
58112
55912
57622
56852
55992
56152
56562
57412
55062
56292
56522
57182
57682
57112
54731
57172
56812
56562
57962
54952
57852
56312
56472
55412
57082
56702
55882
57472
55912
56032
56592
56401
56912
56052
56682
59032
57692
57442
57302
55832
57512
55202
57682
56332
56642
56792
55751
55871
55541
56272
57742
58362
58222
57422
56142
57402
55552
55682
56262
54912
55982
55862
56172
58622
56862
57121
55422
55492
57592
55102
58402
55002
55512
54602
56062
57012
59062
56482
55872
55131
57461
55702
57642
56132
57222
59602
58052
56162
56072
56852
56112
55322
55722
54842
56142
55822
58002
56472
56152
54792
59082
58212
68102
58082
57082
56832
56042
57692
55202
56472
56992
56681
57531
55312
57402
57572
57272
55542
56232
56302
57402
56052
58402
55412
55842
55042
54991
59602
58612
57412
60243
57892
59302
58542
58662
61852
57912
57942
55752
56102
57272
56302
57482
56321
56892
56682
56362
56292
63302
60372
57182
56892
58752
57732
56492
55322
57852
57182
56542
56222
57771
56962
57292
56772
55582
55312
55992
56982
56082
57722
57752
57622
57912
57022
57882
57462
56742
57402
59142
56662
56432
55482
58232
55832
56482
56352
56112
57142
55662
57092
56782
55821
55492
55882
56832
57022
55982
57042
56892
55582
58212
56202
56122
55502
56402
55872
55992
56961
56772
55382
57112
55882
57242
56542
57672
57472
55412
57332
56002
55262
58132
57572
57622
56392
55932
56382
57132
57002
54502
56472
58032
56772
56462
54582
56252
56672
55682
56322
54862
55872
57652
57162
56132
54942
56122
56992
56132
60722
56362
58212
59122
58272
58812
55692
56742
56612
56192
57112
57552
54592
56752
65502
59132
55942
54982
58082
56342
106413
57452
54951
58752
55982
55582
57262
54722
56482
54832
54902
57872
55272
57582
56032
55662
57392
56002
56072
56042
58412
57292
56452
56832
57212
55302
56552
54592
56082
55512
55502
57082
59572
60832
63752
60822
57681
56992
57222
55972
53962
58392
57312
57762
54702
56492
58502
56842
56622
55182
55301
58252
55972
56772
57522
59202
58902
59172
58282
57032
56892
58602
58342
60902
59322
61892
58292
57952
58692
59052
56352
56652
55952
57252
55412
55942
55992
55832
56742
56962
55902
59372
56182
60992
58182
56452
56122
56272
57172
56732
