95130 
66090 
49870 
45160 
53660 
49060 
53960 
50210 
49390 
65950 
46020 
54210 
588380 
46910 
47780 
47390 
94370 
91970 
97510 
49920 
48200 
50950 
58140 
51910 
42320 
80450 
66090 
67910 
61710 
63660 
62430 
601530 
68200 
57290 
66660 
67350 
62820 
85800 
61290 
63890 
595330 
66120 
87410 
42550 
36140 
52900 
5087890 
33750 
67780 
52300 
601480 
40570 
68050 
43210 
50730 
28500 
53120 
39050 
55060 
28240 
48620 
50230 
46530 
90160 
75680 
62780 
46690 
51380 
45100 
51810 
47640 
47420 
58590 
49690 
68800 
49300 
50560 
585830 
48030 
51660 
49010 
48440 
49450 
46150 
50010 
47800 
46790 
50590 
48330 
58700 
52570 
47950 
49060 
53920 
62040 
69690 
601610 
65400 
63150 
66150 
65350 
62120 
80090 
59820 
65050 
597730 
75870 
63580 
62270 
66860 
69980 
63430 
62080 
63100 
62960 
601010 
64620 
65390 
58290 
61860 
67410 
37120 
48760 
44870 
51010 
27730 
51040 
42900 
42750 
33960 
56840 
45890 
85980 
48090 
67250 
52880 
53030 
19000 
23370 
24250 
24170 
26650 
25730 
45870 
26380 
37640 
49620 
26130 
47540 
23710 
25020 
54380 
26210 
42970 
45370 
47620 
26030 
50960 
48300 
56410 
24340 
43080 
48620 
49280 
598670 
95410 
61670 
64830 
602010 
33700 
39610 
31790 
33900 
38570 
70000 
33940 
55400 
36160 
55960 
72970 
49430 
36710 
53010 
71450 
65700 
33040 
60980 
56830 
68650 
58480 
71090 
52040 
47260 
50290 
57720 
42670 
24230 
49770 
55770 
61060 
51210 
88480 
86010 
76380 
64170 
45370 
46760 
43270 
51440 
41990 
51810 
19780 
53980 
19200 
54610 
21390 
50880 
39680 
70290 
65050 
42870 
58970 
48440 
31350 
58070 
48530 
50130 
27540 
54480 
43460 
48690 
50590 
47570 
45040 
66370 
68330 
68160 
65650 
64720 
69100 
66520 
69190 
65440 
62190 
66260 
67480 
65800 
67520 
62610 
65960 
66040 
67630 
607490 
68610 
69920 
63030 
65660 
71930 
88670 
68070 
67090 
53470 
48820 
52110 
49040 
50900 
50170 
51830 
53140 
52460 
49710 
634460 
81800 
66440 
52400 
59320 
51660 
54470 
49020 
48490 
46060 
47800 
49960 
49980 
49300 
46300 
46650 
51720 
49090 
590380 
48280 
49380 
49730 
52130 
49930 
48570 
47330 
53970 
50520 
50080 
26450 
49790 
49250 
42820 
69160 
47600 
64900 
53430 
67560 
63300 
66480 
35490 
65220 
58900 
62820 
64180 
74720 
38770 
72240 
64900 
67230 
53200 
61830 
67110 
64780 
68940 
66150 
61500 
63000 
40840 
54420 
23990 
47800 
24050 
51840 
48240 
45530 
53980 
53120 
58290 
90520 
105350 
57180 
58760 
57880 
51320 
49290 
70310 
49240 
51220 
659340 
53150 
51590 
48280 
47690 
48500 
48950 
50120 
46350 
44200 
49470 
47320 
47710 
49310 
45100 
73090 
48670 
49750 
586570 
50090 
49760 
49440 
81940 
65610 
64850 
110910 
38150 
57200 
64060 
60690 
64920 
64130 
37760 
67680 
59970 
67840 
67010 
33540 
32370 
33450 
35360 
35500 
89390 
30690 
68200 
27660 
72660 
28560 
71130 
20370 
49130 
8677460 
54690 
70270 
47860 
44580 
48920 
33380 
54890 
97740 
92390 
35960 
90450 
44380 
43250 
48410 
50480 
26830 
40500 
48120 
52620 
26660 
49380 
37330 
46560 
46860 
60520 
59750 
49380 
67260 
38510 
44730 
44920 
52550 
48570 
51200 
49990 
49590 
69300 
49300 
48300 
607250 
66100 
65320 
62870 
65830 
67310 
82610 
63230 
62140 
64760 
64320 
63390 
66240 
65160 
70180 
64220 
66090 
64400 
65700 
604630 
64060 
64650 
46760 
79230 
68080 
66960 
69010 
65780 
50190 
47390 
49580 
50950 
46050 
50000 
50410 
61060 
58870 
47600 
96830 
80680 
72670 
56130 
47740 
46090 
52790 
47570 
589630 
51000 
49130 
50360 
50720 
48510 
46790 
46170 
49330 
44610 
49310 
62430 
49980 
50990 
42420 
50510 
52070 
50290 
55900 
51820 
51240 
46150 
63150 
37250 
79860 
37780 
64220 
49470 
631170 
62710 
68910 
33360 
604810 
50160 
81520 
35840 
63820 
53520 
68540 
71090 
72300 
55790 
56800 
60280 
60460 
61250 
60350 
58300 
48630 
35320 
59480 
31000 
36860 
24970 
49520 
52510 
26820 
46090 
45200 
47930 
27170 
87190 
44650 
61990 
49880 
50400 
27520 
47340 
37750 
42340 
47670 
50500 
46010 
45610 
64340 
46500 
50970 
50100 
39230 
41450 
25340 
46810 
51900 
36960 
24500 
39820 
52640 
50790 
50960 
24480 
28040 
34560 
28090 
44180 
33360 
36310 
70170 
43770 
37120 
49590 
73160 
61780 
36160 
59530 
68840 
33390 
61170 
57490 
62680 
36170 
65100 
50920 
603730 
63280 
62300 
36330 
600520 
55430 
61870 
39270 
51700 
46020 
49450 
38170 
50090 
48000 
44140 
45240 
51010 
50820 
48690 
91190 
35330 
57850 
55660 
20390 
45260 
27320 
50960 
49210 
59740 
57710 
590180 
54010 
51180 
51580 
52770 
47410 
49450 
45560 
53230 
45980 
47580 
47530 
48460 
54320 
50640 
52120 
51370 
50100 
52960 
42920 
619350 
68880 
64890 
64780 
66170 
63380 
61150 
63380 
62820 
606490 
64500 
61480 
66570 
65640 
59350 
36180 
68090 
51880 
58830 
62290 
612020 
38210 
61960 
54240 
64350 
36440 
64340 
59630 
60850 
54570 
50920 
52660 
50380 
47310 
53210 
54690 
53360 
49770 
632000 
82000 
65210 
58470 
46100 
45700 
69650 
50250 
49420 
44250 
48480 
47990 
49720 
47590 
48600 
48160 
46470 
47310 
49280 
48130 
47000 
49680 
48150 
47330 
49290 
49710 
51270 
49080 
46160 
51140 
50540 
46380 
80220 
70730 
81150 
61500 
62900 
63000 
68420 
67010 
64470 
66610 
72060 
66760 
36960 
57940 
63710 
35910 
65700 
54970 
64500 
69300 
64800 
47550 
69540 
65680 
69790 
73220 
69970 
52440 
47940 
43610 
48760 
51560 
51330 
47110 
56430 
49040 
49870 
88860 
84800 
70870 
68030 
50760 
47630 
47610 
50010 
46420 
48240 
45830 
50730 
80090 
50440 
51660 
58900 
53150 
47960 
47040 
47430 
49170 
50660 
46030 
59230 
49950 
50500 
47900 
53980 
55090 
45210 
52180 
48330 
81190 
67630 
61600 
81760 
61250 
64510 
67180 
65100 
66390 
63500 
66030 
66910 
605220 
65300 
66880 
64130 
59400 
65350 
65320 
62280 
63990 
623460 
64400 
71110 
61480 
64580 
65040 
79160 
970140 
47900 
51760 
54450 
54450 
45380 
52640 
54310 
51130 
65560 
86280 
79020 
66580 
62530 
50260 
49270 
48800 
51560 
50350 
50800 
49600 
49270 
52000 
1158830 
53380 
48100 
46650 
46820 
48610 
49180 
112770 
53810 
47660 
49890 
52620 
52130 
51200 
49970 
50930 
47460 
52170 
48750 
69950 
36370 
66600 
65070 
65220 
38220 
67180 
51490 
65810 
37650 
69850 
54870 
62800 
75210 
92810 
66780 
66940 
609980 
65060 
67880 
64810 
64020 
73850 
108530 
67430 
66760 
68080 
51720 
49540 
50150 
52390 
49960 
52880 
48390 
57060 
53210 
50860 
1195950 
84290 
67110 
58760 
49820 
46280 
47230 
46140 
47860 
46300 
47930 
48070 
47900 
47930 
48300 
47930 
47840 
47420 
50240 
49190 
47130 
45300 
46230 
48960 
47870 
50420 
42820 
61150 
51600 
39840 
50360 
49280 
71660 
60470 
60660 
68560 
74620 
35450 
61830 
36910 
51070 
33500 
63770 
77800 
70730 
67270 
64440 
65130 
63540 
64680 
62370 
602850 
69280 
64000 
65040 
63290 
67740 
63350 
69600 
49110 
49300 
48070 
48560 
50890 
48250 
47420 
70180 
49810 
50460 
83220 
84040 
70210 
60610 
50670 
46880 
48220 
63810 
46280 
50960 
45670 
44560 
48980 
49270 
47330 
48490 
73740 
52890 
46020 
579710 
47840 
46930 
50280 
48810 
24200 
51740 
45710 
53430 
48920 
47590 
49800 
46850 
76440 
63610 
64690 
64790 
62530 
66940 
65560 
65420 
59640 
61810 
63270 
610910 
64950 
61940 
63510 
67170 
65880 
83710 
63340 
62760 
63120 
65020 
64090 
65150 
65560 
65060 
69870 
68660 
48010 
47200 
52620 
56760 
75160 
50720 
49720 
592950 
60550 
55260 
85770 
80220 
67940 
54520 
49260 
51350 
50280 
45580 
46140 
50730 
46030 
52010 
48810 
47170 
53720 
48780 
47250 
47320 
45630 
47700 
52980 
46920 
44560 
35950 
27790 
28850 
51580 
26550 
48950 
39370 
53790 
26290 
73890 
47490 
68230 
84940 
68900 
36040 
68360 
50180 
64990 
56030 
67120 
69020 
60530 
34180 
34070 
31140 
37560 
35310 
32210 
68950 
4653810 
89600 
49330 
34330 
37160 
58380 
73660 
49270 
44400 
48570 
76710 
20300 
25830 
23950 
29040 
27160 
27290 
92130 
47360 
45630 
36070 
27030 
38610 
46410 
43880 
46740 
49410 
28090 
50580 
19860 
52520 
19690 
51580 
20270 
50980 
43360 
44960 
27190 
51540 
41300 
48670 
57940 
53820 
54930 
50770 
56140 
61240 
50840 
51690 
78750 
87540 
66820 
65620 
71280 
63480 
68730 
68610 
70490 
65330 
66870 
68530 
67480 
67760 
654060 
71740 
67860 
65180 
63840 
62140 
66310 
61920 
64590 
599850 
68390 
65430 
70420 
51960 
48960 
46110 
48030 
48420 
48770 
46780 
53480 
55570 
53600 
101480 
86620 
70220 
60780 
53930 
42500 
49150 
49190 
24580 
36680 
24310 
50690 
53680 
25900 
46480 
41410 
42990 
27740 
48430 
10080980 
49140 
36260 
48150 
44310 
46640 
46200 
43840 
50290 
48700 
34130 
51960 
24760 
77720 
34360 
64510 
63690 
5095020 
67310 
34980 
65630 
34550 
69790 
82020 
60750 
37800 
70330 
57430 
64630 
35920 
60820 
36010 
94410 
62520 
85020 
66520 
64970 
69930 
68010 
68530 
68290 
51130 
26100 
57750 
20320 
77660 
18830 
56170 
42750 
47500 
27270 
92280 
41380 
38260 
53360 
57390 
25720 
52190 
51210 
58330 
51100 
27300 
48340 
24790 
40060 
47990 
48680 
22900 
55020 
39310 
44560 
26040 
45090 
51770 
53610 
51210 
41300 
51800 
48800 
46720 
54140 
49740 
49550 
40430 
66950 
90820 
53990 
68870 
68280 
67150 
65800 
66880 
78550 
28970 
65240 
32880 
66570 
33620 
98450 
32340 
70710 
68300 
79250 
62640 
35710 
73100 
56790 
67170 
69300 
71520 
55580 
47940 
47650 
51900 
52850 
50380 
49730 
56500 
52590 
50150 
89920 
102010 
62210 
64010 
51780 
47820 
51970 
47400 
47650 
46080 
47380 
47830 
53430 
50520 
47860 
51090 
51660 
51740 
49600 
45800 
51720 
50040 
50500 
54160 
56000 
52900 
52030 
52600 
52330 
52060 
48750 
40260 
82740 
66540 
63920 
65460 
66790 
61840 
35190 
69550 
32930 
59500 
68160 
68920 
90660 
66010 
67860 
66680 
64010 
68670 
66390 
62370 
68760 
67940 
67270 
65660 
69070 
1121940 
86560 
47120 
48770 
48880 
52950 
53280 
49760 
48590 
48530 
53500 
57730 
73620 
83090 
8598020 
32980 
49750 
57030 
54940 
46400 
40950 
45020 
28940 
48880 
42200 
43730 
27330 
46700 
38210 
45770 
48980 
46580 
49810 
35950 
44190 
44700 
45250 
48030 
49130 
47850 
57020 
46330 
29490 
38110 
75970 
70640 
61100 
65690 
64640 
65320 
65810 
60640 
66500 
63830 
67520 
67260 
60990 
64980 
66260 
63160 
61710 
64950 
617270 
80200 
70630 
60420 
72790 
73840 
65370 
65110 
65230 
607940 
52230 
48350 
49730 
47500 
51600 
44550 
49450 
52850 
50480 
50640 
93470 
81970 
65500 
56580 
51910 
51980 
46490 
49760 
40560 
49390 
50150 
44990 
48770 
101210 
48370 
38940 
48000 
42830 
50600 
39510 
49400 
23880 
48230 
50380 
52780 
72680 
49470 
53600 
657130 
54020 
50710 
49830 
79970 
64480 
63690 
62730 
71740 
602100 
64880 
66750 
65450 
68300 
60860 
84890 
72880 
64310 
602110 
61490 
64370 
67040 
66640 
77810 
67520 
63550 
62550 
65880 
599020 
68630 
68950 
52060 
43070 
24550 
43490 
44510 
46130 
26690 
593970 
26170 
47970 
86670 
606730 
79350 
73860 
49140 
51380 
39770 
44880 
44070 
45090 
44830 
46650 
46810 
43710 
26890 
47460 
27240 
50960 
27810 
52710 
47360 
46670 
49430 
49290 
47080 
69590 
49680 
51340 
50200 
42810 
51210 
49600 
78390 
66630 
62120 
63640 
61080 
614790 
63610 
61050 
66190 
65160 
64190 
81080 
64460 
63340 
63150 
65700 
62250 
66740 
67280 
64860 
61550 
63910 
63750 
65160 
64780 
64490 
67160 
64580 
47920 
45560 
75990 
53360 
51410 
54620 
48840 
62430 
57830 
48290 
87730 
75750 
59220 
52060 
48120 
52460 
48110 
39850 
48340 
47160 
48570 
46250 
45860 
46190 
51150 
48160 
48070 
45790 
46740 
46460 
47910 
44140 
582050 
46400 
48780 
51360 
54910 
48910 
50730 
50370 
50510 
60850 
69840 
59120 
65210 
68380 
69080 
64010 
65170 
63500 
62350 
64500 
598540 
65740 
66750 
69570 
67760 
63640 
90320 
67550 
66710 
605460 
60880 
69100 
64040 
65430 
65310 
62470 
65630 
46930 
49280 
47830 
52300 
48580 
50730 
44910 
55950 
69170 
48230 
85010 
617590 
65600 
64950 
52630 
49790 
46810 
72360 
46410 
50730 
582040 
46750 
50250 
47820 
52940 
47310 
22450 
36510 
26670 
38050 
29350 
36690 
52000 
46350 
28890 
54690 
79960 
53350 
51250 
592790 
50020 
52290 
81660 
67730 
67400 
68750 
67890 
64570 
69770 
613340 
65590 
65140 
62850 
66050 
68110 
86520 
65710 
65400 
68530 
63350 
84860 
62540 
62760 
603050 
68860 
66580 
66420 
66700 
67180 
53430 
46760 
45540 
53630 
48780 
49640 
45890 
50950 
54840 
48130 
102680 
87540 
72200 
61430 
50040 
48290 
50840 
49950 
58010 
50610 
60580 
49830 
48370 
49590 
586480 
50990 
50140 
46280 
50140 
49010 
46240 
47240 
47190 
49370 
47790 
52460 
49300 
54070 
54080 
46030 
69850 
47460 
76520 
67650 
91190 
66320 
66860 
65330 
65180 
64060 
64140 
60080 
607550 
63210 
62560 
66790 
65470 
63040 
64180 
63830 
62790 
606070 
67530 
62050 
66740 
611120 
64580 
63010 
66010 
66650 
49560 
50060 
47520 
51200 
588550 
47530 
51640 
50750 
52610 
52870 
88360 
77010 
63790 
56000 
51430 
51380 
50780 
47650 
49210 
51070 
48760 
64060 
55620 
43190 
52210 
48650 
50340 
48760 
23880 
38260 
45380 
27480 
41410 
71950 
49240 
51790 
26290 
71350 
36790 
54140 
39730 
69790 
41780 
67280 
55100 
65440 
93870 
68060 
71060 
62550 
69210 
70920 
73210 
52700 
62610 
64350 
63630 
66950 
67390 
64640 
33850 
66480 
33450 
67540 
31920 
37540 
55520 
78830 
93560 
25550 
52600 
618940 
50610 
49910 
49280 
27070 
55940 
40560 
46690 
49580 
80930 
55900 
58680 
55510 
585310 
48130 
36230 
45800 
43480 
46640 
47420 
47650 
45800 
26820 
51420 
47620 
52440 
48690 
47280 
60610 
47390 
47230 
47860 
50310 
49010 
50510 
50750 
52820 
65090 
46550 
51880 
610870 
65600 
64780 
67350 
69840 
67130 
94380 
65610 
63600 
67490 
68830 
65590 
64680 
65160 
64560 
65920 
61510 
63910 
64090 
605540 
67370 
62240 
67610 
68680 
63900 
80680 
68750 
48080 
48800 
47520 
51900 
49290 
51150 
47120 
49470 
56070 
52160 
614540 
87790 
73650 
66060 
50590 
47280 
49450 
46900 
45210 
49000 
51090 
38730 
52450 
46630 
39970 
49780 
26470 
47850 
38770 
51480 
25550 
65900 
26230 
50210 
36020 
49360 
53660 
50230 
590070 
48000 
51800 
46370 
70560 
66450 
63760 
67380 
59320 
63040 
67620 
65680 
63990 
64870 
67490 
69030 
70520 
63160 
65980 
603610 
68610 
61590 
59770 
69170 
65060 
84030 
66040 
62140 
65200 
65500 
66460 
68640 
52620 
53430 
48610 
49170 
50780 
