121070 
73110 
57090 
96580 
114170 
79520 
74730 
74710 
74840 
66600 
77700 
74930 
62020 
73960 
71190 
72040 
72380 
93080 
55740 
63050 
66770 
64340 
70620 
63000 
36240 
74340 
57430 
82210 
69110 
74480 
59330 
72290 
52310 
54530 
53370 
45760 
51350 
56020 
53770 
54720 
109240 
83560 
74860 
56130 
56210 
77270 
57010 
52630 
55940 
50660 
52970 
24010 
52750 
54150 
40980 
56410 
56960 
49500 
48150 
51630 
54100 
64640 
52930 
54470 
52820 
49410 
54560 
64030 
57740 
53950 
41060 
55970 
102630 
38450 
65490 
38450 
65920 
42940 
28630 
75020 
62540 
71700 
40650 
72190 
66860 
72600 
35300 
72830 
40480 
41040 
46670 
76540 
62670 
67010 
74290 
37750 
66780 
30900 
66820 
95650 
28830 
54460 
47880 
77580 
50460 
43770 
52930 
55430 
59250 
55940 
84530 
82480 
1579140 
53390 
52830 
55390 
53570 
73190 
46610 
47380 
50010 
49330 
46570 
45200 
54990 
55870 
49880 
47650 
47490 
28450 
49270 
58100 
39360 
46500 
60890 
1102080 
53250 
55050 
51080 
71080 
55590 
55460 
78430 
66290 
32060 
71820 
64290 
36460 
71160 
60990 
74600 
69510 
54220 
62740 
73060 
71720 
130350 
70220 
64290 
71280 
86210 
63990 
68610 
72460 
61100 
91700 
65750 
69170 
70060 
60830 
50590 
50960 
53210 
56850 
50210 
62980 
68270 
57330 
115790 
48780 
89950 
83750 
1137140 
23410 
53970 
48300 
59340 
45390 
51830 
58030 
52190 
1095870 
49530 
50560 
54030 
46150 
76120 
51980 
57060 
52750 
46290 
51300 
55370 
50640 
28680 
50870 
26150 
29310 
61420 
51990 
26190 
52680 
42510 
33560 
80470 
61660 
67790 
64970 
33340 
67400 
73940 
32300 
1126240 
64130 
72950 
70680 
71710 
42010 
80540 
64090 
91310 
66590 
75840 
66210 
37660 
67240 
71620 
67240 
70710 
1101020 
54690 
50750 
49030 
82310 
55540 
44650 
54490 
58030 
50500 
102590 
81820 
81240 
64600 
52010 
51290 
50220 
52930 
47250 
49280 
56220 
46850 
51320 
44160 
51560 
52110 
52520 
48080 
53170 
47920 
51690 
66480 
63690 
55790 
74840 
57670 
54860 
52300 
72270 
47530 
55600 
55510 
74690 
34980 
66200 
65520 
65290 
1150150 
69600 
64260 
64220 
86460 
66830 
68190 
38270 
70130 
68160 
66890 
70140 
39310 
38530 
68740 
68220 
69700 
67580 
64000 
65020 
67320 
67390 
89330 
27250 
53710 
53850 
50990 
50020 
52220 
49910 
56730 
1137130 
56120 
88740 
77970 
90330 
58680 
48520 
53910 
48440 
50960 
51870 
52820 
54270 
50310 
25870 
50420 
61390 
51000 
25610 
23630 
59050 
51300 
66490 
46020 
49640 
52280 
24840 
45200 
72590 
34390 
84630 
50140 
59980 
55890 
43270 
34150 
76550 
30400 
68460 
61920 
72130 
65630 
32100 
74530 
65130 
65010 
67130 
69800 
70260 
61660 
35620 
69650 
63890 
69440 
74700 
76020 
37800 
40820 
37500 
77330 
68600 
78930 
51580 
49390 
57790 
70630 
26790 
53890 
56230 
30270 
56660 
51230 
49540 
40450 
1122160 
28040 
53940 
28850 
1094460 
49610 
29440 
28150 
85950 
52220 
26580 
25930 
56840 
46520 
29540 
27200 
56790 
28530 
26390 
26380 
58830 
55160 
29190 
54550 
57000 
55050 
73470 
51480 
53400 
79910 
68800 
61250 
74370 
69550 
70020 
1147410 
38160 
39080 
35660 
70100 
68050 
65030 
65570 
76410 
65950 
67390 
60350 
74890 
69630 
62780 
64220 
66230 
68880 
85310 
65370 
72140 
72900 
54000 
44450 
61360 
54710 
52920 
1091310 
52150 
55000 
26750 
1126980 
49340 
83700 
35320 
34520 
27700 
55260 
50100 
52120 
47680 
54930 
43810 
58120 
47480 
73350 
50360 
51470 
51930 
73470 
45510 
59680 
52420 
29780 
54450 
53040 
55730 
49760 
1099630 
59040 
115780 
52380 
1133830 
52920 
78710 
62280 
94900 
86920 
68950 
36930 
87100 
37270 
88910 
67910 
70960 
71330 
125630 
56020 
73780 
38680 
69560 
64750 
74600 
79160 
65880 
61890 
74020 
38200 
39400 
34360 
81050 
57680 
28840 
1091950 
56220 
51870 
28180 
51610 
54830 
60460 
53350 
68740 
51510 
73370 
38900 
60120 
78210 
50030 
46770 
56300 
28390 
29610 
98610 
27820 
57610 
69790 
47760 
57780 
24820 
28460 
44920 
72160 
61600 
25530 
31110 
55200 
58740 
50440 
1095450 
58400 
26420 
29920 
29740 
61020 
37400 
42090 
93280 
67170 
32420 
38390 
41740 
38780 
69010 
64680 
65400 
1122160 
69530 
69320 
65040 
37860 
64780 
69870 
71810 
32100 
35650 
72720 
71680 
70460 
94830 
69880 
70560 
55940 
48240 
48390 
49460 
50110 
30910 
26650 
65270 
21480 
31960 
88580 
108720 
68670 
65680 
24250 
59890 
49470 
47020 
54950 
54450 
46240 
31070 
131180 
59860 
585260 
24580 
57450 
54060 
65110 
42470 
50010 
28430 
58580 
56810 
51950 
47940 
56620 
53810 
60550 
28710 
59020 
67320 
82100 
74650 
71080 
95500 
61650 
72920 
35740 
61160 
60230 
71450 
36600 
61050 
70880 
64500 
67250 
61550 
62950 
71000 
62430 
88540 
64790 
74040 
67370 
88570 
65400 
75180 
34800 
56470 
52340 
47980 
66380 
72650 
47790 
58530 
44250 
73940 
53900 
56140 
86280 
107360 
63860 
53900 
52540 
58980 
50030 
44990 
56360 
56020 
30270 
55540 
50720 
56880 
50820 
41460 
49460 
55850 
47680 
55410 
53900 
55970 
44860 
48240 
49130 
58350 
55780 
49310 
53100 
57930 
46950 
71670 
77910 
78570 
68080 
102340 
69180 
70350 
37190 
98250 
70760 
36150 
71630 
76520 
67280 
36300 
35850 
1147700 
73660 
35040 
70470 
73710 
91120 
62290 
69540 
74930 
96510 
62030 
75020 
55200 
59920 
24090 
53120 
60710 
56680 
48100 
57380 
61290 
26380 
1157120 
81840 
77020 
36170 
75930 
44960 
56320 
61990 
69810 
53180 
50450 
46430 
1093740 
50550 
55350 
26250 
55130 
591620 
56910 
49640 
47910 
59800 
58590 
23810 
50950 
57300 
51400 
30890 
58010 
57930 
25580 
29250 
83050 
72060 
34610 
67010 
58720 
70750 
66360 
65310 
73720 
71890 
63720 
68720 
62230 
72920 
62900 
63280 
73120 
69580 
36050 
90190 
63090 
73660 
67340 
87340 
68930 
64020 
37260 
105600 
46640 
53850 
28790 
1097970 
54590 
48900 
32750 
59760 
52470 
30780 
49650 
82620 
63140 
63540 
54250 
53280 
49160 
49000 
50430 
52010 
73180 
25770 
55530 
51100 
45130 
49200 
54150 
46560 
47320 
23130 
52660 
54750 
50210 
1091700 
55460 
56680 
45840 
1097350 
51250 
53650 
50190 
22190 
91590 
71540 
71430 
99210 
77080 
77040 
70870 
72260 
70750 
72430 
65870 
78680 
69750 
69800 
35910 
76440 
73400 
1121570 
62790 
75650 
70110 
61950 
61460 
74110 
66350 
71980 
39000 
61040 
47400 
48040 
54450 
57450 
56410 
40190 
51180 
60150 
52260 
82180 
84280 
79160 
72280 
81680 
51320 
54380 
48460 
85720 
47780 
57070 
47340 
67180 
52190 
53410 
54010 
46000 
46510 
55490 
46930 
47950 
54880 
45470 
47460 
51070 
54290 
58480 
51430 
49780 
56440 
102750 
67990 
42980 
68100 
41840 
120860 
36880 
65040 
69810 
119330 
62420 
72860 
67710 
65810 
37020 
69180 
33860 
138280 
32340 
71990 
72180 
33430 
1135820 
76710 
36750 
147680 
40910 
76860 
69000 
149150 
63250 
25380 
62220 
50760 
62940 
57460 
51710 
29680 
59220 
29280 
93810 
85810 
79560 
34700 
54010 
49220 
59770 
55010 
55790 
43750 
55890 
55660 
65320 
50320 
55590 
51520 
26320 
46590 
32760 
50920 
71540 
56290 
51240 
57150 
63890 
47080 
59270 
55300 
70840 
54790 
59120 
54600 
107400 
35580 
75390 
72690 
90030 
79940 
61730 
75490 
70870 
71420 
70570 
71330 
2084520 
35200 
64010 
73890 
59990 
61000 
65960 
72890 
74890 
65820 
35040 
76520 
64600 
91350 
69560 
73400 
55650 
51270 
54290 
27190 
57310 
61340 
22890 
32200 
241350 
57620 
49490 
45630 
71870 
75340 
55210 
50590 
64950 
55720 
53000 
24160 
39800 
62380 
41750 
58610 
55420 
46860 
30960 
52410 
50950 
52790 
31070 
53220 
71860 
46220 
60110 
56900 
59740 
45110 
28520 
51680 
61090 
65620 
43720 
66440 
87540 
73580 
40900 
73530 
84180 
69850 
75870 
68550 
86720 
36530 
68020 
73630 
92430 
69510 
69590 
71760 
71990 
70130 
71800 
67830 
98260 
73200 
58650 
78210 
73410 
53850 
44000 
50920 
61860 
65920 
45880 
56910 
63240 
54140 
53240 
87770 
79880 
96670 
58650 
65340 
50380 
73610 
45710 
52170 
57300 
50300 
51840 
56050 
46630 
50980 
1092740 
71620 
59690 
53310 
1099920 
51530 
47510 
49720 
53880 
51560 
53660 
55340 
54540 
54890 
52820 
49920 
56700 
81840 
79280 
70750 
72320 
93180 
72870 
72180 
60780 
87740 
69720 
77490 
30830 
79630 
65970 
78320 
60080 
68850 
67530 
39900 
66040 
64940 
99770 
65390 
66170 
68990 
69900 
64850 
40760 
54210 
57190 
46400 
51930 
53450 
49540 
50390 
53410 
58010 
53030 
117270 
79710 
79440 
64900 
54020 
48110 
51940 
54690 
63360 
55780 
28980 
50810 
55940 
20590 
48240 
57120 
74130 
51040 
48800 
51520 
56950 
25950 
51430 
53570 
74220 
25360 
32880 
59180 
29160 
53940 
48410 
30540 
83830 
67970 
70550 
70370 
76580 
84880 
56620 
71660 
69680 
38050 
33540 
36440 
74090 
110440 
64050 
72980 
71990 
85720 
68780 
69970 
67710 
90920 
75070 
67370 
67520 
97740 
70190 
57680 
50540 
72180 
63850 
60840 
53930 
69950 
55330 
58500 
52960 
52610 
1140990 
78350 
71290 
25130 
1096920 
50010 
47850 
29560 
57610 
55180 
25460 
25800 
57430 
54620 
27460 
52400 
55670 
47360 
55540 
59180 
59350 
49230 
45020 
50020 
61430 
53360 
57790 
49530 
60150 
56550 
67410 
82310 
75860 
64690 
92390 
67050 
76480 
70430 
98220 
67900 
73580 
74320 
84530 
68060 
75900 
74070 
62930 
62320 
67630 
75810 
62510 
1130110 
60770 
67140 
68560 
1149020 
74100 
66590 
73810 
1130640 
48670 
51460 
52460 
60810 
45930 
52000 
54080 
67490 
56420 
89840 
83780 
74700 
62240 
52260 
52540 
54700 
49950 
51050 
26470 
56340 
25120 
24810 
52440 
54490 
52730 
52100 
23010 
30870 
52450 
1099290 
53320 
55480 
49610 
55090 
52460 
49490 
56520 
53400 
54240 
48970 
48900 
85810 
67870 
59640 
71570 
39000 
74470 
59540 
76650 
67680 
64770 
62470 
72300 
66060 
141980 
58560 
73640 
68830 
93730 
71950 
72660 
63210 
66220 
35840 
69060 
62250 
62580 
97380 
50560 
30070 
24450 
58220 
53260 
29680 
47790 
60430 
52890 
80010 
57760 
87640 
75480 
60460 
30360 
52130 
54370 
49830 
43110 
27150 
28760 
56100 
45760 
47210 
30580 
54240 
49700 
48520 
28580 
50900 
55230 
51620 
49100 
52530 
48150 
78550 
55360 
55060 
50360 
87700 
45970 
57540 
36330 
39170 
70390 
71670 
38520 
37980 
73850 
70740 
33080 
77260 
39090 
69710 
62520 
68980 
66350 
1132510 
73260 
75000 
35200 
105500 
70160 
70550 
64250 
72680 
61670 
65480 
34810 
73720 
47760 
79300 
22740 
53770 
61230 
72230 
48280 
64340 
54080 
54050 
95560 
80530 
70460 
611680 
54050 
51260 
27020 
83210 
53010 
54750 
31120 
50130 
60160 
48830 
55600 
55060 
66300 
50790 
53780 
45810 
51680 
40240 
53420 
49050 
80090 
60560 
47710 
53400 
74340 
56830 
56680 
49520 
104660 
67360 
73950 
73410 
89080 
61850 
70140 
70090 
87660 
40080 
67400 
65490 
95500 
66020 
72110 
66620 
93780 
72420 
66200 
72520 
97830 
35800 
67940 
70950 
75950 
72240 
65510 
60900 
54580 
1087880 
54670 
42550 
54290 
55890 
47090 
58370 
51070 
72330 
97240 
79790 
72180 
60900 
48220 
57930 
47050 
1093790 
57220 
49860 
59170 
47130 
50700 
51250 
23430 
59040 
75840 
47420 
59590 
50800 
70900 
57420 
52680 
49500 
76410 
50160 
62970 
53190 
58180 
45920 
59060 
62740 
100750 
71540 
74940 
65690 
95910 
62640 
75980 
69700 
73900 
34080 
75120 
76560 
72780 
69100 
67080 
67560 
90390 
66370 
72380 
71780 
65330 
64620 
72340 
60300 
78550 
34550 
72310 
57750 
52810 
23720 
53930 
51180 
60690 
1093200 
55210 
60400 
60140 
83660 
82160 
66370 
32680 
56960 
50310 
54290 
51060 
49270 
53740 
50810 
54120 
51710 
53410 
50930 
53780 
1089150 
50550 
48540 
53790 
48640 
51160 
54640 
28430 
54520 
75390 
49440 
62510 
51110 
54710 
57860 
52050 
80540 
68340 
96980 
74400 
66080 
68980 
1624610 
68830 
67410 
66350 
75170 
67590 
62340 
65480 
73610 
74140 
65520 
64280 
78200 
70750 
65620 
67120 
65570 
64290 
67120 
68260 
74910 
89650 
57850 
55040 
57580 
58640 
67810 
50550 
60490 
53010 
55820 
72760 
88800 
77660 
67140 
86430 
22450 
61000 
50530 
56150 
48950 
53960 
48750 
51490 
50710 
53260 
54410 
53040 
50010 
50310 
50570 
58470 
48040 
46180 
49830 
60570 
61850 
53420 
54590 
54200 
50490 
54650 
51830 
54340 
79440 
95780 
60630 
69880 
65950 
59660 
1135870 
66740 
65240 
60240 
72370 
72560 
65880 
37020 
67650 
1138150 
70140 
34540 
72470 
91790 
71440 
35140 
69270 
69680 
71810 
58180 
77510 
50880 
47790 
26890 
54710 
54430 
59830 
43110 
57720 
54620 
55950 
110200 
85820 
74520 
65780 
51650 
53700 
46640 
55090 
24510 
56910 
54930 
51170 
24860 
51100 
44680 
54190 
52170 
51330 
1090540 
58420 
49780 
53820 
53870 
50580 
51800 
54390 
58740 
52240 
60560 
54710 
56480 
1592640 
76700 
82920 
77930 
66570 
65610 
71050 
73880 
34400 
68850 
69770 
76890 
70780 
68140 
61650 
72940 
66570 
90340 
67250 
75750 
65940 
98050 
64090 
73620 
63030 
93670 
65080 
71420 
72730 
65570 
64160 
60950 
52330 
53200 
45790 
55640 
64700 
51430 
1085570 
85500 
79220 
67620 
87110 
53120 
57880 
46930 
55010 
49460 
48810 
48340 
53400 
50240 
78230 
41130 
55640 
50630 
71120 
45850 
51710 
29490 
50380 
46400 
52280 
52230 
48920 
53280 
51440 
51050 
51490 
56340 
56590 
78920 
68830 
68320 
1128210 
63710 
70180 
68420 
89730 
69300 
72660 
50720 
73820 
68720 
54270 
65620 
71750 
72490 
70520 
70820 
72490 
69310 
92220 
64260 
69180 
66530 
67770 
1125890 
53650 
52690 
46820 
59000 
51790 
53980 
52790 
49370 
58740 
53420 
75420 
116020 
74730 
57100 
57900 
51860 
48020 
46200 
53360 
52030 
69300 
39750 
55110 
48930 
66850 
43130 
56030 
54330 
69080 
26800 
52600 
25980 
30160 
23390 
62050 
46280 
73480 
31250 
54430 
47850 
73430 
26350 
78100 
72710 
88640 
34890 
74960 
71810 
95500 
65840 
69470 
36580 
74340 
67620 
69960 
63140 
71030 
69640 
70950 
65670 
67780 
1139140 
72020 
65490 
64610 
100970 
64240 
73820 
44090 
80220 
48230 
51000 
57790 
59790 
54860 
54170 
47320 
58500 
50760 
80310 
88290 
82620 
63790 
81930 
50460 
53620 
53500 
67830 
48580 
56490 
50320 
50340 
47960 
49280 
56990 
49090 
1090690 
52350 
50320 
24450 
56950 
44690 
52380 
48840 
47060 
29310 
50260 
54230 
54560 
48000 
63670 
52400 
82000 
29720 
70700 
65160 
65890 
66270 
35320 
1132780 
67420 
64530 
62340 
99140 
64300 
66100 
36400 
71820 
72290 
29270 
63340 
76020 
38140 
65420 
34670 
69910 
66660 
90800 
64990 
68410 
25490 
79280 
48380 
62500 
46760 
52480 
57330 
57050 
59280 
54720 
119000 
79890 
69210 
48480 
1098200 
53250 
52680 
46460 
54210 
54130 
44090 
