65980
47230
36650
32940
34200
33480
35530
35940
34870
34370
34110
35560
36380
34290
33900
32230
82380
84370
82550
72080
101380
82300
84480
87850
77920
67330
61690
65820
67110
62390
65210
72960
69240
75550
121840
111060
80940
84400
62350
65840
63710
66350
62960
64120
64160
63970
71930
63510
62050
64560
67170
64270
64170
62810
63230
76240
63900
64340
62380
72840
67440
67050
66110
70460
62680
64350
101619
85980
89620
79399
82750
82390
91150
75550
78390
79610
83500
92720
82860
81790
81280
86670
90100
80750
79300
78260
87010
82700
80240
82390
86350
78390
94680
66830
62230
64370
63860
65940
68570
70860
70750
63900
66660
126030
115440
93310
77400
68410
74030
62810
65190
61590
69889
67310
63280
62410
61250
62400
63780
63840
67660
72380
65080
62670
64160
64390
61410
62090
65420
65420
66340
65500
64890
64360
75550
96070
83890
78460
87160
93420
77970
82230
79020
86160
84550
84620
81370
90980
78740
79700
83870
80890
89740
75420
77540
82949
87370
80140
78260
78370
84010
86790
77720
62360
63760
78030
64030
64410
60460
65370
68560
67520
67680
112500
102100
81840
71530
66000
65770
61610
62140
66490
62510
65160
62810
64690
62210
70240
62840
61770
75880
65930
64010
63620
62500
65620
73260
67630
64830
65960
72360
62460
66580
63870
94250
79510
77310
78150
79920
82170
78410
79740
82440
90620
82450
80490
78970
84070
87870
82270
81020
78250
88270
81240
80900
83150
80120
80150
85740
83040
81640
91640
63690
64710
65200
70480
63350
70850
66640
65320
75570
63830
113500
101130
88960
72240
64780
61030
60390
63010
63250
62720
61450
69780
62180
64600
62420
61970
60510
62710
63480
62990
68470
62470
62030
65150
73000
63560
64870
63500
73800
66700
61470
64370
95050
81000
79010
77540
79880
89100
77170
83350
77970
78350
79559
79510
79010
78889
90080
75840
82430
81780
84620
79290
78830
81820
80430
91750
78890
77760
81740
66650
65570
65430
66850
65510
72960
65680
72410
68620
73490
124060
99330
87050
77370
71760
64020
64100
70820
71720
63940
65510
62700
70010
61849
63160
62910
63119
75680
65890
63739
61350
70700
63350
67300
63760
66000
66070
65920
67990
66670
64070
61350
99850
80830
92760
80910
80390
77750
79680
83140
76180
76630
78230
88480
82430
78630
74790
77140
75110
80960
79850
75440
87120
74350
79690
80590
77750
94390
88860
66270
64080
74250
63759
69430
62980
61900
71440
65830
66040
128310
117780
89410
78190
66660
62170
63300
61720
63170
61080
61200
62070
63190
61430
70410
61700
61470
67100
61790
62760
61630
62680
62540
70140
61890
63950
65450
74950
65790
61720
66890
70180
93760
80529
74770
79410
85570
75190
80950
73830
83160
77370
78440
81140
78180
88060
77990
76260
82250
84810
75070
78470
75890
76400
85430
74900
81290
76340
86300
74930
63270
63160
61260
63250
63460
61430
63680
76090
66140
59890
108640
95870
78420
67219
61630
64030
69629
62930
60630
60530
71160
61520
64530
61190
61430
64470
63190
65250
61400
69650
61710
63870
61800
65520
65040
66580
67010
64450
67580
65730
65210
83600
88120
78880
76580
75850
85680
79300
81380
75820
75190
85230
79350
82970
75510
85090
73940
77580
82420
76599
97930
73210
77690
81640
78010
80820
77090
78060
83990
72830
60450
63620
62230
71650
63610
62630
68220
63400
66460
114180
97720
82180
74370
68970
64370
65820
65100
60040
62800
66410
62910
73250
61160
62310
64760
70870
64189
62900
64250
63280
64610
63910
62650
65830
70810
69429
64870
65820
72320
66430
65850
99140
88460
79050
80520
82850
82210
89270
77550
76140
81030
85400
79990
82020
77330
78170
96330
76490
79980
76790
85430
83650
74430
81460
84380
86230
85270
86510
66420
60480
60250
69460
62799
65020
62900
67660
67400
65380
122219
108630
73970
73670
68580
62420
62910
60920
61370
73600
61470
63610
60890
60670
62740
62390
63550
60640
61890
61940
63540
64960
69110
59520
62220
68710
62140
63720
64630
63620
67370
62230
98120
77880
74830
88730
82990
79770
79860
73870
79610
79100
78980
75719
84110
77140
80399
77230
76340
76560
78830
77660
78890
86130
76380
73710
78160
79190
87720
62380
61850
63170
74210
66550
61560
60110
75270
66670
65710
111300
97930
93200
76510
66890
62690
70830
59500
63850
63290
63340
61440
58410
61380
64150
61510
61960
60570
64410
73050
64489
62460
61560
64630
63370
64560
65340
67140
66340
65110
65640
64770
107390
77900
78660
82290
92860
80420
76570
77090
82260
90430
80150
82310
79120
83200
82550
80870
80270
80550
87960
81260
78240
78250
78670
74900
83370
76330
80540
82680
62859
63350
64820
73319
65910
63200
66120
69090
69140
65540
112540
98360
91590
68610
62020
65050
61540
68390
61350
63540
61310
71070
62880
62850
64640
61160
62560
62080
65290
64810
61410
61580
60870
65630
73730
60650
64460
62800
70510
65310
61869
96340
77800
78669
80290
77430
76460
89830
77470
80260
78370
80260
79170
77000
78950
76210
83020
78270
76660
80810
76220
78770
82780
79300
81080
88950
78050
82000
82940
65310
63650
62630
68550
64500
71800
64950
69530
67320
72870
121950
100690
83970
70190
70629
65900
62810
62449
70830
61270
64850
60610
62260
62460
63670
61550
62380
71930
62540
64110
63890
69230
63080
64690
63520
61920
64040
63370
65270
62500
74390
63210
92400
83240
90780
84580
76040
77000
80560
83940
78510
75550
76340
88650
78100
77320
76920
94149
92250
77820
76409
76410
82240
76470
80820
77380
77800
82460
89210
68490
65050
71430
64270
62540
61960
60360
69120
62170
62420
115350
109980
78490
73360
62080
61930
63670
60540
62090
61010
59390
62940
63690
63320
73930
61760
66980
61890
63579
62840
61000
64180
63620
72720
61940
65630
63800
76290
69330
65840
62880
74380
2593079
83600
83590
78130
90270
81570
81890
83430
89480
76840
84500
78140
85470
86930
79760
78290
76780
93260
79910
80830
79080
81140
94290
79590
77390
81620
98140
65370
63240
60479
67320
63840
67199
63770
68410
74930
63470
127830
105380
83370
74580
61460
63400
64270
63180
62490
60340
62440
72820
61740
62830
60210
63700
61260
62740
65110
60670
71270
61360
65770
62190
68840
63630
63480
68110
62970
65120
62540
63760
98810
80610
77430
76900
77630
89450
79919
80800
76610
82699
78820
82230
79760
77300
88390
81760
79980
80370
84920
86240
76910
87900
78300
89460
75210
80840
88540
71280
64410
61310
62740
65490
69530
63540
63840
65470
64600
66490
113560
94500
78880
75490
62880
61990
62670
69310
62840
63810
63440
62070
62260
65630
62229
62330
73600
60850
63190
61460
61670
62450
61490
62740
65560
77300
65030
64200
64080
70970
65570
94840
80520
87270
76290
81260
80360
82900
88190
77100
81030
80720
92780
78420
75620
78050
75890
89320
78300
77810
78340
90110
81740
80180
77690
76490
89320
81220
84610
60740
71460
66410
67390
66789
60360
64190
68020
63310
69570
123440
98400
79970
67440
73220
63800
64610
59620
64590
63130
63410
61620
58620
72170
61800
62600
61620
59350
60660
62620
63500
63010
67680
62030
63800
66200
71890
62870
63020
64200
73160
65030
95410
75070
79950
87250
79780
77249
75420
84820
78130
79500
75580
76400
88990
76460
78030
79130
86400
80290
78100
79140
79490
87080
81640
79620
79110
87370
84290
67550
63640
61890
62190
63120
66430
62020
78800
65500
62690
112950
103870
87340
71980
61760
63940
71270
62340
62330
60160
73090
62470
61410
62720
60679
61940
60620
64220
62090
70230
61749
64580
63260
61290
64730
64690
64810
66540
62350
62720
63520
61680
103500
75320
78100
78370
87120
82900
83830
79790
78930
88620
80180
76740
75840
77070
82270
78350
77650
74280
86950
81030
81330
77950
77679
78520
79970
78680
85750
72220
61010
60940
65970
76240
63530
61260
68060
65660
63220
114090
103560
86450
83550
62350
62830
60310
62150
62550
60950
62950
62010
73110
64530
61830
63950
71590
62040
63280
63580
65110
62800
62020
64310
64270
73469
65690
64420
67679
76720
60730
64930
95690
87960
77450
78810
83400
77610
88170
77480
78230
79610
86460
83470
77490
84770
81280
87330
77050
77690
78650
81470
80530
87600
82030
79640
93320
80580
89840
69680
71780
63130
64640
62890
67400
61970
66200
71120
68290
74150
110320
90189
83610
65490
67070
63810
63980
62910
70780
64040
66030
61750
68800
63500
62560
64400
63910
62170
64370
64210
63430
73010
61950
62060
71070
65270
68580
63600
65200
64450
63170
92180
78680
78260
90830
75460
80780
82920
86200
85560
80270
76020
83740
86830
84699
80650
77790
87509
81410
83400
80630
81760
85340
79860
86970
75280
77940
74880
77420
68080
63560
76620
63760
63250
65360
73880
66990
64210
61300
107720
106560
80330
68100
59260
73370
65740
62840
61730
60490
64240
63270
61060
63120
60270
65550
64800
64640
71540
62300
64310
61490
66230
62300
64210
64530
65790
67450
65230
65410
65800
62180
100120
81640
81050
89110
77860
82070
78370
80490
84620
77950
77340
82270
89430
79880
78900
79190
82710
89120
83690
79510
81870
82250
82890
83640
76280
83750
96560
63700
64950
63490
73060
65580
62309
63610
69890
66820
63370
128860
113150
89520
73390
66390
64250
63990
63250
62390
63780
67570
72240
64580
64140
63060
72150
63190
63400
63780
60230
62720
64420
64170
64800
71550
65880
66110
68050
73830
63150
62340
67620
101730
84200
77920
77210
84870
91450
80869
79800
76790
87940
79860
80610
80010
78350
89980
79990
81910
78580
75890
76700
79630
79030
80580
86820
76750
81780
87220
65480
63050
60720
67300
64090
66660
64200
70710
68120
74000
120280
105300
89200
76920
65950
64660
63920
63990
70780
64619
62200
64500
71270
61570
64120
63070
65330
63490
62280
62520
63850
74920
63620
62340
63480
63610
63830
66620
63710
115180
64990
64230
100870
79990
88780
81380
78370
83850
79450
79020
82450
76970
81460
92650
82240
82280
80790
81430
82680
80069
80010
78790
88259
80090
77370
82680
78070
82330
83830
74490
65430
73660
64670
65180
63580
71050
66990
67240
67880
66340
122310
94960
81660
69330
73960
63380
65200
62030
1906069
64020
66390
65470
64870
75590
64170
67930
62960
72380
64420
63570
65250
67260
67100
62380
67960
68680
76300
68660
65530
64130
77850
86300
81920
79230
85760
84630
79680
82560
77040
90110
82710
81310
77190
77650
76610
81130
82920
81490
91810
77830
81440
84860
83440
81210
82090
81510
81640
90030
85090
66510
64380
67220
66180
67830
61980
67790
77560
69530
63339
110520
108200
84149
71030
63070
64800
62640
63720
62980
61900
72060
61320
60510
61730
63430
63900
61010
61160
61360
61880
63350
62440
64300
73510
66630
62590
66770
71410
65340
61780
64930
65240
94500
81250
79360
81490
94050
77130
77300
79370
86380
82080
77440
76820
77210
86719
82800
80510
102269
92440
79060
82959
79820
79000
86580
76460
82420
81910
84260
63680
65440
64330
65920
73150
63640
63600
71200
79330
64480
115250
108460
82860
83380
65890
62910
61540
72980
62740
66500
64850
62000
64570
64770
65520
63400
69880
62860
64440
62770
70150
60880
66509
63260
66280
63910
65170
65360
65980
69670
62050
63520
96480
88750
81380
79890
76370
81050
78110
80680
79390
91450
90100
78540
81910
80910
85810
77870
80010
77910
82900
85350
80880
77150
74120
83970
80600
81150
87810
62720
73770
65140
66420
63650
71100
62469
71540
67440
64279
136620
109100
86590
77450
63840
59680
63310
65360
62450
73070
59150
61650
64860
65080
72780
60270
63600
64350
65150
73600
60820
62320
61620
67580
64550
62750
63170
64350
65300
64260
61510
63380
96610
81810
77280
81600
77220
76090
92210
80960
78110
78480
76819
87190
79500
76390
80450
78860
79040
80120
77550
80300
86640
78710
80130
80330
77970
86320
84190
69220
61380
71100
63070
63990
67180
60400
66030
68330
64650
68430
120220
94700
78900
66850
61960
64080
62520
61420
63730
68250
63510
63090
61380
71840
59920
65910
64260
64510
63189
62850
64840
64659
74670
63950
66590
62650
78440
67720
64950
65370
73650
94260
83810
79400
81050
85210
79090
81400
77530
84820
76560
83250
77660
80840
86570
79490
79210
79570
91120
78690
77800
77110
79810
88620
83070
79900
76610
84920
80140
66810
61560
64900
63190
66200
63150
64190
74010
64370
64010
112370
97880
79600
68480
62940
65870
73190
62620
60140
63810
71390
62780
62630
62550
62310
60480
63300
62480
59680
71000
62990
62730
62740
69850
64480
63180
66150
80590
75270
67470
62720
64840
104780
79440
77900
78430
89420
81890
77289
77130
77930
88330
83710
77520
79630
84540
76280
79510
79210
77280
88170
80940
82220
80340
87100
82630
78190
80630
90140
75530
62480
64410
64930
73980
65230
61270
67820
65880
64040
113460
102610
87890
81820
66020
64450
62970
66300
62080
62639
61650
62390
64850
62160
63660
64190
72050
64320
64660
60740
64370
63090
62060
64580
62770
66900
63800
