109360 
44700 
104920 
90460 
63840 
52120 
42570 
40710 
42100 
42550 
42410 
41040 
40850 
40780 
44260 
39600 
36530 
40100 
38580 
38750 
41010 
39660 
38560 
37520 
39020 
36600 
50720 
44080 
41530 
39860 
42200 
39660 
43510 
58370 
63840 
58110 
55000 
56270 
54940 
58040 
57530 
51540 
52160 
55230 
51810 
58940 
54200 
57310 
55040 
53190 
57750 
50580 
58820 
55560 
54510 
56710 
50830 
54620 
53850 
56760 
53340 
39520 
38200 
41480 
47380 
39780 
39970 
40160 
42160 
42550 
54590 
91490 
76170 
55100 
41340 
38570 
45060 
46270 
38750 
39330 
41140 
40460 
39190 
37950 
38850 
39100 
39520 
40430 
39780 
39200 
38800 
37850 
40190 
38220 
38350 
43520 
41040 
45560 
44050 
40860 
42490 
39590 
73570 
54220 
57660 
58080 
55320 
56700 
53840 
52630 
55110 
54610 
52430 
57970 
51050 
53220 
53590 
51600 
57260 
53800 
56730 
54720 
53970 
57640 
54730 
53300 
62620 
63100 
63650 
38860 
38360 
40190 
40420 
42270 
38560 
40590 
45930 
42060 
39370 
91140 
81760 
56510 
46630 
37250 
41320 
38950 
37950 
41610 
39800 
41550 
38230 
36430 
39780 
38430 
40700 
38850 
38940 
39870 
40980 
39480 
37560 
37650 
50040 
44960 
41860 
43860 
40200 
40300 
39830 
39230 
69510 
57820 
52480 
55480 
54660 
58820 
60430 
58460 
56280 
53130 
58020 
58580 
53240 
56980 
52420 
56390 
53950 
55020 
55420 
57110 
54870 
54340 
50650 
55110 
55630 
54710 
62720 
41840 
41390 
40210 
43150 
41800 
37680 
36040 
47250 
43990 
43070 
93360 
81130 
61200 
57280 
48650 
39310 
40430 
39050 
39800 
38440 
38740 
38200 
37910 
39540 
38800 
41490 
39980 
37100 
41450 
39060 
49510 
40770 
38410 
39730 
37940 
42340 
41930 
40410 
42130 
39020 
41060 
45970 
74750 
57120 
54580 
55270 
56110 
58010 
53200 
55060 
52130 
57120 
57830 
56210 
57180 
52140 
57930 
51940 
60350 
56520 
55610 
56910 
53480 
58260 
54920 
52640 
57480 
53400 
60520 
43980 
38380 
41480 
40280 
40560 
41990 
40300 
44930 
42020 
40900 
92040 
86810 
61020 
48040 
38460 
38260 
45750 
40040 
40740 
38700 
39870 
39860 
42110 
40270 
39480 
37340 
39900 
41800 
39040 
39590 
36900 
38450 
39200 
38310 
43360 
39510 
42540 
44220 
45320 
43340 
39950 
71370 
58790 
53540 
55660 
52460 
53940 
58340 
52770 
57730 
52490 
63390 
57610 
56070 
55980 
56340 
51940 
54950 
56330 
54900 
57270 
64780 
55710 
57620 
53480 
56870 
51870 
64130 
43250 
38920 
39950 
41870 
40390 
40140 
38660 
48000 
40820 
37780 
94590 
86420 
62250 
52940 
39610 
39560 
39160 
39100 
39080 
38350 
38030 
39740 
39160 
38720 
39360 
37620 
40520 
37850 
39860 
39270 
37780 
40300 
38510 
49520 
40370 
39830 
41950 
40960 
44030 
41530 
40120 
40810 
76780 
64200 
58940 
54680 
53360 
56140 
52570 
60320 
52740 
53370 
55160 
53390 
57470 
54240 
53180 
57760 
53970 
56250 
52700 
55950 
54070 
55180 
56120 
59710 
52060 
54940 
60140 
41660 
41380 
41960 
40680 
42640 
42350 
40950 
41080 
40890 
41640 
92370 
72170 
53030 
40970 
49910 
39920 
39010 
41450 
38800 
39410 
38880 
39040 
41700 
39390 
47730 
43040 
37970 
38630 
39070 
37410 
41690 
38450 
39490 
40880 
40500 
42680 
43050 
43310 
40080 
39720 
43080 
73130 
57260 
54340 
51660 
54610 
54370 
55340 
56440 
52030 
55630 
55120 
55640 
58760 
51760 
54160 
57150 
54090 
56580 
51520 
52390 
54410 
51480 
57570 
53230 
54540 
55490 
61510 
42320 
39730 
39180 
41130 
42060 
40670 
48170 
47560 
41620 
40270 
88110 
81140 
55100 
53020 
40320 
39970 
40890 
37800 
38200 
39430 
40960 
40300 
38680 
39870 
39880 
38080 
38790 
38960 
37440 
39450 
38410 
38990 
39580 
37660 
45620 
41710 
45910 
41450 
40010 
39410 
42450 
44870 
65050 
54370 
52150 
57320 
56260 
57410 
51780 
55040 
56650 
53650 
58660 
54300 
53870 
56410 
65070 
55500 
55830 
51980 
55490 
54880 
53090 
57740 
55010 
52970 
56120 
53640 
53980 
38220 
37720 
41680 
41150 
40410 
36950 
40120 
45820 
41600 
43380 
94400 
64740 
55430 
41370 
38470 
39010 
39200 
38240 
40350 
39300 
40130 
38910 
38200 
40650 
38410 
39260 
37630 
37900 
41600 
38130 
40280 
40410 
38310 
40270 
40090 
42200 
41900 
50550 
43500 
41610 
40690 
75260 
53480 
54130 
53850 
57270 
57280 
54850 
54940 
54030 
54920 
58190 
55880 
54490 
55870 
52450 
55690 
52540 
54990 
59510 
54860 
58260 
52860 
54190 
54640 
61360 
57090 
61690 
37860 
38710 
41610 
40400 
41390 
39230 
42040 
48180 
41900 
43040 
91770 
81420 
59790 
43380 
41290 
37680 
39300 
39130 
39990 
53080 
41850 
38990 
38310 
40980 
39360 
40400 
39050 
40360 
39710 
37120 
41430 
41230 
37190 
39490 
39370 
42410 
41080 
39160 
40720 
40440 
41040 
63970 
54720 
56480 
57480 
57980 
54820 
52200 
53600 
55490 
54350 
55140 
55580 
57020 
55490 
53000 
56700 
52030 
54210 
56120 
55060 
57620 
51820 
51900 
55510 
54100 
57100 
60700 
39720 
41100 
47410 
44950 
39750 
38970 
38660 
41830 
44450 
42300 
93830 
82130 
60850 
58450 
40820 
39190 
38600 
40100 
37580 
40170 
38760 
35710 
40110 
36460 
40230 
48950 
42220 
39680 
39770 
42520 
38240 
37650 
37490 
39910 
39780 
42410 
41930 
41820 
42050 
39770 
41520 
39070 
75110 
59520 
55250 
57530 
52840 
54870 
55010 
51000 
58000 
64090 
56860 
57210 
51770 
57580 
53030 
52590 
55700 
54300 
57930 
57600 
53030 
55190 
57080 
54160 
56050 
53740 
61830 
42270 
38970 
40790 
40630 
39620 
47080 
46020 
46390 
40040 
41130 
90710 
79390 
62150 
43850 
39240 
40490 
41770 
40060 
39580 
38950 
39750 
39760 
37840 
41170 
39830 
39110 
40070 
38100 
39270 
38680 
37470 
41830 
48840 
46540 
42900 
39960 
44050 
40030 
41950 
39280 
38490 
74410 
61970 
54710 
56860 
53450 
55300 
54740 
52190 
59120 
51200 
53920 
55020 
55710 
56760 
58550 
59420 
54500 
61840 
59250 
55320 
56730 
54860 
54760 
56100 
52770 
56950 
63270 
42290 
42450 
39220 
41340 
41340 
39760 
38640 
50220 
42260 
52970 
92650 
81410 
61410 
50240 
40190 
49010 
39790 
40010 
37190 
38050 
41350 
38310 
39330 
39920 
38210 
38850 
38040 
37040 
38690 
37530 
37940 
40030 
37140 
39630 
39060 
40100 
42630 
40030 
41860 
40430 
39050 
41530 
74940 
60140 
52480 
53840 
57060 
53870 
57440 
55960 
53550 
55020 
53740 
54820 
57700 
52840 
56480 
53590 
55080 
57270 
53020 
53940 
55780 
51010 
57140 
62170 
55570 
56710 
60260 
43640 
37840 
41010 
41430 
38980 
44200 
41980 
42850 
40250 
40350 
94580 
71950 
56410 
40870 
37960 
37690 
40150 
38650 
37790 
40050 
38970 
40140 
85350 
79390 
47810 
38520 
39480 
36710 
39220 
40650 
39650 
40310 
39530 
37560 
40880 
43060 
42580 
43070 
41960 
39940 
41820 
75930 
60630 
51850 
53050 
57900 
63720 
60140 
81170 
53220 
57310 
52310 
56940 
53290 
51850 
61710 
51470 
56210 
51740 
54270 
54390 
53220 
52510 
56090 
52270 
54560 
54390 
61030 
45140 
38620 
37270 
42840 
41940 
41820 
37860 
43360 
45090 
40020 
92600 
82400 
54750 
55330 
56020 
43360 
37660 
37920 
41100 
38920 
39010 
41000 
38250 
38780 
37920 
37390 
39190 
39240 
44960 
42740 
38520 
38990 
38010 
38500 
41470 
40210 
42160 
40870 
40250 
45380 
39310 
42620 
75890 
52870 
55750 
55020 
56300 
56540 
52460 
54890 
55470 
53170 
57820 
54630 
56550 
56900 
58680 
57790 
52950 
53400 
57870 
52710 
55900 
58620 
53930 
55330 
51680 
56680 
55290 
42110 
39560 
42100 
42910 
42850 
38380 
40720 
44010 
42340 
51530 
89940 
67540 
56940 
41620 
38890 
37690 
38720 
39800 
37420 
42260 
38460 
37700 
38610 
37870 
41520 
38790 
37110 
39900 
40030 
39170 
40080 
38000 
38720 
40330 
41100 
41760 
42140 
41240 
42520 
40490 
41500 
74210 
55110 
57450 
56440 
57250 
53050 
50740 
56370 
50700 
55610 
55670 
54980 
55620 
55680 
54250 
52760 
53020 
54520 
64050 
56430 
56310 
52220 
53320 
55770 
54140 
65830 
62960 
40900 
39920 
40790 
46110 
40580 
39870 
37930 
45300 
43100 
39790 
91470 
78630 
57640 
45390 
39290 
39180 
39190 
39030 
40040 
41750 
40430 
37540 
39950 
39300 
40590 
40320 
39640 
45240 
39740 
42130 
38380 
38530 
40540 
39170 
44050 
43400 
42170 
43130 
41340 
39320 
40880 
70520 
60540 
57980 
52980 
57300 
51580 
59880 
60620 
52560 
59280 
51820 
58570 
57290 
52800 
56380 
52700 
53180 
56590 
53860 
57330 
51980 
52410 
56880 
54760 
56450 
56890 
54370 
50560 
40210 
39150 
42150 
39600 
39810 
41390 
40950 
47330 
41220 
83890 
87700 
66090 
58170 
38970 
38200 
39530 
42630 
40830 
37700 
37940 
37890 
38380 
46890 
39640 
40510 
40380 
39990 
38610 
44770 
42000 
37500 
39670 
39970 
40990 
42050 
42810 
47260 
39330 
41500 
39860 
38650 
75800 
54600 
56830 
54720 
53290 
55150 
55240 
57830 
56210 
58180 
55410 
56900 
53000 
55260 
50240 
52090 
53930 
54560 
56610 
52890 
59600 
54340 
53260 
58860 
53550 
59520 
61000 
39680 
39890 
37660 
43840 
50730 
42390 
40330 
46660 
41200 
44070 
92520 
79710 
62250 
45040 
41030 
39980 
39490 
41220 
38060 
37650 
40350 
39030 
40150 
39550 
37400 
44130 
39330 
38980 
39710 
37920 
40430 
43500 
40460 
40070 
42030 
41060 
46770 
40690 
46660 
48210 
40210 
78050 
61050 
57510 
54460 
51260 
57880 
61330 
55640 
53730 
52890 
57710 
53020 
61940 
63230 
54840 
58000 
55680 
58940 
56940 
53120 
55550 
51570 
53550 
59370 
54570 
56020 
63050 
45210 
41340 
36570 
40960 
41180 
39020 
40510 
43480 
42080 
41040 
90190 
82610 
63130 
55220 
41170 
44740 
38660 
40040 
39860 
38590 
38360 
38270 
39010 
40390 
39280 
41470 
39100 
39340 
38290 
36720 
39730 
39420 
40630 
38310 
40070 
42930 
49340 
43710 
40960 
40190 
42080 
39830 
74690 
60080 
50690 
54760 
54770 
53620 
57530 
55330 
53470 
56240 
52930 
59290 
53610 
53220 
56660 
52260 
57350 
52200 
52390 
55410 
52420 
55980 
53280 
54020 
55670 
55120 
60350 
41670 
36200 
42240 
42130 
40260 
42570 
40910 
46400 
44490 
40340 
92350 
71750 
58070 
43380 
37680 
40170 
37300 
48580 
41530 
43550 
40500 
38040 
38280 
38610 
39440 
39080 
40650 
39100 
38110 
38490 
39450 
38110 
40220 
38280 
41730 
39590 
44340 
41630 
40600 
41600 
38630 
74820 
55640 
50510 
56630 
51690 
60540 
52700 
55060 
54150 
53960 
54360 
55280 
52100 
54980 
57710 
51450 
57590 
53560 
55970 
55780 
55120 
57150 
54230 
54890 
55290 
54450 
66520 
45110 
39250 
39250 
40190 
44290 
40990 
36860 
45450 
41150 
41520 
88690 
81230 
57840 
50760 
38590 
40640 
38520 
37240 
41320 
38600 
41360 
38620 
38330 
39870 
39530 
39960 
38360 
36950 
40690 
39500 
39120 
40430 
38670 
38690 
41480 
40660 
43540 
39750 
42420 
42820 
49060 
44850 
74850 
53170 
59880 
54280 
57280 
57210 
52010 
64110 
58990 
57420 
52870 
51970 
55630 
53590 
56050 
56040 
51600 
58430 
53050 
55190 
54000 
54810 
52820 
58830 
55120 
58000 
58230 
40410 
40450 
42440 
43390 
39540 
38160 
43020 
41720 
43880 
42130 
90560 
67480 
54950 
42830 
38570 
41610 
39700 
40960 
37900 
40290 
54760 
51330 
39520 
40480 
39410 
39320 
37750 
42440 
37030 
38280 
44360 
44370 
39350 
40390 
42620 
40750 
41670 
43030 
38860 
42000 
38740 
73650 
58150 
54130 
56390 
55210 
51400 
54380 
54130 
49780 
57080 
51120 
54830 
55950 
53460 
56140 
53240 
55580 
55890 
53280 
54890 
54810 
54220 
55790 
51880 
55790 
57440 
59760 
41000 
41450 
45130 
47220 
42590 
39910 
56290 
48280 
42740 
39350 
92200 
84390 
55420 
56340 
38850 
38030 
40620 
38370 
40940 
37620 
37800 
39670 
38800 
40390 
38830 
38660 
40040 
40510 
37780 
42160 
38090 
38980 
39790 
38530 
44080 
40980 
42390 
42340 
41570 
43770 
39070 
51960 
63100 
54180 
56580 
52580 
52200 
57580 
53320 
55780 
53180 
52190 
56750 
55210 
58610 
56390 
52560 
55510 
54540 
55340 
56240 
53340 
52530 
64660 
53790 
55720 
53840 
52500 
53790 
40760 
42210 
41530 
40490 
39930 
39270 
42830 
41680 
43380 
57250 
92090 
63000 
53830 
40920 
39970 
40000 
40360 
39970 
38200 
38550 
39150 
39140 
39970 
38510 
40270 
38670 
40550 
39800 
38550 
36980 
38360 
37630 
40410 
38920 
40610 
38620 
46050 
41140 
41850 
38370 
40320 
76340 
56920 
58130 
66180 
53990 
58010 
51710 
56800 
51430 
55910 
56720 
54050 
55680 
54000 
52500 
57040 
52020 
57230 
53640 
52570 
60710 
56100 
56160 
55220 
54060 
56630 
61540 
38990 
40850 
39340 
41000 
42970 
44840 
42580 
46600 
41840 
42040 
96500 
78630 
52830 
44720 
39190 
37620 
40630 
38610 
37590 
38630 
41610 
38750 
38010 
41150 
39100 
40210 
47330 
41340 
39520 
37350 
40040 
38510 
41500 
40420 
40780 
41680 
43050 
42540 
40080 
40110 
42530 
69250 
59250 
52190 
50580 
53940 
53360 
55640 
57340 
52900 
57660 
54970 
53630 
57550 
51670 
55940 
54120 
54280 
57450 
54930 
53510 
56120 
53910 
57300 
52370 
53400 
57510 
59470 
43810 
38730 
37100 
40970 
41670 
38290 
39110 
45450 
51750 
41180 
93020 
82290 
65590 
53170 
41560 
38850 
42610 
38390 
39170 
39650 
38500 
38600 
39200 
38580 
40360 
38330 
43600 
39940 
38750 
37940 
39070 
37740 
40330 
38020 
39940 
42370 
39080 
46660 
39310 
41940 
42100 
40880 
76190 
53480 
56120 
57830 
50830 
55880 
54790 
53060 
55280 
55650 
57380 
54080 
51750 
65820 
55160 
54060 
64720 
53390 
55050 
55270 
54350 
56210 
49660 
56410 
55990 
59240 
61320 
39220 
38120 
41150 
39990 
42660 
40120 
40890 
45750 
42880 
42300 
88060 
76230 
59040 
52440 
38750 
40180 
37520 
38760 
39480 
39030 
40760 
40630 
37530 
41660 
38850 
40330 
37890 
37620 
39690 
37350 
39150 
38660 
37030 
40780 
41090 
42070 
42370 
43910 
41880 
50710 
42580 
72800 
54250 
52410 
54380 
52680 
57770 
52180 
54320 
57860 
55150 
59000 
52400 
53380 
58120 
54360 
56340 
54080 
56700 
56620 
51900 
58250 
60220 
59590 
57360 
54810 
54540 
59930 
43410 
39270 
37910 
41700 
43450 
38220 
40490 
48270 
41640 
41240 
88410 
79680 
62530 
52750 
40020 
38870 
38310 
40140 
38110 
40830 
39870 
47940 
40140 
39510 
39230 
38610 
39860 
39950 
40030 
39820 
40520 
37010 
37820 
42450 
39590 
42930 
42060 
41180 
42160 
40520 
42190 
39900 
73630 
56990 
60180 
61650 
55580 
55520 
55470 
54310 
54490 
57760 
54520 
54760 
55160 
54900 
57810 
52410 
55350 
55200 
55050 
56420 
53070 
55060 
58860 
53190 
59340 
53720 
59090 
41430 
38160 
52180 
41680 
40010 
40660 
40910 
43770 
43490 
39450 
91120 
67840 
56190 
42460 
39130 
39240 
39890 
39730 
39460 
40020 
37140 
39980 
40720 
