51550
24140
23110
22790
23140
23670
23520
23830
23250
23530
22920
23830
23880
23561
24001
24071
63141
62481
59731
60151
59911
60070
60290
59670
60250
59770
60010
63510
60650
60120
61260
59530
62630
59550
60190
58850
60220
62130
60170
61970
62400
59910
64060
60021
60401
58821
60201
63281
59331
60451
58601
59770
61340
60050
60100
58360
59190
63060
62550
58730
58390
57510
58720
59030
59180
56720
57700
58230
59110
59060
57810
57390
57710
58261
57620
57161
57301
58121
57491
60091
57491
58290
58380
57870
59270
57390
57850
58600
58460
61830
58990
57750
60960
59660
62940
60150
58280
60530
60110
58820
56640
57100
57750
55520
55061
58261
59821
58291
57501
59751
60651
57840
58660
57020
59440
59690
58020
58380
57690
58460
58290
57880
58370
57920
58360
57870
57430
58550
56540
57480
58640
60000
58680
56980
57210
57431
59051
57621
57411
72121
61171
59571
58240
57390
56560
57210
59210
58540
56680
58840
56750
58590
57580
56520
56530
56790
60500
59200
58840
57900
59600
60180
60180
59730
68500
67531
59801
58971
56701
59441
58711
58741
61601
58380
59490
58120
58580
60200
58900
60470
59180
60010
60520
59050
60520
58630
58840
60140
59520
60660
59510
58540
59760
60690
60040
59271
59071
60991
60121
58661
56501
56301
58231
59050
58410
57190
57670
58750
57960
58100
57860
55950
58970
57310
59620
58200
59670
57760
56430
57840
57280
56720
57490
56310
70300
57840
58501
56951
56971
58571
59391
58461
58371
57091
57330
58910
57150
57350
56090
56450
60320
57230
58460
55940
56720
59140
56660
57660
56960
56070
59320
56420
57730
55420
57250
59860
57360
60511
57811
55981
57271
58151
57951
56971
59430
58950
59520
59060
57690
56830
57670
58960
57640
57500
56720
58100
58540
57250
56290
56800
58440
57390
58730
56960
56860
57500
56630
59191
57511
56131
55911
55951
58171
55851
57410
57970
56610
60440
57610
56700
56790
57090
58380
56920
56540
57290
57530
60900
56990
59640
57260
56110
57810
56690
57070
59591
57500
58581
58041
57871
57951
56561
57711
58761
57510
57240
56290
57400
57860
57440
58930
56780
60350
58700
57090
57770
56640
56930
57240
59500
59820
57600
57800
56240
59780
57240
57021
57491
56031
57961
57741
57421
56391
56941
58880
57820
56270
58150
58910
56390
59170
58410
56300
56020
58550
59430
58820
59570
56680
60830
60270
57390
58200
56940
57550
59150
58610
57131
56860
57641
59931
56181
57221
57691
58020
60450
57070
56880
56730
55500
58070
58030
58970
58770
56030
58160
58070
58140
58220
56470
57720
59830
57560
57280
56690
58790
58890
58270
59470
57131
58651
58131
57031
56771
56681
58020
57490
59030
58150
57650
57560
56930
59050
57130
56990
56930
58240
59190
56330
57870
56780
57670
59660
59180
58940
58020
56240
61890
56901
57251
57681
56631
57701
58331
57171
57590
56581
58300
58640
59190
57030
56620
57340
58510
56940
58400
56990
58900
58600
58320
57340
56560
57640
56660
57350
58480
56530
58740
57940
58491
59161
56221
58151
55881
56891
58661
56720
55920
56880
58590
58720
57900
56650
57430
59630
58380
57580
56870
56920
58000
58250
57150
57500
57360
56700
60350
57850
58140
57420
57711
59791
56511
57271
56561
56721
58681
57320
70170
58140
60470
59600
56570
56630
58110
56890
59410
57390
57930
59170
56270
58120
57760
57610
57780
56230
57910
57920
56300
57390
56481
57921
57631
56531
58161
59821
58791
62451
57060
57020
56430
57110
57820
57140
58730
56640
58120
56390
58470
61560
59670
58170
57000
60300
58330
57130
57110
56980
58620
58300
60361
57711
58171
57921
58691
57411
58881
57070
58030
58270
57520
57140
58220
57320
60910
58140
58280
55950
56840
58170
57550
58300
55620
57310
60180
57320
59510
56330
59390
58910
57511
59171
57081
57051
61581
57851
59301
56170
58020
58000
59110
59530
57180
56350
57380
57960
57470
57450
57420
59750
58010
60170
58250
56710
58580
58810
57570
58980
60780
58290
58091
58091
56001
57781
57421
57971
61141
57251
57560
57450
56870
59660
56940
57400
56200
59620
62870
59940
61120
59510
59690
62740
62080
59760
60560
60860
61750
57940
57030
57290
55490
57931
59271
58061
57191
56331
57151
57901
57330
57550
58770
60230
58740
56960
58450
58650
58170
58360
57440
58230
57940
57300
58630
57560
58520
56120
57540
57640
58460
57770
56191
57271
57151
58921
57481
56731
59381
59021
58450
80631
64531
58390
57320
58860
59630
58160
58490
57840
60390
58090
56980
58390
55730
56900
58970
57320
57120
57840
59030
61720
59640
61011
60151
60381
61741
59421
63241
60201
60670
61700
60320
59780
58380
58850
59580
59780
59790
57260
57050
57580
58460
58570
56660
56200
59120
57990
59360
58450
56390
58550
59850
58001
58211
56071
57731
59901
57771
56561
55830
57850
58130
58300
56990
56770
57840
56410
59130
57580
56700
57490
57960
58760
57680
57730
57760
57130
58920
58500
59350
57270
58590
60551
58341
56961
55841
56541
59151
58801
56441
57940
56130
57500
57920
57390
57460
56700
57570
59470
56920
58130
56540
57910
59840
57850
58670
55820
58290
60480
57980
58610
57430
57931
60871
58161
58511
56411
56321
58901
58600
58760
57190
57480
61040
58170
58690
57400
57500
58620
59250
58740
56330
57440
58400
58310
58590
58510
55720
59390
59750
58970
57040
58081
57941
56741
59891
58131
57131
58811
58600
59471
56020
57650
58160
57380
60410
56960
57360
57820
57140
59730
55720
57900
58630
58130
60630
57660
56380
68040
59770
59140
60060
57761
59211
59560
59811
59151
58501
59401
56050
58600
59701
58140
57820
56780
58860
59610
58120
57990
57320
59870
60170
57120
59740
54410
57390
57300
58790
60280
58990
57480
58800
58410
58580
58581
57571
57921
59401
60371
60261
58371
57840
59530
60160
57740
58610
58840
59840
59260
57710
60130
58820
56390
60210
59690
58660
58370
58080
61150
58140
58430
57660
57390
60411
57901
59171
57641
57961
60081
57770
59151
58820
57380
60770
57150
58610
57020
56860
59080
58330
59230
56190
57660
59870
58520
57580
58040
55950
59120
58500
58290
58030
57070
58251
59501
59271
56691
57871
57521
57961
59501
57810
57210
58030
59270
62110
59260
57460
59990
58260
59850
57980
58840
57660
57670
59820
58160
57420
58110
58530
59950
57250
58850
58391
58091
60491
57091
58601
58391
56651
59470
58490
57920
58030
56700
58490
59440
57290
58600
58320
58250
58660
56900
58500
56350
58040
57760
58340
58630
59340
58590
58540
58710
59821
58751
59861
58521
59871
61841
57971
59261
58210
58980
58270
58470
58510
58730
59980
58600
58240
57860
58290
58830
59180
58810
58830
58120
60940
59740
57670
61320
58220
58130
61581
58350
58401
57811
58861
59421
58881
58941
57291
57460
60680
57510
59070
56570
57820
59550
58110
59640
57340
57790
60620
56700
59370
59440
57920
58230
60330
59290
56870
57770
58800
59651
59641
59581
57531
59131
58431
57580
59390
57881
57600
59300
58740
59030
58310
62470
60820
58500
61010
57940
57990
58760
58630
60240
57600
56990
58050
59320
59890
57250
58170
57841
60051
58781
58491
58441
58001
57610
60210
57750
58000
61920
61720
60500
58490
57760
56320
57940
59650
57150
57270
56810
57640
60920
57080
57380
57330
56630
59340
57040
57420
55641
56111
60111
57181
58371
55501
56831
60741
57450
58850
56920
56550
58130
58350
57720
56970
57800
57190
58710
57420
57900
56170
58070
58110
58390
58700
56570
59400
58160
57211
57091
55591
59941
58531
57661
57281
57040
56620
57810
58610
57110
57790
57350
57530
59200
56380
56750
57090
56090
59750
57100
57790
57640
58190
59880
56810
57550
59850
57030
59770
56921
57791
58181
55691
57291
60291
57961
57520
55680
57840
57940
56830
57850
56250
56920
57670
56420
58740
57110
57790
59190
56940
57760
58950
58240
59740
58780
57500
55961
56070
57611
58541
57831
56921
56611
56871
58701
57080
56680
56830
56730
58930
58390
59490
57520
56380
57640
57950
58780
59000
57030
57160
58070
56540
57220
55990
57910
58400
56760
57190
55961
57641
58971
56691
56901
57241
56211
59430
56840
57560
56810
56650
60200
58390
59090
56680
57420
58650
57740
58000
56670
56410
57210
57690
58650
56110
57070
57510
57330
58271
58430
56021
57591
56791
60701
58331
58000
57940
60740
58640
57340
56530
58450
57920
58960
57570
61830
60970
58420
59240
56670
55820
57850
57310
59960
57750
58140
58690
57750
57441
56551
57501
58391
59991
58841
57641
57621
57360
57110
59590
56170
56970
58490
56440
57620
58530
57460
56830
56830
57900
58950
56680
58040
56540
57330
59290
57340
60440
59860
59151
57881
56790
57801
55811
57711
57771
56791
58750
56241
57060
58620
58630
57980
56710
57150
58370
59470
58310
57550
57040
58240
57770
57490
59040
56910
57750
65700
62200
57920
57471
58281
58651
57921
57131
56531
56481
56391
59891
58150
56270
56520
56930
60920
57370
57950
57850
57210
59910
59180
59480
57700
56970
59360
57290
56840
58380
57060
59860
57210
56180
57271
56751
57981
58821
57631
58311
56311
59131
57460
56390
57860
56310
58220
57440
59710
60760
57570
57900
58470
57400
57320
56970
57960
58820
57140
57760
56640
58090
57520
58691
58011
57191
57081
57191
57911
57251
57910
57851
57130
62030
59340
56940
58740
57730
58690
57820
56800
56970
57400
58360
57460
56690
57000
56880
57310
58340
58590
58030
57240
56241
58271
57101
58021
56201
58061
60411
58050
57710
56210
57290
59980
58170
58030
57170
57180
59030
57610
56940
56150
56140
58060
57570
57940
55970
56690
58410
57720
57270
57280
56941
58891
59681
57681
56751
56641
57721
58100
59051
57120
56940
58070
57870
56820
57540
56150
57130
56260
61030
57940
67990
59640
56710
58560
58500
57080
60070
57750
58710
57740
56811
57741
57011
59601
57251
58091
58701
56461
57231
56440
56960
57850
56900
59220
58540
57790
57790
56370
58880
57520
57060
59930
57340
57530
58830
56160
58010
56910
56720
57280
57580
57880
55961
57601
58541
56611
59991
56990
56510
56590
58000
58480
57000
58270
56780
58990
59740
57060
57690
56350
58140
58180
56980
57150
56360
59150
57630
56650
56740
56601
57950
58560
57381
56601
56031
56881
59571
57221
56671
56200
56150
58600
57890
59210
58620
57020
59840
57040
57950
56220
57320
58860
57320
58290
56150
57290
59850
56150
57660
57010
56761
57701
59301
56161
58751
59261
61331
60051
58520
58070
57140
59280
59850
76670
64360
60220
59800
60290
59470
58660
58440
59910
61200
59900
60190
59030
59850
59370
61790
59680
60301
60121
62361
59911
60591
59451
58901
60040
61721
61031
59510
58850
58400
58960
59730
59140
60140
58760
61040
59990
59110
59160
56080
56740
60050
58130
58070
58120
57280
59551
56850
57361
56431
56691
59651
57331
59271
57550
56930
59430
57250
58130
56030
57150
59000
57290
58090
56080
55850
57110
58950
58390
59190
56690
58110
58060
59860
57100
56120
56820
58310
59351
57171
56051
58151
59531
57080
58931
56300
57400
58150
57690
57240
56920
56790
57080
59020
57630
56700
57810
56440
59130
56790
57540
57200
57170
59320
57190
56560
56761
55720
59171
57071
57151
56841
57321
60291
56611
56600
57270
56460
59650
58430
58370
57140
56040
57220
59510
56720
57350
55950
57420
57930
56410
58520
56330
56650
58330
58160
58401
56130
57411
58611
57791
59261
57561
57130
56890
57511
57870
56560
57480
56750
58340
57400
56800
56900
57260
58290
58120
57260
57600
56680
57810
57530
57210
57850
55610
56880
58650
56601
57041
56381
59001
58851
57721
58981
56460
56730
59050
56990
57390
57920
56660
59000
57540
58590
57540
56420
59420
57070
57960
56470
57200
58120
57690
59800
56820
58680
58471
57340
58161
56561
57021
57201
57921
58150
57070
55751
58260
58230
57690
57530
56490
58620
58150
57290
56950
55670
61500
60360
59160
59370
60040
59140
59800
60600
60500
56650
56931
59871
58301
57581
56891
57691
56641
59781
57540
57620
56910
56630
57190
56270
57660
57740
56810
58200
58030
58350
59430
56780
57530
57880
57030
56920
56010
56740
59200
56371
58301
55821
56131
59101
57951
57951
56161
58080
57810
56591
56880
56430
57110
57570
56630
58820
57180
58440
57030
57520
58300
55940
56910
57100
58430
58760
56780
57020
56780
58080
59211
56491
57621
57451
57451
60361
58161
57350
60600
59560
62440
60980
59240
59920
60210
60590
59450
58690
59920
58410
61350
66040
62200
59950
58900
59600
57410
56780
58600
56890
58811
56381
58351
57281
57031
60071
57111
57060
56520
56370
57240
57200
56480
58060
56720
58140
59650
58180
57950
56090
57990
58570
55950
57230
56670
57160
59430
57170
57690
57321
58541
58631
56651
57721
55451
56901
56591
58140
58950
56670
56930
57000
58180
58260
56750
57030
56570
56910
57940
56770
57200
57100
58500
57770
56750
58550
57930
60070
57331
57250
