67780 
44990 
35930 
39410 
35840 
36550 
38560 
38050 
37140 
38050 
39060 
39070 
37030 
37920 
36560 
36930 
38860 
38270 
37300 
38090 
36960 
36110 
37290 
36970 
37040 
36620 
35820 
36760 
36430 
36620 
35780 
37140 
35250 
37400 
35510 
38840 
36870 
36280 
37490 
35700 
35540 
35810 
35810 
37470 
35480 
36480 
35020 
35810 
38130 
36020 
36760 
36370 
35900 
34740 
36990 
37560 
40160 
36610 
38000 
37540 
39040 
37220 
35970 
37790 
37740 
36580 
35390 
40170 
37540 
38470 
36650 
36560 
35030 
36660 
37130 
37290 
36580 
36290 
35790 
35300 
40640 
36930 
37010 
36860 
35160 
38040 
35590 
35430 
34800 
34870 
38370 
36730 
37120 
34730 
37160 
37300 
35410 
35860 
36220 
36870 
39990 
37120 
36080 
34660 
34570 
38230 
37730 
37200 
36100 
36600 
37690 
38210 
36610 
36070 
34720 
37820 
36130 
36550 
36480 
35640 
36620 
36680 
35430 
36450 
36290 
36300 
37600 
35600 
35990 
34510 
37380 
36680 
38800 
36890 
36690 
36360 
35530 
37050 
35360 
35110 
49670 
39190 
37670 
36020 
35150 
35790 
35440 
36080 
34830 
36380 
35440 
36230 
37920 
36530 
35290 
38610 
36150 
38060 
38640 
36760 
39220 
36610 
36330 
37020 
34520 
44800 
43490 
38140 
37860 
37480 
37160 
34370 
36020 
36920 
37070 
36950 
34540 
35350 
37230 
35540 
36390 
35610 
36040 
35480 
36300 
36310 
35310 
35270 
36730 
37470 
36980 
36840 
35900 
36330 
37840 
35620 
36470 
36020 
36430 
37450 
37080 
37560 
36340 
36460 
37010 
37870 
35710 
35930 
38820 
36310 
38180 
35480 
34990 
36730 
37320 
37590 
35760 
36410 
35930 
36490 
36020 
35400 
36950 
35670 
36260 
37380 
35180 
36790 
35550 
35830 
36940 
34800 
35490 
38050 
35600 
35830 
37090 
35160 
35400 
34820 
34790 
38250 
35790 
37050 
36500 
36110 
37570 
35450 
36520 
35530 
36280 
38110 
36690 
36380 
36710 
35380 
39620 
36150 
38300 
37870 
37300 
36710 
37220 
35690 
36040 
37820 
37260 
39600 
37720 
36400 
35980 
36880 
37260 
34810 
35230 
34170 
36030 
36920 
36100 
36480 
35280 
35740 
35650 
37150 
36430 
35490 
36210 
36090 
37700 
36750 
34940 
35650 
36280 
37830 
36940 
35960 
36340 
36800 
37150 
37120 
36430 
35490 
38630 
38710 
35170 
36030 
34590 
35690 
38380 
35910 
36880 
35790 
36140 
35350 
37720 
36630 
39310 
36380 
37070 
37360 
34940 
37190 
35770 
37000 
37930 
35060 
37730 
36220 
36010 
37400 
36450 
35630 
36540 
37260 
37500 
36020 
36370 
36100 
36040 
35750 
37030 
37960 
36130 
35900 
35670 
38110 
36330 
36460 
37510 
37480 
38000 
36570 
35710 
34930 
36700 
36260 
36380 
36140 
37730 
37660 
39130 
39360 
38340 
37990 
36500 
36150 
37540 
36690 
37400 
36080 
38700 
38570 
36830 
37110 
37810 
35950 
38060 
36350 
36820 
35280 
36820 
36610 
35890 
36110 
36830 
36210 
38690 
36480 
36770 
36000 
35690 
36150 
37630 
36310 
35970 
36250 
36260 
37110 
36500 
36870 
36160 
36960 
37370 
39300 
37480 
36150 
36560 
38350 
35700 
36710 
36110 
37720 
36740 
36480 
36050 
36490 
37800 
36120 
38980 
37620 
36270 
36230 
36080 
37290 
35080 
36230 
35930 
35280 
36600 
34980 
34990 
35270 
37590 
38520 
37480 
37790 
36710 
38520 
37880 
36670 
35940 
37030 
35490 
36550 
37540 
36410 
37000 
35260 
37810 
37350 
37680 
36390 
36530 
38100 
37030 
35530 
35480 
35780 
37580 
38020 
37940 
40020 
37110 
36740 
37970 
35310 
36340 
37050 
37600 
36990 
37330 
37290 
35750 
37100 
35320 
37160 
35930 
36960 
35430 
36850 
37330 
35440 
36540 
37330 
37590 
38570 
36230 
37380 
37360 
36300 
37710 
36250 
36230 
37840 
35790 
37020 
38610 
37120 
37610 
36480 
36130 
38180 
36860 
36800 
36900 
35790 
38110 
37090 
37010 
36730 
37410 
37700 
36340 
36660 
36370 
37690 
38520 
35890 
37390 
36390 
35830 
36720 
37770 
36310 
36370 
35480 
36120 
39160 
36170 
36430 
35200 
36570 
37530 
36820 
36630 
36500 
40480 
40350 
36810 
37860 
36050 
38060 
37900 
36130 
36910 
36440 
36550 
36790 
37950 
50380 
41670 
36610 
37390 
37780 
37150 
35780 
36010 
37000 
38000 
37500 
38080 
38970 
35510 
37250 
35130 
36940 
36520 
36320 
37380 
37520 
36100 
36700 
35480 
36060 
37420 
35390 
34200 
37730 
35770 
37600 
34840 
36620 
34460 
37190 
37940 
36740 
37750 
36990 
37420 
37410 
35610 
36230 
35770 
36000 
39270 
36360 
35390 
36280 
36220 
36400 
37440 
36200 
35840 
35480 
36830 
40430 
36900 
35460 
37140 
37620 
37500 
37940 
37840 
35790 
35450 
36430 
36970 
37640 
42410 
38780 
37720 
37480 
39230 
37460 
36950 
37530 
38520 
36800 
37680 
36770 
35910 
38480 
35630 
36560 
37850 
35840 
37330 
36650 
37010 
37070 
37030 
38130 
36760 
36960 
36780 
36840 
39260 
37450 
36370 
35610 
37520 
35930 
37530 
35910 
36070 
36370 
35730 
36440 
35430 
40890 
36960 
40750 
38180 
36640 
36330 
35950 
36030 
38100 
36310 
37580 
36030 
37270 
40110 
37130 
37420 
37170 
35060 
37490 
40350 
37690 
36880 
36440 
35610 
38960 
36990 
37690 
38550 
36530 
38020 
59140 
43240 
36950 
35680 
36770 
35900 
36880 
36890 
37290 
37900 
35980 
36560 
35370 
35600 
37000 
38630 
36390 
39620 
35620 
37310 
36490 
37950 
37860 
37250 
36450 
38050 
36650 
37590 
35980 
35700 
37690 
36020 
36240 
39240 
36450 
37820 
36840 
36630 
36350 
35840 
37400 
39120 
37410 
36940 
37260 
36590 
37980 
36800 
36630 
35130 
37360 
38500 
35890 
37540 
35940 
37870 
38080 
36220 
35680 
36440 
35590 
37140 
37160 
36050 
35590 
35680 
36580 
37930 
38280 
37400 
36780 
36790 
40150 
38280 
36300 
36400 
35670 
39110 
37520 
38670 
37180 
36760 
37760 
36400 
36860 
37210 
36180 
37960 
37850 
35680 
36100 
35350 
35500 
37640 
36630 
36590 
35680 
36900 
37920 
36410 
37710 
34760 
36280 
37610 
35900 
35850 
36550 
36790 
37840 
36860 
37070 
36760 
36230 
37450 
36580 
37200 
36230 
35870 
39520 
37350 
37030 
36450 
36030 
38660 
38470 
36940 
36200 
36300 
36080 
39020 
35220 
36120 
35950 
36160 
38820 
37090 
36250 
36680 
35150 
39130 
37160 
39290 
36310 
36140 
35830 
38680 
38060 
37800 
36520 
38050 
38210 
38370 
35930 
37040 
36380 
38150 
36170 
40350 
36780 
37020 
38350 
38980 
39370 
37720 
36850 
38280 
35950 
38280 
43490 
37900 
37890 
37180 
40110 
40870 
39640 
37700 
37570 
36070 
38690 
38420 
36830 
37480 
36280 
39470 
35510 
37640 
38760 
37320 
37500 
38020 
38360 
37470 
37600 
35680 
36920 
36890 
35850 
37920 
35840 
39170 
38570 
36610 
38160 
37070 
36550 
35950 
36480 
37290 
35640 
36310 
35540 
36500 
38030 
36740 
35980 
35900 
35500 
35780 
37790 
38520 
37930 
36040 
36270 
37550 
41080 
38090 
36790 
36360 
37840 
35550 
35280 
35960 
35690 
36230 
35080 
35740 
36610 
35640 
38990 
36730 
38200 
37440 
38680 
38350 
36890 
37050 
36240 
35720 
37720 
38730 
37530 
36730 
35420 
36640 
37900 
38390 
37590 
36160 
37330 
37360 
36560 
36590 
34120 
36070 
35500 
36700 
36570 
34680 
38070 
37070 
35300 
37820 
35920 
38290 
37030 
38480 
36410 
35970 
35860 
35830 
36530 
37580 
37080 
37620 
36520 
38380 
36470 
36680 
35840 
36930 
37400 
37250 
36980 
36890 
38830 
37850 
36170 
37240 
35700 
36230 
37880 
37570 
35940 
36340 
35430 
36190 
36360 
35760 
36980 
36530 
36870 
36750 
35810 
35900 
34710 
35840 
36750 
35990 
36160 
36570 
38910 
36600 
36240 
36480 
36620 
37240 
36580 
37030 
37690 
36000 
37080 
39190 
38500 
36780 
36720 
36650 
34870 
37050 
37600 
34900 
36670 
35980 
37420 
37330 
36930 
37710 
37050 
37540 
37240 
36630 
38020 
35600 
35960 
38850 
37770 
36880 
36340 
36120 
37530 
35170 
36570 
35830 
35530 
36650 
35750 
36660 
35710 
35240 
37150 
35780 
36780 
35640 
36170 
39220 
37660 
36950 
37570 
35230 
35000 
38160 
36420 
35150 
35290 
36300 
36990 
36550 
35360 
35820 
35360 
36040 
36680 
36600 
35520 
36520 
38110 
37380 
37480 
35310 
38740 
38260 
37150 
37410 
35850 
35440 
35360 
35800 
36340 
35460 
36920 
37680 
37990 
35460 
35930 
36580 
36290 
36760 
36180 
36850 
36560 
36100 
37470 
39110 
36890 
36270 
43180 
39050 
37500 
37630 
36810 
36350 
36380 
38570 
38650 
36710 
36840 
37600 
37070 
36380 
36370 
36190 
35180 
38820 
36210 
37600 
36070 
36550 
38770 
35850 
36750 
35510 
35160 
38350 
36180 
35190 
33300 
35920 
36420 
36890 
35460 
38990 
36770 
36340 
37680 
36900 
36700 
35780 
35150 
36810 
35750 
36960 
35450 
39770 
37400 
37790 
36630 
35540 
37480 
37280 
36340 
36330 
35630 
36060 
35500 
36610 
40340 
35030 
36970 
35920 
37990 
35850 
35820 
35850 
35490 
37050 
38600 
35990 
40310 
36710 
37520 
36040 
36250 
36870 
35990 
38030 
35270 
36190 
38490 
36850 
36720 
37160 
37030 
36800 
35880 
36270 
36910 
36950 
37050 
35350 
38410 
37090 
36300 
37910 
38130 
35750 
35510 
35890 
37140 
37340 
36930 
37860 
35780 
38970 
35020 
35760 
35420 
37920 
35980 
36080 
36090 
36400 
37030 
35050 
34870 
38110 
35750 
37970 
35450 
40510 
37690 
36650 
37350 
36540 
36730 
38120 
36510 
37230 
36520 
34730 
36500 
35930 
35910 
37680 
37120 
36180 
35580 
36550 
39430 
36590 
36210 
36610 
37780 
36850 
35950 
35540 
36500 
36840 
37800 
38680 
38450 
35690 
35500 
37570 
34980 
36540 
35730 
35140 
36910 
36320 
35830 
34690 
35630 
36950 
36060 
36430 
39670 
35870 
36600 
38630 
38240 
37080 
36110 
37530 
38350 
36670 
35970 
35970 
36240 
36510 
35890 
35690 
46190 
40900 
36270 
37750 
36080 
35050 
36440 
35740 
37920 
36280 
37040 
36610 
35940 
40760 
36550 
35480 
37150 
38060 
38220 
35690 
36830 
35760 
35540 
37110 
33900 
35060 
37140 
35620 
35570 
37990 
35940 
35880 
34850 
36300 
37560 
35750 
36700 
36310 
36280 
36760 
35830 
35530 
41220 
38590 
36900 
35730 
36690 
36570 
38080 
38250 
35660 
37650 
35210 
34730 
35770 
36980 
36420 
35260 
35390 
34720 
36310 
36240 
35980 
35930 
37610 
36580 
36910 
39010 
36550 
36990 
44360 
40180 
36980 
35640 
36410 
35900 
37130 
36380 
34580 
34610 
35530 
36720 
35710 
35600 
39050 
38220 
38630 
35100 
35630 
36910 
37290 
36250 
37360 
36380 
36280 
35230 
37360 
35300 
35610 
35380 
35930 
38140 
35560 
35650 
36210 
34330 
35710 
36840 
35290 
37070 
35750 
35600 
38000 
36400 
38770 
37520 
36480 
36850 
37980 
36950 
35390 
35830 
36230 
35060 
34770 
34640 
36020 
38070 
35800 
36520 
36210 
35380 
36760 
36350 
37100 
35660 
34780 
35740 
37950 
36650 
36500 
37020 
36960 
40510 
37610 
36660 
35570 
34780 
36950 
35830 
35240 
34770 
34960 
36640 
35010 
35570 
35540 
36230 
34270 
38120 
35420 
37230 
35120 
35770 
40010 
36710 
36810 
35750 
37370 
37410 
37720 
37380 
35740 
35490 
37730 
36320 
35650 
36600 
35530 
37690 
36010 
35150 
35850 
36230 
36270 
37660 
37020 
35770 
35530 
36210 
36470 
36800 
35520 
35150 
36800 
37510 
36230 
36500 
36830 
37590 
37390 
36480 
36200 
35980 
35960 
37210 
35170 
36020 
34990 
35920 
36030 
38280 
35870 
48470 
40780 
37550 
37690 
37060 
35860 
37730 
35760 
37540 
36170 
34950 
35040 
35540 
37950 
35120 
35870 
34620 
36230 
36500 
35930 
36020 
35700 
35850 
40260 
37800 
36930 
35610 
36110 
36450 
35090 
35140 
37830 
35560 
37660 
37560 
36930 
36220 
35790 
35680 
36610 
36570 
36780 
35390 
36100 
37490 
35000 
37940 
36930 
37260 
36100 
38570 
39930 
35650 
35580 
35450 
36920 
39040 
37650 
34760 
35950 
36620 
36340 
36470 
36680 
36590 
36750 
37060 
36010 
35260 
36180 
37370 
35880 
37890 
36410 
35990 
35910 
37760 
35330 
35770 
35840 
35420 
38850 
37090 
36920 
36780 
36470 
37760 
36200 
36180 
34850 
36150 
36580 
35050 
35710 
35800 
35060 
37660 
35270 
37330 
36220 
35590 
36990 
36860 
38840 
38070 
35800 
38590 
37850 
36810 
36670 
34760 
35960 
37750 
54300 
41530 
35200 
35800 
38180 
38260 
34750 
37240 
36300 
37920 
37410 
36050 
35590 
36440 
36330 
37740 
36100 
35560 
36410 
37050 
37070 
37060 
35850 
34940 
36040 
38170 
34770 
36220 
35890 
35530 
36270 
36690 
37460 
37420 
35940 
37360 
35480 
37010 
35880 
38470 
37110 
38460 
38620 
36690 
36740 
36890 
37610 
35580 
37170 
35160 
35830 
39150 
37320 
36210 
36290 
35760 
37080 
35490 
35510 
36220 
35240 
37520 
35070 
35990 
35600 
35270 
36150 
37850 
35620 
37990 
35670 
35670 
37030 
37880 
36540 
34170 
35890 
36380 
36580 
35350 
35610 
36520 
37560 
35910 
36970 
35430 
37000 
37770 
35310 
35660 
36080 
38600 
36410 
37250 
36210 
37190 
36750 
36220 
37400 
34730 
36710 
35760 
36330 
38710 
35910 
36280 
36100 
37080 
37560 
35860 
35590 
35080 
36220 
37400 
35290 
35050 
36220 
34550 
37700 
37430 
37310 
36040 
35440 
35740 
38160 
35890 
34760 
34360 
36300 
37390 
35860 
37320 
36590 
36140 
38000 
37410 
37280 
36510 
36280 
39150 
36430 
38480 
35340 
38000 
36040 
37430 
36140 
35330 
35550 
34460 
36510 
36060 
35380 
33750 
36210 
35830 
35970 
34980 
35050 
34820 
36500 
35410 
35770 
35940 
36100 
38040 
37110 
35690 
35470 
35530 
36740 
37830 
34660 
36650 
35450 
36150 
37350 
34920 
35670 
35660 
36510 
38600 
36490 
37010 
35910 
35360 
38680 
36490 
36180 
35070 
36690 
38910 
39800 
36680 
38400 
38290 
37480 
37540 
36370 
36050 
34460 
35620 
37870 
35490 
35430 
36670 
36220 
36260 
36910 
36210 
38230 
35650 
38030 
35950 
35980 
34990 
39300 
36800 
37220 
35840 
36590 
39060 
36010 
38220 
35580 
37180 
35450 
39030 
38030 
35920 
36110 
37610 
39140 
37940 
38750 
36590 
39210 
37060 
41340 
39230 
36370 
36630 
38610 
41060 
37670 
37310 
37520 
37990 
36800 
37810 
38310 
36570 
35460 
36790 
37870 
35650 
35560 
35640 
38050 
38290 
35660 
35600 
34750 
36710 
39020 
35140 
36580 
34210 
37220 
37370 
36140 
37470 
36270 
35670 
36060 
37680 
36900 
34920 
36900 
37440 
38840 
36420 
34670 
35900 
35930 
36400 
36460 
36200 
36120 
37420 
37060 
38520 
36110 
37370 
37740 
41620 
40270 
37880 
36540 
35990 
37060 
39130 
36080 
35800 
35010 
36210 
37110 
42260 
38050 
35180 
36650 
40710 
37350 
36640 
36440 
34950 
37960 
36120 
36520 
34700 
35730 
39510 
37780 
37470 
35510 
35780 
37150 
37990 
36840 
36770 
34460 
35660 
37640 
36530 
35490 
35510 
36270 
36670 
36120 
37590 
36340 
36470 
38050 
36740 
36940 
35090 
38140 
38420 
36990 
36660 
35010 
35900 
34530 
36140 
35590 
36780 
35640 
35780 
37300 
37900 
37840 
37230 
36140 
37330 
36030 
36700 
34800 
36200 
37210 
36230 
35470 
35630 
36990 
37930 
37220 
