50572
22951
22441
22221
21141
23131
21771
22831
21390
22540
21371
20941
22281
20391
21041
21511
57462
57472
55982
56532
55222
55982
55932
57422
56812
57802
57252
57572
57472
56952
55832
55902
57122
56302
57132
57002
56382
56162
58062
56982
55852
57372
58412
57232
57022
56022
55462
57602
57342
58522
56512
54942
57352
57052
57872
56522
56152
57582
56071
58262
55062
57102
57522
56562
57962
56502
56332
59542
57382
57132
55492
55662
56782
59452
57572
56981
57502
56032
57132
68993
60082
54822
56762
56662
57272
57182
56822
57022
56692
58272
57551
54722
56602
57412
56002
57852
56452
56372
56632
56462
57842
57732
55722
56172
57522
58312
55781
55052
55652
56402
55382
57022
55572
55562
56452
55542
56392
56122
56342
58762
55412
56672
56271
55722
57722
56382
56272
56242
54862
56062
56452
56632
56162
55532
56682
56302
56122
59432
56332
56722
57662
56012
57792
56672
56122
55882
55432
58952
56392
56972
61812
57202
56182
55532
57252
55672
56572
57482
58432
56872
55452
57002
56352
57142
57352
56752
55992
57192
58322
57182
55522
57132
57992
57502
56672
58662
57692
56022
56292
56292
55442
55102
56832
55802
56812
56822
55532
58743
55992
57632
56382
55752
56932
57002
57512
57982
55212
58092
56282
57592
56092
63672
61583
58092
57512
56592
56772
56382
58162
56912
55532
55492
56072
57432
57082
57302
56892
56561
57502
56562
58532
57322
57362
57432
57402
58162
55772
56322
55042
57172
57172
55942
57852
56751
57192
58302
57282
57632
55252
57532
55312
58342
57702
55882
58422
57442
56932
56632
55382
57001
57042
58982
57522
56772
57372
57832
57372
57502
56732
57102
55172
56002
57032
57502
56462
57482
58442
57522
54822
57372
59082
56912
60272
57302
57032
60112
59662
59792
60992
57722
58902
57482
58392
56262
56492
58412
57802
58332
58942
56442
59542
57232
58042
57112
56082
56782
57692
56651
56032
55242
57062
57122
56512
56112
58802
56002
56372
58092
58282
56722
57792
57712
58472
57071
56912
56792
57002
58172
58352
58342
58422
58422
58362
59022
59992
57742
58312
59592
56822
59312
58042
56932
59272
57182
57362
58122
57152
57992
57892
58252
57642
56852
59112
56162
55502
58653
56222
56372
56732
55662
57982
55982
56212
56722
55522
58782
55442
55682
55222
56652
56292
56722
55802
56802
56012
55902
57632
55712
56762
55952
56512
56472
56172
57152
59612
57622
58332
56771
55572
56292
56422
56442
56442
55052
55542
57832
56862
57402
56312
55432
57032
54781
57652
55141
56242
57392
55432
56862
54442
54882
56612
56972
59192
56332
55682
56732
56522
58602
55362
54952
55202
56002
56652
55962
54582
56492
56412
56172
55652
54802
56852
56192
55652
58182
55041
61192
63232
60262
57012
55282
56472
56482
55082
57022
54652
54922
55832
56622
56392
55382
55701
55102
56082
55212
55302
56572
55282
55572
54942
55572
56552
56552
56212
56132
57112
56052
54761
57852
56551
56092
55902
56352
57292
56052
57172
56382
55632
56832
55742
56782
57322
55732
56662
57322
55342
56852
56832
57452
57442
55292
56542
56162
55192
56932
54742
57072
56002
55362
55131
57102
57322
55672
55052
54732
55442
56332
55492
56212
54672
55292
56312
57132
67692
57872
55641
58242
57142
54982
58662
58162
56482
57652
56662
56872
56652
55842
55712
55322
55872
55111
56221
56562
55812
57692
56962
55972
55042
57032
60552
55362
56742
56012
55962
56642
54722
56982
55141
56942
56962
56122
56382
57162
56562
56602
55512
55352
58062
56662
56812
55522
56022
57312
55621
57382
55622
55432
56242
56352
57672
55922
56112
56622
55592
57172
56462
55362
57072
56562
57182
56182
55752
56722
55972
55532
56022
56322
56612
57502
57692
57892
56662
56302
55602
55761
56622
56602
55642
56282
55672
56862
56762
55532
55442
57262
57732
57042
56172
56242
55832
56642
56492
54912
56032
55762
56032
57912
55532
56072
58272
56842
58112
55022
55632
56922
55491
57472
55581
54552
56362
55712
55962
55832
55622
57372
57062
56592
56172
55182
56502
55982
56312
56782
54781
55742
55672
55432
56362
56162
56082
55942
56622
57212
54502
55242
55192
56222
55512
57702
55971
56692
56272
55462
55382
56362
56902
57712
56212
56042
56892
55942
57472
56272
56992
56082
54561
57422
56352
56672
56392
54822
57232
55832
57202
57182
54752
57592
57462
56422
57702
55771
56912
57442
56502
57402
55492
56412
56142
55362
57342
56292
56242
55842
56712
56632
55241
55871
54912
58302
56812
55852
56322
57182
55862
56732
55822
56072
54812
56662
56172
57712
57032
54401
55431
56532
56372
55712
55582
75153
57152
56542
55682
55292
55872
57832
55752
56622
55582
54131
57182
56592
57852
56172
56972
58282
55492
56762
55452
56082
56972
55902
58212
57252
55611
58583
56642
58832
56972
56422
58042
57212
54882
56822
54302
56432
56722
57352
56382
55292
56282
56042
54122
57612
56212
56492
55672
56472
57502
55252
55562
57052
57192
56162
55982
57092
58062
57512
56752
56402
55792
55842
56882
55712
55502
55282
55982
55702
57052
57872
57822
57282
68762
57401
58452
57382
57022
58662
58332
57042
57922
55072
55982
57502
56302
56662
56342
55802
57572
56092
56442
55012
55252
57222
56412
59462
56722
54952
58322
56112
56392
54572
54312
56532
55461
56772
54762
56402
56172
55832
57222
56702
55622
57892
56292
56532
56272
55362
56212
56252
57452
57051
55622
56842
56002
56602
56352
55442
55572
56432
55532
59542
57682
57372
57492
58232
57612
57902
58782
58872
57752
57902
58452
57182
58772
58412
58102
57622
57802
57632
57512
57172
57292
55621
55812
58642
56722
56462
56272
55422
56272
57382
55532
57442
55732
56342
56512
55741
57832
55472
56002
55852
54972
57742
56322
56342
56752
56342
57612
55212
55892
58882
54442
57642
55871
55402
56562
57692
57152
56642
55802
54862
55122
57602
55992
58182
57442
55532
58092
56922
56601
56042
57162
58262
56612
56012
55852
56232
55242
55572
55912
56842
55232
56732
56632
56872
56562
55972
56352
56742
57042
54902
56942
56382
54822
58412
56332
56562
56612
55942
57212
56492
55682
57722
55662
56882
54342
56072
55702
57262
56542
57062
55512
57652
55272
57632
56652
55631
57722
56942
56112
56502
55122
55842
55172
56062
58142
57002
56542
56802
56562
56592
55951
56292
56552
57332
55722
55942
55892
55912
56952
56712
56192
56692
55542
56232
55332
57492
55952
55932
57352
54652
56352
57072
56442
57172
55502
57812
57422
56502
57172
56142
56322
55492
55412
56212
56162
56142
55182
55892
55542
55592
55382
58662
55652
57812
56062
55362
56762
55171
54981
56141
54822
57782
55612
56082
56052
55952
56812
57262
55462
56062
57652
57642
56232
56321
55672
55732
56282
56872
54532
56692
55912
56132
56132
55892
56242
56322
58852
58382
57402
55002
54561
56892
56722
56012
54502
54722
57002
55532
55802
55762
55342
56512
55282
57822
55732
57782
58932
55612
56522
56592
55142
58682
56232
58482
56982
55572
56602
55622
56592
58012
54992
57502
56181
55892
58062
55242
56522
55942
55822
57372
54912
56532
55972
54582
57262
55672
56242
58722
55311
58402
55602
55132
56032
55702
55632
55342
54962
56052
54952
55862
56772
55882
56002
56802
56482
57271
57462
56422
56862
56762
57232
56522
55442
56442
55022
56782
55852
55252
55402
57772
56171
57192
56632
56612
55612
56262
55902
55892
54872
56112
55342
57622
56582
54582
56112
55522
58312
56071
55612
57792
54682
56902
54882
54922
56392
55602
58652
56972
55502
56512
55922
56262
55902
56092
57642
60022
60633
60232
55472
56542
55682
55782
57252
55852
57472
57192
56272
56022
54492
55441
55292
58282
56902
56782
56312
55502
56582
56972
55622
56532
55692
58422
54702
57442
55832
56731
57531
55912
56402
57002
55432
56072
54872
57082
56172
56482
55792
55252
56042
55742
55512
54891
56061
54762
56802
56912
57302
56352
54882
57752
55382
56462
56052
55722
58732
55432
56632
56162
56062
57002
56392
54472
55412
56442
55452
57212
55692
55552
55642
57192
56222
55672
56192
55371
55881
56872
55432
57502
56702
56212
56762
56322
56382
55512
57872
57462
57202
57542
56112
57652
56392
55212
54902
57492
56532
56252
58092
56142
55872
56232
55252
57092
56472
55892
56892
56021
57631
56751
55392
58922
56412
57202
55982
55312
56382
56332
56872
56272
54352
56272
55072
56382
55832
55031
57142
57022
56532
57032
56192
56732
56442
55302
56302
55752
56512
56542
57392
55992
55891
55832
56632
55962
55832
55062
56402
57042
56092
56752
63792
60782
57042
56512
55692
56832
55641
56112
56702
56462
56372
56452
54872
56482
54842
55762
55902
54712
57062
56222
55592
55882
55261
55392
56462
65393
57892
54192
58332
57292
58432
57902
57082
56872
57842
56622
58072
55551
55391
58922
55432
57952
56312
55202
57532
56422
57582
57002
58682
58942
57332
58032
55612
55151
57742
58172
57492
58692
55892
57532
57792
56552
58492
55372
56132
58022
57462
58182
55882
56742
56852
59233
57272
55662
56422
56892
57912
56822
57232
56502
57362
57522
56352
58092
56712
56431
57732
55402
57082
56002
55272
56702
56032
56852
56062
55692
57652
56452
56902
58192
57262
57322
57842
55122
56902
55682
56812
56992
56172
58492
58182
57912
56852
55402
57972
55972
55672
57832
56151
57862
56372
56872
55902
58032
57622
57922
55952
55302
57242
56752
56872
56372
55442
56721
56112
59693
56092
56222
55992
56852
57482
57872
55502
57332
57072
56762
57552
57352
57932
58072
56702
58993
55892
56172
57542
57032
57302
55462
56642
56772
56952
57102
57312
56242
56822
55361
57171
57072
55782
58062
56222
57812
55132
56252
56612
56412
59582
57572
55702
57972
57252
57812
56371
57402
56652
56472
57992
57982
56132
56052
58472
56312
56782
56402
55802
56372
57222
56732
58932
57782
56652
59022
57842
56722
57712
122685
116344
71643
57982
58042
57542
57382
56432
55911
55941
56442
56812
55742
56752
55662
55912
57072
54892
57122
57592
56452
57452
57632
58352
58312
107193
117074
69912
58272
58162
56932
56612
56922
56762
59442
55922
58432
56952
57172
56652
55121
56032
55932
59272
57052
55322
57202
56282
56622
57202
56102
65872
59942
56342
57552
57262
56811
56232
55572
56102
57392
57432
56742
57582
56712
67322
60512
56412
55142
58382
58172
58922
57652
57752
58162
58022
60562
58952
56022
57192
56852
57912
55592
55672
56712
55662
56472
55872
56462
60302
58072
58342
57612
58102
58832
57922
60142
56592
55572
56322
55252
57452
57062
56172
57212
58602
57682
57952
55852
56692
55922
55972
54962
55652
58062
57382
57212
58642
56872
56292
56142
58893
59922
57372
57312
56722
56242
56292
57132
57722
57162
55692
57822
56802
57942
56682
57242
57912
56222
56282
57292
57312
57982
57632
57922
56692
56212
59312
58202
58802
56332
56852
58422
57112
57762
56502
58112
58302
58002
56652
56432
55882
57502
55952
57212
57572
56292
56532
57272
57042
57402
55582
58652
57392
57962
57612
55322
57752
58492
58312
57882
57472
57022
57702
58162
57432
66302
58102
56572
58512
56082
56482
55872
56932
56942
57152
54892
55192
56012
55932
56702
57371
55202
56362
57442
56362
55402
56452
55782
56372
56702
56332
54992
56752
56692
55262
56622
56121
55012
56732
55442
56532
56402
56972
57882
55682
57562
56402
55992
56022
56372
56842
56322
55892
56972
56982
55062
55672
55352
56612
54932
55002
58892
56192
55822
55312
54022
57552
54231
54742
55752
56182
57402
55212
56822
55032
57252
57392
55542
55582
56342
56002
55252
55382
54921
55312
55702
55892
58192
56482
54822
55242
55702
55892
56542
57152
56832
56482
55632
55812
55292
55731
57091
55592
55992
55292
55402
56542
55302
54342
55222
56062
56102
54302
58262
56432
55282
55452
55292
56852
54732
54352
55852
55752
57472
54812
55772
63582
58152
57532
54782
54712
55552
55891
57482
56262
54682
56032
56332
55292
55762
54962
54662
56052
56992
56552
56792
56332
54971
56112
57442
56012
56002
54822
56922
54932
55732
55532
55202
54802
57312
56412
56242
56762
56131
55531
56732
55832
55392
56692
56312
56542
55792
54942
57452
57662
57252
56852
55162
57102
55851
56662
56212
55002
55502
55852
55922
57182
55272
56732
56382
55082
57432
54402
58702
55902
56442
57892
56312
56472
56742
56302
58382
58122
54792
55202
55762
56042
56972
54292
55142
53661
60952
63362
60853
56352
56292
56592
56302
57272
57382
55782
55902
55912
54032
56902
56252
56682
56661
54452
55352
55722
56242
56722
55192
50221
56362
56702
57062
55152
57192
54312
56602
55292
55881
57742
56072
57122
55602
55472
56662
55052
58302
56902
58732
57152
55522
57122
56262
56612
57802
55832
55562
57972
56052
56732
54922
56322
55802
54482
58642
54812
55722
55752
55762
59112
55661
57462
55932
55692
57972
55112
56032
55512
55512
56832
54982
