59010
30581
29810
28930
27980
32140
27850
29660
27860
31380
29651
29000
28390
28690
28500
29520
77890
79910
76530
72581
74861
74641
75360
75750
74570
89030
67170
59970
61971
61711
60601
63180
60650
66910
64700
60680
158051
129430
86171
68911
60390
61470
60430
58840
60580
58620
62051
60671
59351
59510
60740
58980
60170
59380
59470
56951
57941
60591
59210
63560
59920
60510
63280
61900
61180
62901
58861
91601
73490
72090
77010
74870
76830
74091
72951
77381
78481
73930
74760
73550
76180
75480
73530
78291
74781
78461
73380
72250
76160
73480
70810
73571
70461
86701
66581
58250
59160
58010
61930
58770
56641
62181
62071
59790
144581
131861
86570
78590
60690
61000
57401
60711
56570
57590
60470
57650
60210
58480
57240
59261
56221
59680
59380
56610
60570
57810
59720
58940
56651
60581
59631
60810
60380
61090
61820
61570
95860
74711
72621
73001
75961
74000
73820
74920
72090
76330
71361
72751
72491
73711
76920
74480
73090
74680
71880
70291
74091
71521
74810
71820
72480
75890
85190
63730
58321
56051
62801
60090
58590
60040
59760
62750
58710
148040
124711
87261
71741
59840
58250
59760
57530
59160
59931
58091
58271
60990
61380
61490
58970
59940
57240
57671
60551
59481
61120
58750
58370
62760
58820
61060
65051
63331
62141
58901
95911
73860
72350
70740
75870
73040
78251
73151
70701
75850
70740
79100
73220
72250
76420
75201
72891
74031
72080
75830
71730
72280
78030
73150
73141
75831
86621
66360
59840
58130
60970
59100
60911
57551
63811
62031
59730
139431
126771
87840
83510
60980
60681
59081
58531
60710
57410
57870
61950
57520
60690
57051
55781
58410
57340
57970
58440
59760
59540
59010
58151
60031
61870
61420
59980
60890
61070
60190
61020
119140
72351
76931
74480
73930
74040
72110
75020
70570
72200
74551
74331
72921
73540
73160
76110
69900
72510
74411
73271
73781
74021
73510
79630
72090
74710
83100
60411
61381
60551
59110
62380
58590
62610
61440
61070
60671
151250
85841
80411
65540
59490
56990
60860
61440
60921
59681
60541
58610
60150
57300
60710
58340
58130
60130
55421
59111
79181
62420
60170
59990
61370
62290
61471
61291
61661
60390
61750
92650
70170
74050
73160
76510
73141
71581
75921
75020
74640
73530
76010
73610
73520
71821
72721
72751
76721
73370
73340
74480
71890
71060
74591
70841
79481
88331
63280
62210
58790
62000
58961
57731
60771
62170
62160
59120
164911
131740
74970
72350
63561
59401
61450
58850
58360
60190
57590
57780
60680
56621
58741
56860
56700
60240
58820
60230
57050
58430
60711
56231
59091
62040
60780
61130
59670
59820
60590
59931
125381
73261
73690
77600
72840
73350
74200
72020
73911
74201
75381
76400
73150
76500
71100
72380
78740
73991
76251
72481
70810
76130
72790
72430
75370
74950
92240
65181
56181
61590
58550
59670
62280
59400
65720
60201
61041
154101
117931
85140
65390
57900
61070
58050
60221
59081
57681
59280
56570
56760
57990
57080
60940
58131
57381
60700
56210
58190
59990
58340
60710
60640
60390
62821
60411
61200
59080
59410
127251
69720
73690
73270
73981
79151
73980
74430
75370
73660
77760
75330
71170
72801
71731
73730
76960
73150
75790
72710
71320
75951
73281
75211
72281
71570
89640
64650
62430
59100
58250
61671
58561
56770
66210
59490
62000
100340
132450
84711
72031
62701
68610
63100
67960
60410
60270
59190
64851
63501
56761
61160
60850
60270
58700
59980
62670
60950
58321
59231
60840
60960
64280
60320
60570
62060
60590
58331
67301
92941
75140
73010
72940
76850
72590
75710
76131
70661
78421
75360
73800
73200
72480
71340
77880
76800
75671
72971
75190
73250
72260
75580
72690
69120
77001
81001
63370
56970
58000
63570
58770
62950
59530
65061
65621
58810
146361
92750
80200
66420
59670
59100
60271
57541
60430
58330
55870
61670
58020
58360
60800
59071
61541
59031
57990
60090
59590
60140
56990
59610
61220
57811
63281
60230
60080
61490
58760
100060
76920
74501
75671
71031
73091
78110
72980
71610
76020
74990
74311
72731
70701
76391
73320
76540
74960
73780
75200
72540
73031
74761
75041
77291
70880
87900
66920
57190
59080
60101
60571
61070
59720
62970
62070
59750
136580
128670
85661
70891
58790
60930
58080
58020
59700
57650
57691
58701
58341
60030
61100
57890
59080
55930
60800
58900
60821
60331
58320
57540
61350
60090
62880
58570
60900
60971
60311
78921
76010
72200
77760
73930
74380
75771
71721
78331
70731
72370
74330
72300
75300
73970
73820
74671
76141
72561
74630
72470
71880
74290
72780
75280
71941
72761
74721
57570
59750
60220
60640
59620
58480
61841
62821
58121
96671
143181
91430
79240
62540
61860
58121
59001
59840
57800
61170
56830
58430
58760
57420
61201
56171
58220
59840
58760
60820
59140
59480
60750
58121
59791
60701
61800
63960
61580
59220
61470
94820
70841
76411
72311
78390
74750
71570
76170
73230
76360
71501
71511
74611
71590
76120
74300
71830
72640
72880
73281
75771
74131
74931
72900
72860
75380
84750
61980
61301
58551
63911
61460
57650
60560
62590
61420
58690
148520
126081
83951
68810
60970
57540
58700
56920
56860
59121
60921
61161
57110
58050
59330
56640
58700
61040
58861
59501
57581
57780
59390
58910
61830
59030
61020
60540
60891
60781
59590
91771
73550
72930
71910
76260
74660
80661
72751
72711
74890
76270
81270
79020
73140
76120
72091
71541
78601
75210
74520
74220
74750
77960
73950
74151
73731
85551
67590
59400
61220
63280
61380
62480
57531
58411
67501
61230
140981
133991
84800
83650
64500
58031
61661
57501
65050
58360
58440
60590
59560
62200
59541
57991
60481
60640
59600
59440
57050
59930
57250
58441
59991
63161
62700
62630
63750
61340
59060
61470
129710
74521
77331
73010
73630
77720
74540
72620
73250
76710
81621
72691
71550
74660
72150
77380
72980
71320
78001
72951
74251
75611
73010
77770
74020
73380
90100
66460
61121
61311
59430
63500
59490
61720
62830
60800
63871
152730
125391
88901
66450
63410
58290
59330
63000
58650
59391
60821
58130
61080
57540
57170
59530
58880
61451
59631
58551
59210
58690
58970
60950
62120
61670
60060
61191
61691
60420
60790
122561
71910
76010
74370
69650
77571
70121
73021
74080
73650
79930
75820
77230
73370
69361
78521
75581
74231
76510
73940
73640
74040
72430
76911
72901
76781
84221
66570
60550
60350
60650
64470
59521
60351
66140
60730
63890
147111
125180
85440
73700
64941
59841
62700
61270
59370
60560
57920
59570
59820
56621
62271
58140
58100
59040
58530
58730
60350
59720
63101
59971
60220
64670
60410
62680
60400
62280
62550
61121
126361
74331
73680
78470
73160
71090
75940
75020
77620
75211
71551
77481
71690
72250
76470
72980
79260
78131
74781
77311
76011
73980
74770
73550
79110
74460
77040
65171
58691
62290
61230
59660
65120
58290
67720
60000
59801
133311
124551
84730
67600
60320
60590
59750
58710
60491
58031
62670
58100
58910
61060
57380
58760
60790
59241
61691
59800
60070
61680
59290
58890
60160
61920
63811
62721
61110
63090
61380
96970
71700
73690
78040
73441
76131
75611
75121
77610
73500
76490
74960
71260
78191
75711
74221
77020
73490
74190
72030
70870
82921
72710
74451
78191
72710
90290
66160
59370
60800
59981
61681
62091
58680
67310
62540
60400
146701
132560
84650
74451
64021
62840
57690
60540
59100
57150
60450
58190
59171
60291
60161
61310
59230
58790
61450
59400
58440
56941
58101
60991
60220
62690
61940
61280
65110
59780
59771
63821
85721
79701
73350
75190
78350
76450
72910
75941
84231
79101
73980
74510
75800
74790
75900
75810
71931
75901
73671
73991
77480
76960
78620
75090
70550
75831
85581
65501
59390
59910
65130
60090
59860
62640
66031
64391
61991
143161
103761
85470
69260
60370
59070
61410
59741
62511
64410
60870
60800
59560
59570
60410
59110
60371
61561
60540
61470
59330
58130
64240
61460
62151
59571
63371
68021
59920
62820
58430
119690
80580
76710
78871
79011
75171
79040
74260
71740
78500
73640
75170
79051
74111
76791
75950
74650
80300
74460
76530
76810
77811
80821
77321
79020
73370
87430
65170
59770
61971
64131
61111
61800
59190
65300
64320
61830
151810
133940
78381
71071
61890
60440
61620
58970
61830
60150
59491
61721
59211
62410
59120
60650
61430
62560
60970
62530
61111
61341
59580
59760
63520
61210
64730
63270
62231
62791
62231
70030
84711
75620
78570
76030
73290
78060
74061
75991
73231
73670
79830
74240
75610
75250
72140
80710
78001
76071
77360
76010
77090
74750
76620
77840
73421
82431
88661
65660
62280
64070
61030
64740
57550
62701
62041
62100
63700
158901
94390
82110
62290
62610
60961
59591
61871
60290
61830
59710
59240
61770
59560
59631
62561
61511
60310
59770
60240
61850
59790
61440
60601
62861
63390
60460
61900
62250
63440
65220
124740
78790
78871
77071
79711
76480
76540
76620
74140
72660
80911
74621
77341
74050
72100
77400
78410
77770
75130
75581
76801
73041
73871
77210
72790
77470
89500
65160
62771
60431
63171
62040
60360
61710
63640
62430
65020
154340
107781
88011
66571
65260
59230
64220
59040
58610
64351
61561
62111
60140
58270
61840
59790
60020
61000
58901
62301
58241
58880
64750
62950
63540
63580
62150
64811
62561
59381
61110
86160
75660
74230
72700
77690
74311
74571
74301
74990
79221
75000
74770
80050
73900
76410
73901
74181
75141
76520
73040
78330
74870
75170
72761
81911
80361
81661
73290
59830
60460
64160
61120
61191
60051
60771
65470
62270
142441
131280
90770
77450
64201
60121
61731
57780
58390
60670
58990
62240
58200
59771
60041
59471
60830
58590
58250
60550
61220
60630
61071
58651
61191
62370
59940
66190
61800
62230
58660
62290
99411
71291
72881
78020
75170
77600
73050
73130
76090
73281
77511
73300
73980
78120
73660
78530
74630
74061
77771
74021
74101
76110
73940
75550
77780
74490
87890
64811
59531
63570
62870
62740
61440
58600
66250
59740
63871
151911
127671
81071
65760
64220
59120
60570
61870
59921
59981
60270
58310
62260
59160
59640
58790
58410
59041
61761
61000
60970
58960
58690
60580
64610
61550
62301
61171
62301
61720
61010
95650
70130
73040
77360
71941
76861
73281
80961
90530
78760
76420
73520
72520
74541
74321
77491
73030
74660
76850
72920
74070
73290
69861
78231
73011
73951
87910
65190
63580
57940
58610
63861
60191
59670
59760
61750
63090
147991
101420
90290
77980
63641
58930
57720
61280
57760
61890
57330
57790
62051
57211
59560
56910
57150
60080
58770
59090
59310
57131
62481
57481
59590
61220
58820
60940
63460
59330
61441
58341
120611
75211
70440
76280
74360
76150
76150
69401
76551
73611
73560
77850
74240
73610
72970
71190
75460
73791
73161
74940
71230
73140
72980
76580
75100
71921
85141
67891
60430
62610
62600
59130
61670
60890
65031
60991
59641
151721
128621
82410
68690
59620
60040
60831
59991
60431
59500
58880
59080
58240
61220
58060
57501
60251
56281
61070
57310
58670
59280
58740
59470
61721
59511
63751
60501
59090
59550
60220
125530
71920
73220
79921
74681
71260
74631
71950
74710
71190
72990
76331
74541
77101
73371
70610
75290
72870
74610
75460
72160
78911
72791
77271
74240
73440
86880
66530
60550
60770
60811
58751
62630
57730
65520
60620
60660
155471
135170
87801
74051
61591
61210
56720
60250
58630
58140
62220
58551
57131
60310
57190
60140
59680
59140
59210
56380
59051
60771
58900
60250
59870
61760
63760
60810
62570
59061
59921
59701
87721
75830
73790
73690
75980
75210
74971
73371
70641
72900
76490
72680
73530
72530
70800
75321
72831
72981
71530
72620
75970
74610
76460
72920
69741
76331
85991
65630
60980
59480
61830
60830
58060
62821
61361
61810
61880
150581
101330
81890
61330
60910
59211
59721
58730
61020
59930
57210
59850
58880
58130
58471
57351
60930
60270
58060
59350
57870
57810
59670
59841
62131
59161
62170
61820
60170
70170
66790
96970
78101
74971
71911
75660
74820
76370
72890
71450
77670
74651
74871
74611
70381
75010
71080
72550
78130
71770
76940
74161
70651
76470
73280
70960
76880
87900
66770
59941
56721
61821
59580
62110
58460
62120
66210
60730
154730
134060
83681
77921
71170
59530
63000
58590
60880
58750
56301
59811
58200
56730
60330
58680
60950
58880
58981
59301
57651
59670
58340
59130
62760
59970
63420
60010
60271
61311
58791
61380
98770
74150
78320
70830
74500
76711
74281
71651
76071
72540
78190
73570
70800
77030
70921
72781
75021
73160
79020
76510
73430
73830
72550
75730
76321
73471
83270
63460
59330
60290
58970
61790
61721
59581
66531
61640
60510
152951
119230
84500
62860
61871
59911
57791
61110
60010
59580
59100
57500
59610
57881
57951
61260
56750
58520
59800
58420
59620
58630
58561
59851
62300
60170
60450
60210
59560
60240
62990
119900
71231
73971
73920
73590
73790
73600
78160
72350
71241
77231
74281
75190
72900
71150
78100
