99090 
55740 
51650 
51460 
50170 
48440 
49720 
49720 
48130 
48220 
51640 
49150 
49180 
47560 
45010 
50870 
46870 
43330 
44400 
45770 
46200 
47020 
43190 
43010 
43350 
47150 
46860 
45680 
42760 
43300 
43830 
51650 
50860 
47530 
44160 
44200 
45940 
45680 
43580 
43890 
42560 
46730 
50740 
48130 
42920 
44080 
42670 
54390 
56820 
47610 
50850 
43350 
42670 
46890 
44460 
43600 
41050 
44900 
47020 
45590 
45340 
42170 
41820 
46980 
55730 
46600 
44240 
42670 
43690 
45840 
43700 
43610 
40890 
45730 
44730 
45050 
42820 
42650 
42870 
47370 
50050 
45720 
44160 
48830 
48120 
45690 
41240 
41830 
60300 
56930 
48630 
42850 
42270 
44210 
45250 
48620 
45980 
50210 
53160 
47650 
48190 
47760 
43460 
44160 
42270 
46930 
47090 
44200 
44070 
42840 
43200 
45170 
45300 
43320 
43520 
45060 
45170 
46150 
42800 
42470 
43360 
47190 
46720 
44030 
43330 
44430 
46240 
45430 
46330 
43760 
42020 
45420 
44390 
45670 
43410 
43050 
44520 
46490 
45620 
43030 
44580 
44520 
43780 
45740 
47940 
46970 
46590 
44530 
46420 
56100 
50960 
54880 
46780 
46470 
46020 
42300 
41680 
43990 
43420 
45550 
43500 
43340 
44850 
44600 
45130 
55000 
45640 
45310 
45570 
45870 
44560 
45210 
43900 
44640 
44790 
47310 
45880 
45790 
45890 
44210 
45430 
50890 
42470 
50600 
43240 
46860 
47750 
41970 
43150 
44250 
43950 
49020 
46340 
45020 
45030 
44370 
45450 
49590 
52670 
51820 
46840 
47130 
47090 
46810 
43200 
41300 
42920 
46530 
45640 
59560 
51750 
44540 
45260 
46110 
45430 
45210 
45110 
45800 
46250 
46330 
44220 
44370 
42880 
45030 
47310 
44900 
43770 
43720 
44050 
47120 
44480 
44180 
45620 
45470 
47150 
44360 
43890 
42180 
42760 
48460 
46980 
45020 
42540 
42810 
46630 
47760 
45480 
43180 
52080 
52740 
51200 
46510 
49290 
44660 
43790 
47760 
47550 
46380 
43000 
49040 
46550 
48100 
46040 
44370 
44230 
55820 
47350 
44870 
44510 
43340 
45500 
47610 
46830 
43700 
44240 
43180 
47180 
45920 
45120 
45880 
44490 
51730 
47660 
48340 
46010 
42260 
44970 
46740 
47920 
42980 
43150 
46330 
49210 
48400 
45070 
44140 
46950 
49510 
48350 
53630 
52610 
48160 
45690 
46330 
47590 
43630 
45560 
44210 
49810 
47840 
45220 
43720 
42420 
44660 
47470 
44080 
43110 
42840 
43270 
46960 
44410 
43430 
44140 
44680 
47170 
45690 
41770 
44260 
44800 
47980 
46590 
42720 
43000 
42880 
44230 
46870 
45400 
44780 
41480 
45270 
47690 
46800 
42080 
43240 
43940 
45940 
48010 
43570 
41920 
53180 
51650 
52620 
49050 
50850 
48400 
45400 
45250 
48020 
44250 
47630 
44680 
43600 
47530 
44260 
43890 
42910 
57250 
51730 
47780 
44950 
43330 
44920 
49490 
51680 
44620 
45700 
45390 
46680 
46300 
43070 
46020 
50760 
43780 
47070 
45460 
45140 
45210 
47810 
45580 
47290 
43080 
43820 
45550 
49650 
47550 
46400 
44550 
43220 
41420 
58010 
51570 
46570 
48260 
44070 
48700 
48380 
43690 
45370 
44010 
46500 
46570 
44810 
44890 
45090 
59060 
54890 
48570 
49680 
45570 
44190 
45590 
47080 
45910 
45770 
43130 
48170 
56720 
52790 
46590 
43880 
45160 
45520 
46530 
44530 
45860 
45070 
45170 
58040 
52020 
48380 
46350 
45730 
50210 
45530 
44010 
42670 
42170 
46820 
46260 
43650 
54300 
50620 
48530 
51040 
48590 
49510 
45320 
48330 
46940 
50380 
44800 
42730 
44790 
48890 
46090 
44420 
43660 
47680 
50250 
47860 
46090 
43500 
45420 
45650 
47260 
46020 
43570 
42560 
43310 
46460 
48460 
50850 
47750 
44250 
47340 
51330 
44710 
43910 
43890 
46520 
47090 
44300 
42690 
44990 
44680 
47650 
46330 
62400 
47540 
43840 
56880 
53050 
47350 
45120 
43950 
48910 
48890 
43040 
41730 
42480 
43910 
48200 
45330 
45090 
44740 
46310 
44850 
46110 
46490 
44990 
42330 
46140 
47290 
42980 
42410 
43060 
42000 
46000 
47460 
42060 
43200 
45750 
44320 
45070 
42950 
43520 
42120 
46420 
46510 
44030 
44850 
44710 
40750 
47260 
45840 
45290 
44680 
43090 
45180 
50710 
55250 
50380 
45490 
47120 
47960 
47550 
48160 
44640 
44690 
46640 
46400 
44190 
42820 
45080 
45660 
46280 
45210 
49030 
43270 
46390 
50050 
42090 
41540 
47740 
44000 
46090 
47070 
43880 
53090 
47290 
46220 
45750 
48930 
45100 
45380 
45860 
46330 
42290 
45700 
46800 
43340 
48400 
45480 
46040 
43670 
49000 
48380 
46580 
44720 
44950 
59260 
57070 
50400 
50020 
47100 
45360 
46760 
47590 
45270 
43550 
44940 
43220 
46070 
47170 
44930 
46160 
48240 
46130 
47010 
45380 
43310 
43940 
43030 
46520 
45940 
44500 
44900 
43110 
44600 
44450 
45170 
44080 
41830 
47070 
46560 
45830 
44650 
40460 
42170 
45090 
48160 
47390 
43730 
42490 
44990 
46690 
41380 
42280 
43800 
44510 
54910 
53260 
45440 
45750 
42700 
44390 
47560 
48130 
46660 
43370 
45740 
46000 
45180 
42360 
43840 
45640 
51080 
42840 
43790 
42800 
42620 
47440 
43550 
43910 
42740 
43410 
44230 
46290 
44360 
43250 
41490 
45750 
52580 
46770 
45560 
44700 
43190 
48960 
47820 
44190 
42750 
45220 
46740 
46070 
45380 
42710 
42570 
47450 
47810 
44220 
56330 
52720 
44520 
49270 
46750 
43060 
43680 
43570 
46790 
48130 
48380 
42930 
46580 
47020 
47950 
44750 
44180 
41950 
48630 
46840 
43560 
44850 
43010 
50540 
47290 
45880 
44740 
42290 
43530 
50890 
48110 
43170 
43670 
42420 
48820 
48270 
46030 
42520 
42500 
44040 
49560 
45360 
43150 
44330 
43730 
49900 
47050 
43510 
42690 
44280 
41740 
60660 
57990 
47990 
45290 
44370 
44940 
47520 
48660 
44000 
45220 
46970 
46500 
42760 
42780 
43320 
43320 
50040 
44970 
42030 
44080 
44540 
45930 
45100 
43540 
44380 
42500 
45660 
45260 
43600 
42340 
43740 
47450 
47860 
45860 
42220 
44040 
44240 
43810 
45090 
43610 
45040 
44840 
45390 
46560 
42190 
44810 
44210 
43610 
48010 
42980 
60790 
49590 
46850 
48090 
45610 
43680 
44110 
43160 
45310 
46800 
44310 
45150 
43090 
42630 
47730 
45320 
43130 
45300 
43610 
45580 
45230 
45110 
43810 
42810 
44650 
48560 
43710 
43560 
43990 
42950 
47240 
45470 
43740 
45330 
42980 
46720 
47280 
43430 
44180 
42240 
45780 
46500 
45250 
45500 
43190 
46020 
46920 
44520 
46510 
43790 
57080 
53490 
50510 
44440 
43530 
43890 
46450 
49140 
49140 
43910 
45100 
42440 
50060 
46900 
43360 
43560 
43490 
47090 
47000 
45140 
47750 
43760 
46230 
47990 
45890 
42410 
42080 
41180 
47700 
43710 
43690 
48900 
47380 
45470 
47860 
46540 
43990 
42410 
45340 
45930 
45170 
43580 
43090 
45400 
46100 
49480 
43560 
41600 
43330 
46200 
45940 
56500 
50770 
45450 
49790 
47500 
45410 
43400 
43500 
42740 
46180 
45850 
42170 
45460 
45020 
46820 
46300 
43580 
44520 
45180 
45650 
49320 
42800 
41840 
41060 
43200 
47050 
44340 
43110 
42950 
43730 
45230 
47770 
45580 
43710 
40780 
47970 
47690 
44300 
43530 
42410 
42910 
46850 
45620 
44010 
46900 
44930 
45960 
45740 
43300 
50280 
52110 
50420 
49150 
44450 
44240 
44850 
42680 
47120 
49730 
42680 
43720 
45180 
45620 
47420 
43590 
43030 
42870 
46720 
47000 
45420 
45570 
44230 
44200 
46910 
45720 
44560 
44900 
44120 
46160 
45940 
48440 
45560 
57340 
55720 
53630 
50320 
45580 
43900 
45970 
46980 
45860 
45410 
43370 
45590 
47300 
47340 
42890 
45240 
44480 
53170 
54800 
48450 
47630 
45650 
44700 
46290 
46380 
44200 
43370 
44870 
47270 
47290 
44630 
46100 
44090 
45820 
47470 
43280 
45900 
43130 
43160 
46150 
45830 
45730 
47050 
43510 
44330 
46470 
45560 
45250 
45290 
46460 
46800 
44870 
44390 
44010 
44870 
46610 
45820 
43110 
45810 
44660 
48080 
46950 
44330 
50160 
44730 
46470 
48420 
45080 
53960 
50790 
45890 
50100 
49480 
46420 
44150 
43120 
48270 
51420 
44370 
44580 
43900 
46040 
47550 
47520 
44860 
42590 
43620 
47220 
48580 
45890 
44680 
44690 
45590 
49600 
45620 
43480 
43610 
47110 
47550 
50540 
46010 
42240 
42730 
48330 
44920 
72600 
58970 
46660 
45040 
47330 
43410 
45550 
43600 
46660 
47430 
44220 
43490 
41940 
57450 
54000 
50120 
44400 
42830 
41660 
47870 
45280 
44940 
41950 
44140 
47260 
48170 
45980 
47000 
44790 
42950 
48870 
51220 
43220 
44470 
43750 
46320 
47220 
44260 
44060 
42220 
50420 
48890 
43670 
45210 
42120 
45410 
49070 
49620 
44410 
44750 
45680 
46480 
46950 
43170 
43840 
42930 
50050 
48100 
43270 
42940 
42150 
42760 
46210 
57020 
53600 
44820 
44900 
47470 
45750 
50780 
43560 
45770 
46320 
51620 
46040 
43250 
45660 
42570 
45590 
47050 
44000 
46520 
49110 
47580 
46440 
43430 
44940 
46380 
45900 
46230 
42750 
45170 
45760 
44390 
50900 
48790 
43850 
44060 
42930 
45330 
44810 
42580 
44970 
43560 
46260 
46330 
43020 
44100 
42450 
46260 
45870 
44670 
43580 
42930 
58620 
53760 
47480 
45090 
47000 
46180 
49140 
49420 
44650 
43970 
44100 
43540 
48550 
50600 
47050 
43220 
43890 
45500 
49090 
44390 
47500 
44140 
46630 
48350 
46220 
45360 
45440 
43260 
47550 
46360 
46480 
49960 
48490 
45930 
45260 
44920 
45480 
45000 
47800 
45960 
45930 
43830 
44650 
43400 
65750 
53200 
44750 
43770 
43280 
44530 
57200 
51340 
47090 
43450 
46080 
45650 
45490 
44890 
43860 
43380 
53770 
46820 
44670 
43770 
43520 
46090 
47110 
43790 
45070 
46480 
47260 
46700 
45250 
44680 
45240 
43690 
46870 
47360 
47090 
43240 
48830 
46350 
48110 
44340 
45440 
43480 
46250 
46430 
49290 
43970 
45700 
45680 
49200 
47140 
45440 
43980 
45330 
47430 
47400 
44290 
58850 
50300 
48490 
49400 
45500 
43350 
44470 
43080 
47710 
46120 
48870 
46000 
46170 
47740 
49850 
44850 
45060 
42920 
49230 
46330 
47630 
46210 
44200 
42940 
46830 
46750 
44410 
43830 
44940 
45840 
50040 
48680 
46910 
45230 
46770 
46050 
45810 
42590 
47520 
46300 
49780 
47930 
45390 
43360 
47120 
47190 
47440 
44900 
43110 
43630 
57120 
55060 
49630 
46850 
43780 
43980 
49840 
45300 
45500 
43780 
48960 
51030 
49300 
46550 
46960 
44280 
48200 
48200 
46080 
43460 
45350 
43660 
49080 
45840 
44400 
43500 
45320 
46770 
47660 
43320 
49510 
45060 
48440 
47110 
44100 
43950 
47260 
45950 
48740 
44610 
45760 
45300 
44580 
46310 
46030 
42990 
47710 
44290 
48190 
47640 
53660 
52890 
47630 
51990 
46980 
45430 
45300 
44740 
47200 
46400 
46490 
44610 
47980 
44760 
47360 
47790 
44710 
45160 
43780 
44100 
46560 
47430 
47320 
46380 
46360 
52910 
49580 
43830 
43950 
47640 
48450 
48750 
45390 
43990 
51070 
43710 
47320 
49570 
45140 
44770 
44480 
46340 
45990 
43260 
45320 
43430 
48260 
48840 
45970 
45200 
55320 
54210 
51430 
51040 
45620 
45380 
43260 
46720 
45650 
46180 
43870 
44270 
51020 
48690 
45220 
45610 
45970 
45030 
45470 
47050 
46010 
44230 
44290 
46780 
47780 
43940 
44770 
44010 
46130 
49880 
48510 
50390 
44390 
44240 
47900 
46670 
44410 
44330 
44720 
47680 
46120 
46700 
43730 
56440 
54520 
49110 
45080 
44430 
42180 
44190 
49510 
57770 
53280 
43930 
45170 
45020 
45730 
46590 
41900 
43680 
44110 
46730 
46370 
47410 
43230 
44850 
46240 
49900 
43600 
46430 
43160 
48080 
47910 
45190 
44800 
46370 
51760 
49160 
45500 
46550 
42090 
43710 
48830 
46230 
43320 
43130 
44210 
49660 
48790 
49420 
44810 
42400 
47710 
48190 
44550 
45040 
43690 
44030 
47900 
47880 
44700 
57200 
51160 
51010 
48240 
45710 
42890 
45540 
45490 
48430 
44970 
44280 
43540 
47580 
52200 
46920 
43690 
47100 
44000 
48380 
49780 
43220 
40930 
45620 
46580 
52400 
46080 
45290 
43920 
43000 
48070 
50960 
45250 
44730 
43930 
49200 
49290 
44530 
41470 
49190 
48290 
48740 
47840 
44270 
43370 
45440 
46250 
52250 
45970 
43960 
45840 
57880 
53980 
50570 
52910 
46650 
46500 
49230 
44860 
44410 
43090 
43110 
48010 
46190 
44260 
45480 
49120 
47920 
46930 
44790 
43740 
43740 
45220 
45960 
42320 
44730 
43100 
45000 
48870 
51500 
47600 
43370 
43610 
46450 
46630 
42870 
43650 
43330 
46680 
46680 
44420 
48240 
45970 
45850 
45430 
47000 
44700 
45970 
43650 
45550 
48230 
45290 
58440 
52310 
50320 
48590 
46730 
43690 
45730 
43220 
48140 
45520 
46630 
45290 
47830 
45140 
46480 
44670 
44830 
43580 
47700 
47220 
45160 
44860 
42320 
44520 
48970 
47180 
46130 
45110 
44760 
52330 
50530 
43700 
45590 
44970 
46560 
46250 
45360 
44440 
45210 
44410 
46730 
47030 
45970 
48960 
44280 
45840 
52720 
46900 
45080 
50130 
53620 
52740 
48050 
49530 
43550 
46620 
49650 
49340 
46880 
45180 
45310 
44430 
45780 
48850 
44730 
45870 
48550 
48760 
50380 
43930 
45240 
43040 
49410 
65920 
53260 
45740 
43920 
47590 
54250 
48230 
45430 
43610 
46650 
48010 
45330 
47770 
49080 
44620 
48460 
46130 
48200 
45830 
44750 
47330 
47040 
45360 
50140 
43820 
51140 
55230 
55230 
47910 
45980 
44710 
48100 
45220 
45340 
43450 
46000 
46950 
47390 
49720 
42680 
49920 
49390 
49920 
45040 
45040 
49750 
46230 
49810 
45680 
44130 
47370 
47230 
49250 
47020 
45020 
44340 
45880 
51520 
48420 
46490 
44490 
45530 
43530 
49160 
45170 
46850 
44500 
44680 
47180 
48990 
47040 
44120 
42940 
47940 
47120 
53570 
52010 
53280 
52350 
49790 
49670 
43460 
45600 
46620 
47780 
47720 
44600 
45930 
45170 
46140 
48750 
45700 
45670 
44090 
45340 
52760 
48390 
44740 
46780 
43780 
46750 
45480 
44670 
45130 
46080 
47940 
48210 
47240 
45480 
44140 
45260 
47140 
44430 
46350 
44260 
46660 
46680 
47010 
44450 
44160 
44770 
49060 
47960 
44870 
46340 
45010 
43620 
72190 
57330 
48280 
47140 
45210 
47740 
46590 
46660 
43050 
44280 
44810 
47160 
47000 
43680 
47100 
45440 
47350 
44450 
44200 
47290 
43460 
47980 
45030 
45470 
45790 
44400 
46130 
46770 
45250 
45040 
47190 
45860 
50150 
45960 
46140 
43560 
45900 
48640 
46950 
43880 
44290 
44850 
46660 
48050 
44410 
45540 
43690 
42860 
48020 
46870 
55960 
52750 
47980 
48620 
48660 
46130 
43120 
42960 
46420 
48560 
46540 
43530 
42090 
40990 
60580 
55450 
47730 
43640 
42690 
53010 
47820 
46580 
43340 
43500 
44560 
55940 
56060 
51080 
44380 
44320 
48320 
46460 
43940 
44430 
44540 
47770 
47310 
56220 
53970 
46460 
47170 
47090 
44040 
44740 
42850 
45870 
47120 
45230 
43900 
44180 
43480 
55780 
55700 
49260 
48100 
43200 
45900 
46520 
43920 
42380 
43720 
43800 
49870 
44470 
44120 
47510 
44340 
48410 
46020 
43920 
44090 
44560 
46390 
47600 
44090 
43470 
41560 
45010 
59470 
49490 
50510 
45200 
43410 
51010 
47850 
45200 
43790 
45200 
44420 
47180 
44810 
43940 
65170 
47990 
54010 
