124840 
46990 
39260 
40680 
39390 
39540 
38810 
40200 
39150 
38480 
41090 
38970 
48460 
40930 
37230 
40390 
41110 
37350 
35120 
36460 
38030 
37610 
38590 
36460 
37110 
38400 
37160 
36900 
37660 
36030 
35900 
36080 
38510 
36530 
36720 
36920 
38740 
38550 
36990 
35830 
37520 
40510 
38290 
36230 
35370 
36520 
36510 
37220 
36910 
37200 
36920 
37410 
37400 
36410 
41010 
35700 
37000 
36390 
38760 
34610 
37580 
37230 
42380 
42740 
38650 
36250 
37210 
37690 
37560 
36350 
39020 
37050 
36380 
38150 
38590 
38480 
37150 
36950 
37810 
35860 
37220 
36500 
36030 
36650 
38520 
37060 
37100 
36180 
38760 
36580 
36340 
34950 
36400 
37960 
35720 
38720 
37020 
36410 
36810 
35860 
38420 
38540 
35540 
36940 
36960 
37950 
35650 
35160 
36470 
36060 
36950 
35770 
44210 
40970 
39660 
39000 
36240 
39040 
36850 
38310 
38700 
35780 
36350 
35870 
35970 
38320 
37330 
35040 
36000 
35280 
38360 
36310 
36410 
35700 
35940 
36370 
36660 
34980 
36810 
35450 
45910 
37790 
36860 
36290 
37000 
35950 
37630 
36870 
36150 
36790 
37060 
36640 
39030 
38160 
35930 
39060 
37520 
41430 
36930 
36590 
37100 
37260 
43150 
40050 
36850 
36920 
38380 
38100 
36140 
35760 
36540 
39940 
37310 
38750 
37030 
38120 
36690 
36480 
37120 
36240 
35730 
37160 
44870 
46230 
36870 
37420 
37100 
37530 
38460 
37590 
35400 
34430 
37610 
37810 
35360 
36670 
37310 
38090 
38350 
35300 
36790 
36290 
37780 
37930 
37420 
35780 
35430 
35380 
35870 
37420 
35650 
36450 
37640 
45890 
41510 
38150 
36210 
37680 
38390 
37550 
37010 
37380 
36580 
37440 
37500 
36560 
36310 
36440 
37940 
37370 
38410 
36230 
35320 
36170 
37470 
37680 
37360 
36600 
36250 
37220 
38430 
37320 
36890 
37040 
37460 
37610 
37210 
37070 
36310 
38570 
38250 
37700 
36110 
35380 
37080 
38770 
40970 
35740 
35830 
36630 
37150 
37590 
36670 
46180 
38940 
38220 
37350 
36210 
35360 
34820 
37920 
36120 
36100 
37970 
36270 
38610 
37790 
36110 
35850 
35550 
36140 
37520 
36350 
35430 
36070 
37540 
37380 
39460 
37470 
37300 
37560 
37710 
37010 
36970 
35980 
37990 
37380 
39210 
37400 
36400 
36150 
36820 
38160 
38580 
35830 
36030 
36380 
38940 
38480 
35910 
37960 
36820 
38160 
46860 
38340 
37160 
36070 
36920 
37060 
35600 
38030 
35350 
37130 
39470 
36360 
37220 
36290 
38690 
37220 
36570 
35890 
35320 
36420 
37870 
38450 
39190 
37060 
36400 
37500 
37550 
38510 
38170 
37700 
36980 
37970 
37380 
36030 
37620 
39570 
38690 
35800 
36270 
37130 
37790 
37970 
35900 
36180 
38520 
38850 
37500 
37510 
36040 
36550 
36290 
44880 
38110 
36180 
34970 
36390 
36510 
36880 
36730 
36420 
39620 
39420 
52450 
40710 
36930 
35670 
36980 
35880 
37620 
34950 
37160 
36640 
38220 
36740 
36750 
35260 
36330 
37750 
38050 
36700 
37050 
38550 
36830 
37240 
36290 
38900 
37000 
37290 
36330 
36510 
21870 
48530 
38260 
36850 
36580 
36220 
36510 
35900 
37180 
36640 
36140 
45000 
39820 
37580 
36740 
36200 
34980 
35050 
37070 
36840 
37170 
34540 
36370 
38650 
38230 
36530 
35770 
35950 
37110 
37990 
37290 
35170 
36600 
37120 
37540 
37570 
36460 
35870 
36590 
37790 
38530 
35150 
37900 
37820 
37880 
37690 
36530 
36280 
37950 
38710 
38730 
38710 
36650 
36810 
37890 
39110 
36780 
35970 
37450 
36990 
37190 
44510 
38790 
36930 
35390 
37290 
36910 
36360 
36740 
36300 
37870 
40700 
36330 
36880 
36210 
38180 
37740 
36860 
36640 
36490 
38770 
38120 
36260 
37130 
35660 
37270 
37590 
38550 
37360 
36710 
37760 
37820 
37640 
37680 
36530 
38160 
40500 
36020 
37390 
36620 
36840 
38800 
38270 
37310 
36010 
35640 
36920 
37150 
36440 
36630 
34870 
36890 
47280 
52260 
37250 
35980 
35270 
37220 
39050 
36480 
36480 
36450 
37220 
36490 
35930 
37520 
34880 
36500 
36500 
35960 
37000 
35540 
36550 
38370 
35810 
35680 
36340 
39400 
38140 
36150 
36530 
34820 
35170 
36880 
37710 
37030 
36900 
36470 
37080 
35270 
39430 
35900 
36100 
37660 
36820 
35890 
37650 
36720 
37490 
37680 
37740 
36160 
44870 
38140 
39080 
36540 
36580 
35890 
36850 
37690 
37540 
40500 
35910 
37510 
39430 
38460 
37120 
36740 
36800 
37370 
39150 
36020 
36860 
37070 
38550 
38730 
39500 
36370 
36760 
37900 
36450 
37690 
36260 
37210 
38380 
37580 
39570 
35720 
36760 
36350 
37620 
40230 
35980 
35730 
36170 
39450 
38720 
36530 
35530 
35340 
36230 
37920 
45400 
36400 
38810 
36470 
36580 
35830 
36470 
35340 
35420 
38840 
37250 
35980 
35990 
35720 
41290 
40810 
38280 
35970 
37440 
38600 
39030 
36680 
36520 
36800 
38550 
37540 
36060 
39930 
35690 
38070 
35950 
37970 
37570 
35570 
37500 
40350 
37110 
35700 
35620 
38440 
37740 
37490 
35610 
35900 
35400 
40980 
38920 
36230 
35300 
36320 
43160 
44090 
38680 
37190 
37030 
37800 
38440 
37130 
35870 
38510 
38290 
38210 
36440 
36700 
37790 
36210 
37740 
37090 
37490 
37690 
36700 
39150 
37440 
36840 
35870 
37100 
37700 
40290 
36250 
34690 
36260 
37920 
37460 
36920 
36410 
37500 
36590 
37490 
38200 
37250 
36990 
36110 
36170 
37310 
36470 
35520 
36770 
38180 
37450 
36450 
46130 
40860 
39170 
38440 
37300 
36520 
37340 
36280 
36890 
37140 
37170 
37250 
37450 
37890 
38780 
36810 
37230 
37150 
37170 
38190 
37400 
37070 
37310 
36570 
38500 
36910 
37190 
36550 
38250 
37580 
36570 
35170 
36710 
35330 
37700 
37320 
37100 
38250 
37550 
38930 
37860 
35590 
35220 
35750 
36700 
38160 
38110 
36900 
35420 
38350 
43380 
37250 
35890 
35910 
37270 
35880 
36280 
35250 
35010 
38250 
37210 
38800 
37060 
35060 
36460 
37230 
37890 
36250 
34780 
36440 
36700 
37990 
35880 
35080 
37020 
36190 
37520 
35650 
38370 
36780 
37000 
37370 
36870 
35760 
36200 
36220 
37620 
38680 
37950 
36970 
37310 
37110 
37200 
35040 
36510 
37130 
37610 
37570 
36170 
35090 
37400 
44850 
40080 
37830 
37840 
35270 
38250 
37400 
35750 
37510 
36310 
40030 
37390 
36620 
36980 
36330 
37060 
37480 
36590 
36430 
36480 
37750 
36060 
37160 
36060 
36680 
36690 
38350 
36100 
37740 
36860 
35870 
37200 
42540 
37330 
36760 
37120 
36980 
36940 
38860 
35930 
36540 
36360 
35830 
38900 
35300 
35580 
39840 
37760 
36190 
35570 
44530 
37110 
39670 
39810 
36090 
36130 
36170 
36910 
41690 
39610 
38180 
36780 
37590 
37430 
37040 
37260 
36720 
36460 
38410 
37320 
39280 
35470 
38060 
36600 
38140 
36570 
36930 
36620 
38270 
36830 
36610 
36840 
39780 
40830 
37130 
36470 
37880 
36510 
39400 
36920 
39370 
37010 
35610 
36670 
38690 
39630 
36050 
35430 
36840 
39880 
46030 
37810 
36100 
36290 
37840 
40670 
37120 
38240 
37980 
39430 
38990 
36540 
36770 
36670 
38680 
37640 
39670 
36980 
36610 
39480 
37120 
40050 
37530 
35800 
36060 
38050 
38150 
37760 
38190 
35850 
39320 
37730 
36380 
36800 
36330 
37360 
40000 
38630 
37140 
35790 
36960 
42440 
37350 
35890 
36500 
36200 
37010 
40470 
36570 
36370 
36480 
45790 
39160 
37210 
36990 
36840 
37860 
37780 
39670 
38050 
38990 
40020 
38040 
36140 
35570 
35190 
36360 
37640 
37170 
37430 
35740 
36590 
36130 
38000 
35180 
36050 
35500 
35610 
37860 
36160 
36490 
35520 
35470 
36660 
35090 
35380 
37070 
37640 
39430 
36160 
35820 
37420 
36860 
37000 
36840 
36700 
37140 
36550 
37690 
37640 
37110 
43850 
38550 
37100 
38640 
36320 
36900 
36760 
38840 
37630 
37040 
36810 
38460 
38090 
37800 
36290 
36950 
35820 
37040 
36570 
37420 
36360 
36180 
36700 
36630 
37140 
36410 
36980 
36750 
37120 
36560 
36230 
35600 
36220 
36510 
36760 
34920 
36850 
36070 
37500 
36850 
37160 
35570 
37200 
36870 
37150 
36780 
35970 
37930 
37350 
36860 
47230 
38060 
35650 
37000 
36880 
38790 
35680 
39050 
40420 
37020 
37550 
37250 
37020 
35150 
37690 
38810 
38330 
36440 
35680 
37510 
37900 
36250 
36660 
36400 
35800 
36710 
36490 
36010 
36150 
36400 
36930 
36290 
36980 
35820 
35510 
36720 
37510 
46140 
42520 
36740 
38470 
37960 
37110 
37570 
35740 
36430 
35590 
37210 
37190 
36560 
35210 
44700 
39540 
37850 
37400 
38210 
37980 
39430 
37100 
37920 
36530 
37660 
38870 
36940 
36820 
36230 
37430 
38170 
36190 
35850 
36350 
36310 
36850 
36730 
37020 
35820 
36080 
37130 
36760 
35740 
38140 
36520 
37210 
37140 
35330 
35470 
36020 
38470 
37560 
36310 
39300 
37480 
38110 
37130 
37250 
37800 
35070 
37330 
41270 
37690 
36570 
43840 
41300 
36670 
38840 
37380 
38580 
37750 
36900 
39350 
37040 
36430 
37310 
39030 
37360 
37090 
38090 
37220 
41580 
38070 
36880 
36350 
35520 
36490 
37370 
37400 
35210 
36330 
36850 
38060 
37260 
38530 
36700 
37170 
35760 
39330 
35980 
36360 
37690 
38260 
38020 
36070 
37300 
39170 
36380 
37790 
37590 
35800 
37320 
36780 
38030 
45160 
38410 
37150 
35500 
37000 
37110 
35060 
35220 
36460 
38260 
36370 
37200 
35680 
35590 
37850 
35940 
37810 
36170 
36170 
36820 
36020 
35380 
35410 
35890 
35940 
36910 
37490 
35710 
35470 
36060 
36810 
36310 
36250 
35630 
36700 
36280 
41510 
37090 
36500 
36730 
37050 
38270 
36860 
38860 
36980 
37570 
38760 
38150 
50070 
40950 
46570 
38180 
39350 
36810 
38210 
36280 
37720 
38630 
39320 
36260 
36760 
37140 
38090 
35440 
35790 
36580 
37370 
38710 
35920 
38100 
37530 
37070 
37470 
34580 
37250 
36650 
36440 
36690 
36320 
36610 
36740 
36340 
37040 
36580 
37030 
35640 
36880 
39880 
37680 
36980 
36300 
37900 
38440 
36950 
36770 
35790 
36190 
39800 
37130 
36760 
45450 
38220 
35890 
36070 
38730 
35840 
36570 
37060 
36560 
37110 
37400 
35010 
37750 
35930 
37080 
35160 
36000 
37500 
38710 
38570 
36560 
36560 
37440 
37780 
37900 
35230 
36100 
37430 
36700 
37360 
37530 
36060 
36180 
37520 
36640 
38090 
36980 
38430 
37760 
37360 
37610 
37170 
38350 
37330 
37190 
36810 
36430 
37210 
37900 
40500 
47180 
36410 
36980 
36350 
37530 
36640 
36300 
36900 
39600 
37200 
38290 
37840 
38070 
36110 
35670 
36930 
36090 
36550 
36770 
36640 
38130 
35890 
37630 
36410 
36240 
37830 
37720 
37300 
36220 
36460 
35220 
36470 
37620 
36170 
35740 
36980 
38200 
37030 
36720 
37810 
37140 
37420 
38960 
36700 
36820 
36340 
38200 
39040 
36010 
36830 
36840 
46910 
41450 
36440 
36490 
36240 
36530 
38410 
36640 
36550 
35750 
36400 
37230 
38680 
35370 
36840 
36670 
37750 
36570 
36290 
36520 
38560 
38360 
37300 
35110 
34070 
36330 
38010 
37660 
36160 
36470 
36300 
37150 
35940 
39940 
36920 
35700 
39520 
38600 
38450 
37780 
38130 
37110 
37210 
37350 
37280 
35830 
37320 
36260 
37560 
38440 
45910 
37130 
37370 
38830 
35780 
37880 
37160 
38360 
37770 
37880 
35050 
35120 
38290 
37280 
37510 
35710 
37090 
37100 
38890 
37210 
36900 
34840 
36720 
37840 
37370 
36080 
36160 
36590 
37530 
38690 
37020 
39380 
36020 
37210 
38860 
38000 
36320 
36880 
35700 
38200 
36700 
36980 
37210 
38850 
38080 
37040 
36870 
37370 
36420 
38010 
45620 
39180 
35660 
36690 
36950 
37960 
36360 
36680 
35560 
37000 
37520 
37090 
36410 
36800 
37710 
38430 
36480 
35770 
36050 
36930 
37100 
36290 
35330 
35560 
35940 
36860 
38210 
36020 
36440 
36670 
38460 
37710 
35870 
35770 
37790 
37640 
37540 
38060 
36570 
36120 
35660 
38040 
37700 
35490 
39900 
36830 
36970 
36150 
36170 
35730 
38720 
38400 
38920 
36800 
35930 
37520 
38350 
39050 
38790 
36430 
35970 
35900 
36210 
37840 
35900 
35690 
37960 
37580 
37290 
37230 
36420 
37370 
36060 
37840 
37310 
36180 
35190 
36860 
36190 
36810 
35030 
37660 
37420 
37010 
37410 
35790 
36590 
36940 
39240 
38000 
35270 
37000 
36130 
38050 
37430 
35500 
37770 
51740 
38950 
38310 
36440 
35700 
37070 
38460 
37470 
36650 
35950 
37510 
42310 
38640 
35590 
36780 
37170 
56260 
39320 
37480 
36840 
36250 
37760 
37780 
37280 
37610 
35370 
41700 
39320 
45460 
40010 
36270 
35910 
38290 
38350 
38080 
37180 
36350 
37460 
38230 
37860 
36310 
36290 
38910 
39480 
38750 
37360 
37470 
39510 
36710 
36830 
35710 
36100 
36340 
36370 
40000 
35950 
34690 
35680 
38970 
38020 
36310 
40930 
37670 
37010 
38190 
36340 
36060 
36820 
38260 
37480 
36910 
36510 
36730 
39630 
38090 
37530 
36770 
37080 
44570 
37550 
37410 
36300 
36390 
34890 
38370 
36880 
36340 
35980 
36720 
40370 
38340 
35950 
38410 
35780 
36710 
36520 
37050 
37030 
36210 
39030 
37100 
35880 
35710 
36210 
36400 
36910 
36220 
36900 
35540 
38700 
37690 
41610 
37250 
36410 
36980 
37440 
36320 
36780 
36530 
36730 
35890 
36260 
37670 
36850 
37540 
36900 
39730 
38230 
44470 
37140 
36620 
35860 
38310 
36600 
35830 
36520 
38210 
40060 
38760 
38320 
36470 
37510 
38160 
35610 
37280 
35690 
36970 
37530 
38140 
35870 
36890 
38990 
37790 
37520 
35820 
40400 
36650 
36750 
37530 
35640 
38540 
38000 
37260 
38880 
35750 
36430 
35770 
36950 
37320 
36730 
35570 
36440 
37810 
35940 
36820 
37080 
35990 
37450 
45380 
39880 
37910 
35550 
35440 
38500 
36950 
37890 
36180 
34280 
40300 
36900 
37870 
34990 
35920 
38900 
37010 
35530 
36680 
37100 
35940 
36320 
37610 
35660 
37000 
35780 
36810 
37080 
37180 
35590 
37230 
36040 
37840 
36720 
36310 
36520 
39650 
37330 
35920 
36710 
37770 
36730 
38410 
36550 
36380 
36150 
37170 
38080 
38700 
36600 
35600 
36800 
36730 
37220 
36860 
35840 
36880 
37460 
37330 
35990 
35470 
40950 
39040 
36390 
36630 
36180 
36590 
38620 
37820 
35840 
37240 
35990 
37130 
38400 
38690 
37150 
36630 
36760 
38300 
36990 
37450 
36970 
35960 
40010 
37570 
36940 
36430 
36020 
36260 
36600 
37390 
37350 
38250 
37630 
37350 
36810 
35310 
54160 
37750 
38110 
38480 
36510 
37220 
37080 
57170 
39580 
36710 
36830 
36280 
39620 
40850 
36270 
36570 
35720 
37910 
36870 
40350 
36150 
36010 
36630 
36800 
39210 
37060 
36010 
36430 
38100 
37870 
38600 
35580 
38270 
39200 
38080 
40070 
37930 
37580 
37080 
43130 
37740 
38740 
36170 
37990 
39660 
36880 
38460 
36260 
38190 
36560 
38750 
35990 
38230 
37230 
37220 
39500 
36230 
37650 
36160 
36390 
37910 
39820 
36630 
36760 
36500 
37220 
38220 
35010 
36350 
37240 
37550 
37120 
39560 
36990 
37240 
37260 
36190 
37360 
34730 
36910 
37230 
36640 
37930 
37010 
37310 
36820 
37150 
39990 
34930 
36400 
37550 
36620 
35540 
35920 
36930 
36400 
36090 
36030 
35990 
35640 
38500 
36770 
36720 
37130 
35710 
37150 
37290 
36670 
36730 
