66460 
57900 
54820 
53160 
48040 
56450 
49260 
51090 
51280 
50750 
49360 
56850 
50060 
51480 
52330 
48580 
52930 
29880 
53640 
52390 
38730 
35920 
36260 
35530 
33270 
40250 
38310 
67370 
66460 
93690 
38290 
34190 
41600 
31360 
40590 
37170 
75330 
69210 
95570 
38340 
36860 
40410 
28960 
43760 
40280 
66370 
65930 
36950 
30740 
24890 
31930 
25870 
31250 
31680 
54840 
58870 
56710 
27300 
148070 
50630 
34280 
38950 
33390 
51250 
54540 
28420 
28490 
27420 
27650 
22850 
29820 
30460 
50860 
49240 
50540 
28640 
27160 
29920 
21070 
29030 
29280 
49880 
49480 
53210 
27480 
27480 
30850 
24340 
29900 
29360 
77000 
65460 
121200 
45530 
39040 
40530 
33110 
39760 
38760 
65510 
64210 
34100 
37780 
35470 
39790 
29390 
38240 
39490 
68430 
65270 
34860 
35100 
34790 
41420 
32340 
38840 
40440 
52100 
52620 
30560 
27140 
28490 
29380 
24540 
34050 
31350 
52040 
83830 
77490 
40010 
97740 
27830 
22410 
28610 
29240 
52260 
50730 
50660 
26220 
26730 
30130 
26530 
30180 
33250 
54570 
55060 
52020 
27880 
26380 
27330 
26630 
29900 
31610 
53030 
52340 
99260 
31610 
27890 
28920 
40610 
38450 
40580 
68330 
66860 
105740 
36830 
37910 
37760 
33410 
39410 
36470 
67350 
67360 
96500 
34370 
33420 
39970 
33380 
39840 
37470 
64480 
70680 
96150 
38340 
32610 
41240 
21920 
34530 
30780 
53050 
50030 
51730 
29800 
148930 
27390 
24330 
84240 
75560 
66490 
61240 
49900 
26680 
26140 
26540 
24650 
29480 
29050 
52310 
49280 
26650 
27290 
23900 
28350 
21750 
30450 
29520 
48370 
49520 
25640 
30340 
29350 
30990 
23360 
30990 
30310 
55190 
52300 
25410 
73630 
33680 
39960 
31310 
39600 
39370 
64660 
65410 
33620 
34620 
34460 
37950 
31030 
39520 
36400 
69190 
68780 
35660 
36620 
35450 
36260 
33860 
38550 
38910 
65730 
65440 
36800 
26820 
28160 
26930 
24800 
32560 
30130 
51160 
56560 
28560 
28090 
159990 
50970 
35200 
37190 
30140 
52880 
48140 
28520 
28120 
28260 
25700 
23650 
31130 
30610 
51870 
50270 
25280 
27250 
27050 
25440 
22780 
28710 
28660 
52210 
50800 
27230 
27870 
28090 
27280 
26820 
29830 
30140 
74500 
66720 
40240 
34430 
33970 
38410 
29230 
39180 
39560 
63940 
65650 
171270 
38540 
36120 
39450 
27670 
39570 
38980 
65340 
68500 
36650 
36220 
33610 
40540 
32280 
39030 
41510 
56570 
51560 
27200 
29600 
28080 
29490 
21880 
38620 
31980 
53570 
91390 
69260 
41830 
33850 
28760 
20680 
28500 
31540 
53930 
52240 
52430 
28390 
26120 
30040 
22700 
34950 
32270 
55730 
53500 
54450 
26360 
26030 
25300 
24460 
31610 
30340 
52900 
54190 
28820 
30980 
28600 
29810 
33710 
41670 
38010 
66090 
64420 
34310 
38040 
34820 
44830 
33330 
40340 
39590 
66060 
65450 
34150 
33220 
33470 
39940 
31630 
39850 
37650 
65630 
65610 
91710 
39520 
33600 
42600 
26180 
32590 
30730 
55270 
53570 
52220 
30080 
30710 
30170 
23530 
75330 
67040 
73870 
64990 
56420 
27510 
26370 
28900 
23610 
29290 
27370 
50200 
54590 
27780 
28560 
25190 
30540 
25490 
30080 
31030 
51800 
48550 
90580 
30310 
26020 
29470 
24290 
32110 
32760 
53990 
57450 
55730 
37160 
36900 
38420 
33020 
39730 
35670 
68200 
69100 
109340 
39960 
36310 
39250 
30240 
39870 
39200 
67280 
64430 
81890 
39290 
36180 
38540 
30780 
38680 
38280 
65870 
69400 
106870 
36440 
31290 
30790 
24560 
31320 
32660 
52510 
53310 
58410 
28620 
88070 
53460 
38700 
45030 
32660 
51290 
48930 
50280 
29200 
26440 
28700 
23090 
29500 
30690 
50090 
49330 
52600 
26290 
26000 
24290 
22820 
30390 
28980 
51880 
51930 
26890 
28330 
27550 
29920 
23730 
31100 
32270 
53680 
74240 
35250 
33100 
36230 
39650 
34430 
39130 
37990 
65450 
67110 
37670 
36010 
158820 
37930 
33840 
38990 
41230 
66250 
69690 
36110 
32900 
34130 
33750 
34080 
40450 
38330 
68590 
52810 
54430 
31030 
28090 
29190 
23030 
30800 
34550 
57710 
53810 
101050 
68390 
39480 
37430 
22440 
29880 
28360 
49980 
53190 
53950 
26300 
26600 
28060 
22180 
32280 
28760 
49550 
47590 
49500 
28550 
25130 
55120 
21350 
28790 
30440 
55340 
52340 
27830 
28350 
27710 
31700 
21830 
45270 
37730 
64780 
67560 
34130 
36840 
33710 
39270 
30670 
39790 
38190 
64660 
64480 
91350 
38960 
33500 
39780 
29740 
39420 
40960 
65850 
65140 
83570 
37590 
35590 
39520 
34500 
32620 
30390 
51230 
53340 
26770 
28000 
26090 
33500 
25410 
31160 
70670 
79810 
72450 
82620 
27240 
26050 
28000 
21430 
35640 
29920 
50670 
48440 
57870 
28150 
26470 
29720 
21760 
29770 
29430 
57660 
54350 
51560 
27480 
26630 
29480 
27250 
30640 
30870 
53700 
53050 
55950 
28790 
191020 
42200 
30540 
39740 
37400 
64980 
64570 
90160 
37230 
34330 
38990 
30600 
38560 
37740 
64750 
65390 
82770 
39000 
34140 
40040 
32410 
40520 
39320 
67040 
65850 
84640 
40120 
29150 
30100 
25680 
32500 
32430 
57570 
50810 
61420 
30850 
27440 
85420 
40810 
40760 
34790 
51830 
54690 
52040 
27070 
30740 
28080 
21920 
30790 
28910 
52430 
50170 
54110 
28580 
27990 
28010 
25330 
29010 
31390 
51670 
49170 
57020 
28350 
27970 
29730 
25060 
31390 
33970 
54350 
77700 
93020 
35550 
33930 
39230 
34440 
39480 
39450 
64020 
64750 
96790 
37380 
34500 
38270 
34960 
39820 
39180 
65020 
65760 
104450 
37780 
35940 
40180 
30060 
37560 
39420 
72810 
54430 
49920 
28030 
30360 
31320 
27180 
29240 
34290 
55050 
56970 
119850 
78100 
38300 
38650 
23350 
38610 
31180 
50330 
50970 
54520 
26900 
26250 
31500 
23130 
35870 
32970 
54220 
50500 
51650 
27430 
28040 
28420 
22480 
30040 
31230 
55090 
53190 
53210 
31400 
28000 
31540 
23910 
74760 
38980 
63670 
66270 
118140 
62100 
106590 
42010 
31490 
40150 
39630 
64860 
64570 
92930 
38430 
38240 
38760 
29170 
39880 
39570 
68370 
64810 
88140 
37530 
36340 
41060 
33910 
32440 
32900 
50070 
56370 
56820 
28330 
29310 
29700 
26500 
32860 
72590 
79830 
76560 
93450 
30430 
26660 
28350 
22560 
30650 
28800 
55470 
50550 
50430 
27570 
26480 
27080 
23640 
29170 
31350 
56410 
49620 
54430 
26620 
34730 
32100 
23890 
32270 
29570 
49820 
54230 
53240 
29130 
27820 
47790 
30160 
40360 
39640 
66170 
64990 
89040 
38260 
33170 
40880 
30810 
40270 
40280 
65680 
65350 
83890 
36640 
35480 
40030 
33700 
39550 
36750 
64930 
65630 
97450 
38740 
90620 
30490 
22300 
31660 
33590 
53450 
48400 
51370 
30350 
29750 
30310 
43530 
45930 
37210 
57630 
50300 
52610 
26050 
25840 
29570 
23370 
31370 
30170 
49070 
51130 
53640 
28440 
27430 
27200 
20640 
34800 
29970 
52860 
49650 
49670 
27730 
27160 
26220 
25600 
30000 
31310 
53710 
53070 
100010 
36770 
34290 
36500 
33450 
40220 
36410 
66130 
64320 
91040 
38020 
34180 
37110 
32760 
40500 
39450 
68400 
66310 
101650 
38040 
36270 
38290 
28900 
38410 
40920 
67590 
71240 
52760 
27040 
27300 
31980 
25790 
29810 
31450 
56670 
54470 
55650 
94920 
72820 
38610 
26070 
33220 
30880 
51260 
50840 
52160 
30980 
26600 
26950 
21550 
27360 
31530 
54300 
50710 
50910 
25570 
27310 
31780 
21040 
29510 
27380 
50050 
55940 
52800 
29220 
27780 
30000 
25430 
30400 
46890 
67030 
62180 
88950 
39960 
35720 
39930 
30370 
39740 
39090 
66120 
66180 
98290 
35860 
36520 
41520 
30050 
41420 
38340 
68820 
67330 
65680 
36880 
35610 
41440 
35120 
41480 
30900 
51460 
49080 
62120 
34090 
25970 
28310 
25440 
32840 
31030 
84860 
83000 
109590 
32840 
28670 
29990 
21400 
31290 
31670 
53140 
52490 
51310 
27160 
27690 
31530 
23820 
29620 
29630 
49870 
56580 
54040 
27750 
27030 
28530 
22250 
36360 
30460 
54910 
51810 
56110 
28820 
27030 
70310 
35280 
40010 
38840 
65560 
66800 
107490 
68980 
41270 
40550 
31340 
40000 
41610 
66380 
64680 
91410 
35410 
34250 
100710 
31010 
41090 
37620 
65120 
64140 
85580 
37650 
38190 
60630 
21990 
29700 
30960 
55000 
53240 
52930 
32060 
29220 
58020 
79990 
81420 
36350 
62710 
51570 
51760 
26540 
24940 
57560 
21820 
30070 
29360 
51640 
53380 
53150 
27590 
25820 
29630 
23120 
31380 
30830 
50740 
54390 
27260 
29470 
29240 
29000 
24160 
31570 
31400 
52070 
48510 
108530 
34620 
34840 
71760 
38240 
41200 
39560 
65760 
64550 
91610 
38270 
35810 
41680 
30180 
39930 
37750 
67870 
66650 
89610 
36510 
33400 
39280 
31750 
39170 
39810 
65610 
73330 
54960 
28090 
26760 
28650 
24400 
32080 
30170 
53010 
53680 
61530 
95520 
74430 
43840 
29450 
32440 
32120 
51650 
50440 
51250 
27520 
26700 
28260 
21220 
29140 
30050 
50450 
50520 
51490 
26780 
27450 
25310 
26570 
28840 
31540 
54070 
53720 
56680 
26900 
29820 
26210 
24870 
39570 
72280 
65220 
64840 
92140 
38800 
36190 
42060 
30200 
39740 
38770 
67910 
66010 
90950 
39290 
36520 
69430 
33860 
39980 
39780 
67130 
67890 
89900 
36730 
35070 
40860 
32820 
42360 
31330 
49470 
52610 
55980 
28500 
28330 
27610 
23690 
32730 
31730 
53970 
86130 
117130 
36970 
29490 
31050 
23990 
29590 
30410 
52670 
50580 
97540 
27190 
26950 
29750 
23290 
30020 
29970 
51140 
50120 
53820 
27670 
26800 
29030 
22000 
32320 
30320 
53500 
50810 
54740 
34000 
27820 
30240 
37230 
41290 
40450 
67010 
65690 
37150 
36620 
35650 
40520 
30590 
39480 
38910 
66040 
67740 
85590 
39640 
34150 
38490 
31400 
38460 
36490 
67100 
66960 
90750 
38260 
34320 
38760 
24480 
30940 
30030 
52690 
56170 
50640 
29190 
30860 
31160 
23270 
74680 
46480 
65710 
57560 
59000 
27750 
26220 
31230 
22520 
29090 
31410 
51560 
56670 
50400 
28010 
27810 
28660 
23040 
28710 
29520 
50100 
51290 
53710 
26810 
85660 
29780 
23840 
31200 
31300 
56820 
51330 
54050 
44090 
37780 
39120 
30830 
44650 
42010 
69130 
69840 
93580 
37520 
35910 
40580 
31690 
38720 
39720 
64590 
64770 
81430 
36150 
33100 
42690 
31670 
39970 
39240 
65020 
67070 
99360 
29450 
26880 
29890 
23200 
33880 
31130 
51570 
55180 
55070 
29110 
71080 
50380 
31090 
33170 
30270 
55900 
49720 
51310 
26810 
26740 
31410 
22740 
30500 
28950 
49680 
51450 
52750 
27130 
27650 
29500 
24800 
30900 
30400 
50990 
47990 
53820 
33640 
29300 
30640 
24680 
31110 
32560 
78760 
66310 
85180 
38350 
35160 
41230 
31280 
39360 
38920 
65070 
67810 
107570 
36310 
32670 
39180 
32930 
38890 
40470 
64580 
62400 
105280 
38570 
35330 
38390 
30920 
40390 
40100 
54480 
50110 
54380 
29900 
29360 
28570 
24360 
32080 
31170 
56000 
86010 
109290 
40580 
30030 
28600 
25880 
29780 
37470 
54890 
50520 
31550 
29140 
26120 
28950 
23470 
31810 
30760 
53710 
49390 
27630 
24560 
26970 
25250 
25620 
30230 
32210 
56060 
55220 
29690 
25250 
27120 
26260 
42210 
39550 
39670 
66520 
66070 
36420 
35090 
36540 
36670 
31970 
43170 
40250 
66930 
64390 
37100 
33990 
36580 
38040 
34860 
39060 
39730 
66860 
66820 
36260 
33800 
35630 
40470 
27800 
30050 
31680 
52320 
52860 
29210 
25910 
30730 
26280 
24750 
83990 
67880 
71670 
60770 
27540 
25740 
27850 
33200 
24160 
29100 
28420 
52490 
54840 
54930 
26800 
26510 
29470 
24270 
33600 
30040 
50770 
49150 
53090 
29580 
28030 
30290 
30590 
35640 
33220 
57430 
51030 
27970 
44660 
36010 
37400 
38130 
40890 
37240 
67980 
65720 
35760 
33680 
34410 
37670 
35330 
36820 
36430 
65420 
63340 
36200 
34240 
33670 
39930 
30400 
41360 
39930 
65430 
69260 
99580 
28170 
27950 
28910 
23460 
31550 
29520 
54530 
54380 
57650 
27610 
82970 
86620 
36470 
36940 
30450 
53180 
53240 
53560 
27590 
29410 
29280 
24400 
29510 
30480 
49450 
51860 
55890 
29300 
26600 
24600 
22950 
29590 
32500 
51890 
50310 
52190 
27870 
30040 
25930 
25530 
32330 
31420 
65000 
70240 
99560 
40370 
35980 
41830 
33180 
39480 
38510 
63670 
67810 
99590 
37990 
34290 
39260 
30790 
45910 
42150 
65370 
66200 
101370 
36590 
37310 
41810 
29000 
39480 
43240 
62420 
56130 
50280 
30910 
28680 
32050 
23190 
30400 
32000 
56370 
54380 
117540 
42560 
35190 
27200 
25770 
32250 
28700 
49050 
48840 
51880 
28140 
29310 
23120 
23150 
31130 
32320 
53550 
53090 
54520 
27540 
28200 
28440 
24090 
33250 
32650 
54710 
55260 
28720 
28230 
27590 
29550 
24340 
43580 
42270 
65530 
67910 
35530 
40550 
34680 
40450 
31150 
38950 
40440 
65340 
68370 
36390 
33660 
35150 
38080 
29710 
41490 
39600 
64040 
64610 
35060 
35710 
34610 
40540 
33180 
31440 
27310 
55170 
51920 
28980 
30510 
27200 
33880 
23730 
31650 
71050 
78610 
63830 
59880 
32110 
28410 
30280 
21030 
28590 
29400 
52340 
52580 
49080 
25410 
26600 
26370 
24090 
29250 
29000 
51270 
50970 
88590 
30430 
27470 
26720 
22540 
33340 
32050 
54900 
56330 
28020 
27940 
68140 
42900 
29460 
38440 
36490 
62850 
65830 
67230 
37340 
33870 
41600 
32590 
39190 
38860 
64170 
67590 
95100 
38270 
35940 
39240 
29580 
44350 
40490 
67120 
65380 
86620 
40980 
28850 
54280 
23140 
28880 
31310 
52400 
51290 
60400 
30160 
26960 
116010 
69320 
40470 
32820 
53780 
56090 
58100 
28680 
27390 
48320 
25990 
31260 
28560 
49410 
50730 
26750 
28180 
26970 
26620 
20980 
28660 
29830 
53280 
49930 
25630 
26660 
29480 
33190 
23140 
29700 
28110 
52980 
77490 
35370 
34160 
33200 
37330 
32010 
40450 
37360 
65020 
61680 
34850 
35020 
34070 
36740 
32820 
39930 
39550 
66130 
64910 
33180 
35280 
35080 
108270 
44440 
43790 
39070 
69680 
54510 
54560 
26390 
26400 
51680 
25660 
30410 
34130 
54460 
52730 
107760 
69450 
34430 
37550 
23750 
32550 
29690 
50830 
50160 
51760 
28350 
26640 
26520 
23900 
29040 
29630 
51320 
52920 
55050 
26970 
27070 
25810 
27480 
33150 
29920 
52840 
52950 
92860 
28860 
27920 
30010 
27100 
45410 
40720 
66620 
64680 
38330 
40440 
35470 
40600 
31610 
38840 
37060 
68390 
66590 
36050 
37130 
34230 
40180 
31640 
39170 
36900 
66870 
62830 
34130 
37210 
106720 
37310 
35570 
38140 
32430 
51960 
53200 
29180 
28660 
25970 
34680 
24680 
31390 
71450 
81110 
74870 
33100 
28730 
28750 
26920 
22870 
29930 
30400 
49200 
50970 
26640 
28880 
88540 
28370 
25540 
31710 
30280 
50350 
52920 
27290 
29980 
30620 
30060 
22450 
30170 
32240 
54270 
53020 
28690 
28370 
61970 
40780 
31440 
39900 
38330 
64780 
66180 
35570 
36180 
35320 
38450 
30580 
40050 
38510 
65910 
64680 
35690 
36000 
35600 
40170 
31200 
38820 
37000 
67730 
65010 
35290 
40700 
27110 
28840 
22560 
32100 
30840 
52970 
52970 
32330 
31250 
28470 
41870 
42850 
45700 
36770 
54740 
50840 
