116790 
143290 
142560 
108230 
110650 
137480 
117240 
117790 
131770 
129110 
150930 
124560 
119290 
127710 
128690 
150360 
124900 
106910 
104440 
106790 
119290 
90900 
102060 
103700 
102880 
92130 
118750 
106210 
104790 
118920 
120320 
120320 
102260 
104070 
117460 
97220 
113250 
104910 
103500 
115280 
90310 
103800 
102030 
103630 
98680 
120660 
104110 
106590 
116430 
116930 
108340 
110250 
104310 
93010 
117750 
103930 
101570 
101880 
118490 
98190 
102890 
103780 
108830 
97950 
119250 
106040 
104400 
116330 
92550 
121450 
105960 
103010 
118550 
97420 
109190 
103660 
103230 
92770 
119300 
102750 
101240 
104450 
94950 
118600 
105780 
103560 
104740 
119500 
91470 
103560 
104180 
113820 
103960 
119430 
102630 
102980 
94190 
116060 
106000 
103790 
104460 
117330 
97730 
108130 
102640 
103320 
93590 
118900 
120030 
106070 
119180 
99010 
116360 
103810 
105080 
126350 
96130 
102620 
102020 
101890 
118310 
118050 
103880 
103880 
109970 
123360 
98290 
104110 
104880 
93400 
117770 
111850 
101610 
103180 
118860 
93230 
101050 
108410 
102230 
117570 
97490 
105430 
102910 
112660 
98350 
120000 
104570 
103610 
93060 
114840 
110630 
105640 
105170 
120640 
121700 
112700 
102570 
103380 
95480 
120850 
104000 
104650 
114270 
123710 
123460 
105290 
104500 
128170 
95770 
111020 
102350 
104050 
95410 
119040 
104400 
104450 
107510 
115350 
103060 
101260 
105180 
118600 
104270 
118820 
102940 
103510 
99680 
119090 
111830 
106600 
104310 
95510 
115060 
104420 
103650 
102280 
115410 
91540 
104350 
101990 
113250 
92350 
119300 
103270 
104100 
117370 
115850 
112980 
103540 
104620 
116090 
92500 
106890 
103490 
108230 
126500 
94800 
105460 
103520 
118050 
98330 
108300 
100250 
105640 
120310 
123000 
102590 
103800 
106420 
103630 
120160 
102800 
102520 
122640 
119450 
111540 
104250 
108330 
116190 
91560 
103930 
114390 
104240 
96840 
118490 
104250 
102040 
115130 
97470 
111690 
101270 
101930 
120290 
119940 
106830 
102470 
102740 
119970 
93570 
112290 
104850 
115650 
123270 
119610 
104900 
104110 
99750 
120580 
106760 
104940 
105680 
119680 
92990 
105180 
103830 
104020 
96960 
115280 
103840 
101650 
122650 
112330 
113520 
101870 
102310 
121280 
121700 
107550 
105480 
104560 
118230 
95860 
105650 
102860 
102320 
121160 
118330 
102540 
102120 
113120 
118370 
94250 
112610 
103580 
116570 
91390 
106080 
102750 
104450 
119760 
117960 
113270 
106190 
105610 
119870 
120710 
103370 
106920 
112680 
117270 
114520 
103530 
102810 
113980 
120100 
105480 
105760 
106130 
116180 
119260 
102820 
104260 
105040 
96030 
116450 
107120 
104250 
131210 
122680 
89240 
102670 
104800 
119560 
97180 
104280 
103220 
104000 
122700 
116980 
103250 
101470 
102710 
119880 
97180 
103760 
103020 
98060 
111970 
94270 
103660 
104060 
116020 
120950 
113440 
103430 
103070 
118820 
122580 
104750 
106580 
104300 
116910 
119760 
103880 
102910 
104300 
117830 
115140 
103430 
105270 
113090 
115260 
95360 
101050 
104630 
118420 
115920 
107490 
106170 
111520 
120380 
91940 
104810 
104260 
103740 
97120 
117860 
104590 
103370 
116770 
119790 
118100 
105140 
103140 
118150 
93320 
106350 
101090 
104510 
122020 
94820 
102560 
107470 
107990 
117360 
129410 
104230 
110810 
95940 
116110 
110160 
102880 
104630 
118500 
118490 
103230 
104130 
105380 
120170 
113240 
100940 
104450 
107870 
118290 
98490 
103810 
104560 
117840 
120480 
107070 
102890 
110250 
100290 
121320 
104940 
106420 
103290 
119900 
99920 
101600 
105800 
112570 
94180 
118250 
104540 
102340 
115720 
118680 
110210 
102620 
102000 
122630 
120790 
106560 
101850 
105580 
117920 
125940 
107620 
106820 
105880 
115110 
120240 
106260 
104080 
117370 
114270 
110790 
102330 
103690 
96660 
117910 
106230 
104250 
103510 
118780 
92900 
101590 
108060 
109110 
96940 
122070 
102930 
112040 
94730 
119660 
105350 
103820 
104440 
120050 
123600 
103320 
105310 
104380 
92770 
117380 
104330 
103790 
92050 
114600 
107290 
101710 
103540 
121660 
116660 
102620 
106320 
103300 
118410 
93380 
105540 
103220 
117320 
113290 
111540 
105350 
106820 
95890 
115400 
104620 
103880 
105350 
119780 
116800 
103190 
103810 
113750 
92400 
116080 
103740 
104800 
118790 
94310 
103040 
106220 
110860 
117620 
116340 
102430 
102990 
113820 
92530 
119820 
101740 
104800 
117460 
122090 
105280 
104050 
104810 
116400 
101880 
105930 
105310 
102800 
121320 
119810 
111360 
105390 
100480 
119600 
120620 
106510 
102550 
99330 
117530 
109420 
105130 
105380 
96810 
117400 
105990 
105180 
107510 
119890 
94960 
103450 
107080 
125290 
122550 
108740 
103100 
108820 
118560 
93980 
106350 
104830 
112530 
123300 
116730 
101430 
104640 
110960 
114920 
94810 
103930 
102850 
116860 
96610 
110090 
108460 
104300 
120830 
119640 
107350 
110240 
105920 
118590 
121330 
110240 
103400 
106440 
113760 
128480 
104290 
101680 
115490 
94030 
108530 
101940 
104650 
115900 
118950 
104550 
105030 
103300 
115440 
96600 
107040 
103860 
109130 
115460 
98620 
106930 
105950 
94150 
117570 
107520 
106470 
110610 
115250 
114940 
103000 
103050 
100980 
118460 
114700 
102870 
102060 
101230 
93160 
117800 
102500 
105420 
113280 
117270 
121080 
104600 
103650 
97370 
119460 
108870 
103090 
103230 
118440 
125690 
104840 
103310 
106620 
117880 
116130 
106330 
103510 
109750 
97000 
118790 
106720 
109040 
118670 
121810 
111050 
101890 
104790 
97500 
115630 
106150 
105770 
106340 
97010 
117380 
102840 
113330 
114420 
114580 
120400 
99990 
104960 
120600 
118660 
106420 
105730 
104440 
118040 
119710 
103370 
105110 
103310 
91860 
118540 
102730 
106350 
116150 
93600 
113790 
104660 
104300 
118850 
124480 
103420 
104790 
107110 
119270 
122720 
104930 
105420 
106680 
120550 
126180 
115720 
104500 
115610 
116450 
114470 
107430 
105450 
128240 
121330 
103540 
103020 
104410 
118360 
122610 
106830 
115050 
102500 
98720 
117880 
104830 
103930 
118250 
117930 
115260 
102800 
114150 
120900 
123150 
105950 
102390 
101690 
120750 
118400 
105210 
104110 
103230 
121750 
123220 
105140 
102150 
114910 
127100 
115410 
101470 
104540 
120060 
116690 
105100 
104430 
108220 
121440 
114270 
104640 
107200 
91700 
94840 
118100 
104400 
104610 
119160 
118670 
106020 
105070 
103950 
116030 
94730 
103700 
110430 
105380 
116720 
118160 
102670 
107010 
117660 
115880 
117020 
107930 
103570 
100180 
123990 
104830 
104100 
105690 
117970 
119930 
105670 
101960 
118660 
97520 
109880 
100790 
101770 
119640 
127120 
104550 
102560 
104750 
120030 
120380 
104200 
104490 
121910 
95620 
109440 
105090 
104710 
121520 
118330 
105190 
105410 
104760 
115530 
120260 
102740 
102860 
111710 
120040 
119680 
102000 
108930 
118060 
96280 
105780 
103430 
104230 
120240 
121360 
103310 
102230 
103840 
101200 
117230 
103440 
108280 
113240 
122270 
119240 
104220 
102420 
117800 
95470 
106840 
103820 
104600 
119490 
127910 
104430 
104710 
109780 
116610 
118960 
106970 
104790 
115080 
120720 
115680 
106110 
101450 
115540 
114670 
103630 
105130 
101900 
115450 
122000 
103270 
105160 
102010 
117930 
116130 
102520 
110910 
116680 
118940 
114180 
100180 
107380 
119180 
95940 
104490 
105840 
103870 
117350 
116210 
105230 
102230 
104050 
113730 
115180 
104370 
102530 
115910 
117420 
115900 
104500 
104860 
116150 
124030 
106970 
103780 
103530 
121830 
116850 
103390 
103530 
103980 
115060 
93340 
105170 
102980 
110550 
116850 
118180 
102610 
107850 
114040 
117810 
109370 
104720 
103300 
120450 
116720 
102670 
112120 
104730 
118890 
121900 
103290 
102720 
110060 
117580 
117150 
103820 
103680 
121990 
119720 
109850 
102610 
102150 
119080 
120230 
104850 
104790 
104040 
100240 
117460 
102650 
102780 
111920 
127060 
118410 
113010 
104520 
117820 
116870 
113990 
103830 
101310 
119180 
127940 
108000 
102270 
101230 
115750 
118490 
105330 
103280 
110510 
119830 
117610 
107510 
104360 
115210 
122540 
106090 
110790 
107870 
125870 
98850 
103250 
105730 
102760 
116050 
121680 
104610 
105020 
114490 
117190 
120270 
101010 
102670 
99810 
116910 
103640 
102530 
103550 
122430 
117060 
106800 
103770 
103710 
133430 
118320 
101560 
103900 
115160 
115680 
97300 
103190 
107140 
123510 
117100 
108560 
102900 
103810 
114690 
121530 
106780 
103370 
103700 
97870 
118290 
102200 
104970 
111750 
116730 
116990 
114780 
104220 
95180 
119170 
105280 
110530 
105390 
116850 
117390 
103220 
104620 
105830 
116020 
116300 
103930 
103910 
114690 
117720 
112510 
103800 
101070 
124790 
116340 
105420 
107760 
106740 
94470 
117300 
106490 
105620 
107440 
118250 
125190 
108180 
101430 
118870 
121280 
106310 
101250 
102900 
119080 
115490 
105310 
105560 
107050 
117470 
122930 
103000 
103660 
128330 
119390 
108600 
113730 
104040 
121130 
119180 
105620 
104010 
117360 
122510 
116990 
101880 
104700 
115600 
118130 
104910 
104720 
102350 
118770 
118730 
102880 
106570 
106340 
97130 
118590 
105100 
104850 
116770 
126420 
109420 
102120 
104030 
94390 
113260 
106530 
105320 
103690 
120910 
119020 
106590 
105160 
108940 
117120 
115820 
105280 
103440 
117320 
114710 
109920 
116850 
108730 
98970 
117890 
105690 
108320 
103630 
116110 
117630 
101630 
105170 
109250 
117280 
113170 
102470 
103680 
119480 
116160 
106710 
103990 
101460 
117440 
120060 
103610 
104440 
103100 
120830 
98310 
104420 
102510 
109870 
128360 
120020 
103450 
104800 
121230 
119910 
109300 
104500 
103070 
117570 
116770 
105100 
103550 
102620 
111370 
112220 
105620 
104040 
110030 
120640 
120390 
104310 
106240 
119830 
121100 
108010 
110780 
102760 
114260 
118400 
105010 
99160 
105350 
117460 
118010 
102540 
105470 
114000 
117700 
113370 
99910 
104130 
118430 
119030 
109920 
104440 
103900 
121510 
116100 
103410 
102450 
102350 
125210 
119920 
111470 
104280 
104570 
119000 
119800 
104660 
104290 
114900 
118700 
99530 
104710 
105850 
116590 
121420 
107930 
104160 
107650 
115580 
119530 
105600 
103640 
102450 
116420 
117180 
111870 
104890 
117540 
117730 
113540 
102130 
105770 
119620 
115970 
104190 
104600 
103290 
122620 
111990 
105280 
103200 
107990 
115380 
119440 
106320 
104510 
120000 
115750 
112700 
104270 
103180 
128250 
118930 
103980 
103940 
104010 
114550 
118510 
104300 
103800 
108350 
115730 
117150 
104260 
104550 
113600 
113490 
113900 
105380 
105120 
118150 
116440 
107730 
102890 
103600 
117370 
115170 
111290 
104120 
107620 
117780 
122150 
103020 
105050 
116250 
113270 
105450 
105780 
103490 
121990 
115320 
106020 
106490 
107020 
115020 
123360 
103570 
106150 
116760 
115950 
117070 
102390 
103760 
131440 
122100 
105250 
103400 
103800 
119700 
120330 
104370 
103810 
101680 
117700 
116510 
105000 
105190 
119350 
117920 
127310 
105690 
103320 
113860 
117060 
106770 
101750 
103650 
126290 
115760 
110920 
104290 
107950 
117620 
119630 
100830 
105230 
109000 
120470 
108440 
102510 
104940 
113950 
93900 
107410 
102710 
106280 
112540 
120070 
104740 
104650 
121280 
91990 
114270 
102190 
103980 
126770 
98720 
105810 
102380 
103050 
121950 
119460 
102790 
104530 
115870 
121090 
115980 
114660 
106070 
92390 
119310 
106460 
103910 
100970 
118650 
117960 
106460 
102220 
123680 
121120 
107440 
107350 
104900 
117660 
113460 
102410 
103670 
101770 
117640 
121140 
103150 
104340 
109370 
119340 
115700 
102420 
105440 
98100 
117570 
108640 
102970 
104250 
96270 
120230 
105690 
104320 
107500 
129500 
97200 
104720 
104760 
107090 
122110 
119490 
101620 
103240 
119640 
122060 
111630 
106160 
101870 
117170 
116900 
104630 
102530 
105850 
122060 
98140 
104900 
105540 
108550 
119440 
117670 
110790 
104040 
122770 
116830 
104760 
103860 
103220 
118910 
117830 
105030 
103060 
107120 
119500 
119040 
103910 
103000 
116860 
116870 
118400 
102650 
111560 
122310 
118500 
105510 
104050 
101570 
125380 
115760 
104730 
103500 
101270 
120590 
123260 
104700 
107840 
115340 
114270 
117430 
103290 
102700 
120060 
111660 
105270 
104010 
102120 
118030 
116410 
105320 
104420 
100930 
112990 
113540 
114720 
102920 
114860 
116430 
115020 
102820 
104600 
117070 
116150 
112550 
104070 
103570 
120760 
118350 
103280 
102600 
102040 
116980 
117940 
103950 
105600 
106550 
118980 
119920 
106960 
104510 
130230 
119120 
118070 
103340 
103580 
117670 
120070 
107790 
106910 
102450 
115360 
120040 
102670 
104810 
109660 
117940 
122480 
107460 
106520 
114600 
117420 
110790 
105520 
104870 
119090 
115670 
109620 
102800 
104830 
119510 
118320 
103320 
105790 
110320 
119410 
117600 
104790 
106240 
117460 
110400 
108250 
102560 
105000 
98410 
121260 
106210 
105160 
107400 
116570 
118060 
102070 
101590 
119720 
122620 
90630 
102630 
106550 
118000 
122320 
107740 
102420 
101060 
116300 
120570 
102360 
104620 
100710 
117320 
124060 
103720 
102430 
113170 
120240 
121440 
105480 
102890 
113790 
116290 
117360 
103680 
101690 
118310 
124800 
104930 
105170 
105220 
115690 
115640 
103260 
105100 
116810 
119660 
116210 
105820 
106320 
115510 
112460 
105360 
104470 
105790 
117050 
117730 
102560 
102520 
109590 
119030 
127080 
104820 
105170 
114830 
117220 
115660 
103430 
103020 
119260 
117430 
104980 
103240 
103860 
117280 
118580 
106490 
102030 
115930 
118090 
118440 
103410 
102610 
116230 
115320 
112830 
104280 
104370 
119160 
118790 
102320 
107060 
110660 
117600 
117870 
104100 
108390 
115670 
121100 
108080 
104290 
105650 
117350 
122850 
103770 
104780 
120360 
122320 
109450 
104720 
103600 
135100 
121730 
103830 
105930 
104680 
113850 
118150 
103880 
105170 
112400 
116300 
120260 
104300 
105830 
120110 
115880 
106360 
103190 
101930 
115920 
120570 
105660 
104910 
104540 
101770 
121230 
111370 
104760 
114160 
117280 
120220 
106130 
103000 
114970 
117380 
107980 
101240 
105790 
122210 
121680 
103600 
106140 
103700 
121820 
118050 
102660 
103690 
111580 
119050 
116900 
115940 
102510 
125280 
118920 
107140 
102740 
101710 
114510 
118040 
105080 
107160 
104470 
119210 
119610 
105700 
104920 
112290 
115860 
118820 
102410 
103720 
116600 
118570 
107160 
102680 
103940 
115970 
116970 
109990 
104000 
102430 
116940 
117160 
103030 
103580 
114790 
113060 
115790 
103600 
105880 
113870 
118960 
103610 
104070 
105580 
119830 
116790 
105850 
106730 
104030 
123790 
123330 
102060 
102050 
123070 
113460 
110600 
102560 
104560 
116480 
120640 
103530 
103470 
102850 
116700 
119670 
106160 
106640 
101570 
117860 
118810 
102000 
102370 
113920 
119030 
116710 
102860 
104500 
115840 
113970 
117560 
103340 
102700 
114720 
117800 
105300 
105000 
105880 
117110 
118350 
106570 
105470 
109240 
96770 
123170 
106310 
104400 
118740 
127220 
107230 
104530 
109340 
123940 
122620 
105170 
100450 
110430 
123600 
117400 
103720 
103170 
112600 
118380 
117020 
109540 
103850 
120900 
119290 
106380 
100370 
101890 
120270 
119440 
104880 
101220 
104040 
117010 
118820 
106610 
103230 
114540 
118280 
125100 
105590 
103400 
120040 
119280 
110540 
103750 
107270 
119890 
116070 
103850 
104680 
103250 
116710 
114960 
103060 
105430 
113660 
98110 
122240 
102440 
105100 
116460 
114890 
105970 
104350 
111510 
120670 
113330 
99210 
102730 
103140 
119280 
118370 
102840 
105360 
114670 
122550 
114820 
102350 
102530 
116800 
117730 
104730 
104120 
102350 
113760 
120040 
103350 
102530 
102960 
118850 
125820 
103650 
104110 
114860 
115360 
110560 
105820 
101980 
117110 
114200 
104770 
105760 
103930 
119470 
114060 
103860 
105920 
112570 
118470 
117380 
103680 
103920 
116270 
118090 
107240 
105700 
112360 
121860 
115350 
101230 
110780 
107960 
116720 
117530 
101490 
105760 
118100 
119180 
107560 
102480 
101770 
117350 
116680 
101580 
105350 
100660 
118260 
115430 
104550 
105290 
120260 
