49550
22180
22090
20760
21810
21250
22380
21510
21630
22110
21270
20840
21840
21610
23260
21440
57190
57540
58020
60270
57310
56720
58450
56290
57860
57680
56630
57610
56560
57620
60520
58490
57520
56980
56510
58320
55900
56320
56490
57990
58550
59240
60890
57170
57550
58350
57330
58140
55610
57960
57130
56790
56970
57090
56610
56400
58760
58660
56820
58030
57200
59410
57300
56830
58270
57490
58870
57300
57260
58190
57270
57610
57100
57140
57260
55850
57030
57240
57230
57200
55900
56910
60270
57230
56610
56540
56510
58100
56280
57020
56040
55690
60470
59230
59840
58300
57330
59500
58260
58700
57890
59590
59660
59570
59060
57980
56980
59340
59260
58610
57880
59990
60110
59460
58120
58520
57810
58310
60020
60520
58330
57810
58470
59400
58390
57630
57480
58160
58250
60640
59340
58960
59180
58550
59820
58150
57430
59070
58290
60000
58020
57510
59080
58820
59790
60460
58820
58680
58100
59280
58210
57140
58680
59100
58670
57820
58530
60150
57170
59040
58690
58750
61060
58430
57930
60550
58730
60450
58060
58800
60100
59120
59270
57890
57790
59680
57300
59390
57520
59040
59910
59610
58940
59020
58470
57540
59310
59750
57060
58810
57160
59300
58880
57720
58600
58570
59260
58330
58160
57810
57820
59620
58450
58300
59000
57820
58720
59200
58780
58440
58000
59510
59760
66330
63080
60050
57950
60210
57740
58240
58700
58760
59790
58390
58320
58090
57380
59330
57840
57410
60500
58090
59490
59280
58020
58880
57640
58450
58780
57410
58620
58390
59830
58410
57200
60080
57800
58900
58900
56590
59140
58340
58050
60120
57590
58870
58040
57770
58320
57780
58830
57670
59890
58760
59840
59040
59030
57920
58230
59030
59240
57640
59080
58490
58520
59680
57790
59870
59130
58730
59110
57850
58880
58580
58080
58700
57940
57810
57410
57610
58860
58730
58720
56830
57360
60160
58710
60720
58480
57390
60300
58400
60130
58580
57040
59060
57890
57960
57430
58640
60940
58770
59450
58140
58260
59540
61310
59230
58470
57520
59140
60850
58390
59410
57220
59130
60650
56440
57180
56100
58160
58510
57630
56580
58280
57370
56980
57800
56620
56320
57980
59170
59140
56870
56680
57410
56630
58980
57780
57640
58210
59410
58360
57340
55830
58160
55430
58740
56810
58560
57770
56110
58650
58690
56770
58330
56930
58970
57410
57760
57750
56870
57320
58660
56130
57920
56720
57060
58560
57620
56720
55870
57700
58860
58400
57420
56620
56640
56040
57430
58020
56210
58100
56560
56890
57490
57730
56900
56420
58410
57420
57430
58490
56540
58230
57130
57420
56930
56510
58490
57100
56270
57020
56440
56430
57160
55990
57550
56480
54840
58410
56140
59170
56350
55320
58350
56820
57790
56810
56530
61730
57050
57450
55370
56480
58190
56110
57050
56770
56960
58180
57350
57150
57650
55840
56660
59100
58860
57060
56610
57790
58450
57870
59260
56680
58450
58560
58890
56790
56940
57790
59260
58100
57920
56390
57850
57620
59280
57970
56160
57810
57120
58610
57710
56250
58140
55900
58820
56380
56280
57840
56280
58210
55580
57010
57220
55450
58000
56930
56650
57860
55090
57510
57450
56150
56250
56810
58030
58620
57390
56750
57760
55720
58030
56680
58350
55410
55870
58550
56610
57730
56610
67230
58440
56430
57810
56090
55920
59140
56470
57660
56570
57580
57500
58150
58350
56240
56870
55940
59240
61280
59560
58660
58110
59400
59000
58860
58870
58260
59510
59020
59000
57690
60230
58050
58010
58110
57530
59090
57430
60550
58400
58650
59840
58520
61130
57700
57270
58830
57320
59510
58100
58660
62280
57820
60790
57470
57530
60270
58900
60150
58640
57710
59540
58000
58750
59030
58230
59180
57440
58830
60670
58050
59180
56670
59240
59300
57520
59020
57310
57990
59590
56820
60140
56190
57640
56770
57650
59880
57150
57170
58150
58800
57620
59480
57290
56240
59070
58900
57160
57160
58950
58460
57610
57580
56590
56460
58680
57060
57950
57250
55460
57130
60490
58530
57470
56070
55660
58140
57530
57980
57090
57600
60100
57520
58430
56880
55760
58960
56600
57860
56650
56730
59100
57180
57780
56300
55220
57800
57440
56690
58330
57490
58020
57840
59270
55830
57600
57310
59170
57990
57880
56810
57130
57580
58880
56950
56200
57570
57820
56520
56240
56660
57400
56930
58230
57150
56330
56400
55720
59480
57080
56330
57520
55420
58380
56480
57700
57150
55920
59900
57000
57870
58380
57030
58300
55540
56200
57660
57520
57210
56990
56820
58290
56380
57300
59700
57060
56620
56330
57260
57690
58440
58680
58290
55920
57600
56690
58420
57040
57320
56750
56090
57370
57210
57760
57150
60740
58520
56980
61130
58190
59310
58700
56840
56630
55940
57310
56780
57140
56750
57020
58340
58010
56190
57910
56390
58410
57050
58650
57000
57070
56470
56840
56700
56920
56460
58590
59360
57280
56630
56720
57570
58200
56290
57330
56890
55290
58030
55990
57950
56130
55910
58330
56820
57400
55800
55700
58000
57280
57530
56990
56420
57490
57350
57830
55730
57290
56460
58050
56520
56780
56450
56060
55960
57350
56100
57500
57830
58820
56650
58450
57440
56560
57080
57160
57300
56970
57300
58410
58170
59020
55370
57990
55630
57490
57940
56510
56280
56160
57470
56760
57570
57420
57050
57650
57560
55790
58230
56250
59140
57230
56250
57710
55810
55980
57990
56870
57620
55270
56390
58630
56980
58970
57160
55770
59820
56440
57360
56320
57490
58950
56460
58310
56360
55750
56910
56960
56970
56820
57270
59360
57360
58700
57810
54910
56550
58040
56980
56460
56660
57190
57660
57810
56510
56280
56320
57510
57200
59340
57450
57180
56610
56770
56900
55670
56260
55890
57710
57040
55720
57130
56260
58050
56090
57300
57480
54930
56280
56310
57010
58060
56510
58260
56940
60290
58060
55730
57880
56860
56140
57930
58130
58140
58110
57140
57290
55710
56170
57660
55160
58410
56240
56670
57490
56240
58050
57240
57680
58950
58400
57450
55960
54960
56530
57230
56710
55910
56180
56700
57800
56370
55920
57150
56970
59030
58570
56140
56100
55120
57880
56850
57010
57800
55920
57350
57950
56370
57980
56800
56090
57940
58360
58880
57430
55700
58060
56670
58490
56740
55480
58960
56140
57010
55670
55760
58540
56440
57150
55720
55930
60020
56740
57790
56350
55360
57290
57270
57880
57500
56020
57240
57410
57280
55750
55010
56800
58040
57350
56660
56020
58530
58480
56690
57410
55690
57670
56490
55580
56370
56520
59020
55970
58540
58860
57120
57040
55520
58480
56660
55340
56500
56360
58740
57310
57060
58460
56440
57850
56760
58480
57380
56300
58330
55930
55540
57320
55350
56460
57260
56830
57690
55320
58170
57000
56820
56970
56090
56220
56990
56550
56430
57670
57320
57530
56210
57940
57130
56290
58260
56520
56630
57440
53860
55630
57790
58110
56550
56450
55160
57800
57310
57080
56770
56270
58220
56040
57020
56460
56190
58910
57950
57130
57620
55830
58350
57500
56710
55310
58140
57950
56930
56780
56070
57210
55630
58040
56970
56630
56960
56470
57160
55950
58160
57330
56030
57830
56310
56600
57850
57290
58300
55780
56730
56930
56340
58180
57850
56640
57040
56310
56380
57080
56880
57000
56110
56660
58640
56230
57210
58430
57650
59840
55870
57630
60830
62070
59140
56720
57650
57770
57290
58190
57880
57980
56530
57590
55540
60520
58420
56810
56600
58310
58840
58810
57050
58190
57480
59040
57970
56760
57910
57020
60860
58090
58430
57330
58520
58280
59910
57270
58700
56870
57930
60690
59080
58250
57440
57750
59020
57420
58030
57820
56920
58990
57060
57980
57910
56230
59640
57990
60360
56690
56430
59060
57250
56590
56870
56960
56720
57380
58270
56370
56950
56780
56950
57870
57310
56920
57870
57970
56950
56110
57620
57720
57130
57810
56920
57660
56970
56760
57200
58300
56940
56900
56480
59240
58440
55920
57420
57720
58000
56680
56910
60200
57610
57740
56550
56580
56920
57120
58570
56300
57110
57560
56050
58220
56260
56430
58560
55370
56300
55730
58510
56720
56060
57150
57940
55980
56950
56380
57330
57660
56680
57580
56170
57600
58370
56170
58720
57450
56830
57750
58030
58250
56640
55750
54440
58020
57450
56920
58210
55810
58310
56810
57560
58300
57490
57520
56950
56010
56110
56740
58240
58310
56320
56110
55360
56640
59720
57620
57130
55800
55990
58080
56110
56180
55860
56000
58570
55630
56440
57520
56430
58700
56370
57600
56970
55900
57550
55480
57380
55930
57070
58630
56490
56790
56600
56510
59020
59210
57370
56360
55300
57400
58710
57680
56150
55940
55800
56370
56990
57800
57210
57370
56980
57940
57720
56180
57990
57120
57860
56320
58010
58420
56100
57510
56420
55880
55850
55290
58110
55370
58680
57090
67280
58620
58080
57090
57480
56120
57000
58540
56910
57800
56610
66600
58200
58190
58520
57870
56870
60020
58030
56480
57580
57110
60050
57530
56740
57090
66890
60850
57000
57930
56640
56490
58910
56520
58590
57330
57330
57780
57960
58940
57390
56740
56920
57140
58800
57470
57370
57260
57680
57220
57230
56550
57180
58800
57980
57100
55350
58240
59200
58020
57440
56990
57420
59390
58850
59620
56970
59360
56910
59750
57360
56460
56810
56400
57680
56810
57210
59060
58210
58500
56710
55950
56990
56840
58080
56760
57250
58270
56600
58390
57510
56700
56910
56330
57910
59020
58330
59450
57090
57010
58840
56420
56890
57010
57180
57510
56430
58510
56620
57850
59040
56200
59900
59060
57020
63120
60540
58300
57990
58430
56000
58270
58200
56990
57900
56550
58650
57160
58470
57250
55820
57380
57560
57560
58280
56560
60090
58850
59440
57580
57870
57450
58970
56460
58710
57670
57130
58090
57980
58680
57150
56930
58200
58840
58590
57890
57230
60490
57480
58380
58970
57330
59530
56620
58350
59710
58720
59100
58850
57770
57150
56500
56910
58000
56260
58140
57780
56850
59020
57910
57710
57420
57820
58800
58150
56570
58850
57710
59260
58280
57170
57720
58640
57850
58220
58200
57490
60520
57830
58260
57410
57190
55670
57150
58710
61680
57520
58110
56280
58820
57220
57990
58730
61850
60000
58300
59200
59880
57770
57530
56810
58670
57210
56820
59070
58780
56620
59270
56340
57570
59410
55950
58650
57080
58030
58130
57930
58500
56210
57700
59050
57700
57690
57050
58240
57310
57890
57980
58180
58710
56930
58450
57160
57340
58020
56150
59180
58820
58090
57340
56310
58490
57780
59560
58420
58660
58710
56710
56910
57150
56690
56630
57100
56680
56580
55700
55560
59110
56900
58470
55800
55930
70350
60370
57360
55320
56330
59030
57890
57820
55260
56650
59010
55860
56040
57050
56840
58260
60110
55140
57120
55180
56150
57630
57000
58570
57170
56380
58810
56780
57870
57000
57840
57370
56660
56710
56590
58860
61120
56320
58480
55940
56060
57180
56470
58610
57850
58670
57500
58710
60070
56190
56830
56050
58720
57090
57680
58780
56110
58840
57320
56690
58600
57600
58160
57160
56320
58890
56500
57330
58590
56610
57420
56860
56490
59300
57470
54630
56240
56400
57570
57070
58540
56120
57510
60350
57440
58900
56780
55720
59070
56130
58230
56130
56160
58680
56330
57830
56450
57560
58210
57800
59000
56470
55910
57540
57920
57150
58510
57190
56560
58320
58400
56590
56640
57350
58630
58060
59130
57150
58030
57450
58650
58160
56370
57780
55970
58710
57080
57440
56900
56020
57710
56440
56680
57190
58520
60020
57210
56820
57540
55730
58480
56920
56780
57080
55150
58100
57330
55970
57850
56340
55860
57800
57350
57910
57270
57420
58950
56820
58300
55420
56700
57780
55930
58920
57670
58310
58490
56560
58370
56560
57530
57010
57050
58160
58400
56620
57270
60020
57100
56020
57000
58000
57610
57610
56670
59280
61050
57940
57240
56880
57910
55630
58400
58030
56930
56310
57420
59590
60070
59410
58110
57770
58230
59420
58130
58460
56860
57780
59370
58370
59480
58880
56830
59860
57970
61300
59110
58190
60040
58000
60010
59150
57960
60140
58880
59780
57750
58180
58490
59490
58900
57670
57430
58950
59120
58790
60290
60630
58340
59820
57840
57790
57570
59340
59450
59300
57820
57730
57530
60190
58200
57160
56680
57470
57130
57780
66260
59270
57170
56340
59180
56920
57970
58340
57240
58620
56920
56460
57270
55900
58300
57120
56640
57370
57510
56670
57980
59240
59130
57210
58900
59570
58240
59230
58610
59250
60500
56550
59400
57640
57450
57810
55420
58090
56220
56430
57910
59030
57410
56400
56530
57210
56880
57780
58890
56370
56410
59290
58210
55830
56560
57500
58130
57050
57800
58000
57850
58030
57020
56180
57210
57300
58660
56580
55450
56390
56790
56500
58690
57340
56370
56820
57020
58400
57330
57410
57650
56940
58750
57980
57320
57630
56420
58920
56730
57450
57460
56770
59550
57490
55260
56940
55510
