50110
25290
21240
22170
20710
21850
21530
21730
21600
22030
21830
21210
22110
21120
20490
22560
57190
60670
57610
57140
56400
57230
58130
56300
56630
57450
57540
57980
56880
55880
57470
57830
57630
57840
56200
58090
57980
57560
62870
60890
58630
57850
56550
58220
57260
57020
55650
59130
58450
57080
57350
59090
58070
58710
58350
57430
57320
59550
59290
57490
56590
54660
57990
60220
58200
57680
56440
74800
62260
58390
58930
57560
56380
58730
57530
59120
56050
58540
59400
58470
58710
55990
57140
58250
57870
58340
56180
55830
58140
56960
58900
58680
57320
58340
58010
59640
57910
56960
57700
57270
58620
57610
57440
56730
57700
58930
57660
56010
57510
57440
60050
57350
57140
57360
56300
56310
58390
56910
56580
56620
58680
58210
55930
57200
56500
57680
57250
58030
57280
58510
59480
57930
57090
58480
56250
58410
56800
57040
58680
58270
58610
56180
70700
62620
57950
58910
57890
57950
58630
57000
56450
58190
58380
58420
57190
58070
58620
58310
58610
56880
58190
57240
55760
58520
56230
58050
57550
56450
57360
57810
56480
55990
57480
60200
57470
56190
57490
58090
58200
57090
57560
56620
58830
58430
58190
57640
56310
57030
58780
57710
59120
57190
57840
58960
57370
58310
57810
57870
57860
58440
57120
57170
56220
58550
58270
57790
58510
56940
59380
57900
59440
56600
53760
58020
57820
57920
56640
56190
58490
57110
58100
56420
55760
57210
56270
59520
56920
56500
57550
57960
57870
59220
56370
56400
58850
58840
57790
56000
57420
58630
58830
56840
57210
59190
59130
57880
58170
56780
57220
56430
57480
59280
57110
58090
57170
58250
57340
57240
57360
57100
59800
58010
57160
57310
57550
59050
58010
56370
56430
56380
58040
56810
58350
58890
57550
56980
56950
57950
57510
56660
56620
58190
58700
58710
57190
57600
58340
57910
55200
57050
56780
57800
58140
58150
56970
57260
58520
56240
58920
56180
57980
57100
56600
59860
56580
57170
56510
58700
58400
57860
56900
57090
58110
58810
56040
57340
56410
57550
57560
57600
56800
56520
56700
59280
57260
57690
57270
57090
57380
59020
56770
58170
56200
58430
59430
57950
57680
56310
58570
58880
58730
58610
56890
58980
58540
55810
57270
57320
58110
56560
57650
58370
56260
58810
57760
58420
57860
56400
57430
58630
57700
59070
56000
56620
57580
57890
58770
56330
56770
57030
57820
57890
56160
57480
57200
57310
58570
56360
56740
58410
56330
58560
57210
57380
55460
60850
59120
57250
58310
55640
57350
57420
57130
57350
56710
58560
58130
57010
57010
55840
58100
57620
58040
57780
58450
56660
58320
57940
58440
57080
56530
58770
57240
57720
55640
55970
58770
57970
58140
56030
56120
58410
57560
57550
55880
55490
57620
56290
59220
57820
56210
58500
56940
59090
57100
58140
57610
58840
58990
59590
57420
56930
57390
57070
57220
56130
58960
58660
59260
60340
57510
56750
56320
57700
58010
56950
57790
58860
57360
58820
57940
58820
56240
58870
57040
57310
57810
57460
57010
58200
56620
56720
56900
58330
57930
57120
55600
55620
58770
57840
58950
58670
57430
57650
56870
58690
58760
58120
57440
55610
56830
59600
58050
57560
59890
57990
58300
57140
56870
58890
56890
56550
56690
56550
57170
57570
59080
56980
57350
57110
56630
58800
56040
57980
56240
57420
58360
57020
58200
56220
56960
59730
57520
57480
56710
58780
57570
57800
57680
55970
57190
57000
57400
59090
56520
56430
58120
57100
57330
60800
57630
58720
57760
58490
57070
56990
58700
58730
56710
56920
55930
58000
56670
58800
55080
57150
58520
57030
60300
57800
56850
59620
57830
59100
58310
57530
56860
58210
57860
56270
55710
56870
58530
57570
59130
57090
57510
58580
59920
56940
56760
57290
57120
57440
58070
56110
57570
57870
56270
58410
57740
57150
56390
58210
58340
56490
58550
57460
57760
58460
56670
57150
55450
57290
60110
58410
58950
56330
58020
57590
57490
58020
56330
58230
58750
58800
57900
57130
57120
59310
58100
59130
57260
57400
59540
57860
56030
55680
55700
58750
58590
59240
56680
56120
57870
55630
58050
57190
57740
57300
56510
59870
57580
56720
60480
59060
58330
59430
56740
57000
57970
59810
54890
55710
57900
57180
58770
57490
56290
57830
57250
57040
57710
57230
56110
57170
56920
59410
56500
57950
55890
59230
59410
58080
58120
56770
56000
57890
57320
58150
56240
57720
57870
58270
56970
56130
57290
57780
58250
58820
56270
56570
56840
58820
58470
56460
58160
57910
57260
58120
55120
58150
57050
57900
57160
56870
57930
58500
57220
58830
57070
57210
57360
57250
59000
57550
57910
57690
57010
59280
57170
56550
54450
57570
57510
57990
55220
57830
57670
59160
56820
59080
58020
58410
59590
57370
57520
56880
57940
57350
59540
57310
57860
57710
60050
57850
55550
55590
53500
58590
57720
58150
54190
56070
55980
56000
56940
56160
55610
58070
56950
56430
56930
55720
59470
57300
58420
54800
53550
58320
56400
58860
55920
56710
56270
58260
58180
56970
53960
57960
55610
58410
57950
54180
56670
59150
59020
56450
60140
55600
56880
57850
57240
56360
55610
59650
58280
58570
57720
57520
55170
58640
57150
57150
57830
56540
58080
57950
57970
57230
56360
58590
57730
58840
57690
56550
58210
56340
56860
57600
57260
57930
57210
57910
57370
56000
55480
57250
58720
58070
55220
55300
59370
60970
61370
58420
59430
58740
61300
60290
59420
59180
58950
56960
59270
57410
60240
58420
56010
58380
56700
57940
56860
57420
57820
57310
55860
55750
56690
57000
57800
56530
56260
57140
58290
57100
56250
56030
57550
58690
56950
58130
55990
56080
57830
58450
107350
57790
55090
58660
57720
56760
58190
57570
57990
58330
57030
58590
56450
60330
58490
57750
57100
56370
57500
57010
57120
58650
58080
56950
56840
58580
57680
55520
57030
57250
58100
57590
57670
58080
58470
58660
57570
56580
58290
58230
57850
57980
56240
56380
57040
55670
58530
57220
55870
56220
56490
60360
57100
57440
56100
58100
58770
57920
57330
57130
57390
58400
57780
59200
57580
58090
57380
56790
55140
57400
56790
58330
59300
55800
55720
57250
57670
58110
56940
54930
55680
58540
58880
59180
56270
56630
58540
58810
58880
57320
55410
59170
56960
58220
55710
56390
57120
57450
60080
56730
55720
56100
55960
58550
55920
56180
56590
58480
58980
57330
56440
58480
58360
58030
58050
57060
58420
57590
56760
55840
57600
58670
56830
58380
58010
56240
57790
56420
57190
58790
55880
57040
56410
57980
58500
57590
58330
56840
57950
57810
57510
56970
57120
60440
57480
55600
57870
56930
57320
56930
57240
57190
55290
56640
55740
58570
57000
55970
57360
57350
57610
57440
57740
56300
58040
56770
58430
57220
58480
58530
57490
58610
57190
55260
57350
57410
59390
57640
55630
57870
56660
59470
56720
57810
57290
57960
58810
57090
57240
58310
56810
58830
58040
55680
56310
56900
58830
56270
58270
55800
57000
56560
58230
56660
55450
56240
58110
58480
58290
58400
56350
58500
59360
60800
59680
53670
58650
58960
57600
56140
54680
57400
57410
55590
56120
56360
57660
58200
58660
57000
56250
57840
56840
58770
57230
56440
59570
57720
58770
62660
58660
58420
56870
58470
57110
55520
56840
57080
57970
56190
55780
57040
57200
55460
57000
55780
56850
56860
57250
59100
56390
56730
55890
58050
58830
58140
54650
55980
59000
57800
56100
57870
56230
54840
57130
56880
56400
57730
57130
58650
56860
57320
56540
56890
59350
57310
58410
56580
56660
61910
58120
58090
56290
56380
58360
57130
58610
56100
57450
58210
57350
57880
56190
56360
57320
56700
60020
57200
56820
57870
56200
59120
58190
56020
56360
57600
72240
64750
56370
58250
58300
57350
58040
56710
57450
57130
58440
57730
57860
57720
57360
57280
57890
56170
57340
57720
57690
59150
57950
57920
56360
57790
57140
58280
57830
57040
58670
57780
57560
57390
57000
57830
57570
56590
57640
56760
56850
56700
57490
57660
57100
56540
58380
59380
59310
56850
55070
76500
61870
58060
57670
58120
58810
57710
55380
55910
56650
57540
58710
59820
56260
56670
58250
56740
59390
57130
58000
58930
56690
59010
56550
57790
57180
57730
58120
57210
57520
56260
58510
58730
57700
57970
56080
57680
57900
57590
57170
56520
57590
57890
58910
58900
56590
57450
57650
59030
59030
56560
57440
57720
56970
57850
56370
57310
57710
57890
57910
53540
56100
58940
57660
58560
58090
56770
56490
56040
59140
56750
56650
57210
56380
59070
56430
57050
57970
57760
59250
54200
56600
56110
57610
57170
56390
56560
57320
57660
58250
57040
55640
58720
56960
57960
58440
58410
58060
57080
57960
59850
56880
57560
56650
57740
57530
57380
56590
56310
58110
58000
56550
57990
57840
57100
59520
57670
57030
55670
57930
56180
57030
57420
55930
58140
57980
57790
57460
56510
55070
57290
58600
58950
55970
57050
57000
58320
57710
56490
57060
57850
58010
58970
55840
58220
56840
57090
60320
57640
58060
58730
59120
60440
58260
59320
57680
57070
55710
57090
56650
56830
58930
59610
57050
57450
55990
57950
58650
57860
58840
56400
57620
56980
58110
57630
57240
57800
57600
58010
56710
54890
56640
58170
56540
58770
56420
56100
58110
56510
66800
57140
57140
58250
56970
58510
58350
56900
57880
57100
57340
60970
58730
58790
56920
59240
57800
56080
54930
58310
58290
58400
56950
57950
57760
58950
58800
57160
58240
58520
58650
58510
56020
58090
56400
56500
59030
56770
57240
57170
57470
61000
58040
58260
57490
58040
57990
57150
57610
55520
56860
59320
56650
57210
58110
59030
59020
59180
58240
57650
57110
57570
57990
58340
57100
58240
57720
72510
57430
57510
55890
57880
57210
56750
56830
55330
58640
59600
57850
57640
56960
58280
57340
58570
56170
56590
58130
58470
58760
56590
55910
55950
57510
58510
56150
57520
57810
57850
59150
57850
57160
57930
56990
58590
56760
57960
57870
57330
64590
61120
58170
58190
58880
58790
57340
57960
57980
57040
57220
58880
57440
57690
56870
59250
58250
56470
57570
56650
58630
56950
57360
59270
57380
58640
57970
57600
57730
57400
59060
56450
57490
58080
56220
58990
57590
57080
57850
56110
56700
57320
56530
57840
56810
67940
60700
57900
58930
58380
57590
59310
57370
58550
57380
58500
57970
55110
59570
54550
56250
57170
57140
59130
57690
56370
55180
56690
58990
56250
56810
54300
57430
56500
58310
56960
57760
58140
57540
56690
59010
56280
57310
57570
57740
57370
56280
57630
57840
58140
58090
55820
56630
58380
56890
57350
55820
53980
59470
59590
57690
57270
56600
59320
57490
58690
56700
57950
57760
56080
58370
57310
54910
57530
57690
59000
56800
55670
56910
56950
57700
56760
55410
57260
58340
59520
57800
55860
57430
59020
58910
58270
57390
57690
56190
58970
59050
56330
56920
57320
58640
58700
56510
57830
56480
58490
57720
56640
56800
57610
56880
59360
58500
57620
57260
59880
58210
58920
57970
58190
56320
59080
57230
57390
56510
58740
56790
56840
57430
55510
55340
59420
56630
57550
55440
57660
59800
58510
57760
57250
56720
60610
58060
57630
57190
56710
57710
57630
58850
56470
55930
58180
57140
58300
57580
56060
57010
58460
59060
59610
58260
56740
58970
59470
57270
57450
55920
58410
58280
57220
56550
56300
54600
57760
58570
56900
57000
55720
57520
58610
57250
56600
56640
58270
56860
58260
57890
58380
59280
56800
56120
58990
55220
58250
56220
61400
59670
58730
57230
55700
60800
58950
58020
57730
57630
57680
57530
56270
56650
56680
59660
59280
57900
59020
56690
58280
59990
57300
57040
58010
56620
59310
56590
55510
57050
56780
66160
59490
56920
56530
57560
58730
56980
57280
55820
57320
58300
55510
57910
57770
58500
58010
56960
57760
56000
57140
57830
57660
56520
55790
57180
57420
57610
57670
56780
58060
57990
58550
57700
57080
55430
58560
58940
57970
59060
56810
60110
58990
58250
57590
56330
57800
56970
58290
56830
56730
57930
57020
58870
56180
55460
57450
57680
58740
57240
56580
57520
57690
58690
55690
57880
57430
57910
58030
57030
58180
58140
57670
58730
57140
55420
56340
57090
57660
58160
55830
58160
57040
56840
57940
56270
56050
56660
58310
58680
58700
59650
57060
56390
58100
56520
57570
55970
57880
56200
55800
56900
56150
58200
55620
56030
56530
56860
58800
57260
57870
58870
56460
57010
57960
56970
59400
58470
56110
57770
58050
58110
57490
58050
57400
56570
59220
57100
57770
57700
55400
59970
57790
58810
57030
57780
59200
57930
56720
57700
58260
58080
59940
57190
56540
57760
57790
58150
70010
58940
58710
59340
57460
57980
57350
57220
57910
58330
59130
57780
57710
56810
59910
58640
58180
56820
58780
59780
59010
56690
58680
59370
59950
57910
57190
57630
58970
58320
59940
58440
56870
57220
58410
60220
58970
56080
58850
59130
59300
59090
58350
58320
58790
58530
59130
