63053
34252
30332
29771
32431
33471
31652
32292
33141
31101
33361
31371
30871
30661
29841
36152
75483
63273
63023
61973
65063
63413
67833
66843
66053
66433
130716
99205
84404
67463
66763
65583
64963
63383
63283
62803
64192
65673
64953
61382
58852
62763
61963
63293
59202
61993
62683
65493
61443
60873
65463
61863
67213
62053
62003
63313
61663
99864
80724
83664
80553
75103
79073
78124
80894
74503
76503
82514
78294
79134
76283
79084
82584
79194
81644
78744
77964
77004
79393
76714
77014
77553
78024
92134
70164
63433
62533
60533
67284
64993
61892
65043
64553
64773
125005
108775
84024
82664
65753
64433
63453
59923
61703
61223
65153
62423
61283
62673
60323
63633
65033
62533
64113
62183
64563
64373
60793
61392
60892
65933
63553
63443
63493
64333
64123
64263
104165
72173
77504
79224
77624
80374
77534
77834
74344
78934
77094
80464
72033
77974
80464
79514
79903
75033
79314
82114
78184
79443
82234
78824
80364
75964
85594
65683
61313
63653
63803
61903
75884
73074
69203
64433
65093
106245
95405
79583
67853
61683
65953
61082
62772
63663
60192
67373
60843
62393
62333
61203
63743
60953
61893
62113
62163
62083
59383
60423
61703
62063
64583
62493
64753
66293
63853
65603
108105
78143
79483
80474
87644
83114
77123
81784
82724
86254
78194
79114
80714
79954
80593
84424
80374
76934
85454
80543
81434
79784
78683
84084
84294
80684
96054
74253
64013
67873
64173
65383
68143
59883
69093
64493
71263
123886
110695
86934
78444
73953
61823
59873
64033
68523
63553
61643
62012
62423
62603
61983
62253
58952
70763
63023
62042
60003
60643
60833
64333
63703
64923
67253
62943
62303
65433
63873
62743
97294
82054
79004
87104
79363
76084
77474
88075
78774
86474
79033
84004
86744
79494
80544
83594
83294
91924
85494
78834
76153
83714
78904
79334
87554
83804
97624
75544
62773
66073
65473
63913
65883
72373
72533
80434
76603
125606
109045
94474
71633
63183
69433
70433
76583
74473
63653
62693
62343
65193
64273
69473
68653
75564
72224
64383
63303
61133
62243
64983
70744
74053
71944
65153
64683
65003
65163
62703
103734
86194
86214
92644
87294
78274
78714
81904
77114
77604
82154
88314
90494
77814
79354
77003
78143
79584
83524
79893
82914
87444
82674
79464
80303
78194
90685
67813
63013
64423
65753
63343
66943
61903
66453
63083
61893
134006
117455
86984
78403
63803
62233
61713
58723
62652
59453
61562
63333
62012
63623
61442
60152
62633
63373
61633
61573
61353
60773
62053
62313
61413
62083
61203
68563
65473
63523
63083
63943
102114
79054
80214
78083
77524
80523
79594
80564
78623
77394
84054
83704
75154
78204
74564
82494
79044
78244
82034
74894
78584
84024
79404
77964
74234
83334
91424
56783
65543
62563
61572
68503
63183
63573
63143
62273
66583
131776
102935
83924
64233
63473
62343
62903
63103
59403
64443
62593
63473
60583
62263
64123
63013
62033
61112
58803
64503
63963
62732
66883
62013
62623
62093
66623
61543
53722
63453
66353
104005
79474
79904
77174
80304
78494
81824
80894
78013
79093
84854
78703
81404
79013
77293
82774
77573
79653
79484
75973
79984
80344
78684
77674
74934
81104
91554
68303
62883
61663
63923
66253
62773
62753
65653
63363
67373
122116
113205
88694
76793
66243
63333
63163
59862
59002
64803
61203
60253
58953
58973
61513
61573
61903
63303
60853
61143
61393
66223
60353
59763
62693
63273
63163
63463
62053
63312
64203
63983
107255
76783
74983
79334
80824
77393
77663
74774
81554
81574
78964
74794
77864
77184
83374
78904
79174
76564
80504
79584
77853
81774
75643
75073
80143
76203
89554
64703
62253
64243
64893
62913
62383
60633
68163
70283
65543
127266
102645
90705
70403
62083
62983
59103
60403
64153
61943
61713
60603
59723
65133
60803
62163
58632
60432
62773
63333
60372
63663
62513
62743
65273
65183
66953
69403
64983
66553
66103
106025
78034
77364
82424
80633
80913
77934
78554
87644
81804
82354
78323
76013
79633
82684
77993
78643
75293
80844
80834
78854
77414
79864
75924
78524
82014
95665
68023
61343
66683
64253
66203
65343
61883
72663
67084
67604
122846
106865
96885
81324
67683
63493
63563
65343
63663
66023
66373
62143
63483
66193
63083
61623
61783
62673
64223
62093
62123
72754
64743
63843
63353
65644
61843
63603
67333
66633
62923
66253
105975
81714
80764
87134
78424
77694
78144
80944
104615
80054
99134
78524
82054
80913
82523
77383
77753
86474
80744
79833
77343
78463
79773
77924
78473
77664
88975
67213
90734
65793
66103
62853
63323
67003
69783
68523
62353
123916
110335
85714
74783
62933
63303
64413
63513
64503
61613
58812
64203
61372
65433
62193
60393
65823
62133
63263
61433
61163
60343
61353
61863
65253
61953
61703
68753
64013
64213
61453
94105
83454
80063
79833
73933
74803
77284
81444
75363
75433
74613
81794
82024
75624
80764
79284
76854
82144
80724
79044
76054
79544
85184
78763
82604
77524
89834
73623
62813
63513
62852
62082
65713
65783
66163
67083
66643
129416
118586
92614
80384
65923
61893
62293
63023
62523
59763
60993
64963
61393
61883
59393
61393
61793
60393
62733
60802
62482
63313
63573
61452
62803
61672
63903
70183
64473
65703
62073
61463
101365
79764
78014
75834
76404
83074
78173
79953
75974
74684
82973
77563
78413
83513
76093
80513
80654
82054
79473
74923
78863
77454
77224
78774
74854
73133
97785
70503
63583
60733
61683
65263
63103
62643
65403
63993
67184
129316
107945
83534
67603
64163
67403
62742
61103
62663
60153
63533
62123
61373
61073
60993
65453
63853
59223
59523
58363
63293
61463
60933
61013
61433
65813
65133
66143
60683
60082
61532
99285
77253
78183
77033
78224
80754
78784
77943
75223
74724
81604
78974
77134
76504
73814
85394
78784
78844
77324
75783
82194
80843
81214
77493
73283
82323
89494
66013
65473
59652
62643
65123
63512
61583
61113
68893
67433
137736
113586
86104
79994
72234
63093
63833
59863
60433
64533
61163
63633
60673
61713
62322
62363
62743
61592
61312
60302
63193
64333
60643
60063
59023
66423
65093
64703
62273
60653
64883
65223
106095
76994
79674
83774
92424
83243
81983
79633
79953
82974
81603
78693
77573
80094
84594
78954
81804
77334
74714
84194
80144
80394
76484
74584
85194
76293
91725
66303
62243
64913
66734
68924
61323
60312
70323
67613
64373
129676
104594
82524
73953
65023
63833
60233
61013
63113
64503
61683
60073
61743
63983
61573
64113
62073
61353
66183
62863
67644
62453
61113
63253
66353
65643
63443
65463
65223
66813
63593
89264
74443
79504
86504
81304
80584
76344
78444
87254
83154
86634
80364
77743
76924
82134
81333
77534
76803
78843
82084
83604
78173
75803
78163
80924
77183
80694
74724
64183
66033
67923
66713
64703
62223
68363
69774
68073
104974
110805
96264
81664
70644
62723
60923
65163
66793
65093
64463
63683
62483
66193
63663
63553
62853
61083
64433
65993
63563
62413
62443
64683
63593
69083
62693
67293
68214
66343
68614
63873
102014
78363
87314
79173
78093
78394
79094
83984
77184
80224
77674
78724
82434
80244
85434
85494
81824
83484
80643
79874
82714
81144
80634
82214
81914
74703
78353
69323
65643
63063
64403
62523
64083
63493
69103
64713
62693
128536
113745
86774
71123
64403
61963
67043
62793
62933
63853
61613
61843
64233
63043
61193
60253
59373
63922
61162
61252
61592
60483
62293
62623
62863
62003
61503
68213
65013
63003
65333
80444
82024
80934
84614
76154
76044
80664
83574
83284
79244
80843
78274
82014
77403
77843
76953
77774
83914
78873
77764
75513
76274
81854
83264
82564
76524
74804
78074
68543
63003
62333
65093
67504
64443
66913
65333
62322
79314
117455
90024
78423
66813
66513
66523
64293
64883
62603
63063
62543
65543
64433
62313
64093
65923
65303
67203
63733
60423
61233
64243
62693
61403
63993
62042
66434
63813
60732
61343
61793
101175
78343
77724
79184
75104
78644
77894
77234
76834
82073
81044
80764
80964
78984
74124
79714
80734
78603
76453
71303
76833
78704
76593
77803
73833
75963
96174
67463
62753
59293
61703
67513
65713
62813
66833
65613
63903
123105
117135
88364
69924
65723
62403
64633
62103
60293
59543
62603
68504
59712
59722
60232
62783
61703
64303
60393
61553
70863
64973
62533
64933
61823
64903
68193
64823
64753
67263
64393
76313
81533
74274
74323
75503
80383
77913
83914
76583
75554
79293
80324
75303
76814
75403
79004
87304
83674
75544
75234
84414
83383
80934
74033
78863
89874
76773
80214
63533
58853
63902
64833
62973
61212
68193
67503
65833
62613
121136
95015
74934
66903
69023
69603
58523
59853
68813
65673
63453
60233
67353
63113
62503
62683
59793
67744
60403
63683
66073
66853
61102
60112
62833
64093
74053
63223
62703
71333
73893
106515
78494
77254
80844
86455
80083
80054
82804
86804
84113
87884
77314
75193
85084
79514
81513
85014
82384
76953
78554
80804
78814
84804
75683
80844
89074
100115
66813
60993
63883
65183
72714
60403
61093
76514
72074
66384
136657
104355
90074
81104
64263
61342
66353
60173
65393
62703
62513
60772
62643
62443
63563
63443
62103
63623
61303
63053
62663
57783
60773
65423
65293
62703
62403
62362
61323
64793
63033
70083
88554
85634
78434
80944
79104
80304
74524
76014
84934
78534
79604
72944
81704
80254
84514
76733
74943
79144
80583
79713
76783
75323
79393
78774
77813
77884
72303
62793
63473
64833
67003
61273
61293
67773
66983
64193
63593
120775
97244
83034
68523
61753
61293
62283
60583
64213
61603
60523
60502
60922
62863
60912
61462
59482
60163
68703
60383
60433
62503
62253
64563
62373
61533
60843
64993
65153
63413
63683
102204
79243
82124
82873
77764
75343
77613
79963
76393
79213
77243
76374
78864
85394
78594
75504
77643
82324
80814
94925
85394
73234
81014
82364
80424
74973
89404
69434
62073
62253
61413
62903
61892
61983
68043
63973
61662
128996
108895
84784
74803
64423
61863
63053
63413
61373
60393
59853
60563
61323
61243
59503
59333
62863
62903
63633
59093
59753
61802
66963
64583
63613
64333
69423
69473
65703
65843
67253
67693
94424
85614
84054
79464
76314
81404
79144
85384
77304
75534
81154
78193
83523
76884
74783
81163
82824
80713
78573
81254
78593
77554
82314
78983
74263
74393
79314
66493
63913
59603
60723
63133
62243
64793
65063
63283
63813
127306
103205
79133
63163
63342
63143
62443
64403
60772
62062
63403
64153
60592
61473
59813
60623
63383
59273
60103
57933
60503
61603
64123
60083
61333
63143
64513
64653
65153
65723
62063
108225
82013
81773
78763
78914
86284
82094
82494
77484
76564
82444
81984
82794
77644
76594
83774
81554
82744
79554
75044
80854
81693
84084
82773
76133
80313
97255
74214
62492
63972
68033
65933
65673
64943
66603
64993
67873
131076
113405
88204
73463
67473
65633
67473
61333
62733
63723
62403
67184
62443
61603
61863
66233
67463
63193
61723
61902
63503
65663
63773
63163
63633
65563
68723
64813
61923
64563
65863
65543
103744
78104
78564
86714
78614
82063
75764
75443
82624
81484
78713
78783
79183
75153
80784
81584
79393
76923
75063
79754
83254
79834
74244
74094
77314
78424
87724
64393
60243
64143
62473
66313
61493
63463
64963
67194
63833
118595
95785
81704
65333
63103
61572
60152
60453
61203
60233
61443
58863
59813
62433
63093
62513
62233
61803
65103
62383
63343
59983
63203
61903
65323
64383
69074
62542
62352
63653
61792
109165
77273
75743
77243
78884
80384
77194
73954
81714
81724
82244
77854
78084
78394
76363
84824
82293
74464
77264
79773
80403
78443
74843
78913
81264
75283
95825
65733
60042
62803
64513
66493
61453
60753
68333
63673
67313
129766
102055
88414
73424
69974
61943
62303
60993
62123
62983
61163
60493
60232
59432
62882
68723
68213
60072
59222
62433
62313
60093
62093
60633
61973
66323
63433
61623
61913
70783
65983
61423
95484
79073
78554
80183
79024
73783
78713
79753
78893
83234
78824
75393
77863
81254
81564
78784
77404
84614
82294
83244
77754
76424
87975
80424
82544
80744
79473
63123
63473
63393
63193
60533
60643
62822
67503
64283
61142
123256
96905
83714
67833
63473
61053
61693
62543
63023
59723
61353
64713
61853
64473
61573
62403
63593
63013
62583
61433
62303
63003
62493
63312
65913
60992
61012
64793
63803
62913
61863
99915
77974
82334
85534
76674
83744
95275
80393
88404
77944
76434
81104
82574
76494
79544
76093
76403
80584
77913
80893
76383
76933
81694
80754
80044
73864
89025
69163
62853
65473
65543
59533
64123
62843
70884
61983
60773
130316
111975
83164
75014
60913
62052
61392
60843
63763
60412
64573
62143
62143
61923
59313
61103
63873
61293
66013
62963
60843
62163
62903
61233
62053
62513
64813
65833
62413
62763
60123
61553
95014
80573
80894
77124
75003
78183
78403
81244
79754
76284
79784
84034
81794
80344
76634
80484
77744
80754
78794
73754
80344
79424
77624
83134
