50710
24220
23330
22370
22670
21010
22670
22710
22620
21750
22430
21840
21390
21750
21270
21220
60601
63490
62860
63350
61740
61970
60370
60531
93141
72981
71731
80050
74590
76200
71730
72280
76030
70541
76921
76151
72351
73530
71390
74770
74120
72920
75001
69031
75021
76040
73710
75040
73830
74050
85630
62360
59791
63571
60050
61980
58160
60000
64810
60680
60561
127850
97491
85471
64610
60990
59390
59560
61700
61751
59251
58361
58570
59310
60020
59210
58790
62660
63581
62871
58050
59290
57820
58100
59240
62670
61250
63090
61401
62481
59130
59710
102841
72430
74410
75280
73961
77381
71291
71300
76920
75240
75840
73150
71980
74830
73061
77001
74091
74600
75640
76130
75140
72410
71841
75351
72981
73921
89871
68630
61550
60210
61610
62311
60621
60821
65000
63630
62210
117740
106120
91420
67680
60721
59021
58860
62150
61150
57720
60560
58220
59730
58901
58401
59911
59330
57790
57120
59640
60630
58950
60271
60151
60211
62760
61450
59410
62710
59330
59390
82211
76731
76221
73140
75110
74280
71890
76830
72330
73571
77501
69351
76101
87460
82110
77250
74820
75320
77621
75971
75981
71731
73110
76810
71310
80640
72940
74790
63151
59721
62060
60550
61070
59710
59880
63620
61971
93691
118901
86681
83381
65800
61430
61600
59950
58210
59061
59751
58490
61160
57790
60990
60900
58800
60500
58141
59161
60140
58420
60600
59800
60380
61340
58510
63991
63151
60890
62060
62350
96290
75960
73840
76230
71951
73051
78171
76780
77590
72170
72650
75340
72170
72961
73301
72271
75000
74510
74940
74060
72040
84320
78431
74961
79001
71081
88321
66360
59480
59400
59820
59561
60931
58020
67651
62890
62220
122010
109120
80630
66821
60841
62131
59870
59180
57920
59480
59100
58980
60071
58991
58471
59781
59300
59070
58530
60530
57790
63170
58531
60631
60750
61120
63270
61430
61030
58950
61120
92261
70161
72621
77400
73710
76890
71720
78010
75680
72631
73251
74381
74750
75370
71240
72350
77110
72960
77351
73291
71501
76340
71690
74330
77830
72740
87380
65731
60091
58680
60640
61720
61260
60150
61340
62840
60001
121851
96271
77541
76390
64210
60160
60640
63190
60771
59451
60630
58210
59110
60420
58350
59590
58740
57900
59391
60941
59570
60100
59680
59750
58190
60580
61381
60081
62101
60790
58220
62590
99020
79270
72740
74570
76211
71551
76891
75270
71570
75180
72700
73970
78470
76411
77261
72320
73190
75850
71560
71350
76740
72961
78391
72081
72401
75070
82040
66320
58900
59410
61180
62561
62191
59821
63130
62160
61780
102260
93710
74990
66811
59951
58411
58580
59030
59890
59340
58280
58110
58231
60611
62270
59600
59810
59040
58800
61060
57651
58741
57701
58460
62490
61380
62330
62570
59780
61780
59961
98661
75721
71110
72240
73500
75100
76400
73530
70091
75931
72641
76311
73440
74740
72020
72780
74190
73781
72031
75041
72891
76100
77780
72630
75930
73500
88751
64691
60081
58490
60480
60970
61980
59320
64590
62011
60931
126501
103671
77430
74390
63950
58840
59940
58331
60721
60301
59930
59950
57790
57890
61310
59600
58900
60271
61691
59740
59090
58020
58750
57510
61500
60431
62921
62521
59840
62690
59620
60090
104740
73850
75580
73641
77431
75021
74230
75080
74060
73620
73990
75810
73321
73901
75321
74871
77960
74500
76240
74220
80670
70941
73011
75251
72330
75310
86550
63180
61470
60500
60531
61091
60840
60480
63960
60400
62620
117810
101350
81181
64881
61911
58960
58180
60310
60610
62110
58810
58801
60041
59070
59670
60780
59480
71150
61840
59100
59231
59721
59801
59000
60540
63080
61210
63320
61660
61421
63041
99081
71721
76860
74460
77250
73760
72790
75560
72701
73961
76400
72910
76860
72610
77020
76040
73000
76521
73041
74941
75280
72640
73090
72760
75380
76351
84761
64701
62030
58980
63040
60430
59710
60190
63761
63551
61601
123011
108621
78890
72520
62580
58570
58580
60911
58551
59040
57970
61620
59410
59230
58630
57740
58381
61681
57200
59120
59380
58830
59420
58330
59880
61321
59791
61760
60280
59280
61450
67480
83690
72540
74181
77281
72541
72840
72360
72880
73050
75820
68900
74761
74281
76431
74030
73780
74600
75340
75220
74840
71161
74991
74021
76650
75120
74890
80010
62250
61570
61980
60731
61311
60830
60630
65710
60020
72210
120790
92021
82901
65731
58990
61890
59780
57640
58210
57270
58951
57961
58431
58840
58390
57320
60130
57540
59680
60031
58561
58790
59750
61520
59750
60070
62460
60150
61720
59701
61361
111211
75990
75870
76640
74860
76790
73381
71031
79651
73431
77880
73870
74380
71250
68420
77680
77341
78041
77671
72810
76240
76920
73220
78560
74530
75121
89691
62960
59340
58320
61850
61530
58420
58740
63061
62271
61410
137131
111971
89030
64450
61590
60810
63521
60021
58710
57750
58790
58680
60340
59400
57030
60401
56251
58611
60180
56970
60320
59150
58170
61340
62581
62231
61770
61210
60410
60040
63070
90350
72010
76121
73601
71671
76210
73680
78250
74410
72040
77150
75221
73221
75991
71021
76340
75300
76990
78140
73770
74951
74361
75561
75711
76780
74370
90610
67670
60250
58571
60381
63831
62660
60690
59600
63250
63210
123020
113390
88471
82271
74110
61640
61010
61100
61220
61600
61370
60401
60811
60660
63870
64670
61420
58890
59100
57490
61311
60741
60861
59730
58780
62060
59660
60910
60570
59871
62121
60120
98841
76720
72230
74670
73730
76361
77151
72741
75291
74130
76210
74780
74620
75650
75830
72581
82151
79621
73440
76530
71440
75670
77210
76930
75941
72141
89471
65950
59420
61920
61110
65120
60730
60541
64191
60900
61010
127511
105190
83230
66990
60280
62241
59261
57410
59350
57830
59790
61420
57780
59610
58631
58191
60121
57320
58960
60050
58840
59040
56660
58491
60711
60180
62880
60640
59790
61460
59980
100060
73060
72351
77401
76670
75470
79270
73700
75620
73620
74181
76231
73411
74641
72900
76990
76800
73100
75340
74350
74591
74941
73600
73310
75690
73100
91870
65880
59160
58491
62951
61410
62070
58900
65540
61210
61500
120660
108931
90551
77191
62570
59520
59240
59310
60080
61041
59411
59011
58350
59350
59220
59980
59400
58860
61931
58381
60701
59950
58070
61300
59730
61870
63580
61811
62501
60421
61380
60700
99830
75610
76980
78350
79191
75281
73021
75731
72900
77890
71700
74310
75200
72360
74381
73981
72751
76640
73960
77230
77570
69770
76660
74041
74891
74041
87221
67350
60640
60110
62970
60181
59351
64641
60660
67340
62110
126281
102890
84850
69070
63041
61471
62770
61050
61860
58390
59060
60660
59740
59641
59551
58841
59690
62060
59730
59400
58990
57820
58921
58261
64091
63590
61000
63650
60250
59170
62620
100700
76011
79731
74901
75930
73830
74560
71590
73990
77260
75801
76501
74820
72490
77900
74150
73170
78420
72321
81361
72381
72950
77660
74820
74770
75750
87040
65941
58911
59611
61850
60230
62160
59370
63760
61730
61471
125680
110071
80960
72650
61340
59250
61030
60550
60300
60031
58461
59900
58560
59670
60330
58590
60970
59940
58501
60261
59490
58190
60680
61800
61990
60390
63860
60301
63131
62150
60170
72050
85920
72160
78490
73931
72531
75861
71961
74960
74090
76340
76470
72740
75430
73401
73981
77271
81370
76420
75260
70920
73360
73220
75341
75861
73841
75300
80630
61010
62460
60610
61380
61331
59671
61731
65560
60480
69110
116710
96320
80710
64891
61321
60420
59870
59480
59600
66210
64410
60750
58821
61481
58830
60060
59850
60610
60320
58910
59280
58101
61181
59740
59710
60430
61160
63570
62830
60540
64171
100421
74371
76640
71410
74640
71260
74480
75410
74550
72261
75621
72690
76640
70900
70350
78190
74130
76771
75221
73701
75091
72370
74280
76430
86280
81170
88301
66751
60481
59870
65650
60500
61570
61570
65130
62300
62821
120561
113591
83550
66370
65340
61070
60010
59921
57731
59811
61420
59210
61480
59280
60200
58890
58531
60301
59751
59810
60900
59820
59470
61650
61330
62871
64131
64441
58450
59440
63360
87060
129700
73750
73440
77141
73041
78171
70380
71010
76960
74000
74510
71620
76641
77781
77571
74020
77940
72800
71620
79160
75160
81181
74291
74981
76190
84700
62130
62490
57850
78450
64151
65231
60461
61530
61490
61310
122201
115120
86820
73721
63301
61961
59210
59980
58300
59740
60900
60990
61701
58501
59811
56410
58790
59690
57050
58150
60870
59671
59581
59591
60590
61320
59850
68180
64200
63540
61771
58741
95671
82511
82160
79410
74940
80960
74350
70731
75221
73671
76981
76550
74070
79590
75330
76190
75350
73471
74991
72011
75210
73910
76230
73130
77060
77820
91181
63601
59151
62700
62630
65510
60950
61420
65830
62801
62321
129981
109841
83210
71340
62070
61220
59330
60751
59061
58691
62170
57840
60690
58370
60030
59810
59761
58561
61230
61750
62730
60140
59140
60790
63950
61520
64531
62461
64030
60250
61260
100530
72610
75650
73430
76981
76891
74030
76790
75040
76350
77810
73870
72131
76861
74881
76681
71640
72720
76020
72530
75010
73570
70521
73981
71651
74930
89800
67370
61850
60070
62131
63101
61921
59741
64940
63000
62520
115790
112780
87960
74991
66611
60540
59850
60470
59560
60920
60340
59311
61321
59281
60350
60820
57600
59320
60250
59340
62340
58881
61491
60531
61300
63550
64470
59890
63670
60830
63151
60941
99321
77260
74200
77180
75430
73290
80240
76251
75391
76841
73181
77910
77950
74810
78920
72940
77231
76341
79621
79990
77430
74100
77120
72850
79850
74450
87411
69531
61270
62000
63200
62220
62500
61760
64980
62781
63241
128891
101800
86710
66640
60930
61200
61971
61311
61791
61200
58560
61330
58830
61540
58910
59201
59681
58761
57780
59100
59640
61460
59660
60920
62981
60841
62221
61840
60780
60140
61640
101340
76330
76761
76011
74571
73031
78780
74180
77640
72900
73590
76080
73481
75091
74460
72750
76970
73780
74550
75960
69710
77341
76311
70481
74310
71610
87340
66350
61080
59111
59171
61221
60520
58740
67480
60520
61580
123500
106570
83961
73951
63491
59530
59950
58220
59750
60350
59050
61571
63161
61500
56760
81130
63860
58970
59210
57140
58311
61081
57821
59730
60210
60070
60650
59320
61530
60831
59741
64421
89841
71200
75620
71440
76990
72050
73401
73471
72411
75171
72460
73190
73240
71620
72560
76201
72211
76631
72001
71200
74800
70310
72750
74370
72171
93181
88571
63400
58620
59020
60830
58650
59580
59571
64861
60151
62190
121631
94881
78690
61300
61940
60111
60131
59231
57360
58660
60050
59680
59120
58250
58331
58381
59331
58750
57230
58560
57240
57490
61300
57021
59131
60331
60790
61290
59310
58930
63180
98660
75230
71061
73311
77191
69920
74360
75200
73650
74280
73351
74561
75091
71721
74760
73000
77710
73810
70300
73880
71231
72261
74231
71431
73940
75130
83880
66110
58570
57861
62651
59990
60570
59600
63370
62420
60100
125300
107230
84941
66981
61600
57510
59860
59460
59010
58010
59491
59691
59621
56480
59000
58490
60490
57680
59880
60511
56701
58111
60600
59030
60880
58940
60350
62170
58880
61601
60631
88551
74960
72130
74430
76110
74950
76001
72001
73041
73480
72750
76290
75310
71830
73350
73621
73271
71991
73191
73660
70980
72250
75600
70440
75940
72321
85201
67491
59840
59460
59380
62550
58660
58081
58641
63351
59640
125431
108721
88100
81670
64020
58921
59661
59691
58870
59170
58370
58850
58670
57640
58970
57631
57511
57910
59250
58680
59090
59410
58470
56490
58981
58831
60001
62000
60680
62380
59350
60160
100900
74041
75571
71311
72740
76850
71270
74170
72900
74090
75971
71051
72631
74270
72490
73580
73130
70100
73240
71831
76371
74031
71560
75700
72990
73080
87090
65220
60321
59641
62131
61940
59780
60440
62340
60770
59760
118430
109421
84961
63910
59650
58530
57540
60070
57810
59631
60321
58850
61690
58400
58110
59230
56530
58780
57761
60761
58260
57840
58750
70530
63800
61270
61600
62210
62541
60631
61650
95691
71310
74660
73040
73670
73101
75551
75531
73071
74330
76000
71380
76570
75170
75061
75041
76351
80901
82720
77350
75600
72310
74680
75600
76871
77131
86021
66660
61460
58300
62970
60940
59710
60211
64531
62180
60290
123891
102670
87960
77130
64180
60501
59851
58670
59960
59190
60790
60480
59230
58900
60351
59791
58510
60670
58370
58900
59400
58760
60060
58331
59801
62981
61560
62430
60440
59770
62660
59690
97571
74771
76601
75830
75400
74450
74140
73300
74170
72400
71641
77151
75700
76330
72940
73080
73910
71950
72821
76691
73841
74780
72250
74970
73950
72090
86880
65711
60741
60791
60390
62400
59550
61750
63010
61640
59570
125161
101041
84191
65770
57900
61600
59470
58300
60861
59931
59191
58650
57830
59360
57580
60530
59190
60150
61411
58841
58320
59730
59820
