55670
32330
27650
27781
26530
24730
25510
24780
25430
27700
28071
27770
25840
27380
25600
36391
92531
149720
99540
98700
101871
97141
104181
101060
97110
103700
98401
102281
101581
98500
102850
98790
100071
100231
100141
142860
99930
100150
99421
102391
95621
102050
95000
150411
84200
76000
76341
78341
80960
77950
74080
158091
83331
88101
188121
159141
109460
96971
82011
77191
79381
79230
76930
76180
75580
95981
81341
81010
77150
81100
78140
74071
77421
75080
77210
76540
74180
76341
182681
88941
80060
83600
89190
80400
99921
88621
154700
104850
106250
105131
104481
106701
101840
108500
100580
106341
104641
100531
106861
106190
108460
127461
101831
108211
104330
109270
100300
104851
104911
107541
112661
141460
114850
96120
81540
101731
93391
87351
83000
82880
79590
88361
85841
94181
169531
162741
107790
90451
81441
85761
80470
84180
79610
76610
83431
78671
82550
80200
81520
84030
81001
103661
82080
80930
77310
86470
78410
82501
82121
80260
84680
80960
83051
82661
82101
82660
189691
109350
100981
102771
107801
107311
118290
138921
130421
107731
105251
108611
102210
106860
102580
107511
100571
106901
105120
100580
106550
100601
110931
108731
101980
107620
141181
86230
85991
81001
83871
188201
83720
83070
88791
88641
83991
174601
158941
107300
88631
87181
76961
84640
79230
79090
83640
79801
86071
81911
79340
84040
81660
83881
79251
80301
93280
83800
82620
83890
80531
81881
80260
84800
83220
80070
79121
83491
78131
167851
103430
99071
104011
105101
105841
105030
100770
133161
167321
110711
102191
108370
107080
103000
104581
107641
105951
108250
102150
106420
103201
107301
101631
107111
100870
149701
87240
79811
82421
85791
85730
84320
82100
91811
82971
86431
196961
160551
102710
199281
88031
84541
79601
84270
80090
81130
80131
79541
77091
83580
77080
83490
79751
77941
81871
80750
79490
80680
80970
80301
78761
91040
82460
84250
86760
81901
84701
81390
148910
106240
102880
106271
106251
107011
100680
107270
99720
105621
105021
103431
106980
101570
108800
105581
100331
104181
100711
110310
102620
104391
107761
103911
105511
101280
164421
90040
81510
79151
82581
82450
80780
255141
80730
91281
90211
203671
149970
137201
106071
91871
85301
80801
82800
84160
82930
80671
82841
80151
79850
80420
80720
83790
79301
78741
81630
80660
76980
82860
76380
85011
82691
80080
84500
83930
85451
82851
79081
135070
106320
112160
103081
100841
105681
101690
104320
102620
106651
130821
104721
104991
101000
107360
102131
129791
100411
129900
103070
100940
108201
102311
108331
103981
103960
106320
105350
86370
79181
83421
84710
82860
81560
84540
88221
90541
85431
177251
150421
107130
84061
85881
79011
83490
79120
81230
84230
78771
81691
79820
80040
80990
78340
86001
79691
80881
81510
78610
82000
81290
83161
97051
87480
82790
84360
83681
79961
88381
79611
174721
106580
103921
106171
107171
107010
104940
101620
130701
104901
109651
105600
105470
107660
103220
106561
105041
103291
283611
101980
105780
101571
105211
104851
130370
98830
148491
88491
80451
86511
80861
87130
81880
78850
89141
87901
87801
200451
152631
110301
91661
92621
92181
85620
83500
80740
81410
77891
82651
78481
84270
77020
86080
78951
78281
81621
82390
82150
81460
77210
80091
79461
87870
81920
85440
83950
84741
83001
83280
157001
104750
104601
103341
102321
104720
101230
109470
103211
105931
103991
106301
130000
104340
110071
105291
102381
105991
102720
107930
98350
106931
147211
158781
107031
101880
138641
89580
80281
79841
85811
82690
79490
83740
87681
87291
82161
201321
160621
102980
96811
82351
76011
80431
75050
81270
94261
82091
80071
77171
78780
76540
78520
77591
77611
81771
80020
77510
74930
80950
74081
78451
85411
81720
82420
83450
82891
82011
76511
145750
97450
103831
102221
101531
127500
100180
269741
98820
106231
102901
102130
101130
105020
99740
101301
106841
95831
105040
102760
97900
103651
97761
104091
101520
98780
139891
86020
83910
76541
79641
82120
79200
78850
80290
83701
85861
103211
155840
139041
101431
84481
81431
75431
88720
79120
75770
78111
75881
80391
78640
77670
76660
77630
79231
77211
76840
79120
75800
77220
75501
76881
82401
80410
81680
78840
79010
75671
80791
77080
146031
99800
97641
103731
139231
112340
106020
105470
104431
101681
103911
98301
99590
103230
100621
101921
98761
103681
102360
99670
102850
98241
100751
97191
106080
100150
109180
82120
72841
78471
88830
88130
80750
75450
86231
80701
81131
189291
157961
105620
82981
79591
80041
78340
79930
74930
80520
75751
76121
72431
81880
74000
79390
76080
70201
80661
76150
77830
80450
74700
78801
73861
82400
261371
84510
81170
81011
81841
78720
144870
105230
101061
106011
101661
102431
101110
108440
99081
105851
145851
109671
106820
101790
106810
102581
97841
104931
100950
108030
101320
102671
104351
101851
103621
101650
138061
87370
80311
78581
83731
78890
76400
80530
81300
85121
88441
213271
161631
102160
102791
88571
78241
85541
81190
84680
79030
82991
83881
85171
82540
81780
85800
84800
81551
83621
85680
83730
81690
86070
78311
83841
83320
81300
87090
85540
86391
82271
80571
163291
103190
109801
106331
106871
111521
106380
110960
105761
107981
110791
107741
109490
105150
106050
101941
106081
124651
128220
105010
103580
106990
102921
107331
103811
103400
143501
83130
77990
73331
79541
79260
77520
74690
81820
86041
81851
190831
156391
104640
96400
180031
84301
77991
82810
80350
78580
82720
78741
82601
79191
78180
81490
78090
83211
100391
86461
82110
82580
83980
81391
82311
88371
86170
84110
81180
81680
81231
87011
97850
106890
102710
99431
105981
100101
107740
102490
100850
106971
103071
111561
100470
102320
111420
103721
106461
105111
140081
154980
135260
104820
105231
107401
100161
106700
98460
106600
84620
78611
84651
79991
84910
80910
244801
90291
101041
98121
175671
153081
133641
88401
82161
82271
81910
82490
82150
80270
80981
80331
78851
84110
77450
82380
80671
77931
82761
77580
81080
80340
76680
84231
81511
148100
83070
87150
84820
81691
83531
84410
150791
106760
104161
103731
108721
104711
101200
105050
101640
108291
104831
103831
105490
101740
105730
102201
157881
113851
135370
109290
101630
102391
108271
105381
107431
107150
117900
88210
80271
81961
81681
83640
77730
85930
82790
87541
83981
187551
165161
104250
94421
84541
80841
82010
79640
82730
80940
78961
82391
81771
81530
82120
78620
80450
79421
80591
79090
81870
77850
83210
75981
84501
80161
79470
85360
80200
99111
87091
78631
154840
101350
111231
101811
103421
104931
106890
105350
104830
104441
105951
102241
105120
104150
102780
268751
106941
99041
104081
102640
101190
105721
102281
107521
105331
104120
160721
84630
89911
78721
82391
88540
79300
80710
87111
86201
88131
215241
156740
132361
101640
82351
84811
78031
82610
81270
81010
80600
82411
86091
81280
76000
84400
81080
81331
78551
84071
82920
79610
79970
79451
80281
87161
80300
85020
82150
81791
80641
86701
151381
136390
126011
103171
107461
102881
107930
140821
101630
107441
108511
109121
104490
103990
106810
102331
105551
104131
98811
103890
102510
104690
103051
105461
101781
108290
107000
93890
80940
76991
84551
84341
84370
81500
84080
88421
86361
93461
195301
115740
107661
87361
81461
82271
81840
83920
80010
85050
82261
81041
76551
82950
78880
83020
80921
79681
81121
79970
81650
81020
79190
82721
81571
88810
83310
83590
83200
77641
83021
80780
145530
107680
102451
104271
142811
106101
275831
107950
103751
106911
125071
104531
107820
102570
108030
105021
101881
106691
107260
109170
103060
102251
108281
104301
105541
105050
135231
88680
82161
83701
82641
83450
80350
85520
80181
86371
84891
177690
157011
130191
92871
83061
79911
85611
79520
83820
79750
81471
81091
80451
80790
79850
82940
83331
78901
80341
79200
81580
78430
90780
85211
89431
84341
80740
86890
84470
86991
81051
79591
139150
101990
109740
105541
106501
105991
103010
106790
104060
104161
108791
103101
105960
104970
105560
99861
106111
103341
108820
107750
102200
110421
105301
111711
105321
106370
116460
83820
81710
79841
83001
87150
80730
79750
90821
86331
89151
194161
157890
97350
98441
83171
88271
79891
83470
80160
79760
82201
80801
99251
87240
78510
81730
113781
85071
78431
80451
81210
79610
82470
80011
81531
84151
81140
86260
81250
82280
80441
86241
160620
104960
108230
105311
108521
101651
111620
105840
103140
109171
103781
109461
100630
104850
106360
208361
106751
105381
107461
105650
102010
103990
103451
106381
106831
105240
160121
91640
82560
77431
105101
89010
86340
82820
96370
95291
85641
209141
158640
110180
104600
83701
81381
83111
80940
84180
79700
78910
79991
86001
79381
83720
79560
86030
81451
78561
82181
81430
84970
81950
80390
82301
80691
86640
84010
83790
86400
82221
83991
146490
105100
108270
147261
257171
133101
103460
101820
108160
101900
109521
160121
107871
109110
100440
107000
106461
102871
109211
105150
109360
102260
104011
107491
103051
105130
106360
107320
85850
81341
85001
97971
89380
81250
90380
85511
89411
85281
201751
141670
106630
89341
84861
79331
83931
78550
82140
80770
80221
83501
83041
84470
81330
80750
84130
79351
85841
81230
80760
79340
84781
77931
87531
84241
80220
85720
82770
84991
82321
78501
158391
103650
108400
102321
106371
108521
103430
105600
104831
108931
109401
128891
110190
105350
108030
102711
130031
99361
155760
103190
104220
101491
101121
108111
105830
102120
161661
85740
85150
83341
85721
88970
84960
82080
89331
88431
90761
183341
158321
128831
95360
81541
84291
78021
84860
81430
79140
81601
80411
81811
81110
78540
82560
80490
85291
79291
82540
82910
253741
84330
80301
83031
86531
90950
90770
87400
84411
81501
85531
164151
105320
103291
100371
103131
102581
103470
103430
101370
107251
105141
109801
104610
105480
109190
103541
106621
107381
105201
107520
108890
106940
105591
107991
102741
134380
136640
91290
82980
78041
86021
83971
84990
81220
87460
89351
82921
214241
167581
107060
102680
83631
82381
87061
81860
85180
84250
81010
80681
81491
82300
84910
76570
86670
80451
80901
82911
79190
82850
82280
78401
83431
81351
87350
84750
88580
86510
81601
88351
160210
105020
111430
104671
106081
103341
134320
102570
106860
99470
105581
105441
101151
106290
103650
108270
106721
108091
110471
101990
108990
104100
130251
110231
138011
106481
149281
90560
89210
80571
84891
83081
85270
82390
86700
83380
89281
159981
149630
108750
100410
90620
82601
79761
83801
81130
83110
248071
83801
82301
82681
81820
81310
84280
83841
81361
81611
82721
85330
79650
83610
77481
86971
85020
82980
84590
84260
85781
83841
83451
163560
106300
109620
104991
108861
106041
106450
103530
103490
99301
106561
101411
103500
100530
95240
94380
103351
94831
100471
100760
97450
103221
97911
103541
100861
97770
138531
80980
80610
77621
79971
78901
76020
82610
80730
81101
83481
186991
144210
102380
84690
75450
80321
73591
78700
75600
76290
78090
76251
78861
77471
75530
77240
76640
78871
77861
77331
80020
78500
76630
77211
75451
80911
77930
79410
80870
78030
76311
78831
107110
103680
102840
100061
99411
101741
105030
99240
96770
104191
98291
101821
98621
101540
100970
102501
102801
112631
103541
104930
164571
99700
100891
102201
94481
106070
153651
88180
76280
72521
82021
78791
78540
78460
79900
83941
82431
162400
159961
107240
103610
82231
80771
81721
78640
85010
79270
81590
78471
81711
76831
196321
77370
84310
79411
78901
82791
79200
83890
80210
77990
89331
83871
85590
82530
85670
84430
82031
82241
176981
101710
106350
102211
106901
101701
105791
99680
108360
101290
107191
103241
99871
103130
98770
108210
104421
100811
107991
105490
107720
102850
103401
106501
103121
108981
138750
87930
87190
80021
83331
84401
84100
76590
93310
85371
85691
222461
153910
141100
100540
88920
83231
80431
243772
80660
83940
78970
80301
80871
84121
81560
82250
79550
84221
81561
79461
80860
81220
78050
82800
77531
86431
85271
82760
85230
84110
86161
84811
133460
104280
102580
107300
104961
103751
106851
104200
106190
103720
107901
107361
103521
103210
103440
104020
102321
111481
101371
106700
103910
101150
107141
102221
109511
105361
103040
103620
84480
81330
82821
85281
84311
79600
82950
87670
84741
87331
193911
152930
101400
89880
82501
86171
77751
84910
80460
78690
83441
81471
85011
80550
78370
85860
78630
84151
77571
82831
82780
80690
80180
81021
81711
85901
77920
85590
83450
84480
81521
89341
146400
105200
106101
101891
107631
103621
107100
106880
102910
105851
104161
107571
127900
102930
106680
103981
104281
106301
105521
106360
103850
105700
106121
105221
99591
280401
150971
86980
82960
82541
84831
81721
84970
84730
83060
88061
81831
145331
154600
107690
96340
80780
81671
82251
82890
84830
83070
82060
82671
82301
77801
86720
77370
83660
80141
80301
83701
80010
86670
80930
78120
81621
83071
87620
81820
84010
84200
81051
82271
169291
100610
107580
103331
106351
103611
105111
100210
135261
100950
134031
127321
101751
107630
102440
109190
103341
103751
108611
106550
109010
105320
102741
107731
102281
105521
104640
86230
85390
81721
83101
83791
81660
77160
93070
82591
88691
197181
159540
106760
99810
89230
84751
