67940 
49360 
38730 
43140 
43220 
42880 
46050 
43740 
44560 
39470 
43280 
82650 
57110 
60470 
55680 
53600 
56680 
57970 
56960 
54280 
53810 
55080 
54630 
55070 
55090 
51780 
54360 
52860 
52570 
53670 
55990 
53450 
56550 
53640 
54360 
52880 
52890 
60840 
45940 
40870 
38000 
38360 
43060 
40480 
43140 
45200 
43890 
39250 
90670 
76870 
63000 
55570 
39870 
40060 
42370 
40060 
39300 
37430 
38350 
38560 
39110 
41920 
39630 
38200 
39090 
39280 
39440 
39340 
37060 
40940 
39250 
40050 
38290 
40310 
41780 
41310 
42520 
38780 
37290 
41690 
71310 
53880 
56470 
52500 
56140 
56330 
57470 
53670 
53010 
58950 
56660 
55440 
54680 
53450 
53150 
57290 
55440 
52410 
50280 
53650 
54680 
56490 
56930 
52730 
55760 
54780 
61210 
42260 
37880 
58410 
49730 
41840 
41150 
38920 
45630 
41820 
41920 
92450 
71070 
55160 
43510 
42740 
40740 
38800 
37640 
39520 
39980 
38950 
38100 
36480 
37240 
40110 
39930 
39270 
38320 
37970 
41390 
37630 
39510 
38350 
37460 
41100 
42670 
43500 
40210 
37070 
40270 
41080 
69070 
54250 
53420 
53110 
53830 
51940 
53310 
53580 
52550 
54070 
53840 
53630 
52690 
54030 
57660 
53570 
56510 
61600 
54980 
52690 
55770 
56430 
50990 
53170 
52310 
52860 
60660 
45150 
39890 
37380 
40690 
42650 
43310 
40350 
38730 
43870 
41330 
89010 
79910 
59910 
58610 
43450 
40720 
49460 
41550 
38570 
42130 
39340 
39230 
41030 
37870 
40070 
40140 
38910 
39860 
37450 
40520 
41540 
40260 
39830 
37990 
40490 
41200 
40230 
39990 
41400 
43390 
39070 
40800 
67720 
56300 
55060 
53150 
55670 
55270 
51960 
54450 
55320 
58800 
54180 
51550 
53840 
53820 
54670 
57410 
53770 
54780 
54210 
55770 
58350 
54470 
53540 
52280 
53250 
54450 
63970 
41680 
39310 
41170 
43420 
44000 
41580 
37610 
47370 
41560 
39670 
91430 
76790 
59150 
47340 
42910 
41840 
38090 
40300 
39580 
41760 
38950 
40930 
40620 
40240 
39870 
39430 
36380 
38350 
39220 
39610 
36930 
37290 
37780 
40240 
39500 
39260 
39940 
39600 
39440 
39660 
40390 
60990 
53310 
56320 
55550 
54470 
52190 
54500 
55310 
54690 
58100 
53610 
51840 
52230 
54800 
56170 
52010 
53810 
51820 
54810 
58350 
55690 
55980 
55200 
55980 
54490 
55110 
57370 
48980 
42280 
40530 
41000 
40080 
41060 
39450 
40870 
44590 
40240 
64250 
91100 
65440 
57080 
42180 
38940 
36810 
39680 
38240 
38940 
37430 
36830 
38100 
40500 
37600 
37870 
38530 
40150 
37340 
37450 
36710 
37480 
44730 
47780 
45460 
40890 
41730 
41750 
41270 
40990 
38390 
38940 
68960 
55570 
55390 
57930 
52380 
52980 
55060 
54220 
58090 
52780 
56100 
54030 
53520 
54780 
51360 
53030 
55160 
53460 
55490 
54010 
57160 
52440 
54060 
54980 
52090 
54180 
60740 
45510 
40730 
39350 
39990 
38280 
41570 
41910 
45270 
41090 
39440 
91570 
75130 
59260 
43540 
40350 
40790 
39480 
39420 
38210 
40300 
37970 
39780 
40030 
38040 
41400 
40830 
39890 
39880 
38960 
39050 
37620 
40160 
38980 
38040 
38420 
38650 
43400 
42780 
40130 
39720 
38430 
52610 
53510 
57610 
54280 
51880 
53790 
52010 
56710 
52760 
55450 
53160 
55300 
54520 
54960 
53170 
55670 
56930 
56040 
53940 
52420 
52950 
54310 
57470 
53460 
51060 
53040 
55390 
55050 
45810 
40020 
41040 
39520 
41500 
40810 
40800 
47040 
40930 
43010 
90420 
61430 
55850 
41640 
41800 
42580 
39510 
37690 
37970 
39550 
39060 
43960 
39910 
36590 
41090 
38510 
37600 
37260 
38680 
37850 
38120 
40620 
39040 
38320 
38980 
40740 
41760 
39760 
38590 
39420 
41500 
69350 
56130 
53810 
52530 
55950 
54580 
54370 
53780 
56050 
53450 
53010 
55080 
54560 
53790 
56210 
57180 
59420 
53520 
52740 
52030 
55270 
55200 
54710 
53880 
51650 
53710 
60900 
43130 
38360 
35950 
41870 
41340 
40260 
42300 
44290 
41990 
38720 
85880 
77040 
56830 
44490 
41320 
40880 
37640 
39980 
36860 
39010 
37760 
39230 
37020 
40790 
40640 
40200 
38690 
36550 
36680 
38810 
50820 
41000 
39440 
39340 
41850 
40320 
42480 
38400 
39840 
42990 
42900 
49600 
59640 
51870 
54150 
53300 
54620 
54420 
56390 
52970 
56500 
54340 
52580 
53270 
55340 
55010 
54680 
57400 
51700 
54350 
52450 
51250 
55920 
56870 
53160 
53000 
53350 
57370 
56560 
41210 
37330 
40370 
40540 
39220 
39610 
42100 
44990 
43530 
40490 
88930 
66200 
58660 
44390 
40980 
37850 
37290 
39700 
40070 
42770 
41780 
39030 
36050 
40940 
39520 
38080 
36660 
39050 
41190 
38620 
39320 
36100 
37190 
39080 
40180 
40270 
40200 
38750 
45120 
41710 
40010 
69320 
53000 
54590 
53050 
54980 
52790 
55680 
53400 
57120 
55700 
57740 
54390 
51680 
55170 
57230 
54160 
51660 
54620 
53900 
54990 
54550 
54840 
57750 
55230 
54440 
52680 
58940 
42430 
39860 
37950 
42220 
39060 
39560 
38000 
45440 
45850 
54540 
89860 
75390 
62240 
50680 
39230 
37440 
36760 
39750 
37180 
37680 
38580 
39790 
39770 
39350 
38420 
38000 
37500 
40460 
37890 
38230 
37710 
37060 
38890 
39630 
41320 
40030 
39630 
40190 
39680 
40090 
39040 
42990 
65900 
54070 
52880 
55120 
51730 
52430 
54500 
54710 
56630 
55790 
52510 
55370 
54060 
55600 
52930 
53870 
53190 
54140 
56060 
54730 
53570 
55240 
54910 
53980 
54180 
52060 
58150 
41990 
38860 
43470 
39230 
38110 
40280 
42360 
43540 
40280 
39050 
92440 
65670 
58250 
43530 
38110 
36530 
40000 
38710 
38620 
38620 
39140 
39700 
39530 
38550 
38920 
36790 
39570 
40520 
37530 
37650 
35770 
40260 
39790 
39570 
39200 
39160 
42360 
39400 
40010 
38120 
37610 
68940 
56100 
57560 
57390 
52850 
54250 
54860 
56090 
52710 
53040 
54180 
56040 
54770 
54220 
52360 
54250 
53380 
53570 
55040 
50730 
53540 
57000 
56480 
55940 
55220 
53810 
60650 
44350 
39260 
38110 
38800 
40710 
42200 
40110 
43890 
41230 
40580 
94000 
80800 
57770 
58050 
43390 
41710 
42480 
39140 
38190 
37480 
39720 
38070 
39380 
38900 
37040 
38220 
44040 
39790 
38330 
37250 
37340 
40720 
39560 
39350 
37780 
40750 
42050 
41290 
42060 
42080 
37870 
40800 
69780 
55120 
51470 
55300 
55590 
52590 
55120 
55080 
53930 
56990 
55540 
55580 
52080 
50130 
56660 
53970 
55900 
54000 
55150 
53410 
53830 
54330 
55860 
53900 
53480 
55010 
58650 
41740 
36420 
39220 
41280 
40080 
40630 
40610 
42500 
43710 
42230 
85270 
69120 
61190 
41210 
41190 
38950 
39310 
37170 
36560 
38750 
37870 
39190 
37450 
38350 
40660 
37620 
37090 
36630 
37890 
39690 
38470 
40710 
40100 
40760 
41450 
41630 
42300 
39010 
38130 
38740 
40890 
71260 
55360 
53210 
55940 
57810 
55000 
56360 
54030 
52840 
52490 
52570 
54440 
51870 
52750 
54480 
54770 
56600 
51570 
56690 
52500 
55020 
56190 
56700 
55870 
52120 
52730 
63260 
42720 
38710 
38000 
40950 
43590 
40200 
37730 
42800 
41080 
43260 
88950 
75420 
60050 
54020 
43840 
41330 
39330 
41540 
38330 
41580 
38370 
39740 
36840 
37060 
38290 
39560 
38730 
38590 
37000 
44500 
39510 
38450 
36690 
36910 
39690 
40380 
41030 
39060 
38580 
44310 
38790 
41840 
70730 
53100 
55780 
55160 
56460 
52570 
51370 
53420 
54680 
55030 
55370 
50720 
51910 
54500 
55480 
53620 
51920 
53470 
54820 
53250 
53790 
51810 
51930 
56080 
54440 
55630 
60610 
42240 
37030 
38690 
38920 
38670 
39290 
41160 
42430 
46330 
43360 
85400 
67570 
66710 
45140 
39220 
37740 
38880 
39500 
39000 
38930 
39370 
38840 
54170 
40170 
41860 
38560 
38450 
37620 
37980 
38740 
39170 
37240 
36860 
38280 
41690 
38990 
39600 
38300 
41510 
39270 
39770 
67240 
52660 
54040 
52640 
53630 
51000 
56010 
55700 
52550 
56620 
52590 
55040 
52900 
54480 
57010 
53730 
52360 
50760 
56040 
55680 
55420 
50250 
52930 
55630 
53860 
54090 
59910 
40940 
40990 
39240 
38330 
37560 
41290 
40470 
45180 
42470 
40770 
88530 
77010 
62400 
56750 
41000 
37830 
38450 
39850 
38700 
38440 
40680 
38940 
39280 
37900 
38940 
36450 
37420 
41740 
39620 
38140 
36030 
38220 
49500 
41220 
41580 
39340 
37960 
39880 
41980 
40710 
42260 
39440 
69370 
54430 
53690 
53810 
53160 
57170 
55510 
54850 
53630 
51650 
54850 
57730 
52610 
55930 
56930 
53710 
52020 
53870 
54990 
53700 
53810 
55090 
53350 
55640 
53020 
53530 
61570 
43970 
40590 
39980 
39820 
39510 
40210 
41850 
43960 
41920 
42520 
88040 
74440 
58130 
46860 
39480 
43320 
39960 
37520 
37970 
38710 
37240 
40390 
39240 
39420 
39060 
37600 
39520 
39680 
38980 
37270 
36390 
42070 
39420 
38110 
39190 
37840 
42290 
44590 
40250 
37880 
37840 
68040 
53830 
55380 
52230 
56910 
53890 
52990 
56440 
53000 
55920 
55570 
53480 
55520 
52930 
52750 
57430 
56400 
56290 
55340 
53290 
58250 
54870 
54200 
54290 
52990 
53310 
60490 
44450 
39030 
39650 
42690 
42800 
46680 
41270 
39190 
42060 
37770 
89980 
77590 
65410 
56340 
41270 
46010 
40140 
39000 
38860 
36000 
38990 
38210 
36270 
40450 
40310 
39790 
39620 
40450 
37470 
41050 
37760 
40040 
45510 
38770 
41520 
40610 
41170 
45550 
41260 
39660 
42350 
40850 
72310 
56720 
53960 
58030 
55670 
58200 
55080 
52840 
54410 
59010 
56250 
57550 
53370 
52680 
56260 
56250 
56470 
49920 
52350 
50250 
59330 
55880 
58040 
56960 
54090 
56050 
61540 
42170 
40340 
37620 
40340 
40170 
39260 
38780 
42770 
43520 
40790 
84060 
76810 
58500 
45730 
42970 
41940 
38510 
37450 
36290 
41890 
39390 
37420 
47430 
44000 
41250 
38440 
51110 
41760 
36250 
41230 
40000 
38740 
36930 
36670 
43840 
42690 
41050 
40030 
37930 
37890 
39280 
65700 
54460 
50410 
53160 
57200 
56110 
54500 
54940 
54080 
54990 
55160 
55120 
55330 
55020 
55500 
55050 
53550 
51340 
55020 
53150 
53290 
55870 
53470 
51210 
54860 
54510 
63070 
44690 
40790 
37440 
41620 
42080 
39590 
39380 
38630 
44950 
41750 
71850 
81650 
64030 
58570 
44630 
39430 
40740 
38080 
40940 
38730 
41090 
39020 
37400 
37180 
39900 
39930 
38190 
37760 
38090 
39980 
38610 
38600 
38690 
37980 
42210 
42350 
39150 
40680 
38900 
41310 
41260 
42220 
69670 
52170 
54310 
52790 
53980 
51480 
53470 
53280 
55650 
55530 
51840 
51070 
56100 
56450 
56150 
54720 
52780 
52930 
52940 
55010 
53290 
53400 
55000 
54460 
57070 
60880 
61800 
43080 
40860 
38410 
40030 
39150 
39760 
37150 
49940 
43630 
42750 
87170 
71200 
60990 
46680 
40970 
37460 
37520 
42960 
38110 
38340 
37070 
37760 
38140 
40270 
37740 
37730 
37270 
40480 
37900 
38870 
38530 
37350 
45310 
42340 
42240 
40920 
41500 
40690 
40390 
40960 
40780 
52660 
54750 
53180 
55680 
54060 
55320 
53950 
54500 
53350 
54380 
52010 
52740 
53210 
50750 
55400 
53820 
54380 
54500 
53670 
55280 
52730 
55160 
52960 
54590 
53020 
57700 
54530 
55850 
42670 
40430 
40170 
40060 
38800 
38250 
40540 
43780 
41600 
45680 
92260 
61800 
57930 
46130 
38560 
38860 
40170 
38490 
37360 
37630 
36840 
39740 
39460 
38660 
37950 
37560 
39730 
39140 
41000 
42670 
38070 
39910 
38580 
41710 
41370 
38670 
42580 
40390 
41530 
37520 
39700 
71150 
55850 
55410 
54000 
52690 
57250 
54330 
54310 
52950 
52420 
54140 
55340 
55230 
57330 
53370 
53980 
55370 
55390 
56310 
52200 
53020 
53410 
52430 
55860 
51860 
53440 
59900 
42890 
39680 
39340 
40380 
41730 
43260 
38780 
44290 
40950 
38740 
84860 
79670 
61740 
44840 
38310 
40450 
39990 
38640 
38460 
37430 
39970 
37950 
39590 
37350 
36270 
35350 
40800 
39840 
38280 
37090 
41980 
42510 
38880 
42040 
39340 
39240 
43970 
41480 
41360 
39000 
39900 
47530 
61620 
57220 
54460 
51480 
54520 
52310 
55550 
52870 
56470 
54250 
55850 
57400 
56640 
54090 
55180 
55200 
55030 
53510 
53140 
56760 
58350 
55570 
54970 
51290 
54090 
53390 
57430 
40530 
37320 
39710 
43290 
40380 
39790 
39940 
42500 
40410 
41620 
83280 
67780 
56040 
41680 
42220 
39490 
38920 
38220 
37700 
39700 
40370 
37820 
39700 
38530 
40570 
39570 
39150 
38970 
37050 
40410 
38020 
39270 
37230 
39000 
39240 
40410 
42880 
40320 
38570 
38340 
40290 
70480 
55330 
56630 
54150 
55500 
55010 
55640 
55530 
54040 
54740 
53470 
54030 
52230 
53240 
53750 
52740 
56610 
53810 
55190 
51920 
56190 
60430 
54100 
53760 
52770 
55680 
60060 
42820 
40180 
39180 
39610 
41100 
38480 
37010 
40810 
44780 
40480 
94530 
77190 
57070 
50310 
40690 
40340 
39170 
38840 
40040 
40030 
40390 
38490 
39160 
37980 
43560 
38610 
40850 
37410 
39960 
41370 
39610 
38930 
36710 
37460 
42830 
40320 
41500 
39790 
40190 
41620 
39130 
39450 
68600 
50910 
60590 
55150 
55380 
52510 
53670 
53650 
55510 
54780 
55370 
51920 
54730 
55150 
55180 
54940 
52110 
53370 
54760 
56050 
54940 
53840 
52760 
54170 
56200 
55650 
59910 
41500 
35890 
40870 
42080 
39700 
39530 
40850 
44960 
43030 
39080 
81790 
73830 
58590 
46130 
38980 
37970 
38450 
39410 
37850 
38740 
39440 
37670 
43390 
38060 
38350 
37510 
43170 
40130 
40680 
40420 
40620 
37180 
39520 
40510 
40650 
40300 
42070 
39060 
42350 
39940 
39460 
69980 
54860 
54440 
57690 
55170 
52860 
54030 
54140 
52720 
55070 
53350 
53330 
52480 
56290 
57930 
54200 
54220 
53070 
55230 
54310 
60060 
55810 
52000 
52560 
55970 
53240 
59420 
41260 
40710 
39900 
40000 
40260 
41550 
40570 
45890 
42380 
38930 
95790 
77800 
62830 
53330 
39440 
41170 
38210 
42910 
38910 
39100 
37290 
38590 
43750 
39880 
38390 
39520 
37970 
39910 
40010 
37570 
39180 
38570 
40000 
38050 
40610 
40040 
41000 
39520 
42650 
40160 
42520 
37330 
71600 
54380 
54970 
55540 
52470 
54150 
54420 
54660 
53530 
52280 
54250 
56420 
55160 
56300 
53490 
54000 
53840 
57600 
56780 
55610 
53770 
53590 
53030 
57510 
52860 
57500 
60350 
44030 
39580 
40120 
39480 
39000 
40980 
40900 
43270 
40310 
40170 
91070 
73940 
57790 
42830 
37990 
39120 
40010 
47400 
43870 
41440 
38600 
42150 
41930 
39970 
36980 
39810 
40380 
40430 
38990 
37950 
37390 
40580 
39940 
39350 
40760 
38980 
43190 
42070 
39290 
39180 
36700 
64500 
53410 
57110 
52950 
52440 
55250 
55600 
55020 
54470 
54800 
53490 
55130 
54980 
54350 
55170 
54580 
54520 
56570 
56960 
57030 
55830 
55320 
57180 
53860 
51900 
53920 
58770 
46860 
40570 
39350 
39980 
41380 
41740 
39810 
43350 
42280 
41180 
92370 
76870 
63350 
54610 
43360 
39700 
38840 
38440 
39800 
38650 
40900 
38710 
39060 
42550 
40180 
40220 
46170 
42660 
38840 
39980 
37420 
42010 
38570 
39270 
38210 
39320 
39530 
41410 
39310 
39840 
38600 
41010 
69490 
