80930 
66810 
68760 
74590 
70600 
76520 
52220 
49360 
52750 
56060 
53820 
49570 
52420 
59190 
55350 
86490 
105770 
77030 
67180 
53580 
52750 
1875910 
96660 
51630 
26220 
24870 
25690 
25400 
25430 
25140 
25370 
25470 
25940 
48490 
48050 
46050 
45530 
50160 
46030 
49190 
51080 
49320 
54020 
51970 
49900 
49300 
46800 
58710 
70380 
66150 
63330 
89440 
63840 
62430 
64590 
63310 
64380 
1102750 
62310 
31800 
36430 
34030 
35800 
35530 
33800 
34140 
34160 
34780 
136040 
67150 
65790 
63340 
62650 
65440 
69560 
54400 
46600 
47130 
47160 
51160 
48850 
47070 
54740 
49530 
47620 
92890 
83750 
93590 
56060 
50270 
51410 
50440 
51160 
1082330 
26070 
26060 
26710 
25230 
26020 
24950 
26650 
25240 
24890 
47050 
46300 
49490 
46760 
45940 
45150 
48320 
50320 
48290 
50980 
48100 
49120 
51560 
48080 
80600 
61520 
63930 
65770 
61760 
63990 
83520 
61780 
62510 
61750 
63830 
62350 
60580 
35030 
35020 
34260 
34020 
32310 
34790 
34400 
35020 
34600 
63510 
62860 
63250 
67110 
71500 
52840 
48260 
48550 
63950 
59300 
52030 
46270 
50970 
50340 
49900 
87080 
86600 
72370 
63680 
50580 
71390 
49170 
46010 
46560 
46350 
48230 
1078020 
48880 
47700 
48010 
48950 
46560 
47020 
45800 
45310 
45940 
45570 
43640 
44470 
46640 
49100 
48860 
51080 
48550 
47990 
47280 
49020 
76930 
63430 
62210 
62580 
63090 
62730 
66950 
63620 
91640 
65830 
62880 
62550 
63910 
66500 
1102510 
62920 
61490 
63540 
63620 
65340 
61470 
64880 
60100 
59720 
61160 
61570 
60730 
63010 
49680 
46780 
51790 
48810 
48150 
46250 
48750 
53200 
52470 
47570 
87300 
75070 
63660 
55330 
47750 
46400 
72570 
48790 
48590 
47520 
47430 
47920 
1073800 
46390 
46140 
45590 
50050 
48360 
51750 
45890 
43580 
46760 
44670 
46060 
47630 
46640 
63070 
56600 
53830 
49250 
46840 
56950 
65850 
61740 
61060 
60950 
63700 
62150 
61390 
64870 
64240 
63590 
91250 
63170 
64390 
63560 
67420 
64690 
65250 
1145340 
69420 
66210 
65410 
65680 
1106030 
1096150 
59780 
63730 
66280 
51910 
43740 
46240 
48930 
50470 
48020 
48660 
53300 
50200 
51510 
90760 
81530 
69560 
55710 
49990 
51120 
52590 
46620 
47860 
47120 
71900 
49070 
47110 
47380 
48490 
46520 
1145930 
50220 
48060 
47260 
48220 
1080550 
45450 
43990 
50360 
48400 
46060 
49760 
48380 
48900 
48540 
45950 
75310 
64720 
60770 
65100 
61850 
67700 
63080 
61410 
63000 
61990 
65530 
62460 
59140 
63540 
60920 
65980 
67450 
66190 
62710 
62820 
1094540 
1136770 
65790 
67250 
64270 
62700 
70360 
51280 
45260 
45310 
49860 
50640 
49520 
46870 
51480 
50080 
51390 
85750 
80610 
70330 
65850 
52360 
49950 
46980 
48280 
47680 
47170 
48560 
49450 
48210 
68680 
47790 
47190 
48070 
48110 
47970 
1075080 
47780 
47180 
46340 
47360 
47290 
48910 
47640 
47070 
47920 
46350 
46800 
49140 
74720 
64850 
62450 
62610 
67600 
66120 
62410 
61800 
61960 
67080 
61600 
60810 
63420 
62610 
65220 
61860 
61960 
62970 
86640 
67850 
64810 
63050 
62730 
63550 
1096200 
65310 
64610 
64410 
49790 
46580 
48950 
47340 
46240 
44830 
48460 
53120 
47920 
46280 
87640 
74400 
66560 
51830 
47170 
48570 
47920 
48320 
48380 
46460 
45260 
48130 
48630 
49500 
49220 
70070 
48780 
48560 
50200 
45670 
46320 
1082130 
47140 
48960 
47630 
47580 
48810 
48730 
47750 
46760 
47250 
57750 
67470 
65820 
59740 
61670 
66270 
63680 
118170 
63610 
63480 
62390 
62290 
61990 
64040 
61740 
62570 
62770 
65580 
63720 
65550 
86700 
63810 
67100 
66610 
61960 
64900 
1103550 
1175710 
52900 
44650 
49280 
49390 
47290 
47800 
48920 
55040 
51440 
51330 
86550 
81630 
66120 
55550 
49850 
61270 
51960 
48920 
46640 
47020 
48310 
49080 
47940 
46650 
49220 
48830 
49750 
50110 
72700 
48870 
46750 
25120 
50530 
47460 
48550 
49450 
48480 
49620 
49570 
46670 
52960 
50260 
78240 
63150 
62210 
68010 
1673570 
66360 
60770 
62130 
62760 
64290 
84550 
35910 
34900 
34960 
35900 
35710 
37950 
34790 
35880 
35880 
33640 
65850 
64980 
65550 
90920 
69580 
72830 
49830 
46120 
47130 
1086410 
49210 
47070 
45340 
50920 
49070 
53030 
88180 
85470 
74490 
66380 
52170 
48710 
48040 
47720 
48880 
25800 
25220 
26600 
24730 
25540 
25180 
27300 
25980 
24710 
24690 
47890 
48850 
48500 
46060 
48510 
70710 
51830 
49280 
48350 
52910 
51570 
1078490 
47940 
74710 
61250 
60750 
60230 
64340 
62200 
63470 
62000 
61590 
64580 
62200 
60620 
64590 
133500 
36150 
33520 
34280 
34860 
33920 
36420 
34360 
36310 
34360 
65840 
64890 
66270 
64650 
61480 
74630 
48050 
49520 
49280 
49160 
48130 
1081340 
48990 
48780 
48740 
86390 
70890 
69010 
51750 
46260 
50540 
47950 
49370 
47270 
45950 
60310 
24850 
23670 
26860 
25270 
24560 
25680 
25230 
26850 
50990 
47530 
47660 
46910 
49270 
49290 
49110 
78290 
50740 
50850 
50270 
50900 
64850 
1106330 
1281190 
62590 
60950 
62600 
62770 
62590 
64140 
62280 
63340 
62400 
63860 
62350 
79920 
36330 
36340 
34880 
35440 
34310 
34530 
33840 
34780 
35790 
32490 
65680 
62450 
72750 
56320 
50390 
50270 
47930 
73310 
49880 
50930 
53870 
49910 
49340 
1125400 
1389210 
66370 
53170 
26180 
25500 
26220 
25730 
25980 
24810 
26370 
64960 
51070 
46760 
47000 
47560 
50360 
49050 
47260 
46590 
46840 
45910 
49250 
46250 
49790 
50700 
53010 
52520 
49110 
73310 
53310 
48220 
77240 
64880 
63270 
1105250 
63250 
65180 
32700 
34630 
35710 
35020 
36020 
33700 
34940 
35350 
35060 
602970 
65120 
65330 
62690 
64330 
64740 
67060 
63640 
60650 
64960 
64370 
71260 
48540 
47160 
47490 
50850 
51830 
49310 
69360 
53050 
51820 
51450 
84300 
82250 
1110130 
66460 
28890 
27040 
25050 
25960 
27720 
26310 
25720 
25510 
53410 
49890 
46290 
47570 
46060 
45010 
48280 
63850 
58840 
49770 
47980 
46520 
49050 
51760 
49340 
49590 
49200 
47840 
46700 
56240 
102780 
64870 
2018640 
63700 
68160 
62290 
66740 
36110 
35270 
36130 
35510 
36220 
34480 
35030 
36740 
35860 
34430 
65060 
65330 
66540 
67490 
69310 
65490 
67790 
64600 
64630 
68660 
66310 
48650 
47340 
49580 
51690 
54030 
48800 
50270 
53370 
74150 
52390 
89260 
75920 
69050 
52660 
51080 
27890 
25990 
26530 
25500 
25400 
26610 
25170 
25290 
51430 
46680 
50280 
49160 
46390 
48830 
46390 
46580 
52940 
48510 
49680 
49410 
49380 
52440 
51350 
53290 
50140 
50420 
67910 
66970 
67000 
85790 
68140 
64860 
65970 
66390 
65210 
62750 
36710 
37910 
35450 
33740 
34260 
34790 
34170 
34500 
34670 
67980 
64620 
66090 
65930 
66660 
64950 
64440 
64980 
71880 
52910 
47120 
47280 
49560 
52060 
51290 
51270 
56580 
53950 
51050 
98960 
82610 
87750 
56150 
50320 
50590 
53110 
47350 
48270 
24490 
24830 
24710 
24510 
23530 
24480 
24620 
26120 
47770 
44830 
48230 
49840 
47850 
49950 
45740 
48640 
51340 
50820 
54520 
51240 
54140 
53110 
52020 
81950 
69300 
66360 
66340 
64590 
66280 
85620 
65390 
63260 
62830 
65210 
62140 
1096740 
35650 
37070 
36270 
35900 
33930 
35640 
33880 
34220 
32830 
1115920 
62080 
63740 
64240 
72630 
52070 
48040 
48490 
48940 
51400 
49000 
48060 
55030 
51730 
52500 
93200 
87490 
70360 
64740 
53790 
66010 
52450 
67560 
49380 
47560 
47710 
1081840 
25220 
25980 
31080 
29990 
26250 
25310 
25530 
25040 
26340 
49240 
47150 
47020 
47790 
51150 
51330 
53520 
50020 
50500 
50410 
51630 
77400 
67370 
66220 
63410 
67420 
65520 
68140 
65790 
85750 
67740 
65300 
66260 
64730 
63060 
1096630 
62130 
33420 
35290 
37020 
37170 
34240 
36510 
35660 
36600 
34530 
35070 
638500 
63560 
51430 
48960 
51210 
52680 
50910 
47570 
51010 
53640 
50980 
47280 
90590 
78200 
67160 
52290 
48570 
48050 
66660 
48380 
46990 
46830 
47240 
48940 
1076100 
50180 
59990 
24310 
25340 
25100 
25670 
23530 
24750 
24760 
25370 
49250 
47610 
49970 
53370 
51090 
51920 
49920 
47960 
63100 
65340 
64070 
60920 
62180 
62260 
62890 
66150 
63650 
64170 
64680 
91380 
63980 
63380 
64740 
65100 
62850 
1094290 
35010 
33560 
34320 
34440 
33650 
35480 
33060 
33130 
34780 
35640 
57840 
47550 
48020 
70770 
51490 
56940 
51920 
55180 
1092480 
47180 
85310 
78150 
70350 
52640 
50990 
45440 
48090 
46360 
43920 
45680 
45410 
47630 
45660 
44740 
50150 
46360 
25100 
24830 
24660 
26270 
24840 
25380 
25420 
24310 
51030 
50880 
47720 
52380 
48310 
49040 
47640 
47930 
81980 
64060 
60750 
65040 
61450 
63590 
63510 
63930 
63620 
62640 
65370 
62240 
63490 
61320 
95160 
62280 
63580 
63710 
64200 
63460 
1098420 
64970 
92110 
65930 
63960 
66880 
71220 
51620 
1086540 
46180 
47400 
48270 
46660 
43680 
51310 
47950 
48860 
84690 
81320 
73310 
63560 
54560 
51770 
47000 
48630 
51740 
47890 
50780 
47600 
46420 
45830 
67530 
50530 
46620 
47090 
48410 
48010 
48520 
73460 
48990 
48340 
47300 
51590 
47780 
1087420 
47130 
48760 
48440 
49320 
77200 
64060 
61850 
62270 
63740 
64220 
60530 
62790 
60780 
64050 
61720 
65740 
64730 
61660 
63920 
60130 
61450 
60640 
91710 
85570 
62670 
61920 
71070 
72520 
1090610 
63270 
63230 
65340 
49980 
47630 
49460 
46270 
44900 
46090 
48390 
50060 
48340 
46900 
87080 
76470 
67780 
53800 
46100 
47380 
46740 
48650 
48300 
46290 
47290 
49920 
48470 
49150 
47690 
47170 
72120 
49150 
47850 
45990 
48300 
49080 
1074380 
47420 
54830 
51610 
52950 
49970 
1082640 
44150 
45750 
58260 
65970 
62480 
62900 
61670 
63830 
66600 
63580 
63260 
61210 
64120 
61000 
63810 
65550 
61890 
63130 
62900 
61210 
62620 
62340 
65410 
64840 
88000 
64960 
64660 
64450 
63340 
69930 
1146930 
49820 
52740 
49360 
52060 
1080950 
45730 
51460 
48030 
46920 
85300 
79720 
68920 
53070 
52270 
48290 
47780 
46980 
46150 
47920 
45550 
47860 
49870 
46640 
48080 
47990 
48990 
49670 
45890 
47970 
48630 
48960 
50370 
45570 
47480 
47250 
1077930 
50950 
49680 
50440 
49050 
45730 
76380 
61510 
60560 
61540 
61140 
63150 
58960 
62790 
59960 
60250 
65590 
65030 
75040 
67100 
63290 
62770 
63530 
61870 
61670 
63640 
65220 
61650 
63060 
63700 
93100 
65390 
72030 
51470 
47030 
47360 
1083480 
51680 
48430 
49130 
53720 
50540 
50030 
88640 
81320 
74240 
65030 
51710 
48490 
46020 
45340 
46160 
46240 
47960 
48280 
44480 
49960 
47520 
48990 
46390 
44490 
49050 
45400 
48580 
47140 
46940 
66170 
49970 
53150 
50520 
51600 
50080 
50250 
48700 
49100 
81980 
62630 
63480 
60640 
64190 
60570 
62230 
61710 
60550 
63080 
59500 
61910 
61870 
63860 
63520 
58430 
61120 
96040 
62690 
63640 
63000 
63010 
62820 
1122210 
33320 
34970 
33860 
62870 
48710 
46500 
49360 
50320 
48590 
48170 
50680 
50950 
47100 
46210 
87460 
72580 
64270 
50880 
48670 
47430 
46890 
49470 
47370 
46680 
47430 
47740 
49690 
49120 
46360 
68630 
47910 
46450 
48470 
47380 
45380 
1080900 
23120 
24830 
48100 
47320 
51430 
50880 
52010 
50350 
50630 
61800 
80870 
73680 
61320 
61740 
60680 
63230 
113610 
61580 
60810 
62600 
60150 
64030 
62660 
61550 
59820 
62680 
60100 
61970 
61220 
83590 
63880 
63930 
62660 
62390 
60860 
64410 
1134000 
27150 
48610 
49050 
49180 
51450 
47810 
49960 
52420 
48300 
47040 
87870 
79350 
68450 
53630 
50340 
47050 
46040 
46870 
44520 
46400 
43890 
48190 
47520 
48480 
47580 
45910 
48360 
47540 
69580 
47100 
47120 
46410 
46460 
46030 
47880 
49580 
48450 
50570 
49200 
48840 
48420 
47950 
83100 
62470 
60530 
59310 
61430 
62580 
59870 
58880 
65520 
61500 
62760 
62860 
62180 
63250 
62800 
62610 
62610 
61070 
61780 
62640 
61720 
61690 
85350 
62360 
65840 
63830 
70050 
50350 
1084030 
49370 
51440 
51110 
48510 
47570 
53050 
51870 
50310 
97400 
82500 
69840 
63720 
50690 
49940 
46530 
46930 
47410 
45370 
46320 
49460 
45920 
48190 
47040 
48900 
46350 
45830 
45600 
44370 
52850 
71330 
48670 
49090 
47260 
52060 
48630 
1084330 
53300 
78370 
50700 
48870 
80800 
67510 
1109040 
58800 
62210 
59780 
61580 
62880 
64640 
61480 
61100 
64790 
64590 
63900 
63920 
61630 
62680 
62140 
67140 
63690 
61980 
65560 
62310 
63070 
61980 
64000 
92610 
56550 
51190 
46740 
49560 
50140 
1082090 
50760 
50170 
54960 
51240 
48810 
91900 
73560 
64380 
52320 
44630 
48590 
46990 
46960 
45040 
46870 
47160 
46020 
46010 
48220 
46820 
46960 
47110 
46510 
49140 
46060 
47020 
45840 
47880 
48090 
49580 
70750 
53900 
49630 
50400 
46940 
48070 
1108930 
64380 
65460 
65020 
63890 
61310 
62730 
62020 
60240 
58940 
60360 
60360 
60970 
62350 
62790 
63380 
64370 
63360 
64630 
60190 
64030 
63780 
63640 
65200 
62460 
61720 
64860 
69460 
51310 
66840 
48980 
112370 
52850 
49900 
49430 
1084690 
50660 
52120 
96290 
85680 
70610 
52470 
51860 
46920 
47100 
45280 
46800 
46690 
46920 
51480 
46380 
46450 
46920 
45960 
46300 
46670 
44510 
46990 
46760 
48200 
47290 
45190 
47810 
48380 
48980 
71620 
52160 
51330 
51630 
48520 
79160 
67130 
1147760 
67540 
1108260 
65870 
60720 
61350 
59800 
61230 
60910 
59980 
61620 
62930 
60630 
60680 
62110 
62220 
62400 
63160 
65220 
62450 
65800 
63540 
62120 
62310 
70770 
47470 
48680 
48390 
57890 
77410 
51620 
49000 
54960 
51120 
52320 
91220 
1127830 
73230 
61650 
52440 
49060 
44800 
47410 
48270 
44990 
47740 
47750 
47840 
50640 
49950 
51430 
45940 
46040 
53420 
48760 
50520 
45800 
47160 
48560 
50520 
51250 
47820 
48610 
50660 
52220 
73300 
50790 
79930 
67690 
67900 
66380 
66500 
1179450 
1107720 
60260 
66710 
64230 
60650 
59930 
61980 
63790 
63840 
60770 
61030 
61120 
61590 
67220 
62500 
61490 
64250 
64500 
63160 
63040 
67040 
61240 
51140 
50110 
50840 
50620 
49990 
49970 
70070 
54860 
50620 
54890 
92590 
75400 
1099700 
57790 
48530 
48910 
48650 
48210 
45850 
44250 
46800 
47220 
47890 
47490 
45200 
49830 
51490 
49170 
50550 
46310 
46260 
46580 
47200 
49180 
49550 
49780 
50370 
50710 
51790 
49940 
49330 
70750 
91700 
69530 
64380 
64080 
63210 
65240 
1090200 
62980 
61640 
62840 
65200 
62460 
63170 
68230 
61790 
63360 
62450 
64830 
62290 
65080 
62530 
62550 
63210 
60750 
63240 
62010 
71930 
53310 
46070 
48080 
48590 
51370 
47560 
51160 
52710 
51020 
76650 
87910 
53130 
32870 
47230 
1580950 
48450 
46670 
46400 
46960 
46900 
46420 
49200 
25110 
24790 
24650 
23890 
25710 
24730 
24420 
25640 
25740 
49190 
49510 
47860 
49720 
48730 
49660 
50450 
50060 
51030 
48470 
45850 
77100 
61620 
89590 
64450 
61300 
66090 
63000 
61580 
61690 
1658940 
69880 
