58021
33200
27650
29550
24990
22951
25060
24350
26101
24760
23490
24750
23500
25550
25100
24940
81981
81841
80271
81920
73690
76350
2175061
92111
130240
101931
97350
102851
102311
109830
102220
100320
107371
105621
108720
101061
100661
2146842
102930
103721
101120
101021
104761
104330
103440
107420
99120
104801
125980
83491
89400
79721
87940
83871
87870
111901
79250
79211
80760
154381
185571
106500
93880
86100
77030
78100
80631
73140
2116381
78581
78181
79320
74710
74500
76530
75471
80230
96160
75861
79020
78850
80650
73790
74881
81491
75590
84010
109381
82291
81490
79941
127750
99381
136400
102501
103351
102301
99410
96011
2148991
2148142
91560
127351
92810
104021
104051
103931
104001
95581
95491
103951
100050
102691
99351
92811
100141
2144092
131261
137901
76910
75291
78071
80780
79430
156881
79571
82911
86770
82000
147131
126131
112471
120771
101771
76181
76180
75501
76840
80600
77170
74741
75610
75571
81030
75631
74611
78161
77390
102460
81370
73311
75300
80101
79670
87031
82910
77820
79210
78531
82381
75530
2168162
99101
137440
102830
97031
100711
102000
99250
97960
102411
99350
101301
100131
103840
100950
97330
98741
99710
119051
104580
97771
94681
100380
96540
103001
247221
113371
81910
79061
81010
87790
81550
81880
80950
84530
92901
86500
168581
134811
121921
101801
86560
83760
78180
84431
88230
79150
74480
83810
92271
84871
80870
78660
84220
75990
82490
79021
77400
82381
77710
81410
82350
76261
83870
106080
84190
86591
83900
82611
130400
103031
113000
101810
101870
102860
107111
109731
97931
98560
101931
134471
104161
104190
101641
105971
110911
107940
106250
101440
107121
106121
98971
109320
101890
110470
104351
130091
93721
78920
79891
80870
87801
87961
78691
83371
85891
87000
153161
132881
2153302
2131911
82101
102640
81800
78320
84450
78670
84441
80480
78821
80810
84431
80590
82251
75710
77201
79021
80761
80860
98420
77511
84810
84890
84911
163251
79471
83210
84161
83861
123230
98660
104421
2163671
120411
135510
104561
100100
102961
105070
108470
97090
97940
108241
100610
106920
106231
103711
2145722
104610
139191
98030
101131
102031
107061
113311
115301
85840
80130
83130
89371
84981
2115522
78100
81040
83990
89661
150970
128130
113610
104930
86360
80461
79171
77691
83700
86231
83031
77170
78960
105520
84550
76050
79810
83141
81990
84060
234711
80510
78270
78341
81810
82340
78930
81140
109921
85680
85261
78761
118391
97180
101890
111580
96401
98871
105211
103261
103400
2150471
123091
135761
106711
109610
106581
99740
107890
108480
102060
108590
98081
96260
111651
2136981
105751
126511
100471
119890
86010
86170
80801
80521
82921
77690
83660
88770
83931
83321
2210562
165651
132731
87280
81681
84460
81681
83121
81811
88320
83320
81701
81331
81941
2120072
77120
79040
99230
76351
77380
77461
80520
78591
82440
80711
89201
82261
86130
82650
78571
79710
81651
123270
106590
102660
96010
101181
110420
111890
107360
102831
103711
104010
106540
100850
100171
106620
132250
107851
104261
103631
125001
103380
105130
104011
95371
101701
99170
112031
88081
77660
99260
77950
137071
91401
77521
83380
84280
80360
91541
141250
108071
104340
89291
261312
86021
79910
99540
80410
80971
83200
78701
78671
81811
76370
84540
78610
91131
84640
2124322
83560
76231
78460
80691
81991
83871
84760
82050
81400
84181
88341
105161
101071
94901
96931
100291
99890
122930
102850
94021
106580
103531
98910
93800
102800
100741
105001
93291
92930
96170
104540
105191
100401
97270
103410
105790
106221
104190
101741
76370
70610
72691
75531
71581
70670
77431
77111
78621
74981
178881
117061
160741
99810
74341
72650
72460
73490
73691
69790
72240
74901
72001
74621
72470
93690
74320
73670
72900
75150
72690
70961
69221
71790
75820
71681
67100
76430
74441
78881
71780
95921
127651
92401
97431
94521
93980
95790
94740
94661
93540
88041
92251
97791
2145191
93051
123761
104221
108020
102300
115990
102731
103000
100690
101871
107191
100100
94550
113351
77540
83200
78800
97440
83331
81321
238231
80620
84820
78990
80031
150501
119391
94260
82330
78901
75721
81400
95870
73740
76371
80991
81000
73891
73110
78911
76330
79750
80611
75640
75690
74910
78670
101961
78460
80180
81200
93331
84580
80301
81540
83641
96500
110681
96830
98300
2144931
96840
108770
96971
93631
100051
102530
107721
102830
98220
95780
101061
101751
98281
93101
103481
93211
2144932
97930
114681
95570
103091
99271
118411
82110
72040
76721
81270
82680
74690
74990
89061
80671
87001
190451
130201
100540
93490
85390
80980
74441
76691
77090
80330
79940
74090
77831
78961
75701
83621
74070
94810
83190
79731
79530
76551
77780
77610
77060
85910
80230
94340
76690
79150
80890
78870
120991
100271
107521
102600
100920
97250
97081
102201
100551
105421
172381
93680
97971
3147126
101361
120080
122630
104750
100921
111011
101561
99520
103191
100730
103891
104551
96801
85330
84970
77970
84760
75640
100730
98860
78971
87420
80321
81740
120900
112800
107931
86321
76510
78000
78561
86331
82231
72690
102370
78410
79481
79860
75040
77110
82250
83230
75541
73840
73441
78230
81041
83801
73571
73940
99970
84640
87371
228461
82351
76670
119210
109351
101210
93600
101840
103061
103421
103551
99581
2143351
100441
103861
94121
95361
94961
100460
98911
92691
90640
87170
93300
100231
93960
93840
90170
92990
106560
109631
91561
67740
73450
73510
75500
70441
76230
75000
75040
134291
116830
97121
2132491
74890
73790
74531
89631
69960
72270
70881
78190
69661
68071
68400
70740
72970
72700
67261
70071
72001
72270
101170
84801
76931
79481
72680
75100
74050
73460
77561
78340
120831
88000
90370
2158161
94091
97591
92341
90240
99920
91950
96961
92130
90931
89820
96980
94100
90971
91221
91250
90050
98411
116171
94710
92051
94201
94540
96810
86850
72581
72951
75571
75030
72080
2102821
73890
76611
78641
91190
149711
111171
95531
79040
74800
69910
69170
73860
73621
71971
68641
66781
74070
72360
252381
71920
70940
80110
70330
79921
71121
66170
70070
72810
77580
72971
70301
70521
73140
102480
73690
75900
105860
91430
96021
93271
87991
94450
94381
96641
98040
92770
93401
93621
118261
124191
96000
93701
97221
98341
101780
103611
99070
101120
95340
101881
97650
96750
2157121
83160
88660
82460
81221
80361
84861
82450
93281
88180
82760
157371
140731
99411
90510
75271
78941
77231
81080
93670
77250
86651
83451
81380
79660
74420
77190
78811
81040
80431
78730
77111
79340
99741
81300
75051
76790
78111
81390
80510
82460
75771
77951
117320
107361
97470
91331
100361
98771
103290
127130
93970
97620
100281
104871
98471
104770
95471
104480
107190
105640
96900
94151
99320
2141032
103501
96621
92830
125540
103860
102561
81961
76300
74890
76730
84880
78620
73800
83290
85240
78211
144961
2175842
283571
113870
93951
87021
77660
76040
77660
78941
87200
82881
76230
81101
80040
82391
76491
75471
79630
102870
82430
86321
82220
82501
85060
86361
88410
83331
87300
84401
84090
84740
121041
97411
104001
142561
125771
104021
100841
100200
104761
109701
105160
103670
105301
107111
110321
99991
97511
104461
2142961
104931
126190
101590
102680
103961
98920
105540
116781
83081
80281
76400
88020
80610
76891
77131
84881
85181
82090
183101
133941
108630
96861
83451
75411
76420
76790
79820
79741
80171
78321
77670
76080
80871
76681
73630
76391
75800
84130
73870
73681
74840
78111
83661
75791
77240
81131
85780
83250
80140
76811
167400
101521
104740
105411
100421
97771
104201
98921
104270
97470
99130
104111
102911
103691
95230
96131
130900
94331
103380
99890
100800
101331
102280
108880
99681
95870
101820
109031
85951
80841
76530
2278273
77680
76260
83570
80791
77191
82631
146891
129910
99490
80501
77131
78341
80510
77600
81000
113461
87750
88930
81050
79170
78260
79191
80561
78660
73230
77620
75321
77981
77591
75730
77740
105371
84351
84120
82830
77190
79461
79991
123031
101450
96380
99460
101241
101951
100010
100740
128330
102910
103791
105591
103521
103081
98721
100410
104930
95850
90971
102321
97211
104021
2137142
98620
130381
98340
117741
89361
76501
91070
83211
86400
80171
72870
3023356
74800
73831
136391
2177582
97620
125991
83820
88461
81921
73691
77690
78720
81570
78511
78890
94211
83110
81921
79140
74341
75950
76630
78490
82201
79770
81081
80080
82761
80041
78630
76550
80000
77970
82251
124311
92891
2147692
123890
132130
102030
100711
106100
189881
108090
109491
104001
103901
115851
105060
111160
101600
100240
104281
108540
109081
104431
107191
105320
105460
110281
104681
112641
81971
83530
85041
79680
77251
2120021
83961
90590
87171
110831
144090
135931
109841
93010
80881
79261
80591
101260
84200
74490
73871
77241
77491
81950
95970
70760
75651
79881
77561
74760
72631
76101
74220
80420
79021
76920
80371
80640
83611
79420
99251
76170
2353372
105021
112611
103250
103120
104021
103390
99750
99560
96471
97671
98871
105891
2134741
93581
133361
118261
104540
97411
100171
103970
104600
101301
102681
93481
98030
114770
82710
2116052
74470
75120
78890
94901
81811
76391
80800
81510
153251
134250
101531
90820
86981
78240
78840
75610
75840
106561
77530
79110
81450
72750
79191
79000
75170
77070
68760
69020
72941
74040
73240
72630
70090
94001
72590
74820
73280
69170
71291
71210
112640
96190
90531
93460
93030
96280
95201
108801
90371
91000
93000
96221
89680
84920
95671
95600
97971
90810
89911
95211
95201
95401
90181
87090
91811
111461
101931
103660
82530
70820
73040
77441
76101
69141
76421
81280
77340
76000
2196481
142361
99651
83560
77300
78350
70221
70341
71821
74510
69230
68220
74621
73531
74401
2118121
67601
257592
70300
73640
70460
69150
68041
70820
76170
74410
68380
69920
72800
72581
76921
68841
111770
99671
118611
94231
88990
90360
98081
91321
103861
93511
92100
89511
90691
95311
111401
107061
98421
102671
125141
118751
101500
100511
104121
108721
111000
100000
117310
85481
81510
85981
79990
81130
80131
84670
84380
124581
98520
152281
123911
117571
101080
84481
75870
79321
76080
81031
74750
76521
78481
77920
79990
78450
71980
98341
77020
80280
75150
75860
76400
77790
79441
75611
76260
81331
90581
2119212
78351
75571
76161
123750
100820
96921
88620
86671
98171
92520
96630
92121
90261
95231
93920
95950
95421
91670
122351
93470
95601
92450
97221
95240
94190
94370
92351
94051
92371
90730
106761
76450
69060
99861
76330
75260
79721
77590
72020
77631
78821
136090
123450
96670
84321
74891
75441
73170
98780
233711
78651
82681
77681
75760
73831
77030
77271
79820
72781
75000
77560
77231
87001
73050
75371
76780
79991
88561
81551
80670
76940
77230
81281
128751
99700
99270
100060
102040
100231
113741
97361
98861
101890
101150
94700
99500
100161
101390
101591
147591
97541
101281
2160922
132051
121161
95430
103011
104670
105041
112931
85401
79200
79110
84160
84131
78751
72741
2127121
94351
110750
111970
155521
110001
103401
87620
84970
80360
83510
81051
86781
78260
79300
79290
81151
85270
98250
79910
78601
85451
83591
87821
77130
79530
79401
83591
85911
81070
86021
2128181
78751
85070
79651
116151
103730
107070
118781
114451
102081
98580
100160
102070
97781
96231
2144772
99040
129140
99580
98351
97800
99040
101041
100741
93720
96430
100170
98890
99000
98170
96520
113521
103991
82411
77760
77200
81040
81660
92851
82741
77050
79440
307272
128521
105221
2125422
78490
77681
78970
81421
74780
70721
77040
78340
83920
75411
77851
80011
78750
79840
78250
74711
76940
77431
80990
76880
73840
79840
77071
84180
79441
79561
76950
81490
131871
99301
95190
99060
100050
98480
114511
104901
96311
99930
97291
102271
99120
97050
102891
99151
3150977
96200
96851
126251
130401
103370
99711
104490
100831
101560
119431
84830
77080
77160
80661
84841
82731
76110
76391
108650
88871
95211
147121
109860
101810
85860
81561
77141
83280
76200
2117412
80241
78100
76590
116360
78200
82050
82040
73621
76790
82361
79430
82310
77200
73481
77080
89811
3135587
74731
77111
105341
87960
85021
104811
105231
97071
101160
102821
103011
96651
95220
99690
106711
102221
97760
99500
129321
105121
106471
97660
98270
100560
106480
99651
99391
103041
105250
99251
279432
2147322
98730
102460
78830
82021
80841
79001
76650
75270
88990
84261
78950
162121
136581
97210
97761
78300
91760
77501
77630
86570
78510
73511
78190
76821
76230
79851
75030
76140
78680
77281
77110
102500
74460
81271
78851
78661
82530
82290
86720
77771
83480
81781
78370
134221
2144891
3155127
98551
95831
103330
100300
107931
109191
102071
101441
101210
109081
102691
101161
101681
101670
106270
2141722
103881
137481
108870
104881
104871
94061
93741
110320
88210
85560
74030
75211
84610
79520
82660
2119741
82890
82971
107780
143720
117801
101780
86120
78600
79361
83630
75350
79510
77380
75140
84100
78091
79431
78830
106310
80830
76590
75380
83950
84640
80120
80310
74801
75930
80300
83260
82631
81191
82240
80980
95821
130531
97991
97221
98951
100300
106981
95891
97261
109551
95760
104210
97311
254441
104621
2146501
106791
128970
96921
98250
103411
98230
94661
90420
95941
91581
114810
115520
80251
73591
72200
74821
