87750 
51710 
46040 
45640 
44880 
45230 
37480 
47110 
37490 
36770 
46080 
45950 
45270 
37070 
36440 
37350 
37830 
38390 
35340 
35870 
36960 
37990 
38010 
37060 
37310 
37150 
39230 
46340 
38070 
37320 
38840 
39140 
46810 
38060 
36760 
37890 
37190 
38570 
38600 
35460 
35900 
35890 
37370 
37280 
37600 
36810 
35680 
39550 
37320 
36810 
37060 
36750 
38950 
37970 
35720 
52190 
37950 
39220 
61530 
39510 
36880 
36270 
38320 
47030 
37920 
38380 
39100 
38010 
37560 
36960 
36780 
35780 
37340 
37520 
37650 
47170 
37790 
37420 
48430 
37270 
38990 
37320 
38180 
38720 
36790 
38670 
36870 
37720 
37580 
38230 
39060 
39240 
37850 
37500 
37040 
37140 
36260 
37060 
35840 
38390 
38060 
36410 
38050 
46230 
37790 
38510 
41550 
45920 
36150 
45380 
38860 
38320 
37950 
37930 
37070 
37590 
45900 
38180 
35980 
35500 
38440 
37640 
36770 
36670 
36390 
38050 
37100 
37930 
35550 
35580 
38320 
37750 
47250 
38060 
36520 
38970 
38360 
37690 
36830 
37860 
38650 
37180 
37240 
36740 
36510 
36460 
36950 
37290 
37310 
36810 
36980 
37740 
38090 
36760 
37010 
37260 
38640 
38280 
47910 
37930 
37530 
39350 
38470 
37500 
37500 
37490 
39170 
39310 
37570 
35510 
37570 
36940 
39770 
38840 
36100 
36560 
38640 
50080 
37970 
35920 
36120 
37130 
37950 
37600 
36930 
37230 
36340 
37980 
37750 
35910 
36970 
36380 
37380 
37330 
38280 
36910 
35900 
36780 
36960 
36950 
37560 
39350 
37840 
38450 
37840 
38540 
38430 
38070 
39090 
57230 
47570 
37740 
36150 
38620 
38550 
39190 
37270 
37350 
36730 
37270 
37260 
37210 
37040 
37130 
38030 
38710 
36050 
36980 
52740 
46380 
38090 
36140 
40120 
37390 
37960 
37530 
36110 
36860 
35850 
38970 
36900 
36450 
36910 
36500 
36100 
38180 
37050 
36480 
36160 
35720 
38460 
38550 
37430 
38000 
36130 
40170 
37990 
39290 
37560 
36030 
50730 
48130 
46280 
38750 
36090 
39070 
46560 
46990 
38130 
37230 
37320 
38010 
47090 
38170 
36160 
36920 
46280 
49260 
38670 
37450 
37050 
48310 
37510 
46890 
35740 
36910 
37890 
39360 
46800 
36900 
36240 
37390 
39180 
38170 
46660 
37380 
37430 
38620 
46360 
36960 
36580 
36580 
37910 
46820 
37690 
37300 
35750 
46350 
37780 
47130 
38210 
50150 
38660 
38210 
39720 
37300 
37000 
36650 
38620 
38400 
35570 
35840 
36590 
37530 
38170 
37660 
36010 
37730 
38850 
36450 
37620 
37670 
46120 
39230 
38130 
37720 
46080 
37440 
37810 
36760 
37530 
36060 
35810 
38330 
38350 
37360 
36350 
38350 
38190 
37180 
38240 
36880 
37680 
38170 
38920 
37550 
38670 
36850 
37770 
46380 
38330 
38840 
55120 
46640 
38980 
38910 
37080 
35700 
37450 
39150 
37410 
36780 
36490 
36710 
37400 
37650 
45740 
37760 
37130 
38560 
37820 
36920 
36330 
38110 
35520 
37260 
37980 
36710 
37410 
38360 
39330 
38520 
37060 
37190 
37030 
38220 
36990 
37630 
37350 
36790 
37480 
37480 
47210 
38330 
37620 
37270 
36710 
37080 
36940 
36850 
38440 
37970 
36380 
38320 
38580 
37210 
37980 
38280 
37820 
37200 
37040 
38130 
36490 
37120 
36530 
36990 
37100 
37330 
39620 
36180 
38680 
36280 
37500 
48960 
36230 
37760 
37900 
38130 
38100 
36490 
37690 
35350 
37300 
39080 
37930 
36710 
35830 
37760 
37980 
37680 
36380 
35140 
39080 
39060 
38480 
39070 
37050 
36040 
46880 
37920 
36830 
35920 
35470 
37410 
37260 
47150 
36020 
36520 
37930 
37440 
36250 
37120 
35750 
38310 
36660 
37640 
35130 
35600 
36690 
39070 
47950 
36440 
36230 
36960 
38460 
39500 
36150 
35590 
36460 
38450 
38400 
36500 
35870 
37010 
37710 
38590 
37010 
36850 
37200 
38330 
38860 
37210 
36110 
39110 
36960 
39270 
37470 
37280 
36970 
37210 
39930 
37400 
38570 
47000 
36660 
37510 
50430 
37370 
38120 
36070 
38330 
38720 
37120 
37610 
36370 
38350 
37570 
37420 
36850 
37540 
36990 
36760 
37540 
48290 
37360 
38390 
38700 
37030 
36940 
36120 
36090 
36540 
36440 
36920 
36200 
37320 
38330 
39000 
38910 
38350 
37130 
39230 
37760 
39220 
37240 
36950 
38910 
37830 
39020 
38110 
36920 
36990 
38240 
39340 
47280 
37930 
36890 
38730 
37210 
37180 
35750 
37730 
37660 
36150 
36910 
35760 
35910 
38070 
38470 
37870 
36450 
46280 
36910 
37320 
38560 
36570 
37020 
38100 
38820 
38050 
37180 
36130 
36350 
38570 
38210 
37870 
37250 
36750 
38640 
39300 
37290 
35990 
36120 
39720 
36840 
36200 
38890 
37840 
38890 
38900 
40020 
37190 
35380 
37170 
36700 
46430 
37570 
37180 
38560 
38340 
37940 
36720 
36280 
37050 
37580 
38170 
37340 
35790 
36900 
36920 
36390 
36930 
35670 
38010 
37850 
38020 
39360 
37350 
38190 
37130 
37710 
39050 
37750 
38340 
37050 
38850 
39110 
37990 
36520 
37510 
38870 
38900 
36460 
37180 
37080 
37160 
38070 
36630 
56810 
48090 
37670 
38130 
36040 
36780 
35950 
35920 
66120 
48190 
36630 
37420 
36670 
37580 
37100 
38250 
36260 
35690 
37200 
39240 
37020 
35550 
36210 
37430 
45910 
38020 
36300 
37580 
38060 
37610 
37790 
36480 
36580 
36790 
38130 
38270 
36390 
37210 
36470 
38110 
38370 
37050 
37200 
36500 
38110 
37700 
36190 
37200 
36190 
38750 
37910 
36530 
38020 
37670 
36810 
37900 
38590 
35420 
35540 
35970 
37520 
37410 
37180 
36610 
35470 
37640 
36530 
37340 
36860 
38210 
37440 
36850 
37160 
36920 
36720 
37390 
46470 
37740 
37940 
37090 
37610 
37180 
37680 
37790 
36970 
38010 
37270 
36500 
36630 
36480 
37140 
38110 
36270 
37350 
35860 
48080 
39090 
37170 
37130 
36600 
36570 
40270 
38280 
38020 
38410 
36460 
37090 
38040 
39850 
36610 
36980 
36970 
38360 
37210 
36020 
37070 
37520 
38410 
38710 
35940 
37300 
37160 
37780 
37920 
36790 
39610 
36100 
37910 
37670 
37130 
37110 
37150 
37240 
38660 
37920 
36610 
37430 
35710 
38270 
38450 
37520 
35450 
35220 
37620 
37920 
36820 
35620 
37970 
37140 
36940 
37570 
36630 
37040 
46790 
37560 
38430 
36640 
37360 
36590 
38010 
38410 
36470 
36020 
36540 
36620 
36830 
37160 
36040 
36920 
38830 
37120 
38450 
36750 
38350 
37020 
37610 
45340 
37460 
46660 
38420 
38820 
51380 
38150 
37960 
36850 
37700 
39510 
36710 
37100 
37340 
46490 
45770 
36120 
36850 
35790 
36690 
37630 
37610 
39080 
37240 
46670 
38040 
36950 
37110 
37090 
37930 
38340 
35910 
36140 
36750 
36490 
38500 
36740 
36570 
37700 
36740 
38720 
37890 
37480 
36260 
35930 
37570 
37790 
37530 
36120 
36590 
39940 
37600 
37380 
37860 
38300 
38580 
38470 
37010 
35680 
36370 
37010 
39510 
38160 
36190 
36320 
37400 
37910 
38500 
37550 
37630 
36120 
37440 
38010 
36510 
35640 
37880 
38700 
37800 
38350 
36380 
37650 
37870 
46630 
37880 
39220 
90250 
87540 
52380 
37610 
37050 
36490 
37720 
38590 
38440 
35960 
37500 
36600 
46800 
38610 
45970 
38670 
36940 
38110 
38640 
37080 
36750 
35840 
38310 
37870 
36150 
36650 
85030 
47870 
37940 
36790 
37350 
36670 
37080 
36810 
37700 
36780 
36180 
37480 
38510 
39820 
39250 
36100 
36930 
38530 
36600 
36380 
36250 
37370 
38100 
48550 
37810 
38730 
37720 
37360 
38140 
57750 
38470 
36910 
36260 
37890 
38200 
36110 
38680 
37920 
38950 
39550 
46340 
36970 
36720 
38820 
37730 
36930 
37300 
36840 
38150 
38610 
37630 
38530 
35550 
36720 
38480 
37470 
37850 
36150 
37770 
39110 
37350 
38650 
37020 
36420 
47200 
37780 
37070 
36050 
36790 
37970 
37820 
38250 
38090 
38130 
39390 
36240 
39380 
36670 
37160 
38340 
38270 
39570 
36730 
38200 
36780 
38150 
46190 
37270 
37300 
45880 
45740 
38000 
37910 
48730 
37220 
37200 
37580 
36380 
36350 
38640 
38560 
38040 
37720 
37170 
37220 
37500 
39070 
38020 
36690 
37290 
35940 
39420 
37840 
37010 
38350 
46630 
39980 
37570 
38690 
36360 
36800 
38510 
37440 
39300 
38330 
36110 
38060 
37490 
36520 
38090 
36680 
36780 
37700 
37800 
38720 
36210 
37030 
36490 
38990 
36350 
36240 
46510 
39040 
38570 
38180 
36340 
36530 
38260 
38480 
37930 
35900 
36920 
37230 
37210 
36990 
35730 
36450 
36340 
36960 
37770 
37150 
36940 
37190 
38630 
39230 
37120 
38780 
36690 
37930 
37630 
37070 
36960 
37100 
37450 
38110 
36380 
38290 
36280 
38010 
37170 
36780 
36130 
38010 
37490 
38280 
37610 
37010 
36130 
37430 
46400 
39170 
34550 
38800 
35290 
46740 
37530 
36100 
35840 
37590 
39270 
37460 
36570 
37820 
35830 
38400 
38010 
36000 
36020 
36690 
36690 
37700 
37800 
37360 
38020 
37140 
37900 
37460 
36460 
36500 
37550 
38040 
37460 
37700 
36600 
36930 
36560 
37850 
37460 
35460 
37280 
37550 
37590 
37690 
35540 
36220 
36020 
37220 
38150 
36060 
36030 
35110 
36770 
47220 
38450 
37030 
36850 
37140 
37550 
35580 
36860 
37080 
37620 
37030 
38020 
37420 
37330 
38010 
38610 
35950 
35740 
35200 
35830 
38430 
38160 
37570 
38220 
37580 
39380 
38410 
47350 
38010 
36990 
38170 
37570 
37980 
35960 
35950 
38290 
37730 
37930 
38030 
35860 
39110 
36680 
37240 
36690 
35860 
37380 
37030 
38450 
38720 
36990 
38950 
38550 
39450 
37950 
35840 
37000 
37570 
39420 
37690 
36300 
37360 
37660 
37130 
36220 
37440 
35330 
36890 
38110 
39050 
36920 
36710 
38560 
39000 
36940 
38280 
37200 
36890 
46360 
38690 
39740 
37510 
37880 
37940 
37900 
38020 
39100 
39080 
45710 
38920 
45570 
38870 
36530 
38990 
37280 
39880 
37420 
45810 
38120 
37830 
38530 
47330 
47120 
38760 
48290 
38020 
39180 
37240 
46250 
38140 
37830 
38440 
38820 
36910 
37360 
36540 
36060 
46230 
37230 
38550 
37240 
37620 
36110 
38470 
37570 
37940 
40100 
37890 
46900 
38380 
37520 
37970 
37880 
37750 
38400 
37210 
39180 
39120 
37270 
37050 
37430 
39640 
37930 
36140 
35340 
39590 
37150 
36790 
37840 
47450 
37280 
45550 
37870 
36990 
38020 
36570 
39040 
37270 
37060 
36350 
35210 
37480 
37580 
37010 
35640 
36350 
38970 
36510 
39360 
37420 
36420 
39060 
39120 
38280 
37020 
37360 
37920 
38920 
38890 
38640 
37280 
38090 
37940 
38550 
37760 
35910 
37590 
37950 
38460 
37880 
35710 
36810 
38030 
36980 
36280 
37310 
36730 
37550 
37770 
38030 
36140 
37010 
35560 
46310 
37570 
36880 
36290 
37130 
36530 
36290 
35590 
36630 
35820 
37400 
37480 
35800 
36260 
36540 
36760 
38020 
63690 
46470 
56200 
49850 
38200 
37810 
35670 
36420 
37570 
47240 
46190 
39180 
37600 
37660 
37240 
38110 
37080 
35810 
35770 
37350 
38000 
36630 
35940 
35280 
38340 
36790 
37050 
36540 
36480 
46710 
37800 
37410 
36720 
36060 
37520 
38600 
38370 
35960 
37570 
36990 
36900 
37740 
35930 
35460 
35490 
37110 
37870 
37420 
36710 
36800 
36940 
38110 
37470 
35710 
38220 
38640 
37870 
38280 
36990 
37450 
38490 
38970 
37790 
36120 
52300 
47640 
38620 
46240 
36410 
37110 
36730 
38510 
38080 
36990 
36420 
35360 
38180 
47720 
38990 
37790 
36250 
38740 
37060 
36930 
39760 
37380 
38760 
38390 
37090 
39140 
36280 
37490 
37200 
37790 
39000 
37960 
39080 
38570 
46390 
39630 
36230 
37110 
47250 
38780 
39220 
37930 
39120 
38230 
38140 
37100 
37310 
37690 
37200 
37020 
38990 
38900 
37880 
37470 
37660 
49240 
36870 
36320 
37080 
37240 
38790 
37560 
35960 
37220 
38280 
39310 
38810 
38990 
37270 
37260 
37240 
37060 
37170 
36540 
35530 
38440 
38150 
37880 
35230 
36120 
39120 
37430 
36860 
37610 
35710 
39140 
37620 
38470 
37820 
38170 
46520 
38590 
37900 
37130 
36750 
38950 
37700 
39030 
35520 
35640 
37330 
38260 
39420 
38020 
36820 
38560 
37400 
38120 
36170 
35690 
36950 
37690 
37630 
36890 
36370 
37240 
38700 
39400 
36940 
37320 
36480 
47040 
45780 
36910 
36420 
36620 
37350 
38550 
39180 
36370 
36770 
38040 
39010 
36970 
38030 
36850 
36390 
39540 
38190 
37770 
38040 
36170 
40430 
38570 
37430 
37260 
36580 
37900 
37390 
37920 
36880 
36140 
37280 
37440 
37780 
36550 
35540 
37540 
36750 
37720 
38060 
37020 
35870 
38130 
37570 
36610 
38740 
38100 
38480 
37390 
37850 
36100 
37150 
38600 
37210 
37470 
36200 
37200 
37120 
37930 
39130 
36950 
36860 
36290 
36160 
38470 
36530 
35450 
37520 
39000 
37380 
36650 
54680 
39110 
38610 
38240 
36450 
35750 
37320 
38110 
39290 
37320 
36510 
37390 
36830 
37870 
46010 
36310 
36250 
35200 
38200 
38200 
36720 
37400 
36110 
37190 
37080 
37090 
36360 
36200 
38020 
37120 
46260 
38110 
36480 
38150 
36890 
36980 
37790 
36770 
39190 
39560 
37860 
38340 
35780 
36490 
37690 
37510 
37400 
36100 
38890 
38360 
38530 
39700 
35990 
37800 
37900 
37570 
38100 
36490 
38890 
37770 
38230 
36810 
36740 
38340 
35940 
36500 
38770 
36870 
36700 
36540 
36650 
37850 
37230 
36510 
37980 
39190 
38540 
37450 
38070 
37630 
39380 
37040 
37880 
37380 
37140 
36750 
37220 
37940 
36750 
37150 
37130 
38220 
37990 
37230 
35700 
36850 
38180 
36710 
36590 
37760 
36790 
39090 
52960 
46850 
37390 
36370 
38070 
38680 
37040 
36280 
36300 
47040 
36890 
37340 
35320 
37540 
37510 
37220 
37420 
36610 
36380 
37570 
37680 
38110 
35970 
36920 
36650 
37140 
38360 
37640 
37910 
46530 
39500 
38420 
36790 
36450 
36980 
38570 
37350 
37660 
38190 
37210 
35850 
38890 
37970 
36410 
37020 
37030 
39210 
38370 
36380 
37220 
36860 
38770 
36720 
37640 
36010 
38330 
37460 
38020 
36260 
36220 
36760 
37480 
39790 
37220 
36980 
36590 
37000 
36970 
36870 
36840 
36150 
37420 
39110 
37730 
37730 
36950 
36350 
37770 
37200 
37460 
37010 
37260 
38660 
37540 
38280 
36980 
38310 
38190 
39130 
38760 
38580 
37840 
37140 
38730 
37830 
35930 
38350 
35470 
37400 
38700 
36570 
37540 
36800 
38630 
39140 
36020 
37150 
37040 
38620 
38250 
37300 
36650 
35770 
38670 
38140 
36860 
36460 
35990 
35970 
37940 
36880 
36750 
36780 
37520 
38260 
37850 
37090 
36360 
36740 
38910 
38840 
38190 
36740 
37060 
38320 
36450 
37200 
35360 
38430 
38130 
38010 
38550 
37440 
36240 
36450 
38010 
37460 
37380 
35970 
37820 
37850 
45430 
35830 
36550 
37140 
38560 
38530 
38350 
36880 
37300 
36990 
38040 
35950 
36180 
35620 
37240 
37110 
39490 
36030 
36250 
36510 
36970 
47090 
39000 
37650 
37020 
37200 
37210 
36690 
37730 
35300 
39160 
37700 
36330 
37300 
36230 
37090 
37980 
36320 
37480 
35290 
38700 
39420 
37020 
36820 
38520 
35970 
38490 
36460 
38620 
37490 
37200 
38640 
38640 
37550 
50730 
39130 
39410 
37590 
37650 
37000 
36150 
38320 
38330 
37220 
35900 
36460 
37290 
38280 
38030 
36210 
36110 
37970 
37630 
38690 
35500 
38320 
37490 
37960 
37910 
36170 
46770 
39200 
39130 
39370 
36100 
