72300 
49070 
47520 
43780 
44720 
45570 
46180 
48180 
43780 
63210 
96020 
71350 
66280 
44480 
43780 
39530 
38700 
43900 
39210 
42520 
40480 
40240 
41900 
38360 
39380 
41060 
40000 
39640 
38340 
37950 
38430 
39480 
39170 
38890 
41340 
40690 
41220 
42910 
41500 
39530 
42470 
74920 
58830 
54810 
52180 
54540 
54670 
52680 
56980 
54450 
56290 
51590 
56430 
55480 
53420 
55230 
54380 
56640 
53340 
56390 
55740 
55430 
56220 
55530 
55910 
52700 
53880 
64710 
43500 
43910 
40890 
40140 
42400 
42770 
40410 
46190 
43230 
40320 
89400 
79720 
52760 
44960 
40320 
40920 
38890 
40450 
39600 
39820 
39460 
42160 
41190 
39670 
40400 
38240 
39670 
40810 
38860 
40230 
38690 
39760 
40020 
39180 
42430 
40550 
43790 
44290 
40420 
41000 
41530 
59620 
55980 
56190 
56260 
55150 
52020 
54930 
56420 
53510 
60240 
53170 
59830 
56030 
53910 
55660 
53390 
54550 
58170 
55770 
59800 
56590 
56350 
55050 
54550 
53000 
55410 
61220 
41950 
40500 
40610 
42690 
41960 
39120 
41520 
40100 
43220 
42670 
94540 
82030 
63180 
55520 
41910 
39720 
41460 
48890 
40820 
45600 
40200 
40130 
39390 
37820 
40780 
41310 
40110 
41950 
40330 
40250 
37450 
39400 
42640 
39190 
39350 
42690 
41510 
42790 
44310 
41250 
39470 
41280 
74440 
64530 
58040 
68790 
59060 
57180 
52960 
53820 
53640 
53710 
54120 
54060 
55320 
57170 
55950 
53020 
55120 
63760 
58330 
54670 
54380 
53710 
54400 
54840 
54780 
54230 
61140 
40540 
41490 
43830 
42420 
43570 
41010 
43660 
44510 
44920 
41630 
90030 
77150 
63300 
44670 
39200 
42480 
40120 
43860 
37810 
38780 
39450 
37440 
40870 
41660 
41360 
40770 
38660 
38040 
41680 
39750 
41310 
39460 
39250 
39240 
44940 
41150 
45540 
45700 
41410 
43090 
41880 
72700 
56800 
60860 
54640 
54600 
54520 
53900 
59410 
55030 
53580 
56400 
54090 
53510 
58270 
56600 
54930 
54180 
56060 
61230 
58190 
55410 
56780 
53450 
54740 
58280 
57730 
63240 
39930 
40410 
40790 
42730 
43140 
40380 
37790 
48520 
48300 
42690 
88560 
81040 
61270 
54810 
43690 
40200 
41800 
44750 
41410 
39150 
38670 
38690 
40060 
39470 
41930 
40530 
40220 
40530 
39110 
39750 
40750 
39350 
38970 
39320 
43540 
42350 
41890 
39880 
41270 
40780 
41280 
40780 
77780 
58740 
55940 
53970 
56030 
54750 
54640 
56720 
52410 
56220 
54750 
54300 
55460 
53430 
55840 
54770 
52840 
56590 
55170 
54630 
54510 
54980 
56170 
53220 
55700 
53920 
62180 
45910 
40440 
40790 
42550 
40180 
45940 
41990 
42920 
43840 
41870 
90060 
72140 
55290 
45820 
41190 
40100 
40560 
40310 
41960 
38200 
39630 
40340 
40490 
41550 
39170 
38590 
39270 
40060 
39580 
39850 
42180 
39670 
38120 
37940 
46160 
39760 
47350 
41120 
41730 
41540 
39600 
75840 
57250 
55060 
59050 
52710 
54990 
70720 
59600 
54880 
52410 
54350 
52180 
55300 
54710 
57510 
56340 
56140 
54860 
55490 
55740 
53690 
55450 
54820 
54650 
53700 
54040 
61190 
43100 
40640 
39720 
42160 
39710 
40390 
38730 
47620 
42050 
41940 
90090 
78330 
54570 
54850 
40090 
40980 
38370 
41370 
41280 
38680 
40920 
39350 
39380 
40340 
38890 
40680 
40180 
40520 
40700 
40000 
43780 
41550 
40440 
43720 
41440 
40720 
40870 
43190 
43750 
42240 
41220 
42220 
74530 
55870 
54410 
53420 
53290 
54080 
54280 
53870 
54680 
54330 
52230 
55060 
54620 
54360 
59560 
54250 
56670 
53880 
55460 
53410 
56100 
55290 
53650 
54120 
53170 
56290 
59020 
41180 
41410 
40910 
42090 
41520 
39420 
41370 
44010 
43390 
45680 
89140 
67120 
54260 
40920 
43230 
40740 
43100 
39890 
40470 
43750 
38250 
40800 
40130 
39690 
40600 
39020 
40650 
41380 
39580 
39750 
39050 
40550 
39240 
40240 
40550 
41050 
42270 
44000 
39910 
40280 
41060 
74140 
57390 
53230 
57150 
55030 
55350 
56340 
54970 
56200 
54540 
55990 
59290 
56040 
55400 
54490 
53610 
53780 
55740 
54160 
56600 
55530 
56240 
54600 
56640 
52510 
53220 
58460 
43050 
39280 
41510 
43310 
39310 
39640 
42230 
45950 
45210 
40200 
93900 
80950 
56140 
47630 
40590 
39480 
41180 
38480 
40520 
42480 
40710 
41090 
38960 
40510 
40890 
40150 
40670 
42540 
41580 
40590 
40270 
42290 
39590 
40120 
43140 
41310 
43320 
40880 
41750 
41840 
41310 
61530 
58600 
53060 
59140 
53550 
56530 
55580 
53420 
55940 
53460 
55390 
56990 
54650 
53750 
52720 
55450 
51410 
56060 
53750 
53720 
52940 
52620 
55400 
51260 
55000 
54810 
60310 
45890 
42600 
40420 
41280 
40290 
41090 
39990 
42090 
45280 
44650 
88020 
82610 
63840 
56050 
41020 
42530 
42180 
40430 
41790 
39370 
40030 
41440 
38570 
41720 
39860 
39330 
42900 
41650 
43990 
39600 
39960 
39100 
38570 
38770 
40720 
40640 
42140 
39760 
39840 
40750 
45320 
41550 
73940 
55930 
55650 
53490 
56680 
55360 
54310 
54970 
51760 
57190 
58360 
54490 
54630 
56520 
55820 
56150 
54590 
52960 
57440 
55550 
57220 
57340 
57890 
59110 
55300 
53060 
62810 
42520 
38870 
41520 
41670 
42710 
38380 
44310 
44830 
42750 
46510 
91020 
75680 
58820 
45460 
41540 
39250 
41430 
39280 
38780 
40470 
38620 
40780 
39610 
39580 
40380 
39880 
38020 
40910 
38610 
39900 
40080 
38430 
39170 
39770 
43360 
39620 
42060 
41710 
41150 
40820 
41320 
70070 
59210 
54800 
54800 
56380 
52060 
55620 
54200 
54030 
54040 
56140 
54270 
53610 
55460 
53240 
54500 
59270 
56140 
54210 
57670 
59920 
53870 
54090 
53740 
55730 
56940 
61270 
42380 
40550 
38800 
44310 
44300 
42150 
39580 
46180 
41640 
42360 
91170 
83560 
59550 
50790 
42450 
38420 
41010 
37800 
38200 
39710 
38610 
40090 
40310 
42060 
41430 
36780 
39390 
38450 
41840 
41160 
37710 
39630 
38690 
40380 
40460 
41140 
41710 
43040 
39540 
40350 
39570 
40900 
74020 
55490 
53450 
55260 
53330 
54140 
55440 
57640 
56290 
54490 
51820 
53600 
57380 
54660 
56530 
54760 
52970 
54640 
52070 
58930 
55070 
55950 
55180 
52830 
57150 
52270 
61030 
43510 
39830 
42960 
39590 
40390 
43300 
41360 
45490 
40500 
38410 
90130 
73180 
57830 
38230 
39130 
40380 
40750 
40140 
39200 
40370 
40780 
36810 
42640 
44390 
39530 
41340 
39460 
39250 
39840 
39640 
42300 
39630 
40890 
42740 
39950 
41270 
45230 
42770 
42130 
39710 
40570 
74660 
54670 
52120 
54800 
52900 
53890 
53090 
53530 
54370 
53790 
56910 
54580 
55420 
55100 
59800 
53990 
55600 
54530 
55240 
59570 
56880 
55030 
56070 
55200 
56690 
54800 
64780 
44240 
39230 
40080 
41000 
39990 
42210 
39210 
46730 
43230 
40590 
90130 
77550 
61260 
51840 
40130 
40550 
40120 
41170 
38450 
39040 
41180 
39080 
40220 
37990 
40580 
39230 
40010 
38920 
40610 
38790 
41550 
38900 
39930 
39270 
39620 
41250 
40470 
39000 
41960 
40250 
39860 
41630 
72970 
55010 
52050 
54320 
51980 
54990 
55340 
51920 
59250 
54810 
56720 
52200 
55290 
63520 
55120 
55220 
53910 
55010 
56390 
54950 
56330 
55290 
53300 
51770 
52830 
55740 
56730 
42760 
38750 
41790 
42370 
41300 
41480 
40500 
42940 
41600 
43110 
89540 
65800 
54830 
43840 
39940 
40300 
41390 
36140 
40730 
39800 
39950 
41680 
38160 
40010 
43270 
39030 
39940 
38610 
43490 
40300 
40590 
41210 
39580 
41460 
41410 
40530 
43450 
41970 
39490 
38790 
40410 
76530 
58370 
54100 
56330 
51890 
54190 
55560 
53620 
56690 
53580 
54630 
54840 
55350 
53970 
52880 
55320 
54950 
54200 
54330 
54380 
55220 
55710 
54840 
53510 
54830 
54220 
62530 
44010 
39560 
40050 
40750 
42520 
40280 
38400 
46210 
41750 
41300 
89950 
80160 
54990 
50060 
39570 
41590 
40640 
38080 
42330 
41060 
39390 
40920 
39030 
41270 
37180 
41240 
40530 
38410 
41120 
40210 
43690 
44670 
40440 
39280 
40790 
41890 
43600 
41080 
40340 
40170 
38850 
60330 
57620 
55540 
59210 
53640 
52300 
55430 
56640 
55620 
52980 
55750 
55900 
56210 
55120 
58790 
54910 
58590 
60330 
54630 
61080 
53870 
55900 
54160 
53980 
55180 
53520 
65600 
44140 
47230 
41740 
44170 
38630 
41440 
38480 
41190 
54280 
46490 
89690 
83920 
67230 
55440 
41020 
40090 
38430 
37190 
39690 
39200 
40990 
38670 
40830 
40480 
39660 
41350 
38670 
42150 
40680 
39670 
38210 
40740 
39550 
39460 
54200 
48050 
42420 
42460 
41330 
41310 
51240 
44290 
72720 
57070 
54030 
71210 
58950 
58240 
57460 
53580 
61920 
56120 
53410 
55500 
53770 
54520 
52310 
52500 
53440 
68540 
57450 
56240 
60140 
55450 
55080 
54620 
54370 
56020 
61930 
41270 
37890 
40300 
41680 
40120 
39060 
41670 
44410 
45040 
42450 
89020 
78790 
56030 
44820 
41410 
40080 
45080 
41890 
39870 
41390 
37870 
43080 
38320 
40280 
40570 
38340 
41730 
39430 
39210 
39360 
38340 
40400 
41400 
41100 
43730 
39100 
42820 
41120 
39350 
40950 
41170 
72990 
56490 
59840 
60530 
56080 
54170 
54630 
57670 
56010 
54610 
54540 
56360 
55170 
58760 
56680 
54260 
52730 
56000 
59870 
55110 
54600 
53540 
55750 
53540 
75840 
60080 
60040 
43140 
39490 
41200 
43200 
42070 
41520 
39350 
44660 
48140 
41690 
90120 
83880 
58460 
57380 
43390 
41890 
41700 
42790 
42020 
38290 
39260 
39770 
43050 
40740 
40460 
40040 
41330 
39120 
42320 
40550 
36980 
40180 
38370 
42500 
41200 
39530 
40530 
41110 
40100 
45090 
40570 
42220 
74800 
56360 
60210 
55320 
54390 
54700 
56260 
54230 
59860 
63790 
53030 
54510 
58430 
61560 
56390 
59220 
54500 
53620 
54910 
54630 
53730 
56200 
52050 
54670 
54790 
56310 
61990 
42770 
40090 
41500 
40010 
41770 
43450 
42070 
45910 
42740 
42120 
91040 
70510 
56260 
41570 
39560 
39260 
38820 
40850 
38910 
38220 
38220 
39830 
41050 
39340 
39090 
38050 
42750 
40330 
39270 
39530 
41050 
39020 
37680 
38900 
42060 
40500 
41920 
40740 
42870 
41150 
43040 
74410 
57970 
56120 
53510 
58590 
53880 
57520 
54570 
56590 
54160 
54300 
57120 
56010 
54310 
59110 
56550 
64710 
57040 
56950 
53680 
53830 
56060 
52190 
56340 
52560 
56110 
63770 
41730 
42820 
38740 
43800 
41610 
40470 
41220 
45530 
41970 
41200 
91440 
82130 
55900 
48160 
42080 
40950 
39000 
39870 
41820 
41340 
38880 
40320 
41760 
40030 
40920 
38180 
38110 
40670 
37560 
38420 
40040 
39330 
42620 
38460 
41350 
40060 
41630 
43230 
39260 
40910 
40440 
39860 
77140 
56570 
55370 
55040 
51670 
55290 
53690 
54740 
55330 
51990 
54120 
55770 
56060 
56740 
54170 
55300 
55040 
55230 
54690 
54420 
57400 
55540 
54470 
54640 
55160 
54650 
58250 
43620 
40110 
43660 
40270 
39610 
42590 
40370 
45320 
48880 
40650 
89880 
65420 
53420 
42000 
40000 
41490 
39370 
42280 
42310 
42420 
41910 
40750 
38110 
40640 
41190 
39620 
39130 
39120 
42240 
38050 
40410 
39620 
39220 
41010 
40380 
40930 
43920 
40770 
42830 
39860 
40840 
74950 
55470 
54710 
58280 
53580 
54480 
51680 
53450 
55380 
59460 
53390 
54600 
58080 
53450 
55670 
53110 
56300 
53700 
54290 
56250 
54710 
55550 
55830 
54610 
55700 
55150 
60330 
42660 
41610 
40880 
41220 
42750 
38060 
38250 
48190 
43900 
40430 
88260 
81920 
59570 
46320 
41920 
40900 
37430 
40540 
39300 
40740 
40910 
37940 
40450 
38900 
40630 
40930 
40460 
40160 
40040 
38500 
40090 
38150 
37430 
47870 
43380 
39640 
45000 
41010 
41220 
39510 
43130 
59590 
58650 
55040 
54620 
55640 
55030 
53610 
54800 
56780 
59880 
55830 
55920 
53130 
53940 
56010 
53490 
55520 
54180 
54420 
55440 
52530 
55910 
53080 
54330 
52380 
56160 
61660 
43770 
43440 
39490 
41140 
42130 
39410 
38340 
42340 
45910 
44540 
89240 
84770 
63890 
55200 
43650 
42220 
41940 
39940 
38810 
39190 
40540 
38470 
38870 
37400 
40490 
38700 
41100 
41770 
38180 
39160 
39630 
38330 
39670 
41700 
42840 
42370 
39870 
42510 
40260 
40440 
40030 
39190 
75010 
57490 
55740 
55350 
53490 
54740 
56040 
52830 
51950 
53640 
54900 
52220 
54150 
54670 
54680 
53520 
55560 
57290 
54540 
54150 
55150 
52370 
54970 
54320 
54220 
69350 
61340 
42660 
38970 
40630 
42480 
44520 
41840 
40400 
45290 
47280 
39390 
90050 
75490 
53620 
49230 
38850 
41210 
39960 
38840 
41900 
38020 
38910 
39360 
38970 
41040 
38220 
39100 
40070 
38570 
40880 
39170 
39960 
40080 
38720 
40660 
41260 
40110 
44250 
40860 
41090 
42070 
43030 
72240 
54520 
65510 
60040 
51840 
57720 
55840 
55690 
54150 
51760 
55710 
51740 
55350 
52880 
64120 
58660 
54280 
55900 
54050 
56250 
55530 
57200 
57890 
53430 
56300 
58050 
62110 
43290 
40180 
41310 
41460 
40450 
43300 
43880 
49090 
44610 
41940 
88760 
81800 
58090 
54400 
40990 
42280 
39120 
37960 
41420 
37190 
41180 
39100 
38750 
40940 
38470 
39540 
38690 
38660 
40350 
41160 
39910 
39210 
40130 
40900 
38790 
39720 
44680 
41800 
40650 
41550 
41160 
40940 
74540 
57260 
58000 
53570 
58200 
54400 
59390 
54550 
54460 
54010 
55210 
55240 
53870 
52700 
53790 
56540 
57950 
53040 
54640 
54630 
53780 
54520 
53910 
56900 
55630 
53510 
65760 
42080 
40210 
40030 
44080 
44380 
41020 
43650 
44800 
40840 
41760 
88310 
77260 
56410 
40240 
40620 
37180 
40260 
39650 
39300 
40320 
40070 
39500 
41890 
39250 
39070 
37960 
39550 
39630 
42090 
42350 
40660 
40440 
39500 
37220 
41650 
39460 
41230 
41610 
43250 
40760 
41680 
70150 
56710 
53140 
55540 
54760 
55420 
56100 
57350 
56350 
52900 
55310 
53420 
53770 
54930 
59520 
55750 
54250 
52650 
55150 
55020 
55260 
51660 
56250 
53150 
52220 
55690 
63050 
44000 
39330 
38000 
41720 
43130 
39610 
38800 
46630 
44490 
40500 
92880 
83110 
57930 
53630 
40910 
40940 
41840 
38330 
41020 
39060 
38390 
41550 
36960 
38940 
37530 
38810 
39600 
38300 
38640 
39290 
38530 
42130 
39470 
38610 
40570 
41760 
42870 
41360 
41560 
43950 
40490 
39390 
81430 
58860 
59460 
53340 
55530 
54890 
56020 
54160 
55390 
54130 
54270 
56410 
54030 
56790 
55290 
52840 
54840 
52540 
55890 
53300 
57180 
54860 
54190 
57480 
54290 
54470 
57970 
40060 
37860 
41110 
41970 
41150 
39160 
52730 
46870 
42410 
41840 
89740 
66960 
53050 
41680 
38770 
40550 
39690 
40630 
37290 
40850 
40060 
38620 
41280 
36850 
37550 
39600 
38540 
38450 
39600 
39440 
42490 
39650 
39570 
38420 
41110 
41430 
42900 
40170 
42000 
41960 
40650 
75430 
58000 
53980 
54550 
54680 
52350 
56160 
56570 
53360 
56250 
52630 
53400 
52410 
55420 
56440 
53290 
53180 
52380 
53700 
54320 
56550 
54710 
52880 
54920 
55120 
53110 
64400 
42300 
42570 
40120 
41160 
42410 
40660 
39250 
45740 
44590 
42940 
88170 
79670 
58540 
46700 
40350 
39780 
