63260
27530
24340
23620
25030
24720
23220
23540
23760
25890
25010
24320
24160
23650
26440
25840
65610
62950
62020
73750
65720
67450
65610
70980
64090
66790
69420
70020
106630
80920
87859
81630
92630
78830
77690
85250
81809
82760
78040
81350
87640
91460
81110
83250
78090
81710
83600
78260
73720
76570
86930
83820
78010
78260
86450
64860
65950
61800
64160
70790
60580
63820
71640
75100
67300
130630
107130
92240
73360
67450
63950
64920
75300
63830
63620
58980
63050
63600
60910
65219
60160
59100
61300
62460
60750
68150
59280
62480
62260
61060
74930
62490
63750
63960
64960
72890
63180
103630
77450
81170
85150
81190
82030
79380
87900
78440
79740
75860
77630
88290
76280
79290
73720
76649
90560
78490
77420
81790
76810
75479
82400
76790
79930
96090
66150
64240
59720
67040
72660
64090
63040
65830
64090
62220
128490
111350
89380
80550
66340
62940
60900
63760
70180
61900
61770
60440
63110
62360
60920
61950
61420
72590
61110
61770
83150
68180
64140
64110
61040
64480
63820
65550
65460
62830
69530
63359
104680
80480
83369
72530
79820
73469
81360
83770
76440
85330
76080
90650
83730
75450
76810
81630
86370
82060
76430
76440
88940
78390
81060
80100
80240
95170
90040
71830
65770
70180
67170
66840
65380
64500
62510
67050
63300
82950
118060
87650
78340
69910
60559
64190
61610
59770
62740
59040
63280
62070
60890
71560
59740
61210
60940
61570
63950
59880
65070
64180
69050
64010
64660
65410
73220
66140
63100
63510
69510
98380
78090
76170
79120
84270
80700
83760
77610
87400
74380
75760
79690
77470
90459
76360
71660
78620
88170
84110
76409
75580
81720
88399
75670
78450
73280
85110
81830
64050
63530
61910
62450
67610
63680
65190
73950
63110
65580
118660
93600
80210
67210
64890
62710
71490
61110
63120
61610
70340
61310
65960
61850
62340
61910
60920
61120
59580
71760
61070
63240
61290
61560
75860
68350
67340
63920
63610
62940
64260
66190
104120
75120
81130
78620
84820
78850
78200
79450
76770
86140
85530
78550
79250
84460
77570
80970
80120
76430
89660
76010
80540
80740
86260
81320
78950
83030
90780
73900
66540
62220
66420
74220
63380
61200
73250
68119
67680
126560
106190
88390
81770
65869
66420
62810
70120
62270
62470
62440
63380
62640
61620
61210
65420
69680
60620
62440
60470
64160
63200
60140
66240
62810
82320
65490
63310
66170
70860
64680
66590
88610
91740
76160
79800
83220
78750
91689
78970
76730
84969
87420
77820
77359
76830
80860
89580
81070
82310
79710
90190
84850
85320
80500
77890
85540
87850
92700
69450
69800
59860
67790
66280
65380
62820
66940
68140
67210
133600
107080
90710
79280
79250
61000
63990
61910
63360
64730
64120
63760
61280
71010
64660
64310
63070
64040
62120
66590
65510
63660
63120
60580
65750
66910
73010
66070
66640
64300
74510
64200
109650
81390
77940
83080
83230
79550
81800
89190
79950
78770
78830
79510
77760
83570
83170
80040
85530
77949
82220
84500
80760
79910
80870
85960
83080
91080
89840
75470
63800
65890
65750
66720
66180
62970
74000
70500
69010
64410
125070
97010
87100
69080
61780
63050
64180
62140
67360
73810
65470
63750
63230
65930
64850
63760
63310
62860
75530
65880
63030
65630
75540
64620
66470
64970
67330
67000
65110
67020
63470
86060
79590
78070
86290
87670
84120
78300
79400
82140
80870
79860
79750
79440
94280
82030
80500
83750
83470
83600
87870
79490
83110
89500
79770
85810
80759
86750
82850
65539
66670
66060
77050
63700
66390
65730
80530
68300
64680
124440
113600
98220
69870
64840
65630
72880
64710
63380
64820
64770
62510
63620
66120
64330
74770
63350
64070
63890
70320
63720
63660
64260
64340
64460
64890
63800
64249
68870
64670
65440
65880
111310
79070
78390
77210
82140
75710
79250
80870
79080
91940
76530
81470
82020
79000
83700
81970
81040
82280
92170
77540
83570
78290
83580
81820
78430
83220
88900
76850
63290
61420
65740
73990
66110
64270
71480
66989
67190
122420
115010
87290
82960
66450
61610
67080
60690
60470
62040
65610
63080
72410
62130
63220
62090
72260
63630
60630
60810
62200
66260
66720
63040
66450
75370
66940
67540
64300
72140
66010
61650
108620
86760
77330
75619
77510
77680
91570
79090
78100
77840
84530
82460
79520
77830
78050
85350
81370
77690
78970
87580
77810
78560
79490
77940
87600
78160
91500
70200
69170
64780
64750
62930
66140
61680
65829
64840
63810
135850
116500
89520
83729
66520
64710
62070
64030
62800
61390
62670
61020
63140
73500
60590
61950
62050
64820
63100
61870
62500
62760
70300
62600
61160
64130
72050
68770
64650
65460
71430
64610
93830
82540
80590
81700
77380
79429
82050
87650
77229
78440
80360
86709
90510
80720
78490
80720
87640
81600
77790
79790
77120
78570
81740
80140
80530
84130
76810
80380
64210
62850
61850
64500
63130
63330
73580
66620
62530
66740
124060
113880
85180
68440
65260
65240
62940
65429
64930
71740
66760
63170
63150
62280
63390
68400
60980
60790
61590
63560
63460
64430
70840
65090
67000
67890
78090
65260
68180
65530
66400
73600
92200
85180
82220
89550
91980
82800
82510
86130
79420
87410
82650
80390
93000
78660
83470
81220
88960
85340
79500
82590
84410
87400
83840
78230
79089
86980
89540
70969
64860
64250
81370
65240
65850
64910
74630
79270
65260
127060
106840
88600
71530
65230
62460
73810
60380
63180
64640
69080
65350
62080
60900
66090
62160
66010
63800
60990
74390
62230
64740
62880
59680
65199
65630
64200
63940
61150
53830
67840
64150
112860
75039
76940
79210
87530
77530
76750
80660
81440
86890
78270
78980
76860
86400
80990
78500
78740
79700
86900
80120
82140
75760
86720
78040
81570
78280
95160
76630
60990
62490
66890
73660
67280
60950
69030
66950
64460
129010
107890
91510
89400
66290
61400
61410
64819
61750
64420
60590
61910
62030
63480
65540
64840
72020
64960
63500
62070
63920
64250
62770
61540
62680
74870
63580
66410
68070
72620
66410
64520
104300
86880
76950
82890
77470
79000
85720
75850
82120
76850
87050
76780
77550
82850
80100
84769
77260
77780
79099
88500
76710
79560
77810
77430
90620
79550
93130
69770
63210
62220
64980
64660
62120
63420
66400
68460
63400
85940
109970
93830
84040
65600
63010
63960
62480
64970
72020
62730
65170
62600
75810
63520
63240
66810
63020
64970
64910
63450
70599
70700
61150
63480
65810
72180
65109
64160
65110
61890
62430
97890
75800
81620
88310
77020
82690
79000
86210
78940
75320
82070
77500
93390
79410
82090
76020
88270
76510
84910
82030
76550
90860
76120
84420
80970
76830
81690
80550
65500
63640
69600
63210
66139
62200
75980
67490
64880
65630
114579
112160
84270
68050
64230
72310
65120
61360
61980
68770
64460
65720
77540
64680
65750
66770
64530
66670
72010
63870
64600
63690
63650
59460
64890
63930
66090
65890
64910
60740
63360
61720
99290
88190
76160
88250
75810
76250
79540
77320
90379
77100
82740
83370
89320
84130
81920
80530
83600
89920
78310
77700
79670
87610
83910
76920
80050
80630
99010
68510
63460
64580
71170
65220
65980
60720
73640
66310
64870
132010
114800
97330
72110
67750
65990
64220
66470
63440
62460
63630
65580
64750
62800
62280
73090
63570
65440
64370
63870
63730
62410
64310
65350
72450
68940
64520
65970
74970
63250
65400
62670
114400
85000
79620
84260
84020
89450
80740
81980
81220
88940
81990
82070
83540
77800
89440
82570
86730
85560
86110
82800
79130
83070
81929
83290
80510
77179
98100
78250
66010
60150
66370
63330
64730
64700
66860
65060
71820
138820
112550
89090
84830
67430
64020
63460
63260
60990
63230
60740
63990
71740
60830
62550
60320
65280
62420
62770
63880
59820
64110
63790
60500
62030
70230
63760
66890
62430
74940
64680
63440
110130
76700
79670
77770
77040
83300
88140
77180
79750
79350
86340
77360
80870
77350
75290
85820
78300
77420
79650
75430
73660
82720
77330
84950
86250
77800
84150
79499
62380
65450
62560
64590
62070
72640
65470
64450
65920
71220
130870
97090
80660
67840
63400
60570
63510
59430
69060
61590
61240
62470
61990
60930
64270
60480
61620
60880
62240
62920
60840
71990
61240
60810
65010
61490
66030
64740
63530
62990
62980
77550
80910
66870
84380
84850
80070
77810
79270
74390
80480
77170
78640
87740
73620
78610
80170
78570
75580
77270
74590
78480
86220
75190
76420
74290
79870
76260
86980
65950
61600
73630
62240
67250
62350
70910
65010
64790
66510
124670
115640
86050
72400
64770
71290
60450
62330
61160
73930
60700
59630
61360
61060
70390
65220
59590
62320
71240
72480
69350
62290
61550
62080
65090
64120
64440
64710
66830
62980
65620
71350
96290
79420
73970
83980
75750
75659
77690
76050
90220
78210
74780
77419
77750
85150
79170
73950
77080
85000
78490
79650
75810
79410
77930
76440
78160
77770
97400
67940
61230
63060
70470
61030
62720
62950
68640
65630
63290
132070
110380
92420
73570
65510
63750
64410
60930
62790
61600
59940
70399
60620
61880
61330
68100
64120
60469
61680
61340
58410
61920
60460
63360
70260
62030
64580
67160
71790
62140
61310
63340
113690
74060
78350
80230
79850
90560
75790
81020
78640
88780
82610
78710
96540
81960
87780
73390
85239
75210
90020
82489
76020
80620
78350
94860
77700
75930
94190
75580
66010
63270
63510
65630
63270
59390
66170
64770
73590
116980
109500
95450
87560
66870
63960
60030
65540
62290
60570
61660
62060
72240
65310
63830
62230
63380
65550
64040
63089
64140
63920
62460
65830
62530
75230
64760
67620
65040
73040
61600
63260
108060
75270
81630
78550
77960
83170
87610
80550
77620
85410
83390
78130
82490
76400
77370
84130
76640
75000
82340
77970
77110
79680
76090
82670
85960
79770
77450
78700
66710
62310
65680
66090
62200
71020
67440
67980
64839
70530
142110
101400
86060
67690
62710
61290
62940
64550
69460
63780
62900
61740
63190
62720
61810
60740
61000
61110
64010
63440
62900
71480
63080
65760
65220
63690
63280
63950
65240
61620
63730
61690
95950
80270
86110
81809
76460
78640
85930
80150
80580
77140
81050
89470
84410
80520
76540
88030
76240
95090
81570
76800
84840
77920
79410
79290
88460
77090
87720
68400
61180
73160
64820
63820
62160
74420
68280
80140
70100
115420
125950
81280
74420
63790
69750
65830
63400
63810
68060
60790
64400
61840
63290
59400
60449
62690
61400
72930
63330
60030
61160
65420
61190
62190
64230
65210
67770
64780
65870
60800
60830
115610
75790
79900
87340
75620
88370
78890
76460
90870
78000
86130
77200
88710
79700
76860
75290
81210
84619
75950
80110
76260
95390
79760
78450
81770
75410
108500
64890
62800
63430
70220
65570
62910
61610
63080
69490
66970
128780
108870
98570
78890
63930
64980
72880
64320
62100
72890
64350
63010
63940
63040
62590
73670
62270
63460
61680
60790
62680
62890
63180
62259
62510
65230
64759
66080
71430
63680
60780
64600
125500
84960
80160
79260
83290
79190
81610
79630
75810
90130
77640
81420
79110
74920
76030
75750
80040
78600
86080
77960
81180
79910
77640
88810
78090
82430
78300
93850
65830
61300
63750
63270
65630
63830
62489
70030
73640
68230
129260
103810
94080
67990
64160
63030
62490
63010
62740
64120
63390
72370
61700
63800
65970
65220
62520
63140
62030
64530
71020
61280
64190
63450
70860
67510
64040
63790
72320
65190
68140
69860
86420
82140
76910
80780
80200
90510
81320
79999
79370
87730
81899
80870
78620
77510
91830
77390
77820
84310
84000
84240
78320
76000
87430
84880
81860
84330
91140
70230
62090
63290
67430
63610
72090
63670
70520
68070
70880
144280
112379
91280
76800
75180
66030
68460
63790
74940
65580
64650
67550
64320
68780
66890
64470
67510
71820
67230
67510
75770
76470
66680
66030
64350
70260
66870
71500
67590
68030
66950
65860
117640
81490
93670
83160
87170
87310
83170
85940
78320
85910
90050
92050
85510
83030
85280
80510
87520
82120
86520
86450
91380
83100
80820
85210
81720
80370
100930
68730
64450
75910
66460
67310
64760
70650
68890
65480
67560
126190
120440
90140
79400
70420
72230
61010
63460
64980
63510
61510
64390
62790
64940
73490
63549
63610
65620
71350
66440
64240
62050
64240
62960
65990
68140
65200
77720
64130
78410
65520
71710
103450
80820
82360
79470
80910
79180
78250
77980
88380
79950
81390
80260
80940
83370
80680
78150
81080
89790
85530
83080
81420
84020
85330
85870
79690
78950
85990
75770
64760
61130
64270
63640
65399
61170
62820
76469
64280
66440
123850
104790
84900
66970
66120
63810
63000
65350
60220
64120
70940
61850
61640
63030
69230
62680
62280
61710
62320
60130
61640
59980
62010
73380
68160
69210
68070
75210
66830
66370
67350
83290
81030
77950
79160
82780
87770
78010
75980
79800
78489
80590
78330
74990
79390
87260
78140
76330
79660
79540
81090
78000
78750
79440
89990
80630
84700
77890
87710
65170
65580
64400
61700
72110
