65430 
55030 
51930 
46990 
47680 
54370 
48900 
48310 
48050 
47800 
53210 
49860 
49540 
50830 
47460 
52680 
51150 
45970 
44810 
45360 
47020 
49340 
49820 
47540 
45410 
47240 
50190 
49280 
53600 
69440 
62220 
62620 
63290 
59870 
59710 
59900 
63610 
62830 
62140 
58160 
61200 
64220 
64860 
60070 
60690 
58260 
59840 
64180 
59500 
61810 
62240 
58870 
64380 
59220 
59820 
64150 
48110 
47550 
46470 
46470 
47270 
44730 
45800 
53520 
47120 
46810 
86380 
79780 
67280 
53930 
46540 
43080 
46730 
46950 
45200 
47830 
44230 
46490 
48910 
44790 
46770 
44000 
44400 
44340 
47010 
44560 
43100 
43400 
45860 
45620 
47220 
48260 
47160 
48610 
49580 
51360 
46770 
47290 
73150 
62220 
62700 
59340 
60960 
62980 
63250 
62170 
60250 
60920 
60140 
59990 
62650 
62620 
60430 
58880 
59310 
59990 
61040 
61510 
61180 
58980 
58910 
63380 
61910 
60360 
66440 
53470 
49100 
42660 
49940 
47930 
46520 
50250 
52930 
47360 
45660 
83810 
77370 
68780 
57530 
47860 
46950 
45530 
46150 
46280 
45510 
45680 
45090 
47200 
47120 
45350 
48740 
44410 
47710 
47790 
44830 
68420 
50260 
45790 
46270 
45820 
49110 
47640 
50870 
50840 
46810 
45360 
46720 
72960 
63260 
60280 
57760 
60020 
57650 
64200 
62900 
61360 
62840 
58620 
69180 
66700 
65230 
66880 
63330 
64610 
65370 
63950 
61900 
67510 
62090 
63790 
64620 
64170 
66640 
70210 
55880 
48950 
46620 
49170 
50730 
49690 
51440 
47870 
53130 
49280 
97340 
90390 
72350 
65290 
52980 
47180 
50050 
44800 
44970 
48000 
45540 
49750 
45010 
47470 
47730 
46640 
46270 
48470 
46170 
48550 
46370 
51500 
49570 
46700 
48980 
50480 
51790 
52790 
50520 
51100 
47320 
48550 
75540 
66070 
62440 
63880 
62660 
63060 
62720 
63550 
62650 
61440 
62310 
63410 
61640 
64060 
65400 
64600 
64890 
92020 
86860 
87110 
85390 
65780 
66040 
65770 
64200 
62660 
65310 
65060 
51910 
49070 
48830 
49570 
58960 
49430 
52270 
51420 
50390 
51240 
87810 
83210 
69060 
51670 
49870 
49510 
48020 
46880 
48130 
48450 
48890 
47670 
48850 
47680 
46660 
48110 
46840 
47330 
45990 
49990 
48000 
50040 
48090 
56920 
58280 
50970 
52390 
50110 
48410 
48250 
48500 
65300 
66830 
62350 
67550 
64620 
66040 
63970 
61450 
63250 
63150 
61830 
65620 
63770 
66290 
63170 
62730 
63620 
64160 
64500 
65690 
66750 
67970 
64470 
63820 
65410 
63910 
64840 
69030 
49890 
51500 
70340 
68410 
72540 
67540 
50310 
55470 
53220 
52840 
89040 
84180 
70610 
57950 
49750 
50930 
48760 
51930 
48270 
50380 
49710 
48190 
49520 
47170 
46920 
54880 
49320 
52340 
51860 
50200 
52250 
48530 
48670 
49360 
52720 
51610 
52260 
47180 
50300 
47500 
49760 
49880 
75290 
61960 
62020 
60580 
64430 
64770 
64210 
62960 
62340 
63370 
62990 
62610 
61480 
61060 
63640 
64310 
63740 
63270 
64410 
64880 
65570 
65260 
62830 
60790 
62680 
67780 
68510 
49730 
48360 
44830 
52270 
72640 
66940 
63210 
74090 
53040 
49560 
84760 
83860 
58680 
59350 
48590 
47300 
48170 
45450 
49550 
52780 
48930 
50340 
46700 
50400 
49830 
48120 
49760 
49100 
49800 
49660 
49330 
49410 
47670 
46970 
50200 
50030 
48470 
54140 
48070 
49530 
51420 
49780 
76370 
67010 
62900 
62710 
64200 
63790 
65000 
63380 
68180 
63960 
62620 
62600 
64120 
62780 
64810 
61270 
62020 
61040 
62570 
64450 
65480 
59550 
61860 
63050 
65420 
65210 
71980 
49290 
47700 
49490 
51510 
79600 
71090 
67750 
72560 
53700 
53860 
87340 
82050 
70220 
62040 
47910 
46620 
49740 
49250 
52400 
49590 
46460 
49640 
48000 
47850 
50040 
45290 
45950 
51520 
49740 
52070 
5088770 
5081960 
5150680 
54430 
51600 
52420 
49750 
54360 
50990 
51740 
52260 
49210 
79130 
66620 
64970 
69810 
65750 
68720 
65880 
68870 
69440 
64470 
67060 
67030 
5119940 
5120490 
5108140 
5127450 
53460 
61780 
61760 
64080 
59320 
59950 
61780 
61590 
62900 
61320 
62210 
68180 
47260 
47170 
49240 
46760 
45950 
48410 
46400 
52770 
48170 
46590 
84510 
75730 
66660 
56050 
45300 
48270 
44670 
47590 
45130 
43780 
44120 
43170 
46040 
47590 
44000 
46560 
44290 
44980 
45750 
43620 
45420 
46620 
44750 
47300 
47130 
49390 
50020 
48200 
49120 
49180 
48100 
49850 
72950 
61500 
60410 
59080 
60790 
60380 
58510 
63410 
63770 
63370 
60170 
60260 
65260 
60140 
61350 
61350 
59610 
62500 
62940 
62940 
61070 
58980 
58770 
63170 
61350 
61930 
67250 
50190 
45970 
43880 
50240 
47930 
45990 
46270 
50420 
51410 
48310 
83000 
79610 
65660 
55880 
51980 
46030 
48770 
43940 
43730 
48150 
46840 
47080 
46080 
45220 
45650 
47810 
46110 
45390 
43970 
44090 
47390 
49400 
48150 
43260 
46040 
45870 
51300 
50920 
49340 
46640 
47430 
47810 
73990 
62060 
58660 
61490 
59570 
60000 
62060 
61850 
63050 
60210 
62050 
62920 
60770 
59100 
58540 
58170 
59770 
59350 
60400 
58360 
61250 
59510 
61070 
58900 
62770 
60990 
67420 
50890 
45030 
45830 
47790 
45830 
46970 
43690 
50010 
47500 
46170 
83940 
81040 
68510 
62060 
49140 
47350 
47070 
47190 
44660 
45890 
44570 
45150 
44470 
46960 
43800 
44540 
44680 
45620 
46080 
44490 
46910 
45150 
47250 
47420 
45400 
46790 
46690 
49350 
50060 
47420 
47650 
46650 
70630 
64050 
61050 
62280 
59940 
59860 
62330 
61740 
61490 
63450 
61480 
64410 
63070 
59990 
59640 
61150 
61900 
60490 
59810 
61180 
64180 
57340 
61920 
61650 
60080 
59820 
58980 
62650 
50690 
44850 
46540 
47140 
48880 
46410 
47220 
54140 
47280 
48270 
83890 
73660 
64140 
51920 
49610 
47940 
44210 
47170 
45850 
46650 
48230 
43460 
45330 
42750 
45080 
49440 
44740 
46980 
45740 
44240 
47900 
45630 
45250 
45170 
47290 
47910 
50400 
47810 
47640 
45210 
47620 
55330 
65910 
60130 
61980 
58160 
65430 
59720 
58650 
59070 
60280 
61030 
61040 
59360 
61550 
58560 
59970 
62440 
61460 
62340 
60340 
58070 
63890 
60450 
59840 
58320 
61500 
62730 
66200 
49110 
46170 
45150 
49170 
47150 
47400 
50720 
51480 
49180 
47970 
85920 
80100 
63610 
53390 
47340 
45960 
44920 
45040 
44240 
47230 
45430 
45420 
45100 
44300 
45910 
46060 
47270 
46640 
46240 
49280 
47280 
49240 
46150 
43110 
47270 
49420 
49740 
46660 
45720 
50520 
48470 
47820 
70580 
60650 
60610 
66530 
65090 
65250 
62400 
64130 
64180 
66370 
64560 
61520 
63000 
66650 
66820 
66000 
62720 
65240 
63930 
65190 
65920 
63590 
65660 
61220 
65040 
66470 
69690 
52660 
46460 
51220 
51040 
50150 
49660 
46930 
53310 
53210 
48890 
119840 
107300 
132350 
64210 
50240 
47110 
48340 
47850 
27600 
50860 
47100 
47160 
123580 
109060 
52500 
80300 
128580 
82060 
81520 
76860 
27260 
62870 
49490 
47320 
48520 
51520 
48090 
50980 
55150 
50960 
50870 
51420 
76440 
65070 
61760 
64520 
60640 
63910 
62050 
61770 
67650 
62650 
64340 
63220 
63600 
65440 
66440 
61650 
63770 
62850 
64650 
66980 
63090 
65120 
64900 
88870 
95520 
87580 
90460 
75810 
66120 
50440 
52700 
48090 
48550 
47890 
51640 
53480 
48450 
88180 
86080 
70230 
68970 
51630 
47820 
48710 
47560 
50100 
48360 
46390 
49140 
45880 
51170 
47880 
47590 
49740 
49020 
49370 
51010 
46160 
57950 
47630 
48930 
49580 
49960 
49830 
50680 
50430 
51680 
48460 
47720 
76070 
66960 
67290 
63800 
63440 
65430 
65030 
63600 
65760 
63490 
67540 
64840 
63400 
63240 
62670 
62170 
61260 
62740 
66330 
62890 
59840 
64800 
63590 
66230 
64690 
61390 
65210 
61700 
54160 
48510 
48100 
48890 
49520 
49590 
51140 
52700 
76930 
67360 
116170 
80840 
66020 
54740 
48870 
48800 
50510 
47400 
46090 
52820 
48700 
60560 
58070 
48370 
48430 
52340 
50840 
48780 
46180 
47410 
47940 
48440 
55360 
52970 
53920 
50500 
53410 
51480 
49600 
50120 
49090 
71110 
68170 
61830 
59980 
62350 
61970 
62220 
65200 
62010 
63110 
65250 
64870 
63570 
64390 
63940 
65840 
63360 
65430 
62680 
60540 
61140 
61660 
62570 
62690 
62160 
64030 
63390 
64310 
49850 
45090 
49080 
46670 
49350 
49590 
48730 
56660 
51550 
47890 
111350 
108680 
87930 
75620 
65450 
48100 
47390 
48500 
46860 
46490 
45460 
48080 
50150 
47240 
47620 
47860 
46190 
47960 
47150 
46070 
44840 
45490 
47470 
48100 
52860 
48660 
49810 
49060 
50250 
48770 
47720 
46990 
77800 
65360 
62930 
63390 
62030 
64800 
61010 
60320 
62970 
60870 
61100 
64810 
62590 
61780 
60910 
64330 
65230 
65170 
62630 
62730 
61100 
62730 
61480 
62490 
65240 
62000 
67250 
53220 
44700 
46960 
50520 
49990 
48810 
47480 
52290 
48560 
48320 
116440 
109820 
57590 
85870 
62470 
66820 
71020 
47580 
48400 
45040 
49050 
48990 
46840 
48130 
48690 
52330 
50340 
47830 
49800 
48280 
50100 
52290 
48360 
47290 
48560 
52180 
53270 
51530 
51860 
51610 
5086630 
5082300 
5132200 
5165520 
70220 
70790 
69790 
71820 
66890 
65500 
5115480 
5109420 
5112780 
5110260 
59480 
59320 
63230 
60130 
65130 
61380 
60460 
61110 
61870 
62330 
61830 
61150 
62380 
61940 
66210 
60130 
47830 
46400 
45840 
48890 
47630 
44000 
47650 
48090 
50220 
46350 
85090 
73300 
65490 
50670 
47380 
46100 
45600 
44620 
44510 
46280 
46310 
45490 
46890 
43130 
53290 
46700 
47030 
144260 
51480 
46870 
45540 
48210 
44820 
43940 
47650 
47400 
51410 
46520 
48070 
46670 
47100 
63780 
63570 
60730 
61870 
63230 
64630 
62520 
60410 
60030 
59940 
63410 
61080 
59400 
59170 
60420 
60300 
64460 
62800 
59020 
62620 
62100 
64760 
59620 
58560 
61350 
62310 
60610 
67860 
47780 
47480 
48330 
48370 
51000 
46940 
47300 
50620 
48510 
51440 
88770 
76220 
65300 
54650 
46890 
45540 
44510 
46560 
44990 
47420 
43730 
45810 
45010 
44880 
45660 
47130 
44730 
44380 
44780 
53790 
53700 
47520 
44810 
45180 
49670 
49340 
47560 
47730 
49050 
47590 
49870 
47810 
73680 
60860 
59240 
64040 
59070 
59410 
58020 
59120 
60290 
61060 
59820 
59410 
59500 
62330 
61510 
59240 
58780 
62920 
61350 
63130 
59420 
59790 
61170 
60080 
61360 
63930 
64750 
51450 
45130 
46170 
47620 
47020 
44460 
48790 
52000 
50770 
45870 
83750 
81620 
63620 
58200 
48460 
47520 
48310 
43890 
46750 
46600 
44750 
46320 
43650 
47090 
46140 
43470 
46640 
44630 
46620 
45300 
44230 
44550 
46240 
48790 
46970 
47660 
48770 
50020 
46270 
47820 
45970 
46980 
75090 
59820 
59810 
61410 
63480 
62170 
62180 
60230 
61630 
62570 
60690 
67660 
70120 
62770 
61570 
57630 
62300 
58950 
65310 
63700 
61200 
60350 
59520 
63700 
60050 
60110 
63850 
50840 
48030 
46220 
46770 
49010 
46230 
44740 
50010 
51030 
49050 
88320 
82460 
72700 
63080 
49160 
48070 
43620 
47050 
45520 
45160 
45200 
45840 
47090 
47090 
45600 
45530 
44740 
44950 
44680 
46180 
46340 
45080 
44690 
46760 
45950 
47340 
44630 
53040 
47930 
49440 
49140 
46850 
74540 
64010 
62980 
59990 
60130 
63630 
63510 
61970 
62180 
60270 
63960 
62120 
63720 
61660 
63030 
59370 
59700 
58770 
63550 
61150 
61270 
59320 
58290 
61340 
62390 
62580 
58740 
63140 
48430 
47890 
47960 
48070 
47550 
45530 
49960 
50730 
48330 
47450 
83180 
74710 
65060 
50450 
43830 
44120 
46710 
49620 
44810 
47530 
46440 
45200 
47200 
45550 
46140 
45360 
43870 
45700 
48030 
47470 
47730 
48070 
48860 
50570 
49630 
49320 
48730 
46540 
48370 
47500 
46870 
48510 
71870 
61530 
63310 
62420 
58240 
59140 
59380 
68460 
63490 
61930 
38400 
81870 
88950 
83300 
37040 
38510 
36920 
38730 
34400 
36220 
36080 
34780 
36780 
35830 
35590 
35580 
39580 
28450 
27130 
27200 
27310 
28760 
27170 
28650 
28750 
36060 
30670 
49560 
46990 
36190 
32730 
25370 
25980 
28120 
26240 
25660 
25160 
24380 
27010 
25850 
26320 
24900 
25320 
26040 
28030 
26490 
26490 
25190 
25490 
29330 
26120 
27600 
27690 
27580 
29370 
28560 
27730 
27150 
25400 
43490 
35630 
36060 
33790 
34300 
36990 
36020 
37780 
34790 
35350 
36990 
36160 
36490 
35430 
35400 
34710 
38300 
35120 
36010 
35800 
34500 
37840 
36780 
36220 
34510 
34670 
40220 
28180 
26460 
26340 
26330 
28220 
27900 
26460 
29450 
28950 
29030 
50110 
46110 
38920 
35450 
27640 
29050 
27280 
25950 
25000 
28920 
28750 
26880 
26400 
25470 
25090 
26260 
26250 
26430 
25250 
26730 
26820 
27610 
27650 
27180 
27070 
28920 
27600 
29630 
26840 
26390 
26310 
28630 
45870 
38040 
37080 
35010 
35790 
36210 
36470 
33570 
35110 
35020 
36240 
37010 
35950 
34380 
35480 
34530 
37100 
36100 
35300 
34410 
35540 
36330 
34880 
34070 
35420 
36300 
36100 
35800 
27980 
25450 
27690 
26640 
29260 
26550 
27410 
29120 
27000 
29400 
50000 
39810 
36570 
29470 
28210 
26100 
26650 
26600 
24640 
26210 
27140 
26480 
26370 
25630 
26590 
27830 
26710 
26510 
27520 
25580 
27980 
25450 
26460 
27130 
27460 
28530 
27920 
26380 
27390 
27670 
27990 
33120 
36710 
35800 
35860 
36180 
36820 
35550 
34900 
37190 
35350 
36160 
37430 
35510 
36160 
34190 
37270 
34930 
35300 
36290 
35760 
38560 
36010 
35090 
37490 
35520 
36140 
38190 
38890 
29200 
25470 
27770 
29590 
28650 
26320 
26110 
32370 
28380 
27150 
50060 
45720 
35960 
33930 
26440 
26010 
25680 
24880 
26130 
25230 
26680 
26150 
24610 
26710 
26700 
26560 
26910 
25610 
27190 
27980 
26260 
26430 
26680 
26880 
26270 
28670 
26410 
28270 
25370 
26820 
27040 
27230 
42430 
36250 
36120 
36270 
35420 
36250 
35920 
34870 
35600 
36770 
35920 
37240 
36480 
35670 
36740 
34490 
37430 
36080 
34990 
36720 
35560 
37570 
34620 
34590 
36270 
36540 
38330 
26280 
25160 
27330 
27620 
29840 
26710 
24560 
28900 
28620 
28540 
49480 
44910 
36390 
34210 
27920 
26310 
25100 
25890 
27650 
24810 
27410 
25850 
25680 
26300 
28230 
26190 
27360 
27490 
26510 
28760 
26070 
25700 
26440 
4333960 
26280 
4330570 
52670 
56290 
50240 
63310 
51090 
48330 
42060 
67460 
68590 
65830 
65840 
65610 
63200 
67490 
67340 
84910 
86750 
84110 
86070 
86050 
67780 
63080 
65020 
64460 
69700 
68070 
67700 
67020 
71530 
69110 
66880 
65360 
71450 
52760 
49490 
45750 
49840 
48540 
50130 
47920 
50000 
53810 
50170 
60840 
87540 
78510 
69710 
54110 
51530 
47980 
49170 
50360 
45400 
48090 
46450 
46170 
50960 
47320 
47460 
47610 
46330 
47520 
47750 
46410 
46040 
46510 
46990 
48850 
51710 
51470 
52010 
49020 
51980 
51190 
52490 
73850 
71220 
65510 
64600 
68800 
64060 
63640 
66020 
68150 
68790 
63260 
64720 
63200 
71140 
66740 
65500 
65550 
65510 
67270 
64940 
91250 
87310 
83890 
93040 
86070 
87340 
65560 
65190 
50350 
51350 
51640 
48820 
