102070 
84620 
35240 
81750 
37640 
34750 
38600 
35010 
39520 
38050 
40040 
32620 
37300 
34440 
41480 
36450 
39160 
33700 
33480 
22330 
30110 
24400 
23630 
20160 
27620 
27350 
33550 
24400 
28240 
45190 
38880 
32620 
28070 
23720 
23330 
17520 
28310 
21730 
23450 
18730 
28580 
22900 
22260 
18170 
27440 
22960 
22710 
19680 
24830 
21830 
24470 
18900 
29070 
23460 
22230 
19930 
26800 
24650 
23310 
18160 
27400 
35830 
29900 
29390 
36290 
30010 
30020 
25460 
39610 
39200 
34900 
32220 
37560 
35600 
29790 
26040 
32500 
34240 
29460 
28860 
36630 
29850 
30720 
27070 
37670 
32510 
28650 
27190 
30120 
24020 
24210 
18840 
27880 
25200 
23930 
22890 
27890 
22780 
38700 
35810 
38900 
25820 
21960 
18680 
27360 
24300 
23190 
16490 
26430 
23310 
23040 
20370 
26130 
22750 
23490 
18030 
28440 
22880 
20740 
19050 
34020 
29020 
25010 
18180 
29220 
25810 
24360 
20480 
27210 
38360 
31350 
27770 
39860 
31830 
28280 
27110 
37060 
32740 
29960 
25680 
36510 
32060 
29110 
27600 
36150 
31600 
30540 
27840 
38260 
31330 
27820 
27960 
38320 
32160 
30270 
30760 
32920 
24510 
22400 
21120 
27080 
22580 
22770 
23270 
29390 
23730 
37740 
38880 
40200 
29090 
22940 
18380 
26720 
23880 
22080 
20260 
26360 
21840 
25240 
18230 
28550 
24580 
21910 
20030 
27480 
26040 
24010 
17200 
29620 
25540 
23300 
21350 
28510 
23280 
24790 
18380 
29010 
25850 
32440 
28140 
37570 
31830 
29010 
26840 
37360 
33430 
29430 
28030 
35970 
30530 
31120 
25750 
39420 
31980 
28190 
28020 
37410 
31950 
29970 
28480 
37740 
32700 
31520 
27220 
34810 
23150 
24320 
20160 
28270 
24960 
22200 
19470 
31080 
25630 
23000 
39580 
42580 
31720 
25420 
20420 
26690 
23390 
24680 
18000 
27540 
23310 
22420 
20370 
25940 
23750 
22930 
24200 
24000 
28400 
18320 
21440 
23310 
24290 
21390 
22260 
25950 
27620 
21250 
25490 
24190 
30780 
30620 
27980 
30610 
36790 
28390 
31010 
34190 
32880 
29180 
31160 
35750 
36610 
27570 
29140 
35480 
37660 
27670 
29400 
32060 
37290 
28460 
30190 
31410 
38650 
24600 
29090 
37830 
27360 
20720 
22210 
27090 
28530 
23640 
20920 
27540 
30740 
23990 
37290 
41170 
38440 
24440 
22270 
25040 
27700 
17490 
21030 
23430 
27890 
21990 
21860 
23780 
27080 
21780 
21250 
23980 
24510 
21650 
24410 
26420 
64330 
27490 
27580 
22430 
21090 
29210 
23620 
23650 
20490 
32090 
35800 
29020 
26640 
39370 
32130 
29390 
25440 
34910 
33320 
29730 
28310 
38110 
31440 
30310 
28830 
37350 
34290 
28400 
25620 
34860 
3970640 
30070 
29500 
31260 
34620 
28990 
28550 
24720 
24230 
23470 
22340 
23520 
26640 
22680 
24100 
26100 
49490 
34960 
37670 
29000 
30860 
19430 
22590 
23580 
24600 
23080 
22400 
21890 
26580 
21390 
62920 
21910 
25610 
24290 
22310 
22070 
26030 
22290 
22940 
23020 
24570 
23090 
23160 
23380 
26690 
22100 
20250 
24100 
42060 
29590 
29880 
32490 
35490 
33850 
33040 
31340 
34690 
29600 
28670 
28240 
34370 
27860 
28480 
29420 
33970 
29480 
31480 
28610 
33500 
30450 
30190 
31020 
34500 
28020 
29700 
24940 
24730 
22210 
71190 
22490 
26300 
23250 
25610 
24410 
26130 
36920 
40470 
28810 
29900 
24150 
21680 
22190 
25610 
21480 
20950 
22800 
24270 
25080 
21630 
22050 
23270 
25230 
91190 
23370 
26250 
23600 
22600 
21460 
25340 
22220 
22040 
22350 
26070 
23630 
21540 
22300 
43320 
28190 
31210 
29950 
34550 
30070 
29270 
30990 
38750 
29560 
28790 
30980 
34440 
29300 
28690 
29550 
35050 
29780 
31760 
31290 
32290 
28070 
28440 
28900 
35710 
28970 
33260 
24890 
26930 
23250 
22110 
21600 
26280 
22930 
26120 
25700 
25810 
22980 
37770 
34690 
33910 
24990 
66450 
20160 
25450 
24160 
20450 
20280 
26280 
22570 
104950 
23660 
76420 
23000 
29840 
19380 
21590 
21780 
24230 
21840 
21030 
24870 
28120 
22210 
22380 
20700 
29840 
18480 
21430 
35470 
35650 
28870 
28520 
29020 
32910 
30520 
38420 
60690 
76010 
52850 
81850 
55640 
82330 
55670 
74710 
55780 
78490 
32400 
80170 
53710 
78910 
56550 
75600 
145340 
77130 
64350 
64440 
42830 
59800 
44140 
62950 
44830 
61000 
49470 
61700 
40890 
101160 
39220 
84890 
60700 
58230 
41620 
56610 
42230 
58670 
41030 
53630 
43750 
27950 
24030 
28790 
17420 
59750 
19230 
24980 
24090 
22650 
20160 
25770 
23140 
24080 
22170 
24880 
23140 
22340 
22030 
26930 
21610 
35690 
32290 
34560 
29880 
32140 
27190 
35850 
29670 
30780 
29850 
32630 
29410 
31190 
26650 
36390 
22440 
26390 
29060 
36340 
30140 
28240 
26730 
34340 
29050 
30320 
31180 
31260 
25020 
21050 
22270 
27160 
22480 
121890 
17990 
28160 
22340 
38280 
35990 
40490 
28520 
25540 
21530 
24460 
23620 
21260 
20970 
24900 
22010 
22540 
22570 
26260 
23520 
20670 
21420 
29440 
20010 
21250 
19650 
25840 
23930 
21050 
27170 
25140 
21900 
21860 
25160 
25280 
22940 
34680 
31900 
33950 
30510 
94370 
32360 
119110 
30030 
34690 
29880 
35380 
29740 
100700 
28830 
33520 
25910 
27740 
29730 
35370 
24650 
27210 
31530 
34290 
24290 
27630 
28980 
37160 
19110 
112720 
15850 
24810 
21440 
20680 
20760 
27970 
20520 
75980 
128550 
44850 
20600 
31140 
18270 
26040 
20830 
21230 
26400 
25620 
24600 
19930 
22890 
24160 
23650 
19990 
27660 
23260 
23490 
19090 
24330 
24360 
22150 
17200 
27370 
24570 
25600 
18030 
27220 
24650 
24690 
26910 
41090 
31500 
29210 
27680 
37400 
33290 
29850 
26270 
39650 
31330 
34380 
28120 
35600 
31940 
28730 
25620 
36700 
35280 
30570 
26850 
66360 
74290 
68280 
74840 
73290 
77240 
70190 
55840 
50590 
56320 
54890 
55210 
49980 
54890 
56390 
60530 
50320 
98800 
82800 
69470 
60200 
53890 
54850 
57200 
48730 
50200 
51680 
53060 
51600 
53460 
62950 
59100 
49980 
58160 
47960 
49950 
59220 
53340 
60950 
55490 
53470 
58680 
52760 
54980 
52150 
52930 
50790 
56920 
79480 
76410 
68490 
74380 
71740 
77410 
71620 
73260 
67360 
75680 
71720 
73280 
69690 
74280 
73540 
76440 
71820 
76490 
76690 
78840 
72180 
72240 
69750 
74720 
70250 
73960 
73670 
57710 
55630 
51730 
55100 
57120 
49800 
56240 
55570 
54010 
55140 
103820 
89040 
74680 
64750 
57270 
55180 
54790 
51320 
51770 
50740 
53780 
46630 
55940 
48890 
28110 
27110 
24010 
26900 
23720 
24800 
26180 
26900 
26510 
25760 
25450 
25880 
24790 
28070 
26570 
26350 
24520 
28520 
35210 
37500 
34320 
35070 
33740 
35910 
33840 
37470 
35880 
33870 
33010 
34520 
32590 
36000 
31170 
36230 
31760 
36730 
33020 
33050 
33550 
34210 
35280 
33820 
33370 
33710 
32700 
25580 
25860 
25170 
23790 
28510 
24030 
28900 
26970 
26530 
25770 
46830 
39080 
34650 
25670 
26170 
25230 
25130 
26230 
23810 
25580 
27080 
25070 
26320 
24040 
23420 
24100 
26180 
26860 
26370 
23160 
24830 
27820 
23920 
26450 
25390 
28430 
30550 
38520 
37470 
31620 
26550 
41000 
35800 
35570 
36760 
33600 
37160 
33010 
36890 
37890 
33260 
33170 
39050 
36530 
36570 
38330 
32790 
36930 
34050 
35390 
37660 
33320 
34110 
34430 
34910 
36760 
33280 
35960 
31590 
25300 
28390 
27600 
26070 
26400 
31420 
30500 
33760 
26190 
58530 
47910 
37630 
33470 
29700 
23730 
29330 
25840 
27290 
34680 
33340 
32480 
29630 
27100 
25570 
25380 
26490 
24060 
32870 
37160 
26780 
27030 
27590 
24490 
29250 
25700 
27310 
29930 
25900 
26730 
28850 
24800 
43850 
33970 
41290 
36910 
35010 
36510 
38400 
34200 
35920 
34230 
36590 
41620 
46460 
37780 
37080 
31320 
34790 
34710 
34600 
36140 
31510 
32440 
40260 
34360 
36310 
32290 
38500 
27900 
25350 
28530 
26020 
25660 
26280 
25810 
26050 
27670 
24710 
46870 
48160 
34980 
31210 
23580 
25420 
26290 
25310 
27230 
25850 
22910 
25010 
23870 
24350 
25200 
25440 
23810 
32880 
25190 
27310 
24450 
22970 
25750 
25970 
25900 
26190 
24220 
26050 
25850 
23180 
26470 
45660 
34600 
40300 
32960 
37160 
38010 
32660 
33360 
34270 
34670 
37040 
34160 
34280 
34000 
32820 
36550 
33950 
33070 
37070 
33150 
36560 
34160 
32790 
34200 
33680 
35160 
40060 
27760 
26360 
23490 
26260 
28180 
23310 
22880 
28320 
30760 
27540 
39450 
49990 
36540 
31160 
20340 
29360 
26070 
22990 
20080 
22780 
24440 
22370 
17810 
28260 
25010 
24820 
18380 
24900 
28110 
24090 
21280 
23300 
22500 
22210 
18870 
26540 
24840 
24020 
17870 
30460 
24700 
23720 
32470 
35310 
32460 
29040 
27150 
37040 
29590 
27640 
25660 
35650 
31060 
29120 
25150 
39150 
31340 
28590 
25810 
35120 
30960 
32520 
28370 
38610 
30760 
27680 
26520 
36120 
31000 
23840 
18180 
28740 
25640 
24490 
19790 
29240 
26940 
23070 
28220 
48790 
41080 
31990 
27740 
25380 
24810 
23460 
22640 
29300 
25590 
25950 
24850 
24030 
24240 
26560 
25240 
24570 
23840 
24240 
24040 
24200 
24770 
23630 
23840 
27340 
24420 
26370 
33750 
25400 
30610 
22860 
45330 
30730 
38600 
27310 
38810 
31430 
38210 
31830 
36120 
29960 
36240 
30450 
37590 
27190 
36080 
32140 
38470 
32370 
39160 
29860 
37050 
27660 
37110 
27270 
34680 
30130 
39270 
25340 
28050 
19900 
28620 
23680 
29630 
22290 
29430 
24570 
28650 
32910 
48380 
27560 
35220 
20650 
27660 
22370 
27400 
21930 
26640 
22710 
29200 
21990 
29260 
20020 
29140 
23020 
27890 
20560 
27050 
27390 
29330 
22690 
28200 
20600 
28630 
21330 
30410 
25400 
30220 
21420 
28730 
38570 
37820 
28390 
34390 
28160 
34940 
30710 
37750 
31800 
38000 
29060 
37400 
30640 
37110 
28790 
36620 
35100 
40820 
30240 
36210 
28770 
36630 
31080 
38190 
29970 
37190 
32370 
31490 
23530 
27370 
22070 
30900 
21710 
30560 
25490 
30890 
22250 
49170 
38990 
40690 
23240 
28660 
22990 
30720 
22230 
27630 
24470 
29840 
21780 
28830 
21190 
26850 
21000 
27290 
23340 
27460 
18850 
28070 
25090 
29370 
20850 
28700 
21310 
29030 
21160 
31360 
20610 
29040 
32740 
38030 
31910 
37990 
28050 
37280 
30130 
38880 
30890 
36260 
28900 
38000 
29850 
52550 
46810 
47000 
28400 
28540 
29020 
35650 
28350 
28690 
30450 
36230 
29250 
28320 
32400 
40160 
23580 
22140 
21280 
27200 
23400 
21630 
26680 
31000 
20970 
40050 
39890 
42730 
29360 
22700 
23720 
27110 
22230 
23750 
21510 
23860 
22820 
21830 
23720 
24370 
21720 
21080 
24050 
25160 
22620 
20400 
21550 
26010 
21850 
22140 
24920 
25730 
24810 
21840 
24390 
26200 
22990 
35000 
32160 
36250 
30240 
28200 
31420 
35350 
28570 
29270 
31460 
34300 
26580 
26160 
29430 
33830 
28750 
29460 
31400 
36250 
28500 
28160 
30520 
36600 
28400 
29780 
30570 
36150 
25290 
21180 
23740 
28370 
22560 
21810 
23190 
28520 
24290 
22130 
45100 
44440 
26870 
26920 
22980 
26980 
22100 
21530 
24070 
24720 
22610 
22820 
24520 
24720 
22960 
21810 
22200 
26220 
21970 
22050 
24460 
24950 
23540 
22510 
23920 
28800 
20750 
20120 
20680 
27060 
22570 
36300 
30580 
35580 
28460 
30220 
31910 
36540 
29300 
29180 
32170 
36170 
28490 
29010 
33400 
35070 
28540 
28660 
30710 
35700 
28350 
29660 
31190 
34060 
28750 
28310 
32490 
40260 
24820 
21700 
22640 
27570 
24020 
22070 
21960 
29240 
22580 
28020 
21320 
44570 
28290 
28320 
24900 
26130 
21790 
21820 
23510 
25390 
22630 
19930 
21090 
25280 
21560 
22070 
21300 
24270 
23390 
21670 
24610 
24360 
21660 
20360 
22910 
28080 
22750 
22380 
23080 
25380 
22480 
21150 
40900 
35770 
30090 
28220 
33900 
34520 
28020 
27830 
32470 
35330 
28700 
28460 
31400 
37010 
28510 
30270 
30450 
37820 
30880 
29580 
32340 
34860 
28750 
30150 
30630 
38220 
29670 
20520 
19750 
27780 
23610 
22830 
21610 
25490 
24080 
22690 
25950 
45490 
32770 
32610 
27260 
32290 
22460 
21600 
19870 
28130 
24330 
25200 
23070 
28660 
24080 
28280 
22780 
24920 
40490 
56850 
43010 
57510 
43560 
54790 
42760 
65360 
46560 
65310 
42240 
58180 
45080 
79050 
59620 
81940 
58550 
79290 
56520 
79650 
133560 
81160 
55230 
41590 
28400 
35960 
26620 
40420 
61350 
79820 
59660 
75690 
52220 
82970 
58950 
40070 
30390 
34810 
28920 
34310 
34070 
82970 
41020 
57680 
47450 
32560 
27960 
25370 
25770 
25930 
25960 
47300 
35900 
36100 
28830 
144960 
27250 
32410 
28690 
90400 
21420 
43160 
29300 
87130 
23730 
88430 
21440 
61310 
41490 
57810 
28220 
59340 
42970 
61790 
44210 
57930 
58380 
51240 
55460 
31680 
25700 
24960 
49860 
86610 
73160 
70620 
68030 
75990 
66430 
73030 
75190 
73770 
71960 
69560 
68790 
77380 
66940 
73000 
67270 
71410 
72170 
73860 
66140 
75220 
67400 
74560 
75850 
80790 
72760 
76690 
56050 
30880 
25630 
25710 
29050 
29850 
26160 
25510 
25900 
25010 
52030 
46110 
35610 
29780 
30580 
26010 
26910 
26120 
23270 
24380 
25140 
25840 
27620 
23410 
24940 
23980 
23950 
25650 
24200 
24670 
25650 
24680 
26700 
24390 
27140 
28850 
27460 
28230 
26530 
22820 
24370 
31630 
37950 
35530 
33310 
31860 
37770 
34160 
36000 
35280 
32260 
33370 
41230 
37160 
38390 
31810 
33220 
35480 
35010 
35800 
38180 
32820 
43920 
36490 
38280 
32500 
41330 
33320 
33210 
28150 
26470 
24440 
24930 
26090 
25010 
27240 
26770 
25380 
27450 
47730 
42770 
34270 
24700 
26890 
26140 
25810 
27850 
24690 
23750 
26140 
23800 
24810 
29840 
23980 
27110 
24820 
26930 
24630 
24280 
23190 
24800 
26370 
32410 
26380 
24690 
27620 
27390 
26270 
24640 
24060 
45920 
33980 
34580 
35880 
30810 
35000 
34130 
36400 
37210 
31500 
32320 
34730 
33250 
36010 
33990 
34580 
38350 
34460 
35800 
34540 
33040 
32810 
34510 
34640 
42120 
31460 
38170 
29190 
24510 
26360 
25820 
31460 
28270 
20710 
27490 
25990 
25840 
50470 
36180 
29040 
34650 
23150 
24620 
18650 
26100 
24500 
22640 
17360 
28850 
23180 
25960 
19660 
27000 
24130 
25290 
18430 
28200 
24080 
23500 
18170 
28450 
24750 
25970 
20030 
29850 
24230 
23610 
19470 
27040 
35510 
29660 
29880 
40410 
33980 
28330 
27870 
35810 
32290 
28970 
25590 
38230 
28810 
28280 
27810 
37150 
30920 
28750 
27040 
37140 
31850 
28300 
26550 
36040 
31220 
29990 
25850 
30950 
27670 
24560 
20200 
27040 
23500 
23660 
22220 
29160 
24060 
36130 
34790 
35290 
26330 
23810 
21800 
28480 
24420 
24440 
21180 
21580 
24120 
24310 
20540 
31820 
23590 
22670 
19000 
31020 
28460 
22010 
19360 
24730 
22780 
27210 
22030 
28250 
24420 
23500 
20120 
25200 
40370 
27160 
25650 
30440 
30660 
25310 
27550 
42300 
36660 
34940 
39410 
36220 
34870 
39650 
33830 
34320 
29260 
37200 
31670 
33350 
28800 
