132060 
67250 
57280 
56460 
50450 
51400 
55080 
53030 
50690 
54070 
52860 
54820 
50130 
56220 
53420 
53570 
58210 
52380 
52310 
50950 
69080 
73550 
67460 
71570 
65280 
67070 
67420 
70200 
69000 
69180 
66880 
70040 
67800 
67950 
66680 
65970 
67990 
69000 
76190 
74440 
71290 
67790 
74770 
65870 
67810 
71840 
77300 
58410 
53650 
51330 
55260 
53140 
50960 
54690 
57430 
54760 
51780 
50360 
97240 
59310 
63110 
53140 
49920 
55050 
51520 
51750 
51710 
49600 
53840 
51070 
51240 
52060 
51030 
53390 
51940 
50040 
51400 
49840 
50760 
52000 
53850 
53160 
51990 
54900 
55700 
51780 
52270 
50450 
61600 
68200 
67970 
70200 
67450 
68810 
72420 
65490 
77940 
70460 
67480 
72000 
67960 
68180 
67400 
68310 
66110 
69120 
67640 
65950 
68790 
67880 
69160 
66560 
67050 
67010 
68800 
75100 
53930 
49990 
52720 
51010 
54970 
53490 
53550 
56350 
54130 
55650 
86870 
83200 
70610 
53880 
51370 
59690 
51170 
49860 
50310 
50990 
53210 
51150 
56280 
52730 
49180 
52380 
48890 
54320 
51110 
49250 
54030 
51560 
51020 
49730 
53340 
59120 
55010 
55820 
51920 
52230 
52190 
71910 
74850 
66620 
67140 
69300 
71080 
71280 
68610 
69450 
69010 
69540 
66760 
69170 
66200 
68260 
71900 
70730 
69630 
66150 
66860 
70210 
68220 
67270 
67870 
70310 
71240 
73980 
56420 
49790 
48820 
51700 
61950 
57330 
53400 
57650 
54200 
55330 
84430 
79050 
74560 
67280 
58320 
51570 
50070 
51710 
50070 
53410 
52500 
50790 
51620 
50680 
52760 
51670 
50970 
50650 
49260 
50010 
52540 
51050 
51690 
50320 
53100 
54300 
54110 
52680 
50980 
54060 
66520 
53640 
71920 
68610 
69840 
70680 
68600 
71970 
67970 
73820 
69690 
70560 
67020 
72350 
73990 
72160 
73580 
66620 
66810 
67180 
71420 
71960 
70150 
70080 
69630 
70190 
68350 
66940 
74170 
54610 
48650 
58110 
55520 
53300 
41360 
57920 
55650 
57400 
53410 
100740 
74590 
73410 
59600 
50850 
50600 
51370 
51520 
53000 
53560 
52240 
52020 
49460 
54140 
50310 
50400 
49120 
51240 
54880 
51020 
51880 
49340 
54270 
51930 
53940 
59370 
56730 
54730 
54200 
54270 
52210 
67920 
68490 
71990 
73820 
69080 
70060 
67690 
70810 
70570 
66450 
67000 
66390 
67070 
72680 
68370 
66110 
65890 
66020 
66020 
69890 
68050 
66600 
68370 
66500 
69290 
67170 
62520 
56260 
49920 
54390 
52330 
53210 
52430 
49540 
57190 
53140 
52160 
48120 
77640 
78330 
69010 
52960 
51490 
51330 
50210 
58510 
51280 
53890 
51810 
50190 
53880 
55530 
56730 
51750 
51280 
55280 
50440 
51360 
50280 
50030 
54710 
51710 
53880 
51420 
54840 
59600 
55090 
51680 
50560 
71400 
69080 
68850 
66970 
67080 
66570 
66550 
71450 
68230 
66470 
66480 
68840 
71050 
67840 
69690 
66260 
66610 
72010 
66620 
69490 
67410 
65920 
69510 
69560 
69390 
66300 
73230 
53680 
54600 
50950 
51310 
56070 
54350 
61770 
55500 
54410 
56460 
82950 
72050 
70990 
55020 
50170 
51850 
53920 
52450 
50790 
52270 
52870 
54320 
51720 
50110 
50930 
50540 
53150 
55250 
51020 
50730 
50070 
56510 
54680 
51120 
54230 
52360 
53070 
58360 
53450 
53530 
51010 
68370 
76220 
65080 
66390 
66520 
67730 
70110 
69440 
75390 
74840 
70770 
67960 
70880 
70490 
68310 
74700 
70110 
69970 
68360 
66900 
74760 
66530 
68550 
66270 
66300 
65850 
81140 
60430 
54130 
53200 
53610 
56990 
55970 
52040 
56020 
55510 
52810 
87990 
79900 
85270 
71290 
53780 
52800 
54520 
52730 
49990 
51890 
50270 
55300 
51740 
52630 
54080 
53990 
53400 
50180 
51890 
52330 
53560 
55800 
58280 
54510 
50180 
51360 
50090 
55100 
53670 
52500 
55520 
52350 
72310 
69550 
68400 
66090 
66280 
54920 
66620 
71460 
67610 
68800 
69560 
68260 
69710 
68670 
66830 
71330 
68090 
68660 
64250 
67400 
65830 
70470 
70070 
66560 
68660 
69400 
77570 
58400 
50910 
52040 
55580 
60930 
52890 
51380 
56430 
54690 
53970 
50120 
77940 
65020 
61670 
57800 
52660 
55110 
67480 
55570 
49750 
56350 
51170 
49740 
51850 
49830 
53520 
50300 
50360 
52540 
49850 
53750 
50230 
54460 
50810 
52400 
54730 
54730 
53190 
51620 
51020 
55180 
69750 
70380 
67040 
64870 
67820 
67820 
68370 
68130 
66280 
67230 
68740 
67010 
70180 
67350 
72560 
71860 
67490 
68510 
66750 
66110 
71080 
46660 
71950 
68070 
68940 
69330 
75280 
55600 
51540 
51940 
52560 
55970 
53090 
53640 
52970 
53520 
56060 
50290 
80380 
78640 
73840 
60270 
51890 
51930 
50860 
49750 
56310 
51580 
51150 
50040 
53750 
52510 
51860 
50660 
52570 
50400 
49840 
53350 
51480 
50840 
50290 
49740 
55460 
50610 
52710 
53640 
51920 
54340 
50560 
73450 
67300 
69000 
75670 
68230 
70600 
69300 
69320 
72370 
69530 
71380 
68400 
70280 
65880 
71760 
68230 
66400 
67400 
64680 
69120 
66510 
64720 
73180 
67870 
70700 
66150 
75780 
55260 
50880 
52940 
52370 
52400 
52430 
51400 
58970 
55810 
53550 
85020 
78250 
76590 
64180 
53490 
50990 
50050 
51000 
55020 
50530 
51540 
50700 
48540 
52280 
50550 
50240 
61630 
52850 
54690 
51430 
53590 
51670 
50110 
52350 
54150 
50930 
52600 
54010 
51610 
54300 
52610 
75200 
66640 
69440 
70250 
68190 
66180 
66700 
69390 
70810 
67480 
67230 
65060 
68030 
70300 
72670 
69410 
67830 
68400 
70610 
68680 
68460 
66150 
71030 
65690 
71880 
67950 
72100 
64080 
50280 
54050 
52950 
51990 
52320 
49890 
55660 
64460 
55370 
74550 
83130 
83810 
40900 
57140 
51960 
50950 
59040 
51530 
51260 
51280 
50020 
50550 
53620 
51120 
49720 
51880 
50730 
56380 
51790 
51040 
52580 
51090 
53240 
49440 
51430 
51190 
52440 
55880 
51840 
51760 
53570 
71150 
72030 
66450 
70570 
67550 
64970 
55040 
69670 
69040 
68550 
66120 
66460 
69580 
66420 
66540 
66450 
65800 
76740 
68430 
68770 
77210 
72100 
69320 
68170 
68640 
68120 
76260 
57200 
53500 
50330 
50620 
51640 
50110 
52330 
57780 
59010 
53990 
89760 
78580 
77580 
59140 
52030 
57450 
55270 
51230 
50830 
51630 
48880 
55270 
50440 
52150 
53160 
51380 
53310 
53730 
49820 
52430 
51910 
50790 
53990 
50680 
51890 
51840 
54370 
62190 
53270 
54210 
60970 
71880 
72810 
67230 
69260 
66740 
67570 
70680 
68450 
73610 
68960 
71720 
71920 
69450 
67860 
67710 
70900 
67630 
69860 
72010 
67850 
69180 
68730 
71430 
67600 
66760 
67170 
64630 
72990 
55060 
51140 
52700 
51160 
54830 
50850 
52990 
55170 
53730 
54480 
84000 
79850 
72730 
58080 
51990 
54220 
51170 
49170 
50400 
49970 
53450 
59160 
53560 
49900 
48520 
54470 
51120 
50890 
49220 
51320 
54040 
48600 
52600 
52590 
51500 
55820 
54100 
51950 
51610 
51490 
50070 
70410 
67980 
68770 
65960 
67500 
71510 
67750 
67620 
71490 
66870 
70970 
67110 
69760 
66750 
70270 
71240 
66290 
70730 
66920 
68530 
72690 
68470 
67320 
64910 
67820 
65850 
77910 
56290 
50300 
50970 
62830 
59920 
54550 
50720 
56770 
54040 
54110 
49910 
77550 
78080 
62890 
58210 
50640 
52240 
50650 
50660 
53640 
52710 
49780 
52850 
52630 
49210 
52860 
51400 
51150 
50080 
51640 
52250 
51330 
49720 
49950 
52030 
55030 
53260 
53990 
52350 
51930 
53350 
60640 
73170 
68120 
70540 
68270 
66460 
68200 
66660 
68200 
66230 
70370 
69920 
71790 
68500 
66700 
71280 
68710 
67030 
67420 
66490 
69540 
68000 
58130 
67550 
66660 
70520 
69430 
73780 
54000 
51940 
55960 
53330 
53450 
51440 
66540 
60560 
54870 
51780 
51390 
84420 
72790 
57900 
51370 
51250 
51490 
50400 
53600 
51100 
49320 
49960 
50910 
53050 
51120 
50190 
52060 
49710 
52670 
51180 
50470 
49320 
49780 
51330 
62390 
56420 
54460 
52760 
52460 
53760 
51840 
70790 
70650 
68790 
72250 
72600 
70390 
67110 
67170 
69170 
66930 
67530 
68310 
75960 
73320 
67590 
71590 
66490 
66280 
68220 
70210 
68140 
68200 
69130 
66070 
72190 
68560 
76480 
56000 
52140 
55140 
52170 
55610 
51600 
53940 
59580 
54330 
53370 
83090 
74720 
75450 
66060 
52630 
51730 
49260 
55680 
55150 
69890 
58440 
50700 
50820 
53600 
54150 
53540 
53760 
49680 
53120 
52150 
52230 
48920 
50390 
53480 
52520 
52850 
52920 
54250 
54800 
53640 
53520 
56840 
64790 
67280 
69160 
68050 
65180 
68470 
66600 
68770 
71290 
71670 
67280 
66600 
69660 
66980 
68880 
68700 
67360 
70560 
65770 
69540 
72830 
68830 
75500 
68320 
67290 
74900 
76160 
53740 
58530 
52860 
53090 
51750 
51450 
54350 
58620 
52780 
55790 
48370 
71090 
70450 
53390 
54170 
49260 
52580 
51730 
50230 
52150 
48500 
52640 
52080 
51050 
49410 
50030 
52360 
52660 
49990 
51360 
49050 
48310 
52350 
51440 
51820 
51440 
54410 
55950 
51390 
50970 
51190 
68660 
70250 
73750 
73830 
67020 
67510 
68820 
75530 
70440 
65740 
71710 
66700 
71220 
70080 
69090 
68960 
67200 
68830 
68880 
66930 
70590 
68350 
70330 
65810 
70170 
68420 
73990 
58150 
49980 
50260 
51850 
54610 
54350 
50850 
58220 
54360 
53060 
89740 
79240 
72240 
65950 
53090 
52480 
54370 
52000 
50320 
52000 
50740 
53400 
50530 
49660 
50740 
50080 
52620 
49800 
55270 
51410 
50290 
58980 
53740 
52740 
52500 
52080 
51940 
55430 
52800 
52540 
51900 
52170 
87570 
68060 
70700 
44460 
68080 
71600 
64610 
72120 
68010 
69750 
71460 
66150 
70570 
65470 
67880 
71350 
67770 
67550 
67630 
68770 
66070 
71630 
67960 
67150 
68320 
73430 
78500 
57720 
50310 
53550 
56970 
56770 
51110 
52840 
60290 
54690 
59810 
50480 
88080 
80320 
58800 
57490 
53430 
49100 
51270 
81480 
82420 
78340 
63000 
51770 
50740 
51390 
57510 
50240 
51490 
52590 
50140 
53310 
49290 
51100 
50260 
52120 
54700 
53550 
53640 
51450 
51560 
55150 
52060 
82240 
71320 
67860 
74260 
71060 
71170 
66520 
68340 
71760 
69990 
68540 
70810 
65310 
67380 
69920 
66720 
68990 
66380 
68210 
69510 
72540 
69720 
67300 
69020 
70760 
73340 
54880 
56550 
57140 
54920 
57730 
53000 
53360 
56890 
56790 
56710 
50350 
77830 
84140 
67230 
59840 
51430 
50820 
49880 
48650 
54810 
52700 
50360 
49770 
49590 
58450 
53960 
51200 
50660 
49730 
50890 
52250 
49840 
51490 
52830 
53110 
54120 
54150 
52490 
51770 
52110 
57940 
51170 
72530 
70660 
76490 
76060 
69890 
69630 
67200 
69820 
76100 
68420 
69360 
65670 
66780 
66250 
73250 
69630 
66770 
73340 
66950 
74570 
70600 
67190 
67920 
65270 
68290 
70030 
76840 
53920 
49930 
57190 
55100 
52980 
51470 
51420 
58780 
55010 
56600 
85350 
68280 
71430 
57350 
54960 
52740 
50980 
48530 
54020 
51450 
49850 
49650 
52040 
57140 
50230 
58540 
52930 
50330 
56550 
50850 
49910 
50410 
49970 
55760 
53530 
53390 
54500 
50910 
56460 
58270 
52060 
69130 
66750 
69540 
75450 
69630 
67690 
68540 
67420 
75520 
71960 
69650 
66060 
69200 
71060 
71390 
69170 
68630 
66870 
70540 
70630 
75020 
67760 
74300 
68010 
71310 
67970 
75800 
56460 
51010 
52970 
54910 
53410 
51050 
50480 
65790 
56550 
54820 
83730 
76330 
65450 
63840 
55100 
51740 
50390 
56960 
56400 
50650 
51510 
52210 
52200 
52240 
52600 
50990 
49360 
50790 
53760 
50250 
50990 
51200 
50700 
54320 
50140 
53850 
54480 
52490 
56710 
52920 
52220 
49940 
69610 
73300 
69420 
69610 
69420 
71840 
67920 
70740 
68750 
67460 
67760 
68360 
70950 
69880 
66260 
75690 
69540 
71550 
68630 
68620 
65940 
69670 
68980 
65630 
68210 
66060 
75800 
58820 
52050 
55370 
55100 
53130 
51930 
55860 
57930 
56030 
54630 
47890 
77760 
80230 
59940 
53260 
51050 
56150 
52670 
51110 
50360 
49660 
54270 
50030 
50670 
49850 
52880 
55100 
51570 
53070 
48760 
49760 
50200 
53780 
50720 
52300 
54600 
53320 
55370 
60500 
55230 
51520 
85460 
70090 
64810 
69190 
66640 
68920 
70060 
66610 
66710 
70090 
82150 
80000 
67340 
73990 
67500 
68570 
66340 
70050 
68690 
67480 
69870 
67650 
68750 
66800 
65520 
58290 
75780 
59740 
51470 
49220 
52440 
52010 
53090 
49770 
53740 
58840 
52790 
50820 
76770 
78660 
70320 
53150 
50830 
53690 
50710 
54620 
51690 
56240 
55460 
52580 
50510 
51100 
50470 
52090 
50650 
51850 
49640 
49760 
53470 
50960 
51560 
53000 
57670 
59920 
55840 
51670 
55220 
51490 
50100 
69930 
69390 
69810 
66430 
66260 
68610 
71110 
72990 
68340 
67780 
68750 
65390 
65900 
66080 
69370 
70690 
72870 
69140 
73290 
69740 
72950 
69530 
70620 
66520 
74640 
67750 
77130 
54790 
49450 
57390 
54610 
58190 
53220 
50000 
57550 
53380 
55740 
51470 
79420 
75380 
57490 
56520 
51020 
54330 
54370 
49950 
53510 
52120 
49580 
49460 
49250 
48860 
53090 
52350 
50020 
51400 
52760 
53480 
54280 
52140 
48740 
52310 
54650 
53900 
53020 
50500 
55390 
52880 
66100 
68880 
68980 
69250 
70820 
66740 
69250 
66340 
68480 
67160 
70370 
76710 
69970 
68020 
67940 
69860 
67570 
67360 
68890 
66850 
70210 
64990 
72430 
69800 
69220 
71190 
80440 
64570 
52470 
52930 
68940 
59210 
51360 
49850 
52050 
54990 
57400 
85280 
83280 
82290 
72630 
60610 
51620 
49370 
50300 
49440 
54440 
50430 
52140 
52630 
51250 
52910 
50780 
48850 
49070 
48130 
52650 
52760 
49570 
51210 
49880 
55150 
55630 
51480 
52970 
52150 
52010 
54410 
52640 
69420 
70250 
68670 
71220 
64070 
68280 
68390 
70610 
71740 
67280 
66750 
66260 
66570 
69650 
67560 
67570 
65990 
67760 
66570 
68550 
68960 
67520 
68370 
66790 
70250 
67790 
76180 
55650 
52220 
52360 
53540 
56290 
51910 
51510 
59360 
53620 
52470 
82750 
73330 
82650 
61450 
54470 
49350 
56310 
53930 
53970 
52270 
51280 
49860 
48850 
53550 
50170 
51090 
50470 
49730 
55340 
51080 
52580 
54960 
52920 
56880 
55860 
54100 
51820 
51270 
54930 
52070 
51650 
65930 
72590 
70160 
71940 
68980 
70830 
67690 
67130 
71940 
69390 
66040 
67960 
72210 
72540 
65850 
67800 
68880 
68650 
69050 
65580 
67010 
66230 
68380 
70930 
79840 
70770 
67670 
67080 
54160 
52750 
54380 
53180 
50480 
50760 
55730 
56480 
52470 
53900 
50620 
84280 
67700 
57030 
51940 
55200 
63730 
50920 
50430 
51390 
49640 
53920 
53090 
51310 
48960 
48880 
50220 
52230 
49800 
49840 
49800 
50930 
50530 
49880 
54630 
52840 
53090 
54890 
54110 
51070 
50280 
73680 
74140 
64630 
67300 
65500 
77730 
73270 
67020 
66170 
67160 
68790 
66510 
69380 
70690 
67480 
69060 
67190 
74420 
70640 
71720 
69020 
66030 
73650 
67740 
73750 
68620 
76430 
57520 
51710 
53810 
53160 
54840 
54700 
51360 
57290 
57210 
52140 
49490 
78800 
65470 
61050 
56640 
51250 
55360 
52280 
49950 
49990 
50130 
53400 
49420 
49670 
50580 
50600 
53000 
52030 
51730 
58490 
51810 
53940 
52780 
51360 
