131550 
67260 
55650 
56120 
55730 
55970 
55090 
83650 
70100 
74840 
74940 
73540 
69630 
73410 
73310 
66340 
67310 
67040 
67880 
68630 
69690 
72450 
67290 
65020 
68240 
62430 
66710 
67890 
68670 
68010 
66250 
68310 
69130 
69800 
54740 
49210 
56590 
52480 
56710 
51320 
52740 
65010 
52780 
50250 
110080 
80300 
67110 
51910 
51100 
45740 
51680 
51440 
46480 
52090 
51390 
52280 
51200 
45490 
50630 
47020 
51130 
51700 
43840 
50600 
46260 
45860 
52270 
46190 
53310 
52510 
50390 
52890 
48070 
53750 
51880 
86360 
67560 
61370 
68150 
67760 
65890 
71700 
66180 
67240 
68990 
69870 
66550 
63800 
70410 
70530 
65580 
64200 
69030 
64140 
69890 
60470 
68100 
67800 
68230 
69480 
65020 
72240 
52360 
48440 
52060 
51950 
51830 
52370 
45750 
53370 
50990 
50310 
111100 
94940 
61860 
62400 
51410 
51640 
51790 
46330 
51820 
52710 
44020 
51400 
46010 
52190 
44870 
45930 
51140 
45770 
48720 
48550 
47110 
51570 
46490 
45820 
54850 
51880 
56380 
52230 
51910 
52120 
46650 
61450 
74290 
65810 
72210 
65130 
68540 
65670 
65520 
71210 
61330 
69270 
67930 
68820 
65200 
68080 
64100 
67710 
65620 
71520 
71480 
65820 
67260 
67550 
67870 
67690 
69110 
63540 
63150 
50400 
51340 
51430 
54390 
51860 
47010 
52460 
51830 
50580 
52740 
107530 
76670 
69600 
49300 
52310 
51730 
47500 
51770 
50850 
48710 
52370 
49160 
51540 
48750 
49080 
48980 
45600 
51520 
44680 
45350 
51980 
45940 
51160 
62660 
52820 
51930 
51650 
52350 
51770 
46850 
51870 
87910 
66670 
65810 
67150 
67770 
65160 
65180 
69240 
63970 
67480 
67020 
66170 
67850 
65410 
67390 
64910 
67520 
69850 
65330 
66900 
67910 
66470 
66710 
66930 
64310 
67760 
70870 
50720 
51910 
50260 
50650 
51830 
46810 
52130 
57130 
52220 
48510 
104440 
89170 
70160 
57250 
51510 
51380 
51710 
51200 
46200 
51800 
51380 
50860 
51450 
51110 
49580 
47550 
52540 
51850 
45640 
47430 
51370 
48000 
50630 
47210 
46650 
57430 
52400 
52460 
50590 
47210 
51940 
73320 
68890 
65990 
63560 
73670 
69380 
64980 
66850 
66150 
68210 
69750 
66380 
71180 
63010 
68550 
66340 
67420 
74070 
67330 
68200 
64940 
64780 
65510 
66120 
66070 
70070 
71850 
56180 
50730 
52260 
56180 
51800 
51270 
46250 
51360 
59370 
51200 
112530 
98350 
75110 
66550 
54270 
54620 
50850 
46380 
45740 
52700 
45910 
47770 
46070 
52150 
50580 
45860 
51470 
45950 
51190 
54650 
46660 
45620 
46460 
52260 
51380 
52340 
52700 
55810 
52380 
49420 
53200 
51830 
89500 
65640 
66150 
66780 
67580 
69470 
65620 
63650 
66340 
63560 
70330 
61870 
65670 
64560 
67150 
61820 
69400 
64010 
69510 
63850 
68170 
68650 
67490 
68690 
67250 
69450 
74670 
51060 
47930 
50360 
52330 
52500 
48680 
53470 
58680 
52020 
50440 
103020 
83910 
65850 
54720 
44660 
49960 
45360 
52170 
51720 
45010 
51270 
47470 
48710 
49830 
47460 
50320 
48400 
44650 
52040 
50690 
50320 
44920 
46160 
52170 
51730 
51700 
51150 
52230 
51680 
52150 
52010 
80920 
68040 
70130 
66520 
68520 
69640 
65850 
69350 
67830 
65630 
64370 
65830 
66710 
80880 
64700 
65260 
65550 
68530 
69010 
61520 
70090 
68890 
68130 
71540 
68880 
68160 
74110 
52870 
51920 
48010 
51700 
49260 
50970 
46860 
57910 
51840 
50670 
97580 
96630 
78380 
63640 
55930 
51840 
52200 
51370 
45340 
51540 
51070 
52770 
52840 
45090 
46410 
50770 
47880 
51190 
45580 
51630 
57870 
47820 
48780 
46750 
46140 
51630 
52380 
52910 
57470 
52540 
56040 
51410 
80450 
80930 
67570 
67090 
66460 
63580 
72840 
71110 
68770 
68110 
65720 
67650 
68990 
68190 
68000 
64270 
66700 
67500 
69170 
68570 
62510 
63600 
68930 
67830 
71080 
73400 
75070 
51550 
48770 
58120 
53300 
54790 
51670 
51880 
62720 
56980 
50630 
108260 
88460 
66260 
55720 
46870 
48410 
46670 
46170 
51810 
47680 
46140 
49660 
47050 
51590 
45970 
52070 
51770 
50950 
51890 
50750 
44750 
51290 
46190 
45710 
57690 
46010 
58310 
58450 
47610 
55480 
64820 
82450 
71680 
60870 
71360 
61940 
61810 
68330 
62780 
66260 
65540 
63850 
72980 
64470 
69800 
62480 
65630 
67960 
63550 
65310 
66190 
70260 
74280 
66330 
63200 
65580 
67370 
68990 
52240 
51000 
51230 
50560 
52450 
53850 
50140 
58250 
51530 
51450 
114360 
88610 
69040 
63490 
47080 
52030 
48760 
45280 
53380 
48970 
51990 
46200 
52330 
50870 
51640 
46580 
51090 
46170 
51620 
46040 
46160 
51700 
46540 
51740 
51450 
51570 
56900 
52100 
53570 
51610 
52370 
52780 
87650 
70390 
70160 
61690 
73100 
66310 
65450 
66470 
64260 
66750 
67200 
67750 
69350 
65390 
67870 
68020 
64000 
70180 
64350 
63830 
66140 
67720 
68590 
65040 
63070 
69300 
66180 
51530 
50960 
53060 
53340 
50880 
53520 
56290 
56900 
49990 
50050 
108870 
85380 
62360 
51330 
50900 
50900 
52110 
50880 
50750 
51550 
46310 
51540 
45950 
45610 
50940 
52650 
48450 
51150 
46010 
52960 
47640 
46020 
64260 
49670 
55430 
53130 
51820 
52150 
51300 
51140 
52320 
82650 
71700 
67300 
67660 
63500 
67200 
69540 
64170 
66050 
69050 
66690 
68400 
64770 
66980 
67390 
67890 
67030 
64540 
65320 
63810 
67230 
65340 
67360 
67360 
62840 
67150 
70940 
53500 
50530 
44920 
53040 
52340 
52200 
45700 
57940 
54270 
51020 
116370 
93650 
63620 
62900 
44610 
46290 
50810 
46190 
48830 
51620 
46030 
51110 
46300 
44580 
51570 
47130 
52870 
45450 
46090 
51410 
44960 
52040 
45890 
51660 
52720 
52110 
52410 
51800 
51830 
52800 
46240 
55370 
80520 
65300 
65040 
66480 
65100 
65060 
60930 
69890 
65000 
64670 
70990 
64410 
67310 
64640 
66800 
75500 
69420 
66490 
68000 
65240 
65150 
63070 
64050 
67940 
64080 
67100 
68910 
51360 
47630 
51520 
51270 
52200 
50620 
52260 
59960 
51900 
50940 
101590 
77020 
66940 
45890 
53220 
46610 
44860 
47320 
50250 
49430 
52010 
46490 
48070 
50750 
44970 
50960 
45810 
47580 
45700 
45740 
52120 
45980 
46890 
49610 
58760 
50960 
52240 
52210 
52170 
48100 
52110 
81870 
65390 
70230 
63370 
65110 
72090 
65050 
68050 
68290 
68000 
68880 
65410 
67610 
71960 
66500 
66890 
67620 
65130 
65130 
68100 
66960 
61650 
68850 
70470 
68350 
68840 
73090 
51150 
52320 
48680 
52140 
52410 
48720 
48630 
61550 
51530 
50630 
108370 
91710 
70440 
60090 
51030 
50930 
46160 
50630 
46760 
47390 
49430 
48350 
51870 
47350 
46320 
45190 
46050 
50280 
45200 
46360 
50530 
45050 
56680 
51720 
53000 
50630 
53840 
50320 
52880 
46590 
55430 
70570 
66680 
69580 
64510 
69730 
64800 
67100 
69140 
64950 
68180 
65520 
66220 
72400 
61420 
66890 
67720 
64720 
66280 
66870 
67690 
69500 
67130 
65220 
64660 
65530 
69880 
71530 
50970 
51150 
51230 
52220 
52620 
46510 
50230 
50910 
58760 
51370 
124440 
105960 
74500 
67700 
54030 
56790 
51700 
51750 
46060 
48670 
45890 
49410 
51530 
46940 
52660 
45760 
46120 
50900 
45630 
48210 
45640 
45240 
51660 
50320 
48440 
51990 
47080 
52270 
53300 
50880 
51630 
45630 
88200 
66300 
63460 
69070 
69310 
68330 
68130 
66050 
68890 
62730 
62780 
72090 
66320 
71180 
61810 
65950 
66410 
62710 
65890 
64020 
62440 
66320 
69150 
66460 
62740 
66930 
73750 
50470 
46130 
52010 
53180 
48350 
51160 
53030 
56560 
51630 
48700 
100320 
91350 
65880 
58060 
45190 
52190 
46400 
52240 
46880 
45530 
51480 
51060 
46330 
51020 
48240 
50220 
48570 
48800 
49660 
51200 
45970 
50530 
46030 
51000 
52180 
51110 
56200 
52710 
52220 
46680 
52690 
83050 
68370 
66740 
64950 
65090 
68530 
67770 
66560 
67080 
65070 
69260 
66110 
62760 
68890 
64360 
65970 
70620 
64920 
70940 
63520 
67840 
67860 
62710 
67590 
62380 
63970 
69680 
52300 
52170 
51290 
51160 
53280 
46330 
46320 
60090 
51810 
51020 
118610 
89920 
78040 
63630 
51570 
51470 
52060 
51640 
48130 
45070 
51220 
48880 
52320 
46610 
45630 
51300 
46310 
50960 
50930 
46770 
51140 
46400 
46720 
51670 
46000 
52490 
52160 
53170 
55510 
46310 
54220 
51530 
83770 
70920 
66200 
62080 
71100 
66310 
67690 
63880 
65600 
68000 
72880 
70970 
65260 
63940 
65850 
65540 
67900 
68800 
64870 
70110 
60460 
60880 
70890 
62740 
61640 
62080 
71670 
50610 
44280 
46600 
52430 
51150 
49560 
51750 
60500 
56320 
50540 
104580 
85860 
65600 
52050 
47780 
45660 
48950 
45800 
51840 
46630 
51930 
52880 
50200 
46800 
49520 
51360 
50210 
45620 
46570 
50970 
46210 
46570 
52580 
46220 
57050 
51810 
57500 
51810 
52160 
51690 
51800 
82840 
73630 
64820 
69330 
65250 
65070 
66270 
75360 
72370 
68850 
67610 
68750 
86760 
66870 
68470 
65990 
68820 
58160 
70130 
68940 
66720 
64290 
64870 
66880 
69670 
66840 
69840 
50650 
46180 
51250 
52440 
46260 
51760 
45340 
55610 
58290 
50710 
107660 
90060 
67610 
64800 
45580 
50640 
51160 
45360 
51520 
45310 
50920 
45770 
45240 
50770 
47640 
51770 
49800 
48480 
52470 
46340 
45420 
50800 
49370 
47860 
51800 
49560 
57190 
51260 
52690 
52410 
47710 
52310 
86710 
68370 
67820 
67840 
70460 
64350 
67980 
70600 
69100 
69650 
67490 
65930 
70480 
63860 
68250 
65770 
67610 
65320 
66420 
68240 
68240 
63640 
65060 
68740 
68010 
67980 
70890 
50530 
49820 
51140 
54830 
48650 
48010 
59080 
58830 
51460 
49700 
102190 
84730 
61620 
50670 
51990 
47000 
46650 
51510 
45170 
51260 
45560 
50620 
51250 
46040 
51100 
45360 
46100 
48630 
44910 
51560 
46870 
50620 
50740 
49240 
52030 
51000 
52380 
68990 
51790 
51780 
50660 
82790 
69090 
66820 
65000 
72800 
70460 
63540 
66100 
65120 
67050 
64350 
62290 
67960 
64350 
65690 
63200 
70220 
66270 
67700 
66920 
66700 
67590 
68180 
65740 
64230 
66080 
71040 
48040 
50740 
45940 
51420 
52830 
51410 
52770 
54880 
53020 
49960 
111170 
90140 
67680 
63500 
51840 
48800 
46720 
50920 
45330 
50050 
45310 
51730 
62520 
51660 
51430 
45760 
48020 
50270 
45510 
50620 
45100 
46170 
51140 
46320 
51360 
51830 
52190 
51540 
52110 
59560 
45910 
50940 
81310 
65910 
63780 
68070 
61190 
70700 
63660 
67020 
64740 
65920 
68670 
68260 
67500 
74090 
66940 
67690 
69560 
67140 
69970 
66020 
66360 
71340 
65500 
69930 
64350 
67850 
66470 
50840 
45140 
51930 
52970 
52260 
50940 
52690 
58500 
51210 
50430 
104270 
74550 
66590 
50720 
46150 
51060 
51270 
50590 
50580 
45640 
52740 
49430 
51610 
51490 
46370 
52360 
45160 
45090 
51780 
45560 
63900 
50780 
45100 
50470 
52600 
54960 
51830 
52390 
52300 
46960 
46300 
84800 
67930 
63200 
65740 
66060 
71090 
62830 
68010 
66990 
63510 
71780 
69770 
67470 
67900 
63360 
68510 
69240 
65470 
70080 
63030 
65070 
67420 
68550 
67590 
68120 
64810 
75810 
59450 
51800 
48040 
59190 
52090 
51960 
51400 
60530 
52520 
50890 
103210 
92890 
72270 
57640 
52850 
50740 
52790 
50930 
45250 
47660 
46340 
46250 
57470 
46190 
44730 
50330 
45960 
52950 
51150 
47290 
51450 
46190 
51360 
50850 
52330 
52760 
54730 
52240 
53340 
51470 
51630 
66250 
73300 
67540 
70880 
69800 
65340 
65910 
67830 
71480 
66190 
67280 
66800 
66770 
67410 
62490 
68470 
62410 
66150 
64270 
66270 
70400 
66290 
67200 
65910 
65190 
67810 
65130 
55850 
51550 
50090 
48700 
53270 
46010 
46720 
52530 
51460 
51950 
107690 
100630 
77690 
66190 
50110 
50030 
51800 
50300 
48340 
51720 
50280 
49910 
51820 
46650 
51320 
51450 
46130 
50760 
46140 
47350 
50140 
50950 
49410 
46090 
45980 
56510 
57880 
57560 
51690 
52090 
51340 
46340 
86110 
67930 
66730 
71220 
64930 
67790 
66850 
68040 
67760 
67050 
65560 
69590 
69350 
65720 
64420 
67290 
68520 
65570 
66860 
68870 
66810 
69030 
61900 
65530 
70730 
66230 
73200 
46560 
45190 
47050 
50960 
51380 
46110 
50380 
60940 
51140 
51110 
103600 
85790 
63560 
56100 
47070 
52120 
46330 
51240 
51770 
44740 
51100 
45650 
47030 
52000 
45560 
51470 
45720 
45000 
52050 
45020 
45830 
51850 
46500 
52190 
51750 
46620 
54210 
49230 
48590 
52880 
46640 
79790 
67240 
66240 
68140 
66790 
69240 
65330 
63010 
66470 
66990 
67060 
62020 
63010 
67300 
62040 
64750 
67800 
66630 
67020 
65330 
68840 
67730 
62340 
65260 
65170 
65350 
74830 
59970 
45880 
51880 
52610 
50460 
46430 
45760 
63190 
54560 
52080 
104770 
92490 
72680 
81030 
50930 
52080 
51110 
51150 
51730 
51430 
51150 
46440 
46080 
49110 
45670 
50230 
48800 
46020 
58770 
50170 
51810 
51810 
50480 
51940 
46120 
57200 
46070 
52980 
51640 
52730 
51230 
56000 
84340 
69260 
66700 
64420 
67620 
63590 
67420 
64750 
68120 
68060 
65140 
66110 
67670 
66700 
69270 
66320 
67970 
66940 
65300 
69190 
65830 
66840 
67600 
67650 
65730 
65340 
73170 
57420 
50400 
52170 
55080 
51340 
47000 
53890 
52090 
56820 
51340 
102760 
85820 
65120 
56280 
48580 
45330 
52210 
46050 
51390 
46460 
45490 
49520 
48330 
49290 
51280 
46100 
51610 
48260 
45510 
49590 
45700 
50250 
50620 
51520 
51140 
46210 
52660 
52270 
46240 
57230 
46670 
86430 
68620 
65400 
64850 
66170 
67030 
68080 
65510 
66310 
72230 
65960 
69790 
64060 
64130 
67390 
63400 
68150 
67130 
64930 
67070 
64550 
64010 
66930 
67410 
68310 
64450 
71650 
53100 
48420 
51780 
51940 
51630 
53070 
49960 
55830 
55880 
50540 
107300 
94210 
69210 
64610 
48700 
46980 
51260 
46610 
46470 
49840 
45410 
50490 
47730 
51150 
50890 
48680 
51060 
46230 
50610 
46710 
49240 
50360 
51160 
47260 
51660 
50700 
56370 
51910 
52620 
54590 
51760 
48180 
84960 
64070 
67750 
63180 
63350 
66620 
64580 
69630 
62160 
59170 
68450 
64650 
70630 
62360 
64990 
66540 
65220 
64380 
66290 
64500 
67370 
66030 
68480 
71030 
65430 
64750 
72940 
50820 
50430 
51420 
51790 
52060 
51090 
56050 
56730 
51180 
50080 
108750 
85110 
64410 
49980 
51990 
50390 
51680 
52180 
45420 
52290 
49830 
46010 
50590 
45930 
48700 
50930 
45540 
50880 
46210 
44710 
51790 
44900 
51580 
46720 
51830 
52340 
52060 
53850 
52590 
46710 
51280 
87600 
71780 
66950 
64840 
70870 
69390 
63490 
65450 
63580 
65140 
67730 
66160 
68670 
64220 
67190 
66760 
67190 
67780 
67240 
64900 
67610 
62560 
87310 
70110 
66760 
69240 
73800 
55160 
50120 
45220 
57280 
51390 
46040 
51550 
59320 
48620 
51200 
104860 
88280 
65240 
62400 
51570 
45580 
51310 
44930 
45370 
51400 
51340 
51230 
51180 
51580 
51730 
46740 
49410 
46820 
52160 
57830 
46180 
46440 
51150 
49360 
49460 
52060 
53070 
51900 
52510 
52900 
52770 
52690 
80640 
64650 
69220 
67660 
63010 
71550 
64770 
64240 
