56200
34840
31160
35760
27281
25890
23680
23560
23180
23690
23670
24010
23960
23401
46931
41890
88761
77100
63770
61280
58810
57370
59791
58091
57290
58200
58160
59350
58780
55680
62060
58191
59241
59020
56340
59890
59650
60710
58630
59310
62011
60241
61971
59520
57390
60880
101290
71340
75870
73641
77051
72021
72230
75420
73220
74320
77270
71150
75911
73751
70381
76710
72780
79400
73160
73140
77760
72520
74841
73201
74600
75550
88140
62430
59950
59210
60681
59121
58831
60090
62540
60800
60200
122370
106840
84051
65951
64901
62080
60970
58120
57630
58490
56320
57731
57731
55571
58150
58500
58050
61650
56290
59920
58061
56711
59081
59360
58950
60950
58670
62150
57590
57121
61111
95971
73491
72120
72420
78240
74420
77480
72760
73971
76101
72311
73630
79340
73240
77490
72400
71761
77991
72501
72031
73190
73450
77610
73100
76350
77960
83551
66641
59210
57500
61080
59530
60330
60360
62091
62831
60201
123431
114581
84700
71760
65350
60070
59050
57541
55721
59510
56850
59040
58590
57290
59330
58180
58531
57481
57190
59490
57440
59370
57680
57890
59910
59331
58961
60791
58390
61830
62040
57510
93630
70810
71531
76681
71881
75811
74530
73920
76760
71750
74680
73381
73191
73551
71470
78890
74410
70290
77940
72400
73901
73591
75011
80051
72720
72520
87750
64030
57260
60641
60121
61241
59450
58090
63020
59750
59690
118130
102010
86301
66381
60720
57950
56820
58510
57440
57140
58951
56981
62121
58620
56060
58570
58250
55770
59890
57551
59651
62551
58451
60710
59530
63980
63000
58420
62450
59041
62271
98931
70420
77000
75800
75420
77020
74870
78011
68701
74770
76760
74270
75640
79280
74160
78110
74191
74631
78871
71721
78000
72880
75290
78670
77250
78351
87011
65961
60800
57640
60220
62590
59840
58580
62631
60821
62901
122901
110011
88140
72970
65860
60220
58481
61591
58230
58940
61490
59570
61620
58630
61750
60111
59441
80531
65940
60350
60270
57710
58930
58510
59581
63441
60400
60260
62840
58750
62490
59410
101050
79020
73901
76491
75081
72910
78230
73100
76210
74710
71950
75591
77241
73730
75010
74080
79080
72900
74820
75691
75661
71541
77511
75520
76220
72260
83240
66350
61191
64781
60931
61050
60480
60320
66240
60920
57570
130610
94351
73711
65660
58030
59890
58070
56390
58830
58301
56361
59871
57770
60040
58500
55970
58310
57120
57871
57561
55531
58350
57420
59250
59810
58030
64810
58420
59251
61711
57770
99721
72080
72780
77920
72880
73480
78701
72651
76751
72360
70970
77480
73450
77240
73580
75841
77571
73311
78700
71140
74620
76270
72330
73890
74421
71121
89021
63710
59330
59530
61060
60140
58600
58631
63351
59490
59230
122791
105040
87070
66870
59541
60681
59791
59610
60860
56850
58770
59010
57910
59190
56321
58901
59301
57640
58540
56360
58090
61800
56890
60121
59251
59341
64330
59060
60540
60430
58480
84430
73861
78561
78661
73211
77970
74780
72380
75610
71270
78461
72871
72761
78411
74450
73440
73000
70780
75790
75321
72331
76961
74091
75620
72690
74940
78340
74010
62571
57251
60741
63400
60720
56140
61040
63110
61560
97701
113430
93451
77411
63790
62040
59540
61560
57470
57941
60481
57051
61080
59780
57800
60290
59190
61730
58701
56811
58661
58040
56260
60950
57120
63400
59500
60250
61621
59111
67081
61030
103071
75550
74910
72880
78540
73181
78871
72321
71750
79910
71490
79000
71210
74310
78021
72391
72610
77331
72420
75840
73630
75300
75820
74901
71601
76791
84640
67970
58350
60860
61460
61120
60231
57841
63851
63290
59700
123581
103300
84390
68410
61481
58781
59581
57760
58630
58330
56340
57890
57830
56361
61281
57370
60380
57400
57120
59060
55810
59060
58851
56811
61891
59060
62740
62510
59790
60680
59380
94071
73871
72371
76500
71600
69580
76660
71850
74240
74991
73881
77341
74841
72680
75740
72920
85080
77590
73361
78951
75861
76391
73290
71990
77780
71970
84240
66941
62061
60081
59900
58940
60830
59280
63800
64930
60021
124250
108201
90461
83031
65270
61590
61070
57350
58490
57771
59361
58670
57870
57930
58880
56990
59100
58021
59831
58321
57980
60220
57830
57900
60260
60730
61840
59571
58281
62470
61160
62020
100030
73210
75100
73470
76841
73721
74571
79680
75140
73330
77480
72880
78020
73321
73511
75871
73980
74600
77210
72960
75520
71470
73441
80951
73651
76330
85280
64500
59650
61100
62860
61351
59101
62090
62070
59530
61600
124060
109010
77080
67671
60801
62371
58620
60620
55980
58760
57870
58260
60571
57881
59480
58200
57220
59760
58980
60370
58300
58561
59911
56870
58090
61450
60200
64010
61510
60290
61811
95581
72491
76650
73590
76560
72800
75870
77780
74700
76221
74901
71890
77440
76270
76100
73010
69160
75701
73261
73541
76060
72440
80020
74700
73770
77130
86850
64891
60581
58160
59910
60760
65420
64250
63850
61521
60461
118341
114051
84610
74130
63580
56990
57760
59441
58511
68871
59100
60980
58810
58420
59690
58060
56950
61151
58351
62160
59620
56080
60890
57130
60660
58431
61361
62131
59290
61100
59140
57030
96880
73050
71710
76451
76511
79881
73390
73020
76350
71480
73150
75310
71781
73821
72101
75820
78800
73170
78920
72220
76470
78091
72291
73891
70460
73290
85820
62490
58090
64170
59691
62951
57110
59130
63980
59750
58820
126280
96900
81651
62011
56710
59070
59010
60750
58670
57630
61160
58101
60731
57850
57460
59850
57850
57770
61110
59261
59021
59011
57560
61130
59190
57600
64860
57700
61220
58151
60031
105921
71320
78660
76030
72870
78070
72650
75241
72131
69981
74790
73300
71780
77660
72660
74850
73280
71771
74171
72810
73690
78110
75020
78160
73070
71781
90631
64821
59750
57220
59510
60210
59560
58200
61941
60181
60271
117581
112421
88790
69390
61440
59760
58291
60551
58670
56020
59620
56430
66190
61960
58110
61471
58881
57940
57350
57700
60140
54420
59200
58190
60641
62051
60771
58700
60430
57900
63200
72300
77960
74971
73961
72321
76661
71910
77350
72940
71440
76170
61230
77591
72521
72561
75220
71220
75410
71600
77180
77160
75591
71621
78571
73020
76660
74410
79750
61430
57581
58991
60041
58750
60260
59170
63920
60890
71550
120980
93201
79111
63531
57990
60070
58820
57610
60170
58010
57891
60051
57280
59670
56480
59980
60280
57360
55750
58191
57721
60260
57780
58470
63080
58180
62650
59440
58071
60711
58620
91971
74630
75330
77540
74470
72160
73731
69521
77251
73860
71720
73390
70730
73090
73320
74851
79551
71921
74190
78620
72590
75150
71140
71440
81050
78331
91201
65870
57540
59930
58310
59150
61910
59181
67711
61421
58410
123771
105820
77710
67850
61010
61061
59411
57030
57810
58520
60250
57660
55790
59080
57951
60931
58621
56410
57760
59500
57190
60950
59600
59861
59371
58881
63640
58690
59890
69830
59550
97420
73110
72471
79631
76951
79140
73040
72490
105730
92780
82801
76211
73641
79711
74650
76720
80170
77070
81690
76110
75671
77191
75581
74760
79230
77250
90070
67800
60791
62311
62881
57890
69240
59760
62400
63050
60660
119220
98901
91961
79081
63290
63510
59180
60070
59360
58551
59891
60561
58771
61970
57560
59990
57800
56670
61070
57621
60401
61610
58320
61780
59030
63160
59340
61220
62531
60121
61670
64130
98551
77640
77150
73820
75930
75221
72681
76821
73781
76400
73420
72930
79660
74100
79631
73961
73511
78260
72810
75830
72510
73730
79530
76051
73901
76991
83911
66280
60200
60180
63130
60780
60031
61351
62921
62730
59390
125081
113220
87560
68820
59741
60141
62691
59140
61260
58880
56620
62110
59640
57581
59641
57290
59930
59540
57090
61040
57900
60490
61841
57771
64201
61060
60480
64210
59670
62490
59170
94450
76141
72721
78101
72780
78690
79800
76050
73180
76610
74461
85871
79051
74980
75170
73070
73430
77070
72931
76811
73501
71800
77340
84520
81420
74940
87150
69560
59991
60321
59860
61420
61680
58560
64150
62800
60270
126020
139611
83031
78331
65160
57650
61390
58310
62130
59301
58851
61300
58200
59250
60480
56420
60180
57090
61931
60761
58670
61090
58440
57550
62940
60300
63400
59531
59561
61271
59830
59920
113320
82060
76080
74140
74751
79541
73291
77130
74010
87340
81950
72500
78060
74851
72831
79031
73001
72920
76950
72390
78610
72930
73491
75551
74921
72421
90311
67230
64680
59790
60850
62111
58841
61101
61080
60620
62830
121230
102700
79770
66861
60021
60321
58470
58860
60370
59110
59950
58590
60951
59091
68661
64160
58930
62640
60240
59820
62400
60131
60301
58221
60000
66460
64430
66190
62760
63040
64840
104850
70591
78681
73910
79230
74930
75040
75910
77510
73811
78231
76751
78450
75090
73600
77490
73430
76210
75391
74451
80941
76390
76100
75090
76090
78060
86380
67641
73031
64310
65550
62810
62890
65390
71420
63541
66391
131381
116401
87970
76760
66080
64800
62910
59810
61131
60361
60561
61180
59990
58990
61030
59580
59640
60801
59471
63831
59380
56760
60670
62870
63200
63900
63741
63611
60200
59510
63510
62950
95650
77370
75220
81161
78091
78391
76790
76700
78560
76110
74850
78020
74360
79831
73421
74730
79460
76190
75030
79810
75840
80571
74051
73801
78271
72480
84010
63640
57820
63300
60811
61811
59620
60510
64210
61990
58690
132810
95190
83090
64911
61711
60660
60220
59860
61710
58920
59590
59021
58211
60601
58670
61570
58130
58900
64410
58250
61071
58841
60001
60720
60280
60290
65000
61330
61350
60190
61361
104521
74071
73970
76850
76830
77150
72510
72680
78491
76261
77721
72700
71800
78810
74490
74000
74340
76481
78981
75791
74900
78200
73780
77570
72710
72950
82311
65141
59920
59280
62960
62030
60030
58230
69880
62441
61681
118611
109321
91631
68040
66630
61740
58131
64381
62321
58301
61280
58160
60890
61410
72950
63580
58620
57221
61991
57860
60720
58890
58680
63160
62330
61791
62821
61340
62100
60280
64250
80810
73580
75660
75601
76731
77031
73961
77450
73660
74890
77700
74120
72291
76761
72141
77210
75830
73720
78110
73880
78610
76231
73531
77091
75951
78420
79500
72860
63470
58230
61391
62171
60261
60870
65150
67980
63100
107320
110180
94240
75861
66911
60500
57380
59140
60620
59710
57600
58681
61921
59101
61360
59160
57380
58900
57750
59000
60060
60151
59801
59270
58110
62080
60380
59420
61440
61280
64971
63801
101731
81220
75460
80380
74860
77640
78200
75161
76991
71881
72550
75810
72540
71980
78800
74450
79431
74051
74661
76560
71310
70880
78550
77790
77460
73541
87051
68211
59260
61440
60430
59550
62170
58890
67381
59361
59860
130781
100251
89370
69800
61230
59900
58731
57881
59370
58950
57540
63560
58050
61570
57810
58121
61401
59220
60110
59400
57810
77300
64910
59400
58841
57591
63911
62060
58730
63060
58490
97320
73680
71611
76361
71351
79910
81790
75490
78060
75430
73790
79531
74281
81991
78690
75430
81220
76860
80270
76640
73151
79141
77431
72011
75830
72040
90630
64370
59760
60110
63661
59611
61900
58100
65260
59830
57750
125120
111140
91931
74751
60260
60560
59090
73090
65140
58790
60970
60521
58871
59730
57840
59750
57750
58360
59720
59331
57481
62451
57620
59500
59250
59960
62060
61210
63121
60441
57831
62330
100281
74890
74200
75180
79800
74830
72731
74221
71300
76830
74360
72950
75320
73840
74580
76921
71101
76611
72240
76200
79020
72920
75410
73640
75371
78971
84671
65540
60080
61430
63440
70180
59251
62911
63621
60980
60470
128781
103310
83530
62960
59811
59851
63501
59230
60200
59640
58830
59500
58820
58190
59851
58771
60740
58820
59340
59030
61180
66900
63760
57291
64071
61441
59450
63070
59960
60190
62550
96930
74741
74851
74601
77800
73950
83300
78360
73890
80440
75300
84651
75281
74740
79930
74590
74580
77910
73980
81351
75511
72901
79091
75280
71400
77600
86490
68880
56771
66341
65521
62250
61080
58960
62470
63020
62200
120810
108361
85641
77541
62970
58630
58350
59490
62090
57141
56721
59181
57800
56520
61740
58180
59710
57960
56831
60871
58041
58740
57880
57200
61610
59870
62010
58771
59801
61931
60180
57520
88510
73830
76180
73750
71000
74571
73311
71480
77390
71660
75460
72650
68450
76270
72321
75831
73141
74050
75230
70360
74660
72250
72980
78081
71611
69630
94531
64340
59280
58850
59350
59420
57561
58771
64301
59390
60350
104140
91370
84550
64110
60181
60171
57420
60620
56960
58270
56810
57820
60830
59301
58161
60171
56830
60670
58340
56980
60130
56530
59291
61111
60840
62130
59310
57640
62450
57000
61570
99710
71501
76141
75260
74060
72480
70320
75780
73980
73081
77931
71891
77030
71900
71430
75390
72990
72050
75061
72421
76731
72390
71440
80200
79760
79280
86750
64471
59351
60011
59930
58090
57740
61030
66750
58230
61350
122820
