51281
25051
20800
21320
21130
21200
21830
21800
21590
21960
21470
22530
21540
22250
22000
21810
56490
56210
60160
57531
55701
56281
55890
57480
57030
56620
58410
56420
56900
57690
56080
55590
54810
56560
56280
56480
56180
55520
55981
58471
57111
56051
56240
54720
58200
56220
56080
55340
54780
59790
55770
58580
56760
56480
57960
57551
55771
55011
56451
58471
57810
56290
59010
54880
54440
58160
56930
56290
56320
56750
58800
57450
54700
55831
56081
58021
58031
56531
55030
55220
56910
56930
55390
55500
56390
57120
56020
56740
55920
56720
55400
58561
56831
55931
56141
55540
59150
55470
54580
56640
55980
60980
57300
55480
57910
55920
56680
56530
56070
57281
56201
57051
56671
55550
57000
55440
56030
57710
56810
56950
56140
56150
58930
56120
56470
56340
56811
58801
57381
56531
56950
54820
56300
57340
56060
55800
55650
57670
57400
57090
55420
55940
55600
58390
58311
56081
57031
55731
57060
56580
56150
57370
58670
56270
56500
55540
56460
54950
56080
56680
55600
56821
55781
56351
57020
54690
56290
55900
56010
57930
55700
57200
55770
55400
58440
56150
55350
58471
55171
59211
56971
64990
57360
54610
58120
57430
57750
60270
56270
58150
57730
56760
59120
56501
58551
59131
55911
58221
56290
56590
59630
55410
58780
58390
58480
57610
55730
55480
55870
57180
57511
56851
55201
56541
55850
56080
56200
56170
56730
55700
55520
56170
57160
54820
56000
55110
58040
57661
55881
55731
58100
57180
57370
56640
56710
56420
58470
69200
57180
57130
55540
57220
58641
55591
56141
55021
55251
60110
55390
55890
54680
55110
59200
58060
60160
58540
57050
57960
54161
56531
55751
57771
57701
57540
56190
55620
55590
56970
55950
56270
57140
55400
56550
58350
57541
55961
54721
57061
58940
57820
55760
54980
56640
58520
57300
54000
56650
57970
57390
57360
56431
55281
56211
56631
57200
55250
56680
56200
54750
58020
56440
55200
56630
57760
58480
56701
55971
56861
54801
58440
56140
55870
59620
55400
58380
56290
55850
56620
55950
59100
57060
56451
56581
55341
56611
58550
56890
56650
56930
57810
58640
55720
56330
55800
55530
59780
55841
56811
55971
56551
57390
55600
56260
56410
56380
56230
56290
56390
55630
56370
56540
58091
56031
58201
58891
57860
57240
58270
56380
57740
59830
59790
57340
57810
57430
57781
59731
58601
57341
57720
56180
57690
58560
56870
58560
57400
56630
60160
57580
58250
57610
57591
60501
58171
68611
58400
55730
60940
58900
57990
57470
57260
59850
58170
59060
58070
56891
58891
57851
57621
57050
56130
57890
59570
59770
58590
57540
58900
60230
59040
56731
59241
58481
59860
57820
57270
57340
57660
58410
60370
58630
57100
57230
58860
58021
55730
57911
57991
56300
61610
58150
57450
56630
56800
60720
56880
56490
58010
57330
60290
57161
56021
56440
55820
56060
55840
55440
56520
55380
56950
55740
55590
56780
57321
58711
58121
56361
57570
54820
57580
59060
55650
57910
56940
56540
58860
56080
57090
55591
55111
57611
56010
55950
55710
55390
56950
57210
56890
54840
56620
57470
58130
57351
56231
55791
57251
59670
58120
56860
56360
55900
57480
56920
55290
56150
56680
57381
57511
55340
56060
56950
57030
57270
56210
56870
57090
56110
59640
55720
56641
57661
55971
59351
57800
57910
57410
55860
59530
56880
56120
56760
55160
57370
56971
54321
56191
54971
58080
55610
56990
57790
55300
56050
58520
55700
55620
55580
56001
57161
57521
57170
55960
58050
58680
55820
56940
56200
55290
57440
57020
56051
55461
58691
58161
58700
58900
56830
57190
56160
57080
56740
59030
56760
55861
58481
57301
56101
57741
55620
58480
57270
55660
58240
56470
57520
58730
59190
57101
56391
57671
60451
58310
56400
54940
54900
59130
55670
57570
54890
56030
60030
55541
57271
57331
56070
59770
57750
58070
57980
56880
59280
57980
57310
58000
55911
58831
56500
55880
55630
55940
55570
58500
56780
59030
56060
57070
58721
57311
55511
56641
55430
59960
57190
55800
56630
55980
56020
57720
55100
56320
56731
57271
57911
55370
55520
55560
55330
58620
55590
55690
57430
56800
57200
54911
54141
56941
54880
58670
56580
54110
55990
55690
56480
55780
55080
58670
58061
58151
57470
55280
58070
59630
57260
60260
58940
58600
58480
58310
59800
56801
58561
56470
57740
60190
58180
57360
57920
57610
59420
58020
58550
60721
58641
58571
57790
57900
57090
58100
56880
59800
58790
59300
57960
57280
60751
58021
58221
57810
56530
59710
58350
56580
58240
57560
57240
57840
57540
57441
55041
56820
55720
56140
58880
55730
55730
60170
56290
56750
55201
56651
59901
56480
55480
56370
55400
57730
55110
56740
56230
56050
57830
58620
56191
56311
55660
57190
56000
56620
55690
55040
55900
58190
56370
56430
56231
56021
58210
56480
54290
55290
54960
58440
65990
56790
58540
55771
58241
56971
57601
53800
56040
55620
56640
57620
55980
56670
56680
56550
56811
55451
56140
54321
57830
55300
54480
57090
54820
57800
58200
54940
56080
56301
58121
57810
55530
57170
54590
58170
57040
56060
72820
61200
55071
58161
54501
57970
55950
55170
59830
58030
56800
55300
56460
60610
57061
56781
56360
58470
58270
56370
56590
59110
56850
58190
57500
57090
56441
56231
56060
59680
56380
60550
58150
55860
57650
57180
56780
56670
56911
59221
57441
55520
59600
56030
56190
58370
55940
56850
56370
57160
56751
55911
56311
55820
56070
59720
57390
56700
56310
56160
59470
56821
54961
58351
55161
59540
57390
57590
57640
54830
57490
56410
57401
56611
56501
56901
55570
56960
57320
57810
57270
58790
56340
55870
56901
56441
57541
55100
55870
55440
55480
58500
56630
58090
57230
56630
57281
58251
56761
56270
56290
56640
58460
57180
56150
57070
54960
63581
58711
55461
55510
56900
58890
57040
56770
57070
56540
58870
58700
56651
57201
56191
56430
57850
55800
56700
55570
58370
57200
57450
56591
56031
55821
59111
56400
56250
54420
56120
59490
57280
57370
55991
55331
59151
57200
56330
55160
56180
57270
58080
58110
56340
57950
57991
56971
56221
56370
55690
56490
57450
57130
55780
57460
57040
58561
56881
56321
55540
58620
59720
56990
59590
56880
56010
56780
57021
56251
56481
57440
57350
57760
57040
56370
56230
56520
58950
56401
56481
56671
55830
60260
56220
56130
58060
56800
59090
57400
62561
58451
55691
57300
56890
56140
56690
55440
57020
56630
55990
56510
54951
55801
58791
56360
57150
56260
55700
58370
54780
58600
58400
56191
59661
56450
58110
56270
57110
56200
57280
56700
58480
56271
56841
58071
55220
56210
55470
55220
59170
57930
55190
56710
54921
58631
58741
57880
57500
57650
56700
57300
55780
55880
55860
57521
58061
56701
56340
57580
56900
56770
54980
56090
56330
55460
59061
56811
56811
56920
56430
58760
57580
56030
58720
56350
59530
56831
55921
56230
55400
57930
55710
56010
57120
54960
58810
56751
55741
56201
56900
56890
58490
56150
56170
55200
54890
58160
56551
56311
56361
56100
58900
55980
55950
54960
55440
56260
56620
57171
56581
55550
57500
55690
56270
56110
58500
56530
59510
57771
57571
55000
57580
58330
57730
57250
57010
55210
58500
56661
55291
56251
57190
56520
56720
55930
56130
55570
58200
58050
55491
56891
55501
56110
59060
56160
56270
56950
57170
59321
55991
56711
57040
55340
59000
55760
55810
56950
55190
57930
56251
56171
56720
55290
58150
56310
56150
57640
55830
55700
57981
56471
57261
57980
57770
58200
57690
56240
56570
68010
60931
58461
56291
56180
57610
56940
58290
57290
56440
57680
57670
58891
56591
56300
57440
56570
58400
56320
58360
57620
57450
60191
57501
56091
58610
55850
60360
57930
56920
57290
56500
57791
57441
56881
58670
56360
59210
58140
57230
58170
57540
57120
59081
58281
59260
56350
56830
58900
57170
57590
55840
56481
60671
58640
57420
56170
56960
58140
57590
55890
56870
56961
57701
57621
57300
56800
56700
56210
58880
58240
56870
56170
56191
57561
58440
56590
56320
56440
58760
57860
56620
56670
55931
56001
58210
56270
58550
56360
56570
66540
62160
58821
56791
56721
60180
57760
57850
55950
56660
60360
58740
57020
57331
56631
59840
56670
56700
56740
56230
58000
57230
58701
57411
56481
59340
57190
57130
56340
57340
59940
61900
59321
56381
55590
58040
59070
57690
56460
58400
57650
59520
59291
57631
55940
56960
57380
58370
58460
56830
56520
57960
58791
58511
57181
61410
57310
60560
57200
56900
57380
56580
60571
58431
56770
57270
57130
58220
57600
56240
57170
55600
57121
59211
57810
58640
56580
58440
57460
56970
58770
57701
55911
59170
56950
57990
56900
56360
59520
57760
57240
56991
56331
59810
57110
56250
57790
56640
57850
56840
57511
57011
56641
59510
58380
60860
57070
56330
56850
58300
56581
56221
55910
56730
58430
58320
56010
57170
57500
59411
56921
55761
57500
57340
56730
58780
57660
56950
57150
58441
59251
59771
56760
56590
56110
58260
57000
56930
57420
55541
60771
56670
57320
57680
56200
58510
57410
58360
57241
57011
59730
57910
58100
58170
56680
59600
58000
57050
56981
56890
56780
57900
57910
57470
58340
58160
58410
57051
57351
56910
57050
57800
56970
56780
56200
56350
58271
59761
57380
60550
57710
60100
57320
56780
56760
55811
55221
57611
56850
56510
56370
55720
58130
56390
55640
56051
55831
57560
56940
55660
56990
55890
56960
58450
56321
57391
58360
56320
55890
55630
56790
54890
54680
59361
56141
57730
55470
55850
58350
57300
57330
56040
55681
58211
56610
56800
56330
56560
58460
57600
56890
59800
57421
57131
56440
56720
56190
55820
56720
57510
57370
55601
55231
57200
58280
57670
56240
56650
55960
57520
57371
55721
57310
67680
61340
57680
70640
61710
57150
57141
57151
56051
56310
56510
57140
59130
58000
57950
55401
55641
60031
55780
56070
57840
55800
60470
57250
56121
56681
56390
57010
56700
59070
57630
55680
57640
56470
56461
56500
55110
58050
59930
57750
55770
55880
55121
57911
56290
57510
56400
55800
57850
55950
56500
57331
55951
57640
59950
57590
55960
56460
58280
58150
58511
56171
55831
55030
57810
57490
56440
55750
56970
59781
57301
56451
55920
56370
59770
57090
56690
56400
56751
57931
59671
56270
56710
55020
56340
56400
56580
58541
56401
56300
58950
57930
66620
58220
56660
60230
58631
56611
57230
55330
58700
56910
56990
57510
57431
58981
57791
56420
57440
55720
56580
57230
56320
56421
55111
56310
57960
56490
55990
55390
56490
59190
57111
55851
56090
55270
57730
56890
58700
57100
58350
57581
57071
56360
55680
55220
58000
57100
56640
56810
56461
55760
57590
56660
57680
56660
55560
59490
57291
55661
56810
55000
58690
57770
57910
57850
56180
57251
57711
56690
57990
55690
57020
57730
55760
56460
56131
55580
58710
56060
57990
56630
55040
59040
55691
55571
56380
56940
58990
58020
58920
56700
55770
58261
56751
55790
56310
55760
57220
57260
56930
56431
55321
56740
57990
57480
56370
55240
55730
57410
57691
56611
56120
56580
59200
58270
55460
56580
55670
56771
57620
57370
56500
56570
57210
57960
55450
56171
56481
55750
58530
59780
57110
56650
55710
59141
56871
55570
62060
59190
61870
58220
58510
57781
56151
57761
57300
56080
58450
56630
60240
58200
57521
59411
57590
57130
58240
57280
58040
56090
57661
59021
59731
58320
56880
57270
60090
57340
57550
57051
57311
57520
58770
56730
56770
56730
57570
56731
57541
56500
57480
57340
58880
59180
57220
58100
57121
58521
60590
56320
58350
59860
61040
58560
58811
58611
57510
57490
58810
58270
58050
55720
58671
59301
58180
58490
56100
57440
58860
57480
58580
56931
55700
60820
57260
58390
58520
57750
60001
56611
66061
60910
56180
58290
57660
58160
57190
56471
59101
58000
58210
56210
56140
58150
58290
57811
56701
56791
57450
60340
57830
59310
58780
58140
59801
59111
56100
56220
57580
57280
58950
57650
56801
56561
57160
60130
57810
57690
56660
56310
59091
56651
57980
57340
58010
59920
59880
58201
58421
55841
60020
57090
56730
57550
57580
58010
58611
56531
58230
56630
59190
58150
56980
57980
56521
57611
58521
57080
58700
57350
65130
61170
58311
57651
57910
56960
61350
56250
58120
56820
56480
59551
57281
57760
57560
55860
58120
57600
57351
57141
57431
56720
59430
59080
57720
56050
57380
58271
58900
56320
56880
58520
59000
56510
56430
56551
58501
58900
59540
56930
57150
57750
57360
58601
56781
56430
56770
56160
59320
55990
56300
57721
58530
59660
56290
57150
57720
56340
60150
56871
56740
57530
56880
58330
57120
57440
57400
56751
58470
58010
56960
59680
57460
56750
60281
57091
58190
58560
58590
58530
57170
57460
56111
58451
59090
56350
57490
57130
56630
57540
58641
57711
57070
56580
57880
57590
57850
56210
58731
56660
57670
57860
60710
58760
56730
58710
59111
57561
57720
56100
59940
