138840 
69170 
71180 
68020 
65870 
63470 
63480 
62560 
60670 
68020 
64450 
66840 
62800 
73420 
69570 
64950 
63500 
63320 
60750 
61730 
62700 
60190 
60250 
61840 
62710 
62150 
62050 
60730 
60520 
62020 
62950 
62730 
60200 
60900 
62790 
64620 
61770 
61410 
60660 
67720 
64480 
64000 
61320 
62860 
66240 
65210 
70380 
62740 
59080 
61460 
60920 
75210 
61370 
59680 
61400 
62060 
63250 
61090 
61160 
61170 
60650 
65080 
61800 
59550 
60510 
66820 
64570 
63470 
61050 
62850 
61500 
77000 
66830 
63290 
62060 
61840 
62930 
61800 
61250 
61350 
59210 
62890 
62390 
65790 
62710 
62810 
62710 
64720 
60020 
62060 
65980 
69370 
64230 
67780 
63250 
76900 
66240 
62160 
62620 
61910 
59790 
60500 
62540 
64080 
62540 
60980 
61700 
61820 
61430 
61650 
59960 
63690 
61140 
61830 
61750 
61490 
61330 
65330 
62170 
63070 
61130 
62190 
62700 
61570 
61920 
60680 
60440 
60270 
60840 
61610 
59560 
60930 
59920 
61590 
64000 
62200 
63680 
62700 
60240 
64080 
61560 
61580 
60140 
67130 
63570 
65680 
63640 
61340 
59520 
62400 
61910 
61690 
63030 
74550 
63010 
61900 
60530 
60450 
64810 
62340 
62190 
60860 
59420 
63060 
63310 
63740 
63510 
59820 
61020 
75310 
62830 
61140 
62130 
62960 
65930 
61650 
61760 
60080 
61590 
61380 
64080 
64770 
62520 
61320 
65720 
65080 
63000 
61350 
59580 
68800 
66720 
70940 
62800 
66470 
64010 
77030 
64610 
63340 
61020 
60560 
61400 
61140 
66260 
62100 
61680 
61610 
60680 
63680 
60850 
61430 
60900 
61200 
64990 
61700 
62250 
60590 
60880 
63140 
61520 
61780 
60600 
66420 
63630 
62670 
59820 
65490 
59740 
61330 
62830 
69610 
62660 
66700 
64700 
64070 
61570 
62440 
61180 
65710 
62240 
61180 
61120 
63370 
60350 
63040 
62380 
60850 
72320 
73700 
63630 
63250 
63960 
61270 
61680 
59830 
62480 
60040 
59850 
60970 
62440 
61060 
63030 
59370 
60590 
59810 
62920 
65820 
60710 
63730 
59530 
64130 
60870 
60650 
63040 
66370 
63600 
62080 
61870 
63070 
61270 
63270 
61950 
62470 
61360 
63830 
62710 
65640 
62540 
62050 
60180 
62780 
62340 
62200 
65240 
66970 
61510 
63830 
70020 
65010 
61690 
71950 
64830 
63220 
63000 
61960 
62400 
61820 
61410 
61250 
78950 
65350 
62580 
63190 
60680 
67540 
63560 
61610 
61690 
64490 
61020 
61370 
60360 
63050 
61020 
61250 
63250 
66910 
62780 
65510 
61160 
61610 
59880 
62370 
61900 
60540 
61040 
61900 
62710 
62980 
61310 
61310 
65510 
61800 
64960 
64360 
61640 
61190 
72470 
79710 
65060 
62330 
62250 
68480 
64130 
62280 
61030 
61660 
59250 
67230 
64500 
61990 
59830 
61760 
62740 
63340 
62330 
59830 
60520 
62290 
64820 
61570 
60720 
61680 
62170 
66200 
63540 
61390 
58430 
68570 
63430 
65090 
62280 
60680 
61030 
60490 
62000 
59530 
65480 
61480 
64520 
62860 
62400 
58910 
60800 
63860 
64710 
61500 
59800 
61570 
68680 
65010 
60720 
62590 
62040 
68530 
63310 
62820 
60350 
60760 
60350 
64860 
64490 
61370 
63150 
60100 
63740 
60410 
60330 
60290 
62160 
60940 
62440 
60990 
61070 
60080 
61270 
62900 
62020 
61580 
59340 
70730 
64020 
61800 
62420 
59840 
62360 
61560 
63350 
62270 
60860 
62320 
63010 
62450 
60950 
62250 
62370 
64030 
62920 
61400 
66670 
61710 
59340 
64300 
62400 
61150 
60630 
67820 
62300 
63390 
60210 
60800 
59910 
61100 
62920 
60220 
59930 
61990 
62200 
62560 
62580 
61250 
61480 
61760 
61850 
75090 
64160 
61330 
58290 
64140 
59430 
62900 
60500 
68920 
64470 
62560 
59950 
63370 
60170 
66160 
63620 
60410 
62690 
61490 
62440 
69240 
65210 
62850 
60490 
65540 
67070 
61180 
62330 
62330 
58870 
63790 
60070 
61700 
61870 
72470 
61270 
61350 
62100 
60560 
61770 
61020 
61700 
61790 
59980 
61740 
63870 
65080 
61570 
60350 
61640 
61150 
61880 
60830 
62110 
61290 
60870 
62690 
61390 
63380 
64240 
67570 
62900 
61930 
61830 
63090 
60160 
60360 
61240 
65240 
62790 
77700 
64150 
62700 
59950 
62350 
60530 
70810 
63420 
61530 
60530 
60970 
62810 
64670 
60700 
60870 
61950 
67010 
65620 
62090 
62540 
65880 
61140 
61820 
61660 
61770 
61230 
63010 
61370 
62000 
63330 
62150 
59140 
61690 
63790 
61550 
59610 
60730 
59280 
65420 
63200 
63120 
64460 
67640 
65020 
62580 
63690 
62540 
63610 
60150 
62400 
61460 
65510 
63010 
61650 
63480 
59440 
78010 
64230 
61380 
63030 
60770 
60950 
60810 
58930 
62860 
60290 
63350 
60490 
67140 
63070 
62170 
60570 
62100 
61850 
63350 
60770 
61550 
61880 
61000 
63910 
60620 
60800 
60800 
61630 
63870 
62580 
59680 
60290 
59740 
59910 
64300 
63470 
64210 
60140 
68680 
64290 
62440 
61560 
61940 
62370 
59960 
65160 
62540 
61300 
62700 
62130 
66100 
66950 
60110 
61960 
61200 
62850 
64890 
59330 
62100 
61840 
66580 
61730 
60020 
61090 
68110 
63290 
66950 
62420 
63080 
61520 
62530 
64580 
60950 
61660 
60700 
62030 
62530 
61890 
60690 
61170 
61810 
63320 
60260 
64810 
61720 
59990 
64110 
61340 
61810 
61200 
75420 
64560 
63480 
60740 
64450 
64470 
64030 
62360 
62360 
60300 
61490 
70890 
66080 
61170 
62170 
60530 
61610 
60890 
60760 
61810 
59810 
62190 
64060 
60730 
68740 
62470 
66840 
62350 
61150 
62490 
59460 
62840 
61610 
62360 
61530 
60330 
67170 
61790 
61740 
61300 
60150 
60390 
61170 
61950 
61450 
61410 
62700 
59360 
64450 
62780 
60910 
62280 
67030 
64290 
63450 
60340 
61790 
60110 
61680 
62320 
63050 
68250 
63400 
60940 
63810 
61180 
59960 
61100 
62520 
62490 
63080 
61080 
63920 
74950 
66910 
61740 
62790 
60450 
65100 
64430 
63650 
62540 
61020 
59370 
63180 
64650 
63350 
64380 
60320 
65720 
62880 
60190 
60530 
60290 
64280 
61950 
62140 
67640 
62580 
61400 
63840 
65920 
61960 
60600 
72800 
64070 
66410 
62730 
60120 
61620 
63350 
68830 
62640 
60710 
61860 
62440 
63350 
59700 
60890 
61030 
60850 
61020 
61320 
61880 
62070 
60490 
62870 
60760 
60510 
60300 
67210 
65270 
65100 
59780 
61400 
63040 
65070 
62050 
62720 
60090 
62210 
65010 
62350 
61570 
60570 
63230 
61480 
62470 
60660 
60990 
63060 
60860 
61900 
59580 
61280 
61790 
66790 
63580 
63350 
61010 
59870 
60840 
75920 
64350 
62110 
61530 
62640 
61920 
62030 
61120 
62570 
61050 
61990 
62780 
61170 
60510 
62000 
59800 
61700 
60360 
61510 
60540 
68200 
64790 
63280 
61250 
65410 
61840 
64490 
64410 
60000 
63540 
66050 
63290 
62340 
60360 
63060 
60770 
59650 
62830 
59500 
64260 
62800 
60700 
66490 
60870 
63010 
61650 
68260 
65150 
61180 
60860 
67100 
63460 
62410 
61790 
61930 
62970 
61280 
62130 
61800 
60720 
59110 
61410 
62900 
65400 
63080 
60440 
61080 
62260 
64220 
61340 
65460 
65380 
66020 
63010 
63690 
62670 
59730 
62080 
61280 
63950 
60730 
60540 
60840 
62980 
60910 
63620 
59330 
63340 
61720 
62310 
62770 
58970 
61550 
60160 
61920 
61860 
60500 
62070 
66640 
62560 
66570 
62070 
61600 
60680 
61290 
64960 
62710 
63000 
59840 
60980 
63320 
60700 
61480 
60000 
61550 
62750 
60100 
60800 
60690 
58600 
64790 
62500 
63040 
62430 
74110 
64360 
66750 
65140 
62490 
60290 
62470 
62450 
60990 
63270 
59310 
63670 
62660 
61880 
61930 
59590 
63990 
66740 
65420 
61060 
63120 
59650 
63910 
62520 
60490 
61150 
66500 
72960 
62960 
62120 
60200 
61340 
62870 
61750 
61960 
60580 
60290 
60670 
63010 
61520 
59500 
62990 
60670 
61950 
60630 
59230 
62180 
61840 
62920 
60370 
59240 
61290 
66750 
64920 
62890 
61030 
59990 
61370 
65370 
73720 
64770 
60940 
60760 
61730 
60230 
61330 
61330 
59690 
62570 
63910 
60030 
61830 
60940 
61510 
62980 
61750 
59550 
69210 
71070 
61860 
62200 
65750 
61140 
60830 
61320 
62760 
61260 
62300 
60660 
65930 
67500 
64010 
61250 
61320 
65020 
64400 
61170 
61940 
61630 
60650 
63050 
60630 
61060 
60220 
70680 
61820 
64750 
61270 
63380 
61020 
64510 
62890 
61240 
60340 
62840 
62910 
61230 
59850 
67020 
63980 
63100 
62960 
61830 
63370 
60910 
58310 
63090 
70110 
76280 
63860 
67750 
67180 
62900 
62000 
61490 
61070 
64880 
63570 
67980 
64080 
59810 
62660 
62480 
62030 
60010 
59610 
62530 
61960 
62640 
61500 
59960 
60950 
61480 
61000 
61570 
62300 
67560 
62170 
62310 
60330 
62070 
60520 
60160 
63550 
60560 
62190 
62020 
64020 
62210 
60340 
61670 
61420 
63290 
62860 
63630 
60320 
61260 
61870 
64550 
69950 
62970 
60570 
69890 
68890 
63150 
60980 
62740 
63070 
65980 
63210 
60570 
60190 
60200 
61940 
64700 
63220 
63140 
59720 
62640 
65120 
62480 
61530 
59940 
59340 
62430 
63070 
61750 
60580 
66440 
64140 
66010 
63390 
62250 
62770 
62570 
61880 
64080 
59580 
63520 
65860 
63660 
64490 
62990 
60900 
62400 
61940 
61360 
60130 
59530 
69680 
64950 
61630 
60800 
58920 
67930 
63200 
62930 
59110 
61790 
60440 
61940 
62030 
59530 
60220 
61790 
62250 
64350 
60880 
61200 
61730 
62040 
61610 
59700 
59680 
66850 
61700 
62910 
60880 
62630 
63420 
65520 
62590 
63020 
61080 
62060 
61690 
63270 
60820 
59990 
62780 
60380 
64780 
62830 
62320 
62740 
60330 
62810 
60890 
61120 
66360 
63960 
61550 
67690 
62670 
62630 
61010 
71930 
62720 
61730 
60590 
62650 
62310 
61060 
61640 
60720 
60220 
60140 
61150 
63160 
61680 
61180 
59530 
62730 
62050 
62330 
61510 
63050 
59750 
62200 
61520 
61800 
60970 
66570 
65040 
62870 
64480 
64250 
61580 
81820 
67220 
64910 
64840 
62430 
62570 
62080 
62680 
62370 
59970 
61610 
62780 
66670 
62480 
60100 
58990 
64330 
59050 
62910 
60160 
65840 
64530 
59960 
65840 
62610 
60180 
62600 
63550 
61770 
59970 
59490 
62460 
64560 
60120 
61490 
60650 
61350 
62100 
61570 
60670 
60520 
60970 
65980 
63700 
60210 
62240 
73530 
66710 
70420 
70800 
64420 
61730 
63100 
67240 
65990 
60330 
63100 
61920 
68650 
60600 
62920 
61580 
76870 
65100 
66460 
61050 
61260 
61650 
64390 
64670 
64040 
62410 
66260 
64970 
62140 
64420 
63560 
61220 
63790 
60060 
64230 
63780 
62610 
64900 
61560 
61450 
64720 
60690 
63930 
63680 
62220 
62480 
59990 
61040 
63190 
60970 
64960 
61280 
73200 
63530 
64500 
62190 
60060 
65070 
62960 
64590 
60720 
59970 
60380 
68110 
64560 
61910 
68000 
64780 
61800 
61600 
61350 
61010 
62530 
60160 
64660 
62970 
59050 
60560 
65200 
65560 
64010 
62080 
60810 
59840 
62150 
61170 
59950 
62630 
60880 
61850 
61430 
61390 
61210 
60250 
64010 
63590 
64780 
61790 
60780 
60190 
64230 
60940 
62220 
63170 
67930 
63360 
62300 
61250 
61860 
62750 
62420 
63380 
62700 
64800 
63760 
62870 
61780 
68340 
64830 
60470 
62590 
61230 
60600 
60180 
60710 
60220 
68490 
61810 
60250 
61580 
67860 
62970 
62230 
62710 
60740 
59440 
61130 
64070 
61770 
59910 
59720 
61260 
67410 
63240 
60850 
62950 
62220 
62490 
60620 
59820 
63440 
60750 
63480 
62100 
62350 
63780 
67110 
67500 
66450 
60790 
62920 
61070 
62800 
63600 
60390 
61140 
63480 
70330 
63760 
61020 
60870 
60770 
61760 
63160 
66510 
62160 
60240 
59640 
62880 
61280 
60970 
59600 
68100 
62710 
61710 
60540 
60110 
62790 
63640 
62490 
61080 
60520 
60210 
63190 
63980 
61050 
62840 
61560 
62900 
61430 
62880 
62920 
59610 
59940 
61980 
64180 
60190 
66970 
74270 
63630 
62820 
61960 
60730 
63810 
64830 
64770 
61170 
67210 
62840 
61920 
63670 
60010 
60610 
59740 
62040 
61460 
61890 
61200 
60670 
59680 
63490 
61780 
59780 
62740 
67370 
63280 
62830 
59640 
62790 
62380 
62880 
63240 
61280 
61190 
62180 
62470 
63710 
62440 
75650 
63040 
64350 
61770 
62380 
61630 
63850 
61270 
63100 
61040 
73870 
74930 
76160 
63600 
63210 
62700 
61030 
62910 
62180 
61400 
79480 
64550 
61920 
61880 
62600 
61200 
59530 
59480 
62170 
61990 
60360 
62660 
61250 
60140 
65640 
62180 
63200 
61750 
73730 
63360 
64680 
61140 
61230 
60610 
60970 
63860 
62360 
63310 
61740 
60680 
65080 
60970 
61780 
60560 
62420 
62720 
61280 
61900 
63750 
61220 
64680 
62460 
61760 
60190 
67720 
64410 
64720 
62450 
61390 
60440 
70030 
65100 
62970 
59670 
60450 
63080 
61610 
60930 
62370 
61270 
66650 
62690 
61550 
62200 
59480 
59790 
62940 
63700 
61370 
61180 
68620 
65510 
61880 
66310 
59690 
62010 
62370 
63400 
63560 
59820 
62590 
62070 
74840 
63480 
60620 
61470 
67870 
64100 
62540 
60900 
65800 
60760 
69130 
63240 
62220 
61870 
69380 
63820 
65440 
61250 
68440 
62420 
63300 
62570 
67910 
64010 
60920 
59820 
61060 
58670 
61130 
63320 
62920 
61280 
59390 
61140 
68360 
60510 
64740 
61410 
62190 
62200 
68150 
64620 
62110 
65070 
67470 
64020 
61960 
64330 
62210 
62320 
60820 
62400 
63050 
61710 
61280 
60490 
63120 
63200 
61600 
66330 
62580 
64360 
65450 
62300 
61940 
62830 
67080 
62270 
63620 
68950 
64420 
63230 
65060 
62860 
59490 
60200 
61160 
61300 
62320 
60800 
60160 
59820 
60280 
62850 
59640 
61400 
62890 
58890 
64150 
62170 
62460 
60930 
66150 
64880 
62330 
62930 
61040 
61250 
62720 
61160 
62430 
61480 
59050 
61620 
64600 
60620 
64960 
60310 
66570 
62640 
60210 
64370 
61780 
64680 
65980 
63080 
59980 
59890 
72780 
70270 
63740 
62300 
61260 
64120 
61780 
62420 
63550 
60650 
60460 
65200 
61720 
61550 
61630 
61200 
62130 
62310 
62420 
59960 
78180 
64010 
63410 
62520 
60690 
61800 
67130 
63680 
64220 
60990 
61940 
60210 
61980 
63470 
60900 
60740 
62060 
60090 
64290 
60020 
60240 
60420 
60980 
66380 
64150 
61540 
58720 
61540 
63860 
59290 
60700 
69470 
69660 
65800 
62070 
64140 
62440 
61440 
66890 
61920 
60340 
60330 
60370 
60820 
61560 
59610 
58620 
60040 
62010 
62540 
59710 
60550 
67130 
61330 
62570 
62050 
62400 
61500 
65970 
62720 
61730 
60470 
61910 
66690 
62320 
62530 
63320 
65610 
61350 
63110 
64470 
60200 
60450 
60300 
63420 
63190 
61270 
60390 
74040 
62440 
63940 
61740 
60350 
69860 
66790 
65400 
83350 
63560 
62140 
60010 
66860 
62250 
61260 
62340 
60540 
65820 
63040 
60260 
61110 
61530 
63140 
63190 
58700 
63860 
61570 
59590 
64130 
64690 
63510 
61420 
66760 
63930 
61210 
63920 
60690 
60880 
62460 
63130 
61880 
60070 
64550 
62530 
61350 
61870 
59420 
60010 
61080 
61310 
63650 
61160 
60590 
60950 
62660 
69610 
63140 
60420 
72760 
63150 
63140 
61180 
60090 
61530 
62660 
61970 
60920 
63860 
62480 
61380 
60850 
61800 
61100 
61000 
60880 
65660 
62880 
61770 
61150 
59280 
74090 
63550 
61350 
62580 
66240 
67910 
64620 
60630 
62380 
62320 
61980 
61750 
61300 
65990 
61150 
