19855260
23639080
27908320
12034310
27943970
11987360
27917100
12012600
27914290
12046960
27909130
12022540
27919640
12023090
27944130
12001190
27958250
12023010
27918170
12031130
27929800
12021640
27920950
12026630
27925480
12035570
27907490
12032990
27913710
12027260
27937440
12014290
27922640
12025620
27919230
12067240
27900160
12023000
27912270
12027560
27912230
12040950
27908260
12027540
27907890
12023000
27929100
12007610
27920390
12035650
16081380
12100430
27931370
12013790
27923090
12017540
27919760
12030260
27917340
12020120
27919530
12013860
27922320
11999990
27930910
12023890
27922670
12028860
27931950
12021090
27927980
12057500
27946950
11987040
27899240
11998560
27925970
12013540
27953900
11998410
27920320
12020020
27925220
12030690
27925470
12014060
27924220
12024140
27931480
12022050
27923860
12022230
27925950
12023740
27943500
11998010
27952520
16035200
12020950
24058310
15894940
12025740
27940660
12111560
16013730
12109510
27834350
12004710
27922030
12000530
27946570
11974330
27928160
12000420
27927690
12009270
27917800
12012870
27922990
12022910
27913980
12024770
27916730
12016190
27912550
12015600
27940490
12014430
12051040
16109030
27897640
12021780
27932500
12021100
27927320
12023120
27934920
12027920
27922740
12019750
28113180
11837780
27940200
11987140
27922430
12021630
27932930
12020220
27931820
12022290
27931570
12022130
27932750
12026570
27924690
12019980
27930520
12023050
27948500
12000530
27932250
12019820
27933300
12022710
27939650
12018160
27925060
12026310
27925170
12032660
27923530
12018910
27963490
11999900
27947240
11997620
27929900
12013350
27924190
12030310
27923760
12011600
27931780
12028490
16071320
28237080
12032400
24048230
15909920
12006980
27977240
16058140
16007970
12004930
27921730
12025310
27926670
12005820
27926030
11998360
27922020
12032590
27924070
12003220
27958590
4060000
27957000
11996750
27926160
12078250
27893590
11978470
27924730
12011400
27928050
12022760
27927550
12031120
27921660
12021750
27926370
12018790
27938610
12008080
27931050
12018320
27926760
12026920
27926720
12020960
27927300
12022120
27926900
12033280
27923740
12025500
27916040
12023880
27935990
12011690
28005660
11941160
27926120
12019190
27924070
12017380
27924160
12011640
27924960
12024780
27925400
12025970
20023030
12006090
27967940
4070940
27941540
12001550
27925530
12058230
27890370
12011090
27921260
12014230
27925560
12021820
27938780
11967530
27925230
12018870
27947370
12009420
27921190
12021980
27931580
12021630
27927500
12017800
27976960
11969700
27916790
12012900
27921190
12019080
27930470
12015950
27943760
12009030
27925030
12021530
28013230
11945490
27927140
12016410
27930970
12020170
27928570
12031320
27920260
12020490
27937720
16044520
16008190
11998610
27928040
12021180
27922820
12027330
27932270
12057120
27904090
12006630
27921990
12026410
27922160
12016140
27926020
12003490
27952780
11981880
27933010
12008890
27923960
12019510
27926430
12009840
27928930
12009690
27930360
12016690
27923420
12016130
27921770
12006930
27947190
11992740
27900730
12019650
27925530
12031530
27923150
12023070
27923530
12030450
27923310
12029030
27984620
11974150
27906290
11993840
27934460
12023750
12293000
23665300
27906790
12022800
27930250
12016090
27926600
12021480
27929100
12031280
27924810
12016580
27927610
12021800
27941380
12007370
27925740
12031860
27925480
12014550
27930410
12016680
27925540
12021820
27929880
12050870
12018910
24096230
16008950
11992640
27939690
11981010
27947650
11997950
27945480
16061830
12034850
24043040
15901200
12012810
27920030
12037400
27907470
12013500
27926460
12008050
27950240
11984520
27932840
12007340
27938630
12002460
27911050
12014590
27925870
12030470
27917230
12031750
27923160
12024350
27918950
12018320
28117410
11854800
27906110
12012450
27898720
12038910
16073760
20018950
27919130
16051990
12022280
12084200
27877420
12011280
27909750
12101100
20036490
15998620
27927600
12045020
27897730
12025350
27923210
12057740
27905540
12014330
27916570
12074680
27903250
12007470
27907660
12060340
27971820
11964650
27935610
12036480
27896860
12007680
27916430
12076480
16058810
23971820
16005980
12070890
27896460
11999420
27910340
12076080
20077910
16003430
27912330
12052230
27902690
12010830
27914400
12063400
27895870
12009720
27909250
12057180
27892220
12012820
27916710
12057230
27930460
12005100
20026660
12030840
15969550
16097510
27831080
12010830
27903660
11982640
27915570
12082210
27892520
12015750
27907180
12063190
27925840
11995340
27914910
12068560
27899130
12017900
27917310
12065610
27900550
12015730
27909920
12083050
27931910
11971080
27914990
12055950
27930680
11990110
27917030
12063640
27951990
11964790
27919370
12060180
27895150
12003780
27917670
12079540
27870450
11998440
27914910
12053260
27922700
12070200
27829080
12052040
27893930
12010180
27931710
8185220
20047680
12359000
27988140
12080060
27866490
12009520
27930450
12014770
27909610
11999170
27923050
12058710
27898920
12023950
27922780
12059110
27902920
12012300
27972630
12043960
27857140
11991120
27913170
12054090
27926910
11994220
27926090
12054250
27904550
12021820
27924070
12053310
27905310
12017290
27913000
12073010
27896690
12016600
27920070
12059070
27916870
12005990
27918010
12054740
27909950
12013140
27918930
12059280
27919710
16130000
12047730
12059960
27867880
12002610
27918020
12045680
27917300
11984270
28001610
4077670
27936340
11996080
27920330
12055500
27899410
12006820
27909620
12099460
16060890
23974540
16015310
12044640
27945260
4083260
27946450
39951240
11973770
11998380
15945700
16034750
19981520
11997120
27920580
12076540
27903760
12001980
28006210
11998590
27884020
11979250
12290750
23649840
27941830
12010240
27940820
16032520
19981480
12002020
27932070
12065560
8041250
16018860
27902260
12057410
28002700
11916820
27932120
12048420
27962160
11987660
20019960
12054370
27908250
12006940
27933550
12037850
19975690
12014630
27930850
12044070
27936670
11986070
8309110
31625000
19969400
12026470
24088520
16057720
19964790
12004530
27918390
12091300
27861030
39957000
11964010
12008250
15955570
4090320
27945850
12007710
12035860
27990010
12047730
12044720
27891880
11990860
27914800
12078380
27901420
12005020
27947520
12035430
20002150
11978030
28022630
11960380
27844050
11987220
27956440
12024680
20041800
16011330
27931230
8135380
20060840
16008340
27913240
39987870
11974990
12003200
15946520
16077240
12022700
24040030
15914240
12017360
27921360
12030620
27921710
12039560
27937530
11984320
27946930
4058120
27940590
12009820
27963800
11997790
27912720
12030720
27915490
12019940
27917380
12026930
27909070
12035440
27905800
12028570
27913820
12021460
27927310
12010620
27922100
12009740
27917950
12026750
27920480
12015700
27917860
12024980
27917520
12032370
27970800
16062540
15997380
12023030
27933900
12010690
27920940
12027660
27920220
12032410
27922980
12107350
27820990
11969400
27921060
12027000
27911680
12031100
27916900
12024420
27974420
11999380
8243790
23659870
27915720
12031570
27923090
12024680
27921440
12024250
27924900
12030880
27920140
12021810
27925360
12020120
27947510
12076580
27849030
12045060
16011290
12020960
27950510
12013490
27921610
12013560
27926450
12027080
27920870
12015550
27975660
16097090
12077500
11977280
27931140
12007060
27924690
12020990
27926900
12017450
27924030
12016760
27923270
12024650
27922100
12016880
27931640
12001200
27958440
11978040
27941670
4072700
27931210
12016830
27934830
12015080
27930990
12021540
27928730
12026050
27971260
11993730
27900110
12002600
27942290
11997390
27933080
12021020
27923630
12033000
27923420
12022240
27929370
12020850
27925210
12029400
27925040
12020280
27925460
12017190
27963760
16063360
16006410
12206180
24042560
12025090
27924030
12020860
27922830
12025150
27920490
12085440
12038140
24064510
11991660
12093650
27939380
11982540
27930600
12010320
27968700
4103730
27911090
12013990
27928760
12028510
12066530
12120870
27912890
12017080
27921690
12010040
27948840
12004820
27956220
4090480
27922680
12018310
27912000
12026640
27924850
16086250
12040160
12023890
27914440
12027900
27925530
12014730
28113540
11854220
27921660
4066020
27919710
4083740
27928240
12019600
27930320
12020740
27927170
12031040
27928900
12014260
27923210
12019400
27971340
16040040
16015350
12012330
27929230
12023740
27930260
12018560
27930830
12020220
27928640
12029280
27923930
12020220
27928700
12029530
16104600
16121680
27909840
12012460
27925330
12019780
27925880
12014600
27923290
12018720
27916210
12034050
27915990
12019510
27921830
12011600
27952080
11990560
27928660
12013830
27942390
16089710
16014860
12002450
27926100
12011660
27921230
12014730
27914950
12024870
27935370
12011480
27953050
11991020
27974070
16054800
12029230
12085500
27882450
11974710
27922550
12010580
27933780
12027140
27920880
12019930
27925340
12019880
27951800
12006270
27923980
12021060
27999300
11951890
27930010
12022300
27934410
12013200
27926620
12053580
16063820
12091280
27929920
12017040
27951320
11993400
27927740
12021260
28001330
11957570
27941780
16102100
400550
12098260
27919060
12025730
27919870
12017600
27927170
12005240
27954360
11986250
27929250
12012080
27926760
12018650
27937080
12008610
27923880
12016540
27919840
12063000
12445870
12105610
20085200
366060
19901340
39673360
11943980
24076080
15939900
20045550
12038630
16232270
4031090
32110420
15848850
11990850
27913370
12010880
27921730
12023440
12345280
39652330
11925840
24036510
15920010
12026110
27926930
12019980
27959110
16077680
12047840
20068620
15949840
20017720
15919920
12020010
27943560
12005020
27933730
12020960
27930260
12048130
20024790
24206260
15747750
12059000
27906740
80015630
35620
22500
11280
63870
15884810
15978900
11980950
4141660
20120780
27909730
15964490
12040410
27997380
27858540
11966770
12037260
27992830
27884370
11947080
12041960
16092770
27923360
12324580
12084190
27963860
27904500
11980660
12026950
27999560
27900760
4038570
27973640
11965230
12018890
28087320
27825170
11972280
270830
8060000
31997160
31887880
20018300
11978990
12030770
27997620
27881650
11992090
12023620
27995150
27905420
11972300
12021310
27994480
27904710
11981410
12045240
20073330
27961370
15968450
12020930
27998270
27877800
11986190
12020120
27991400
27966370
11924110
12022670
28008830
27855270
11973070
12041310
27970280
27897190
11967070
12035660
28009060
27854460
11975610
12038230
27993530
20092800
11925070
12028940
27994870
27865700
11960510
12047170
27974260
27899780
11965080
12042890
27969310
27876960
11990390
12018050
27997480
27910540
11966010
12029370
27988180
27994930
11847920
12091160
27922440
27847090
11977760
12052550
20061000
27916020
23949800
82960
23937270
27981700
11966900
12021690
27992070
27905610
11988940
12039590
12229920
20085480
31894980
20004760
11994720
12016420
27996560
27900520
11982090
12016110
28023710
16053740
15966390
12029440
28012100
27865680
11963720
12021100
27997500
27885100
11979740
12021900
27997520
27864880
11965170
12024820
27994970
27903070
11957140
12033090
27983810
27897090
11966290
12025250
27996180
27890140
11978350
12063240
20102350
27920690
15949930
12019070
27961140
27905600
11979580
12022750
27989070
27913900
11978720
12019500
28121160
27804150
11932120
12021250
27977990
27893520
11989450
12021210
27984980
27916660
16043290
89510
20085200
27913850
15991370
12017410
27992000
27899140
11992620
12065730
20105940
27895600
11988730
12015890
27998400
20046180
15986570
12024230
27987470
27900080
11984190
12018350
28046270
27856500
11976990
12023650
28002770
12305280
16070360
12026740
27973070
27899650
11960320
12037760
27985440
27888380
11967370
12028780
28006710
27868110
11965380
12023370
27980940
27909590
11953010
12027120
27986430
27914000
11932320
12024460
27996950
20054090
15972290
12016420
28098210
27787680
11986280
12015680
27991150
27982610
11907380
12020140
27981020
27888910
11981330
12034490
20088870
27892170
11991170
12089010
23941910
27964220
11996170
12018590
27988050
27910010
11977710
12038020
16073100
27915610
15982110
12026460
27980060
27901370
11989610
12021400
27993380
27894450
12000410
12009310
28091120
27822490
11959680
12023690
27987520
27901610
11958080
12034400
27985530
27890430
11986110
12109780
23915750
27961810
12015520
27918310
12027240
27918220
11973980
12028850
27984700
27900390
11954930
12041150
27977800
27928040
4048700
27950100
11984640
12023490
28003160
27881980
11988470
12020700
27997830
27911480
11963020
12040000
20174030
27836380
11942660
12034870
27976120
27894140
11988550
12024020
28036180
27839870
11994430
12015060
27991150
27915250
11967660
12026180
27986120
27902520
11988760
12031680
27979800
27897090
12005050
12096990
20056280
27953060
11983160
12022190
27991730
27912850
11969630
12070180
27937810
27898630
11967130
12046090
27975460
27964410
11910890
295100
8056190
31981500
23936450
27973200
11974150
12031250
27987540
27891700
11965420
12040310
28003680
27849580
11959500
12026860
27996670
27863320
11979810
12132600
27852640
27902510
11990980
12014360
27991820
27892890
11988990
12027420
27984080
28016110
11832880
12046910
27934080
27843230
11999590
12059560
31912450
12208750
16062980
12024550
27980540
27900800
11991700
12018020
27992280
27895890
11988460
12017300
27995870
27948430
11960330
8077320
23933710
27977980
11984770
12015990
27990400
27895750
11989150
12026520
27987460
27934850
11943780
12026830
27995160
27862630
11980320
12020220
27986310
27902660
11963190
12024160
27993050
27906410
12017800
12226450
16073450
12047030
27965010
27897700
11971230
12036620
27996930
27870860
11981360
4151700
20110780
27905000
23917300
73830
23959760
27968080
12005300
27921730
12034430
27928130
11991210
12024600
28151710
27796380
4044360
28004290
11934520
12023880
27985910
27900590
11988570
12021500
27986990
27897230
11992040
12015070
28016630
20035540
11989840
12016280
28020620
20054920
23940850
87520
31894740
20019240
11985090
12020400
27988660
27901090
11982740
12016140
27998780
27947020
11939320
12022860
27985190
27905180
11974100
8110380
31923300
19922800
92590
39882070
4043570
27979840
11966620
272690
16072530
20126830
23907930
27956630
11974850
12057760
12297970
20092300
23920870
27968070
11969020
12041270
27985030
27957080
11893680
12024100
27992040
27896830
12012060
12088450
31901660
12216600
16064190
12144930
27907060
27848470
11956490
12025440
27993610
27911660
16015940
79430
27981990
27893150
11999040
12013620
27992400
27897980
11989350
12016900
28003060
20056400
15985110
266320
8064600
31988940
31894010
16007590
15987770
12028140
27999470
27880230
11983630
12020810
28106500
27868600
16028850
114750
23904730
27979970
11966910
12065060
20094000
27923820
23942940
103540
28028870
12298980
16071630
12028330
27988910
27942550
12010450
20014450
11970540
12033040
27984620
27907560
16018040
105950
23920200
27962300
11977120
12030060
20087000
27931430
23948260
81910
27989160
27888300
11986910
12037510
20120850
20061390
15958600
12018420
27983200
27902990
11987320
12015470
27986310
27905820
12001320
8072260
31898060
20027450
12001890
8039640
16006590
4106000
27971730
27902850
11985700
12025110
28003470
27881590
11986670
12022780
27990140
27922520
11957410
12021740
27988810
27946530
11942500
12045060
27968670
27915370
12021170
16014630
12346210
12071400
27977940
27901790
11958300
12025310
27988420
27892390
11969520
12035970
27982280
27933700
12021590
16014210
15969150
12034070
27993070
27865940
11974670
12042030
27989960
27848850
11973230
12023700
27988730
27921390
15998260
99300
31875970
20107240
11855030
12054020
27953010
27828410
11977440
12021440
27995070
27915840
11962550
12022920
27989730
27904950
11984250
12031990
27975130
27905010
11985520
12024320
28008570
20046770
15989090
12023080
27986460
27918910
11964130
12022950
27996540
27895550
11983970
12034140
27974500
27967970
11942070
289050
8072150
31986410
23910400
28019130
11931910
12027000
27988240
27897330
11960570
12034080
27982500
27910230
4046360
27981930
11986220
27941380
15988660
12242010
16079550
12028640
27989840
27911550
11942620
12023470
15963800
23974670
15920310
24035520
15912320
24022280
15927670
24026090
15933440
24001090
15948690
20146820
39848290
89120
39829230
79270
39872840
73760
31859230
16001450
15996280
12018270
28087580
27855080
11961180
12100120
31880540
12209370
16063130
12020210
27985820
27903970
11988490
12013020
27996880
27907940
11982660
12018820
28016710
27882830
11978020
12021510
28027540
27863370
11959200
12022530
27996660
27885420
11971520
12026490
27995900
27891350
11967620
12018560
27997720
27887760
11980110
12029570
27981420
27903620
11982910
12129500
23919190
16061240
23946560
104210
27966970
27897940
11957210
12018740
27990930
27892690
11997850
12024730
20111700
27917360
12292720
12064420
27977220
27980640
11909040
12027210
27973820
27890570
11980370
12011840
27998850
27917060
16024500
94940
27959430
27898910
12003860
8069890
23943060
27964490
11994970
12017040
27998540
27896680
11987740
12013630
27999080
27903630
11992330
12010680
27993250
27905520
11980150
12017080
28102930
20065970
12299990
12070600
27984070
27861980
11966280
12024430
28000860
27865120
11975650
12189250
27824590
27926600
16016410
103730
20100260
27896570
23952370
104770
23917070
27970730
11975450
12022500
27992340
27894590
11983830
12013360
27996130
27888650
11963970
12024690
27982090
27898870
11990990
12021580
27986850
27977140
11915920
12024790
27971950
27873950
11990740
12006570
27995240
27906980
11982940
12013450
27992360
27898440
12012370
248060
8061870
31998450
23928870
27966480
11986250
12024790
27998230
27884810
11989850
12019810
27994270
27940220
4041400
27977300
11971490
12025880
27982570
27936050
11949520
12024160
27994560
27862630
11980960
12030150
27976980
27923320
16032280
114980
27942140
27892830
11959950
12034280
27985650
27889700
11975470
12026400
27989560
27884610
11982090
12026070
27989390
27897380
11956180
12038160
27951070
27895490
11985830
12022090
28000340
27916850
4047720
27963770
11984660
12027900
28078240
27838080
11942550
12023690
27978170
27911320
11969080
12041030
16099240
16010940
