86310 
43720 
38510 
38790 
39190 
36300 
38440 
38380 
36550 
39540 
38360 
37120 
37550 
37080 
38090 
36550 
36670 
35230 
36640 
36110 
35320 
36120 
35020 
36550 
37450 
36650 
36510 
35320 
36450 
36660 
37550 
37890 
36270 
39800 
36780 
37170 
35940 
36390 
40000 
36420 
36520 
35400 
36780 
36760 
38240 
36390 
36520 
35190 
35330 
38730 
37250 
37210 
37320 
37110 
39950 
36290 
36750 
37380 
36570 
38680 
36740 
36660 
35650 
36220 
38430 
35610 
35560 
35710 
36500 
36720 
38460 
38100 
35930 
36210 
37010 
37250 
40490 
37790 
36060 
35520 
36460 
36510 
37180 
36680 
36230 
36280 
35710 
37060 
35520 
35790 
36780 
37290 
36400 
36800 
35320 
35650 
37570 
37800 
37140 
36630 
36690 
37460 
38590 
36830 
37020 
35610 
38000 
37360 
37010 
36180 
35680 
37640 
36550 
36350 
35680 
35640 
38040 
35610 
36570 
36650 
35680 
35160 
37010 
37150 
37210 
36080 
36450 
39300 
36500 
36390 
35580 
35270 
36890 
36540 
37080 
35470 
36040 
37230 
35970 
38890 
36550 
35890 
38480 
37170 
36670 
34980 
36040 
36470 
38030 
35660 
35960 
34620 
37960 
37990 
37610 
37150 
36300 
37800 
36850 
35230 
36640 
35910 
35090 
36990 
34680 
37650 
34980 
35210 
36320 
37790 
36770 
37130 
58020 
38930 
38830 
37310 
38360 
37280 
36130 
38030 
38030 
35560 
36660 
36110 
38350 
36790 
36600 
36650 
38070 
38230 
35610 
36100 
36700 
36270 
37030 
38280 
36080 
39880 
36590 
36050 
39670 
36640 
36450 
34800 
35410 
36240 
35650 
36970 
37910 
36250 
36670 
35060 
37040 
35450 
36020 
36940 
35770 
36880 
35740 
38310 
37330 
36340 
37120 
37100 
36840 
36140 
37610 
37190 
37180 
37900 
35860 
37300 
41190 
37120 
38530 
37110 
37410 
35950 
36610 
35460 
39160 
38150 
37540 
36090 
38680 
37380 
36230 
37470 
36310 
36540 
36250 
37710 
37020 
36700 
37800 
37500 
37080 
40040 
37720 
37010 
35950 
36230 
36000 
35650 
37160 
35840 
34670 
38410 
35470 
37710 
35930 
37470 
37310 
36490 
37240 
36270 
36170 
37450 
37680 
37260 
37000 
35920 
37690 
37180 
37360 
35300 
36170 
35350 
37910 
37640 
36230 
35540 
36270 
36710 
37570 
36750 
36210 
35700 
37110 
35900 
40520 
37500 
38420 
36720 
38700 
37370 
38550 
39210 
37570 
38060 
36190 
37900 
38110 
37140 
37550 
36340 
36720 
39170 
36410 
38600 
39910 
38490 
39760 
35480 
37880 
37200 
39790 
37900 
38850 
36080 
37530 
39610 
37670 
39530 
36590 
39230 
36610 
39260 
37410 
39890 
37870 
39880 
40350 
36190 
36610 
37040 
38790 
37070 
40020 
36350 
38800 
36650 
36510 
38520 
37040 
37240 
36790 
36940 
36090 
37510 
37350 
36890 
36380 
35690 
35450 
37570 
36450 
35680 
36480 
35320 
36300 
36830 
36920 
38270 
36840 
35740 
37910 
39200 
37580 
35600 
36750 
36570 
38240 
36240 
37950 
36010 
35560 
37060 
36860 
35640 
36630 
36390 
37570 
35800 
36800 
35570 
36410 
39680 
48210 
38810 
35180 
36650 
37730 
35810 
36470 
35930 
35240 
35370 
37950 
37880 
37600 
38640 
35870 
37840 
36240 
36120 
36490 
35930 
37040 
35690 
37440 
37960 
37120 
37670 
37460 
37190 
36570 
36190 
38680 
36860 
36430 
35850 
36980 
35540 
38070 
37030 
35280 
36090 
35560 
36120 
36860 
35160 
39920 
36610 
36810 
36720 
36870 
36190 
36420 
35990 
36670 
36420 
37560 
36330 
39330 
37240 
36090 
36040 
36010 
35900 
37380 
37150 
36380 
35140 
35960 
37050 
36110 
34600 
36480 
37080 
37940 
36420 
38560 
35870 
35100 
36990 
37330 
39590 
36310 
39140 
38590 
36620 
36110 
37290 
36880 
37610 
38370 
37650 
35110 
35880 
35550 
39200 
36470 
36670 
35490 
35680 
37180 
37360 
37610 
37720 
38090 
38090 
37750 
37980 
36550 
37110 
36000 
36270 
35940 
35660 
36470 
37480 
37300 
37030 
36050 
37310 
38100 
37140 
36580 
36010 
36820 
35590 
37370 
35150 
37000 
36150 
36850 
38180 
36740 
39080 
38640 
38970 
38360 
35150 
35580 
37070 
36490 
36770 
36580 
36670 
36440 
36850 
38720 
40080 
37810 
35950 
36880 
35970 
37550 
36350 
35390 
36360 
36170 
37230 
36820 
38270 
36960 
37290 
36030 
36570 
37950 
35900 
36520 
36310 
37340 
37200 
37450 
37020 
35820 
37210 
38430 
36140 
38180 
36350 
36840 
37150 
36880 
38470 
35820 
36240 
36540 
35690 
36470 
35900 
37460 
37770 
36400 
36480 
37170 
35690 
38480 
37650 
39100 
37950 
35430 
37490 
36300 
36140 
36160 
35010 
38700 
36400 
36420 
35740 
35610 
36620 
36360 
36250 
35350 
35180 
36940 
34640 
36530 
36630 
36520 
34870 
36860 
35850 
36280 
35490 
37770 
37060 
36710 
36450 
36210 
36180 
36320 
36100 
36350 
41270 
37840 
39780 
36620 
38090 
37890 
36670 
36910 
36110 
38190 
37040 
36140 
37030 
37260 
36910 
37920 
37570 
35740 
36190 
37230 
34690 
34820 
36860 
36800 
36450 
36220 
36140 
36760 
36710 
35530 
36640 
37230 
35860 
36780 
36320 
36760 
36100 
35680 
35550 
36630 
36550 
35950 
37360 
35310 
37990 
37130 
36680 
35380 
37880 
39310 
36240 
38110 
36850 
36870 
37960 
37720 
36960 
36240 
34860 
37180 
35500 
38880 
36010 
36630 
39870 
36350 
36730 
35240 
34740 
54460 
39510 
37050 
36170 
36900 
37600 
36950 
36720 
36870 
38030 
36630 
37960 
37750 
38630 
36630 
37300 
38390 
36620 
35070 
36520 
36060 
36600 
37070 
36850 
36780 
37080 
36710 
38750 
37630 
35930 
36120 
36160 
41290 
36450 
35720 
36840 
35920 
37790 
37920 
36600 
35950 
35730 
37010 
36690 
35800 
35740 
35660 
38880 
37140 
36000 
36430 
35590 
38020 
37280 
36570 
36110 
35860 
36240 
36470 
37310 
37430 
36580 
36980 
37330 
36900 
37890 
35690 
36180 
37450 
35140 
38350 
38090 
36120 
35320 
37760 
38240 
36930 
36740 
36640 
37030 
39960 
35990 
36280 
37020 
37470 
38060 
37320 
37480 
38380 
37840 
37380 
37050 
39290 
37700 
38610 
36810 
36380 
35350 
36420 
35970 
40350 
36980 
36290 
38300 
36490 
38010 
37220 
36090 
36850 
37630 
37640 
37410 
37060 
39030 
36930 
37690 
35870 
37490 
35810 
38540 
38260 
36010 
37290 
35210 
35470 
38580 
38890 
38540 
35790 
35820 
36890 
36490 
38590 
36030 
42180 
39170 
37300 
37580 
39240 
36830 
37020 
36150 
37060 
36590 
36220 
36120 
36730 
35310 
39020 
36780 
37450 
35870 
38060 
37020 
36540 
37050 
34740 
37330 
37110 
34930 
36320 
36440 
37090 
36100 
36690 
35580 
36820 
37200 
35090 
36370 
37110 
36110 
36650 
34940 
38600 
37020 
36310 
35930 
36670 
37070 
39180 
35680 
36360 
37260 
36100 
38550 
37710 
35770 
37630 
35470 
38560 
36330 
36170 
37490 
36350 
37450 
36170 
36380 
36310 
36670 
37680 
36910 
37690 
36710 
37000 
37000 
35940 
35830 
36100 
37270 
37490 
36060 
35970 
35120 
36560 
37270 
37160 
35030 
36180 
36070 
36220 
36700 
35340 
36690 
39040 
37210 
38080 
36760 
35940 
35970 
38110 
38050 
36640 
38660 
36310 
38810 
37090 
36150 
36420 
35980 
37920 
36610 
37600 
36630 
35250 
37110 
36190 
35670 
38890 
38700 
37850 
37170 
36840 
36860 
38120 
36670 
36810 
37540 
36560 
35700 
35920 
37380 
37740 
37230 
35420 
37050 
38400 
36460 
37200 
37480 
35490 
38160 
36140 
35490 
37190 
36340 
37220 
36240 
38950 
35680 
38750 
37040 
37060 
36020 
37620 
35840 
36320 
35840 
36610 
38550 
37130 
35540 
36430 
38240 
36190 
36050 
35270 
36510 
36390 
37540 
36370 
35530 
38240 
37530 
37440 
35770 
35400 
35960 
37150 
36860 
36250 
38260 
36230 
37850 
38140 
35930 
37620 
35280 
36980 
36160 
37480 
34910 
36340 
36450 
36440 
37360 
35820 
35250 
38090 
36740 
37210 
35790 
35600 
35320 
37760 
37340 
37920 
36810 
36940 
36750 
36410 
36460 
34930 
36330 
37150 
37250 
37820 
35680 
36590 
36820 
40800 
37110 
35660 
37060 
38460 
36700 
37730 
35550 
37090 
36580 
38290 
40760 
36360 
36710 
35860 
38740 
38540 
34950 
35460 
35280 
37140 
36400 
36620 
37490 
36430 
37530 
36570 
36490 
35780 
39140 
39530 
35110 
36190 
35670 
35770 
37360 
37020 
36320 
35430 
35880 
35880 
36940 
38380 
37330 
36300 
43860 
37440 
35850 
37090 
36450 
38180 
36370 
37510 
38070 
40120 
36960 
38310 
35210 
37000 
35210 
35960 
35040 
37840 
38020 
36550 
36960 
43290 
40760 
37620 
35720 
36540 
41530 
38150 
35710 
37090 
37080 
41670 
37870 
35090 
37680 
36370 
35790 
36670 
36660 
36110 
42610 
35820 
36780 
36040 
38540 
35580 
36360 
36560 
42990 
38350 
34910 
36900 
36670 
37340 
38240 
48630 
49220 
37980 
38950 
36800 
37460 
35560 
34840 
36510 
34880 
43350 
37020 
36100 
37100 
38840 
37480 
36470 
38540 
36780 
37570 
37550 
36020 
35220 
35390 
37670 
37280 
38040 
35720 
35430 
37890 
36890 
39620 
35560 
36500 
36860 
35090 
39610 
35760 
36240 
35340 
40340 
36320 
37230 
36490 
36620 
36390 
76880 
39180 
36070 
34970 
37760 
37520 
35760 
37320 
37510 
39030 
37160 
37280 
36990 
34970 
37590 
37450 
40010 
37520 
39440 
35850 
36960 
38760 
36950 
36830 
35940 
39700 
37010 
36430 
35690 
38080 
37680 
37450 
36110 
39960 
37720 
37660 
46200 
38500 
37000 
36580 
36530 
35030 
37240 
37090 
48870 
37740 
37170 
38340 
35660 
36750 
37390 
36810 
38760 
35570 
38480 
36920 
39550 
36120 
41710 
38560 
36320 
36390 
37300 
80660 
40610 
36190 
36680 
37240 
37000 
35840 
36400 
35330 
40240 
38240 
37860 
37400 
38610 
38630 
41080 
37650 
37240 
36430 
38680 
36460 
37460 
38900 
37070 
40480 
36050 
36570 
34730 
35270 
38180 
36820 
37870 
36090 
35490 
37190 
37350 
36620 
36050 
36690 
35960 
37950 
38460 
37440 
40050 
36690 
37330 
36770 
41040 
36170 
40600 
37170 
36720 
38080 
43980 
40680 
41010 
35730 
37380 
36490 
37420 
37990 
37430 
37470 
38480 
36880 
39690 
37880 
39440 
36310 
38510 
36130 
40620 
37540 
36170 
40440 
35810 
39980 
36970 
37800 
37090 
38000 
37310 
38270 
41730 
37080 
39560 
37570 
38500 
38400 
35530 
36620 
37340 
48640 
38720 
39170 
39580 
39660 
38710 
36920 
37050 
44150 
35960 
40540 
38770 
37530 
38090 
36220 
37410 
36230 
37790 
37480 
35520 
36250 
37920 
37830 
36160 
36500 
37330 
55360 
38320 
34670 
35810 
39420 
39630 
36280 
40540 
36040 
36290 
35830 
36330 
36380 
35840 
36780 
39810 
37430 
37850 
35770 
46760 
37580 
38300 
36120 
37950 
36310 
38290 
38600 
36860 
35950 
37760 
48340 
38700 
40580 
37000 
36840 
35830 
37040 
36390 
38930 
36550 
36710 
37200 
38150 
38760 
34910 
81410 
41770 
38410 
38400 
36610 
36010 
40570 
37270 
35860 
37030 
37310 
36440 
35970 
36300 
38310 
35930 
36470 
37840 
36920 
36800 
35980 
34960 
37730 
34900 
37180 
36890 
35610 
35770 
35860 
37320 
38730 
36970 
50220 
39140 
40640 
38050 
36760 
38480 
37670 
37680 
36530 
36440 
37520 
37110 
36530 
37620 
36780 
36410 
37170 
36050 
36850 
35480 
36930 
36640 
36830 
36780 
35680 
36270 
35700 
40590 
38130 
35890 
37650 
35770 
37330 
36460 
36550 
39050 
37460 
37430 
36250 
36730 
36790 
36000 
45240 
36640 
37220 
37020 
37350 
36940 
37920 
38270 
38300 
36080 
35040 
38070 
36100 
36990 
35070 
37720 
37600 
36030 
36870 
36620 
35880 
38220 
37180 
37090 
36460 
37420 
37280 
35470 
36920 
37010 
36010 
36880 
50860 
45420 
45120 
43030 
38230 
37500 
37380 
40470 
40800 
37340 
40250 
36270 
37690 
38810 
36720 
38000 
35130 
37770 
75070 
38150 
36050 
35740 
37050 
36020 
37640 
35400 
37050 
39800 
36890 
36700 
36510 
37200 
36110 
36710 
37220 
35730 
37650 
38520 
36800 
35440 
37790 
38360 
36490 
37090 
36330 
34610 
36800 
36030 
36580 
35690 
35680 
34780 
37450 
37770 
37910 
38660 
35540 
36890 
37470 
36700 
35040 
36030 
39270 
36930 
36100 
35140 
38000 
36270 
35350 
35440 
35790 
36230 
38410 
36370 
37460 
35770 
35660 
35770 
37030 
37190 
36050 
37270 
35620 
37920 
37070 
35190 
37200 
36440 
37530 
34560 
36640 
38410 
35280 
40280 
36180 
37670 
35840 
35370 
37120 
35030 
35860 
40280 
79660 
39300 
36160 
37750 
38240 
36530 
36430 
36520 
36400 
37160 
34480 
38360 
36130 
36100 
37000 
36760 
37980 
36950 
36330 
36290 
34510 
37040 
36140 
38790 
38370 
36640 
38710 
35480 
37510 
37240 
34820 
35240 
35950 
37930 
39760 
36910 
37070 
36820 
37370 
36290 
36450 
37960 
38930 
36910 
36950 
37090 
36020 
36710 
37330 
36490 
36890 
37280 
38320 
36810 
37450 
40840 
39310 
36820 
35280 
38030 
36580 
36310 
35300 
36400 
39320 
37460 
37670 
36340 
41520 
39340 
37700 
37090 
36870 
36920 
36660 
39640 
37500 
35280 
39470 
39090 
54240 
43840 
37520 
43090 
37720 
37040 
38250 
35700 
36510 
36080 
37640 
36270 
37370 
36230 
34910 
37840 
37450 
37360 
35190 
35510 
36200 
36220 
36940 
37240 
37300 
36720 
37250 
37940 
36680 
36060 
36300 
36970 
37700 
36020 
36540 
36090 
37080 
35540 
37280 
35760 
36320 
37000 
36600 
37130 
37940 
36280 
36810 
39880 
36760 
37300 
35390 
38970 
36430 
37300 
34390 
35740 
36010 
38820 
37200 
37680 
36300 
36250 
38140 
35930 
37670 
34790 
35200 
37420 
36630 
37500 
36310 
36580 
40390 
38290 
39820 
37290 
35380 
35720 
36710 
37500 
35910 
35040 
36900 
36910 
36990 
34840 
35710 
37080 
37130 
49760 
40510 
34490 
37220 
63680 
43460 
37410 
34970 
36530 
38040 
35930 
37310 
36020 
36370 
35930 
40130 
37200 
35770 
39830 
37560 
38060 
36160 
74800 
41790 
36170 
37210 
38040 
38480 
37430 
37550 
38050 
36180 
37010 
35240 
36670 
37090 
37660 
38000 
37260 
36590 
35440 
37180 
36700 
37190 
35510 
35930 
37690 
37060 
37690 
34890 
36650 
39230 
35120 
36830 
37260 
36520 
37590 
36380 
37610 
38250 
36360 
38470 
39370 
38070 
34970 
35850 
36060 
37370 
37750 
37190 
35900 
37100 
36940 
38020 
37270 
36350 
36140 
37080 
36650 
36060 
36650 
36110 
38980 
38700 
37070 
37060 
36850 
35980 
37010 
35850 
37240 
35310 
35630 
37000 
37070 
35290 
35510 
34850 
36670 
40170 
39030 
47530 
40870 
37380 
36270 
38560 
83350 
43400 
35890 
37400 
36560 
35810 
35680 
39000 
36780 
37000 
35880 
36980 
36710 
38910 
37590 
36780 
37630 
36670 
40040 
37800 
37630 
36190 
35380 
37140 
36270 
37590 
39350 
36980 
36880 
35900 
39760 
36340 
36690 
37900 
39180 
37740 
36360 
36810 
36370 
44280 
36920 
36910 
38560 
37370 
37410 
37400 
38350 
37070 
35630 
51440 
39530 
37040 
36440 
36430 
39370 
38970 
36700 
36050 
39130 
38860 
37060 
40170 
36820 
36750 
36100 
42580 
48620 
38090 
39520 
37620 
38010 
37130 
36340 
37040 
37370 
36710 
37310 
37350 
39210 
36920 
39810 
36620 
37240 
34520 
37160 
36200 
36190 
38220 
35440 
37930 
36500 
36940 
36760 
37360 
36640 
36130 
36820 
