29640095
19913180
137930
29715015
49921686
15950
18440
29760415
49833216
115320
162460
10109885
49979255
20450
19840510
10059265
49892116
19750
30016606
47400
49874156
50810
29944975
72700
49819076
73450
29942146
72780
49852336
101350
69935686
18900
19883381
45750
59958331
18650
19888460
42270
59956722
17640
19899130
41380
59966661
18420
19888940
41280
59966641
18370
19882740
42290
59967801
17670
19888701
40970
59955211
16800
19901710
40350
59983362
38570
29843135
50870
39900511
52680
39909051
50430
49958326
24800
9976805
43380
59941011
18970
19898611
41970
59963101
18440
19887120
41750
59965851
17560
19889820
42240
59961991
17900
19889370
41711
59958261
18080
19897730
41310
59912891
18940
19959221
60000391
15040
15010
19882450
59999511
15141
14600
19886460
59989091
13790
13860
19900630
60013732
16880
14120
29872555
39928551
14300
50130
39916991
49976046
15220
15020
19888100
59989741
14540
14200
19898330
59999431
15580
14860
19882780
59999082
14950
14230
19886650
59997881
14570
14270
19885111
59990551
14130
14010
19898810
59997401
14790
14651
19886300
60001431
14780
14860
19884940
59996982
14500
14110
19893790
59984021
13870
14290
19914391
49943506
21590
16730
19909000
59993811
16130
15210
19893440
30151416
18550
59010
29927765
59985952
20930
17360
19970000
30088506
16800
70760
29876795
48740
59958491
46920
29954945
11950
42021
49869655
30009466
15830
45430
49832316
30007606
15210
45310
49765835
52741
30009615
48990
49856556
50390
29954096
51940
49848336
52780
29963315
50421
49832335
50640
29975266
50050
49825446
52130
29961536
48630
49878206
61910
29954125
58590
49940356
15960
78020
69878237
19140
19926430
60001681
13640
14520
19886331
59996161
14820
14590
19884340
59989531
12911
13930
19897380
59981611
13640
14440
19925660
49906185
12790
52661
29904805
59997011
13400
14330
19885371
59992201
13950
14040
19894440
59998481
13960
14130
19883870
59994621
13870
14660
19889920
60003762
14200
14750
19878450
60010681
18620
17240
29861036
39931071
15840
51870
39903950
30092926
17220
53280
29931476
59995791
14710
14670
19879000
60006292
18580
16600
19991990
49963096
14940
14040
19917451
59978681
15680
15360
19884410
60003091
15120
15360
19878050
59988851
13410
14150
19900350
59977702
14110
14210
19900490
59992701
14140
14230
19891761
59998031
14310
14500
19885630
59990141
13550
14190
19898551
59983181
13800
14200
19899560
59994491
14241
14360
19893640
59998691
14450
14880
19883430
60002192
13380
13930
19889150
59982931
13420
14380
19898821
59995271
14130
14420
19892620
59998421
13830
14490
19885320
59992901
13660
14230
19895830
59985302
13560
55300
19856870
59995731
13550
14370
19894381
60000891
14040
14480
19886330
59992231
13880
13990
19896950
59981441
13350
13780
19901490
60011622
16480
15070
29869205
39929241
13800
49440
29907886
59985401
13850
14480
19895450
59982821
14150
14150
19899351
59994941
14260
14980
19891300
59997842
13570
14660
19886580
59992201
12840
14340
19895281
59984311
13720
14070
19900850
59995391
13800
14230
19893861
60016711
18880
16480
19979681
49975316
14350
14860
19905590
40008491
13920
51940
29898845
59994891
14930
15480
19883280
60015521
19890
17470
19977270
49989996
15110
14510
29886755
39924420
15170
51590
29897626
59991581
15310
14880
19886630
59995442
14860
14050
19891310
59985511
14930
14620
19890561
59987931
14640
14260
19922420
59965611
13901
14760
19892560
60001081
13520
14080
19883600
60007842
17660
16790
19995610
49967856
14800
16190
19883241
60005071
15410
10850
69460
29865735
69120
49859635
78940
29936115
78090
40019261
30004026
15790
72040
39939471
30019565
18930
74450
39934120
79930
29903496
73780
49854136
79270
29905395
71431
49832515
77681
29921825
77990
49818636
77200
29929716
73610
49835666
80410
29914325
69240
49854176
79120
29902276
74730
49833666
108070
29892985
76001
49822205
78800
29929205
73060
49833006
78730
29909986
77110
49845696
80350
29904335
76570
49826236
81080
29918656
76530
49820486
79430
29918975
77821
49821645
81520
29911475
76020
49842116
83640
29899546
78430
49822595
80280
29922085
78880
49812056
79550
29921676
75620
49827056
81510
29910545
74220
49846805
78330
29942446
72490
49797806
85350
29911226
79840
49826225
81530
29902955
74650
49839046
82220
29911876
72370
49843706
81050
29900275
152701
49759805
78610
29961336
73460
49779886
79890
29953516
73920
49797945
86111
29901175
73630
49848306
83750
29893786
76700
49826706
78840
29921225
76240
49830516
87880
20054350
81350
39998121
29979795
14600
72770
49797685
80101
29910125
78340
49840316
72730
29966896
82910
39987741
29999505
15380
69240
49832995
29986106
15170
68040
49851176
29976115
15361
69000
49835005
29988156
15040
68040
49783526
72970
29934706
71230
49843036
73780
29906635
75940
49850036
83530
29891626
69090
49844566
75900
29913335
77051
49812215
79420
29924225
72840
49824386
83180
29907076
74310
49845476
81340
29896685
67090
49829536
72700
29929026
70550
49826786
75500
29927625
68561
49829005
74260
29924476
71050
49847586
73270
29945346
66370
49799825
72270
29933065
72670
49817146
72650
29937616
65240
49856076
77450
29934585
66631
49821935
77020
29900456
66210
49837406
74470
29925816
73400
49821015
74501
29929595
72030
49831736
76090
29921686
70920
49843956
75050
29906095
74150
49827466
72310
29929266
225190
49671356
74890
29927215
67080
49837615
74421
29968325
58370
49822936
84550
69941687
21130
19878850
41400
59968521
15240
15380
19888741
59996911
14620
14710
19869490
60006511
15230
15521
19875410
59995531
15470
15200
19887330
59998132
14700
15580
19888800
59997291
15050
15480
19884141
60010501
15270
14780
19874860
59995341
15770
14880
19886961
60002201
15430
15290
19885600
59996112
15010
15470
19885470
60011221
14920
15830
19873541
59999331
15900
14910
19894140
30147626
18250
45980
20072751
60063871
20370
19875270
43080
59993942
23670
88180
47010
69827716
24040
9934495
46720
49970725
55580
29932895
46140
59952201
15880
15510
19887611
60004731
15540
15930
19890730
49929786
15990
46920
19995691
19984460
68330
40006011
30003386
14860
68440
49777426
74030
29937255
68950
49848925
74700
29919656
69380
49826516
72810
29956346
69860
49911036
69470
29890945
75630
40073921
58640
9950525
60007392
54280
19876400
59985551
19000
19891821
42590
59962561
19070
19894940
42060
59961861
18900
19891770
43480
59969821
19740
19878750
43940
59957992
18870
19892110
41440
59962421
18460
19894291
40700
59965041
19010
19889020
43670
59970671
18940
19879841
42410
59961791
19170
19889210
41150
59963682
18680
19894370
42200
59962291
19820
19888200
42220
59975391
20420
19873670
45510
59973531
24711
88200
46750
49927496
59040
29926205
44170
59954162
15130
14940
19888720
60007581
14920
15210
19879721
59993531
15180
14830
19890240
59995271
15430
14820
19904961
30163916
18720
10860
78190
49841846
74400
40036151
64350
9937445
49912856
55160
20029080
50054717
31330
9993715
46250
49955536
57580
29929846
45870
59917331
20610
19920020
42910
59966101
20110
19884370
43780
59914141
19350
19937630
42950
59979741
25900
92730
51630
49922946
59070
29940566
55020
49885746
53930
19982840
50890
49958656
53940
20083011
51210
59985171
20120
19887270
43290
59973732
20260
19875640
42360
59964041
19550
19885881
43590
59962721
20040
19890670
41640
59964381
18750
19887671
42540
59978311
19410
19871090
43300
59966152
21570
19880470
42560
59964341
19590
19904441
57090
30087406
18851
46480
20085250
60072321
20130
19872941
43510
59964381
19470
19888560
44750
59958592
18880
19888500
43220
59962521
18920
19887360
41950
59976471
20160
19876180
43200
59962341
19220
19887181
43330
59962451
18560
19892440
41480
59965592
18520
19886490
41740
59978481
19800
19876760
43521
59963411
30040
19873190
42820
59964201
19590
19894161
42840
59967871
19570
19876290
42800
59975762
20570
19871670
42230
59966451
19000
19885450
42731
59963601
19930
19903490
46310
49876196
56770
19985141
48530
19951120
69880
40013561
29979226
14850
66780
49824326
30041245
15360
64070
49784216
29997306
14770
68800
49825286
30006425
15750
105861
49791595
29979626
14730
69190
49791716
71680
29936616
71670
49833895
71811
29932305
68690
49846516
73350
29904536
68280
49854986
75400
29903145
71040
49841076
76460
29975736
77490
40055171
54550
9959535
59995601
20700
19912511
60024011
20070
18700
79740
69853707
20580
19878600
42850
59967591
16330
15480
19886591
59996441
15880
14890
19901700
30136516
17380
11110
72000
49848166
70750
40071291
53610
19976591
30060085
18050
66890
49868136
71310
40004491
77310
29839496
75010
49893916
29975475
15110
75560
49787105
75660
29931635
74020
49825876
109890
29893526
71440
49827756
78070
29916505
71890
49846516
78560
29907446
73930
49817026
75870
29934795
73071
49817305
77850
29926086
71450
49830246
77520
29920406
72930
49848236
78740
29903795
73550
49820606
76810
29930016
74870
49826986
78030
29924555
72950
49814135
75230
29917556
67100
49867416
85140
69950966
23170
9943915
47930
49959016
56870
29927885
42800
59960891
16200
15240
19885340
60008821
15460
15030
19873071
59995161
15560
14740
19889040
59996601
14390
14600
19891910
59998301
15310
14650
19887500
60006802
15270
14780
19875330
59994691
15590
15360
19889211
59997581
14770
14500
19893640
59995561
15490
14531
19888970
60004911
15510
15250
19881180
59989392
14190
14610
19892290
59994611
14670
14190
19894251
59996321
15190
14760
19872750
60007001
15550
15750
19875810
59991911
15200
15150
19887890
59997272
15510
14890
19887850
59997691
14920
14940
19885480
60010301
15300
14970
19875080
59993631
15080
15230
19890661
59996071
15990
15060
19887680
60012632
20020
19250
81010
49945106
55840
29972705
50048166
15700
10460
69490
29882065
53761
19820240
39927050
51041
19960130
30078646
76250
29929445
75170
59927361
79330
29924225
49830
19840180
30049295
50400
19821940
59962151
69340
29939805
46180
19856011
30030985
48500
19853891
59978271
70020
29921796
46490
19829440
30066156
49370
19842300
59964641
42660
19907320
59987252
51560
19856760
45270
59981131
69390
29819666
53050
49936056
15370
75320
29893075
48270
19830450
30047285
44350
19863660
59962891
44120
19902300
60008072
50670
19838720
48250
59956991
49110
19859641
46430
59955501
48880
19865320
47460
59958471
51130
19851260
45640
59977411
49070
19845880
47240
59955302
50340
19859270
60210
59942981
49700
19864350
46460
59956891
51230
19858240
46900
59975031
48840
19843120
47420
59957111
50390
19859000
46400
59955432
49960
19864520
46320
59961821
53570
19857130
45390
49881235
58881
29900105
44960
59956281
49870
19858471
42120
59957611
50360
19862470
40870
59962441
52370
19853370
42470
59978481
49310
19844440
43131
59959041
51130
19858440
43220
59972911
53980
29824986
51070
30048136
17020
53770
39955900
30066305
18020
54490
29936806
59987241
16100
53520
19843830
60009592
19130
53900
19930810
30078686
18040
52040
29940686
60001401
15490
56920
19833860
59993491
16081
53370
19845640
59991101
14050
52730
19867320
60011942
18750
58400
29824925
30071176
17590
52830
39957001
49969106
14860
47930
19851870
59993491
52131
19856990
40420
59967111
51530
19878040
53191
49853545
15660
45380
20074571
10112055
19934561
30086675
53370
20008881
30065866
71851
20084290
71490
59921211
71930
29976846
53110
19826820
30142906
9950375
19851361
49957646
78880
29933445
54810
19820651
30067445
19893941
29953405
29996596
54740
19892670
60002141
20860
59450
9921005
59988171
14900
53130
19853290
59988342
14250
54190
19865260
59983801
14890
53710
19858240
60007611
15120
51750
19844130
59985671
14800
51940
19864651
59977781
14680
52030
19868610
59984191
14860
52770
19868460
59993851
15180
53260
19847870
59986981
15090
53010
19857460
59989361
14270
53800
19865681
59986291
15120
54040
19858710
60004821
14920
51170
19844450
59993031
16260
59720
19836650
59985352
14310
51670
19866610
59987531
14730
52080
19858501
60007011
15500
50480
19846360
59988021
14510
51140
19860980
59989021
14390
51670
19865720
59988542
14200
53020
19858600
60025491
17970
47920
29818336
39916631
14960
70750
39869080
75181
30019865
76690
29918386
73850
59913871
83180
29921476
51360
19828980
30075206
19887400
29939066
30019755
74740
29937496
53280
19828640
30059516
19909470
29954086
29999315
55430
19889830
60008821
14620
52550
19843730
59987472
14520
50190
19877210
49924136
60130
39896751
48640
30046545
18450
52080
29929465
60000691
20340
19873601
49350
59955361
20360
19882470
48460
59956232
19040
19889320
47110
59959861
22200
19879730
48851
59974161
19950
19875450
49660
59953021
19400
19887491
45220
59964031
20400
19886370
46310
59960931
19740
19883900
47730
59975761
19360
19874750
46951
59971181
23010
29860975
50450
30032286
17990
73390
39878151
74710
30054756
89860
29907335
78360
59932041
81990
29909085
53970
19806020
30083406
58590
19883161
59913031
83420
69963676
23550
9925935
46720
69881386
20240
19867200
43240
59973191
15650
15560
19876920
59995171
15730
14480
19882870
60009272
15490
15090
19875670
60010221
15660
14750
19873611
60005291
15660
14750
19875920
59998061
15580
14780
19885010
60009841
15590
15590
19876790
60007632
15360
14880
19872220
60010231
16660
15560
19868671
60009791
17760
16380
19872250
59998821
15190
14920
19876030
60009621
15760
15640
19870010
60005372
15970
15420
19875830
59994751
14940
14760
19885900
60010771
15870
15110
19876930
60006031
16010
15210
19871541
60004011
15580
14820
19876880
59998992
15250
15070
19884990
60009141
15670
14810
19874030
60009621
15160
15280
19872730
60006111
15740
14940
19877151
59997751
15330
14970
19885210
60022782
18900
19130
85270
69864726
20850
19875350
54230
39924760
14100
10500
69270
49822805
75061
39992840
56200
19808400
60007391
19770
19904590
60007461
15440
15320
19873530
60003811
16480
15670
19878610
59993782
16030
14900
19889910
60004781
15260
14870
19877811
60005281
16070
14860
19874300
60001541
15730
15010
19879560
60012051
18760
19330
89360
49944426
56920
29925106
44900
59972191
16040
15990
19867961
60002641
15200
15100
19878070
59996191
15150
15110
19885330
60008551
15420
15560
19949000
59935402
15730
15830
19869250
60004841
15720
14820
19879721
59993521
15450
14630
19885530
60008051
15110
15380
19875790
60009971
14860
15120
19872810
59972081
17190
16100
9961245
69908066
20620
19881340
41481
59980301
15360
15610
19872480
60031531
19870
19710
84700
59798951
53310
29897595
44640
59960862
16290
15400
19879370
60008361
15930
15520
19872090
60009172
15590
15520
19871400
60003941
15470
15810
19879741
60007991
17680
15440
9949055
50001656
57940
20012601
48910
69877346
19700
19868060
43640
59992371
18750
16730
43220
59958961
15200
15080
19889021
60003251
15940
15160
19882190
60004271
16011
15850
19873480
59996771
15530
15370
19884540
59994802
15250
15240
19887520
59999341
14980
15560
19883811
60025791
17680
17080
9919515
59856441
53600
19986811
46210
49971136
54540
29927435
44070
59973932
18520
18590
79850
49950526
56210
29927946
45580
59957031
15620
15170
19885010
59999931
15420
14830
19893210
59991571
14950
15410
19885280
60011882
15600
14680
19874830
59995981
16030
15570
19893271
59986791
14900
14810
19888140
60014471
18680
16051
9946485
49980776
56260
20031580
48060
69854437
19680
19880120
41250
59969371
15720
14760
19887520
59999621
15020
15790
19958100
59976171
23161
25170
9330
