99680 
63670 
22520 
20510 
80770 
67080 
78070 
70480 
68780 
15142240 
37130 
109130 
68870 
70090 
33800 
101940 
89830 
67810 
34420 
33830 
26990 
28810 
77340 
78340 
69020 
34160 
63990 
82430 
36390 
30830 
69570 
98460 
51550 
24750 
44100 
62600 
25220 
26200 
44050 
30380 
27250 
32100 
34790 
32300 
28390 
55990 
53440 
48590 
27740 
48690 
25640 
45240 
29710 
48930 
51770 
24210 
19970 
59540 
24930 
23550 
24990 
55580 
21260 
24350 
23000 
60510 
25530 
25540 
26570 
56090 
22110 
48660 
55880 
100860 
65210 
76360 
30400 
62730 
38330 
33890 
34780 
35190 
32010 
15161750 
28930 
38770 
29560 
63220 
42060 
54150 
35680 
36400 
62600 
39480 
35360 
26340 
31370 
36910 
37830 
56780 
70430 
30170 
19680 
27650 
18800 
47340 
23580 
26170 
19980 
24910 
107490 
80990 
39300 
33780 
49810 
58310 
46860 
46200 
23200 
48720 
25550 
19680 
54650 
54430 
23180 
51230 
44290 
44090 
57420 
48630 
44300 
51210 
45350 
28740 
20530 
25600 
20710 
14800 
22710 
49960 
45630 
22300 
71900 
60460 
31510 
63300 
59400 
31030 
35580 
26270 
29700 
64140 
60300 
65290 
67600 
61980 
62180 
60410 
32160 
30660 
63220 
54070 
29480 
66250 
61370 
32950 
29810 
71500 
30740 
34970 
51080 
46310 
21480 
20150 
46160 
49440 
54020 
24180 
20050 
24170 
31250 
33480 
25040 
55850 
45300 
21470 
26490 
47920 
45410 
22320 
20100 
24210 
15800 
17690 
19790 
49030 
38880 
45350 
50850 
52290 
48970 
47010 
47960 
52550 
49940 
47520 
46580 
56080 
45590 
42920 
51740 
43860 
71920 
69830 
30220 
30750 
77510 
64430 
61130 
58680 
66790 
60530 
62670 
64420 
72400 
33910 
29590 
34540 
30930 
26580 
26710 
34610 
55590 
18170 
28350 
31100 
27930 
28240 
26500 
63920 
47950 
21030 
49420 
55610 
26630 
20650 
22920 
24750 
20150 
23360 
40960 
77500 
61670 
25710 
21030 
55900 
47000 
46100 
41250 
56690 
50680 
39470 
23190 
54020 
46330 
40090 
25210 
51380 
25400 
21220 
19190 
24330 
14070 
19160 
20800 
50080 
49640 
46920 
48780 
40270 
22690 
77810 
59250 
61970 
72240 
53430 
60840 
72370 
32590 
30780 
68350 
73580 
34380 
65460 
70640 
33210 
37990 
32320 
29810 
73670 
33980 
20050 
33400 
99450 
92160 
65710 
33190 
43290 
23480 
24170 
24200 
55050 
22700 
24230 
25980 
26700 
25930 
59630 
48120 
81520 
84430 
66960 
41670 
51000 
25060 
50540 
23490 
48820 
22800 
21770 
30120 
25110 
21730 
45140 
49770 
41950 
48050 
54870 
42240 
45990 
54880 
48960 
44260 
41620 
26120 
51240 
47810 
46940 
55820 
52360 
45100 
74630 
67070 
63040 
63010 
66150 
64920 
62730 
64140 
56610 
62880 
69350 
62970 
32490 
70800 
64780 
65500 
75360 
71810 
62310 
63440 
31780 
37610 
38180 
33040 
58750 
103190 
55330 
71580 
47710 
69920 
43810 
24990 
50850 
25270 
46340 
28140 
28620 
93720 
48290 
73370 
54020 
24680 
42240 
28760 
26930 
26630 
39900 
54280 
24090 
25620 
52370 
23740 
22430 
26860 
23470 
53260 
49720 
44880 
58330 
19870 
50790 
24070 
25190 
48680 
27360 
23710 
58150 
50350 
43840 
89310 
28310 
34740 
66080 
67000 
64960 
66360 
69730 
61850 
62750 
77600 
32090 
66780 
77070 
56250 
34640 
33520 
36410 
65700 
32120 
33040 
66630 
96810 
91740 
31210 
62170 
40610 
48330 
46990 
27570 
27140 
47390 
61780 
44560 
25710 
26130 
54420 
45510 
86210 
86090 
68630 
52280 
47030 
50010 
20010 
53830 
58550 
22860 
48760 
47160 
57520 
23510 
24660 
25720 
29610 
20150 
24220 
57240 
21140 
22770 
56420 
22180 
26430 
48280 
26150 
24940 
49540 
29750 
27680 
49430 
78840 
67330 
64680 
68220 
33970 
66220 
80180 
63700 
36630 
33250 
66830 
63460 
61640 
75980 
59570 
59840 
76730 
33620 
62110 
62920 
102210 
93410 
97620 
67530 
63810 
62390 
68090 
56860 
19190 
62100 
52980 
43250 
55710 
51230 
58160 
55300 
24710 
45710 
43410 
67200 
30420 
24290 
26690 
47050 
27510 
24560 
26180 
45930 
23140 
23800 
23780 
46800 
26380 
22970 
50180 
48060 
27670 
24710 
25960 
49810 
29770 
24940 
25600 
51080 
54910 
48110 
53610 
52630 
47790 
75120 
74430 
68680 
75270 
71350 
69030 
65970 
35910 
33620 
65870 
72420 
67860 
62850 
68930 
70570 
64810 
62880 
71710 
72330 
73610 
94390 
88820 
64400 
62360 
68730 
60520 
83090 
25300 
42650 
53500 
25510 
22620 
22800 
28030 
28460 
54710 
50740 
96800 
77730 
35850 
66610 
45680 
45820 
52530 
47750 
46480 
48040 
21520 
25440 
49660 
46810 
19510 
47310 
25020 
47160 
27220 
25440 
67110 
59020 
49770 
50600 
60310 
61150 
50650 
51630 
54520 
57590 
51740 
46080 
86440 
33500 
77750 
31790 
66610 
66840 
65430 
62840 
68650 
34930 
34060 
30850 
37400 
36740 
75140 
68780 
95900 
59200 
98280 
79890 
87760 
62170 
68390 
67880 
70360 
66920 
20430 
38510 
23640 
25480 
57650 
49190 
51310 
22640 
54970 
27880 
55980 
40700 
94720 
72880 
70670 
62160 
36260 
53680 
23450 
23520 
53160 
23260 
52750 
46940 
45190 
46600 
50640 
52400 
43370 
20450 
52400 
45880 
46510 
24100 
53270 
56450 
54890 
23980 
61080 
53740 
22470 
27600 
58580 
48380 
40150 
35600 
81120 
72360 
32520 
31920 
78640 
34420 
31850 
34400 
76620 
33310 
35530 
33460 
30590 
35860 
66400 
63610 
29980 
106820 
100160 
66020 
29360 
39390 
37670 
65860 
33380 
62530 
53370 
45060 
21370 
52570 
50430 
21130 
25690 
57730 
21200 
49920 
81900 
86080 
32390 
25790 
55470 
32360 
28180 
27860 
21500 
60940 
52180 
25780 
46150 
57510 
22940 
23700 
25070 
26630 
23200 
24070 
49690 
59400 
49960 
40100 
55880 
61680 
52860 
29110 
23540 
55480 
46470 
79690 
68000 
68290 
35320 
34740 
29820 
80010 
66170 
35690 
58530 
38080 
36560 
65870 
27580 
29910 
32140 
30380 
28730 
103370 
101040 
62130 
63800 
76030 
69600 
64100 
64530 
66050 
68290 
52990 
43930 
21320 
54520 
47150 
23780 
53790 
46580 
74830 
23840 
48120 
31310 
36360 
27700 
58640 
51360 
18800 
24960 
25380 
47780 
54190 
22650 
54260 
46590 
46100 
51730 
51480 
27220 
24050 
26260 
24060 
25920 
26390 
28430 
22940 
49090 
50080 
55000 
54490 
45010 
43740 
54010 
81370 
52730 
77370 
31010 
33900 
63910 
78300 
68010 
51750 
77360 
62340 
62150 
77120 
64170 
70610 
78360 
63560 
65370 
73750 
76240 
68250 
65550 
59830 
79310 
31830 
60630 
78530 
59350 
52410 
47540 
51850 
56490 
50670 
47270 
55220 
29960 
24550 
113530 
98200 
73540 
71120 
38660 
56340 
51700 
53380 
43330 
50530 
51600 
43430 
45570 
50070 
51750 
53410 
46100 
23270 
24190 
25210 
46260 
49480 
50340 
52740 
52030 
44070 
55800 
19010 
46730 
29400 
50890 
22880 
85170 
25160 
74720 
62760 
69920 
66700 
32720 
29760 
74800 
32910 
32390 
73640 
65680 
30530 
38670 
24200 
82540 
33870 
68560 
64980 
41160 
33540 
72290 
33880 
32590 
31190 
30850 
23120 
19440 
26980 
51370 
27690 
56110 
24450 
21520 
29040 
19260 
19030 
38920 
29950 
25560 
55270 
52440 
26920 
21730 
54120 
47270 
50480 
48120 
52130 
43890 
46230 
23720 
21430 
52170 
41100 
47020 
23590 
49260 
21480 
27900 
19840 
33150 
26040 
20870 
62150 
51110 
51090 
24750 
87350 
34720 
66140 
65590 
68720 
62630 
71260 
66840 
64940 
69170 
69820 
68110 
61530 
40620 
34660 
67370 
30480 
36430 
31120 
33040 
28030 
75180 
32510 
99510 
101780 
33410 
59150 
47560 
22080 
21730 
53640 
50470 
49190 
27830 
24840 
25210 
58520 
51970 
84250 
79510 
62780 
34250 
25670 
60530 
49450 
21250 
59640 
24790 
21720 
29820 
27350 
64540 
22420 
53750 
49410 
22460 
50460 
50580 
50500 
24380 
53600 
47470 
25770 
56400 
25460 
24380 
53620 
22920 
29050 
27670 
85320 
35690 
66110 
63870 
71790 
63330 
25910 
66810 
69280 
67210 
72640 
63200 
65200 
63770 
69320 
78040 
23730 
32590 
75210 
68660 
27260 
102460 
31680 
36310 
98080 
32170 
37940 
61100 
25310 
19900 
18330 
29130 
16960 
20950 
23060 
25160 
25700 
103320 
45760 
33370 
59820 
28570 
26780 
47650 
22370 
22370 
50710 
22720 
23100 
52580 
42510 
46730 
49460 
50860 
49950 
44020 
25230 
25240 
47540 
48090 
55260 
21950 
48340 
42910 
59490 
22610 
53550 
44260 
27350 
41230 
74440 
67730 
32840 
79610 
70430 
73590 
26520 
71150 
65580 
65640 
62360 
74550 
75780 
71400 
69500 
76490 
28370 
32740 
72430 
59500 
32800 
100720 
35620 
59080 
34960 
84780 
46540 
43830 
47320 
57180 
27700 
24240 
49450 
49850 
28390 
26340 
25200 
92950 
70930 
62410 
49550 
52590 
24740 
23250 
23200 
24100 
55080 
49570 
54930 
44250 
48010 
47690 
51550 
47880 
48540 
45700 
51610 
22290 
58500 
55450 
45770 
51960 
46560 
49290 
61020 
46650 
50460 
47180 
61150 
74370 
64560 
69280 
78400 
70460 
71590 
71340 
41450 
32350 
35380 
32620 
71630 
28230 
72860 
66440 
64000 
67320 
65500 
63880 
33540 
30090 
102450 
36340 
35690 
91140 
60230 
56720 
25390 
55440 
30530 
26040 
27490 
52450 
29860 
29670 
28590 
54400 
47420 
37620 
66410 
59250 
47320 
25950 
55230 
51640 
26770 
22310 
29510 
22480 
24380 
23620 
56580 
19890 
25750 
19920 
24720 
26710 
26600 
24550 
54510 
50600 
48520 
48670 
26420 
23880 
25240 
24720 
22400 
47580 
73580 
61120 
35430 
34900 
74290 
33940 
65060 
64370 
28070 
38600 
22790 
25090 
69150 
54740 
64360 
65630 
63440 
59390 
63920 
61080 
112030 
31790 
90690 
61100 
57310 
56880 
39450 
57200 
25620 
24720 
48060 
22950 
49860 
45690 
52840 
28550 
54320 
91410 
41540 
85260 
31200 
26270 
21550 
28940 
23340 
21010 
26850 
25630 
19580 
21660 
23170 
18100 
59910 
28770 
26410 
22530 
19040 
50900 
20550 
19730 
48660 
48750 
24480 
49630 
46900 
44890 
24720 
24800 
54900 
39920 
33230 
76020 
32900 
33160 
40300 
31040 
70050 
68860 
33200 
37250 
29650 
29290 
32510 
78260 
70840 
32390 
35390 
106840 
52800 
35210 
68310 
64640 
36590 
28590 
27050 
80410 
26490 
25780 
24950 
53430 
46470 
43520 
59360 
29280 
28590 
26220 
104900 
41810 
40470 
74240 
30380 
22930 
23660 
52550 
45460 
23280 
22500 
48340 
46690 
43200 
30230 
24060 
18240 
25920 
24610 
22120 
51120 
44440 
42710 
49880 
40790 
46400 
47090 
45770 
47760 
45050 
51950 
21440 
22060 
79800 
65300 
30470 
31780 
69980 
61340 
67730 
67360 
63000 
76120 
10111540 
60660 
59500 
32270 
36270 
37410 
34120 
25530 
29580 
85910 
86920 
90470 
29330 
66940 
62980 
65420 
38640 
26340 
51740 
53610 
25100 
26540 
26530 
50910 
27420 
27070 
25270 
92640 
41020 
34010 
29410 
31260 
23780 
24610 
23120 
50700 
23530 
30030 
27430 
33850 
25880 
21030 
25530 
54180 
47340 
22090 
21940 
55690 
50300 
23470 
49880 
57850 
55650 
22500 
23350 
57000 
28130 
21550 
23220 
41740 
33380 
28700 
31570 
38180 
31640 
28990 
28440 
67210 
67320 
29370 
32970 
71610 
69590 
32720 
30460 
74010 
35110 
32840 
30590 
101190 
51160 
83680 
58950 
66950 
65820 
32220 
62380 
26630 
23340 
20320 
27960 
23050 
17640 
31220 
23150 
22350 
22090 
47780 
29900 
33090 
20910 
58600 
47820 
24980 
24500 
49700 
23530 
26700 
30280 
32670 
26080 
25090 
18710 
29960 
24460 
25590 
24860 
53020 
51530 
51650 
24690 
51770 
51040 
51450 
22820 
68520 
28480 
50890 
59530 
71410 
65280 
62750 
33840 
69050 
64970 
34400 
69460 
76040 
15230 
36040 
33020 
33390 
76930 
28250 
33230 
90120 
61440 
57140 
34870 
78410 
72660 
32660 
27610 
37520 
35790 
37140 
18950 
50730 
27750 
18680 
52030 
36910 
49240 
57490 
54350 
21540 
88830 
82820 
31660 
29290 
22960 
26670 
22510 
23860 
28080 
17650 
24260 
59440 
50130 
22020 
18200 
19430 
23410 
24400 
23940 
53870 
46360 
17900 
25340 
24850 
22790 
27390 
26190 
29170 
21590 
29900 
24790 
47470 
39990 
129780 
72520 
58580 
32190 
66560 
65110 
62290 
65180 
62990 
63840 
69020 
65910 
56200 
75490 
33940 
28520 
30850 
25760 
27870 
27360 
93050 
89340 
30740 
72440 
24200 
32890 
26170 
20000 
26950 
23980 
22040 
24830 
23890 
22890 
18370 
23220 
58380 
36700 
33680 
25840 
25760 
15900 
18370 
18970 
21020 
22300 
21530 
17920 
24300 
21710 
16010 
19900 
23190 
17900 
19690 
13010 
27550 
22310 
16270 
23450 
50340 
48510 
24820 
28450 
20580 
54420 
20840 
51550 
77760 
34660 
26610 
31920 
20450 
28500 
30290 
21240 
31660 
28120 
71430 
34320 
28220 
27540 
36160 
28710 
19510 
30580 
30230 
26510 
32860 
122990 
28420 
25810 
69310 
31620 
30320 
34370 
19540 
52950 
22410 
29570 
21520 
24610 
13700 
22810 
19240 
22670 
37780 
31830 
35120 
17640 
20540 
16070 
23600 
20700 
14710 
20140 
21350 
16190 
21180 
15810 
22770 
17190 
22480 
19770 
23150 
22030 
24780 
18940 
26980 
25240 
107050 
17460 
26790 
53680 
20710 
50680 
49120 
40750 
36770 
23340 
81780 
72070 
32610 
28110 
30610 
99390 
33460 
25120 
32970 
102110 
56300 
29300 
26910 
31780 
32400 
30800 
29380 
28470 
32470 
24130 
32860 
24780 
36440 
128980 
32460 
29020 
20190 
22350 
24320 
57480 
48730 
46590 
51510 
63510 
46500 
138430 
77100 
77150 
55190 
49800 
45620 
28030 
73810 
19570 
26650 
22630 
16090 
19750 
25060 
21630 
20750 
21090 
27310 
19270 
53190 
25990 
25210 
20950 
22980 
20110 
23430 
23140 
25230 
20190 
28570 
22580 
24520 
32610 
100480 
94450 
60820 
93580 
93180 
50700 
28200 
66090 
72110 
37200 
30060 
76010 
64450 
34150 
60410 
37950 
33930 
28270 
24800 
37340 
36670 
30103040 
29700 
14240 
37100 
33570 
53330 
55920 
20290 
27100 
25980 
24930 
27190 
58930 
16920 
32670 
38430 
41850 
74960 
31530 
28970 
27890 
49690 
22260 
24680 
24860 
54020 
56720 
52870 
20470 
55630 
24840 
23900 
27850 
23750 
17050 
22490 
50630 
47300 
39960 
29390 
23370 
51080 
25140 
26060 
28390 
47580 
21120 
39980 
32300 
65180 
65020 
96480 
63390 
33110 
31840 
74260 
60390 
60390 
36200 
32460 
31360 
30150 
30420 
36160 
30270 
31220 
68170 
67610 
67900 
30510 
66290 
73650 
58490 
30890 
73280 
46700 
54160 
44040 
58670 
56390 
24430 
19660 
28920 
23260 
20100 
47000 
84380 
69730 
46660 
46520 
26400 
26200 
21900 
21380 
23740 
25680 
19760 
23090 
59240 
49780 
47610 
23000 
50620 
51780 
21780 
50680 
46060 
20620 
51750 
53670 
18260 
20770 
21890 
23690 
25080 
26700 
37970 
27910 
31910 
33280 
75440 
41560 
32330 
62500 
92140 
92250 
92490 
32380 
95610 
70400 
31910 
70000 
66530 
33980 
67110 
63000 
29180 
33400 
67030 
30800 
72810 
64790 
62350 
71680 
55810 
25030 
19770 
23600 
19260 
27180 
28420 
29520 
22850 
56120 
48680 
40260 
79670 
53360 
46170 
52280 
48820 
45470 
43400 
26370 
24990 
59990 
21780 
21340 
53610 
24750 
