66810 
46160 
37810 
40620 
37570 
37160 
37540 
37420 
35780 
36570 
38200 
37450 
37460 
36490 
38530 
37890 
37110 
36730 
35860 
35560 
37090 
36440 
38280 
36280 
37370 
36480 
34880 
39030 
36120 
37240 
36450 
39030 
38860 
38380 
35940 
38950 
36640 
36750 
36190 
36200 
36330 
37280 
38000 
39150 
36250 
37570 
36520 
36870 
37620 
36930 
36170 
36750 
37980 
38490 
37980 
36970 
36970 
36000 
37260 
37360 
36950 
34800 
35600 
36450 
37560 
37640 
37310 
38500 
37010 
37720 
36490 
36740 
37110 
34890 
37750 
36180 
35420 
36490 
35240 
38640 
37130 
35740 
36040 
36470 
36890 
37620 
35490 
37200 
35370 
38620 
38090 
37330 
36670 
36910 
36950 
37560 
37210 
37610 
36880 
35360 
38010 
35910 
36740 
36220 
36810 
39910 
36240 
35430 
36220 
35180 
37790 
36990 
36010 
37240 
36890 
38390 
38300 
35750 
38100 
35460 
38270 
37520 
38190 
36650 
35650 
35560 
37700 
35800 
35640 
35730 
37140 
38090 
38570 
36290 
36260 
35330 
39690 
38570 
36820 
36440 
35920 
37780 
37530 
38450 
37430 
34520 
35640 
36280 
36810 
37190 
36790 
36220 
39810 
35610 
34890 
38520 
35760 
36470 
35570 
35460 
35800 
36670 
37120 
36640 
35360 
37460 
35360 
36580 
37370 
36220 
37460 
36810 
36870 
37390 
35880 
35410 
35220 
40230 
44020 
35850 
37450 
36660 
37100 
38700 
36660 
35740 
35560 
35730 
37930 
36950 
38230 
38040 
36670 
35320 
37690 
36590 
36300 
36700 
37160 
37340 
40710 
36380 
36520 
35680 
37720 
38070 
36280 
36690 
35370 
37410 
37450 
36420 
38830 
36040 
36580 
36930 
38010 
36330 
36870 
36990 
37810 
37640 
38700 
37240 
36280 
36820 
36140 
35880 
36160 
36780 
37350 
35750 
37780 
35750 
36470 
38200 
36440 
40380 
37280 
35110 
38130 
37270 
38700 
37530 
36440 
37790 
35910 
35990 
37230 
35400 
37560 
37740 
36050 
37270 
37020 
38700 
39200 
36960 
35400 
36850 
36540 
38460 
35270 
35950 
37710 
36630 
38620 
39720 
36850 
36950 
37030 
35660 
36680 
36820 
35840 
38010 
36270 
38280 
35760 
36810 
35570 
40360 
38550 
37010 
38290 
37020 
36410 
38240 
36970 
37030 
40800 
36760 
38280 
39400 
37030 
37210 
35920 
38120 
37210 
37350 
37100 
35220 
37750 
38590 
35770 
35970 
37330 
36650 
39390 
36000 
35410 
36740 
36250 
37210 
36570 
37910 
34920 
36480 
36840 
36600 
35940 
36570 
36560 
36420 
37170 
36880 
39320 
35320 
37970 
36290 
36170 
37740 
35640 
36440 
37990 
37110 
34830 
36110 
39010 
39310 
38320 
36530 
47960 
40830 
38180 
38820 
37180 
36890 
36380 
37670 
37410 
36530 
36700 
36540 
37490 
37660 
37270 
35770 
35190 
35540 
37060 
36300 
34960 
35970 
36040 
39170 
38530 
37210 
36140 
35700 
36790 
36210 
37330 
36370 
36690 
37700 
37410 
37280 
37240 
36600 
37560 
36970 
37620 
36510 
35940 
36100 
37910 
36660 
36480 
36100 
38110 
38060 
36460 
38090 
35570 
35060 
37480 
36850 
35490 
35540 
35440 
35280 
37700 
36200 
36890 
36330 
37500 
39070 
37120 
35810 
36640 
35640 
37240 
35860 
36690 
36550 
37560 
37440 
36850 
36480 
37020 
36970 
37720 
37860 
37530 
37580 
40740 
38310 
37670 
36770 
36150 
36810 
38020 
42110 
37940 
36080 
36550 
36930 
39720 
39090 
35590 
36280 
35570 
38910 
37030 
35790 
36670 
35550 
37430 
36560 
35290 
35980 
35100 
36360 
36790 
35580 
37410 
36590 
36890 
36800 
35740 
35280 
35630 
36330 
36570 
36930 
36520 
37510 
36500 
37450 
36810 
37760 
36110 
36950 
37230 
36650 
37220 
36090 
35940 
37330 
38120 
37350 
39720 
37380 
37700 
37480 
36290 
35700 
36940 
35380 
40180 
36860 
37120 
36380 
35240 
38390 
36090 
35550 
35060 
36350 
38040 
38330 
35370 
35410 
35670 
35980 
36970 
37810 
38120 
36090 
37880 
38570 
38310 
36880 
36530 
34900 
39250 
36810 
36080 
35720 
35560 
39120 
37280 
36810 
38150 
35850 
37880 
35300 
36860 
36350 
35630 
38220 
36650 
42330 
36330 
36610 
38840 
38280 
36520 
35140 
38930 
36280 
38780 
37000 
36240 
35500 
36720 
37770 
35710 
37300 
36780 
36770 
37450 
36870 
36500 
35070 
36710 
35680 
39110 
36410 
34890 
39140 
36870 
38500 
35800 
37010 
35600 
36180 
38350 
35960 
37990 
36100 
36410 
38360 
37240 
37690 
37370 
35110 
37760 
37810 
36250 
37220 
36170 
39090 
36400 
35900 
36770 
35680 
36780 
36530 
39400 
37040 
36440 
37010 
38260 
37050 
38100 
36980 
35180 
37820 
36500 
35890 
35540 
36150 
36680 
36550 
36080 
36140 
38160 
37930 
37950 
36840 
37500 
37440 
36990 
37570 
38110 
37670 
37300 
35790 
37930 
37860 
38960 
36660 
36020 
37570 
36700 
35770 
35910 
36320 
37580 
38520 
35900 
37880 
37670 
37360 
37730 
35120 
37570 
35640 
37540 
38270 
36980 
36590 
36620 
35900 
40330 
39830 
39070 
37190 
36480 
37880 
35040 
36710 
35440 
34980 
36680 
37210 
35850 
38970 
36590 
38380 
37750 
36480 
37950 
36730 
36490 
36860 
36580 
35050 
36840 
35890 
38710 
37160 
36280 
36050 
36910 
38770 
36240 
36190 
36100 
36980 
38450 
36470 
38020 
36760 
37430 
37760 
38510 
35590 
35970 
38810 
36410 
38990 
35200 
35510 
36900 
35180 
36510 
35170 
35170 
36180 
34890 
38660 
36240 
36350 
37410 
36920 
38280 
38050 
35320 
36010 
39920 
38170 
38270 
36090 
37950 
35660 
37270 
38640 
36680 
38360 
36690 
36540 
39030 
37680 
37320 
36980 
35860 
39140 
36580 
36310 
35160 
35990 
39800 
37660 
35810 
36830 
34150 
37710 
36670 
35950 
38350 
37980 
36880 
38090 
36310 
40470 
38060 
40150 
36730 
36820 
35300 
35970 
35700 
38510 
35630 
36100 
34680 
36650 
37320 
37490 
36830 
37590 
35920 
37850 
39800 
36480 
36830 
37460 
37520 
38810 
40260 
36120 
36470 
35820 
38590 
36560 
35500 
36710 
36790 
38600 
36440 
35260 
36290 
36870 
37660 
35830 
36140 
35970 
36360 
39340 
38620 
36960 
36140 
36840 
36660 
36610 
36510 
36090 
35260 
36930 
38280 
38450 
36710 
35510 
35980 
36910 
36000 
35750 
37770 
36900 
38090 
37100 
38760 
36700 
36520 
36510 
38590 
35580 
37410 
39710 
36820 
38910 
37940 
36300 
36480 
37310 
37880 
36250 
36080 
36800 
36520 
38560 
39850 
37220 
36680 
36790 
38180 
36130 
36910 
37160 
37120 
40700 
38190 
37770 
39460 
36550 
36760 
36110 
39920 
37620 
38660 
37480 
38500 
37690 
36470 
37290 
35750 
41680 
39190 
38080 
36660 
34750 
37040 
38560 
36800 
37420 
36570 
37490 
37920 
39360 
36620 
36960 
36660 
36570 
36190 
35660 
37100 
35740 
37100 
35190 
36150 
36730 
38140 
37650 
36680 
36520 
37010 
38270 
38490 
38220 
36320 
35920 
37620 
38610 
37690 
36530 
37250 
36680 
37330 
37090 
34620 
35010 
38220 
38390 
40190 
36790 
36020 
38290 
39660 
41550 
37980 
38390 
37940 
39120 
39590 
41190 
37320 
35970 
35600 
39490 
41070 
36660 
36800 
35880 
38480 
36870 
35300 
35770 
35090 
35210 
40500 
37120 
35290 
35550 
38010 
42310 
36900 
35640 
35490 
35550 
35740 
39490 
38040 
36390 
35600 
37070 
36450 
36480 
35840 
36060 
36540 
37370 
36660 
35400 
35440 
37140 
37950 
36420 
35600 
38920 
35600 
38300 
35750 
38880 
37710 
35850 
39530 
37490 
36550 
37490 
35200 
35880 
37940 
35750 
35060 
34560 
36180 
37770 
36180 
35910 
36800 
42420 
40090 
35840 
36490 
36710 
35570 
37240 
36550 
37320 
36420 
37230 
37320 
36770 
36760 
36570 
36810 
37410 
38580 
36690 
36960 
35600 
36530 
37070 
36620 
36290 
36050 
38450 
41580 
38250 
38900 
36540 
36240 
37640 
38120 
35910 
37210 
37920 
37090 
38280 
41730 
36660 
36170 
37180 
37590 
34370 
36290 
37060 
36320 
36320 
36710 
36070 
35560 
35830 
38010 
38150 
36180 
36960 
37990 
38200 
37140 
35540 
36480 
36930 
36650 
37500 
35980 
37200 
36930 
38090 
37450 
36230 
36120 
34590 
36020 
39660 
35360 
36260 
35460 
37010 
39690 
36760 
38110 
35690 
35010 
37470 
36720 
36250 
37780 
35340 
37610 
38610 
37220 
36000 
36920 
37540 
37970 
36160 
36710 
36510 
37270 
38710 
37640 
36090 
35980 
36170 
37690 
36380 
38730 
36360 
48360 
44080 
37070 
35510 
36430 
35890 
37550 
37240 
35320 
35940 
38080 
41210 
38980 
37050 
37250 
35970 
38540 
37970 
35930 
36480 
38480 
37010 
38740 
40880 
36090 
36110 
35680 
37560 
36070 
38090 
37480 
36130 
39570 
36700 
35830 
36270 
37450 
37230 
36390 
36920 
36190 
36050 
37150 
36810 
35820 
36540 
36140 
37390 
40130 
36990 
36540 
36850 
35490 
37520 
38320 
37600 
36760 
37720 
37830 
37400 
35970 
36770 
36480 
37460 
37990 
36430 
36980 
34760 
37750 
37820 
36150 
36740 
35970 
35730 
37850 
35850 
34970 
35490 
36500 
37440 
38430 
36390 
36390 
35460 
37480 
38170 
35760 
36230 
34650 
36190 
36890 
35090 
35020 
35110 
35670 
37660 
37490 
35150 
36960 
37390 
40000 
38540 
36410 
36650 
34670 
38100 
36630 
36470 
35860 
35870 
36990 
38150 
37240 
36420 
35350 
36820 
38010 
34930 
34780 
36770 
36590 
38080 
37560 
35480 
36470 
35620 
39270 
35510 
35470 
36370 
36760 
37590 
39770 
34810 
36830 
35640 
37150 
36690 
35970 
36950 
34850 
36550 
37740 
35430 
36110 
36910 
37960 
37320 
35710 
35430 
36060 
37050 
36980 
36500 
35200 
39760 
37830 
37630 
36670 
35850 
38010 
35920 
38820 
36510 
36930 
35820 
36010 
38590 
38240 
36550 
35860 
36530 
37110 
38910 
35570 
35360 
35760 
35270 
37340 
36550 
36480 
36330 
35680 
39650 
37030 
36420 
41140 
38720 
40050 
37040 
35030 
35260 
35790 
35180 
38400 
37040 
37280 
37560 
37160 
39490 
38380 
36500 
38220 
37700 
38400 
36350 
36390 
36390 
35490 
38460 
36350 
35550 
36090 
36250 
37080 
39030 
36360 
36330 
36510 
36520 
36890 
37780 
37770 
36840 
36770 
37980 
36770 
35450 
36660 
36800 
38510 
37920 
37130 
38090 
37390 
37290 
36120 
35310 
36130 
36090 
37310 
37780 
36720 
36340 
35630 
37290 
37590 
37940 
36340 
36760 
37740 
38180 
37350 
36690 
36180 
36170 
38710 
37910 
35850 
35280 
35870 
38380 
38600 
37320 
37210 
36620 
37740 
37670 
36540 
36700 
36180 
34930 
38340 
37320 
36540 
35710 
36450 
37130 
39480 
37700 
36680 
34830 
38080 
35940 
35070 
37620 
35370 
37180 
35060 
35940 
38530 
37150 
36580 
36710 
35120 
37120 
35770 
38020 
39460 
35300 
40030 
36730 
38170 
40060 
37230 
37090 
35030 
37110 
37780 
35940 
35170 
37450 
34920 
38130 
35420 
37000 
37050 
35200 
36990 
37740 
36060 
35310 
35770 
38280 
37920 
36390 
37130 
35240 
37730 
36510 
38660 
36200 
35930 
35390 
37650 
36800 
36050 
37950 
35060 
37580 
36910 
36170 
35790 
35500 
36350 
37610 
36230 
35660 
37480 
36520 
37860 
36050 
36720 
38240 
48570 
42070 
35390 
36900 
37690 
36020 
38940 
35640 
36830 
36270 
36050 
37300 
37910 
36870 
37420 
37270 
38920 
37660 
36020 
37680 
35890 
37570 
37920 
36250 
36150 
35290 
36850 
37690 
36190 
37240 
36240 
37150 
37820 
36770 
37260 
36440 
35540 
38040 
36930 
37330 
35900 
36850 
38160 
35800 
36790 
37010 
36470 
37820 
39680 
36080 
35930 
35780 
37720 
37810 
37920 
35880 
38140 
34800 
37830 
37250 
35120 
37050 
34480 
38080 
37070 
35790 
35610 
35980 
36530 
38260 
36680 
36700 
36070 
36850 
37130 
37020 
37180 
36380 
37750 
38440 
36380 
36180 
36410 
35470 
38750 
36470 
37410 
37190 
47810 
43790 
36760 
36650 
35040 
35980 
38530 
37970 
38010 
38730 
36640 
37260 
37770 
35450 
37050 
35520 
40450 
38270 
36580 
36900 
35910 
35980 
38530 
36470 
36960 
36200 
36350 
37820 
36820 
36020 
36190 
35780 
39330 
38300 
37120 
36140 
36270 
37570 
37320 
36290 
35550 
36520 
37090 
37210 
37010 
36820 
36140 
36020 
37510 
35540 
36530 
36910 
35500 
38090 
37190 
37050 
36400 
37000 
36820 
39280 
38940 
36630 
36960 
36230 
39300 
35710 
35920 
37050 
37040 
37160 
35420 
36270 
35800 
36170 
38550 
36790 
34770 
36580 
35030 
38270 
37680 
36820 
38000 
36140 
36410 
37910 
36350 
35760 
36570 
36900 
38660 
35790 
36920 
35680 
37340 
37740 
37000 
35540 
37600 
37440 
38300 
38300 
36520 
35620 
36310 
38060 
35460 
35690 
37240 
37290 
38960 
39190 
35880 
35750 
36100 
36900 
37370 
38680 
36140 
35900 
35360 
38220 
34990 
35110 
36840 
36510 
36810 
35110 
36020 
36350 
35020 
39250 
36380 
37500 
35860 
35950 
36920 
39280 
36220 
35800 
35810 
40090 
39140 
35810 
37290 
35650 
36460 
37000 
34890 
36720 
39070 
37000 
38280 
35450 
43220 
37810 
37420 
37740 
38120 
40140 
38170 
38040 
40880 
37500 
37280 
36630 
37490 
36550 
38350 
35820 
36180 
34990 
36260 
37690 
36200 
36230 
36250 
36310 
38840 
37670 
36500 
36260 
37880 
38510 
37840 
34900 
37190 
35270 
38340 
38550 
37370 
36440 
36570 
37560 
38200 
36950 
37920 
37530 
36880 
38340 
37920 
37560 
37120 
37070 
37680 
36470 
35760 
34780 
36960 
39640 
36980 
35500 
37210 
40190 
38510 
38520 
37550 
36860 
38910 
38690 
37530 
36230 
38360 
36790 
36890 
37830 
36610 
36730 
36400 
36690 
37680 
37530 
35490 
36620 
36940 
38530 
37710 
36740 
35720 
35830 
37460 
38160 
35890 
37260 
37340 
37360 
37800 
37580 
36270 
35510 
37380 
37440 
35860 
37730 
36690 
35910 
39180 
36570 
35660 
40730 
38080 
39540 
36670 
36920 
36900 
37640 
39140 
38130 
35890 
37180 
36690 
37660 
36500 
37150 
36730 
36110 
36130 
38130 
36610 
35730 
36590 
36570 
38300 
36080 
37980 
36050 
36640 
37520 
39490 
36740 
36450 
35900 
36790 
37450 
37140 
36670 
36700 
36270 
37620 
36820 
36750 
35800 
36890 
37380 
36950 
35140 
37690 
41280 
55350 
45680 
36060 
36770 
36160 
40360 
36970 
35510 
36310 
35790 
36800 
40420 
37170 
37870 
36180 
36080 
38380 
35400 
36220 
35750 
35650 
37710 
36530 
37030 
36500 
34700 
38780 
37460 
37310 
37390 
36760 
39190 
36370 
35140 
36240 
36110 
38200 
37940 
36010 
37160 
35590 
39000 
39680 
35970 
37650 
35960 
36710 
40680 
38080 
36090 
36340 
36310 
52650 
37820 
36840 
36560 
35910 
37480 
38290 
37950 
37940 
37250 
39940 
50690 
38960 
37430 
37150 
35770 
37840 
38770 
37860 
37560 
36090 
39880 
37280 
38230 
38040 
38450 
39590 
40470 
39730 
38210 
38430 
38640 
39630 
36030 
38400 
37240 
37720 
38670 
39690 
38020 
35680 
35750 
38860 
38530 
37220 
35880 
37000 
38140 
35740 
37510 
46230 
38280 
38630 
38020 
36220 
36510 
36310 
39280 
36100 
36670 
39000 
36450 
39970 
38080 
36170 
36380 
36050 
37100 
37910 
35610 
36530 
36510 
37180 
38350 
39410 
38760 
38250 
35860 
39260 
37390 
36610 
36340 
35960 
38660 
37930 
37480 
38690 
37330 
38940 
38670 
35860 
36260 
37430 
36230 
37600 
36690 
36880 
35180 
37590 
40890 
41360 
45490 
37760 
35770 
37670 
37320 
