70810 
60220 
51750 
58760 
56920 
64780 
78680 
73580 
73140 
68650 
74210 
69660 
68810 
74180 
69740 
76280 
67100 
66330 
68300 
66930 
73010 
65780 
65340 
71050 
69390 
72340 
64280 
65620 
65570 
68760 
79930 
72400 
73460 
51330 
51350 
53640 
50850 
50060 
48480 
52960 
55620 
55180 
52110 
88190 
81970 
71610 
57920 
50060 
51290 
49510 
48210 
54600 
48660 
49880 
51500 
51580 
50850 
54710 
48460 
51550 
51380 
49610 
50270 
47900 
46370 
51710 
48250 
50720 
51730 
50030 
54120 
53490 
53570 
52690 
48600 
80350 
69970 
70260 
69260 
69630 
66890 
76460 
76220 
68520 
65920 
65570 
68580 
66120 
67620 
64110 
62750 
68180 
66640 
67730 
66080 
64930 
66550 
67750 
69640 
66470 
65380 
72000 
52370 
56870 
49430 
51650 
50420 
54490 
55670 
57990 
52270 
50390 
86690 
81240 
69310 
55070 
52950 
51340 
49410 
51310 
49690 
47660 
48620 
51330 
52180 
48570 
51110 
56880 
51000 
56740 
48930 
67980 
55220 
53340 
48650 
49470 
49660 
49940 
52060 
55020 
53160 
52930 
49510 
51910 
80870 
69960 
66140 
62880 
68880 
68880 
70200 
66580 
64720 
66330 
67430 
74580 
69180 
66720 
66160 
67870 
66320 
69360 
67450 
63850 
69100 
65690 
68530 
69300 
64570 
69480 
72180 
55580 
47690 
45800 
54630 
56920 
54440 
48590 
55270 
55280 
53450 
86910 
85680 
71330 
63560 
52520 
51330 
49750 
49010 
46120 
51050 
50470 
49710 
47540 
48470 
51340 
50460 
50540 
47310 
49430 
50830 
51520 
50690 
49680 
48850 
48040 
51350 
59730 
57650 
53230 
48820 
49960 
52450 
77790 
67720 
65620 
65660 
65890 
66000 
66050 
64730 
68460 
66090 
68020 
68710 
66520 
68390 
68320 
68610 
65760 
65170 
67970 
66930 
65920 
67980 
65110 
65980 
69510 
68190 
73980 
54440 
47490 
52860 
51020 
53590 
49380 
47640 
54360 
54490 
55280 
59910 
85550 
78150 
67940 
58130 
51110 
51110 
52090 
49330 
51020 
49010 
48590 
48080 
49490 
49520 
50390 
49270 
50180 
49480 
51260 
51040 
47930 
48390 
51350 
50200 
56290 
55350 
53710 
54640 
52840 
57090 
51620 
52020 
77280 
68730 
68560 
67310 
68720 
66030 
68430 
68700 
68370 
67480 
68650 
67490 
66550 
69900 
68660 
67410 
67130 
68140 
67740 
66320 
64600 
67070 
69070 
71950 
67570 
65640 
70480 
53070 
50530 
50160 
50770 
49210 
51210 
51270 
56830 
51410 
53810 
87690 
81250 
67590 
54920 
46650 
54670 
49110 
51780 
54560 
47730 
51480 
58630 
54690 
48170 
49230 
50940 
47640 
52780 
49730 
49400 
47630 
48880 
51150 
51500 
53910 
50370 
54210 
53390 
54190 
49160 
51780 
50950 
77750 
70650 
67000 
66160 
68200 
69040 
69540 
64460 
65120 
66910 
64580 
68550 
64860 
67650 
66710 
65810 
67590 
68100 
65850 
65470 
69860 
68840 
66080 
66700 
71050 
69270 
74080 
56190 
52990 
48180 
57980 
56040 
53640 
55870 
56660 
54370 
59400 
87450 
85220 
71510 
59650 
54580 
51120 
55330 
53360 
49070 
53120 
48830 
50550 
49650 
52460 
52090 
50530 
52270 
47040 
53200 
49810 
51310 
51110 
47380 
46650 
54930 
50490 
52370 
52940 
51700 
56420 
50180 
50240 
81180 
67190 
66440 
68320 
66550 
67740 
64760 
64270 
66580 
65070 
70250 
64480 
68040 
66690 
66440 
67780 
66810 
66440 
68250 
65320 
67230 
65960 
68060 
64670 
66120 
65890 
72620 
50800 
46480 
49800 
52120 
51410 
49740 
47250 
57660 
51990 
53230 
88270 
88010 
74000 
67110 
53420 
50690 
48500 
49390 
49500 
50280 
49620 
50630 
46830 
49940 
50030 
50490 
47830 
48170 
59550 
51150 
53170 
48590 
46780 
52770 
51430 
53170 
51880 
52940 
52690 
52220 
54040 
51250 
74160 
68510 
65620 
66580 
67480 
70890 
69300 
67630 
67580 
67480 
66430 
68570 
70260 
66330 
67950 
63680 
66560 
70460 
66840 
70360 
66720 
65480 
68490 
66720 
70600 
68210 
69620 
60500 
50960 
52960 
51310 
52300 
49990 
51420 
53650 
55460 
53530 
50590 
88520 
80720 
68260 
53570 
48390 
50270 
55080 
50390 
51300 
47050 
49720 
50160 
54330 
49790 
47460 
47730 
48890 
55830 
51880 
48250 
47430 
49710 
49650 
56830 
51500 
48850 
56030 
55960 
58250 
51260 
49080 
52630 
81100 
71050 
72030 
66300 
71630 
68900 
66600 
69100 
63980 
69110 
65340 
67750 
69450 
67280 
66930 
68930 
69320 
69820 
64860 
66190 
68450 
64590 
68700 
64370 
70640 
68870 
70800 
57770 
49110 
51880 
52580 
51720 
52160 
51050 
53510 
53770 
53640 
88290 
81790 
67700 
56970 
49830 
53790 
51260 
48460 
46790 
50030 
50650 
49010 
52320 
47370 
51670 
50490 
50070 
49530 
46810 
47970 
51410 
50130 
49140 
49070 
53500 
49950 
52820 
52380 
52890 
49690 
53320 
52860 
82450 
67950 
66280 
70430 
65190 
67270 
63820 
65130 
66960 
69150 
68570 
66930 
64550 
69090 
66510 
67110 
67360 
66610 
67760 
67650 
67860 
67660 
66270 
67170 
66500 
69230 
75420 
70590 
53770 
51520 
53320 
52830 
54930 
50670 
59270 
52200 
53280 
87340 
85890 
65090 
62310 
56170 
48640 
53030 
48520 
50120 
49290 
51550 
50210 
48450 
49530 
53740 
50980 
50450 
47960 
49460 
50820 
50470 
48490 
46700 
51330 
50420 
52730 
51120 
52240 
51450 
54940 
52830 
50940 
78970 
69750 
67020 
67070 
66280 
69260 
66370 
70130 
68890 
68530 
67330 
67130 
69720 
66650 
68250 
66900 
64860 
67950 
66420 
67380 
67340 
65380 
68960 
67450 
69400 
66860 
72360 
56110 
49640 
47690 
53240 
50880 
49240 
53590 
56780 
54340 
51100 
87080 
86140 
74180 
65450 
51280 
51110 
51410 
49710 
51430 
49080 
47970 
52960 
50620 
52470 
47470 
48800 
48540 
47640 
54050 
47970 
48750 
49160 
49610 
51280 
50730 
51300 
48850 
60610 
54650 
50760 
50590 
50050 
72400 
71240 
68840 
68290 
68350 
71930 
69210 
69420 
66380 
67810 
71090 
69650 
68980 
68820 
65770 
67690 
69340 
66540 
69980 
68040 
68030 
70030 
67720 
67730 
67930 
68110 
69180 
63560 
51060 
52600 
50280 
55710 
51970 
51250 
52300 
52480 
52300 
51600 
86930 
77340 
67130 
53650 
51010 
50440 
48480 
48550 
48000 
51510 
50000 
49750 
47250 
47950 
48810 
49100 
52850 
51670 
47960 
49490 
51020 
52580 
50340 
48230 
51280 
52490 
55520 
52150 
51180 
50840 
50410 
51410 
79210 
68710 
65070 
69040 
68340 
67770 
67480 
66430 
66470 
69340 
71520 
68800 
70130 
70420 
67770 
70790 
66430 
68690 
67640 
68520 
67900 
67470 
67980 
67400 
68730 
67030 
77900 
55060 
47700 
55930 
52470 
54450 
52520 
49840 
57920 
56170 
53150 
89540 
83150 
73380 
68140 
55110 
52410 
48480 
70380 
56920 
54240 
50250 
50240 
49490 
52880 
51120 
49640 
48930 
47740 
50140 
49720 
52130 
48010 
47520 
50470 
49980 
53670 
55500 
53780 
51340 
52550 
54940 
52100 
82650 
70420 
68610 
68540 
67550 
66790 
69300 
70000 
68450 
67610 
66110 
66150 
69330 
67250 
67410 
63920 
68000 
69850 
69930 
68990 
66920 
66510 
69300 
69980 
68750 
68320 
71590 
53210 
48830 
49580 
51860 
51670 
48400 
51950 
55530 
53540 
50790 
85540 
83480 
66650 
63040 
53800 
49220 
50480 
48770 
53240 
50810 
47930 
49180 
53260 
51160 
47630 
47230 
48970 
47170 
51110 
48200 
52050 
53480 
51220 
49200 
52010 
51310 
49510 
54840 
52610 
53390 
52580 
50090 
80120 
68290 
71860 
67840 
67860 
70580 
69160 
70240 
69760 
66780 
68420 
66190 
70520 
67990 
69370 
66740 
68570 
67160 
71080 
69700 
67610 
71610 
68200 
70590 
67010 
65970 
76030 
57530 
52110 
49120 
51620 
55720 
53080 
51830 
52240 
54290 
52370 
86830 
85800 
73840 
68440 
53850 
51910 
48850 
49880 
48460 
47030 
51310 
53070 
49670 
49190 
47710 
53990 
52620 
52230 
51410 
51590 
51690 
52390 
51790 
50290 
46520 
51830 
53860 
56780 
50320 
51720 
52220 
50930 
64200 
69670 
63080 
66850 
70090 
67140 
68070 
65960 
66320 
69690 
70190 
70390 
68680 
67350 
67870 
67530 
68380 
66390 
68170 
69380 
67960 
72920 
66660 
66890 
67560 
69240 
67250 
69760 
50160 
50110 
53860 
53760 
52320 
53460 
66630 
65830 
58890 
57140 
88960 
79660 
69130 
55680 
52450 
49190 
48250 
49930 
50100 
51420 
49350 
49290 
47200 
51130 
50270 
50020 
48640 
51510 
53980 
51370 
51600 
49220 
48140 
54080 
51840 
55620 
53270 
52580 
54770 
53700 
53560 
50200 
80890 
69760 
67650 
68050 
68250 
68020 
69020 
69110 
68580 
70570 
69840 
67370 
68540 
68660 
68720 
64620 
65900 
71380 
69350 
72090 
69450 
68080 
69500 
68880 
69040 
68130 
73040 
53350 
50290 
52490 
52070 
53100 
55150 
54240 
57240 
56110 
54190 
87930 
84880 
67690 
64290 
50260 
54740 
54260 
51000 
52210 
48670 
50310 
50970 
53320 
52250 
48680 
54990 
54630 
49550 
52190 
50350 
49210 
46880 
51510 
52410 
51510 
52760 
52700 
61500 
60190 
52350 
50000 
59830 
83130 
68260 
69800 
69230 
64710 
70660 
67700 
69340 
66400 
70130 
68890 
67170 
68190 
67460 
66830 
66150 
67600 
67640 
70180 
66360 
65910 
72740 
68930 
68920 
66970 
66170 
73560 
53460 
53070 
48230 
51130 
52590 
51550 
51300 
57440 
52080 
51860 
87750 
90560 
68010 
62810 
51800 
53710 
51980 
50060 
49010 
48360 
53520 
53050 
51120 
48590 
48400 
49130 
50870 
52690 
50500 
49760 
49480 
52540 
52560 
49680 
49100 
53080 
52150 
56520 
50620 
49920 
51960 
53980 
80800 
69800 
66390 
71790 
70180 
69510 
68820 
66530 
65530 
68740 
67810 
68470 
66570 
66670 
67720 
70410 
70090 
67460 
66410 
67490 
66850 
67530 
67020 
68690 
69150 
67220 
76600 
58080 
51290 
48320 
55000 
57930 
53140 
49720 
49360 
59700 
54440 
74530 
86560 
76340 
68200 
54280 
55090 
50420 
47910 
50290 
49580 
52070 
51370 
52230 
50020 
49600 
53230 
52210 
48470 
48810 
51540 
51430 
50600 
49200 
47770 
52140 
53390 
51880 
54300 
52200 
52190 
53700 
55170 
55230 
77520 
68020 
68840 
69960 
66160 
68310 
67590 
70270 
67880 
68990 
67840 
67090 
68440 
66070 
66810 
67170 
65620 
70490 
67290 
68930 
67540 
64960 
67860 
69590 
69560 
67110 
70760 
54260 
50850 
55080 
53180 
52420 
51360 
61410 
57100 
56460 
51540 
87710 
81850 
67440 
56680 
49330 
46610 
50730 
51760 
54020 
56420 
49620 
50440 
52640 
51840 
49630 
47690 
51910 
47650 
53190 
52190 
49790 
55220 
51400 
50630 
52580 
53460 
53140 
53220 
53410 
52560 
51120 
49990 
82440 
69620 
69560 
67430 
65720 
72910 
67540 
69760 
64620 
65250 
68650 
70480 
69160 
65950 
66850 
69090 
70830 
65820 
68540 
68010 
66800 
68200 
69740 
67610 
66300 
64980 
71220 
58120 
52360 
52780 
52790 
56320 
53190 
56010 
59350 
53190 
52530 
89320 
83390 
69690 
59790 
49550 
50970 
50030 
51110 
48230 
47410 
50610 
51520 
49760 
49130 
45890 
57690 
50570 
51610 
50290 
47820 
52180 
51180 
51840 
51860 
46890 
51590 
51330 
58280 
57220 
54110 
51380 
54810 
78480 
69220 
65870 
67690 
69980 
69590 
67820 
67020 
65330 
72440 
71470 
69520 
67080 
65410 
67880 
66640 
67180 
67160 
70800 
68470 
67940 
72010 
66490 
67600 
68940 
67910 
71920 
53080 
48260 
47160 
55780 
53940 
50700 
49640 
55710 
55120 
52680 
87120 
82500 
70940 
66770 
55230 
55980 
50240 
47580 
51910 
48910 
51200 
50030 
51690 
47170 
50150 
49230 
50820 
48240 
46090 
50400 
51060 
53240 
49100 
47660 
50970 
50950 
55970 
52360 
51570 
53180 
53540 
52690 
82270 
67720 
69720 
72330 
69140 
71840 
70660 
68100 
68630 
68580 
68360 
70500 
67400 
68310 
67170 
68730 
73100 
66580 
69110 
69380 
68890 
67960 
72820 
68900 
70430 
70110 
71030 
61640 
51880 
49180 
53050 
55500 
50520 
54540 
54890 
55910 
53900 
60320 
85180 
77560 
69050 
60300 
49220 
48610 
51880 
49950 
51360 
48960 
50460 
50890 
58850 
53000 
50720 
48260 
48890 
50490 
51170 
48470 
48290 
47370 
50830 
50420 
53440 
51130 
51420 
54610 
53300 
54490 
51400 
50970 
79680 
68230 
67940 
68240 
66870 
69930 
67840 
70090 
66010 
67100 
68180 
68240 
71700 
64380 
66170 
67460 
67210 
66900 
73100 
73340 
71340 
69220 
66100 
67980 
64660 
65630 
73170 
52690 
55670 
53760 
49860 
56120 
67850 
65420 
57670 
54390 
51760 
86910 
81760 
64680 
56560 
49570 
52290 
50580 
50370 
49680 
47700 
52060 
51230 
50880 
47510 
47570 
51060 
50590 
53730 
50910 
49410 
51280 
51640 
51970 
49110 
48000 
51370 
55310 
55540 
52790 
50010 
49960 
51060 
79370 
72140 
69710 
71480 
70020 
67090 
67540 
63240 
67630 
68200 
69970 
72020 
68790 
64840 
68650 
65520 
70530 
68540 
68500 
67420 
67800 
67380 
66850 
66900 
66650 
67090 
72070 
53420 
49270 
46890 
53890 
54060 
52260 
48550 
57020 
55060 
54570 
87920 
83050 
78740 
62750 
52410 
52580 
50950 
48500 
50250 
55250 
51650 
48970 
49510 
47300 
50730 
51190 
48140 
49570 
46930 
51940 
53320 
51000 
48380 
54180 
56010 
54030 
55190 
56170 
50790 
53680 
52610 
52340 
79990 
66090 
68440 
68010 
74290 
66430 
67530 
66770 
68420 
65760 
65530 
66770 
67300 
68360 
65680 
67950 
63660 
69370 
70720 
67580 
69030 
66580 
66120 
69760 
68120 
70440 
70860 
52910 
49560 
49240 
56620 
51340 
51330 
50190 
55740 
60350 
53010 
86760 
85440 
76980 
66600 
55340 
54650 
50540 
51980 
49230 
53070 
52470 
48890 
49610 
52110 
51070 
48750 
47960 
48360 
47500 
51270 
47150 
48610 
50360 
51330 
49340 
51350 
51710 
50130 
56640 
53870 
55480 
50710 
73960 
72060 
68020 
68970 
67960 
67560 
70060 
68450 
69470 
67510 
67510 
71120 
67260 
65530 
66080 
66170 
66400 
69220 
65190 
69960 
65350 
65600 
70140 
67880 
67590 
66910 
67090 
66710 
50890 
51980 
50970 
50070 
53140 
52010 
54870 
54350 
51390 
54150 
87840 
77540 
66210 
54050 
49150 
49520 
50880 
50490 
48340 
47470 
52400 
53130 
53450 
48870 
50720 
51110 
49360 
50030 
49490 
47490 
49930 
51120 
50880 
50650 
48530 
51590 
50690 
54500 
50360 
57280 
52000 
52510 
75390 
69190 
67480 
68860 
68920 
66480 
68220 
63830 
68180 
69050 
67350 
68890 
66770 
64990 
68390 
67950 
69260 
66030 
66900 
67430 
67990 
67890 
66660 
66610 
67890 
68710 
70920 
53650 
47930 
52970 
53050 
51880 
53460 
53070 
54940 
55570 
52170 
88150 
82630 
64740 
59710 
50230 
59010 
51100 
49000 
49080 
49410 
51910 
48660 
50880 
50250 
51350 
53290 
48060 
50750 
49920 
49440 
50650 
50820 
48370 
47590 
51230 
53750 
53440 
52030 
51530 
52710 
49980 
52720 
79470 
66610 
67030 
67650 
67180 
68800 
68580 
65710 
67650 
66530 
68860 
67770 
67420 
68270 
65630 
67810 
66450 
64900 
68860 
66520 
70220 
66090 
65680 
68140 
68450 
69550 
70140 
49830 
49210 
54940 
54850 
61400 
52700 
47020 
59190 
58030 
56240 
88200 
89390 
64030 
63500 
53180 
49300 
48850 
51460 
49450 
50910 
47420 
46990 
48770 
57390 
53910 
49190 
47270 
48480 
