67910 
58650 
51220 
48250 
48300 
51070 
47770 
44450 
43950 
49730 
46300 
46300 
46110 
48550 
48640 
47820 
49650 
46230 
42480 
47340 
46370 
53630 
45580 
42690 
43460 
47940 
46770 
44260 
43540 
45680 
46000 
46810 
43120 
44640 
44360 
52470 
46110 
46930 
44580 
45550 
56510 
45970 
48530 
44460 
43990 
49540 
45440 
49420 
44450 
45870 
42320 
49970 
48270 
45880 
45960 
42920 
52200 
49420 
44660 
52360 
43040 
46960 
48780 
51040 
45900 
44690 
45810 
54170 
46830 
45820 
42420 
43160 
47360 
50550 
45180 
45830 
41810 
47170 
51840 
45540 
43580 
42760 
49010 
48550 
42830 
46050 
41810 
47060 
45530 
46190 
45710 
43760 
46530 
44990 
45270 
45950 
42380 
44930 
80950 
63670 
47710 
44980 
42640 
47210 
52510 
46710 
43960 
46240 
44500 
47710 
44840 
46070 
43890 
47890 
44920 
45810 
43910 
43870 
52200 
45770 
46430 
46620 
44960 
44580 
46510 
49190 
41910 
44610 
41940 
46870 
48830 
49650 
46080 
42470 
45210 
48410 
43800 
43880 
41100 
44150 
51490 
48360 
44850 
43640 
46020 
46620 
46740 
62380 
52130 
44650 
47140 
47520 
45270 
45110 
42030 
49400 
48960 
44690 
43950 
43500 
51580 
49690 
45720 
45710 
45650 
48130 
47810 
47080 
45260 
42980 
46770 
48430 
45980 
44830 
41580 
44770 
45770 
47370 
43780 
43770 
42220 
45600 
47250 
44450 
42430 
47730 
45860 
47780 
45970 
45960 
49860 
46550 
45360 
52700 
43460 
45110 
49790 
45670 
57530 
57340 
45470 
49070 
46740 
51570 
44760 
45880 
42950 
55690 
51800 
44100 
46750 
41600 
51370 
48690 
44640 
44010 
43670 
45820 
51220 
46720 
43900 
44130 
44340 
50060 
47340 
44910 
46910 
43810 
46100 
47360 
43510 
43870 
41990 
47390 
52530 
44890 
44930 
43570 
45520 
48320 
50370 
48560 
43470 
47420 
46090 
46270 
47560 
44620 
45650 
45270 
46350 
46480 
42280 
45100 
44460 
53800 
45630 
44240 
45960 
46290 
53520 
52230 
43710 
44150 
48380 
47800 
46150 
44610 
43250 
46740 
44260 
46040 
44610 
52310 
47270 
44620 
44700 
42860 
44370 
44600 
44080 
47710 
43780 
44740 
42070 
50660 
49980 
44580 
45250 
43530 
44140 
53580 
46360 
46060 
43370 
45280 
49520 
47680 
49360 
44370 
45300 
47290 
45860 
45030 
42880 
46010 
50250 
48500 
43730 
48130 
43400 
47990 
48710 
45030 
43930 
43720 
47920 
49590 
44750 
46410 
53040 
49620 
48050 
45750 
46180 
42090 
46260 
45410 
46560 
44000 
42980 
45770 
44630 
47460 
44230 
43010 
42150 
45730 
47100 
44490 
42850 
50640 
47280 
47890 
44890 
46740 
45140 
47590 
45630 
52250 
44240 
44510 
53870 
46380 
56770 
54860 
46390 
47710 
49150 
50760 
49270 
46730 
46910 
48780 
49940 
46460 
44520 
47160 
46130 
53140 
47140 
45320 
42750 
46780 
46720 
47870 
44290 
45270 
45200 
54640 
55300 
47240 
42870 
43150 
47750 
48770 
43980 
43840 
43150 
53330 
49030 
44610 
45730 
45570 
46160 
48960 
43820 
44470 
44040 
48370 
44680 
48490 
51950 
46020 
46530 
47240 
47310 
45830 
43170 
46410 
45720 
50250 
45360 
45090 
42520 
48440 
48580 
44180 
46870 
46220 
48080 
48990 
44990 
44610 
42730 
47000 
45070 
48710 
44170 
44600 
46150 
46690 
47330 
44800 
43340 
45960 
46730 
49660 
45530 
46320 
41210 
52000 
49450 
45990 
46240 
45700 
44730 
48330 
45790 
49290 
43880 
45910 
54620 
48870 
45130 
45080 
47430 
46920 
46350 
44200 
44240 
45550 
45600 
49060 
52320 
47050 
43890 
48130 
47150 
46110 
46780 
44330 
45480 
49590 
44600 
43940 
43140 
48290 
44770 
46040 
44450 
42490 
49040 
47080 
47180 
45870 
41470 
45310 
46390 
50090 
46290 
45290 
43510 
48600 
48750 
46470 
46560 
47210 
46370 
50570 
43830 
44680 
43700 
52840 
49390 
47660 
44200 
47330 
46330 
44710 
47030 
45730 
43580 
45820 
49570 
49050 
44870 
45000 
42100 
47440 
49490 
46060 
45090 
43820 
50870 
50330 
44300 
46160 
42560 
46440 
46210 
46910 
44020 
43070 
45370 
46970 
49760 
45400 
44040 
45200 
45900 
54060 
45110 
45110 
44540 
52550 
49570 
46360 
45450 
45030 
45550 
52280 
44740 
43920 
41400 
49130 
44860 
45810 
44890 
44090 
46790 
48680 
46120 
47720 
48950 
47990 
47680 
48430 
48020 
45970 
43560 
49210 
48430 
44320 
46990 
43740 
45630 
53630 
46750 
44910 
43710 
45910 
46370 
46910 
47190 
44860 
46750 
45260 
46540 
68210 
48310 
47020 
46810 
49750 
54130 
58950 
44740 
45590 
49430 
45100 
45640 
43730 
46370 
49060 
43810 
44670 
64460 
50800 
48600 
46990 
44890 
42980 
47780 
48390 
45690 
45340 
45130 
44350 
51120 
50930 
44370 
43480 
43930 
49190 
48270 
45570 
44390 
45330 
45900 
48010 
45030 
45350 
42440 
45690 
45000 
52500 
49510 
43740 
45620 
44490 
48920 
51870 
45300 
44740 
45820 
49320 
46440 
45710 
42790 
47000 
49450 
45060 
43110 
43360 
44500 
48690 
43930 
44170 
43470 
46450 
44710 
47850 
44000 
44520 
46800 
51180 
47470 
46140 
43330 
42820 
46840 
47900 
45680 
45040 
44220 
47830 
49840 
45500 
44030 
44000 
44840 
48450 
43420 
43380 
42150 
44410 
45110 
47680 
44070 
44900 
45170 
44280 
45620 
44250 
41980 
44910 
45430 
48690 
44990 
47290 
43220 
46730 
48050 
43440 
43250 
42680 
47570 
48270 
41980 
44290 
41460 
46130 
44120 
45990 
45600 
43260 
47750 
45650 
44730 
46050 
42530 
43530 
47200 
48020 
44060 
45980 
43390 
45950 
48480 
44330 
43970 
43820 
46320 
48420 
45300 
44590 
42880 
45180 
44460 
47490 
47850 
49460 
45500 
45860 
47440 
45560 
43660 
45620 
46370 
47730 
42060 
46040 
41230 
47340 
48470 
44400 
43080 
44140 
46870 
47890 
43710 
44350 
41680 
55070 
48780 
46730 
47580 
42480 
45300 
46010 
47360 
44820 
43830 
44810 
46200 
47860 
46120 
45130 
42230 
46910 
48460 
44060 
43390 
42790 
45050 
47230 
43040 
44090 
39840 
47610 
49630 
46430 
44680 
42180 
45870 
44570 
45520 
44270 
43320 
46110 
45910 
47490 
43820 
42040 
42330 
48890 
48700 
45230 
43920 
43410 
44590 
47430 
42060 
43590 
42960 
47800 
46600 
47990 
43830 
44390 
46040 
52500 
47660 
45230 
43430 
45850 
51260 
48850 
43950 
44560 
41320 
46710 
52930 
45350 
45310 
47840 
44750 
48340 
41590 
43440 
41730 
44910 
52330 
47290 
44590 
46920 
46970 
44660 
45420 
43590 
43360 
44630 
48290 
47840 
42240 
41980 
42380 
47640 
52540 
45060 
44440 
42580 
46240 
51040 
43380 
44790 
41290 
52450 
50510 
48010 
46060 
47430 
48310 
44580 
48060 
45190 
42320 
46290 
47250 
48330 
69570 
46890 
43350 
47020 
47790 
52570 
44900 
43330 
46090 
48860 
44020 
42780 
43120 
44930 
46930 
47290 
43290 
45630 
51900 
47400 
48850 
44620 
44150 
44180 
45310 
48070 
42970 
45820 
42250 
46860 
48010 
45280 
44750 
44340 
45610 
47890 
43500 
42210 
41680 
46440 
44760 
50980 
46020 
45060 
46790 
46480 
46770 
44860 
41570 
44550 
47550 
47520 
44430 
43440 
40750 
46400 
46520 
50200 
45150 
43130 
45390 
47200 
48120 
49490 
41650 
46480 
43720 
46590 
46180 
68160 
52430 
47000 
48430 
46610 
42500 
45790 
49880 
49760 
44980 
44810 
43990 
48100 
49070 
44180 
45270 
44300 
46520 
48830 
50210 
45090 
45040 
47840 
46710 
47360 
46450 
47020 
47190 
46430 
48510 
47430 
42550 
46250 
46270 
48740 
44880 
44750 
42490 
52410 
49380 
45170 
44990 
43490 
45700 
50340 
43610 
45240 
43240 
46790 
46260 
48000 
44790 
45940 
44710 
47030 
47440 
45060 
42490 
45650 
46920 
47760 
45190 
43290 
40500 
47940 
49200 
44380 
45710 
43630 
46530 
48440 
43060 
45190 
47740 
48180 
44910 
48300 
46690 
42460 
46120 
45340 
47170 
45510 
43360 
45350 
46950 
48520 
45200 
44820 
43000 
49100 
53020 
45860 
50850 
45950 
47060 
52340 
44710 
44050 
44470 
45190 
46600 
50590 
45730 
45750 
44130 
46040 
50990 
45300 
44140 
45270 
44230 
48140 
46770 
44680 
44080 
47140 
48580 
48830 
46370 
48250 
46290 
49650 
45090 
50310 
45040 
47660 
44860 
49080 
50360 
45700 
49820 
46890 
46110 
47190 
42680 
45980 
46470 
48780 
45130 
45840 
44100 
54610 
50270 
44590 
45830 
42950 
47050 
48060 
45690 
45580 
44730 
47170 
44890 
51200 
47200 
42780 
50260 
45530 
47320 
45130 
43690 
45060 
51260 
49820 
46800 
44020 
43070 
49420 
52670 
45880 
44580 
44190 
47300 
49510 
45010 
42930 
45540 
45980 
48240 
48510 
45790 
44350 
47670 
46960 
47870 
51100 
45510 
45510 
46470 
47830 
44500 
43660 
46290 
47080 
48520 
43420 
45700 
43180 
47970 
51530 
44170 
45930 
43340 
48360 
46910 
47430 
43380 
45270 
44680 
46830 
51300 
45750 
43450 
44010 
47710 
50150 
50210 
46310 
42380 
47960 
53170 
43960 
45230 
48720 
48410 
48300 
45020 
44340 
42460 
51200 
45550 
47610 
44970 
44070 
48280 
52430 
47800 
45000 
44230 
45000 
53270 
48780 
46020 
45820 
42910 
47100 
50960 
45280 
44020 
48580 
47770 
54370 
46000 
44830 
43910 
49420 
45440 
56340 
45160 
44540 
46480 
45350 
51640 
44890 
43280 
45240 
50630 
49950 
48110 
45470 
44070 
49150 
48790 
48590 
45760 
42420 
45270 
49570 
43960 
46610 
42890 
49940 
47510 
48190 
44230 
44120 
45060 
47160 
44700 
45150 
41690 
44950 
47350 
52950 
44040 
43820 
41730 
48740 
47040 
44690 
46680 
45760 
47510 
48140 
45020 
45950 
43560 
47420 
46600 
47830 
50200 
45090 
46860 
45800 
46030 
44550 
41920 
44300 
45640 
48960 
46340 
49230 
49040 
46240 
48470 
45540 
44720 
45790 
46310 
47890 
45930 
45510 
45400 
46150 
44830 
47920 
44280 
43040 
46880 
46160 
47880 
44830 
44820 
44700 
45920 
48930 
44150 
44120 
42120 
49180 
48090 
44380 
45050 
43550 
46720 
50450 
43140 
48270 
43210 
46400 
46030 
47450 
46740 
43900 
48280 
43750 
45770 
50380 
45880 
43750 
47230 
48840 
45500 
44440 
42920 
47190 
48550 
47260 
44640 
42300 
48210 
47770 
43670 
48380 
43480 
48670 
44480 
46970 
44430 
47280 
46660 
45390 
45360 
49170 
48610 
47440 
46860 
49530 
50540 
46320 
46140 
45940 
49560 
44890 
45200 
47050 
47670 
49550 
42960 
43240 
50730 
48710 
46280 
48340 
48040 
45120 
48730 
47560 
50390 
46800 
43810 
44240 
51340 
51980 
45260 
46080 
44180 
50540 
50900 
45990 
49650 
45280 
51730 
48230 
49820 
45230 
42930 
46810 
45630 
46420 
44830 
43510 
45870 
46370 
50590 
45850 
43730 
44680 
47690 
49270 
45430 
45480 
48680 
49540 
48640 
43260 
50460 
44590 
48160 
49760 
45760 
44690 
41600 
46940 
44980 
48090 
46080 
44640 
47070 
48820 
47090 
46270 
42640 
42990 
46300 
47130 
46580 
44200 
44360 
46460 
47880 
50550 
46580 
44000 
45120 
48460 
45520 
46620 
44180 
47170 
45510 
48430 
45770 
47390 
49830 
48030 
47080 
46550 
44570 
44740 
48170 
50040 
46730 
46180 
42340 
48380 
49440 
43000 
46480 
43620 
45620 
47740 
43590 
44830 
42200 
47840 
46940 
47410 
45300 
44280 
45870 
45210 
47680 
48600 
44570 
45160 
47720 
48660 
43710 
43850 
41700 
49380 
48260 
43660 
44690 
45520 
46730 
48840 
43880 
44640 
44670 
46400 
44800 
49540 
50240 
44340 
45940 
45410 
46220 
46430 
43300 
45190 
47410 
48820 
45690 
43780 
45040 
47930 
49790 
46190 
46500 
44230 
45800 
47060 
44590 
44420 
44420 
48030 
44150 
46950 
45180 
43360 
45590 
46250 
47570 
43100 
42240 
44130 
44200 
50470 
45010 
44650 
43290 
47310 
48630 
44480 
45020 
43540 
48650 
48730 
42630 
44610 
42130 
50200 
47260 
47440 
44370 
43490 
46440 
46600 
47200 
46740 
48610 
50170 
49630 
48740 
44210 
47360 
42340 
48400 
49180 
44420 
46350 
72670 
54470 
50900 
44200 
45460 
42920 
48400 
48430 
47900 
46080 
43570 
53480 
46280 
48920 
47470 
42620 
48310 
47620 
48480 
45210 
43160 
43210 
46850 
48640 
45240 
43470 
45480 
47220 
48350 
44230 
46230 
44190 
51140 
47600 
47940 
44210 
45210 
46470 
45370 
46450 
45070 
45230 
47340 
46550 
51290 
44330 
45600 
42730 
46900 
48330 
43400 
44790 
43540 
48370 
48070 
49870 
46270 
42570 
45790 
44890 
47600 
44800 
43020 
44900 
47290 
47070 
45160 
44550 
46340 
45950 
48140 
44860 
43090 
41730 
48060 
49450 
47880 
48090 
44930 
47100 
53940 
45730 
45110 
43740 
50570 
59570 
59680 
48420 
44390 
48980 
48720 
47170 
46670 
44480 
45690 
47250 
47950 
45430 
46660 
42390 
47990 
48950 
46250 
47410 
45720 
46740 
47430 
45400 
45320 
43070 
47030 
44490 
52660 
44940 
45760 
45500 
47610 
47730 
44150 
45940 
45350 
46460 
48710 
43200 
49450 
43120 
47630 
49380 
46460 
48210 
53790 
48740 
53820 
45500 
45790 
44870 
72300 
49550 
48490 
45640 
46080 
47360 
48500 
46760 
47060 
45290 
48300 
47540 
49130 
45060 
45670 
43560 
49700 
47990 
44560 
44810 
43600 
47680 
48180 
46770 
46550 
44360 
47860 
44650 
52040 
47800 
43190 
48970 
47800 
46840 
48760 
42640 
49370 
47790 
48460 
45130 
43770 
43710 
47760 
49700 
47300 
50000 
45700 
44770 
49340 
49960 
46220 
44260 
46460 
46580 
47190 
45170 
45260 
46350 
47040 
47670 
46360 
43110 
45170 
48570 
48870 
44270 
47230 
42660 
48690 
47240 
46770 
45600 
44600 
45980 
48120 
43470 
44210 
47370 
46530 
46450 
46770 
43870 
46370 
46970 
45200 
46890 
44070 
43260 
45400 
47010 
52280 
44460 
46350 
42550 
49290 
51810 
46340 
45840 
45810 
51360 
51400 
46960 
45170 
41890 
47970 
46780 
46770 
44780 
47080 
50060 
47270 
47610 
47650 
42620 
46240 
47800 
48480 
46160 
44370 
44040 
46920 
47970 
43790 
44830 
46400 
46440 
49460 
46080 
45580 
43830 
48550 
45210 
49700 
45550 
45060 
46560 
48470 
47010 
46540 
43940 
44980 
45930 
47590 
46050 
45420 
47150 
49500 
49330 
44820 
47140 
46770 
48770 
49530 
45640 
48280 
43920 
48460 
47250 
47770 
44520 
44370 
46280 
47490 
44910 
44260 
42400 
43820 
46400 
48270 
43450 
51380 
41590 
48600 
47300 
42860 
43280 
41840 
45870 
51500 
43060 
44570 
41110 
43780 
46450 
47140 
43280 
43810 
46600 
47090 
45960 
44720 
41670 
45200 
46350 
48740 
44280 
44350 
44210 
46170 
47710 
49690 
48630 
45130 
44680 
47190 
44050 
45090 
45360 
47630 
44820 
47140 
44160 
45550 
46040 
45420 
45150 
44480 
42940 
44750 
44830 
46870 
43980 
43590 
42970 
46750 
46930 
43660 
44190 
42890 
44700 
47850 
43760 
44400 
42470 
45360 
44840 
47390 
44790 
43710 
44610 
45670 
45080 
44880 
44430 
43810 
51130 
50190 
45420 
45240 
42500 
46930 
46000 
48880 
45310 
44580 
47000 
47950 
43250 
46030 
41670 
44860 
47430 
44110 
43280 
46040 
47140 
45940 
47370 
59360 
43610 
45800 
46780 
49310 
44670 
42890 
47700 
47120 
47960 
43870 
44470 
52230 
46220 
47610 
45260 
43700 
41210 
46090 
44420 
46820 
44290 
43520 
43610 
45790 
46770 
44540 
41220 
43610 
44560 
49060 
47580 
48890 
