111990 
57410 
49140 
51200 
53080 
48030 
50420 
49580 
49460 
49420 
46780 
49080 
47850 
48310 
53970 
58570 
61040 
26930 
24590 
23050 
23300 
24370 
23830 
24400 
24020 
24330 
34020 
27750 
25810 
24300 
22940 
22980 
22840 
24150 
24200 
22510 
22330 
23610 
23520 
23490 
22680 
23260 
22410 
22440 
23480 
23430 
24080 
22370 
22380 
23960 
23970 
24010 
23290 
22780 
23650 
23810 
23050 
23240 
22870 
23410 
23230 
22970 
22130 
22740 
22920 
27590 
27190 
24120 
30710 
27730 
27590 
30410 
25740 
22860 
24010 
24210 
26030 
22550 
25250 
24210 
23720 
24200 
23830 
22520 
22060 
21970 
23290 
25310 
23260 
22980 
23620 
24090 
23980 
23690 
23260 
23330 
23830 
23700 
22980 
23160 
22350 
24200 
23040 
23620 
22470 
23010 
23390 
23480 
24210 
23910 
23080 
23350 
23200 
22630 
22630 
26960 
26860 
25790 
24990 
25530 
25360 
27750 
25380 
24120 
24390 
23090 
24350 
26660 
22990 
23840 
22960 
23210 
22180 
22270 
21660 
22720 
23600 
23400 
21980 
22170 
21850 
23430 
22600 
23810 
23100 
23020 
23320 
23690 
22510 
22690 
21970 
23340 
22560 
22590 
22230 
22960 
22680 
23390 
22340 
22710 
23110 
22580 
23430 
22450 
22640 
22920 
23020 
23730 
22590 
22990 
27580 
34300 
28040 
23100 
23700 
22850 
22650 
23960 
22630 
25060 
21890 
23360 
28500 
27070 
25330 
22360 
23050 
24160 
24120 
23560 
22700 
25200 
23660 
24700 
23970 
22770 
24410 
24000 
24510 
24100 
23370 
22560 
22920 
22300 
23820 
23240 
22640 
22940 
23850 
24000 
23140 
24030 
22620 
24530 
25210 
23950 
22550 
23250 
23420 
25100 
29380 
29850 
24840 
22780 
23520 
25170 
24460 
26140 
28070 
25520 
22830 
25170 
24330 
22400 
23050 
22960 
25300 
23790 
23120 
22810 
22710 
22910 
23360 
23790 
23850 
23600 
23680 
25170 
22710 
24200 
24260 
23870 
24340 
24950 
22160 
22660 
24290 
23990 
23160 
23540 
22980 
22940 
23870 
24650 
23640 
23440 
22990 
23430 
25540 
23390 
27010 
26750 
26530 
25390 
23800 
23820 
23480 
26800 
28180 
27810 
27290 
23650 
23100 
24000 
26290 
24310 
23960 
22840 
23400 
23110 
22820 
25200 
23980 
22930 
23860 
25930 
23250 
24900 
22380 
23630 
24430 
24400 
23170 
22820 
23820 
24310 
22920 
23200 
22340 
24650 
24220 
24210 
22580 
23970 
22910 
24000 
25260 
24410 
24030 
24230 
24370 
25270 
24100 
24010 
22600 
24630 
28310 
27950 
26740 
24260 
23800 
23450 
25110 
23290 
23660 
23550 
24290 
24820 
24280 
22950 
24180 
23240 
24060 
24200 
23100 
23800 
24080 
22500 
23650 
24210 
23170 
24610 
23260 
23520 
25260 
23590 
23310 
24180 
24100 
24810 
23520 
23930 
22510 
23030 
23300 
23350 
23040 
21490 
23470 
24120 
25380 
24330 
22080 
23610 
24510 
26620 
28140 
24110 
23300 
22860 
24610 
26420 
24560 
23170 
25100 
58970 
52350 
48650 
49650 
46390 
49190 
53000 
49620 
47570 
47470 
47260 
49670 
45270 
48440 
45340 
48890 
46840 
48110 
46790 
47700 
48280 
48710 
46460 
48190 
44910 
46470 
48000 
50130 
47690 
46270 
45560 
45970 
47220 
47620 
46090 
47490 
44890 
47410 
48750 
50250 
52720 
55260 
51150 
50990 
48230 
48980 
45600 
48110 
47920 
56860 
54310 
48650 
47650 
48630 
47750 
46870 
45570 
46860 
47670 
48280 
48420 
45370 
46790 
47500 
45690 
46820 
52140 
46200 
45010 
47740 
48350 
47780 
46390 
47820 
47740 
48820 
47740 
46600 
47120 
47750 
49860 
48090 
45950 
48100 
46520 
48290 
48800 
46940 
48550 
48530 
47730 
48670 
47900 
47160 
46830 
51760 
55420 
53100 
48830 
58100 
56780 
54870 
52880 
47520 
49350 
48350 
54270 
51580 
47020 
47360 
47570 
49180 
46460 
48550 
47380 
46150 
46610 
47750 
47210 
49210 
47800 
49740 
48660 
49540 
49460 
47530 
46650 
47780 
47090 
50020 
48070 
48510 
47820 
49080 
49940 
53420 
47400 
47000 
49280 
48070 
51180 
74080 
48380 
48550 
46280 
54440 
61300 
54960 
51580 
47370 
49050 
48590 
54280 
48000 
49790 
52280 
56300 
55450 
49830 
49660 
48410 
47860 
47700 
47370 
46690 
48470 
49060 
48220 
46290 
46750 
52210 
49920 
48110 
47030 
45850 
46660 
48000 
47310 
46940 
47230 
45890 
48440 
48710 
47870 
51710 
51050 
48050 
47880 
49150 
48740 
52780 
48900 
46600 
50160 
48890 
52670 
55350 
53020 
53530 
48570 
46540 
46030 
46150 
46790 
47640 
50430 
61110 
52360 
48310 
46640 
50170 
51110 
46670 
48370 
48600 
46090 
46130 
43790 
45360 
47290 
46060 
44530 
47690 
49110 
47740 
47000 
45310 
43980 
44790 
47610 
47310 
47720 
45360 
47120 
46180 
49150 
50050 
46330 
44580 
47690 
48330 
47140 
47760 
46600 
45540 
46960 
90110 
92970 
82440 
47200 
45470 
58880 
52500 
48590 
47580 
50500 
54720 
49730 
44790 
45440 
43640 
47420 
48440 
45340 
49800 
46080 
46530 
47790 
45270 
51500 
45180 
47560 
45830 
47940 
44280 
48800 
44770 
46320 
46490 
46050 
49930 
46570 
46550 
47040 
48580 
49150 
51510 
50040 
46030 
47560 
44080 
51440 
46820 
46670 
46630 
45580 
44350 
50510 
48970 
52910 
46880 
54720 
56620 
52030 
49000 
44450 
45230 
48750 
45290 
47740 
47870 
45130 
51170 
55080 
51110 
48650 
47900 
43300 
44470 
45020 
46620 
44880 
45860 
46150 
45520 
46340 
45940 
47130 
44290 
45250 
46330 
45570 
45530 
46700 
45480 
45580 
44550 
45300 
43760 
43890 
45520 
47660 
46850 
45310 
45980 
45200 
46100 
49040 
46150 
46570 
45610 
55810 
54460 
48740 
47270 
45730 
44770 
49020 
46010 
47360 
45540 
46010 
53050 
53120 
47940 
45760 
47560 
46640 
44880 
47590 
46390 
44560 
44370 
46940 
45760 
48560 
44840 
43660 
44750 
45360 
45150 
47000 
45210 
46910 
47070 
45370 
51610 
48190 
44850 
46600 
45000 
47330 
47010 
45410 
46020 
48640 
47880 
45090 
44190 
46010 
52980 
46230 
44470 
43620 
44190 
46040 
47140 
58880 
54160 
48030 
50980 
48570 
53100 
55070 
48090 
49150 
45020 
49090 
47490 
44810 
44420 
47190 
45970 
47470 
44080 
45310 
45990 
46890 
45480 
46250 
44570 
46500 
44330 
46590 
60190 
56070 
50470 
48740 
48200 
48450 
46230 
46420 
46710 
48340 
58190 
51840 
46290 
48450 
46410 
46440 
44730 
46400 
45580 
48760 
47070 
46140 
44550 
56220 
61690 
54190 
55050 
46750 
45000 
45900 
47700 
47350 
46800 
44120 
44660 
57000 
55580 
48500 
51280 
45500 
47050 
47600 
48190 
44860 
45910 
46940 
51100 
54130 
49100 
47820 
46460 
48950 
48070 
47190 
45210 
42570 
47720 
47240 
50120 
47420 
43100 
46370 
48270 
46210 
46350 
44110 
45400 
52260 
47680 
44970 
43940 
50300 
48730 
61040 
54670 
48270 
46550 
47240 
46470 
45520 
44290 
45650 
43630 
49670 
47290 
52880 
54720 
49760 
48110 
47500 
45200 
46320 
45550 
48100 
53110 
47850 
51940 
46930 
46360 
48880 
48050 
46610 
47900 
45900 
47520 
48460 
45760 
45360 
43810 
47460 
45410 
45540 
45820 
58060 
55230 
48680 
49030 
46250 
48310 
46580 
46400 
47570 
45340 
44380 
44880 
47540 
48950 
46790 
52640 
53240 
47820 
49480 
48310 
46500 
44680 
50720 
55610 
50700 
47830 
46970 
45900 
46970 
45350 
47410 
46600 
45920 
47960 
47400 
45270 
46780 
45720 
48260 
48100 
46260 
44130 
46240 
47490 
46690 
46260 
46000 
46950 
46200 
44710 
45960 
48170 
45320 
45940 
44740 
52550 
47590 
47110 
45100 
43460 
52110 
48500 
47570 
46140 
45800 
49910 
54170 
49780 
46380 
45980 
46730 
47250 
46620 
46340 
44990 
44930 
47070 
46860 
46870 
52100 
55040 
49400 
47690 
47280 
46660 
44820 
47230 
47230 
47200 
46260 
46250 
45840 
46190 
46380 
47540 
45430 
45500 
43170 
46500 
47170 
46640 
44750 
45320 
46550 
47310 
45790 
47090 
43080 
45570 
46260 
45490 
46600 
44480 
45660 
49980 
54540 
55820 
47410 
44970 
46190 
48680 
48750 
46840 
47540 
47130 
45970 
46510 
45320 
44240 
51310 
54790 
50390 
48350 
45220 
47840 
48370 
46850 
46220 
48120 
44840 
45520 
46960 
47120 
44600 
44270 
42570 
46390 
47130 
43610 
43680 
42460 
46220 
46910 
46820 
43480 
42820 
52490 
49270 
45430 
46030 
44160 
50600 
48920 
46240 
46010 
43920 
45500 
46060 
47940 
46610 
50230 
54500 
50150 
47440 
46820 
45600 
44560 
45840 
46850 
52710 
56550 
48590 
47300 
47290 
47980 
45330 
48720 
46860 
45430 
46130 
45590 
45450 
45740 
46610 
47060 
46830 
44190 
45790 
47220 
48470 
48730 
43550 
46210 
44870 
53340 
48080 
48520 
46120 
48050 
45950 
47290 
46270 
46130 
49240 
46520 
46120 
49840 
47550 
47250 
44750 
50020 
54250 
50440 
47240 
52680 
46230 
45480 
45560 
46230 
48630 
46510 
46170 
46900 
46910 
47180 
45840 
54830 
58580 
58810 
48420 
46150 
45210 
47590 
48140 
47630 
45460 
46220 
46600 
47440 
46420 
46940 
44640 
46470 
46060 
44490 
48590 
47140 
53850 
49070 
47000 
47810 
50720 
45890 
45870 
47090 
46300 
46570 
48490 
47620 
47380 
53030 
55280 
50130 
43860 
47210 
47640 
47330 
45970 
45500 
48140 
47610 
46910 
46040 
46110 
47090 
45980 
55110 
52800 
56540 
54120 
53880 
53070 
48080 
49330 
45960 
48120 
48140 
45500 
45240 
44050 
46940 
48030 
46870 
46300 
45600 
45470 
47550 
47730 
46580 
44920 
45720 
47430 
49090 
48320 
44760 
44070 
44730 
44700 
49780 
48030 
45820 
43800 
46900 
45830 
47960 
45290 
54670 
54020 
50890 
46150 
45580 
43890 
44970 
46170 
48020 
45170 
49550 
56580 
52960 
49090 
47450 
43880 
45710 
47580 
46930 
45350 
43970 
44890 
48380 
46440 
46220 
45730 
43810 
42780 
45750 
47590 
46200 
44980 
50230 
48260 
49970 
49830 
46550 
45040 
45190 
45660 
47160 
46260 
43170 
44900 
47560 
45960 
45530 
44120 
44840 
45060 
55550 
52510 
50100 
45680 
47430 
44920 
46130 
44880 
44270 
47540 
45910 
48970 
45900 
43570 
44790 
46940 
53000 
53550 
47810 
46160 
47960 
45590 
47640 
45230 
46620 
44490 
49730 
49090 
46370 
44050 
44670 
45290 
48010 
46350 
47570 
44760 
45080 
45300 
46930 
46470 
45040 
43650 
46940 
48830 
45570 
45480 
45660 
45400 
45770 
44460 
57030 
54910 
50270 
48010 
47880 
44860 
44840 
44680 
47490 
47500 
47230 
45510 
49260 
47760 
46580 
44860 
51710 
54460 
49820 
46980 
45920 
45580 
43650 
42580 
47970 
47840 
45270 
45280 
46180 
47050 
47220 
44580 
45190 
50330 
47670 
51170 
49640 
46480 
45570 
44650 
46290 
46330 
45840 
46810 
44270 
46550 
45990 
46500 
46310 
45790 
45610 
43740 
47480 
45220 
46400 
55510 
52850 
49510 
47190 
46090 
48120 
46400 
46870 
45560 
45920 
43690 
61560 
55710 
51230 
48020 
44440 
42630 
46550 
47110 
45490 
45000 
44340 
54420 
48190 
46830 
45990 
44310 
47180 
45240 
46610 
47180 
44960 
43730 
47300 
46840 
46700 
45200 
44270 
46530 
46210 
45100 
45250 
45390 
46510 
45630 
45900 
43570 
46280 
45530 
46180 
56710 
52380 
49510 
46860 
47930 
47890 
47840 
46990 
45830 
46270 
47850 
45970 
47460 
59950 
55250 
50830 
47630 
46370 
52820 
55660 
51160 
49050 
45860 
45140 
46550 
48110 
46300 
47860 
46960 
48840 
45880 
52050 
48630 
47080 
46170 
44860 
48040 
47860 
46470 
45210 
44170 
50410 
47210 
45560 
45300 
46490 
49440 
49050 
47790 
44860 
56810 
58430 
52080 
49440 
45670 
48600 
45370 
52270 
47280 
46890 
45420 
45550 
51660 
48810 
49250 
46200 
43700 
44680 
56810 
58970 
49000 
44590 
46620 
46910 
51150 
48370 
47190 
44150 
43420 
49230 
49890 
45470 
46960 
45350 
45720 
45840 
43900 
44620 
51840 
49130 
45570 
46480 
45370 
46790 
45060 
46570 
46490 
44960 
44680 
44540 
47310 
46960 
45120 
47300 
44480 
59750 
53400 
48680 
49930 
49000 
46710 
48770 
47640 
46830 
45960 
44780 
46340 
49490 
55170 
53700 
48730 
48730 
45560 
48190 
46740 
46350 
46480 
46250 
47860 
48590 
50560 
51450 
46800 
48590 
46460 
45670 
46860 
46100 
45740 
45700 
45490 
45450 
43470 
45820 
45330 
47090 
45950 
45360 
46600 
45930 
47290 
45720 
44670 
48100 
47110 
59680 
52520 
50750 
45850 
48340 
47050 
45490 
43190 
46250 
45290 
49080 
47040 
43640 
44430 
46270 
43490 
48780 
45820 
43860 
42500 
61440 
55750 
49750 
48060 
42940 
48320 
46160 
46280 
48780 
45090 
46500 
51540 
45820 
49420 
45490 
43090 
52060 
47900 
46710 
44960 
44920 
46390 
52630 
48040 
45650 
44850 
48290 
52400 
46590 
44680 
52390 
54720 
49920 
58840 
48200 
44610 
44060 
47960 
54330 
48830 
44010 
43140 
44490 
47760 
64050 
58000 
47880 
44500 
48540 
52560 
58340 
53270 
46960 
49050 
49620 
46110 
50480 
46120 
47370 
47990 
45910 
45980 
45370 
45080 
53110 
47090 
44280 
44480 
46020 
47070 
47360 
45280 
43120 
44000 
46120 
46120 
49760 
45120 
44590 
45540 
47410 
50110 
47090 
44420 
47370 
56380 
57500 
49190 
46550 
51160 
50990 
46480 
46320 
49510 
46040 
45120 
46490 
46660 
46950 
44980 
52950 
52850 
51530 
48050 
45210 
45510 
49220 
45450 
46250 
46940 
46820 
45740 
47170 
49510 
45720 
44340 
47750 
47080 
49630 
47180 
44660 
45690 
49500 
45550 
45900 
44610 
46580 
45880 
47310 
47250 
45910 
49700 
48260 
49220 
48430 
52360 
55540 
49850 
50010 
45630 
47380 
47180 
46680 
45380 
45720 
52260 
55150 
47270 
45630 
45500 
46800 
44910 
47510 
45020 
46960 
44250 
46950 
60100 
55690 
48570 
51270 
47990 
48150 
45830 
45450 
46380 
46430 
43990 
43480 
44600 
46580 
45450 
45610 
44750 
45080 
45390 
48130 
47760 
46500 
45500 
49720 
51400 
49170 
46830 
46230 
51640 
54780 
49080 
50650 
45960 
46650 
43500 
45810 
47750 
47280 
45480 
44200 
51930 
47890 
47820 
45290 
45020 
45660 
46530 
45770 
45750 
44520 
54440 
51020 
51830 
47930 
47180 
45510 
47450 
46960 
45860 
45250 
44590 
46140 
44730 
45770 
45370 
45480 
43880 
47870 
45990 
45950 
43700 
44910 
46180 
47660 
47490 
47140 
45390 
44470 
48270 
47720 
45240 
44050 
44580 
45930 
56300 
54920 
49120 
45860 
45990 
46740 
45800 
55700 
46690 
46980 
45030 
46640 
46450 
46620 
44690 
49680 
60230 
57330 
51630 
46180 
47180 
48360 
47000 
43500 
45470 
47470 
44170 
46050 
45100 
44580 
44380 
47160 
46740 
46020 
43790 
44030 
45880 
47310 
46990 
47050 
44340 
50770 
47170 
47070 
45470 
45830 
47540 
48000 
46140 
45480 
55570 
51920 
51620 
49780 
47000 
44710 
45470 
45770 
45460 
44650 
45760 
45640 
45710 
48730 
46050 
44360 
45810 
45300 
46680 
46050 
43780 
46120 
45090 
55530 
53610 
49140 
47990 
45110 
44330 
48360 
46010 
44840 
43250 
45920 
46860 
47310 
46440 
42780 
46210 
47490 
47730 
46440 
46050 
46430 
45750 
46990 
47910 
49140 
46280 
45910 
55300 
55030 
49270 
46540 
44520 
46040 
45810 
46410 
45900 
46410 
44530 
46290 
45370 
44300 
51420 
45290 
54160 
47830 
49210 
47390 
45350 
