97420 
40450 
39700 
41160 
37910 
37460 
36960 
38310 
42730 
37190 
39270 
37640 
36050 
36560 
36620 
36240 
37440 
37140 
36870 
36280 
38000 
36470 
36660 
36730 
36330 
38200 
36650 
36140 
36100 
36130 
36950 
36710 
36510 
37190 
37560 
36910 
36060 
35550 
37460 
36430 
37390 
36230 
37910 
36970 
37040 
36850 
37180 
36130 
36750 
36660 
40180 
38260 
36280 
36950 
36850 
37350 
38110 
37820 
36990 
37100 
37510 
36730 
37020 
36690 
36240 
37080 
36960 
36920 
38260 
37610 
38210 
36180 
38690 
36500 
36060 
36910 
36430 
37260 
36810 
38450 
38380 
37550 
38000 
37300 
37760 
36070 
36680 
36000 
37880 
36700 
35560 
37450 
35350 
38810 
37820 
36310 
36010 
37610 
39170 
37800 
35910 
36950 
36220 
37140 
36020 
37940 
36530 
39480 
35890 
40620 
37120 
35390 
36850 
37250 
37090 
37860 
36700 
38360 
37870 
37670 
36000 
36200 
38310 
35370 
37640 
36810 
36900 
36040 
37160 
36240 
37920 
36670 
36440 
37440 
37370 
35740 
36590 
35860 
37850 
37840 
36800 
37520 
37100 
37370 
35480 
37760 
34860 
37180 
36640 
37200 
37000 
38000 
36680 
37730 
36380 
36950 
35390 
36270 
36350 
37130 
36530 
37020 
36140 
36850 
37320 
36320 
36980 
36230 
40070 
38420 
37080 
36790 
37960 
37650 
36580 
38560 
36320 
35760 
35190 
36200 
35830 
36960 
36800 
36520 
36030 
37410 
36340 
36570 
36770 
37560 
37640 
36440 
36970 
36430 
37070 
38530 
36320 
38580 
39840 
36720 
43950 
42430 
38260 
35560 
34560 
35880 
36190 
36310 
36460 
38260 
36940 
38360 
37260 
36590 
36240 
37130 
38070 
37530 
37570 
36370 
36990 
36870 
35930 
38070 
36090 
36250 
36550 
37070 
36620 
36040 
35630 
36650 
38170 
38050 
37150 
36900 
36340 
37750 
37750 
36460 
38140 
35480 
37400 
37230 
37400 
36030 
36010 
37030 
38720 
36890 
35880 
37260 
40340 
39020 
37600 
37210 
37050 
37800 
38260 
37890 
37350 
36060 
36710 
36660 
37420 
35950 
35720 
36780 
38200 
38660 
38250 
35970 
36330 
37480 
35660 
36800 
35870 
35750 
37380 
37270 
36910 
36460 
35520 
36280 
37640 
36910 
36990 
37580 
37810 
38370 
36690 
37270 
36610 
36340 
37390 
37250 
36250 
35490 
36830 
36920 
36920 
37270 
37130 
36510 
37910 
36860 
37630 
36340 
60650 
47320 
37770 
37550 
35730 
35430 
36230 
36730 
36070 
36370 
36350 
37120 
37650 
37010 
37270 
37670 
36410 
37890 
36760 
35990 
37090 
36450 
38110 
37580 
36450 
38220 
36300 
38160 
37470 
36520 
38270 
38130 
36410 
37680 
37020 
36470 
37070 
37520 
38170 
35490 
37400 
35780 
36900 
38340 
35890 
40530 
38110 
40370 
37060 
35030 
37730 
35640 
37650 
37840 
36370 
37710 
36730 
36220 
35000 
37050 
39020 
36280 
36950 
36000 
36710 
36600 
37480 
36240 
36310 
36360 
37030 
37200 
38900 
35770 
36990 
36660 
37490 
37190 
38130 
37900 
36680 
36010 
36330 
36410 
35750 
39420 
36770 
37900 
35430 
36720 
36430 
36890 
36600 
35950 
35160 
37320 
38210 
37880 
46110 
38860 
37660 
38830 
37810 
35790 
37210 
37840 
35260 
37820 
35660 
35720 
36510 
37810 
37290 
37000 
36190 
36210 
35680 
35780 
36640 
36770 
37100 
37280 
35700 
37400 
36010 
37710 
39400 
36350 
37060 
38320 
38500 
36680 
37540 
37270 
36970 
37930 
35440 
36880 
36340 
35800 
35500 
35840 
36180 
36720 
35410 
36080 
38150 
37690 
36790 
36380 
35540 
37150 
37860 
36840 
36430 
36390 
36010 
37720 
37290 
38180 
36470 
36090 
35650 
37330 
36700 
36280 
36440 
36810 
37020 
36600 
37300 
36230 
37210 
37680 
36460 
36530 
36200 
35000 
37500 
36300 
38360 
37070 
37640 
36340 
36710 
36250 
36730 
37590 
36610 
37150 
37340 
35790 
36290 
35260 
36960 
36070 
36650 
35870 
36180 
37530 
37570 
37260 
38390 
36810 
36860 
35810 
35860 
36870 
34770 
36730 
35090 
37910 
36750 
35700 
35660 
37330 
36900 
37780 
35670 
37210 
37150 
36770 
36940 
37320 
35770 
36710 
35620 
37920 
36040 
36010 
37040 
36140 
37690 
38810 
36410 
37260 
39420 
36520 
37580 
36600 
36760 
37350 
38150 
36740 
35780 
36100 
37050 
38140 
37760 
35010 
37930 
37780 
36760 
35880 
36140 
36810 
37210 
35820 
37220 
36520 
36870 
35700 
35640 
36190 
36030 
35840 
35780 
38170 
37170 
35640 
36330 
35230 
35980 
36000 
35580 
37290 
34520 
37000 
36300 
36400 
36580 
37290 
36930 
38220 
37270 
35570 
35750 
36820 
36530 
36390 
35530 
34810 
35470 
37250 
36570 
36040 
34690 
36500 
37750 
36540 
36760 
36330 
38550 
38260 
35520 
37090 
36100 
36090 
36440 
36290 
35940 
36820 
34580 
37600 
37620 
37030 
36830 
36230 
35850 
37450 
39510 
36990 
36730 
35200 
36790 
35410 
37330 
34900 
36490 
36250 
37160 
36580 
37040 
37220 
36460 
36940 
36480 
38040 
36820 
35890 
35560 
37780 
37210 
36230 
35680 
36690 
36070 
35340 
38640 
36430 
39030 
37100 
35680 
36240 
35460 
36100 
36420 
36630 
37470 
35970 
36020 
37130 
36810 
37090 
36190 
36360 
36020 
35670 
35580 
35920 
36880 
36970 
37370 
36700 
36250 
38650 
37750 
35760 
37390 
36330 
37730 
36310 
36380 
38050 
37120 
36420 
36960 
40080 
37750 
37280 
36290 
36290 
37120 
37750 
35560 
37110 
35080 
37570 
36790 
35840 
38000 
34810 
39500 
37580 
36890 
37030 
36020 
37190 
36050 
36580 
36390 
37330 
36800 
36000 
35910 
36390 
34810 
36230 
35270 
38230 
36500 
37520 
35970 
37620 
38030 
35650 
35360 
36250 
36090 
37690 
36810 
36930 
35860 
37770 
37080 
37810 
37630 
35360 
39390 
38320 
36670 
36420 
35220 
37710 
36680 
37390 
36200 
35280 
35820 
39680 
37120 
35160 
36430 
36170 
37080 
35210 
36210 
36160 
35730 
36460 
36180 
35730 
37140 
36310 
37120 
35200 
36190 
34660 
37210 
37450 
36280 
36410 
36230 
36200 
35720 
35780 
37380 
35470 
36210 
37020 
36660 
35110 
37690 
35830 
34880 
37010 
36720 
37350 
37680 
35710 
37180 
36370 
36530 
35490 
37250 
37030 
37720 
37100 
38300 
37930 
37540 
37960 
38000 
60460 
40130 
38430 
38380 
36630 
37570 
36620 
37120 
37570 
35800 
37680 
35890 
38180 
41600 
36150 
38810 
38180 
36340 
40530 
37850 
39380 
36740 
37640 
36150 
39020 
36770 
36450 
37550 
37800 
38430 
37400 
36760 
35630 
37930 
36510 
40140 
37470 
37930 
38760 
37100 
37470 
36450 
37420 
37500 
39180 
37690 
37490 
38220 
38360 
38520 
37990 
37930 
35720 
37070 
35710 
39990 
36760 
37740 
37590 
36150 
37470 
36170 
37250 
37330 
37210 
37720 
36230 
37990 
37440 
36950 
35860 
36040 
37290 
36160 
35650 
36160 
37190 
36810 
37790 
36560 
36880 
37090 
36760 
35770 
35210 
37190 
36610 
37350 
36880 
35450 
37230 
36340 
36750 
35290 
36110 
35150 
37120 
37790 
36580 
35890 
38190 
36550 
35920 
37640 
35800 
36880 
36130 
36630 
36880 
36030 
36310 
35090 
35610 
39530 
36500 
36890 
35430 
38530 
36740 
38280 
36930 
36690 
37170 
36280 
36560 
38650 
36190 
36260 
35770 
36370 
38270 
35810 
36210 
36880 
36380 
37560 
35210 
35520 
40840 
36570 
36950 
36680 
37340 
37200 
35430 
36480 
35380 
38380 
39680 
37050 
37460 
38550 
36130 
35730 
37600 
37230 
36560 
37470 
38450 
37560 
37150 
38070 
36560 
39060 
37800 
37130 
37360 
37050 
37060 
39530 
37390 
37010 
35720 
36290 
35940 
35750 
36190 
36610 
37810 
35620 
37480 
37230 
35720 
38400 
38050 
38260 
35820 
37250 
36950 
37490 
36480 
36750 
36840 
36470 
36760 
38180 
37380 
36860 
36870 
36450 
39440 
37070 
36730 
37210 
36480 
36260 
36730 
36490 
35730 
36220 
35590 
37320 
36670 
37460 
38810 
37520 
37290 
37520 
38580 
35680 
36800 
36750 
35870 
37010 
35090 
36460 
36270 
37030 
37020 
36860 
36840 
36420 
36850 
37650 
35450 
36660 
36800 
36220 
36000 
36230 
35450 
36340 
36270 
36750 
36170 
36930 
36230 
38180 
36070 
38220 
37590 
36510 
36980 
37410 
37310 
36510 
36850 
36520 
37690 
35380 
36790 
36300 
35150 
37390 
36120 
37400 
36450 
35640 
35870 
36790 
37210 
37130 
35470 
36610 
36130 
36960 
35430 
36360 
37530 
35920 
38110 
36670 
37180 
36270 
36650 
43240 
37060 
35800 
36410 
38740 
36370 
36580 
37160 
36880 
38830 
38480 
38340 
36160 
37290 
37090 
39180 
38190 
36850 
37270 
36860 
34840 
37330 
36930 
35430 
36670 
36650 
38780 
37180 
35880 
38540 
36930 
36990 
37400 
36800 
37160 
37670 
38050 
36980 
37350 
35540 
37350 
36850 
36290 
38630 
35550 
36660 
36670 
36460 
36450 
36040 
36200 
38740 
37990 
39180 
36340 
35130 
36520 
35850 
39250 
35980 
47020 
40110 
36500 
36540 
38010 
39210 
38460 
35030 
37120 
36480 
36480 
37300 
35990 
37530 
36400 
36170 
36290 
37430 
37860 
36070 
37470 
37160 
36910 
37130 
37430 
36970 
36840 
37960 
37580 
36680 
37010 
36380 
37050 
38170 
38060 
36540 
36510 
37490 
36710 
36510 
38170 
37030 
37610 
37110 
36720 
37430 
37070 
36430 
37760 
37140 
37680 
35790 
37510 
37250 
36350 
39680 
37260 
36360 
36610 
36190 
36910 
37060 
37630 
36570 
34750 
37340 
36430 
36010 
35470 
37830 
38340 
37670 
35610 
36230 
35670 
35640 
36790 
36720 
35830 
36640 
35500 
36250 
37360 
37560 
37490 
37320 
37850 
36190 
36420 
36360 
35950 
37500 
36560 
37380 
36090 
38150 
38640 
36350 
36840 
35770 
37770 
38170 
36600 
38260 
36410 
37760 
40210 
38200 
37950 
36700 
37380 
36940 
36760 
36620 
36770 
36740 
37090 
37440 
37910 
35960 
37010 
37260 
37570 
37120 
36250 
36400 
37610 
36120 
36450 
37210 
35870 
37070 
36970 
37820 
36390 
36570 
36430 
36010 
36730 
35660 
36800 
36060 
37490 
36920 
36210 
35220 
36560 
37280 
38030 
36800 
36750 
37300 
38330 
36550 
36700 
36460 
38930 
38410 
37740 
35750 
36350 
35930 
37210 
36800 
37260 
35690 
36390 
36930 
36930 
37130 
40920 
38780 
36000 
38820 
37300 
36290 
35460 
35620 
36540 
36010 
36200 
37010 
36000 
36840 
35930 
38280 
37080 
35960 
37740 
36130 
36790 
36930 
36340 
37210 
36730 
37100 
42990 
37970 
36460 
37140 
36770 
38080 
35330 
36790 
37360 
36110 
37170 
39890 
36750 
38150 
36800 
36880 
35880 
36460 
37280 
35360 
36430 
36060 
35870 
37450 
36050 
37600 
43410 
41470 
37580 
37290 
38000 
36060 
36170 
35320 
36670 
35900 
38560 
37600 
37440 
36700 
35760 
36630 
36570 
36440 
37370 
37990 
37660 
40310 
39090 
36870 
38890 
36920 
36160 
34950 
36020 
37770 
36090 
36930 
36900 
35790 
38460 
37550 
36410 
37230 
35650 
37340 
35980 
35880 
36780 
36040 
36420 
36170 
37210 
35980 
35730 
38490 
36330 
37990 
36810 
36080 
36990 
37240 
36640 
38000 
36200 
35480 
36620 
36430 
37810 
36370 
37280 
37590 
36630 
37010 
35960 
37050 
37550 
35680 
38180 
36730 
36840 
37900 
36620 
36570 
36400 
37660 
36070 
37220 
37910 
38050 
36660 
35910 
38910 
37790 
37010 
37120 
36660 
37580 
37540 
37530 
37320 
35300 
36150 
37230 
37730 
36200 
36510 
36260 
36610 
36620 
35160 
36850 
36690 
40220 
37260 
35990 
36630 
36610 
37680 
36830 
36650 
36480 
35750 
36690 
37230 
38700 
36330 
40080 
38350 
35130 
37610 
36580 
36470 
38180 
36860 
38450 
36990 
37070 
36910 
37710 
41090 
36490 
35860 
37200 
38050 
36180 
36510 
35380 
36150 
37250 
35270 
35570 
35120 
37030 
37290 
36590 
37290 
36440 
36730 
37350 
36670 
35850 
35010 
34940 
34880 
36770 
36800 
36760 
36630 
36670 
37420 
36660 
36470 
36650 
37320 
38590 
37420 
36810 
37060 
37280 
36850 
36970 
37420 
36220 
36030 
36090 
35870 
39350 
37010 
37560 
36170 
37340 
36850 
40450 
36960 
37350 
37200 
35730 
37410 
36090 
36330 
36540 
36300 
36830 
36710 
36160 
37630 
35780 
38430 
37080 
35450 
36380 
36790 
37290 
37260 
36390 
37100 
36970 
38120 
36560 
37330 
35750 
36790 
36680 
37530 
36840 
35180 
38440 
36330 
36900 
37470 
35870 
39000 
36490 
36890 
35600 
37880 
37790 
40230 
36220 
38750 
37000 
34950 
37510 
36730 
37150 
35010 
37320 
37340 
37500 
37140 
36050 
35380 
38210 
36730 
36160 
35560 
36610 
36490 
36570 
36500 
38700 
48340 
39380 
36860 
36730 
37450 
36180 
35470 
37750 
37660 
37320 
36180 
36510 
37880 
36110 
36500 
35590 
35070 
36630 
37200 
37390 
36910 
37330 
37260 
35980 
38240 
38020 
37380 
36910 
37110 
36470 
36030 
37070 
40060 
36360 
37770 
37410 
36530 
35900 
36340 
37930 
36610 
36840 
36260 
37250 
37970 
38180 
37210 
35760 
35820 
37360 
36450 
37670 
36150 
37310 
36680 
37860 
37010 
37340 
36290 
36190 
36610 
36900 
36790 
36160 
37920 
36540 
38510 
34900 
36080 
37780 
37480 
38550 
38250 
37490 
37220 
38110 
39510 
37450 
35960 
39710 
38040 
41560 
36580 
37280 
37230 
37550 
36320 
35870 
35580 
35520 
37420 
37230 
35720 
36280 
39760 
37160 
36950 
37350 
36190 
36570 
35220 
36400 
37570 
35220 
35230 
37410 
40560 
38790 
36950 
35090 
36840 
37890 
35860 
36260 
36260 
36380 
38570 
36640 
35970 
39860 
36840 
37740 
36870 
36930 
36970 
36250 
37770 
35310 
36360 
37670 
35880 
35600 
36430 
38970 
38740 
35310 
36390 
36940 
35540 
37470 
36060 
37970 
38560 
36240 
36890 
35720 
40570 
37520 
37470 
37890 
36980 
37650 
36510 
38290 
37890 
37670 
36000 
37010 
36530 
37590 
36530 
36270 
36740 
36660 
37020 
35210 
38790 
36680 
38050 
37800 
37410 
36580 
37120 
38620 
37550 
36670 
37570 
36030 
36160 
39990 
38710 
36480 
36590 
36220 
37560 
36430 
37840 
35760 
35980 
38250 
39590 
36770 
39000 
36000 
39090 
38650 
37270 
37140 
36600 
39830 
36530 
39140 
37960 
36950 
39340 
35560 
39440 
38460 
36470 
36610 
39710 
39460 
39160 
36090 
36900 
39810 
37700 
37400 
35950 
35670 
37160 
39730 
38460 
37180 
37220 
36780 
39240 
37270 
36490 
36370 
36410 
36340 
39770 
37710 
37690 
37160 
37280 
37350 
36620 
35370 
36270 
36230 
39340 
36330 
36620 
35330 
41420 
38170 
36190 
37470 
35210 
37440 
36770 
35120 
37490 
36940 
38450 
36920 
36140 
35680 
36970 
37640 
35770 
37390 
37570 
36140 
36450 
39400 
37080 
38030 
38880 
37730 
50970 
39930 
37300 
36190 
36340 
37540 
36580 
39930 
36970 
36760 
37160 
36110 
37140 
36110 
35670 
36850 
37520 
36100 
37470 
37760 
36530 
37110 
37430 
36870 
35660 
36130 
37200 
37040 
36670 
35780 
36240 
36880 
37560 
37600 
36170 
43870 
38980 
37930 
36430 
36680 
35980 
36730 
35530 
37250 
36110 
35570 
34990 
36440 
37370 
36840 
36540 
37230 
37100 
36540 
35830 
36390 
36030 
36150 
36580 
36800 
35350 
37050 
36830 
38320 
37110 
35420 
36890 
37710 
36970 
37820 
36930 
38090 
36340 
37310 
38560 
37380 
37600 
37910 
38070 
36540 
37320 
35940 
36690 
35680 
36980 
37900 
35670 
36670 
36210 
35810 
36510 
37610 
37020 
36990 
