51940
24210
22710
23431
22570
22790
22380
21940
22600
23330
23610
22600
23690
22720
22480
23950
59810
58581
58990
57110
60820
58650
59641
60010
55980
60351
58280
56300
57220
55560
58801
57660
56960
57601
55980
57740
57810
55170
55971
56000
56640
58461
59900
57080
56810
56580
57661
61720
61130
56751
56900
56500
55590
55600
56661
56270
56630
58581
56630
56820
56010
57280
57931
56300
55600
55561
54640
57110
57200
55820
57111
55270
58620
58581
55730
56861
57220
57740
58441
56550
57260
55820
57350
57811
55710
58000
55151
56320
57680
57090
58360
56191
55950
60070
57780
57390
55640
55890
60590
56051
57500
56380
53920
58440
56431
56020
56550
58061
57030
57650
56180
56320
54971
57660
56830
57390
56620
55361
54570
57450
56141
56110
57330
57640
58280
56531
56080
55680
57610
56620
57561
55610
56140
56201
55690
57631
56840
56570
55961
57430
58050
56690
56170
56931
56110
59200
56431
55880
61051
56290
59360
56731
56380
57060
56440
58650
61441
57320
57140
55420
58810
57601
56020
56770
56370
57860
57561
56600
56590
56360
58710
57121
57060
59510
56321
56930
59731
57380
56270
56611
56120
57030
70120
61090
56591
56150
58320
56670
56310
56221
56040
56710
57070
57790
56421
56870
55680
58640
58060
56801
57850
55470
59160
57840
55391
55940
55510
57190
58040
56381
56690
55700
57750
58480
56381
56710
57220
56710
59790
57331
57680
55420
55940
71870
65951
59870
57020
56610
59810
56721
56560
56910
56410
58870
57221
57050
57110
56600
58360
55971
55910
56190
56270
57200
56781
57890
56160
55560
57830
59361
57100
57230
56010
57040
58071
56180
57210
57220
56920
56701
57170
57931
56540
57640
57060
56900
58431
55510
56490
56651
57230
57311
55770
56590
57050
59200
58191
56160
57100
56810
58420
60341
56590
57820
56890
58110
58801
56250
56841
55840
57410
57311
57260
57231
55700
56650
58560
56830
57021
57160
56510
58760
56130
56451
57210
55060
59220
56870
58391
57730
56461
58580
57990
57630
57690
55371
57900
57440
57270
56730
55081
57520
57751
58030
58380
57031
58230
59031
56470
54800
55980
57560
59701
57930
57580
55480
56470
57311
57710
56061
56190
57520
58190
57320
55931
57570
56861
56900
62050
57831
58550
57661
55200
59430
57000
55410
57251
55220
60061
57740
56010
57231
56990
59051
58170
54600
56940
54770
59451
56500
54971
56450
54910
57400
58840
57691
58120
55781
57140
58010
57031
56480
57101
57390
60140
57330
56880
56670
57360
58161
57310
57340
57290
57180
58131
56280
56441
58140
56770
56550
60030
57181
56240
56551
55890
58920
56930
55330
57291
56700
59481
57230
56120
56270
55840
57261
58750
55220
56470
55780
59050
57600
56281
55470
56211
60320
58480
55330
58030
55971
56370
59950
56610
56090
56020
57840
58651
56120
56291
56350
55400
58920
56220
57551
56360
55870
58180
56850
59040
56730
56471
58980
56961
56370
56800
55700
57020
57821
56990
56111
56480
59410
59440
56470
57371
57040
56211
60430
57120
56480
56440
57190
58440
59731
55430
55941
59650
57540
57850
56720
55791
56390
54441
59780
55501
56330
58980
57621
59070
57191
56030
58081
56220
58400
56750
55760
57851
55130
58241
57770
55391
60570
55930
57760
56470
56371
57210
56591
56010
57910
57800
56850
57720
56790
60581
57570
57531
55870
56840
58290
56390
57600
56760
56191
58130
56831
58400
57700
56370
57330
56721
57030
56541
55960
56711
58230
57490
57490
57320
57881
58770
56681
55330
57571
56220
58040
58370
55650
58421
56370
57951
58940
56480
57150
57390
56650
57610
56671
55870
57361
55770
58031
56170
55560
57780
55360
59860
56390
55421
57140
56191
58150
57870
55900
56460
54910
59980
56011
56140
56831
55260
57191
56690
55760
56380
55730
58290
58690
57961
57030
56001
57490
63430
59000
57150
55070
57320
57000
56810
57591
57040
56951
59420
57720
57660
56030
57280
57380
56970
56820
57021
56650
55791
59150
58291
55870
57020
55430
60190
58530
56670
57251
55440
58281
58100
56251
58160
58160
56460
58300
55540
57330
55631
55460
59211
55660
57411
56210
55840
58950
59280
57160
55640
55770
59690
56761
56250
55561
56800
57411
56970
55830
58740
56430
58160
56200
56811
56350
54731
58010
57311
57520
56751
56150
57500
57620
57860
56670
54910
55050
59120
57061
56530
56371
56160
58581
58580
56711
56360
56610
57390
57560
54890
56580
57040
57200
57941
57250
55291
56270
56080
59540
56610
55490
56610
55470
58670
56160
55540
57181
56180
57111
55410
56491
56860
54450
57330
56290
56110
56740
56260
58320
57510
56700
58281
56120
57421
59490
57061
55600
57281
56950
57751
56810
56040
56280
58120
58110
58530
57200
57660
56480
56860
55830
56090
55441
56150
57231
56060
56580
56180
57620
58150
58720
57790
55120
56390
56230
60921
57310
55280
57380
55551
59010
57210
56650
56891
56180
57491
57620
56411
56640
57591
56720
58561
55910
56620
55290
56290
60130
56010
56410
56650
55200
59630
57880
56880
57300
58370
58961
56180
56881
56930
56201
58590
56721
56310
55891
56570
58420
57570
55860
59620
58680
58790
59110
57880
131130
65831
56730
58281
57630
55141
58190
56591
57360
56651
56150
56851
56170
58041
56780
55951
57300
57371
56530
57390
57510
57101
57030
56330
58660
58160
55190
56980
59560
59170
58020
56110
59810
55580
57070
57620
55721
56530
56740
57250
57701
56200
57131
56020
55161
57290
56221
57250
55641
55810
59771
58880
57001
56410
56600
60040
56930
58540
57030
55910
58400
58020
57750
56190
55360
57930
57370
57070
57350
55860
58430
57280
57850
58190
55390
56240
59610
58160
56590
57251
56960
59431
58980
55700
57410
56270
58750
57211
56940
56421
56680
57371
57220
55341
56840
56741
56980
58651
56770
58211
57690
55681
60150
57051
55310
56331
56150
58721
57190
55991
57280
56531
58530
56711
55860
56501
55670
59501
57000
55851
57780
56251
57360
57351
56720
57911
55570
58001
59150
57351
57820
57121
59470
60011
57360
56671
56550
57501
56900
56601
56320
57131
58270
56871
56750
57191
57050
58301
55660
55911
71410
59771
59030
57131
57510
55861
54700
57621
57740
58281
57340
56821
57320
56041
58200
57351
56090
57761
55640
58771
57430
56371
57150
54811
56410
60201
57180
56351
55630
56501
59880
56011
56830
58291
55930
59271
55840
55520
57210
55651
59510
57071
56800
56220
55860
58010
55670
56930
55490
55080
56710
59060
57230
56120
55580
56920
58830
57310
57670
56260
56840
58290
55940
56760
56910
55780
56661
57480
55250
56040
56031
57260
58141
54750
57011
56680
56161
58280
56591
55950
56821
55130
59491
59050
56351
56850
56260
58630
56720
75700
60480
57690
59170
58230
56070
57360
57450
59820
56470
56540
57960
58710
60660
58690
57070
57611
56870
57091
60670
55791
56400
57321
57600
60441
57340
58151
56710
57540
60150
58771
56650
57720
57680
58170
56980
57050
56950
56920
58890
59820
58761
55850
57111
56220
60151
57520
55731
58080
56241
59940
58451
55840
57770
57230
58500
58800
55530
57300
55970
58090
58200
57380
58530
57400
58780
59161
57110
56341
57460
57871
61790
57651
57060
58831
57280
58760
56520
56760
59120
57710
60390
55320
55170
57050
56991
57720
58871
55140
57521
56280
58831
58250
55430
58270
58580
58300
59060
56370
56980
56960
56330
61050
57660
56871
58920
58681
58910
58121
57770
58421
56160
58520
58520
57860
57480
57480
58380
58050
57400
58810
58831
57440
59941
57290
55681
57970
56051
58720
58661
57420
58200
57400
59730
58831
56990
57081
56830
59181
59890
56891
57090
57631
57540
60381
58500
58310
57220
57090
58871
57360
57991
57360
57091
59870
57541
57740
56811
56210
59750
57820
57480
57170
56440
59060
57820
56971
59150
56731
57880
58060
58370
56650
55990
57590
59170
58840
57081
57660
58071
59910
58251
57610
56651
58020
57790
57480
56890
57070
58090
57971
59320
56451
57180
56991
56970
69491
63170
58070
57250
55650
60340
58570
56941
57470
58481
60530
57911
56470
57640
56270
59410
57990
58310
58220
56900
59091
56910
57831
58170
55201
60630
59170
58600
58600
55870
57280
59951
56390
57921
57180
58891
59260
57000
57260
56950
56741
59060
57401
57370
58411
57960
58251
57660
57920
56600
60530
57811
58240
57321
57260
57591
56920
59230
58400
56310
57420
56680
59331
57390
56891
58440
56451
58680
59140
57780
57410
55791
56940
61761
56870
59201
60540
59051
59110
56320
57480
56710
56061
59440
56521
57950
57080
55870
59050
55900
57250
55851
59470
58441
56700
56970
57290
56160
58510
57390
58651
58590
56601
57570
56731
50600
57760
55220
57710
58891
59040
55861
56780
57340
59380
64850
58950
59050
57801
58800
58861
56860
56760
56160
57950
57850
58190
57301
57780
56991
57980
56870
56480
58090
56571
60110
56271
55760
57231
56150
60350
57760
56410
57881
57370
58601
57350
55401
58040
55770
58501
58860
55081
59450
55790
56890
57610
57410
56690
54971
57550
59231
56590
56091
56340
56310
59020
57190
57341
56710
55911
58710
56940
58460
57170
55911
60940
58321
58760
55470
54960
57500
56630
56470
56351
54980
57290
59010
57450
55450
56370
58681
59240
58121
55670
56660
57580
56990
57361
55460
56471
58500
58200
58320
56000
56751
49400
55811
59450
56090
56130
57560
55991
58500
56351
54660
56740
56800
59800
56531
56290
58001
55960
58310
56310
56020
58451
58300
58681
57260
55910
57530
56050
58151
58500
57291
58020
56220
56390
58720
56821
57230
56240
57540
57970
56480
56080
56061
56830
58151
56670
57190
59470
56920
58171
57610
69461
61240
57850
57170
58180
56521
57240
57470
55050
58810
57271
56090
57251
56370
57610
57340
56410
56641
56000
58311
58670
57310
58830
56880
57521
57900
57051
57280
56290
57441
59640
56111
55280
55020
55630
60810
56081
56680
57051
57030
59090
57231
57020
56381
55890
57620
58690
57710
56601
55640
57931
76610
59070
56421
60500
58571
57960
55430
55630
55330
62741
63440
58021
55980
56010
56241
59020
56821
55680
56230
56290
60180
59571
58020
56900
56810
57750
58091
54930
55891
59000
59200
58790
55470
56281
56840
58100
59810
56960
55581
57810
56250
59460
57110
56850
56190
56001
58430
57510
55920
57440
55171
58750
56950
56770
57110
56431
58870
56541
56550
56260
56821
56230
58110
55970
55920
56021
57220
57990
54820
57500
56081
58740
58041
59010
56400
55371
56150
59531
57050
56590
56331
56770
57261
57350
57070
56820
58380
56371
60050
57290
55770
57560
56281
58280
58010
55940
60170
56321
57450
57140
55570
57600
56891
56690
57201
56770
56850
55751
56360
59101
58230
57090
55400
54990
59491
55620
56890
57891
56010
59781
55350
57900
56261
54930
57981
58530
57380
56651
56340
59271
56310
57970
56181
55680
56640
57880
57380
56651
55760
56671
57910
56760
57901
56230
57080
59350
57130
57231
56170
56320
57430
57030
56841
56260
56491
56640
58070
57961
56460
56510
55260
57780
56711
55930
57620
56210
59220
57551
55510
57530
57111
58800
57961
55340
57260
57310
60470
58641
55600
57530
55741
57680
58101
55880
56500
58521
57450
58190
57020
57010
55911
55500
58700
55800
57200
56171
54610
59910
55960
57140
68441
59680
58180
60210
58390
57971
57950
58390
58561
59850
58191
57710
59290
57091
59470
59370
56990
58420
60051
59150
57920
57701
60310
60561
58110
57350
57991
60140
58790
58060
57000
58791
58170
59510
58661
57080
57660
58200
58160
58811
57780
57560
57480
57210
60751
58350
56270
60850
57120
61101
56770
56720
58841
57860
60500
57680
65030
61531
56510
59040
58310
57620
58921
58020
56150
58131
57840
58300
56480
58340
59791
58050
59740
57951
58330
59430
56510
56330
57321
59050
58850
56301
56820
55580
57580
57690
58521
57740
57070
55610
57530
57760
56290
54880
56681
56010
59520
57580
56410
56690
55540
58960
56901
56280
58130
56710
58810
65001
59600
59300
58421
58900
58970
57221
58270
57451
56940
61120
58171
58550
57650
57191
60990
60251
58830
58620
57271
61820
58140
59351
58320
57101
59920
58750
57781
57760
59460
59251
57210
57771
58150
57770
59651
57870
57760
57391
56480
57560
59730
58780
56831
57490
57540
59341
58100
57250
57430
58870
58621
58950
57020
57861
57920
58700
58711
56590
55650
57090
57760
58611
56780
56570
56851
57390
59360
56660
55600
57000
56380
60030
55571
56480
56610
57421
58040
57140
56781
57520
56401
57300
55620
55981
57620
55810
57351
57900
56320
57160
57570
57531
58340
56050
57291
57730
57530
60011
56430
55250
55420
56620
57641
58040
56790
56761
55730
56960
57100
56930
56990
56090
56590
57831
57020
56910
57461
56280
57000
57231
56470
56280
57200
59450
58510
57040
56430
59171
56620
57140
55771
55910
57750
57111
57900
56530
56961
56970
55880
57450
56250
56801
57740
55420
58921
57060
55480
56101
55190
58550
56351
56070
57150
