70840 
68120 
56450 
61220 
53520 
58140 
49550 
58960 
55980 
60120 
51840 
59800 
52530 
57130 
73720 
78110 
72660 
94040 
31370 
35600 
27290 
128420 
26270 
37550 
27800 
28420 
28800 
39110 
29610 
126620 
20420 
34620 
29470 
28100 
29120 
35640 
29580 
132150 
22540 
34690 
29320 
26870 
23860 
28590 
24150 
69950 
19560 
30010 
25430 
69210 
20240 
45850 
34360 
145700 
19750 
28550 
24050 
24750 
21490 
29710 
22820 
97520 
14630 
33000 
28350 
100630 
20790 
27840 
23810 
111870 
16930 
27460 
23240 
22770 
34740 
35170 
25390 
24840 
23780 
30800 
24960 
104070 
16740 
38150 
29520 
133620 
21630 
35720 
29260 
28280 
29380 
36490 
29590 
26330 
28070 
37260 
29070 
81720 
26220 
35870 
29050 
131090 
21090 
33500 
29090 
29330 
28620 
37230 
29010 
88440 
21970 
27990 
23740 
65910 
21960 
29310 
23390 
115210 
16420 
27480 
35980 
34280 
34270 
35110 
22520 
89350 
14860 
26870 
23560 
99330 
15090 
26020 
23520 
110190 
16360 
25690 
23630 
22380 
21020 
29210 
22080 
93900 
15250 
27280 
23680 
70780 
20100 
28810 
24610 
108390 
16020 
40920 
29160 
27410 
28650 
37090 
28020 
79860 
25560 
38120 
29640 
81010 
26170 
35640 
30280 
140870 
22110 
33520 
28580 
28490 
28600 
36360 
29390 
79910 
25500 
35550 
30120 
133880 
18160 
25370 
23230 
113170 
17290 
27750 
22560 
26250 
23010 
30210 
30700 
150840 
20560 
32790 
25350 
69760 
19180 
28780 
24030 
103530 
15170 
25750 
23620 
22100 
21210 
29610 
22770 
98010 
15510 
26280 
24130 
90220 
15920 
27270 
23690 
111270 
16810 
31070 
24790 
44320 
20990 
51100 
31520 
48500 
31480 
56720 
26910 
59010 
29330 
56490 
27240 
48440 
26520 
56790 
28370 
28330 
28250 
57020 
27260 
56560 
30510 
50440 
28310 
58360 
32120 
56020 
26320 
48430 
30680 
54630 
23630 
46450 
20470 
33040 
23600 
101550 
20040 
27400 
24560 
33830 
37070 
36880 
26530 
115900 
17620 
28690 
23530 
22010 
21570 
29620 
24900 
102370 
15180 
27680 
23170 
24340 
21940 
26480 
23540 
98080 
16320 
29880 
23300 
144020 
16940 
48670 
24170 
48070 
22530 
47270 
28460 
58180 
27640 
56160 
27420 
30290 
31260 
35420 
29330 
27410 
28280 
38690 
30150 
80650 
26510 
36310 
29390 
82850 
28090 
36530 
29120 
129800 
22260 
34530 
28450 
30880 
30430 
35640 
24030 
96800 
18510 
28260 
24420 
21810 
23890 
30490 
23890 
108630 
38280 
42610 
31030 
25930 
22900 
33330 
21990 
29760 
20120 
31810 
24700 
30660 
16620 
31810 
25670 
31020 
21140 
32020 
22140 
28540 
21950 
29340 
21750 
30460 
20680 
30780 
23890 
31480 
25700 
31630 
29230 
41470 
32950 
36360 
34510 
38740 
32660 
35980 
33670 
36610 
32600 
34600 
33960 
93200 
32410 
34340 
32630 
87220 
32640 
81680 
33770 
36550 
34630 
36420 
35710 
38190 
31600 
72440 
26690 
65610 
23220 
35730 
27910 
121100 
18970 
31060 
24130 
21830 
43510 
43140 
29020 
24510 
20740 
29480 
23790 
100730 
17640 
29200 
23960 
110560 
15100 
26920 
23120 
22480 
19790 
28060 
22900 
102240 
15920 
27680 
23220 
99210 
15960 
29050 
24610 
114750 
15940 
29130 
23310 
36640 
27960 
38440 
31450 
29810 
26540 
36510 
27900 
27740 
25420 
35300 
29210 
27630 
27470 
36640 
28500 
28310 
26980 
37670 
28930 
29420 
25650 
36750 
29900 
29350 
27490 
39850 
24910 
120520 
15390 
29350 
24090 
22080 
19660 
32050 
24360 
105690 
22440 
43050 
29550 
27550 
20150 
28650 
23850 
110920 
15910 
26940 
22360 
21430 
19120 
29600 
22140 
92430 
14280 
27410 
22990 
97550 
17210 
28280 
24100 
109750 
14400 
28940 
23830 
22970 
20850 
33110 
23900 
103770 
29680 
38070 
28890 
28580 
27410 
37120 
28680 
31020 
27020 
36710 
29890 
29250 
28280 
36930 
28520 
29150 
26020 
36970 
28820 
28800 
28250 
35860 
28340 
30440 
26910 
35060 
29210 
23250 
19470 
32380 
23800 
98770 
15260 
29510 
24710 
23900 
21050 
44750 
34010 
101210 
24010 
28740 
22840 
23650 
24380 
30140 
20970 
22570 
22910 
29850 
23240 
22510 
24140 
29210 
23000 
124020 
19040 
29320 
23150 
22310 
23570 
31560 
22350 
23590 
24270 
30790 
22680 
108540 
27680 
37730 
27980 
31300 
31870 
36610 
28780 
30690 
32470 
39160 
29130 
30160 
32910 
37730 
28060 
30560 
32870 
36890 
27750 
29900 
32100 
37220 
29110 
29320 
31780 
37520 
28120 
27380 
25570 
29820 
26900 
122700 
23150 
27530 
23970 
115310 
19640 
47960 
32500 
35300 
27510 
31660 
23850 
102520 
15960 
28230 
23410 
88560 
14260 
33150 
24400 
74070 
19850 
29710 
24650 
22910 
19060 
27800 
21740 
105650 
15600 
30220 
24490 
22160 
23010 
28700 
23610 
112140 
16270 
41640 
31020 
29260 
28090 
37980 
27670 
29670 
26810 
36220 
29730 
29180 
27620 
36120 
28390 
87380 
28140 
37210 
28980 
30520 
28030 
38160 
27670 
29980 
27570 
36420 
29640 
30050 
23130 
27370 
22260 
119480 
15490 
29580 
23260 
25750 
22560 
29580 
35810 
37800 
28820 
31270 
23450 
108830 
14960 
26920 
22450 
110260 
15110 
27890 
22340 
21210 
21010 
30200 
22540 
98010 
15390 
29860 
24030 
101490 
15950 
26990 
24180 
111340 
16600 
30080 
23430 
21780 
21580 
46440 
28250 
30130 
27920 
35100 
29380 
29220 
26770 
35460 
28100 
29500 
28270 
35210 
28770 
27490 
27540 
37770 
27510 
29210 
27710 
36880 
28350 
28960 
26880 
35660 
27700 
33310 
21050 
27650 
21420 
23510 
23370 
29910 
22970 
117630 
15980 
29400 
31820 
38030 
29320 
53120 
38650 
48190 
46080 
42610 
26200 
22220 
20320 
29130 
23570 
102860 
15370 
28620 
22340 
93930 
15870 
27840 
22200 
114480 
15260 
27670 
23630 
22940 
22130 
30130 
23750 
102630 
15810 
30370 
33340 
27820 
26850 
35590 
28770 
29050 
28550 
35640 
27910 
29660 
27540 
39110 
28850 
28080 
26590 
37090 
28680 
30080 
27680 
35900 
29110 
29820 
28090 
35040 
28970 
29260 
34620 
30730 
23650 
110690 
16000 
30270 
22850 
100660 
17920 
30110 
24530 
38450 
36250 
37800 
26350 
23420 
20140 
29550 
23300 
98440 
16560 
28570 
23400 
95420 
15710 
28920 
22750 
114550 
16230 
27380 
24560 
23290 
21030 
31030 
22350 
105510 
16210 
31040 
24650 
103250 
15700 
30100 
26420 
65590 
33400 
82130 
34050 
38710 
32350 
117300 
32530 
89900 
30210 
84110 
31160 
86610 
32460 
82280 
30930 
71240 
31630 
82620 
35080 
38890 
34160 
124590 
35920 
88200 
31470 
105890 
24300 
93630 
25660 
97750 
25570 
53020 
23790 
71410 
26030 
51820 
40100 
123170 
30480 
106940 
23490 
52050 
24290 
96700 
24810 
51380 
23860 
122770 
24180 
93970 
26090 
28480 
23270 
53810 
23420 
82350 
24480 
54330 
23850 
100600 
27080 
97870 
25740 
56400 
23900 
97910 
24910 
41020 
31900 
128350 
32130 
87940 
30570 
82230 
32570 
87240 
33170 
83310 
31430 
142550 
33840 
84010 
35140 
38170 
33260 
125240 
37070 
87390 
33720 
88510 
33700 
89160 
31890 
62520 
26590 
55800 
23490 
55050 
25520 
29440 
23990 
62900 
25360 
99360 
46170 
96380 
32500 
108160 
24100 
66730 
23700 
59870 
23690 
97610 
24420 
30070 
23690 
54220 
23250 
54940 
23720 
97900 
25250 
95550 
22580 
50360 
24980 
53770 
25260 
54260 
25370 
30040 
25860 
56810 
26400 
105290 
31540 
85520 
32710 
87610 
33800 
84880 
32620 
142200 
33490 
83810 
35130 
39770 
34360 
127540 
32440 
87050 
30820 
84650 
32580 
86920 
31230 
35730 
36080 
144260 
32230 
91150 
25730 
29810 
25530 
103630 
25510 
97660 
23000 
116900 
26990 
100110 
28140 
107410 
32340 
67440 
23780 
97730 
24540 
30700 
24380 
54100 
23940 
95310 
23600 
53060 
27270 
97910 
24480 
99050 
24210 
55760 
25420 
99230 
23830 
30610 
22830 
55170 
26800 
101720 
25490 
55750 
25630 
97470 
40970 
85920 
32210 
144190 
33610 
88660 
35980 
39630 
33340 
89960 
32390 
126400 
33100 
122880 
32770 
86570 
31800 
122730 
32640 
144180 
33650 
90060 
34020 
37770 
33210 
125030 
36110 
102420 
22810 
95360 
24990 
71600 
23500 
55930 
25640 
61270 
25190 
109850 
41690 
39600 
28330 
102820 
24230 
97040 
22460 
53850 
25770 
98610 
24670 
93640 
24880 
54520 
23610 
96780 
23990 
30620 
24350 
53480 
24850 
96180 
22330 
97950 
25220 
103490 
23320 
95520 
25090 
60310 
29150 
89770 
35630 
39400 
30410 
89650 
32390 
85910 
31030 
82970 
33000 
87200 
33600 
85700 
33600 
144630 
33510 
85370 
35090 
40690 
34110 
122030 
34670 
89000 
31610 
84440 
33900 
37270 
30390 
55240 
26160 
57550 
23570 
98080 
24860 
32100 
25360 
56510 
39780 
122600 
30150 
54570 
25620 
99450 
23120 
93030 
23380 
55400 
23100 
95080 
23710 
28340 
23380 
54080 
24110 
94460 
22100 
53080 
23390 
97070 
22340 
77450 
24710 
59600 
25560 
53460 
25000 
31980 
26900 
122460 
34740 
87750 
32180 
87780 
33590 
86390 
32080 
83130 
31600 
143700 
34350 
82790 
33410 
39450 
34360 
99560 
32470 
86600 
37130 
119950 
37390 
98200 
33900 
84860 
32400 
66250 
24800 
98820 
24340 
32360 
25700 
53390 
24790 
105290 
25210 
69670 
42480 
103440 
27990 
108600 
24590 
57640 
24500 
96650 
25180 
30150 
26800 
102730 
23180 
93830 
24750 
94290 
27980 
96820 
23550 
55530 
23820 
125920 
25520 
67980 
25760 
30490 
26630 
59120 
24820 
104540 
23230 
102800 
34820 
36550 
34670 
119380 
33920 
143010 
36300 
88010 
35090 
39890 
33450 
127110 
33670 
87450 
32770 
119310 
35050 
88200 
31080 
85480 
34920 
144650 
34850 
91290 
35510 
98420 
26150 
56060 
23840 
57340 
24380 
57700 
23750 
109350 
25050 
98350 
23620 
163910 
35030 
115160 
24860 
29390 
25320 
54730 
23260 
54030 
22740 
52310 
24030 
100940 
23590 
53810 
24820 
55380 
24270 
96550 
23780 
29310 
25770 
54380 
23500 
98460 
23810 
97810 
24130 
101140 
24130 
95650 
40560 
143220 
33080 
86650 
33530 
39250 
33570 
89460 
33450 
92350 
32660 
124620 
33470 
89730 
33290 
85780 
33600 
144890 
34370 
83540 
35500 
38020 
34940 
87910 
35530 
123740 
36820 
70060 
23950 
58240 
23220 
99920 
25000 
59380 
25850 
99430 
25030 
46760 
41850 
129210 
27490 
96070 
23110 
51690 
24650 
99910 
22880 
53340 
23980 
56080 
23530 
53280 
24260 
31260 
23790 
53710 
23550 
100620 
21480 
52170 
24290 
98410 
25620 
98070 
24380 
58830 
24880 
95890 
24720 
42680 
35800 
124460 
33110 
126210 
33200 
86840 
33180 
87670 
30800 
84340 
32640 
143130 
32920 
84360 
35730 
38990 
34130 
86660 
32720 
126360 
32660 
86610 
32700 
88260 
31950 
63510 
26160 
56020 
27860 
103030 
25350 
30770 
25200 
58970 
26320 
49640 
40050 
128140 
31460 
110000 
26970 
98470 
24160 
53690 
23270 
93840 
25060 
30250 
24270 
54610 
23930 
96740 
23660 
52730 
25050 
99510 
22680 
92750 
24220 
54430 
25040 
102330 
29160 
31930 
25870 
56310 
25290 
92150 
31180 
85690 
36900 
94830 
33300 
83330 
32210 
144600 
34860 
86130 
35450 
37540 
33360 
89220 
34550 
85030 
31490 
84190 
33300 
87210 
31640 
86150 
32640 
144870 
33630 
116050 
26560 
29430 
25380 
57230 
24160 
55720 
22510 
58360 
25990 
101410 
46830 
106280 
30030 
151810 
26100 
99150 
26480 
29820 
24220 
53290 
22950 
100430 
25360 
51680 
24120 
98190 
22150 
95450 
23850 
54110 
24050 
97760 
25830 
28890 
25410 
54630 
26160 
99750 
23600 
66370 
30260 
45430 
33150 
83670 
33690 
73290 
33560 
85540 
33370 
36680 
32540 
87570 
32900 
125760 
33210 
115830 
34570 
90970 
31310 
84510 
32540 
144390 
34190 
85400 
34510 
39210 
33350 
97200 
27780 
70470 
22350 
99250 
24710 
101800 
22530 
78780 
27210 
127260 
25600 
41840 
39890 
37630 
25130 
32900 
26510 
31550 
14790 
51740 
24750 
23120 
21650 
50770 
22470 
41150 
44950 
48380 
23200 
20440 
22960 
51140 
22990 
20980 
21010 
50930 
42700 
49500 
21950 
52260 
24250 
40360 
43080 
34320 
47880 
63160 
57370 
36030 
48620 
60210 
56740 
36480 
46450 
52000 
61050 
38510 
43750 
51830 
56590 
35450 
47700 
53200 
55330 
37240 
50520 
51900 
55210 
34820 
48670 
23310 
20480 
50910 
43950 
37110 
45450 
37720 
25290 
48010 
21860 
53060 
33320 
34380 
23200 
47230 
21700 
26910 
13840 
52630 
42410 
36880 
44390 
39610 
22940 
20450 
21700 
50700 
23690 
22930 
22830 
40900 
23780 
21910 
20420 
53480 
36930 
41930 
41310 
40270 
40120 
21140 
22830 
39380 
54310 
48330 
57250 
36230 
46030 
52180 
54840 
34660 
49800 
46910 
59140 
34550 
45250 
50430 
42830 
33950 
48260 
59670 
52650 
34670 
42550 
52110 
58450 
33970 
42860 
50710 
48670 
40010 
23680 
20670 
22790 
45600 
24640 
22480 
22570 
40820 
54050 
53800 
54010 
35290 
23690 
116170 
15410 
30350 
23020 
22080 
20810 
29340 
22990 
67980 
18600 
31880 
24300 
51240 
19930 
49260 
21100 
44400 
19240 
47140 
21680 
22760 
20450 
49270 
21680 
56070 
25320 
61590 
27240 
30790 
27690 
56110 
28390 
29650 
27300 
58390 
27910 
29780 
26620 
60600 
27560 
29340 
25530 
54080 
27130 
32150 
27120 
56370 
29090 
28840 
28200 
56600 
27130 
31240 
21460 
50650 
21210 
51990 
20070 
47970 
20840 
59040 
21100 
48730 
88670 
38620 
25770 
54650 
20910 
22310 
19450 
49080 
21250 
50160 
18870 
46850 
22590 
48140 
19310 
47160 
22430 
46320 
19740 
48080 
21780 
22810 
20240 
47120 
14020 
31520 
26610 
109950 
25140 
100120 
23510 
39130 
32680 
145590 
32440 
91470 
34160 
38590 
34320 
96400 
35680 
95540 
31710 
91080 
31290 
91590 
32630 
92090 
31920 
147330 
34270 
88510 
34880 
37650 
32430 
97060 
31110 
104530 
25840 
57510 
24610 
104100 
27920 
60490 
27010 
64070 
26480 
101800 
26020 
45470 
35670 
119560 
24630 
105660 
23160 
55190 
24710 
98600 
23400 
97780 
25220 
55770 
23860 
53750 
24520 
31210 
25180 
103760 
24470 
99850 
22850 
69460 
25150 
66330 
23790 
108900 
25780 
57870 
23270 
51090 
42390 
36250 
31440 
125590 
33500 
96790 
32010 
128980 
33380 
92690 
31170 
91860 
32370 
147090 
33170 
90260 
34910 
37370 
32020 
95510 
31570 
110780 
34330 
41230 
38140 
133040 
38090 
108940 
25170 
55120 
24450 
71910 
25000 
28910 
27820 
112080 
25900 
41870 
39650 
101810 
28450 
63400 
25210 
55890 
26100 
53690 
23730 
74220 
24800 
27970 
25870 
104130 
22420 
103820 
23950 
97090 
23510 
101610 
23880 
98760 
23440 
55690 
24310 
60770 
25840 
31170 
26450 
105890 
25650 
136570 
35940 
92690 
33980 
94390 
32170 
90320 
33530 
142570 
35730 
127460 
35730 
38150 
32070 
97560 
34220 
91390 
32380 
87910 
34260 
99540 
51010 
35690 
50480 
37460 
36740 
63360 
43330 
54630 
41730 
48340 
53460 
42710 
42710 
52150 
42660 
48860 
46140 
41260 
51200 
32800 
55600 
40600 
44350 
51470 
39330 
47350 
53480 
79700 
24050 
101140 
24670 
58710 
22750 
99960 
25340 
55690 
23990 
54530 
24660 
30880 
30490 
63550 
25100 
104710 
24250 
58330 
