161680 
113150 
121370 
123620 
115370 
121460 
112550 
123350 
121990 
117510 
116860 
110380 
102800 
122970 
117070 
105950 
105830 
67840 
65490 
70850 
74040 
70360 
92180 
94900 
67190 
95770 
69290 
98920 
88200 
67740 
99350 
76190 
47750 
105690 
70750 
68030 
100890 
68650 
70620 
43360 
44190 
72820 
72830 
69610 
70510 
98630 
71960 
100520 
91660 
71890 
100610 
96860 
80860 
70370 
95110 
95920 
89260 
76760 
93210 
90340 
94850 
74690 
103220 
73480 
79960 
96450 
63590 
96200 
96610 
67990 
77050 
67190 
73400 
90230 
68660 
66370 
71840 
74710 
78450 
70740 
82420 
68100 
71810 
100610 
103770 
74690 
44340 
85710 
43700 
79380 
82810 
86910 
64530 
69660 
79400 
94900 
44820 
70480 
75890 
46640 
99810 
78310 
95520 
76390 
95460 
99110 
98690 
70870 
68530 
90520 
99000 
90540 
75470 
66230 
75410 
94730 
121820 
98430 
103960 
77860 
76210 
72910 
43620 
79230 
67840 
97640 
78600 
77410 
81730 
73870 
101610 
98400 
74610 
97540 
69900 
79390 
46370 
71210 
71440 
77840 
76210 
76640 
81410 
76150 
68060 
97610 
93400 
73970 
75200 
78850 
77650 
70200 
73980 
77830 
87440 
69810 
97600 
92700 
96450 
76960 
66420 
69940 
78440 
83180 
70930 
70000 
98750 
93700 
78710 
78960 
93600 
96590 
79230 
69660 
75940 
95790 
74460 
83790 
70110 
80010 
72970 
82590 
68240 
99870 
97410 
71670 
70730 
100030 
102660 
98350 
68380 
69840 
44810 
99030 
73310 
103480 
98260 
78630 
94060 
78220 
43890 
94460 
69140 
98540 
82720 
67790 
44700 
45510 
98840 
78980 
76740 
67720 
72230 
83900 
44620 
72080 
102040 
69500 
102960 
91570 
97130 
70100 
68780 
100050 
92040 
76070 
79970 
75780 
77710 
77130 
99830 
98680 
71450 
97190 
97700 
79340 
73730 
99470 
105070 
76670 
88590 
77360 
88700 
77110 
90590 
65950 
69720 
98560 
97010 
102230 
76760 
83900 
67890 
96460 
44100 
77410 
100310 
80290 
102030 
78260 
68000 
101340 
100120 
82000 
77790 
92820 
73910 
100400 
97620 
69260 
72330 
99430 
78870 
45920 
72000 
94950 
94830 
66900 
101130 
75600 
44120 
102010 
69980 
101470 
78040 
45270 
101180 
100450 
75850 
76980 
75340 
107390 
81020 
84730 
72920 
95970 
77680 
81500 
91850 
78110 
68080 
80670 
87690 
75750 
43830 
78320 
77390 
100400 
99930 
100530 
67930 
99780 
93630 
100300 
79130 
76120 
70740 
94570 
103350 
96020 
78040 
71250 
88930 
90620 
77140 
74160 
71030 
69760 
90720 
43450 
77150 
80080 
69510 
95070 
69430 
99790 
97860 
62900 
77800 
82350 
97190 
98560 
79090 
99040 
44220 
98940 
102460 
96030 
41640 
93460 
104390 
90000 
94870 
62810 
80510 
70090 
104920 
97270 
74290 
77790 
68780 
73410 
78990 
47170 
101670 
80880 
98950 
72130 
71390 
71950 
70340 
104310 
62930 
97440 
93260 
65660 
79290 
70260 
75420 
77570 
78830 
78220 
93450 
70450 
99680 
98570 
79270 
77220 
95480 
100350 
79750 
73360 
68080 
74850 
79210 
76610 
77790 
77340 
96060 
71050 
76080 
97350 
69270 
100300 
73960 
69640 
97690 
81930 
76580 
77570 
78580 
80520 
77450 
71300 
72670 
92990 
95600 
99240 
98780 
79680 
97510 
78160 
70400 
80620 
99790 
77980 
82090 
75680 
75240 
68340 
79240 
78690 
79340 
66590 
84360 
68590 
104290 
70790 
91550 
100020 
77580 
101880 
75460 
68690 
101400 
76330 
75290 
77490 
77190 
99660 
47970 
77470 
102120 
46940 
79740 
75340 
76400 
73530 
77780 
73710 
78590 
76750 
45310 
99620 
100820 
84590 
97460 
89140 
79530 
79860 
97200 
81330 
64500 
100030 
81110 
98280 
78330 
93800 
94490 
101200 
98660 
102590 
76880 
79780 
96940 
81210 
77340 
44540 
82180 
43350 
83080 
80500 
99530 
79850 
99060 
72750 
105100 
77560 
66940 
102070 
48770 
95750 
74990 
44210 
70780 
78180 
97440 
74470 
80650 
70400 
96330 
98940 
75790 
73340 
79070 
89900 
77610 
77180 
69860 
80500 
79360 
97530 
99930 
96000 
79210 
98210 
94160 
87840 
70140 
93960 
77480 
92630 
75480 
102240 
80610 
90500 
75420 
77460 
73940 
97760 
89010 
75440 
90340 
99280 
79160 
77450 
99940 
76730 
100690 
77220 
46340 
72450 
101100 
97090 
63080 
97770 
77330 
95180 
81800 
93690 
69430 
76490 
91260 
69370 
101400 
95860 
101740 
96770 
71430 
104270 
98130 
67780 
100260 
76230 
76400 
77820 
68660 
104420 
108910 
94350 
72630 
100140 
75600 
94600 
97700 
99580 
68400 
82200 
74320 
100340 
103210 
78420 
103030 
75820 
70510 
82080 
77140 
71850 
101010 
101340 
99520 
69120 
80350 
94660 
75810 
84890 
70660 
82200 
71730 
97800 
98010 
76640 
66490 
63240 
78900 
102880 
76980 
84150 
70840 
81160 
67070 
103500 
78300 
74920 
105390 
80420 
81350 
91570 
79100 
101750 
47430 
78910 
79020 
92790 
69800 
96990 
92020 
77200 
77630 
78590 
96970 
76960 
78330 
81670 
100640 
96980 
79930 
100100 
67440 
79910 
95760 
68720 
104260 
97970 
97290 
105440 
78480 
97280 
97220 
77440 
94800 
95330 
99120 
68780 
75570 
100790 
89800 
95220 
78590 
91930 
74150 
105070 
94270 
95700 
94700 
79910 
96670 
101800 
98080 
96740 
67730 
95640 
77980 
109870 
69990 
78930 
68590 
96180 
45800 
78690 
102360 
78250 
49790 
86250 
101500 
69670 
100330 
81160 
71480 
110440 
69600 
78560 
78500 
99740 
101130 
80130 
78910 
103130 
91020 
102600 
78770 
70530 
80430 
78710 
102850 
96300 
74670 
103250 
75220 
103010 
100030 
66110 
100490 
101190 
77530 
76390 
78130 
90450 
108020 
47640 
102670 
80090 
100330 
100500 
81100 
80890 
82340 
99950 
83330 
78030 
77860 
79380 
94140 
68530 
79880 
96460 
76370 
80680 
81770 
76660 
83500 
78860 
98010 
77120 
75510 
72000 
78680 
104020 
83940 
98400 
73950 
102320 
73530 
78640 
78550 
49160 
77940 
111770 
79320 
77080 
46060 
81280 
101290 
92090 
44680 
85940 
74890 
103820 
71770 
80170 
77750 
44810 
103330 
105350 
85430 
98070 
75270 
102880 
47110 
82450 
96290 
91550 
75250 
71910 
95940 
92780 
76790 
100430 
98980 
100010 
68490 
76270 
100750 
78680 
99830 
76490 
100810 
98600 
97620 
77310 
78130 
96820 
90590 
93460 
76220 
98610 
76710 
76980 
93930 
94370 
97650 
91180 
90250 
66710 
99690 
81360 
45660 
94230 
99930 
77270 
78730 
76520 
95690 
90660 
94710 
78330 
64100 
77690 
80890 
68040 
93540 
66040 
74890 
92280 
95650 
75500 
73520 
98710 
97600 
77830 
99900 
44060 
73570 
75470 
98200 
100100 
77830 
77720 
103100 
80430 
99860 
71890 
77050 
64860 
96330 
79310 
72090 
76780 
81500 
76290 
70070 
68470 
100480 
100690 
89760 
97590 
72850 
101490 
76140 
79560 
80350 
79440 
97180 
78780 
77940 
77590 
100750 
95500 
78610 
75230 
101360 
80920 
77500 
94330 
100700 
94760 
81670 
96920 
75790 
99220 
95340 
82570 
102520 
81800 
70080 
77480 
85100 
101250 
96160 
75710 
100360 
99630 
101720 
81270 
75840 
102980 
92260 
80710 
78490 
77930 
97520 
83360 
93080 
79320 
80800 
93160 
76920 
83180 
77650 
96680 
96520 
72760 
99490 
79850 
98700 
99290 
77690 
99650 
78360 
97870 
79470 
96430 
89600 
92680 
78930 
100810 
73830 
98070 
67360 
102290 
74880 
78940 
95490 
96880 
82250 
97940 
71000 
78080 
79540 
101870 
97690 
76410 
101260 
81230 
77550 
95070 
77820 
97470 
98610 
76960 
71290 
98690 
79150 
75420 
75910 
102760 
77170 
80550 
77850 
96240 
78930 
68810 
98670 
93930 
78980 
80540 
79100 
96550 
94140 
78650 
81380 
94630 
83660 
71720 
96920 
71090 
80560 
107830 
95050 
93360 
76370 
95880 
81060 
76220 
95700 
92330 
98790 
78940 
94140 
79800 
101450 
97890 
79800 
79990 
102510 
100040 
99070 
77210 
86010 
96250 
95310 
100780 
71680 
75150 
82790 
73910 
97480 
81970 
101420 
77730 
101740 
98510 
78860 
101470 
93920 
93490 
76400 
103460 
76320 
81230 
101310 
79300 
100420 
77140 
99400 
95260 
96310 
100220 
102830 
98580 
98030 
87120 
102010 
100130 
98660 
104500 
95730 
80520 
98820 
94250 
97870 
96590 
93360 
99450 
96670 
102160 
98640 
101940 
71130 
70270 
76280 
74100 
98640 
97710 
67980 
77240 
77660 
88820 
80250 
98370 
99810 
91690 
93020 
100780 
75720 
99190 
70360 
100730 
93870 
94880 
103310 
78540 
101570 
81050 
104760 
97660 
84090 
77280 
98320 
100480 
76450 
74290 
92720 
79600 
65040 
80030 
77150 
104520 
95130 
93650 
82150 
79450 
102510 
82200 
79910 
99010 
68980 
96100 
97430 
47930 
103400 
99650 
94740 
79630 
75700 
101640 
96120 
69490 
103880 
96920 
75470 
97510 
78250 
100410 
99900 
64420 
100580 
85920 
98800 
94560 
76790 
75310 
91300 
98170 
92740 
79830 
97120 
71910 
99720 
77080 
100230 
78100 
98170 
81990 
75620 
96620 
80590 
81130 
84060 
92300 
47670 
103110 
101830 
97080 
97960 
70690 
97400 
105590 
82020 
81320 
71390 
101730 
66940 
73470 
77200 
105970 
88430 
99370 
100350 
98440 
80100 
79490 
84710 
98220 
81520 
80920 
77440 
81910 
77700 
95300 
79880 
103460 
94330 
72870 
93460 
79460 
92120 
76560 
76370 
97390 
95760 
100030 
74860 
71730 
84900 
79920 
72530 
72210 
98830 
80590 
105990 
102490 
89890 
76040 
77810 
79090 
101370 
78880 
79380 
79670 
76610 
103050 
72580 
103710 
100500 
103320 
106060 
80970 
104040 
97120 
75280 
78000 
76280 
102630 
70650 
89950 
77720 
100600 
75000 
82120 
83490 
96420 
98130 
73720 
97580 
103180 
94280 
101090 
98140 
77500 
104380 
82180 
75340 
100060 
82100 
96160 
78220 
81590 
100960 
77300 
76970 
104040 
99800 
104660 
96680 
98130 
97650 
70730 
97440 
97810 
82170 
92030 
78470 
99650 
95820 
79240 
104890 
67620 
77110 
103800 
78440 
102360 
74780 
79730 
80090 
76940 
71770 
82530 
101140 
91190 
99770 
95100 
81010 
59930 
99980 
93550 
98810 
97520 
100440 
80340 
99640 
100890 
77950 
101010 
100570 
75980 
81900 
107780 
79400 
78740 
102280 
78590 
83950 
105280 
75470 
101210 
101010 
76980 
82140 
76450 
97730 
98690 
81900 
100000 
94970 
79950 
103590 
101630 
95690 
92930 
79340 
99870 
98540 
97940 
79050 
81250 
99240 
78310 
78410 
101000 
80210 
100990 
92210 
77810 
83530 
75590 
87860 
80450 
100440 
73140 
74140 
78810 
105190 
76600 
81860 
76990 
78870 
78170 
98350 
98670 
80790 
101200 
103030 
86140 
99900 
78050 
73220 
98180 
76760 
78050 
102040 
96470 
97440 
78610 
101190 
96650 
96630 
80000 
76810 
79260 
103780 
96230 
78470 
99320 
77520 
81160 
104240 
76940 
101040 
103060 
80430 
100050 
78480 
102640 
90350 
98370 
100980 
99710 
103950 
102610 
77880 
107050 
78220 
101480 
99210 
78230 
102620 
106400 
94250 
104530 
96570 
100140 
81540 
74360 
81050 
76960 
98710 
81740 
95030 
103120 
89600 
76280 
78780 
71080 
69580 
81020 
103620 
104600 
81320 
78520 
101560 
97690 
97420 
82190 
76230 
102390 
78180 
105150 
69800 
101520 
96520 
78770 
100540 
75420 
99070 
93750 
80300 
77970 
67560 
94980 
77070 
77050 
79540 
73560 
83710 
79570 
105540 
76030 
75640 
78900 
79820 
79190 
98530 
98510 
68420 
76090 
98530 
76710 
98070 
106430 
77400 
71140 
82570 
80080 
71260 
77210 
74050 
100160 
76900 
99730 
99930 
98960 
71480 
98790 
73900 
77620 
78270 
75920 
81080 
102550 
83710 
97660 
76450 
99490 
96160 
70880 
72270 
99670 
91920 
78050 
82070 
84260 
79450 
75450 
93490 
96770 
74400 
103050 
95440 
105020 
101260 
80520 
99970 
98230 
105320 
68080 
98170 
75930 
99240 
96310 
69120 
76370 
97870 
77000 
79120 
81570 
97920 
98160 
97590 
96830 
92190 
100990 
77430 
101670 
94530 
100450 
79720 
84600 
78020 
74710 
102910 
95870 
98940 
97760 
77650 
89500 
83270 
75990 
100350 
95780 
90480 
81610 
101670 
79400 
103180 
98400 
94380 
78640 
104330 
97270 
78400 
82210 
97430 
78870 
78330 
77540 
102630 
103110 
77500 
76290 
99180 
77990 
82800 
99690 
98810 
99430 
77460 
99330 
101930 
95640 
78020 
80950 
69770 
99030 
75660 
81510 
75670 
81980 
79160 
102240 
78180 
79290 
81380 
96720 
98950 
85410 
99670 
101820 
78420 
106500 
94320 
98480 
95440 
96030 
98000 
91030 
92320 
92010 
92760 
72660 
100210 
98490 
102240 
100740 
95920 
80200 
74670 
97350 
67980 
72490 
95260 
102350 
79190 
97460 
73200 
78540 
97000 
95820 
72510 
97620 
75490 
80900 
79120 
82540 
73390 
94300 
96850 
75780 
79670 
105310 
77120 
99760 
94150 
78570 
98920 
100300 
98020 
78160 
100550 
96450 
98340 
92120 
99970 
100770 
75300 
81730 
83840 
95360 
92820 
98010 
96900 
96300 
102700 
71870 
79240 
99100 
75530 
106150 
94570 
100510 
96410 
89750 
77520 
101080 
79950 
97390 
83210 
102660 
92420 
79290 
84290 
78930 
110200 
96640 
97410 
80490 
101560 
73560 
82370 
80280 
103130 
88870 
97440 
77570 
99350 
96170 
103400 
100820 
76430 
83270 
98510 
98390 
103010 
80270 
102340 
98480 
83400 
96910 
81520 
95450 
80000 
73820 
97570 
73560 
72970 
75710 
100900 
82670 
96610 
78410 
98310 
76650 
68890 
76330 
98060 
99610 
81470 
79860 
83160 
81720 
78590 
102380 
91630 
100760 
103580 
80450 
102540 
70500 
86600 
101990 
73800 
100490 
96750 
93670 
95830 
78890 
101850 
81220 
99540 
102420 
72250 
98580 
74960 
91630 
78020 
98170 
96380 
104660 
93440 
82430 
93370 
79830 
76960 
107460 
78990 
73650 
69160 
103420 
94640 
71090 
93710 
69270 
99330 
69900 
92880 
77150 
78910 
78570 
94430 
83180 
96200 
75760 
80220 
79330 
97610 
100320 
97810 
98980 
101630 
92790 
98560 
75950 
80730 
98030 
95490 
81910 
79270 
105150 
78140 
101920 
77640 
97350 
76480 
75860 
102180 
94100 
95550 
75380 
76280 
78020 
96030 
99940 
80060 
98790 
93380 
93820 
80040 
99920 
73500 
96040 
96800 
97500 
77460 
71740 
93220 
76720 
76150 
81380 
97560 
97410 
99790 
78220 
100230 
100140 
97800 
106740 
79240 
101860 
81050 
99000 
99400 
75120 
102390 
93920 
76950 
96390 
81590 
99670 
98690 
78250 
76660 
104830 
79780 
99690 
83060 
80310 
100300 
95920 
100660 
78730 
98780 
72400 
91130 
94630 
80660 
77630 
99180 
98370 
100880 
99980 
97920 
93850 
98920 
80420 
84100 
83040 
79210 
84290 
97020 
77470 
77540 
108480 
79230 
100540 
74160 
95330 
95730 
92710 
93980 
98350 
75190 
97300 
92670 
93510 
98690 
73350 
102330 
93860 
74740 
90340 
101000 
98150 
97440 
101760 
100660 
78060 
81060 
89210 
93090 
97570 
97180 
79410 
79810 
76640 
102540 
95440 
97770 
75940 
93100 
100210 
76140 
99570 
95510 
75510 
106170 
72780 
99540 
96230 
99840 
74850 
98630 
79730 
83140 
99300 
81810 
77830 
65520 
63970 
78240 
99490 
76100 
90550 
95500 
94260 
95910 
79040 
104750 
96890 
82400 
105290 
97930 
79380 
106240 
98090 
99550 
94970 
91500 
76960 
106650 
78900 
80040 
79520 
96210 
74130 
93290 
79940 
113620 
99600 
72320 
102190 
77520 
101120 
101550 
81660 
100660 
103800 
98390 
82060 
99620 
95130 
77370 
96230 
72310 
95600 
102890 
74580 
98030 
72390 
100540 
78280 
80040 
100490 
96310 
102990 
99070 
78090 
107820 
79140 
78080 
77620 
