11651330
11635330
11635970
11627050
11634520
11625140
11637310
11631750
11635470
11634260
11645620
11631950
11632420
11640820
11629050
11631760
11671860
23626870
39954790
75630
31889400
12028830
27957120
27955200
23957780
76390
27956780
27883070
60700
23970110
27950340
27961020
23920880
70620
27957910
27893280
57930
23982310
27939320
27952620
23927390
67310
27971770
27884880
60270
23974040
27938560
27966650
23920790
67010
27985810
27859960
52810
23966790
27951560
27961330
23934800
52480
27983370
27904600
52040
23966440
27998160
27954070
23891380
58140
27967400
27899520
49160
23978030
27955560
27955940
23941860
50980
27979710
27904700
47250
23971880
27947430
27975160
23934160
51320
27975300
27907540
49750
23973620
27951130
27962380
23943440
54480
27970910
27911910
57050
24003510
27908130
27957330
23924950
67780
27961320
27893540
59150
23972660
27952430
27947800
23932960
64130
27989650
27864310
60890
23967380
27943170
27966850
23919020
65400
27966600
27892560
59280
23996330
23995570
28022430
23910120
52750
27984300
27904100
53060
23959620
27958090
27973940
23927200
56050
28039300
27838020
71000
23947640
27925510
27953930
23943630
52380
27980720
27902520
50990
23962410
27952780
27976130
23933890
53900
27969540
27908410
48490
23975750
27949050
27964640
23934650
53880
27984710
27898620
49810
23968320
27949820
27973620
23935590
52890
28006930
27888800
64600
23964390
27936630
27954830
23921500
90380
27959060
27883470
60220
23968440
27943470
27969870
23909780
68050
27965620
27895430
59260
23975720
27945840
27952320
23921320
66970
27981220
27887040
63020
23936610
27945480
27978980
23928710
53880
27970660
27908110
51380
24022860
28010220
27881910
23878790
69490
27957440
27877260
51930
23962170
27956000
27976230
23925020
54920
27972970
27911630
50630
23971440
27945300
27966760
23953100
60590
15935080
23951980
15985020
23953820
16003770
23954650
15992210
23953770
15986790
23956220
15997350
23959320
16031860
23923580
15979470
23961390
15995660
23945800
15976480
23954480
15995350
23944210
15985970
23954850
15982240
23956970
16028130
23914090
15990660
23948040
15984400
23951410
15996500
23951320
15975890
23954230
15992100
23953300
15997380
23930500
15974870
23954590
15992850
23959440
16000030
23951180
15988360
23958440
15992260
24046040
15905070
23933980
15974840
23942980
15987300
23956140
15989850
23959060
15985200
23968010
15998660
23945780
15992520
23948840
16029420
23940670
15970480
24037650
15917140
23955610
15993120
23962430
15985380
23958010
15986660
23964510
15999620
23948990
15985510
23957600
15996410
23999070
15957620
23951760
15990040
23952310
15987390
23964960
15977550
23950500
15992410
23949730
15995580
23947830
15978160
23955000
16001400
23944020
15979510
23947600
15991670
23956320
15986770
23961980
15969930
23957710
15989240
23946440
15982760
23946300
15986800
23960750
15990460
23965290
15978230
23968550
15993810
23945510
16068490
23892260
15962390
23935100
15976440
23972870
16000350
23934440
15989420
23960160
15994890
23958380
15991500
23948250
15994050
23958460
15993860
23965440
15980280
23958520
15988460
23967300
15994520
23952080
15988830
23956960
16180400
23772160
15981870
23959560
15990170
24004550
15969360
23954730
15978690
23954090
15986310
23956250
16003190
23939160
15975640
23960230
15997930
23960320
15969110
23947790
15989520
23958830
15990890
23955730
15974930
23953770
15982020
23961970
15997520
23944620
15979990
23972110
15969220
23942080
15981060
23962900
15997040
23957020
15986470
23966850
15980650
23956410
16141630
23841000
15972350
23933850
15980750
23944880
15997260
23948080
15986380
23957740
15996810
23959080
15990040
23962040
15984500
23959310
15993420
23960010
16000370
23950640
15986580
23960170
15991400
23955850
15985360
23963910
15986990
23967310
15990070
23959070
15985360
23957560
16031660
23931910
16009940
23934150
15981270
23960850
15999800
23941350
15976530
23951340
15992820
23951760
15991160
23951240
15991720
23949640
15977010
23957380
15998700
23944140
15979070
23959850
15999650
23959680
15968450
23947680
15999130
23924280
15990450
23960880
15990370
23954300
15982370
23969570
16004120
23949320
15982500
24020530
15980270
23910280
15968030
23953050
15988930
23953920
15992100
23962060
15981680
23959250
15992360
23962500
15993850
23950860
15989690
23958620
15995410
23956750
15989860
23953590
15994540
23957270
15999280
23959580
15986300
23957400
15985350
23967680
15999410
23947040
16031540
23925800
15995340
23946530
15987520
23947430
15991580
23953960
15983330
23961930
15975240
23954340
15985840
23957160
15994290
23949160
15979440
23957380
16002560
23946930
15977610
23950310
15997860
23942580
16173670
23782490
15992420
23913650
15983090
23961390
15999680
23951640
15983200
23960620
15996160
23956910
15988890
24020650
15965390
23939710
15966040
23944140
15979140
23957610
15988930
23963160
16003120
23947030
15988730
23955160
15997570
23958090
15980930
23957320
15993900
23960520
15992900
23962310
15987820
23956800
15987110
23965830
16003380
23947350
15984970
23952110
15999300
23955010
15984310
23995380
15973460
23951950
15994210
23956710
15972990
23958800
15980540
23962820
15995370
23944150
15975020
23965260
15990280
23947030
15975090
23952790
15992640
23959120
15985220
23965000
15971130
23957610
15978270
23963150
15993620
23948380
15962960
23958750
16002190
23945240
15988560
23956360
15995160
23962440
15996240
23953090
16058040
23922950
15954780
23947470
15986590
23950090
15992060
23956640
16002850
23947810
15987550
23956330
15996740
23961610
15992510
23953140
15986570
23956640
15999210
23958220
15992080
23953340
15989680
23964580
15994720
23954850
15987760
23951150
15993880
23957430
15988780
24003000
15961560
23956490
15992650
23941940
15996570
23946920
15977040
23957520
16008710
23939330
15973200
23956750
15987680
23952070
15985750
23952600
15985180
23955910
15977710
23963000
15995570
23939310
15990950
23950040
15996160
23959010
15946890
23956710
15994040
23952420
15994590
23961340
15984600
23968610
15976350
23960320
16182450
23802570
15965720
23936650
15977700
23970640
15967590
23959560
16000040
23948730
15991320
23957030
15989820
23961460
15986990
23961660
16005280
23941950
16163670
23783030
15996550
23953810
15982750
23961470
15995320
23958910
15995670
23963060
15983070
23953750
15993580
23961180
16040180
23921060
15981000
23961760
15990020
23945340
15958810
23956210
15986330
23961910
15981700
23959620
15982170
23950800
15988970
23954020
15997780
23947960
15975680
23961590
15994410
23962470
15969160
23945290
16000960
23941620
15987970
23944280
15975220
23960800
15989530
23965580
16002240
23945990
15991340
23964140
15983370
24024650
15952470
23923760
15974180
23952600
15995280
23957860
15986150
23955010
15989570
23963910
15998050
23948330
15989910
23960090
15997790
23957320
15981820
23958510
15993460
23962420
15989830
23960480
15987620
23959620
15989670
23961770
16000860
23946480
15985790
23957820
16075130
23880170
15966710
23949700
15991170
23953280
15989700
23954760
15985400
23952670
15983250
23963400
15995060
23941130
15982320
23961520
15995000
23951450
15972640
23953860
15991910
23957530
15986900
23954930
15980800
23958350
15995330
23927350
15991950
23944250
15998000
23963050
15988580
23953970
15990300
23954000
15995750
24023130
15965560
23925830
15976080
23930980
15992780
23961810
15998800
23950170
15988060
23954880
16000380
23954860
15981040
23963860
15994890
23958460
15990860
23959220
15986810
23956670
15990150
23962390
16001210
23947050
15991530
23964270
15988500
23955010
15987270
23954880
16002860
23988370
15970140
23955750
16062850
23863580
15984060
23959230
15992990
23947340
16004970
23948940
15978730
23935010
15982200
23955250
15987570
23957470
15985110
23954490
15985940
23958880
15981040
23959590
15995380
23952520
15971110
23960320
15978050
23954420
15977140
23960860
15998270
23954950
15992880
23961300
15986470
23957610
16070120
23872960
15986650
23925070
15985960
23951040
15997730
23952010
15991100
23956170
15996190
23958220
15996040
23963570
15980490
23958200
15989020
23964760
15997660
23951340
15989750
23956250
15999180
23955330
15988980
23964340
15991920
23953570
15995900
23951510
15994130
23997070
15960730
23958630
15996590
23948400
15982740
23954110
15995290
23946260
15976730
23955120
15988750
23960200
16155590
23794650
15977190
23952360
15985560
23955790
15994410
23943890
15977920
23959260
16000530
23951610
15978830
23948040
15970340
23955750
15991370
23966080
15982920
23962280
15976290
23970520
15995320
23946940
16080970
23886080
15950780
23943800
15972320
23956550
15997430
23954530
15994050
23964740
15989380
23957730
15984400
23959040
16002690
23948030
15982480
23959060
15997230
23978740
15968180
23961040
15983410
23960200
15993510
23962690
15981080
23958960
15986660
23967330
16001630
23957630
16002140
23945910
15998220
23953190
15973700
23957200
15988790
23959880
15985350
23954890
15982170
23956760
15978230
23963680
16001380
23942180
15980010
23959270
15997560
23946770
15979720
23950890
15999800
23945210
15988860
23960960
15975940
23929870
15992590
23963260
16002010
23942930
15988130
23959860
16007510
23943770
15982730
24014750
15976970
23933500
15970610
23954410
15978410
23959980
15992840
23964570
15992770
23951030
16002150
23958390
15986290
23951720
15982220
23959380
15994200
23959260
15995520
23953480
15989850
23958480
15990280
23961490
15998640
23951210
15992840
23956400
15991030
23956360
16053770
23902750
15992850
23957870
15982590
23963550
15981440
23950340
15982600
23961070
15995650
23948020
15979660
23964600
15995040
23943940
15979450
23955640
15992670
23948710
15985300
23964170
15987140
23949420
15978260
23959360
16019960
23901630
15985790
23955450
15998540
23956140
15985870
23955130
16004340
23943760
15998160
24026370
15963120
23929230
15958810
24131990
15812430
23953460
15988990
23956340
15998890
23956640
15984820
23960550
15993120
23955170
15998070
23959380
15985240
23959930
15988430
23974000
15991930
23944100
15989520
23960480
15997990
23958740
15981810
23958110
15992880
23955270
15995970
24002110
15969890
23940220
15989010
23953460
15999270
23949030
15976410
23959090
15995730
23961370
15967390
23948590
16005400
23943240
15985640
23961940
15976760
23955880
15987010
23954060
16000820
23945910
15979300
23956230
15995870
23944870
15972350
23955420
15988950
23958470
16005860
23959800
15968990
23956710
15989180
23974220
16064060
23875610
15970290
23939370
15994250
23950740
15992750
23954600
15993420
23958120
15995320
23958610
15985330
23955690
15995020
23955810
16005360
23946860
15998750
23952360
16002340
23958040
15973560
23954850
15998710
23954190
15999090
23957090
15984180
23954230
15989510
23998840
15989670
23942850
15977720
23964680
15989680
23950410
15979670
23952350
15992670
23958720
15984630
23963100
15972640
23954980
15982820
23966300
15989240
23949900
15976730
23963750
16008680
23934100
15983090
23952680
15988090
23958290
15969000
23952420
15987340
23955270
15990480
23965620
15995990
23961260
15980910
23959880
16173980
23799000
15936350
23943700
15987740
23959480
15994790
23950300
15987570
23956570
15995810
23958830
16003010
23951840
15984970
23958160
16076500
23872950
15987790
23955060
15995730
23958150
15996410
23955400
15994840
23951120
15997030
23952280
16000180
23947640
15990050
23988520
15992420
23942270
15980440
23959750
15988590
23955680
15983090
23960810
15977840
23953070
15986900
23957580
15995790
23952050
15974880
23964560
15994980
23950550
15978570
23952160
15997950
23952380
15982440
23956960
15982480
23949020
15986410
23934780
16005030
23944750
15987530
23964090
15990940
23956220
15997680
23946550
15992640
24026750
15965810
23923940
15964320
23957440
15989310
23960650
16010490
23943140
15987400
23960670
15994710
23954150
15990210
23955180
16001950
23953240
15997290
23955420
15986360
23963470
15988580
23960820
15998500
23952290
16002700
23947510
15997110
23949650
16165760
23781930
16052180
23918840
15982990
23956680
15989530
23945350
15989170
23948240
16001250
23947250
15978750
23963740
15986220
23945470
15989760
23947420
15992930
23955210
15990410
23948090
15981280
23956860
15982730
23960860
15996960
23957710
15988900
23917950
15987710
23956560
15992130
23954520
15994210
23955830
16004360
23954450
15987850
24020100
15969930
23927390
15975830
23938000
15987170
23957470
16005100
23961110
15994180
16192430
16073830
23951210
15995690
23955440
15993020
23951870
15992870
23962730
15995560
23956710
15986700
23961420
15996570
23955660
16004510
23962060
15954160
23989300
15957370
23987480
15955420
24038680
15929190
23996160
15948020
23986360
15971500
24003710
15925530
23984160
15952980
23974620
15955560
23993860
15951170
23986730
15959660
23982700
15946850
24006080
15942280
23990480
15946040
24001350
15959780
23982730
15957160
23979990
15935150
23993150
15965780
23987910
15957290
23989850
15966900
24010810
15939600
24159280
15843330
23976950
15918900
23979340
15944680
23986060
15964100
23990510
15955700
23991860
15962270
23990100
15956530
24004510
15953800
23997790
15952940
23995660
15964920
23987110
15965380
23981640
15962430
23997430
15959730
23999380
27912210
12043910
27905450
12038520
27939810
12123040
31865370
91560
15903170
11692980
23622280
12041500
16006720
12062200
16008190
12074100
16019590
12066070
16006390
12069590
16008520
12074770
16004620
12058830
16009530
12066610
15998100
12050970
16008230
12062970
16012970
12064410
16004220
12225280
16003050
12063390
16044940
23939500
73530
12091010
16027290
23947000
76410
12078180
15985930
12075820
15993960
12075340
16023700
23955680
74370
12093180
16040960
23938580
75070
12086600
16031340
23949390
74210
12080500
16023270
23956490
76340
12090430
16026340
23955410
74980
12097790
16032900
23954230
74800
12091010
16026870
23994050
113740
12103590
16003840
12078740
15995990
12081930
16008810
12068350
15994030
12082530
15988170
12095260
15988790
12089360
16001370
12071920
16013720
12057200
15997910
12075790
15994910
12084430
15995610
12076770
15989770
12087130
15979930
12079080
15987650
12068260
16032250
23947850
73840
12079970
16029360
23958860
79240
12162360
15987730
12082040
15990360
12067760
16025570
23958500
74480
12096570
16032730
23959190
74350
12088800
16023010
23956980
74210
12093080
16027530
23949340
73550
12091720
16032800
23952490
75090
12094550
16033070
23950690
77090
12080620
16021380
23950500
75670
12107950
15990580
12076710
15986640
12088710
15994260
12083510
15988690
12087440
16004730
12060570
16018740
12045680
16010530
12059630
16023620
12054110
16002750
12064070
16004350
12069100
16003550
12077720
16003380
12067990
16012560
12045750
16016990
12036510
16004670
12053280
16009320
12056100
16047130
23936100
74980
12105970
16004400
12080260
15986810
12073470
16030940
23949130
65070
12080790
16022180
23960470
77300
12093150
16207830
23770920
74160
12097320
16034450
23948880
74910
12088040
16038460
23939360
72820
12082090
16027260
23959000
69010
12092150
16031010
23948770
74170
12146650
15996530
12092090
15987080
12085750
16001710
12072270
16012430
12055300
15995170
12074810
16004440
12079360
16006970
12055260
16005620
12070090
16010490
12070430
16011820
12059150
16003720
12062380
16024570
12044710
16014820
12065410
16007380
12055140
16039800
23936960
78690
12090250
16027250
23957290
78030
12090000
16002950
12083340
16013940
12044770
15996160
12062480
15993770
12061990
16027190
23955370
74210
12091100
16025610
23967160
86560
12093040
16034470
23947220
73060
12086150
16027510
23958160
73490
12089240
16035410
23943030
76360
12096820
16030800
23953500
75460
12100600
15990700
12065810
15996390
12066300
16002450
12065710
15998340
12076420
15995760
12077340
15991160
12086770
15996420
12091660
15989290
12083720
15993710
12080420
16012210
12060140
15994810
12076170
15996820
12080230
15996240
12076670
15984890
12065660
16026580
23957440
75610
12091050
16028420
23948540
78040
12083770
16120190
23863180
135720
12108830
16021960
23953270
73810
12103580
16037460
23947600
78090
12086830
16028880
23949620
72750
12080130
16022490
23959080
78690
12091470
16029320
23958430
65690
12091090
16034410
23954660
76060
12092820
16022480
23956000
77850
12081650
15989500
12070660
15998340
12268290
15995000
12083130
15991160
12083000
15993640
12087350
15993550
12087210
15998460
12075400
16015690
12054530
15995590
12077850
16003760
12075640
15996450
12076450
15988510
12096300
15993340
12086250
15984270
12075520
15990910
12065250
16008950
12044850
16023120
23962300
77240
12095110
16026590
23974830
133890
12110580
15989490
12070970
16021110
23963270
74930
12089030
16042300
23939670
73220
12087000
15995950
12065400
16028060
23956720
73150
12095070
16028300
23956440
74480
12088980
16026610
23952400
74860
12085020
16035660
23944930
78160
12096200
16073740
23907180
90400
12118370
15989190
12085440
16009790
12074630
16005090
12070550
16015150
12057910
15994350
12073430
15996570
12081750
15996050
12082650
15991200
12094560
16006320
12078490
15993610
12091560
16008520
12062670
16032300
12033560
15990330
12061570
15994900
12067790
16027460
23952820
74670
12099580
16029090
23993280
143560
12114320
15990560
12063380
16046810
23932480
74030
12085640
15998490
12063540
16028020
23953930
74520
12093580
16030310
23954030
73970
12090960
16026360
23966750
74940
12086090
16028400
23955740
77110
12090460
16025460
23953230
75540
12093800
16033520
23965880
96590
12100050
16000620
12071120
16015490
12055850
15996320
12071440
16001330
12084740
15994440
12081460
15994230
12093320
15990670
12081860
15983650
12084170
16010750
12051250
16018970
12049260
16007440
12061880
16010450
12079280
16003770
12235780
16042130
23938710
80230
12097690
16031730
23958470
76390
12089810
15979930
12071770
15998790
12063950
15995540
12065420
16035890
23941880
71160
12094540
16028870
23952320
73160
12088500
16032650
23968930
70950
12086760
16024780
12077080
