47690
22630
20860
21970
20690
21700
21030
21820
22160
21960
22340
21120
20620
22280
21490
22800
56700
56190
57310
58660
58821
56431
55791
57331
58741
58041
56681
56400
57440
57910
56950
56120
55520
57450
59180
57970
56260
56610
57210
56600
56870
55990
56370
56840
56800
58320
56680
56130
55940
56810
61000
57541
57891
56941
57071
58501
58201
57551
56341
59161
58970
55730
56030
56540
55430
57360
57070
57360
57050
54790
57410
56950
56130
56880
56610
58750
58710
56680
56980
55580
57990
58990
57380
57140
57391
57310
59271
56711
58371
56921
56851
58161
62231
57730
55820
55450
55480
57700
57030
57620
59000
57560
57600
58270
57310
56890
56570
58840
57610
56360
57690
58390
58390
57630
55820
57730
56760
57761
58751
57180
57351
56181
56791
60851
55741
59671
56541
56050
59990
56950
56870
55380
56800
59340
56580
57490
60070
56830
59220
55030
56810
54740
55040
58470
56520
57190
55610
54960
57160
56810
56390
56651
55901
59001
57001
56641
55451
55731
57250
59890
57600
66180
63010
59440
58720
56760
56450
55460
57070
56310
58330
54560
55240
56600
55680
58160
56500
57150
56730
56970
58780
56090
55230
56401
56801
58971
55911
56241
56001
55861
58311
56450
56410
56820
55200
58620
57350
55970
57830
56500
57430
58400
55290
57780
56990
56100
56770
55110
57010
56550
57640
56760
56610
61880
57000
56690
58800
56231
57871
57011
57751
58221
57661
56761
56570
57590
59310
58480
59860
67520
59610
56580
56590
56620
55160
56490
56040
57270
56150
55530
55830
56460
57720
56860
56140
55270
54880
55980
56740
55211
56621
57681
57511
58121
55181
55461
54810
55900
58230
56280
57810
58190
57960
59610
55960
57020
57120
56110
58290
55580
56480
57340
55050
56330
56510
56090
57860
55000
57060
58070
56700
56990
54781
56951
58391
57701
56181
55001
56881
58300
55350
58030
55280
57050
57460
56360
57080
55420
56230
57180
56250
57850
57370
58440
56810
57310
57360
56000
56810
56940
57460
57250
57060
56880
56361
57911
56871
56211
56291
55121
57031
57301
57041
55220
54820
57790
57440
59790
57340
55220
55400
58530
56380
57330
56450
56160
59330
56790
55940
55780
56070
60390
56100
56990
56850
56390
58140
56371
56541
55801
55311
59101
58141
56621
55960
55370
57100
57010
56540
55790
57860
57500
57400
57840
55530
55630
56870
57750
55860
56320
55480
56840
56980
57790
56370
55690
58170
58670
57270
56070
55021
55951
56001
58541
56901
56251
57051
55920
58400
56390
56320
57970
117561
126831
102801
68760
58180
55960
58780
57030
56820
57170
56380
57390
56370
57550
57470
55530
58860
56870
56200
58880
55711
56971
58871
57601
57171
57161
55641
56371
55450
56860
55320
56930
57720
54760
56210
55620
58980
59250
57620
57210
56450
56720
54870
57330
56570
56940
56330
55010
56890
56910
55730
56240
56050
56631
57311
55961
55681
56311
57151
56811
55081
58550
56710
57710
56990
56220
56890
58430
56980
58470
56330
56610
55380
56330
57350
56700
57430
57120
56140
58730
55670
58520
56040
57260
57830
55751
58411
57051
56751
56951
55781
56471
56151
56151
57040
57510
57440
55870
55170
57780
57040
56160
55850
54980
56940
58250
56080
55650
56260
56360
59180
59570
57290
56220
55730
56920
56430
57390
55980
56851
56961
57621
55651
55631
56221
56761
58981
56670
56130
57160
56640
57830
55930
56530
56390
57250
57640
57950
55830
55970
55150
58200
57180
56750
56660
55310
56110
57950
55990
56010
56050
57461
57221
55751
56641
55531
55741
57631
56600
58200
54360
56800
58680
56450
56980
56290
55400
58690
56170
56330
55350
55510
58170
56280
58230
55370
58180
57650
58050
55930
55860
55370
57640
56541
57361
55271
54821
58351
57401
56081
54841
54860
56700
57080
56270
57190
56580
55750
56350
57880
56770
56290
56380
55460
58070
56680
56160
56040
56530
58580
55850
55570
57600
58180
57660
56460
56191
56521
55981
58331
56451
57561
57021
56651
57791
57330
56580
58880
56770
56680
57440
57070
56500
55900
57590
57060
56030
59340
56030
57280
57910
55700
57010
55710
56180
57140
57330
56250
55071
56681
55531
56831
56851
55761
56401
55271
57980
56700
56040
57210
57100
58110
58010
56500
56510
56150
57340
56490
55080
57720
55650
58590
56860
57580
56980
55350
56710
58670
56790
57730
55940
56360
58681
57311
56451
55321
56621
59301
56840
58110
56100
57500
59090
55100
56870
55090
54720
59340
56430
57790
56190
56230
56990
57840
54880
56580
55610
56840
57850
57220
56330
56820
56630
57701
57550
56491
55601
57321
57561
57611
56921
55631
57740
57630
57340
55830
54930
56640
55500
59970
56450
56980
56400
56570
58340
56070
55870
57480
58610
58320
55290
56430
55790
56220
58870
54890
56061
55621
55521
58991
57591
56461
56741
55631
57280
57590
56600
55070
55660
58490
57370
57260
57150
57070
57180
57630
55200
57130
57160
57030
57250
55960
56170
54980
56050
57340
55710
56880
56391
55721
56951
59891
57611
56891
57181
56241
58261
57130
56360
58030
56230
56930
58340
57200
55620
55780
57910
56840
55490
56810
55990
56970
56750
56570
57010
55170
56260
59230
56620
56980
56300
55971
58161
57431
58981
55631
57581
58731
56190
56820
57100
56160
59390
58020
55210
55710
55270
57920
56560
55200
55730
55480
56630
57820
56570
57310
55680
56950
61010
59150
57310
56230
56880
57541
57251
58151
55151
57271
58401
56141
62651
57571
56190
57330
56240
58340
56010
56130
55980
57270
58930
70180
58930
57960
60430
57820
57740
59240
57690
58140
58920
56990
57340
58040
58060
57231
56141
56921
56581
56151
59511
57431
58861
59141
59050
60010
58140
58610
57960
61500
61380
58820
58960
57820
57170
57940
55950
57080
57000
57710
59680
56220
57790
56170
56320
60430
57780
57940
56741
55360
58581
58251
58271
57741
56911
59080
58651
57911
55790
57840
56900
58600
58090
56770
56050
57480
58470
57260
55900
56830
57010
58050
57820
57100
57490
57750
56560
59600
58320
56530
59461
57471
59101
56581
56751
56651
56611
59461
55120
58071
56570
56640
56970
56120
56030
56540
55150
57010
56880
56430
57360
56310
58390
57680
57330
59610
56920
59120
58140
58650
58870
56330
56810
58981
58481
57631
57541
58531
57541
55841
55980
55620
56090
57310
57010
58270
56850
56350
56470
57360
59090
77680
63820
58420
58190
56940
56780
57380
57280
59520
57140
56750
56720
56060
57280
57931
57651
57141
56391
56871
57871
56991
58471
56160
56520
60470
56850
57740
57520
56900
58120
56730
56850
57580
57880
60010
57450
56960
56740
56400
59240
56740
57140
56560
56340
58760
58340
58870
57161
56211
61811
59681
58641
56391
56251
57631
59000
57120
57200
56490
56760
56660
57390
56520
55540
57520
57790
57880
57450
56880
58180
58600
58580
58320
55590
56550
58850
59470
57210
58500
57930
56551
59091
55921
55841
56911
57881
58971
56030
56840
57500
56130
58000
57130
56930
56260
56300
59020
58590
56990
56560
57950
58840
58460
57380
57140
56390
57020
56820
57940
57210
56350
56461
57871
56410
56901
55831
57411
58281
57830
57310
57270
57620
57330
57040
58270
57450
63760
58230
57760
57830
56850
55460
55700
57860
57670
55940
66070
57370
58330
56470
55890
55410
57400
56460
56011
55181
56751
56071
57251
58091
59021
55070
57340
55950
57560
56310
54150
55700
54920
58130
56930
55960
55450
55210
57930
55100
55290
55530
55330
58840
56590
55730
55800
55460
57820
56971
57831
58511
55391
56351
57071
55541
56280
54730
57100
58170
56830
58280
55410
56470
56310
54930
57050
55770
55400
58520
56550
58240
57450
58000
57400
58620
58440
55380
57430
56570
57110
57831
56781
55301
55581
57671
56381
55891
56551
55751
57050
56340
55710
57360
56370
57470
57710
55570
55990
56770
58330
58220
57260
55870
55380
55430
59490
55400
58120
55840
56130
59540
56510
57120
55011
56181
57871
55131
56881
55651
57401
58191
55631
55971
57920
58390
60050
57570
58830
56550
57320
58360
56890
56510
56850
55260
56840
56890
56570
55280
55370
56320
57000
56610
56110
56480
57171
57001
56311
56521
59321
55931
56901
56591
57271
55560
57080
56860
57920
55920
56140
56110
55880
58540
55250
55910
57120
55970
59160
56490
56150
56290
57130
58540
56190
57590
60090
55300
57260
56111
55911
55271
56591
56051
58821
55990
55660
54870
55550
57140
55760
55960
55210
57320
58220
55840
57430
55690
56730
57290
55610
60230
56320
56510
56110
56340
57190
55380
55740
56250
57670
57551
55941
55071
56271
57441
57561
55491
55530
55750
57940
56700
56200
57150
56500
56900
58180
57090
56860
55180
56270
57040
56790
56210
55390
56040
57260
55080
55910
54860
55430
57560
55521
56730
57151
55391
57721
55161
56481
56021
57780
59331
56580
56830
55440
54400
67050
58890
58290
57000
56700
56830
57500
56840
55750
55100
55180
57850
57470
56710
56080
56610
57650
57310
56180
54491
58441
57371
58321
56561
54851
68451
61391
58200
56760
56600
55860
56010
58200
56050
56090
56350
56500
59060
57430
57000
56970
57200
58500
58120
56200
59230
56860
58380
59320
55750
56031
54960
57550
58271
57701
55641
55001
55241
57160
56091
56221
55040
57240
58270
56820
57270
55270
55890
59270
56500
56800
57730
56780
58780
56630
56780
54600
55620
57200
57300
57840
56060
55490
56571
56910
56911
55551
55671
56261
56751
56371
55741
56230
56610
57240
56330
60260
57590
56710
56590
56310
55880
56390
55990
55840
57850
56920
55460
56400
55960
57410
56050
55530
55680
56440
57200
55471
55451
55581
55391
58311
59011
56341
56130
56011
58420
57660
55700
56070
55870
58250
57260
56640
57290
55700
56320
56980
56080
57300
56280
57030
57920
55680
56830
57040
56790
57920
56100
56961
55380
56511
57821
55661
56711
56261
56921
57731
56720
57630
55650
56380
55250
58180
56780
56470
56880
56310
57380
57660
55450
57260
56040
57470
56910
55510
55820
56250
57350
57480
55780
57130
55361
56880
56931
56081
55811
55181
56191
57891
56520
55780
55270
55260
57870
56690
58240
55940
57450
59130
56010
56790
56280
55300
57320
55680
55740
55870
55160
57440
56200
56410
55220
55520
57051
58001
59881
56121
55271
56731
57601
56391
56511
56940
57710
58120
56740
56690
61870
60350
59350
57450
57650
56450
57670
58220
58420
58230
57580
57970
57590
60200
58190
56230
58740
58120
58351
57291
59481
57751
58041
59271
57411
57541
57100
57010
59261
70911
60180
58120
57050
58020
57510
57420
57490
54910
57950
59500
57580
58400
56620
57830
59630
59090
59040
56210
57650
58200
56961
59350
56331
58591
61771
56741
57261
56311
56621
56980
56930
57770
57090
57780
56760
59400
57470
59210
58860
57410
58580
58820
57140
56160
56830
57860
58130
57890
57570
57390
58490
58000
57810
57071
57160
58621
58211
57571
57051
56761
56910
58741
57030
58270
56760
56510
58060
56800
57580
59070
57010
59950
57850
57070
58230
57270
59030
56260
56840
57810
57470
59670
57930
56610
56850
57261
56971
57711
57961
60051
57151
59661
58351
57631
58471
56300
56920
58850
57150
57350
57620
56860
58160
57080
56850
56060
57180
57620
58270
59150
56200
57660
57910
57200
58140
57150
59940
57610
58851
58711
57711
56801
71851
75121
61681
58581
57130
58860
58990
58360
56790
59440
56110
57880
58120
56560
57150
57310
57370
60540
56500
58810
56840
56260
59150
56600
57130
55370
55520
59090
57481
57141
55901
56871
59391
58411
58301
56270
55741
58921
58410
58660
58520
56740
56920
58280
58790
57090
56420
57680
59000
58970
56610
55720
56640
59140
57930
56390
56570
57740
57930
57080
57661
57481
57231
58301
58721
58941
57371
57321
57040
58920
58020
57860
56970
57200
60360
57550
57230
58430
56420
59980
56960
56760
56710
56280
60440
58160
57710
56840
56280
58270
57220
57030
56461
55811
57911
57741
56991
57731
55801
57811
57640
56610
57520
56090
58270
59360
56400
58060
56900
59500
59090
57590
58080
56490
57740
58360
57700
59050
57290
56950
59590
58760
58220
56591
57260
57271
57671
57571
57821
58531
57521
58040
58500
57410
57770
57290
58710
57320
57810
57640
57030
57880
58240
57750
57490
57720
57480
59950
55940
56990
56900
56550
60140
56310
57810
58681
57340
59841
57111
59201
57421
56851
58691
56961
57660
57360
56950
58260
58580
57850
56540
57100
57710
56930
57950
57580
57030
57680
57970
56900
55600
55180
58050
58510
65190
61150
58060
57250
58561
58531
56451
56741
57691
58041
57791
57251
58781
57280
57180
60970
57210
57270
59220
58390
59970
56740
59060
58490
57170
60230
57680
56500
56900
56740
58650
56350
58610
57890
56870
58420
57911
59361
57691
56341
57391
57701
57751
57131
55111
57380
59680
57650
56920
56070
57450
69540
58730
58370
57330
56390
61090
57610
58130
56700
57280
60860
58040
60310
58570
58040
58520
58990
58320
57931
57111
57841
