77270 
102500 
93180 
50060 
71180 
53130 
45930 
49510 
47120 
51860 
48310 
52820 
36180 
47610 
49480 
42410 
48060 
44870 
43780 
48770 
22830 
38620 
52760 
45420 
42510 
50790 
44550 
48010 
46080 
25970 
38070 
50900 
51590 
72210 
66130 
61740 
59660 
69560 
32790 
43090 
72530 
65240 
59790 
67260 
56550 
60070 
67190 
34080 
51540 
68120 
64510 
56830 
69320 
59820 
56760 
66210 
32600 
46450 
68090 
65580 
48170 
49500 
43410 
45890 
50070 
22430 
45870 
55990 
50830 
48810 
86690 
73510 
57410 
50440 
23940 
35350 
52370 
48810 
43020 
47250 
41830 
43080 
48300 
26710 
37840 
49570 
44180 
46810 
44340 
43600 
45570 
44930 
24050 
37540 
52150 
51940 
46480 
50920 
45220 
45220 
48850 
40610 
49600 
69270 
63630 
61640 
65340 
59310 
62400 
65060 
33150 
52180 
66380 
65480 
56380 
68130 
56810 
58970 
69960 
33450 
52270 
70240 
65580 
61280 
65960 
60330 
55870 
68220 
24240 
36120 
47860 
50850 
45090 
47220 
44060 
52000 
49220 
23620 
83580 
92030 
66580 
56210 
48800 
45250 
46730 
47340 
23850 
37640 
47470 
48870 
42480 
46700 
43960 
42140 
47180 
22940 
38410 
49890 
50820 
42900 
48670 
42820 
46950 
47910 
22390 
37760 
49490 
53170 
45520 
46340 
74600 
59160 
69500 
34400 
46280 
77790 
63380 
59850 
66790 
57070 
59400 
67380 
33210 
48670 
64580 
66480 
62510 
67980 
57920 
57490 
63290 
33710 
46910 
67870 
64130 
56310 
67320 
47290 
44550 
51170 
24560 
37820 
50870 
51380 
50020 
50340 
44850 
81350 
79270 
33130 
38050 
53260 
48490 
42060 
47420 
43190 
41450 
48600 
22640 
36570 
49260 
56080 
47690 
47740 
44470 
45040 
44710 
27640 
34600 
49930 
47760 
44940 
49510 
47040 
43470 
50110 
23100 
37310 
82350 
65640 
58980 
65560 
54860 
60030 
63060 
36210 
48260 
70770 
69180 
57520 
66420 
59880 
55710 
66670 
32070 
51400 
69330 
65430 
59350 
68470 
58830 
59740 
64870 
32410 
58400 
58100 
49660 
41910 
50820 
48730 
43060 
47470 
27720 
39800 
51140 
87400 
77640 
72320 
55910 
45480 
49070 
23980 
38530 
49050 
47160 
46790 
46950 
44470 
42150 
46770 
23350 
34480 
49540 
47750 
42900 
49080 
40450 
44200 
49580 
22840 
38550 
53220 
49400 
48160 
47880 
46170 
43260 
81070 
34420 
49370 
73470 
65150 
61150 
67570 
57670 
57340 
66810 
32510 
50820 
67570 
65360 
58560 
65150 
61410 
60640 
67030 
34220 
45240 
68640 
69830 
57240 
67100 
57360 
67020 
50560 
23850 
42380 
51340 
52100 
44320 
49770 
46900 
48270 
50010 
46630 
68930 
69530 
54330 
48430 
52700 
46620 
41560 
47340 
22670 
38180 
52140 
46800 
44510 
48340 
42750 
49650 
51030 
23170 
36740 
49900 
53000 
43130 
48220 
46710 
47650 
53710 
26280 
35820 
56640 
49920 
74070 
68730 
58990 
61350 
66690 
38050 
52160 
68070 
65610 
58820 
69640 
63080 
56170 
67710 
31440 
57130 
69020 
61480 
55600 
66220 
61180 
61810 
65770 
33500 
51360 
68270 
70000 
47580 
46610 
44770 
44000 
49820 
26950 
36410 
56470 
50770 
46060 
91760 
76840 
64630 
58330 
23850 
36700 
52250 
49030 
47210 
58040 
42540 
41850 
48100 
24390 
36120 
48530 
48540 
41550 
47970 
41280 
43680 
47980 
23860 
37650 
55140 
49890 
45610 
46670 
46360 
46700 
46240 
25570 
68870 
75370 
69040 
56710 
67420 
59230 
58380 
70440 
32680 
50970 
68010 
65980 
59930 
64730 
57560 
60830 
66810 
34180 
44360 
69290 
67550 
58030 
67960 
58990 
61030 
67200 
37820 
37870 
50440 
50900 
46870 
48880 
44340 
47190 
52180 
25400 
38760 
93590 
78070 
59550 
66580 
45460 
42280 
50080 
24150 
37510 
51000 
46970 
43860 
46990 
44200 
43920 
47810 
23880 
35980 
52660 
47170 
44100 
43750 
45710 
42590 
50440 
24350 
37030 
53450 
48890 
46750 
48760 
72760 
61580 
66730 
33640 
51110 
67200 
66130 
57240 
65770 
60090 
57750 
67280 
33110 
49030 
69670 
68340 
57590 
67190 
57610 
59830 
63320 
36420 
52160 
69780 
65400 
60370 
71320 
47700 
40880 
46110 
24260 
36640 
51380 
45550 
51200 
50140 
43120 
82600 
92160 
34040 
47840 
51610 
45100 
39490 
45820 
42330 
46650 
44240 
22950 
36880 
47590 
49680 
37280 
50580 
41590 
43220 
48030 
21850 
37600 
53220 
47430 
37040 
48770 
46460 
51210 
51780 
23250 
43930 
48990 
78160 
52290 
67310 
59350 
57050 
65690 
32170 
59350 
71070 
64250 
52870 
65620 
59050 
57470 
64150 
32500 
55490 
68950 
63500 
52220 
65660 
60420 
61110 
63030 
31150 
50820 
69780 
46880 
40880 
49840 
45300 
50620 
46250 
24550 
41920 
52430 
48100 
82080 
83980 
58710 
50840 
48300 
21840 
39350 
49890 
49030 
41370 
49750 
44470 
46390 
45300 
21950 
40750 
45840 
46740 
40360 
48700 
48630 
35210 
49440 
23900 
39480 
49590 
45240 
40630 
51000 
43600 
45210 
79330 
35340 
54130 
62090 
57480 
51570 
65930 
58390 
57290 
64820 
31900 
55430 
63450 
58580 
57160 
67930 
56020 
58240 
65270 
33790 
53150 
61870 
59720 
58530 
69000 
57610 
66050 
54350 
24610 
39710 
46090 
50990 
37980 
50650 
49500 
45880 
52490 
48000 
79120 
72400 
57510 
43920 
50560 
43760 
43420 
43680 
103330 
39960 
49320 
48290 
46440 
49970 
47990 
43110 
47050 
97940 
37380 
51380 
76060 
46590 
49950 
43650 
46960 
48530 
51830 
41900 
48280 
52280 
39670 
83900 
62230 
54700 
71540 
66470 
56530 
65250 
66730 
57500 
69560 
65490 
59870 
68190 
84890 
53590 
64250 
66870 
50610 
70030 
60900 
59820 
64590 
64230 
56200 
65260 
63580 
59950 
53990 
46810 
47080 
52480 
49620 
45260 
48970 
56270 
41540 
51490 
84170 
78620 
66090 
53480 
43590 
48230 
47170 
39980 
51490 
45880 
43080 
48750 
48970 
46190 
45310 
47950 
38840 
50750 
52120 
45050 
46860 
47500 
46210 
46880 
49030 
38430 
56200 
48910 
45110 
51160 
46750 
72070 
65460 
66200 
64140 
67610 
65620 
57790 
69740 
66440 
49780 
65630 
63990 
59500 
68250 
63350 
58700 
65230 
64480 
54290 
63490 
63200 
58190 
67070 
66550 
61800 
65080 
72080 
41260 
49150 
48440 
46020 
49220 
45220 
45240 
54910 
24570 
40490 
104460 
88080 
67900 
67500 
50610 
44850 
46740 
44750 
39450 
46280 
46050 
42430 
48830 
47810 
41070 
44620 
42870 
37590 
49710 
44600 
43300 
45730 
46120 
46270 
44530 
47310 
42850 
50810 
50050 
47580 
48350 
47570 
73940 
66790 
63370 
47280 
67230 
62360 
59330 
67600 
59980 
58470 
63520 
65230 
53240 
61040 
62600 
57200 
65150 
65800 
57200 
67380 
62740 
55710 
66960 
64940 
58230 
63600 
65370 
46020 
46980 
45670 
40050 
47710 
48830 
45670 
52120 
49650 
43670 
89780 
83590 
51930 
53590 
48320 
49450 
50330 
47830 
42590 
47040 
44270 
41090 
48100 
47160 
43520 
46320 
44450 
46450 
45670 
46230 
36900 
47180 
49390 
41570 
49590 
47100 
47070 
51280 
45410 
38520 
46680 
75690 
65460 
63840 
64110 
61520 
66860 
65030 
52210 
67990 
63600 
55490 
68200 
65000 
56680 
65770 
62830 
55190 
67500 
63700 
56280 
62560 
63300 
62470 
65780 
63310 
49140 
67780 
57050 
42790 
45450 
51750 
45210 
49830 
44120 
38770 
52960 
47710 
89370 
87640 
65340 
57050 
46150 
48120 
44500 
44980 
45590 
41820 
45770 
47800 
42490 
45640 
45290 
43350 
50130 
45540 
44690 
47720 
43700 
47920 
46660 
44720 
37790 
48630 
49270 
48630 
46720 
48080 
42420 
50030 
78970 
49390 
64570 
62280 
60270 
67360 
61120 
58870 
65210 
64390 
54600 
64050 
64900 
59990 
62980 
65290 
58160 
64510 
62460 
47930 
66240 
65500 
57630 
64240 
61370 
59070 
69210 
45730 
37830 
43580 
50690 
47680 
44930 
45200 
50440 
48380 
50440 
82760 
83350 
63850 
48790 
49720 
46560 
44470 
45720 
46570 
40690 
48440 
43840 
44170 
43430 
47860 
45970 
44660 
46330 
36900 
44600 
48470 
43950 
46330 
44100 
46100 
51850 
48260 
40620 
48300 
47150 
48440 
78570 
62000 
57450 
63430 
66350 
51810 
61370 
65090 
56900 
68660 
65410 
58770 
64950 
60790 
53070 
65450 
66680 
60410 
64730 
65380 
60260 
64580 
64530 
50540 
62570 
67230 
60560 
59040 
46740 
41470 
50610 
48840 
38550 
45480 
48210 
48780 
50660 
87960 
77730 
73960 
61710 
43080 
48600 
46130 
45640 
47740 
47350 
42920 
45570 
45170 
37220 
47470 
46760 
41920 
50160 
43650 
45200 
50480 
44030 
39060 
45340 
46590 
48510 
46030 
49780 
46930 
48940 
50660 
37190 
81140 
67290 
58230 
68680 
63190 
58200 
63920 
63210 
56240 
64420 
65090 
58390 
63730 
65540 
58940 
64890 
62100 
50210 
60940 
67650 
56070 
63510 
64240 
59740 
66980 
59960 
59550 
50060 
45800 
47310 
49440 
49600 
43700 
49220 
56190 
42460 
47180 
86680 
78930 
73220 
54100 
43330 
47270 
44800 
37120 
49880 
44600 
45790 
50290 
45320 
49090 
48920 
47770 
40380 
44880 
48240 
42260 
46040 
44850 
47690 
48840 
47230 
36790 
49640 
46100 
47780 
49240 
44700 
66030 
65470 
70440 
56100 
62270 
65920 
55290 
63470 
67010 
59060 
66070 
65170 
51550 
65980 
62040 
58820 
63930 
65260 
63200 
65820 
64160 
55040 
65810 
66710 
61350 
65160 
63490 
56760 
50460 
46650 
43830 
52200 
46660 
46020 
55570 
52800 
46130 
96660 
91840 
66200 
63320 
49740 
44440 
45660 
48300 
43740 
44870 
47410 
37800 
50870 
48120 
40780 
46640 
42790 
43320 
48810 
45170 
38350 
45000 
46660 
50620 
44270 
47320 
45010 
48080 
54220 
38590 
45620 
47250 
72680 
72790 
64670 
58520 
68320 
62590 
56980 
65280 
61480 
58670 
65530 
67290 
63860 
64320 
63100 
53480 
64130 
68300 
56950 
65270 
60440 
58650 
69430 
60880 
51610 
62940 
65660 
49940 
47080 
43900 
45090 
47060 
47770 
38690 
54330 
49800 
45560 
95230 
83180 
62420 
54760 
44510 
37420 
50010 
49890 
44260 
46380 
46580 
50080 
44770 
45480 
38160 
46250 
50800 
44470 
46710 
45340 
44680 
48980 
45400 
36900 
60440 
57220 
46240 
53260 
49650 
50300 
49700 
68520 
57070 
63760 
65410 
62330 
63860 
68680 
56540 
62990 
62670 
49290 
66700 
66390 
57870 
65180 
64530 
59680 
66270 
61670 
54690 
63160 
64380 
62210 
66180 
64060 
56280 
74820 
52590 
39660 
45870 
49800 
46180 
51200 
43890 
44310 
49430 
47370 
56360 
94240 
72860 
57530 
49030 
47720 
46300 
47200 
50270 
38900 
45070 
53380 
43150 
47680 
48610 
43340 
49770 
43440 
38070 
49290 
45480 
47390 
44350 
45020 
42980 
50550 
51690 
41750 
48080 
49340 
48290 
49610 
83360 
56470 
66000 
59970 
56400 
70550 
66450 
59190 
63780 
64830 
64780 
65620 
63420 
50310 
68760 
71860 
49600 
67870 
62470 
57670 
71380 
64520 
57860 
67750 
62650 
61200 
70010 
49930 
43210 
48480 
48280 
43580 
50090 
47650 
52300 
48800 
50870 
83820 
85020 
62660 
41590 
52190 
46750 
43850 
46280 
42880 
45890 
46490 
47030 
38690 
47250 
48810 
47640 
45880 
48470 
42730 
46200 
49670 
37610 
48290 
43620 
44600 
54740 
48450 
48010 
48720 
46870 
42990 
58430 
69280 
57200 
64260 
65620 
60150 
64880 
65450 
54400 
66640 
69570 
60680 
63970 
63160 
58770 
68700 
64880 
52340 
63720 
63560 
72190 
67770 
63160 
56950 
62130 
66680 
48500 
62770 
48460 
41610 
52760 
47940 
50380 
47300 
48570 
43230 
51880 
51110 
82010 
76510 
59680 
52130 
45380 
46240 
41590 
45790 
53200 
44030 
46650 
45070 
41600 
49630 
43050 
37180 
46640 
42660 
43130 
49510 
48130 
45330 
43180 
44190 
45970 
47700 
52510 
45720 
48150 
52530 
43800 
79560 
61850 
47950 
67110 
64530 
59870 
66080 
60510 
58570 
64090 
65900 
50800 
62030 
64270 
60760 
66590 
63410 
57070 
67530 
65400 
52300 
66240 
63060 
57050 
68190 
62860 
64140 
46520 
48660 
41160 
51270 
48570 
46240 
43980 
52870 
49400 
49720 
89190 
77500 
71770 
60780 
47420 
48560 
60930 
50120 
49520 
44300 
37380 
46550 
45750 
48310 
45420 
45520 
43140 
43130 
48790 
37570 
45180 
46570 
41820 
48020 
48180 
44260 
49420 
46260 
42060 
49950 
46780 
57340 
67800 
63350 
62470 
61840 
63310 
48700 
63280 
67040 
56750 
66340 
60170 
56270 
67420 
61080 
51480 
61960 
64060 
61680 
65530 
63870 
57510 
65460 
65070 
55000 
64880 
68450 
62800 
50570 
47270 
46850 
50240 
47700 
38340 
51880 
52380 
46870 
79750 
87820 
72770 
59930 
48740 
38970 
44900 
48110 
45830 
46200 
46410 
41880 
46850 
47380 
40570 
47610 
45790 
42400 
48490 
43940 
44790 
43270 
45530 
42130 
44430 
49800 
42590 
48080 
51780 
46180 
49900 
45240 
69630 
67050 
69990 
61770 
65970 
64090 
61560 
67630 
66810 
51230 
64620 
64050 
61770 
64430 
64110 
57140 
65450 
65820 
49830 
62920 
60760 
56760 
68420 
62050 
58250 
61880 
62940 
41520 
47960 
45070 
45430 
48580 
48690 
46010 
53490 
48930 
39010 
97880 
85270 
66100 
56760 
44780 
40930 
50030 
43770 
38860 
42300 
47470 
41650 
49580 
46230 
44140 
45050 
48130 
47130 
46670 
46490 
38060 
55770 
50300 
44250 
51260 
46450 
47250 
48260 
47490 
42960 
49050 
55710 
70950 
66450 
67190 
57890 
63820 
67210 
59150 
63550 
62100 
55700 
67960 
60630 
53600 
62220 
68950 
57230 
71850 
64890 
59760 
65280 
66380 
58890 
64970 
64880 
55480 
68990 
61710 
49520 
46100 
46610 
45530 
47100 
49240 
43750 
58100 
51940 
52900 
90450 
75520 
60700 
47850 
51760 
50150 
49890 
47460 
46120 
47740 
47990 
45360 
45400 
45000 
35900 
53110 
47620 
47270 
51730 
44780 
44850 
45050 
46810 
39420 
49750 
48940 
50410 
52860 
48610 
43360 
52160 
82840 
54610 
71230 
62440 
64190 
68110 
62420 
61130 
59320 
67440 
56710 
69210 
69580 
63020 
64410 
65480 
60810 
64430 
65400 
58970 
67760 
69470 
67090 
67540 
63460 
60200 
68220 
55610 
38840 
45700 
52430 
50270 
47950 
45400 
52690 
48130 
51970 
87400 
87100 
66680 
54310 
49260 
46720 
45390 
45000 
44290 
42180 
48310 
47560 
45340 
44850 
48360 
47470 
44450 
48110 
38210 
48170 
47520 
44130 
47130 
43920 
45270 
51250 
55190 
44960 
46270 
44180 
52020 
77480 
67060 
55530 
64020 
68000 
60220 
64550 
63140 
72750 
68630 
66690 
50530 
62060 
62630 
58330 
66130 
62150 
63800 
63040 
63600 
54250 
63400 
63720 
56040 
63600 
66810 
63290 
64150 
46260 
39600 
48400 
50280 
45350 
45880 
49510 
51800 
50500 
45500 
85040 
76200 
64350 
47240 
46870 
47850 
43620 
45250 
47510 
39070 
46260 
44620 
43050 
49890 
44980 
46640 
49950 
43920 
40760 
45460 
45210 
43630 
44020 
45080 
47300 
47780 
51070 
38570 
51620 
48320 
46470 
81110 
63040 
64160 
66350 
64710 
60910 
62260 
65180 
60370 
67180 
66670 
62990 
63270 
64650 
49020 
66190 
63830 
57460 
65000 
60670 
66880 
63360 
62720 
51500 
62640 
65280 
66370 
53060 
45130 
46860 
51400 
48790 
40540 
57430 
61160 
51200 
51510 
90170 
84450 
74460 
55000 
37740 
50760 
45740 
44050 
45710 
45750 
47340 
45940 
