49460
22450
21821
26910
24720
23850
22850
23580
23480
23050
22050
21970
22450
23850
23530
22850
58291
59000
58241
58691
58810
58111
59761
57500
62091
60310
55730
56721
58100
56890
57511
57530
58481
57751
58640
58351
55701
55760
57261
58010
57150
56691
56390
57330
58481
57250
57780
55931
56420
58341
57991
58330
54821
57671
58620
56471
60261
59660
57821
58510
56980
58601
56180
56270
55511
57910
57841
55761
56750
57321
57381
57980
60351
56900
57950
58131
57660
58270
59771
58110
58760
58501
59620
59241
57791
60960
58871
59461
56890
67201
59141
58850
59861
57330
58020
58051
59520
58731
57971
56890
59141
58921
60440
59061
58061
61700
58491
60460
60380
56951
57670
57850
59511
59280
56561
57271
57330
58411
57341
55980
57011
56871
59180
57001
57311
56480
55541
58180
57840
57351
55950
57110
57591
58170
58201
56271
56140
60011
57311
57940
57131
56320
58390
57111
57580
57330
57561
56490
58640
56431
57480
54741
57161
58950
58361
56671
56580
58261
59051
55990
58401
56350
56400
57181
56700
58961
56591
56340
57881
56231
59140
71401
59171
56850
57971
57170
56900
56361
57450
57720
59291
58050
58831
56991
59110
58911
57221
56980
55491
57820
57650
57241
56460
55040
57431
58760
57621
56721
55270
56501
58721
55740
57671
57791
58120
57871
56670
59620
57131
57230
57480
56291
56960
57630
56221
59040
57901
58531
56970
56251
57581
57210
59861
55360
56320
57091
57900
58380
57261
57460
57350
57981
58850
58341
59081
57950
57901
58031
57550
55831
54840
57300
57751
57060
56650
56251
57460
59191
56561
55080
55741
56241
59870
57661
57861
59070
56111
56930
59150
62381
58140
57570
58721
58230
58151
58841
54810
69921
61441
61070
58761
60961
60640
59381
58130
56700
56161
57360
59430
56591
59140
56881
56441
59430
58891
58801
55770
61201
59111
57130
58741
56290
56750
57651
57930
59020
57321
56680
58891
58591
58050
56771
57351
58370
58681
58891
59480
57981
58610
56810
58431
58060
57151
56411
57180
58211
58251
58370
58451
58091
57770
58121
59070
56850
58211
58790
58160
56521
55910
56380
61111
56550
57851
56211
60000
59061
58490
59410
56071
55690
56980
58681
57940
56410
57321
58750
56550
57051
57410
56071
58821
57690
58541
57261
59690
58391
59381
55550
58091
56920
57610
56541
57540
57480
56761
56880
56141
58401
57650
56041
56601
57700
58081
60450
56850
56911
69190
60941
59831
56670
57940
56951
58800
58491
59431
58610
57461
56071
58100
56671
57060
55540
57161
58310
57410
57071
54870
57401
58451
57850
56131
56121
59570
57701
57000
56880
58421
57430
59820
58901
60150
57380
55801
57790
58251
58981
57960
56791
57031
57400
58791
57531
56390
58871
58360
58290
56421
54710
58940
56831
58250
56870
56741
56520
61011
58901
59250
56781
56331
57290
58851
58830
56900
56841
57350
56910
58091
56300
57351
58161
57600
58541
57121
57210
59551
58260
57550
56691
57200
57850
60641
58100
58331
57041
56700
57721
57221
57120
56281
56300
57250
58391
58390
56920
55951
58240
57130
57791
57350
56710
57391
57900
57291
57791
57090
60301
59921
57840
57611
56710
57400
57791
57170
58960
56161
55920
56300
56731
58220
56501
56731
56050
58401
56991
56020
59681
59600
57850
58151
56770
58230
57141
58270
57451
57371
57270
56551
56091
56780
57631
56731
56340
56591
58810
57940
58681
56020
55900
59421
56720
62301
60631
59580
60341
58831
60260
59101
58961
59690
58371
59330
56630
58641
58970
59210
60211
57040
58031
58631
57890
63531
57631
55210
58711
57500
58790
57401
56420
57810
57541
59070
59110
56741
57830
57971
59321
56730
56301
57311
56730
58141
58460
57500
56541
56130
58730
57051
57280
56041
58251
60030
59561
57921
56930
58721
58211
59500
57391
56350
57750
58851
56760
57520
57381
56890
57460
56591
57930
58001
56481
57940
57381
57901
56840
56661
57750
57840
58611
57100
56330
57431
59120
59731
58631
55960
55971
59061
57040
57551
57690
56300
57531
57630
58750
55681
56400
56970
57031
59860
57591
57381
57960
59691
59851
58400
58691
58951
59820
58561
56480
56440
56041
57700
57430
57871
55890
56170
57981
58080
56281
57041
57940
60501
59491
59250
59511
59220
57350
60251
59080
56980
56901
58950
59401
58491
57930
57941
56051
58910
57521
58461
58310
57061
58490
56950
58041
56970
57050
56371
58050
57871
56431
56390
61571
58321
58060
57401
56550
58530
57661
58320
57000
56561
56320
58480
56041
58100
56341
57611
57170
58081
58851
56750
56191
56811
57540
57581
58400
56490
58641
58210
58541
58101
57680
56101
59511
59120
56941
56921
56910
59201
58230
57190
57341
56590
57310
58401
56950
55750
56421
56660
59501
57801
59780
59021
59281
58170
61521
58400
55810
56991
56810
57240
58591
56130
56151
58711
57480
57761
55761
55750
57981
57751
58470
58491
57750
57470
58081
60060
57040
56261
57380
58811
61251
58850
57351
59371
61670
61151
57640
57400
58491
59420
59670
58901
58280
58140
59311
60310
59171
58821
58730
61631
60021
59710
58581
57381
60760
58361
59520
57630
58611
58220
65521
63991
56810
58771
57421
59130
57621
58270
58260
59621
59230
58760
58331
59060
57920
56141
58400
57931
57571
55870
57881
64151
59620
56221
57400
57040
58561
57060
57620
67801
60490
59381
56301
58350
56370
56281
57130
57871
57681
55480
56231
59731
57950
59051
59410
58980
60511
58410
59170
56621
58290
58321
60241
60010
57141
56771
55410
58021
56341
58560
56911
57600
57310
57171
59570
58661
58001
57380
58061
57541
58960
58121
58051
58710
57391
57790
57070
56291
59600
59380
72441
61330
56740
60041
57570
58551
58301
56500
58421
58450
57780
56941
59600
58310
57651
59770
58461
55911
58430
58611
58881
58270
57581
57531
57580
58971
56461
55520
56711
57570
58180
57641
58730
58000
58131
57960
58021
57201
57910
57201
58981
61730
56781
56581
57350
57861
56730
57250
57881
57710
59000
58451
56150
56231
57401
57910
57251
57231
56740
57801
58621
58490
58751
57040
57110
67201
59140
59581
57751
55860
57761
57221
58710
57531
55921
56020
60331
59380
57580
55771
58610
59970
57961
58590
57441
56901
57800
58171
58591
56620
55911
57221
58670
58091
56710
55660
58511
57900
60611
57111
56270
57571
58441
59030
57141
57631
57270
59181
58080
57140
56471
60670
61390
60231
57440
56581
59201
59290
57931
58191
56200
56791
58150
59310
57931
55840
57010
56131
59750
57560
57521
59810
57661
60031
58800
58461
57691
59490
58431
58351
56960
55881
57730
57940
57131
58180
58980
56531
61220
62581
60151
57040
56901
56071
59930
58141
57541
56090
56961
58880
57270
57361
57370
59390
57831
57670
59110
58401
57280
56971
56611
57990
56171
56721
58320
57681
58990
56060
57011
58290
58041
58761
57950
63691
58671
58610
56851
57321
57440
57801
56471
58100
57911
58090
58100
57001
57460
57890
63731
58750
59631
58901
58250
58341
62391
58550
60621
58731
58180
56211
58800
58350
57061
57810
54340
57361
58160
58181
59771
56070
58371
56561
56430
58781
56591
55700
58591
57580
57590
57301
57950
56610
57091
59040
57121
56731
58770
58111
57381
59060
58611
59120
57830
59751
58400
56941
57481
57700
60681
61121
55240
57021
60561
59310
57541
57210
56920
58681
60660
58890
57911
59390
58270
58381
58540
56601
56611
58010
59861
58621
58910
57171
57391
57290
57381
56860
57950
56411
59560
58180
58591
59030
57591
57751
58200
60081
58571
55870
57031
60091
57060
56741
58180
57730
57781
57680
60001
56341
58470
56701
59161
58540
57211
57931
59450
57141
61970
57090
57731
58560
59031
57231
56010
57250
58351
58860
57071
58311
58020
59311
57551
57870
57791
56520
57470
58301
56380
57841
57891
57090
57481
57701
58330
58881
57711
56690
58491
58271
58010
56071
57570
58690
56261
59220
58570
57681
58460
57791
58861
57680
58261
56801
58450
57931
57751
57420
56711
59330
57480
57421
56280
58920
58051
57900
59031
56981
57460
57711
57860
60440
58051
58370
58360
56611
59110
56520
57961
58620
58281
59161
57400
57421
58581
58910
64571
60001
58310
58071
59110
59100
57951
57180
57410
60001
58420
58621
56451
56390
58091
58831
56790
56631
57461
56370
59111
59110
57080
57431
57380
59190
56991
56610
57051
57561
58750
58111
58411
56780
57451
59501
58040
58021
56270
56740
57721
57590
57620
56661
56590
57971
58161
58560
58371
56561
57160
56721
58231
55960
55831
57790
58970
58561
57210
55491
57631
57960
57221
62811
58120
58061
64181
64840
60201
56410
57170
57411
56960
58200
57191
56280
58811
59221
57530
55211
56891
57400
58681
58321
61370
59821
58660
60060
58001
56980
56960
57541
57090
57320
57451
57060
58231
58281
57510
60731
56510
55770
58751
58310
57000
57021
57070
56910
58371
58220
57441
57431
57200
58911
58101
58930
56751
55570
56340
57561
57900
55770
56981
58940
60161
58031
56060
57941
57191
57340
58431
57871
57310
55631
60340
61600
59351
58930
58310
59471
60700
57290
57171
55830
57551
58931
58770
58161
56611
56890
60121
58100
55990
58581
58300
58470
58871
58810
58101
56801
61490
60831
57861
56920
57781
60771
57010
58781
55040
56140
57521
57110
58860
58101
57850
59901
58361
59120
57671
57650
59090
57941
58600
56570
55831
56680
57681
59471
56460
55891
56201
61820
58121
57501
56190
58801
57661
58350
60151
56850
57210
57071
59880
58580
57351
55900
55670
58931
57570
56071
56451
58760
58441
60531
57460
57421
58680
60810
59031
56920
58460
58111
56730
59931
58101
58780
59821
59421
59110
57721
57951
56380
60641
59960
58140
57081
57620
58961
59931
58890
57101
56941
55840
59831
57651
56830
57261
56400
57540
56421
58940
56220
56991
57160
55991
58521
56550
56851
57681
56390
57351
56831
58030
57051
58261
58100
54771
55830
55920
57241
55900
55730
55671
55610
58041
57891
57410
59531
56751
56960
56791
56970
55490
57671
57500
57760
58531
57420
55891
55411
59100
57391
56111
57740
56651
59210
56970
57881
56470
55830
56261
58860
59060
57051
57300
56940
55461
57160
57621
56241
56980
57641
58821
57010
57591
56700
58860
57311
56610
55800
55871
57420
79041
62651
58040
60021
59961
65610
65451
58931
58700
57801
58870
59360
57351
57160
57430
57791
60790
57331
57271
55850
56991
58631
59650
58841
58030
63300
60421
61100
57640
57291
57110
59031
59531
57870
57261
57611
61490
59011
58271
56230
58461
60450
59690
57661
56560
57490
59541
58100
57391
57691
57630
59191
57781
58550
57261
59751
59080
59091
58820
58440
57401
59220
59151
59651
57820
57071
60311
58380
58171
57841
56890
57961
58800
59490
57601
57220
58490
57481
58970
57810
57791
57950
58010
58891
58580
57651
57261
60120
61031
57760
58200
58581
58260
59040
58981
56210
59260
59541
59990
61101
58921
58950
58791
60471
60390
59691
60371
59040
59281
61320
59710
58231
59490
59770
58571
58690
58411
59041
60110
58281
59921
56750
57141
58071
58270
58921
61020
58270
57831
59510
58050
58321
56590
56511
57981
57410
58801
56961
58300
57141
55960
61510
59371
59220
58800
57741
57280
55210
57091
57660
58071
59861
57220
57301
58401
60240
58731
58160
57640
57871
59880
57850
59561
58220
57551
58401
59730
59441
58571
57790
58721
59740
59470
57081
58400
57690
59501
60110
58140
57101
58830
59781
58891
58020
56611
57371
58480
59591
59901
57750
60031
59160
63700
60431
60230
58271
58971
60380
58881
60321
58430
57481
59131
58520
58301
58480
58370
59001
59590
58340
56691
58830
57030
59131
58830
57801
60181
59050
57641
59791
57530
58381
58920
57820
58691
58090
57730
57871
60030
58790
58021
57970
57351
58971
58200
57531
57651
57640
58921
58830
59180
58241
60090
61120
58261
58950
57350
56291
59040
59031
58271
56610
57861
59731
60180
60431
62400
58080
56201
60340
56920
57471
63280
60781
59421
57870
56241
57151
58500
57861
56610
58100
56091
56920
58670
56511
59480
57611
56641
57070
58181
57881
56170
62491
58131
59140
57431
55871
57170
57131
56010
58580
58681
56990
57370
57181
56880
58321
56431
56290
58561
57881
58050
55481
58430
56340
58631
64680
62580
57791
56980
58461
59111
59750
60031
57611
59190
58531
61600
58860
58371
58510
59240
58051
58400
57021
57941
57830
58601
56761
56920
56561
58821
58130
57721
55970
56840
57661
56840
56820
56121
57570
57260
58351
58810
56440
56711
56230
57621
58541
57510
55961
58251
57490
58831
58540
56130
56401
57810
56340
56411
55150
56261
57591
59230
57331
57951
58260
57701
59440
58680
55821
56550
57351
58241
58120
56751
55151
57140
58701
58601
57080
56451
55911
57810
56001
56590
55140
55601
60820
57180
55931
56560
58501
58781
57360
59051
55031
56690
56811
57351
58920
56471
55700
58840
56981
57140
57590
56131
57230
57541
56511
55390
55921
57771
56780
59171
56391
56500
58111
56840
