77320 
47680 
43030 
41520 
41010 
37260 
38180 
38030 
39530 
44780 
38090 
37760 
37320 
38240 
44820 
38880 
37950 
35400 
38640 
50820 
36790 
35700 
35690 
36040 
36580 
37300 
37250 
36560 
37090 
36940 
36810 
37810 
38840 
38140 
35790 
37230 
35950 
34680 
38330 
36740 
37260 
37780 
35850 
36390 
37840 
37840 
36880 
35670 
36530 
36930 
35400 
36330 
36670 
37620 
38990 
36750 
37570 
37580 
36930 
37240 
36950 
37600 
36200 
37930 
42340 
37770 
37880 
36490 
36630 
35240 
36920 
40390 
36970 
37340 
35980 
39610 
36010 
37380 
37170 
36890 
38400 
36930 
38940 
39470 
37780 
37960 
37030 
37650 
37190 
37000 
39620 
37520 
37210 
35850 
36140 
35900 
38170 
38440 
35380 
36400 
36840 
37090 
38880 
38720 
38270 
35280 
37150 
36190 
37680 
41990 
37820 
38360 
37620 
38300 
42870 
36460 
39510 
37790 
37790 
37680 
37240 
36240 
36670 
38090 
36040 
36200 
35830 
37820 
38200 
37910 
38020 
36930 
38420 
36800 
38350 
37180 
36410 
36570 
36610 
37130 
37200 
35800 
37100 
36160 
37670 
36560 
35530 
35390 
36090 
36910 
36480 
37070 
36250 
36660 
38370 
37650 
36470 
36050 
36190 
35910 
36260 
36530 
35020 
36660 
36220 
37010 
36030 
35390 
36000 
37830 
36400 
37000 
36180 
35320 
37200 
37360 
37810 
37410 
36310 
39780 
36850 
37340 
34380 
37680 
36090 
36180 
36410 
36620 
34280 
36280 
36070 
37270 
37110 
36240 
37650 
82360 
77840 
41120 
34400 
35370 
37460 
37550 
37590 
37520 
36350 
36310 
36940 
36190 
35780 
36200 
36190 
35110 
37000 
36560 
36890 
36920 
36380 
36550 
35050 
36240 
69160 
79020 
40150 
37000 
37260 
36910 
36700 
35480 
35030 
42400 
38270 
39170 
36240 
36540 
35850 
35590 
37510 
36150 
38140 
37290 
34880 
36740 
35930 
37450 
36610 
36570 
38200 
37040 
36790 
38870 
37240 
37230 
36040 
37330 
35890 
36740 
36800 
37090 
37010 
36910 
35890 
36690 
37030 
37670 
37830 
37680 
36480 
36730 
36970 
36920 
35560 
36000 
36290 
35440 
37780 
35590 
38350 
38410 
36460 
46000 
38500 
36350 
38160 
36250 
36190 
36410 
37110 
36270 
36410 
35420 
38100 
36960 
36180 
36810 
37640 
37960 
36700 
37250 
35500 
37390 
37200 
37140 
36220 
37960 
36840 
36640 
36470 
36890 
35010 
36940 
35500 
37330 
34950 
35230 
36960 
36700 
36530 
37960 
36140 
36860 
35900 
38200 
36420 
36600 
37020 
36260 
38750 
38260 
36420 
42050 
40280 
39790 
35370 
37660 
36490 
38360 
36540 
38380 
36570 
35890 
36750 
35760 
37670 
36570 
35990 
37290 
37170 
39990 
35310 
38800 
37650 
37340 
37590 
35410 
37190 
35260 
37350 
38250 
35830 
40370 
37480 
37990 
36210 
36660 
35860 
35490 
37570 
35370 
37350 
37380 
35980 
38020 
36950 
37440 
37250 
35600 
37660 
39260 
39970 
37750 
35460 
37100 
36970 
40460 
40780 
36980 
35440 
37270 
36140 
36340 
36820 
35030 
35450 
36180 
36900 
35980 
35460 
38090 
36690 
37940 
36390 
34970 
37980 
38970 
37260 
36340 
35510 
37920 
37640 
36200 
36600 
37760 
36270 
36530 
37040 
37030 
36460 
35530 
38530 
38320 
37830 
35520 
35070 
35790 
36620 
36050 
37570 
37900 
36180 
44700 
39890 
36970 
37980 
36040 
38370 
38240 
36380 
36730 
34850 
36470 
35310 
37140 
40580 
43630 
40310 
36710 
36940 
40100 
36730 
36460 
37580 
36010 
37640 
38600 
38420 
41880 
37720 
35990 
38440 
36640 
36680 
37760 
36490 
37020 
38530 
38110 
37090 
41580 
38000 
38860 
37500 
37000 
37670 
39600 
36720 
38440 
37290 
37130 
36110 
39280 
39190 
37400 
38410 
38010 
40060 
49280 
43400 
37140 
35780 
36290 
38880 
39220 
36780 
44310 
37830 
38680 
36560 
36440 
37330 
36570 
34970 
39020 
38600 
39660 
37510 
36080 
38430 
38020 
36800 
36870 
37810 
35520 
39340 
38240 
38280 
36290 
35340 
40390 
37110 
37050 
36870 
36310 
37920 
35990 
36240 
47430 
39630 
36880 
37750 
37240 
37080 
36730 
37400 
37480 
38090 
37140 
36450 
35290 
36940 
36510 
36060 
35840 
36630 
43560 
40300 
36860 
37060 
38370 
38460 
37430 
37560 
35630 
35840 
37820 
38920 
37180 
36650 
36590 
37440 
36760 
37430 
36030 
36960 
35520 
37780 
38020 
35450 
37760 
34270 
37740 
36030 
36990 
39910 
36340 
39580 
36920 
36670 
36860 
36420 
38860 
38650 
35920 
36980 
37600 
35500 
36420 
37620 
36880 
36880 
35500 
36320 
36760 
35600 
35980 
36120 
38220 
36350 
36110 
36060 
35670 
37720 
36330 
37880 
39520 
37730 
36850 
36270 
36700 
36730 
37400 
35950 
38600 
36670 
36410 
36070 
37520 
36720 
42420 
37020 
37450 
34890 
37440 
36060 
36780 
36150 
35290 
37550 
36340 
36550 
38900 
36500 
37250 
37550 
36890 
36630 
35590 
36260 
36310 
37180 
36100 
37480 
35000 
37010 
36500 
36640 
36470 
36670 
38100 
36190 
36340 
36640 
36230 
37700 
36270 
37580 
36420 
35620 
43260 
38970 
38830 
38130 
36110 
38150 
38880 
38100 
36670 
35670 
36330 
36920 
37730 
36400 
36120 
35430 
37650 
35310 
37230 
36160 
36550 
38750 
38540 
38030 
39390 
38780 
36060 
35030 
36450 
36720 
37460 
36920 
36630 
38190 
36440 
35780 
35570 
35700 
35770 
36470 
36330 
36520 
37340 
34660 
36620 
37180 
34640 
38500 
38780 
36900 
43220 
38830 
37340 
37150 
36410 
37140 
35580 
36060 
36330 
36330 
36270 
36670 
34660 
36720 
35850 
35230 
35360 
35310 
37720 
36610 
37780 
35480 
36470 
36710 
36350 
36790 
38010 
36820 
37290 
36900 
36280 
36610 
35640 
36990 
37390 
38270 
35900 
36880 
36510 
35300 
38150 
37810 
36250 
35770 
35040 
35850 
36810 
36010 
38990 
38180 
42270 
39670 
37470 
37570 
42400 
40320 
39230 
37160 
36310 
37090 
37450 
36680 
36300 
36850 
37080 
36420 
36210 
35830 
37480 
36250 
38250 
37100 
37460 
36600 
37990 
40790 
36190 
36500 
37390 
36340 
37180 
37710 
36790 
36640 
36050 
36440 
37650 
37830 
36210 
36540 
37300 
37520 
36980 
36650 
37190 
36320 
37060 
37040 
37960 
35990 
36210 
37120 
36390 
36460 
36550 
35880 
38600 
39450 
39520 
37330 
36880 
38400 
37890 
37810 
34290 
36500 
36090 
36210 
36880 
35650 
36710 
36110 
37010 
35550 
38160 
38760 
35610 
37120 
36000 
36490 
35960 
37520 
36530 
35750 
38350 
36330 
36500 
36380 
36560 
37070 
36960 
35470 
34460 
37540 
37690 
36110 
35690 
37250 
38500 
36790 
38170 
36280 
35820 
36070 
39880 
38350 
36290 
35940 
37030 
37660 
36020 
36630 
35090 
35540 
35900 
44280 
37330 
36530 
35980 
37310 
37710 
36460 
38010 
38150 
38340 
34720 
39470 
37510 
36740 
38710 
35540 
37220 
37030 
35560 
36420 
36520 
35790 
37010 
35600 
37860 
36760 
35990 
35550 
37460 
36400 
37860 
36700 
37850 
38120 
37510 
37280 
36770 
37250 
37180 
35690 
36590 
36690 
36620 
37350 
35160 
36640 
37490 
38460 
37480 
36600 
42730 
37030 
35870 
36280 
37620 
35000 
37340 
36430 
36010 
42030 
39030 
37850 
35980 
38240 
36080 
35980 
36390 
36940 
38240 
35910 
36660 
36870 
38620 
37430 
37110 
35440 
36360 
37270 
37480 
36970 
37000 
37320 
38020 
38180 
36510 
39930 
37260 
37390 
36370 
36480 
35660 
39440 
37620 
36980 
37730 
36820 
34640 
35160 
38660 
37100 
42600 
38270 
35010 
35310 
35190 
35830 
36010 
35080 
36130 
36670 
38540 
38720 
39180 
38470 
36510 
36470 
35130 
35990 
36960 
35720 
37720 
35880 
35170 
36980 
37520 
37070 
37290 
36910 
36490 
36430 
37420 
35860 
38160 
36450 
36450 
37300 
35490 
36920 
35990 
38850 
36820 
38650 
37460 
37860 
37100 
35460 
37660 
36100 
39030 
37760 
36520 
37400 
35770 
36300 
37460 
37280 
36400 
36220 
36280 
38030 
38010 
38600 
36990 
36620 
35430 
37920 
37370 
37180 
37680 
35160 
36960 
37680 
37140 
34780 
36480 
36590 
36940 
37240 
36400 
36260 
36250 
36820 
39290 
35590 
36290 
36630 
38120 
36380 
36460 
35490 
36180 
37750 
35630 
37130 
36690 
35440 
37100 
35320 
37200 
36180 
36120 
36310 
36880 
37060 
35790 
36080 
36990 
36220 
36640 
36140 
37720 
36860 
36490 
38740 
41270 
36490 
34950 
36940 
37340 
37910 
35980 
37200 
37480 
38370 
36480 
36870 
36210 
37200 
36410 
37190 
36720 
36080 
36500 
40260 
37960 
36400 
36570 
35560 
36370 
36290 
36580 
36310 
36590 
37250 
36400 
36210 
37070 
36000 
36790 
37080 
36560 
36080 
36150 
37110 
36770 
35780 
36040 
34140 
36580 
37370 
36840 
36720 
35590 
36830 
43760 
39630 
36220 
36060 
37260 
37530 
36270 
37080 
37140 
36710 
36460 
37490 
37300 
35710 
36260 
35970 
36560 
37510 
35940 
37340 
36600 
37580 
38590 
36520 
37750 
36410 
35940 
38860 
36400 
36050 
37980 
36520 
38820 
37720 
36180 
35720 
38720 
36780 
36330 
36870 
35370 
37320 
35990 
36250 
36820 
37800 
37410 
38350 
37550 
36410 
44780 
40640 
38660 
38310 
36370 
37650 
36910 
37880 
36980 
37500 
37360 
36740 
37730 
35850 
37840 
36510 
35960 
36910 
35750 
38740 
36470 
35350 
38380 
37260 
39400 
36350 
36490 
36270 
37630 
37130 
36470 
36390 
36900 
37650 
36910 
39540 
36300 
36230 
38180 
36080 
37240 
35200 
36190 
36420 
39130 
37570 
41060 
37030 
40140 
49950 
44200 
35690 
38130 
36250 
36750 
37310 
36170 
35860 
36950 
37880 
37090 
36510 
39390 
36910 
37410 
36990 
37920 
36680 
36770 
38560 
37690 
36930 
38560 
37100 
36200 
40450 
37720 
37690 
36160 
36710 
37560 
37440 
36960 
36490 
35860 
38020 
35650 
37690 
39790 
36990 
38870 
36170 
37430 
37080 
35860 
36520 
36040 
37390 
36370 
36540 
36360 
39020 
37330 
37800 
37650 
36740 
37590 
38330 
36330 
36590 
35650 
36220 
36350 
36240 
35890 
43280 
37690 
35890 
37060 
38270 
35840 
36770 
36650 
36100 
39590 
37110 
36710 
37180 
37560 
36470 
37110 
35490 
35530 
35740 
35080 
36130 
36530 
36940 
37370 
37850 
37130 
36760 
36570 
36560 
36490 
37640 
36520 
37190 
36160 
38650 
37450 
34640 
37180 
36140 
37930 
35870 
36640 
37490 
37190 
37240 
34630 
43130 
39820 
37950 
41740 
41610 
38240 
37380 
36760 
37140 
36980 
36930 
36690 
36170 
36930 
38510 
36640 
35900 
37360 
37840 
37480 
36650 
36220 
35500 
38030 
37300 
35950 
35510 
34210 
36940 
36400 
37000 
35720 
35990 
36790 
35780 
36760 
38670 
35510 
35500 
37470 
36490 
38100 
36780 
37090 
37740 
39050 
36660 
36910 
36740 
36700 
37470 
36010 
36300 
41580 
39810 
37930 
37090 
35840 
38530 
38870 
35820 
38190 
36830 
38540 
36730 
36310 
37330 
36100 
36840 
37230 
38050 
39000 
36520 
36440 
38350 
36430 
37690 
37010 
38410 
36070 
37180 
37310 
37340 
36260 
36560 
37190 
36520 
36180 
38050 
36360 
35940 
37330 
35620 
36360 
36070 
36410 
39830 
38400 
36180 
38720 
35940 
38890 
39370 
36530 
35960 
34790 
40170 
36470 
37630 
37200 
34820 
38880 
36760 
36770 
37300 
35370 
36660 
39590 
38220 
38000 
36450 
37080 
38850 
36790 
36920 
35760 
38670 
37760 
42420 
38360 
35690 
36860 
39540 
39990 
36870 
37480 
36080 
38950 
36040 
38670 
37530 
36800 
39600 
39270 
40390 
38020 
37590 
38150 
39710 
38650 
37490 
37320 
36670 
37730 
40180 
37740 
36010 
35590 
36880 
41820 
38620 
38150 
36730 
37670 
38000 
40790 
37790 
37230 
43360 
40020 
36990 
40980 
36430 
35320 
36030 
37530 
36990 
36320 
36290 
36060 
37150 
36110 
36330 
38800 
36750 
36280 
38110 
36530 
37560 
39610 
35260 
36450 
35890 
35580 
37640 
36910 
40160 
37760 
38100 
37900 
37610 
35500 
37010 
35810 
37150 
37890 
38070 
36150 
39310 
38050 
38360 
36980 
37670 
36820 
37940 
37350 
35760 
38060 
42760 
39070 
37450 
35350 
37370 
36680 
36390 
36220 
36430 
37800 
35300 
36680 
35690 
36440 
37390 
36610 
38760 
38080 
35910 
38120 
36480 
36120 
36470 
36640 
35240 
40130 
37500 
36220 
37150 
38710 
38690 
36770 
35940 
37010 
36850 
38010 
35320 
35020 
45970 
40130 
37460 
39500 
36880 
35830 
37170 
35370 
37300 
37120 
37350 
37620 
41760 
39920 
35640 
36400 
36500 
37150 
37440 
37280 
35000 
35490 
35440 
36560 
35650 
34950 
36370 
37240 
38170 
37720 
35840 
36220 
37790 
36220 
36630 
36220 
35890 
36350 
36320 
37960 
36530 
38650 
37470 
37180 
36420 
35960 
37010 
36320 
37190 
36720 
35280 
37660 
35740 
37980 
36170 
36050 
36580 
34060 
37430 
37100 
36460 
37020 
36820 
37060 
37270 
35540 
36190 
36720 
36390 
36980 
35630 
36760 
34310 
38220 
35060 
37960 
37030 
34970 
36760 
35480 
38230 
35670 
34810 
36730 
40000 
36800 
38500 
35980 
38290 
39530 
36560 
36310 
37650 
37270 
38030 
36530 
37800 
38640 
35980 
35860 
35790 
36660 
35790 
41160 
36240 
37620 
36730 
36780 
36710 
34840 
38690 
36950 
37050 
36010 
36170 
37100 
39150 
38010 
36630 
35990 
36120 
35880 
37130 
36460 
36310 
35020 
43790 
38030 
41280 
36510 
36160 
37570 
38090 
36570 
36580 
36610 
38260 
35600 
35870 
37320 
35980 
38120 
37520 
37270 
36630 
36180 
37480 
37700 
38310 
36430 
36180 
37450 
37570 
38620 
37000 
35730 
34510 
36730 
37480 
35540 
37430 
37340 
37710 
35480 
37460 
36090 
36910 
37800 
36470 
36540 
35670 
35430 
39620 
37200 
36400 
36150 
44800 
38260 
36890 
37330 
37910 
37850 
36240 
37330 
36660 
35860 
37290 
35530 
40150 
39160 
37930 
36580 
37020 
39720 
36470 
37060 
37530 
36380 
38620 
37400 
37600 
38380 
36530 
38960 
37220 
36890 
36680 
36610 
35930 
37660 
36210 
36110 
37640 
38410 
36920 
36020 
36890 
35510 
36940 
36420 
36780 
37150 
35760 
36790 
36920 
36870 
45950 
39530 
39120 
37430 
36620 
36970 
38110 
36030 
37050 
35800 
38630 
36410 
38880 
36080 
37040 
36950 
37000 
36990 
36850 
36690 
37110 
36350 
36820 
35980 
37030 
35910 
36810 
34840 
35680 
35190 
36300 
36040 
36250 
36450 
36460 
38450 
37610 
35440 
76800 
42790 
37280 
34890 
37150 
37130 
35000 
37260 
36010 
36390 
36380 
34710 
37400 
34710 
37230 
38480 
36710 
37640 
36550 
35890 
36380 
36200 
38230 
37000 
37630 
38800 
40470 
37180 
38040 
36870 
37400 
36990 
36070 
37740 
35690 
37410 
36760 
35040 
36500 
37370 
37580 
36150 
35460 
43170 
37930 
37520 
34960 
38520 
36560 
36720 
36930 
35680 
37160 
37240 
37900 
36550 
38130 
35350 
35500 
36410 
35810 
37340 
35070 
36930 
37550 
37860 
37300 
37500 
36340 
35830 
36720 
35930 
37660 
35810 
35510 
37380 
36180 
42950 
39040 
35550 
37420 
36080 
36740 
37640 
35390 
38270 
36100 
37140 
37190 
35800 
36730 
37490 
36910 
36860 
36380 
36280 
37990 
37580 
38500 
37510 
36550 
37710 
37970 
35260 
38220 
36480 
37490 
37270 
37120 
36200 
35660 
37580 
36820 
35600 
37680 
38990 
38940 
36360 
48000 
42110 
37090 
37340 
37550 
37950 
36870 
39060 
38220 
44790 
41130 
36550 
38820 
37560 
37650 
