78800 
102670 
92840 
72380 
64810 
42120 
40140 
40090 
39160 
39780 
41110 
39970 
42930 
39270 
39740 
37680 
37430 
38020 
38530 
38050 
36850 
36130 
37890 
38370 
38640 
39380 
39290 
39290 
40080 
39650 
40240 
37260 
39920 
68420 
51220 
52510 
49990 
53700 
56700 
53800 
52930 
50730 
53840 
49660 
54740 
51740 
51650 
50580 
52470 
52570 
52910 
52110 
49160 
52800 
51650 
51350 
56660 
50830 
53230 
60050 
42360 
37590 
39900 
39460 
41550 
38520 
38100 
42160 
41700 
38670 
92620 
68170 
56830 
44230 
39560 
40800 
40360 
38950 
38300 
38920 
37450 
37670 
38200 
37440 
38800 
40700 
37930 
38110 
37960 
39810 
37840 
36650 
38290 
39350 
40880 
40740 
42910 
39590 
38430 
37400 
40360 
67890 
54430 
53050 
56790 
53400 
53780 
53600 
52170 
52110 
52830 
52430 
51790 
51670 
51870 
53210 
52220 
51080 
61530 
55820 
52090 
50770 
52850 
51720 
51800 
51190 
53800 
61030 
42530 
37600 
37840 
38010 
41890 
38910 
37300 
43600 
40050 
41090 
91480 
79020 
60570 
50270 
41570 
40640 
38540 
39260 
37940 
37690 
38300 
37160 
37760 
40410 
38690 
40050 
37510 
38310 
37200 
38260 
38880 
37200 
39580 
36470 
52410 
43530 
38260 
39000 
40370 
38870 
41880 
38180 
70860 
50670 
50660 
49830 
50140 
52310 
54460 
51850 
49610 
51970 
51040 
51260 
50760 
50480 
50770 
51300 
53510 
50070 
59010 
58600 
51230 
51310 
50370 
51600 
56860 
52950 
58720 
42180 
38870 
38070 
40460 
42700 
40060 
38340 
44620 
44580 
40860 
82800 
69030 
53890 
43340 
38270 
38720 
38340 
38590 
39780 
36010 
38120 
39190 
39190 
41390 
37560 
37350 
38030 
38700 
35110 
37590 
38350 
37690 
37560 
38100 
40140 
39420 
39740 
37970 
37920 
37550 
39430 
76370 
51460 
51940 
51680 
51530 
51460 
52310 
53050 
53410 
51710 
50710 
52440 
52310 
49940 
54410 
51740 
52350 
54450 
52490 
52890 
51330 
50970 
50390 
49270 
52470 
51100 
61730 
40710 
37600 
38360 
40600 
40750 
40530 
37940 
43880 
39990 
38050 
92210 
73560 
54780 
47230 
40680 
37380 
36000 
37900 
38320 
38840 
38010 
37370 
38520 
38360 
38300 
38300 
37260 
38960 
36830 
39900 
38900 
38120 
39860 
38370 
38730 
38060 
39300 
40920 
40070 
38870 
38830 
49200 
62120 
52470 
52410 
52630 
52150 
51330 
51610 
51050 
52830 
53010 
50280 
51510 
59470 
53740 
52130 
60940 
53400 
50130 
48800 
51030 
53350 
53820 
51180 
50790 
50750 
52730 
53780 
40330 
39430 
38690 
40040 
40510 
38020 
40310 
40940 
40820 
48650 
90130 
65570 
52040 
41480 
38680 
37400 
38740 
36960 
39240 
38270 
39540 
38020 
38600 
38880 
38620 
37280 
38610 
38910 
39270 
38230 
37260 
37380 
37340 
38960 
40680 
38040 
41080 
41660 
38300 
38510 
37470 
66300 
53230 
50110 
53460 
54240 
51530 
51520 
51910 
52100 
50800 
52490 
52520 
52850 
52180 
53040 
52010 
51240 
52230 
51010 
55070 
52650 
52190 
53870 
51890 
50390 
51500 
57510 
43860 
40120 
36700 
38190 
40090 
40200 
40710 
44150 
41390 
38960 
89770 
74650 
55980 
43990 
38480 
36890 
42630 
38810 
41600 
36490 
36450 
38780 
35530 
37500 
37770 
37160 
39290 
38860 
37780 
37640 
36230 
34720 
37730 
37580 
38220 
36670 
41850 
42530 
39840 
40360 
37800 
58970 
61990 
57020 
54570 
47550 
49470 
52760 
52870 
49660 
52190 
54350 
52120 
50930 
51140 
52300 
52020 
50970 
52240 
52290 
52410 
50570 
51620 
53000 
50510 
50580 
55690 
61130 
46750 
41120 
38000 
40370 
38770 
40670 
35960 
41620 
43510 
43320 
85330 
77000 
61210 
55780 
40470 
39110 
39110 
37810 
38040 
36340 
37310 
37270 
36420 
38750 
36350 
42390 
40840 
39100 
39410 
37450 
37540 
39330 
37330 
38340 
39320 
39800 
39500 
38960 
41270 
40470 
38270 
38470 
68920 
54230 
51230 
51410 
49470 
52750 
52030 
54280 
51250 
53070 
56500 
53210 
52750 
56680 
52020 
52100 
50460 
53890 
57220 
54200 
53410 
50350 
50380 
52030 
55210 
52490 
59590 
44440 
38040 
41070 
40570 
41370 
39350 
41450 
42550 
43430 
41620 
91630 
76300 
56770 
48660 
40660 
40130 
38870 
41280 
38420 
40860 
38670 
39280 
40880 
40810 
38140 
38850 
38080 
38890 
39230 
38570 
39630 
38210 
37180 
41110 
41460 
38780 
39680 
48930 
47540 
45930 
41440 
65480 
51850 
51330 
55980 
52430 
54140 
51650 
50690 
52470 
54880 
53140 
50550 
52330 
50850 
58840 
55770 
52810 
54940 
52870 
52000 
53920 
50720 
54260 
50660 
53630 
53590 
61160 
45490 
39560 
41320 
40430 
40640 
37730 
38640 
42740 
39990 
40400 
87000 
74910 
59180 
54740 
42150 
41720 
40410 
36920 
38720 
37630 
38360 
39440 
37310 
40840 
38920 
37080 
37790 
38860 
36410 
38200 
37070 
38640 
39290 
39100 
40800 
39380 
39350 
39580 
39220 
41640 
42290 
39790 
68570 
50250 
53400 
52100 
52170 
51260 
53400 
52940 
53560 
51950 
49320 
50830 
53390 
52650 
50880 
50940 
52200 
50570 
51360 
52140 
52270 
52420 
50760 
52830 
53310 
52680 
59470 
42140 
38670 
40120 
39510 
42460 
39900 
38600 
42910 
41020 
39710 
88720 
64480 
56710 
39600 
39420 
39510 
41060 
39400 
40130 
37640 
39220 
40210 
38870 
38810 
50050 
44860 
39000 
39670 
38780 
39820 
40200 
38980 
37030 
39900 
41400 
39830 
41350 
44620 
41090 
38620 
39820 
70190 
52510 
50550 
54650 
51880 
51830 
51540 
51640 
56100 
53410 
52650 
50330 
50230 
52500 
55020 
52700 
52480 
48990 
53810 
51390 
51210 
52680 
54620 
51190 
51340 
51880 
60020 
41010 
37580 
39290 
43190 
43040 
41070 
37450 
45300 
41610 
41150 
84820 
77060 
59530 
45730 
43440 
37560 
37710 
39800 
38080 
36480 
37850 
39590 
40030 
37710 
38640 
38730 
38620 
38950 
39650 
39300 
39260 
37680 
38640 
39060 
40270 
38770 
38380 
41410 
40480 
39870 
40050 
43450 
60710 
53020 
52350 
51230 
49760 
51420 
52230 
51410 
50970 
51790 
54290 
51840 
54710 
51520 
51820 
51890 
52940 
53390 
50050 
52310 
54730 
52680 
53050 
52900 
53870 
54750 
55390 
42560 
36730 
38240 
40460 
38770 
40660 
39940 
42270 
41220 
54850 
83720 
63190 
55910 
42720 
37120 
38750 
39610 
39170 
40350 
38630 
39750 
39030 
37970 
38180 
38920 
38700 
36760 
39440 
38640 
37460 
39850 
39820 
38160 
38410 
41280 
41490 
40120 
39890 
37740 
38210 
41160 
69960 
53960 
58810 
52210 
52520 
51830 
51640 
52150 
54440 
51330 
50400 
51140 
50040 
52160 
53410 
52160 
56280 
52400 
52120 
54910 
52860 
51590 
51390 
51620 
52460 
51600 
59060 
40960 
39630 
38070 
39330 
39670 
39030 
38450 
42920 
40380 
37920 
86450 
71650 
57410 
44530 
41010 
40440 
38900 
37870 
39040 
38200 
36350 
37600 
37780 
39510 
37530 
37490 
39660 
37570 
38700 
37180 
37570 
39810 
38270 
39040 
39500 
38650 
41110 
37810 
38350 
37990 
39860 
59630 
50180 
51720 
50400 
51070 
49620 
52220 
52270 
52030 
51670 
52030 
51450 
51230 
52080 
53190 
52300 
52290 
51860 
56870 
53110 
52580 
54900 
51040 
50870 
51690 
50340 
59500 
42070 
39440 
37820 
41670 
39200 
40990 
37770 
43200 
44170 
40860 
82250 
75020 
66910 
52330 
41320 
40070 
37480 
41440 
37890 
38000 
39040 
37560 
37690 
39240 
38110 
41350 
38560 
37710 
38330 
38670 
36750 
37020 
38700 
39560 
38230 
39370 
39930 
39240 
39060 
37310 
38530 
40110 
65960 
52460 
49050 
52930 
53860 
51070 
49780 
53620 
52470 
54560 
51790 
51300 
50360 
53580 
52010 
54540 
50100 
54000 
50920 
52470 
53210 
50450 
54690 
50550 
50220 
54780 
60050 
42060 
37400 
39540 
39670 
38270 
38730 
39820 
44610 
40820 
38570 
81170 
69680 
57500 
40830 
36900 
40110 
39330 
47770 
42730 
38290 
36540 
36840 
39040 
38320 
38380 
38880 
38690 
37640 
38850 
38810 
35050 
37590 
39690 
38150 
40350 
37750 
40660 
40920 
40390 
38790 
40850 
65390 
50480 
49020 
49870 
51220 
50340 
51670 
51980 
49260 
53100 
52270 
50750 
48130 
50290 
52340 
50580 
53070 
54130 
51510 
52200 
51470 
50770 
51550 
49470 
51530 
51720 
58910 
41300 
37270 
36750 
39880 
39700 
38670 
36450 
41970 
42710 
39690 
86490 
76080 
57390 
51630 
44770 
41590 
39410 
39620 
40720 
36800 
38110 
37050 
41240 
38890 
39380 
38890 
37990 
36040 
41130 
39300 
37460 
38690 
37030 
38130 
39840 
39400 
40340 
37730 
40130 
40590 
41120 
38140 
67810 
53030 
51210 
52100 
50820 
49640 
52650 
50870 
54180 
49670 
51450 
51080 
50930 
55750 
59630 
53260 
50980 
52450 
53710 
50940 
51610 
49890 
50690 
53570 
53060 
52560 
58070 
41910 
37940 
39620 
37740 
42810 
39350 
39470 
43570 
41870 
41890 
84490 
64820 
55640 
41410 
39380 
35560 
38510 
37160 
38580 
39010 
36560 
37800 
40370 
37060 
37940 
37250 
38780 
37800 
37920 
38900 
44300 
42170 
38610 
38610 
39540 
39860 
40040 
40220 
41120 
40290 
39160 
69520 
53220 
54280 
51550 
51270 
51030 
53180 
50680 
49020 
50310 
51330 
53130 
53280 
54610 
51610 
52540 
51140 
50120 
51430 
55210 
52610 
50960 
49570 
53240 
50720 
50740 
59790 
40290 
38370 
36920 
41290 
40820 
40080 
39730 
41600 
39100 
39230 
87110 
76890 
58560 
43440 
48420 
46990 
41300 
39520 
42820 
42270 
42150 
43140 
41490 
37960 
38370 
37950 
39570 
39440 
36660 
40430 
39580 
38560 
39180 
37480 
39750 
39600 
41850 
40600 
39120 
39020 
38250 
46910 
57440 
51250 
52020 
51130 
52370 
50780 
52100 
51910 
50230 
51400 
49350 
53170 
52160 
54970 
53270 
49390 
50680 
50430 
50900 
52010 
54720 
51630 
51160 
51520 
52360 
51810 
50370 
40870 
39100 
39890 
39750 
38900 
38280 
40310 
45970 
40920 
78930 
79670 
65450 
61560 
40530 
38720 
40580 
36740 
37780 
40620 
38870 
40400 
36080 
38920 
37620 
40450 
37530 
37540 
37210 
37460 
38280 
37520 
37260 
36900 
38050 
38380 
40560 
42050 
40990 
39690 
37870 
37690 
69530 
52770 
55520 
51060 
52960 
52370 
51320 
51160 
54360 
53450 
52140 
53130 
50260 
52890 
51180 
51390 
52420 
53970 
52640 
55560 
54150 
52770 
50750 
53010 
50710 
49950 
58300 
43020 
37470 
38610 
40070 
41270 
38790 
37520 
46820 
42620 
41560 
84370 
74880 
60880 
42730 
40370 
40060 
39570 
40020 
38040 
39420 
37450 
38980 
38550 
37280 
38460 
38410 
39550 
37340 
37640 
39380 
39150 
38250 
36520 
38460 
41910 
39820 
40970 
39480 
39870 
42710 
45850 
62770 
51160 
53230 
52240 
50720 
51700 
52630 
52760 
50340 
52260 
56160 
51730 
50210 
52090 
52090 
53180 
56090 
54610 
51070 
52550 
50450 
52650 
51860 
49660 
50550 
51040 
58590 
45790 
38580 
38000 
38460 
40580 
40130 
45530 
45770 
44290 
42000 
80950 
76820 
65170 
55620 
46100 
39750 
37100 
38660 
38220 
37940 
38990 
39570 
51600 
43660 
37950 
40310 
38940 
39590 
38000 
36870 
37540 
36520 
40200 
39310 
38420 
40440 
36800 
38970 
39370 
42070 
57360 
42000 
67150 
52010 
52690 
49870 
51080 
52310 
51030 
49750 
54550 
51660 
51170 
51320 
50730 
51290 
52690 
53000 
54230 
51200 
50950 
53140 
51930 
52090 
52000 
64460 
72090 
62310 
63440 
44500 
40320 
38080 
39650 
38970 
39040 
41770 
44630 
42170 
39870 
85750 
71000 
58550 
44110 
38130 
40300 
37350 
37670 
38550 
35690 
40890 
40450 
41400 
41020 
37660 
38900 
38130 
38150 
39800 
38540 
37670 
38570 
39250 
40650 
40080 
40080 
41880 
38890 
40990 
42250 
44890 
84540 
66990 
55770 
56030 
55380 
52510 
52260 
55160 
53220 
55760 
50770 
50050 
49630 
48360 
56810 
52540 
55620 
52260 
54250 
52760 
55890 
53680 
59780 
58240 
54490 
51210 
58440 
43630 
37150 
40800 
39460 
39030 
39830 
38860 
47050 
41150 
39330 
87140 
75620 
62680 
57190 
43550 
41240 
37960 
38960 
42170 
36740 
38980 
39110 
41780 
38580 
45140 
43320 
39730 
38230 
39030 
38760 
37090 
39690 
37720 
39110 
38020 
38260 
39470 
41250 
39620 
42160 
40600 
38020 
66860 
52720 
52780 
51920 
48950 
52090 
51040 
58690 
55210 
54450 
50120 
49610 
53210 
60460 
55210 
55310 
50090 
50440 
50860 
52150 
51940 
51470 
48840 
51810 
51750 
50340 
56340 
40910 
40520 
40050 
40960 
52900 
42300 
42020 
42070 
45240 
40230 
85120 
70920 
54580 
43250 
38980 
37950 
41170 
37270 
37950 
40480 
38210 
40770 
38470 
38720 
38400 
45490 
39590 
38910 
37030 
38880 
36770 
37140 
37860 
37770 
40410 
38980 
39850 
39550 
37650 
39040 
38600 
65430 
56360 
53720 
51320 
49520 
54470 
49010 
53450 
50370 
50350 
51160 
57470 
53720 
56470 
61650 
54010 
51460 
51780 
51700 
53310 
51450 
51170 
53100 
52690 
51240 
52820 
59060 
42220 
39410 
38830 
40770 
40880 
36880 
42500 
43860 
41380 
37480 
85600 
78980 
57540 
50450 
38510 
39280 
39430 
37720 
41780 
38770 
38850 
39120 
36540 
36860 
37200 
37600 
38300 
35960 
39510 
39040 
38430 
36540 
36870 
38110 
39660 
38460 
43640 
39880 
40170 
38660 
41120 
41440 
68380 
54440 
50600 
49540 
52700 
56330 
53790 
50850 
53270 
54190 
52830 
52460 
52290 
53850 
52520 
50020 
51130 
51280 
53050 
51330 
53100 
51690 
50950 
48910 
51270 
52060 
58460 
40050 
38360 
40340 
39940 
41430 
36060 
39440 
41850 
40690 
39530 
82180 
64360 
56890 
42640 
39370 
38240 
36730 
37210 
38830 
37970 
39460 
38300 
38000 
37930 
38620 
36880 
37730 
39860 
37150 
37780 
45990 
40620 
39900 
40250 
40670 
40770 
40090 
39330 
38060 
40090 
38760 
68640 
52680 
56020 
51540 
49410 
52080 
52230 
50310 
51830 
54490 
53160 
48740 
53310 
51670 
60290 
56430 
52230 
50540 
52190 
52200 
54270 
50030 
50980 
50550 
52150 
49180 
61770 
49560 
40460 
37840 
41940 
42400 
40130 
38520 
43540 
43340 
40500 
84730 
78440 
61220 
46540 
41400 
37200 
39040 
38760 
39030 
38630 
37720 
38620 
37700 
43280 
38960 
42770 
39090 
38090 
40500 
39120 
39430 
37940 
38260 
36310 
40860 
40720 
40380 
40170 
40560 
39630 
38350 
51430 
53210 
51660 
52250 
52510 
51160 
51620 
55200 
53880 
53970 
55460 
50460 
51550 
52550 
55840 
54500 
51160 
50250 
51150 
51590 
51430 
52280 
51900 
53160 
50620 
51740 
55000 
48250 
40400 
38610 
40290 
40520 
44390 
39130 
38390 
43340 
40000 
83230 
77870 
58460 
55040 
40950 
40080 
39740 
36960 
39550 
37560 
38130 
37810 
37450 
37610 
38140 
40080 
37410 
37170 
37200 
39120 
35870 
37520 
38010 
42230 
38360 
41510 
39080 
38690 
48740 
45160 
39330 
38940 
68190 
51930 
52110 
54880 
54370 
56710 
52330 
51290 
53670 
53080 
51390 
50430 
52080 
51630 
50950 
51690 
53940 
51390 
48590 
52170 
51350 
50250 
51120 
50680 
51080 
50550 
58000 
41390 
36460 
40540 
38200 
38580 
38860 
40980 
43850 
39290 
38480 
82780 
70440 
62630 
60810 
44270 
40170 
38380 
37910 
37280 
36240 
38500 
37720 
37680 
38160 
