19621920
19604930
19600270
19608800
19603240
19614620
19603840
19604180
19606390
19615110
19606699
19618250
19607200
19601490
19604240
19627960
19659580
19649380
19656360
19656730
19649460
19678500
30672627
19963030
19997760
18927709
10961176
19977131
19966640
19979781
19986690
19972670
10009486
10113515
10112925
10110365
10111575
10116486
10116775
10106655
10107385
10112375
10112226
10108635
10110105
10106015
10111825
10136786
10107175
10113535
10114236
10142965
10114186
10152085
10121905
10108716
10107995
10109216
10112135
10111595
10111046
10105395
10110486
10111315
10122345
10111856
10127615
10111426
10119355
10116635
10113296
10106055
10111466
10150605
10109925
10111576
10110685
10147716
10108645
10105775
10100536
10112005
10109376
10107865
10112835
10123996
10111675
10105756
10114715
10111945
10106586
10110175
10108796
10113395
10115515
10108636
10106585
10111896
10118115
10143575
10106296
10115085
10116266
10132685
10107295
20093931
19964010
19975201
19968930
19971631
19971010
19981480
19973491
19975570
19966691
19970450
19971570
19985191
19975630
19972391
19972210
19972010
28999054
19949991
20046070
19896731
19971270
19980840
10961517
19985080
19975680
19976940
19971351
19979590
19974620
19972350
19969800
19982881
19974310
19974060
19970500
19974260
19973831
19997590
19957910
19970670
19975980
19971481
19977130
19976670
19972591
19968890
19977981
19972720
19979570
19979001
19968140
19972891
19975980
19984140
19970421
19977170
19978591
19970700
19966800
19977061
19967470
19976361
19980320
19963290
19978741
19969750
19995941
19972060
19954710
19995171
18935179
19671040
19652039
19651810
19663430
19666530
19655100
19656629
19659800
19652120
19669230
19669590
19666979
19663810
19652960
19667680
19666300
19663889
19660830
19665250
19656540
19668850
19667569
19653420
19663920
19654930
19665530
19679379
19658580
19661190
19653050
19654220
19668559
19662950
19661430
19668570
19660430
19661849
19664030
19661150
19662080
19671170
19667519
19672290
19664840
19661030
19704170
19672919
19673720
19664870
19658570
19660560
19666809
19672150
19669860
19663960
19662180
19660519
19668360
19672600
19665380
19662730
19661670
19660900
19667620
19656600
19655090
19669470
19663250
19657380
19667710
19654080
19659600
19658980
19669120
19672870
19656620
19654290
19664110
19669550
19672310
19662130
19656170
19662350
19661700
19667730
19674080
19655460
19667920
19665790
19669420
19671090
19659020
19671770
19663650
19672820
19683430
19668410
19666710
19663940
19666830
19668100
19661270
19668660
19658250
19671260
19663150
19680010
19660860
19661470
19667000
19662470
19660880
19669600
19664730
19660739
19664990
19662840
19668200
19672030
19670760
19672320
19672160
19675910
19664300
19672079
19667330
19660930
19672610
19665420
19669899
19678230
19658590
19670440
19672220
19661479
19672430
19663880
19677090
19680870
19673649
19661780
19665330
19666260
19669990
19672099
19685780
19670650
19667150
19667570
19668559
19667030
19668750
19666130
19683850
19679429
19665170
19670280
19672600
19661520
19672259
19667670
19665390
19668670
19660620
19665099
19670350
19657290
19667330
19664160
19673469
19693310
19667520
19667170
19664790
19668879
19672250
19662340
19671370
19674660
19672019
19668500
19670270
19678830
19658140
19686690
19679230
19675890
19667730
19662720
19668430
19666320
19671040
19670630
19667150
19665790
19662230
19710450
19679540
19669370
19670590
19666540
19666580
19676080
19669950
19667880
19665290
19666840
19676160
19675850
19670550
30674096
9933725
20023380
19970350
19963020
19979710
19966921
19980660
10010295
10115916
10108515
10270116
10110035
10106655
10169806
10115245
10108555
10111075
10120665
10112176
10112825
10106355
10119925
10110645
10112516
10110365
10107955
10107075
10143795
10104196
10118285
10112065
10106766
10107475
10111336
10111345
10115195
10114526
10112745
10108846
10134385
10110555
10107006
10111955
10111446
10108215
10115855
10107996
10107315
10108736
10116315
10117425
10107296
10107605
10134276
10107755
10111885
10108206
10106315
10106366
10109475
10103955
10111626
10113625
10109606
10111205
10135385
10115946
10110465
10122556
10112195
10111725
10114126
10109465
10104336
10112025
10104865
10108106
10115915
10114916
10137645
10112235
10137266
10125045
10121716
10122135
10135875
10132566
10130125
10128666
10124155
10127875
10147456
10116065
10122296
10121775
10125335
10124226
10123835
10123186
10119685
10123905
10120936
10122355
10128306
10126375
10148445
10119056
10126025
10125906
10127265
10139415
10121016
10127595
10126446
10131025
10121475
10124166
10150505
10123196
10127455
10126055
10126336
10122295
10122576
10115285
10119255
10124726
10125465
10123236
10148125
10126085
10144056
10119935
10123896
10264575
10123775
10131266
10127945
10124136
10129965
10108485
10125366
10125765
10149726
10123425
10125435
10125966
10122965
10118995
10118555
10123195
10123006
10122715
10118465
10120606
10121945
10108306
10152405
10126825
10125966
10120235
10128006
10133025
10124075
10124196
10122705
10120286
10129325
10127655
10148226
10125115
10121766
10121065
10126555
10160596
10119915
10123326
10129605
10132885
10120266
10127665
10118606
10125175
10147635
10124976
10127825
10137906
20104780
18931679
19679039
19674500
19673730
19676360
19682040
19679149
19671520
19674830
19675520
19680550
19686429
19677960
19665820
19678290
19672570
19681049
19680790
19666920
19675030
19675800
19679880
19672990
19668540
19673960
19675350
19679630
19673870
19661080
19673540
19672170
19682210
19685500
19675560
19677630
19663790
19677230
19677860
19675840
19676850
19671780
19672210
19678480
19689020
19675480
19670260
19676370
19696830
19694460
19682640
19666620
19665660
19678950
19676440
19679690
19673930
19668110
19683780
19677650
19685390
19669730
19666980
19674390
19668360
19677750
19667460
19676700
19676640
19676580
19683600
19675460
19672740
19678240
19675990
19681680
19676650
19670660
19676290
19675270
19676110
19684840
19673210
19677470
19682450
19669819
19672600
19683290
19677370
19675730
19681069
19680050
19677940
19677770
19667520
19677639
19682960
19680280
19680480
19688070
19684889
19681520
19683440
19679690
19668900
19672659
19670820
19679740
19685480
19677730
19689389
19676410
19670210
19682700
19677340
19678359
19669830
19670300
19689330
19671030
19672119
19677630
19678930
19683450
19685810
19678149
19674040
19683310
19680440
19683230
19681739
19671580
19682670
19678550
19677380
19680819
19686670
19682280
19680570
19674710
19687660
19671690
19676270
19679330
19667050
19686100
19676700
19679450
19687200
19696730
19690750
19682600
19687360
19679990
19693980
19695000
19686410
19682220
19679600
19676840
19672010
19685930
19689260
19684370
19671960
19676060
19681050
19679800
19681630
19680670
19671390
19682880
19683710
19672470
19683560
19671590
19681370
19679000
19683600
19669960
19683440
19680720
19680680
19687100
19677930
19697410
19679980
19684150
19698120
19673520
19672530
19679440
19671780
19685060
19682550
19675810
19679550
19679450
19682850
19698740
19707080
19686340
19681250
19687600
19688950
19674110
19682830
19673560
19685480
19681980
19682490
19679890
19679210
19682739
19685900
19674690
19700380
19682880
19680869
19685950
19690140
19683140
19672880
19681139
19678770
19681030
19692990
19682350
19689739
19686420
19682610
19683330
19676570
19681799
19673960
19681450
19692270
19685040
19681359
19695300
19689650
19686300
19683930
19686389
19682320
19679470
19688430
19681050
19681709
19679430
19700610
19692310
19703410
19684609
19680280
19684460
19683030
19686010
19685570
19683930
19677160
19685700
19684960
19685210
19675010
19682090
19695520
19683860
19690560
19681510
19696560
19683120
19676390
19688740
19686130
19682340
19682030
19682040
19691150
19686850
19678770
19680070
19682270
19685590
19692850
19680260
19681340
19686040
19677360
19685680
19681780
19686910
19694510
19678690
19687590
19682450
19682870
19682430
19681310
19686750
19702540
19709380
19678730
19679610
19704470
19689880
19682610
19682110
19680370
19683670
19686820
19685250
19684190
19682860
19683030
19687660
19693280
19682470
19692810
19685520
19687420
19688310
19685490
19684070
19684440
19685200
19687760
19689360
19683440
19686640
19694950
19689570
19712840
19684380
19684630
19681800
19685439
19695520
19683860
19685680
19682070
19689229
19684690
19684760
19700140
19683040
19684429
19685100
19690890
19685540
19706890
19688989
19680640
19688250
19687940
19692200
19698589
19679040
19688830
19690260
19680690
19687899
19682770
19706450
19693700
19682790
19684299
19683400
19680730
19692490
19701160
19685499
19681640
19685520
19686770
19686470
19681470
19686470
19680480
19693510
19694740
19683440
19704230
19681830
19683490
19688310
19689060
19695650
19685090
19687830
19686180
19687460
19685800
19686230
19704620
19689430
19705030
19683770
19683950
19687130
19676910
19702720
19690660
19675920
19685810
19679250
19688270
19692170
19698400
19688540
19689170
19693620
19697970
19687620
19684000
19683650
19677870
19692110
19685690
19687790
19680370
19688650
19704130
19687240
19686240
19706330
19684140
19698320
19695380
19691660
19685130
19689790
19685500
19694030
19696260
19683490
19683050
19693490
19684570
19688600
19684500
19686900
19692620
19688910
19696530
19687190
19682110
19686860
19700480
19689800
19698520
19692840
19689500
19684820
19693140
19693190
19710280
19691840
19684140
19693509
19704270
19685430
19688440
19686520
19692079
19694270
19690290
19688100
19684780
19690939
19689930
19687580
19687770
19690370
19701479
19692080
19698840
19694680
19683270
19687949
19686380
19696810
19692700
19682960
19686079
19690220
19718890
19727040
19687080
19684409
19691910
19687260
19693880
19685910
19682209
19689080
19686090
19688870
19685000
19686790
19718970
19694460
19694440
19685810
19684710
19692560
19686590
19698340
19706510
19687920
19688230
19689720
19700000
19690090
19685960
19690430
19686070
19692300
19712780
19687850
19689270
19691190
19693520
19694470
19695640
19688580
19701740
19693110
19691230
19693210
19694160
19689960
19699120
19689200
19692520
19693380
19690590
19697430
19703170
19694600
19698270
19686560
19689680
19683100
19688830
19692640
19688550
19691500
19687650
19709640
19695960
19712630
19715400
19692320
19688030
19697690
19700530
19690620
19693990
19689130
19699890
19692260
19693260
19691180
19696220
19691650
19693520
19693520
19688940
19689500
19693330
19695900
19703930
19694670
19689870
19696730
19688380
19696580
19708860
19700670
19725850
19693030
19694129
19692970
19694460
19692910
19687090
19711900
19698030
19691940
19703270
19689400
19686729
19697750
19693880
19693100
19690880
19688069
19694280
19694030
19693350
19710110
19697969
19698280
19720040
19693530
19687930
19690869
19697460
19692520
19698710
19713330
19687959
19693290
19690840
19695470
19702480
19697430
19692660
19697230
19704800
19691920
19691190
19700300
19690630
19699920
19693390
19692520
19696360
19690740
19706050
19697040
19690610
19695910
19696860
19702390
19704310
19696350
19693690
19689360
19691080
19701460
19725300
19695850
19688490
19694890
19694030
19696760
19696230
19691070
19694530
19710690
19705420
19699380
19690730
19695990
19717700
19697670
19697800
19694900
19690410
19691190
19697250
19699080
19698970
19714380
19698790
19700150
19716450
19691530
19694740
19691470
19690080
19699310
19737430
19705200
19696660
19695320
19701810
19694500
19690390
19693990
19705410
19703000
19707950
19696720
19719400
19709330
19696910
19699350
19695310
19695420
19692960
19700410
19705920
19761330
19696400
19692840
19694720
19696990
19703980
19691410
19705600
19695900
19693720
19719850
19696180
19693900
19713080
19695720
19703249
19703380
19697640
19700570
19699200
19697769
19706580
19696410
19696230
19698810
19707199
19701320
19692920
19691270
19705170
19703389
19698290
19698710
19700760
19692710
19691579
19700310
19704720
19704210
19718540
19699409
19712850
19724280
19696820
19697380
19694620
19697690
19697040
30708106
19971831
19975260
19973961
9932425
20016910
19972361
19975390
19997720
19983121
19943250
19964301
19974930
19971940
19974171
19971300
19974531
19972080
19977760
19971271
19978500
19976841
19963880
19971930
19977081
19990330
10019975
10125576
10125415
10121906
10119805
10125195
10122856
10147465
10120196
10124295
10119855
10125906
10122465
10121406
10121145
10119525
10112606
10127825
10123016
10145545
10121265
10123036
10121295
10126186
10119105
10119625
10117596
10125585
10127016
10120725
10128405
10116606
10112965
10163496
10122855
10125545
10117696
10126645
10128496
10122775
10123215
10119266
10126715
10131926
10120705
10148755
10119436
10126055
10112875
10129205
10125475
10122876
10117895
10126455
10132195
10273716
10138996
10121925
10118785
10148476
10129885
10122986
10115585
10122275
10110216
10135465
10152226
10122695
10120965
10118106
10128495
10148796
10118515
10117515
10118026
10126835
10129926
10126975
10119955
10121606
10119315
10126746
10125635
10121145
10132826
10149955
10121886
10124265
10119785
10122896
10124415
10126536
10127635
10128355
10119416
10124735
10119236
10151735
10125635
10119406
10122985
10133256
10131355
10120895
10118916
10122245
10125666
10126115
10128175
10115986
10121015
10152066
10113215
10131205
10121526
10118715
10119146
10127575
10126895
10118156
10120105
10120676
10121275
10150985
10125386
10149045
10120326
10122345
10110715
10126586
10124085
10119066
10121395
10136345
10135336
10123485
10119406
10148375
10120295
10123486
10122695
10120866
10120175
10124585
10116466
10124435
10124486
10120615
10120335
10155056
10127455
10122826
10119235
10125235
10122876
10132535
10128716
10119445
10125675
10120516
10123645
10123506
10121855
10147285
10124566
10132235
10126746
10119795
10120085
10117256
10124505
10127365
10124065
10120055
10123016
10146645
10119885
10128045
10125585
10129016
10121605
10125015
10125866
10141135
10127276
10123235
10126445
10125226
10127675
10150906
10123055
10127155
10116396
10133025
10128116
10127565
10124705
10124166
10130725
10122026
10121425
10148235
10122076
10126165
10121256
10124025
10121305
10129966
10133225
10130236
10132495
10124755
10126176
10128825
10126556
10147745
10123625
10124676
10120375
10122246
10123985
10119795
10121716
10117165
10110556
10126085
10126695
10149226
10130505
10123666
10125125
10128315
10119646
10122415
10138606
20089860
19964261
19969090
19975480
19998571
19942150
19969171
19971040
19977020
19972451
19979010
19971781
19965250
19975250
19967381
19976090
19980401
28967194
19937370
10951137
10069735
10107775
10122526
10118605
10117116
10121935
10117855
10121076
10118175
10119796
10114625
10115425
10143146
10116815
10115306
10118625
10119075
10130776
10118445
10117126
10118315
10114815
10121606
10127035
10144736
10115745
10118555
10116796
10125855
10184676
10123845
10116445
10115236
10107325
10123126
10121635
10117025
10115256
10141155
10117455
10119435
10118835
10111716
10116105
10120555
10116505
10119335
10120216
10129835
10127225
10147026
10120965
10115496
10114965
10122785
10122556
10118425
10113126
10115775
10119645
10120426
10121875
10118116
10117475
10137385
10109366
10123155
10127696
10124955
10117855
10121126
10121835
10124526
10115985
10118615
10118336
10153455
10119066
10119685
10189946
10126736
10121595
10122796
10114295
10115885
10118806
10121615
10122356
10110675
10114825
10143546
10119235
10123226
10114455
10116565
10114146
10117485
10110096
10115715
10119185
10115476
10118515
10139076
10117735
10117925
10115886
10121975
10114706
10120525
10120535
10120666
10117705
10114506
10111425
10116825
10116676
10146525
10118516
10133575
10123935
10116646
10112915
10140296
10117395
10124395
10115626
10119885
10119906
10144085
10113495
10141776
10118165
10121096
10112045
10123735
10120836
10116485
10118556
10118255
10117205
10121466
10124675
10146706
10115215
10121245
10107446
10122445
10119536
10116335
10116825
10145376
10121035
10117356
10118735
10146665
10118136
10122885
10122536
10122455
10120245
10117566
10105935
10118545
10121585
10112235
10120586
10123915
10119985
10141195
10115545
10118946
10114255
10128655
10121736
10116725
10115986
10117045
10107455
10121036
10118475
10155116
10117785
10118975
10118966
10122055
10113696
10118795
10112905
10275056
10122505
10115606
10115945
10116905
10110506
10149265
10120126
10118805
10116325
10127236
10117565
10112846
10118055
10116365
10119026
10120455
10122356
10141795
10117325
10120976
10105305
10124746
10118275
10118695
10118246
10120035
10122356
10116775
10113825
10117466
10119105
10147876
10117175
10119125
10117116
10120375
10108456
10120975
10118835
10116426
10116045
10144776
10124395
10143995
10115926
10131125
10114996
10121265
10118225
10119166
10112295
10116106
10109075
10126865
10123756
10118125
10116026
10142715
10121665
10142966
10115505
10118176
10113435
10123615
10123156
10120215
10117166
10114295
10111735
10145906
10117485
10118286
10114475
10124205
10119746
10116085
10119726
10116415
10121455
10120876
10122265
10114506
10113375
10143825
10114376
10124255
10114965
10115625
10115785
10118386
10120645
10117235
10125855
10114645
10120196
10149145
10119125
10112065
10113575
10118236
10107725
10122015
10118025
10114865
10113906
10119245
10121045
10125076
10115445
10143266
10117525
10120855
10117386
10117365
10117616
10120145
10163606
10123826
10118675
10118646
10120825
10141105
10119446
10117955
10113576
10114965
10117595
10121176
10116885
10116106
10122125
10114305
10113556
10122335
10122096
10144065
10114715
10124756
10128795
10116356
10113775
10132365
10125106
10124135
10117956
10117865
10116725
10144936
10108555
10117276
10117375
10121095
10113776
10126545
10118366
10117005
10119995
10114186
10119815
10120026
10129475
10150235
10124536
10128955
10117956
10126495
10125765
10121366
10125525
10135326
10123405
10123265
10123276
10151045
10122086
10112165
10121085
10124646
10121785
10123546
10115445
10125985
10122966
10123835
10126156
10561076
10173665
10151546
10121595
10126286
10133755
10143935
10132046
10125865
10125826
10122765
10112025
10127226
10124365
10149276
10130275
10130875
10126626
10126665
10121606
10119155
10135275
10123026
10127995
10121076
10123565
10173825
