74570 
61770 
48310 
48950 
45530 
45730 
43650 
44440 
46110 
47690 
45600 
45830 
47380 
47230 
44250 
45200 
44890 
50320 
44460 
58210 
22390 
22860 
22960 
21420 
22640 
20930 
22520 
22140 
22300 
22940 
22470 
22100 
23600 
22960 
24040 
23360 
22170 
23080 
21680 
22840 
22960 
23520 
22370 
21260 
22910 
23760 
21780 
22400 
22760 
21490 
22790 
23100 
22940 
23030 
21770 
23330 
22860 
22730 
21400 
44290 
43520 
43790 
42180 
42240 
45300 
45080 
45160 
44380 
41000 
40820 
45810 
43210 
43780 
41570 
40380 
40760 
41790 
43190 
42540 
42190 
41790 
42590 
43410 
43870 
39910 
40840 
41050 
41620 
42840 
40720 
42710 
42010 
43490 
41540 
41610 
41820 
42370 
43600 
40870 
41090 
41440 
42990 
43040 
42910 
41510 
40580 
41090 
53570 
48600 
43050 
43030 
42710 
45380 
42200 
42670 
41340 
42080 
42560 
41580 
43500 
41990 
41590 
42670 
41720 
43390 
43550 
42670 
40760 
41460 
43060 
44610 
45650 
41870 
41380 
41270 
46350 
40960 
41670 
41030 
42250 
45210 
41120 
40830 
43340 
39700 
44120 
41590 
42520 
42340 
39100 
43040 
41310 
42390 
40590 
41770 
43190 
42380 
40770 
41890 
44070 
41380 
42310 
40860 
41560 
42230 
40650 
43800 
42790 
39680 
40860 
41400 
42820 
42530 
39510 
42360 
45680 
42110 
43700 
39640 
39910 
43260 
50160 
50860 
41690 
41170 
41610 
41340 
42540 
42380 
39200 
42640 
43520 
54080 
47840 
41870 
43450 
42240 
44070 
44110 
41170 
44300 
42720 
43150 
43580 
46360 
42580 
42670 
43730 
43570 
42930 
42550 
41650 
42400 
42160 
43250 
40980 
40610 
43640 
42230 
40990 
41800 
40270 
42070 
43600 
41950 
42830 
40640 
41330 
40720 
40960 
41480 
40450 
43310 
41820 
43550 
46520 
41860 
42040 
43220 
42000 
45780 
41320 
40780 
43170 
41950 
42460 
40730 
41310 
40630 
42950 
43780 
41490 
41490 
40660 
41310 
42820 
42210 
42240 
41620 
42160 
42710 
43390 
42230 
42890 
46170 
45370 
44490 
41850 
42880 
41980 
43060 
42870 
42390 
41110 
40730 
56910 
47390 
43190 
40830 
41830 
42880 
42010 
44690 
43100 
40770 
42730 
42800 
44550 
40690 
42300 
43030 
42680 
44710 
41000 
42060 
42210 
42350 
40980 
42270 
40530 
42840 
43180 
43650 
44250 
41780 
41680 
43030 
44490 
43600 
43070 
42720 
41400 
43550 
41370 
42050 
41850 
41340 
42720 
41260 
45730 
41380 
42060 
41260 
43610 
43550 
42340 
40460 
41910 
42720 
42370 
44560 
40780 
43850 
46230 
42330 
47980 
42540 
43750 
43110 
42310 
44430 
42050 
40840 
41820 
42810 
42480 
42430 
40740 
44240 
42670 
42430 
45580 
40770 
42300 
42850 
43880 
43500 
59560 
60340 
60280 
45820 
45750 
42910 
43470 
45680 
42760 
42010 
44710 
45140 
44700 
44710 
42900 
45730 
42390 
46630 
44550 
42100 
44780 
43030 
43110 
42640 
43640 
45270 
44430 
43510 
43270 
45550 
42640 
44540 
44030 
44100 
45940 
43940 
44600 
42760 
43660 
43710 
41340 
45370 
42010 
44880 
43970 
41810 
44650 
41980 
43180 
41210 
43780 
47130 
44020 
48390 
44550 
43880 
45210 
45680 
42740 
45750 
43700 
44930 
46540 
46180 
47590 
43900 
42460 
44530 
44720 
44900 
44960 
44160 
58940 
60890 
64070 
45480 
45000 
46000 
46680 
45410 
48400 
45800 
41760 
45400 
42820 
46500 
44810 
42390 
45490 
41940 
42710 
45000 
44140 
45390 
45190 
44470 
44770 
44830 
43840 
45160 
44500 
45090 
44110 
44940 
46390 
44400 
46040 
49110 
45720 
44810 
44490 
45120 
42280 
43780 
42990 
46800 
45080 
44050 
43840 
42790 
43500 
44530 
41760 
42910 
43350 
42010 
47970 
44800 
43770 
44380 
44300 
48600 
43640 
43350 
43580 
45250 
44250 
43060 
42590 
45070 
42320 
65950 
64530 
60930 
60790 
45830 
45340 
44980 
44220 
44290 
42630 
45380 
44470 
43550 
44570 
43870 
43620 
45990 
43480 
44290 
43040 
42910 
44180 
46300 
40640 
43960 
43360 
45290 
44620 
60050 
44600 
45090 
44430 
46590 
41900 
44290 
45580 
44810 
49880 
43430 
43860 
44090 
43640 
47710 
41470 
42250 
44780 
42250 
45650 
41190 
42080 
45220 
42460 
45820 
44320 
44100 
44910 
42770 
45090 
45630 
44370 
44890 
46740 
44960 
46220 
45450 
44040 
42590 
43110 
44580 
42480 
42250 
41530 
62660 
60580 
44700 
42480 
43450 
47210 
43860 
44850 
42950 
42410 
44750 
43100 
45430 
43760 
43880 
44540 
43490 
48820 
44480 
42300 
43030 
44790 
45420 
47970 
42550 
43590 
44760 
43190 
49350 
42740 
44460 
44450 
42430 
47060 
46400 
45240 
43630 
43850 
43630 
46930 
48590 
44080 
42960 
45170 
45010 
46380 
46140 
41410 
44080 
44280 
46190 
45360 
44980 
44510 
44490 
44940 
46150 
44850 
45970 
43440 
45180 
42800 
45850 
45620 
44770 
46250 
45840 
42930 
47140 
66570 
67090 
62770 
43710 
48500 
44610 
43720 
43260 
43050 
44220 
42680 
42050 
46010 
43020 
45680 
43830 
44980 
43640 
42750 
42910 
46050 
45250 
45290 
43570 
43840 
44650 
47410 
44400 
44060 
67930 
56470 
5084840 
5075560 
5102410 
41070 
42630 
40840 
42960 
44800 
43010 
41960 
41170 
47070 
44700 
47160 
43040 
42810 
44120 
43300 
43940 
42320 
44530 
45640 
41160 
45090 
42300 
43550 
45180 
44030 
45110 
43710 
42560 
43290 
45760 
44100 
43540 
42090 
42650 
45540 
43490 
45200 
42300 
44340 
43570 
42980 
45240 
43740 
43460 
45510 
45050 
63170 
58190 
22830 
21880 
23630 
20920 
22990 
22070 
21480 
23970 
22670 
21700 
22360 
22670 
22030 
22080 
21070 
22700 
21850 
24480 
22680 
23140 
23160 
21610 
23280 
22220 
20650 
22970 
21910 
23500 
22100 
22180 
24090 
21490 
23350 
21510 
42890 
29480 
47690 
44910 
43840 
43510 
42830 
43980 
43650 
43430 
43140 
44130 
44870 
42820 
45460 
47910 
47530 
43830 
45010 
41850 
41490 
45720 
44020 
44920 
42490 
43950 
42060 
43050 
44780 
41910 
42680 
42050 
42720 
44400 
44160 
45420 
44300 
44090 
42500 
43140 
42990 
44480 
43700 
44250 
43460 
41460 
43740 
46690 
45210 
44430 
41210 
43480 
41820 
44630 
43930 
42080 
44060 
42110 
45160 
44780 
45130 
45180 
42920 
43620 
42680 
42290 
56710 
52730 
45810 
44490 
45540 
42220 
44340 
44750 
43450 
43380 
44600 
43350 
42910 
45010 
42670 
45830 
44300 
46310 
44700 
44870 
44940 
43850 
47030 
44540 
42850 
44080 
43060 
44480 
46000 
41740 
45710 
43390 
43410 
44720 
41110 
44860 
42310 
41310 
42980 
42120 
42970 
41960 
42560 
42810 
44910 
46050 
44270 
42980 
43010 
43530 
42080 
44580 
46440 
42860 
42310 
44100 
43870 
42770 
44370 
41990 
45110 
44530 
43070 
42260 
42510 
43770 
42800 
45040 
45400 
41400 
45500 
43970 
44030 
42600 
40990 
43600 
43870 
42140 
46360 
42800 
42890 
44650 
42390 
44380 
41970 
42060 
42570 
43320 
44620 
42100 
42710 
42870 
42890 
46410 
42310 
44750 
42250 
44060 
42830 
43130 
42820 
44800 
41740 
50610 
47020 
45270 
43030 
42430 
45680 
43740 
43290 
42380 
43780 
44770 
43760 
45690 
41870 
42050 
46730 
45850 
45760 
44180 
43330 
41470 
43260 
44730 
41770 
42670 
42440 
42610 
44570 
44830 
41750 
43810 
44080 
45300 
44190 
41460 
45750 
44450 
43990 
44940 
43390 
43750 
43780 
44630 
45690 
41880 
43060 
41560 
44210 
77730 
45840 
43340 
48520 
45540 
45610 
42920 
43800 
41510 
43480 
44730 
43370 
43640 
42700 
45440 
41200 
44030 
42400 
41610 
44300 
44420 
44780 
42640 
43260 
43360 
42130 
44320 
43900 
44020 
44540 
46570 
42460 
46500 
43900 
44010 
45560 
43040 
45600 
42680 
42580 
41850 
42530 
46130 
47040 
42940 
45110 
43330 
44000 
44980 
42580 
42920 
48320 
45510 
56050 
48200 
43130 
44320 
44780 
46290 
44230 
42250 
42930 
42440 
44350 
46760 
45320 
43770 
46260 
45970 
46190 
42210 
44430 
43800 
43290 
46080 
42810 
44730 
44990 
42970 
45780 
43430 
39880 
42170 
44390 
43160 
42860 
39590 
43120 
42760 
43910 
44920 
41820 
43270 
45450 
42730 
43910 
42950 
43120 
41150 
44780 
44640 
42930 
47840 
43610 
44500 
43810 
43540 
43930 
43540 
45910 
43380 
47700 
49090 
44830 
46040 
48000 
43030 
42770 
44730 
64230 
65460 
67450 
45710 
43500 
43100 
45460 
46870 
98180 
45650 
43910 
48090 
45130 
42400 
41790 
41750 
47180 
42840 
43670 
44040 
44210 
41500 
43620 
44660 
43080 
45520 
42030 
44740 
44160 
47250 
45560 
44750 
44510 
44230 
53240 
46500 
44440 
43930 
41850 
41970 
44110 
44210 
44620 
42920 
43520 
44480 
44620 
43640 
44090 
41430 
49630 
42090 
44080 
44960 
43600 
45020 
43260 
45730 
44210 
43910 
43470 
49110 
41800 
47780 
44880 
44080 
44870 
43120 
47340 
44330 
42510 
43660 
41770 
61310 
63840 
63410 
61460 
42890 
43550 
46800 
42670 
42110 
42530 
43780 
45450 
42830 
42070 
44510 
46050 
43700 
44080 
44860 
44430 
42500 
43520 
45060 
43150 
42740 
48420 
47350 
46420 
41380 
43610 
46050 
42830 
44770 
43200 
47010 
46610 
41970 
44520 
45860 
41830 
43390 
44960 
44350 
46260 
43230 
42950 
43200 
43720 
43470 
43630 
45350 
45050 
43570 
43540 
43450 
43560 
43730 
44280 
48200 
43200 
41410 
44440 
47940 
50110 
45470 
47340 
46010 
54780 
45310 
43990 
44550 
44280 
42830 
49170 
68820 
62870 
71870 
65300 
51490 
44820 
45890 
47920 
42730 
44830 
43510 
45930 
43880 
42010 
44330 
45740 
44840 
43530 
42790 
42060 
44210 
44050 
43090 
42880 
44120 
45170 
45250 
47000 
42300 
44070 
43090 
44030 
44320 
41930 
46120 
43740 
44420 
41630 
42920 
44350 
41400 
43670 
42340 
42540 
42630 
43240 
44070 
42700 
43180 
44500 
45260 
44840 
43860 
44860 
46180 
44410 
44440 
45150 
44520 
41950 
41500 
43690 
44260 
43100 
45210 
43670 
46940 
44340 
43100 
44690 
42950 
43540 
62880 
59540 
62660 
60300 
44080 
45360 
41360 
41360 
42580 
42300 
46720 
41100 
42020 
43680 
42870 
44180 
43190 
44080 
44360 
43080 
43570 
43250 
43030 
42030 
43810 
43450 
45700 
45080 
43640 
44750 
44050 
45600 
45810 
47060 
45100 
41900 
45000 
44400 
41210 
43860 
44020 
44290 
45410 
41710 
42580 
43500 
41300 
45070 
42780 
43890 
44730 
41010 
45270 
42980 
43450 
42700 
42430 
44080 
41990 
43220 
42300 
42650 
44670 
43350 
41610 
43660 
44880 
46610 
43750 
44360 
43030 
58250 
61220 
62030 
43370 
41360 
40580 
42660 
42900 
42370 
41270 
41850 
42880 
45040 
43270 
41670 
43390 
43590 
44270 
45160 
42970 
43850 
44320 
42680 
44710 
42730 
41690 
42620 
43230 
45730 
62090 
53240 
5077150 
9905900 
41400 
42250 
39460 
40910 
44250 
41560 
56370 
22080 
23540 
21050 
22300 
23380 
22490 
21450 
21890 
24280 
22510 
24690 
21950 
21150 
22710 
23150 
22870 
21860 
22430 
22510 
21780 
22190 
23100 
21220 
25710 
27590 
22730 
24160 
21300 
21530 
21940 
21760 
23380 
45480 
42200 
46200 
43750 
46450 
41930 
41240 
45430 
44300 
43190 
43280 
42000 
44520 
47760 
44990 
43870 
44060 
43890 
44280 
44020 
43080 
42160 
42700 
42500 
42380 
43250 
42190 
42160 
96150 
73490 
50080 
43370 
44440 
44020 
46040 
41450 
43100 
44840 
42380 
45440 
43640 
43150 
41790 
41510 
44770 
44820 
43020 
43920 
41390 
43450 
44980 
42880 
45010 
45090 
45570 
43230 
43330 
43260 
42820 
44430 
44360 
44390 
44310 
41690 
42910 
42100 
42770 
44060 
44300 
44860 
46190 
43020 
44440 
42560 
43210 
41960 
43700 
44760 
42490 
50530 
46170 
44970 
44810 
41890 
44170 
45510 
44630 
45130 
43870 
45260 
42220 
41710 
47060 
43340 
42670 
45730 
44970 
44470 
43420 
43940 
42870 
42950 
43920 
43780 
43900 
41760 
42410 
44550 
44280 
44710 
44070 
41820 
43500 
43680 
44420 
44330 
41910 
44700 
42820 
42730 
44530 
42310 
43850 
42710 
41820 
42720 
42190 
41570 
45410 
46190 
46060 
46370 
44120 
44730 
44760 
41540 
46790 
43910 
44860 
44550 
44650 
45180 
44300 
42280 
46650 
48250 
45820 
42850 
42600 
46520 
43450 
43690 
46190 
41800 
43080 
43570 
45640 
46230 
45530 
43100 
45190 
40900 
45740 
44110 
43620 
45690 
42080 
47940 
42340 
46420 
43250 
44460 
44870 
44710 
45070 
43170 
44860 
43660 
44300 
45890 
45410 
68780 
53090 
46860 
45020 
47470 
45330 
44830 
43260 
45140 
43460 
44240 
44240 
45830 
44890 
41750 
45430 
46070 
42900 
44500 
43140 
42570 
45260 
41680 
44340 
42890 
44100 
44920 
42920 
43790 
42120 
41740 
45250 
60340 
56160 
45190 
42780 
45230 
43410 
42250 
43430 
44860 
43230 
42350 
42920 
44580 
42890 
44000 
44640 
42650 
43220 
43130 
46810 
46330 
43800 
44430 
41790 
42840 
45180 
48690 
43980 
51670 
53060 
44670 
43730 
45110 
43760 
43820 
44810 
47330 
44570 
45840 
43710 
41240 
45300 
41640 
41760 
45620 
43690 
43490 
42250 
43510 
44840 
43340 
45770 
42580 
41720 
46640 
44390 
42670 
45190 
42260 
45200 
46070 
42320 
46430 
41900 
42910 
46240 
43160 
46700 
42520 
42270 
45210 
47840 
43190 
49410 
45080 
44120 
43450 
43380 
45140 
43720 
41140 
47460 
44250 
43640 
45220 
42210 
47450 
44680 
43580 
44680 
59870 
49580 
43530 
41340 
45700 
40920 
43570 
44460 
42150 
48000 
42450 
42010 
44250 
41040 
43350 
42890 
40900 
45270 
43140 
59220 
48250 
41860 
44290 
42270 
43670 
42890 
41770 
45240 
90960 
65790 
43360 
49230 
56080 
47700 
48690 
47000 
43740 
44340 
65960 
61720 
60870 
63510 
43800 
43880 
44270 
43650 
44220 
43880 
44090 
42470 
43390 
44140 
43580 
43090 
44100 
43300 
44240 
44770 
41060 
43720 
44040 
43490 
43940 
42170 
45320 
44840 
45820 
44330 
44120 
47300 
45360 
46660 
48080 
45240 
43860 
44310 
42970 
47530 
42620 
42630 
50980 
43590 
46160 
47580 
44050 
43560 
44940 
42570 
45540 
42840 
41230 
43890 
46750 
45140 
44610 
46320 
46680 
43080 
44790 
44400 
43110 
42210 
44330 
43830 
43420 
43610 
42670 
44910 
43390 
44530 
68630 
61360 
62550 
45630 
48260 
42690 
42600 
45100 
42550 
43820 
45060 
43720 
42350 
44300 
44320 
44270 
42360 
41580 
42960 
42960 
45520 
48200 
43040 
44430 
47210 
43130 
44130 
43700 
44090 
46990 
42920 
44480 
44040 
44380 
43990 
43590 
45770 
43310 
42650 
45730 
44710 
43690 
44320 
41120 
44510 
45230 
41810 
46330 
43000 
43860 
42550 
42630 
46610 
41620 
44280 
45900 
43700 
45970 
42720 
44540 
46440 
47650 
47340 
45840 
45960 
43050 
43590 
44370 
44800 
45630 
44550 
43150 
70130 
65050 
62000 
63240 
44420 
44680 
46110 
44500 
43100 
41940 
44520 
45430 
46520 
42590 
43820 
45750 
45450 
46510 
43850 
43110 
44940 
41780 
46540 
43030 
42770 
43730 
43690 
45930 
42770 
41360 
44360 
44200 
50910 
46520 
45630 
52900 
46810 
43540 
44940 
45050 
44290 
43590 
43110 
44710 
41930 
43690 
42720 
41810 
46030 
41600 
43180 
50140 
45490 
44910 
42150 
43770 
44430 
44690 
46400 
44220 
42970 
43570 
