111670 
59620 
48240 
48440 
55080 
51970 
52160 
44770 
48100 
53430 
53270 
52770 
35670 
45490 
73230 
92030 
68540 
62760 
63480 
60000 
71810 
59780 
70310 
64500 
59360 
63060 
66110 
63710 
56670 
759130 
62010 
69690 
65320 
61860 
62990 
62960 
93190 
56370 
66350 
64080 
65770 
66300 
581450 
50350 
46750 
48190 
27190 
50050 
45160 
54590 
48000 
55020 
51150 
45960 
72200 
33200 
52850 
38800 
48540 
37650 
46350 
39470 
48370 
43530 
52380 
46290 
24870 
65980 
24910 
47740 
42020 
26210 
48580 
49370 
45610 
18000 
22990 
25390 
26210 
25970 
26980 
47870 
28060 
44920 
76650 
65300 
58560 
614460 
63030 
67990 
65250 
65770 
65650 
64610 
65510 
62250 
64920 
50920 
64220 
83360 
63960 
62890 
64200 
65590 
66140 
67400 
650170 
64240 
81970 
63580 
63310 
68100 
46710 
47460 
46940 
50050 
50350 
44310 
49420 
52880 
52100 
50710 
95320 
82830 
60240 
53140 
45480 
58890 
45770 
47890 
51930 
53410 
46000 
44280 
48190 
46540 
45950 
613940 
45460 
47240 
45410 
49680 
44900 
44700 
46590 
71890 
584490 
49930 
49580 
46140 
47650 
50180 
48190 
48900 
78250 
612310 
64230 
66490 
64630 
52050 
66020 
63030 
62700 
61920 
59240 
55740 
62840 
56230 
35980 
46240 
65290 
49980 
35560 
36380 
34900 
65810 
45050 
39070 
49630 
33220 
62880 
31880 
38610 
66950 
26620 
41680 
26480 
63550 
46350 
47490 
25390 
88990 
81870 
63660 
33290 
47380 
36910 
51420 
41470 
44060 
46120 
46330 
43850 
47600 
54800 
65410 
637650 
50210 
44580 
50640 
45010 
44780 
47720 
44200 
45740 
48290 
48740 
51150 
49000 
51950 
49620 
47160 
45420 
77230 
64940 
596450 
66540 
64510 
64570 
64250 
62210 
66700 
62830 
84810 
64710 
66840 
60000 
60980 
65440 
64790 
62630 
61950 
61560 
61920 
62400 
64680 
66050 
65150 
62400 
71990 
51310 
50080 
45460 
52700 
49950 
50290 
47860 
45610 
52260 
50170 
56130 
84910 
87860 
593510 
54920 
48450 
48160 
47170 
43550 
46900 
43070 
46400 
45690 
46080 
44100 
49160 
48840 
47610 
46060 
45140 
45530 
48960 
48560 
41270 
48630 
51790 
47450 
50960 
47680 
46410 
64530 
47460 
70980 
69260 
61830 
65750 
62890 
62330 
61500 
62400 
60690 
60360 
66110 
69630 
64380 
64330 
62240 
59020 
35260 
61440 
52640 
63370 
36510 
64520 
52700 
610290 
36000 
60210 
41600 
52610 
45950 
50070 
48830 
49960 
54120 
49650 
50580 
55820 
71830 
52970 
86390 
76080 
66090 
59100 
49640 
48510 
43360 
46220 
47680 
68550 
45970 
44900 
47040 
46360 
51080 
46910 
43810 
47790 
61660 
51350 
55430 
48860 
46670 
49360 
51290 
52000 
43200 
28900 
64730 
51330 
52520 
40870 
75640 
64140 
61490 
63350 
62640 
68800 
51000 
72810 
49150 
105530 
32020 
54680 
35040 
99800 
64710 
62200 
54700 
64020 
63250 
65670 
63520 
63340 
66860 
61020 
34340 
67290 
38530 
55040 
21800 
48420 
48100 
55100 
68500 
23410 
57600 
41590 
46870 
612270 
88060 
46000 
61310 
25840 
49910 
26900 
48800 
42760 
45240 
47900 
50350 
44010 
47260 
45330 
49410 
46450 
49270 
46870 
46030 
46030 
20260 
49670 
19690 
50430 
49260 
46910 
53310 
50200 
52040 
63100 
902020 
81010 
64250 
64670 
65650 
83770 
65770 
63660 
61070 
70380 
67560 
63220 
63600 
62090 
65030 
75880 
596660 
63870 
63100 
67780 
63390 
64530 
68230 
63290 
66150 
62730 
63200 
72590 
47220 
51070 
44880 
46710 
48430 
62620 
47240 
50770 
52100 
47790 
57790 
103070 
71380 
28340 
46890 
55440 
40610 
48290 
23680 
67110 
39330 
44740 
26820 
47930 
25380 
48330 
34500 
49740 
25550 
48170 
35610 
49390 
23580 
48590 
44890 
49070 
37220 
44110 
45080 
45330 
48570 
46280 
69750 
60890 
34470 
54740 
33510 
65260 
35500 
50770 
64640 
62110 
67030 
63620 
68320 
60530 
62940 
63140 
59810 
62840 
596560 
65300 
69490 
64290 
77250 
62630 
64590 
62250 
63890 
601680 
48200 
46880 
49990 
49300 
50710 
46470 
49720 
54240 
50290 
49700 
85550 
82330 
67640 
56340 
43310 
45660 
43490 
59720 
38460 
47970 
48980 
47890 
46220 
44380 
44900 
45850 
60990 
46990 
47710 
47320 
45680 
46500 
45460 
48170 
50160 
47090 
49840 
46730 
39330 
50380 
50590 
39180 
72090 
59720 
58860 
59860 
60110 
61280 
58800 
34100 
88870 
34310 
63150 
32970 
64050 
61570 
65430 
71040 
55680 
61410 
36850 
47820 
64100 
32490 
68620 
65610 
53660 
66580 
38330 
55320 
39620 
44810 
47670 
49840 
29030 
50420 
45850 
48280 
27630 
95580 
80790 
91570 
25870 
24880 
24640 
26070 
24400 
22930 
46120 
27900 
52080 
42190 
51550 
22050 
48380 
40820 
49920 
45530 
44230 
45700 
46840 
48160 
47870 
48280 
54530 
76250 
1165120 
53340 
48120 
67990 
46430 
78970 
69040 
61640 
66710 
63740 
64830 
63010 
64150 
63830 
63490 
65430 
64920 
66220 
63820 
62280 
61520 
63870 
63210 
593540 
67850 
69160 
66420 
65070 
62870 
60020 
66560 
84660 
619120 
47100 
46960 
48340 
48270 
50330 
42940 
48360 
41170 
28970 
136980 
48490 
66970 
38290 
40800 
24760 
46170 
48720 
45150 
47740 
46700 
47210 
43320 
46010 
60610 
48420 
49830 
44270 
45290 
49300 
48180 
49060 
45080 
60500 
47980 
50900 
46920 
54210 
46810 
49040 
52100 
48180 
78910 
65720 
63770 
62160 
593980 
66060 
62680 
67710 
61090 
63860 
64340 
60960 
61840 
64060 
67220 
63070 
56410 
59050 
61590 
67650 
60770 
62150 
78620 
601670 
66920 
65470 
66720 
68880 
47760 
48480 
45660 
46810 
48020 
47040 
50520 
51790 
51850 
46960 
97760 
79990 
82030 
54040 
46120 
45470 
47500 
48330 
44340 
48360 
43900 
46980 
47200 
46310 
46360 
45430 
46170 
45850 
44350 
47100 
43720 
37660 
45670 
25960 
50840 
40320 
49470 
45450 
47110 
27320 
48780 
39330 
76800 
73690 
88310 
65370 
46960 
54170 
59520 
58340 
59950 
60660 
59400 
62560 
60490 
100240 
64460 
32910 
64550 
33050 
71150 
62890 
53670 
59130 
38450 
66930 
56170 
59090 
40750 
55740 
44380 
55450 
25140 
53800 
42360 
45510 
31490 
53340 
46750 
91730 
79820 
66260 
59880 
49650 
46210 
49400 
48410 
45400 
23520 
47330 
26100 
48210 
22410 
46220 
45350 
49920 
49880 
24550 
46780 
40210 
47950 
27690 
72590 
40970 
45970 
27140 
51820 
42740 
51460 
25750 
93130 
604470 
64600 
45750 
58960 
57200 
65080 
61600 
61610 
64200 
61030 
68630 
65190 
62880 
64580 
65970 
68410 
67060 
65920 
601740 
65160 
68030 
63220 
60740 
61990 
64130 
66890 
75450 
944040 
50970 
44580 
46920 
49570 
63750 
45320 
50140 
50940 
53630 
83180 
87770 
69910 
64740 
70920 
46960 
48100 
49130 
45560 
49260 
45970 
43920 
46870 
46200 
46150 
48640 
44740 
46120 
48640 
44630 
49220 
47910 
45770 
47000 
46690 
53370 
47720 
47060 
51610 
48970 
47610 
49140 
106290 
30850 
33310 
35150 
35710 
35180 
33940 
63760 
35450 
53640 
90360 
32900 
62860 
33040 
38300 
57970 
37130 
67650 
33580 
69490 
63890 
67580 
65370 
89310 
69380 
76970 
64060 
67000 
47220 
49010 
51380 
48270 
51510 
66970 
1105820 
56080 
48200 
46630 
84830 
75580 
69820 
57350 
44720 
47280 
44690 
50640 
45450 
59380 
46450 
47070 
48040 
47040 
44540 
45250 
45260 
44420 
44810 
45150 
41040 
47530 
23570 
41400 
28130 
45090 
25310 
46640 
40600 
47460 
26290 
48750 
40760 
71060 
56620 
61230 
34870 
83060 
54480 
60320 
35030 
64530 
61890 
34360 
35150 
34830 
70760 
33580 
35640 
63170 
67380 
25160 
71170 
27460 
71120 
51760 
34620 
67190 
67440 
46690 
46800 
27060 
48840 
43100 
53460 
23590 
55830 
42320 
43750 
48600 
86960 
50650 
54810 
76090 
10089100 
50040 
39520 
41290 
41130 
43310 
44020 
46980 
44640 
41670 
23750 
44070 
25690 
44040 
25380 
35560 
47040 
52590 
38460 
42390 
51750 
38500 
53380 
52400 
37360 
25420 
50240 
81480 
70620 
91070 
64000 
67670 
69090 
69900 
65520 
45740 
63170 
70530 
55070 
73950 
67070 
60990 
65880 
66500 
66760 
604940 
59770 
63850 
60660 
65320 
62990 
62460 
63590 
89880 
53800 
46150 
45330 
49320 
50630 
51600 
45650 
53660 
51280 
68410 
643950 
82500 
74860 
64600 
47990 
49090 
42220 
26280 
40070 
47730 
23750 
50090 
43430 
49920 
46520 
50980 
49660 
48160 
49380 
48070 
49560 
49620 
49120 
46310 
64660 
626370 
54480 
50450 
49570 
47910 
46690 
49780 
74160 
81060 
62720 
65750 
64630 
70400 
64430 
61760 
59330 
61300 
64570 
63570 
59860 
59910 
69840 
66380 
63050 
81350 
606690 
67420 
65010 
65830 
64770 
60590 
62460 
66280 
88720 
610700 
47750 
46760 
50550 
54160 
47740 
43380 
47680 
67450 
54260 
51810 
94950 
81190 
69240 
57740 
46200 
44080 
45200 
46560 
47130 
45910 
47560 
44570 
47450 
47380 
48040 
43850 
60300 
47950 
45570 
49610 
46320 
44470 
46290 
48120 
51720 
47870 
49340 
47740 
50390 
50320 
50990 
46540 
77710 
62980 
66050 
597470 
62580 
63410 
63630 
64880 
63660 
63390 
58820 
62700 
64900 
64120 
62760 
63090 
64720 
63090 
66470 
63550 
60590 
86520 
64200 
65270 
66210 
63400 
67840 
40830 
43750 
28260 
43940 
58490 
49850 
46780 
30510 
25390 
24750 
47330 
46180 
36870 
57150 
33900 
26240 
37240 
26390 
44040 
25790 
41650 
49550 
56360 
49630 
40350 
52180 
50860 
52210 
25810 
48550 
39470 
44300 
27360 
50160 
37680 
45290 
26060 
53760 
48840 
48360 
49180 
46190 
76450 
89760 
603360 
66760 
66620 
68930 
64770 
69620 
63640 
73600 
93270 
599270 
64000 
65570 
65430 
65890 
64910 
65570 
63240 
63640 
65500 
645020 
609240 
67540 
63840 
62790 
69260 
50570 
51710 
45020 
48230 
49560 
49010 
47570 
48900 
52290 
49910 
86130 
85630 
68460 
76480 
49320 
49790 
49940 
47440 
45270 
47840 
47080 
51300 
49150 
46260 
59030 
49030 
50370 
45760 
22940 
47270 
35400 
52840 
26280 
47240 
34490 
48820 
39810 
52250 
28290 
47250 
55030 
47730 
73780 
59110 
62160 
59770 
60800 
61720 
64080 
58450 
35550 
67910 
67180 
69120 
66910 
67450 
43180 
61820 
32850 
63020 
59020 
64930 
61410 
63850 
82680 
605780 
65880 
65030 
62710 
67410 
50870 
45220 
52360 
50500 
48430 
51080 
51150 
57680 
54630 
48820 
87030 
80830 
65490 
55470 
46730 
47180 
46990 
48640 
49310 
45580 
44890 
46340 
48320 
594940 
46250 
45930 
44450 
51630 
46640 
46650 
46970 
63110 
49420 
50010 
50130 
39690 
51950 
48280 
51190 
43750 
26950 
39500 
74780 
65880 
63710 
82480 
607200 
64570 
67720 
65970 
63710 
67150 
62430 
63150 
61250 
62050 
64980 
67560 
64640 
63800 
64350 
60940 
59870 
59400 
77750 
609450 
65740 
64490 
68160 
50740 
47660 
45960 
46660 
48430 
45250 
46210 
53710 
53050 
48320 
91830 
90150 
64730 
61120 
60620 
47020 
48050 
48280 
44880 
45150 
46880 
47520 
49500 
46730 
48260 
46980 
24200 
47330 
37240 
67660 
24750 
45600 
25300 
45780 
41660 
48810 
51580 
49360 
50840 
49340 
46950 
46530 
97170 
611110 
62990 
66130 
64990 
67500 
65560 
58030 
62420 
62040 
64070 
66410 
68140 
64520 
61360 
64380 
61810 
60280 
63180 
60320 
597810 
65580 
66820 
65000 
64890 
64460 
68860 
49950 
48350 
44840 
47120 
49910 
52080 
45620 
49330 
49560 
48390 
103080 
83950 
66980 
64700 
50980 
49770 
44930 
46180 
43810 
46270 
65930 
47950 
46970 
50740 
45120 
48050 
46970 
44750 
44240 
22690 
46150 
50930 
37670 
23940 
42520 
27760 
40910 
25760 
48300 
76740 
26760 
49900 
62570 
68730 
52510 
61940 
61070 
36230 
54370 
67550 
59200 
35740 
93850 
54250 
63540 
34460 
62820 
38030 
64100 
33960 
61780 
54370 
614330 
38300 
60860 
62040 
65990 
61470 
63940 
64680 
71180 
49650 
51310 
55980 
49070 
37440 
26520 
29540 
29360 
25940 
48690 
83330 
34000 
39970 
27480 
40530 
26360 
40290 
41630 
48760 
24450 
42840 
42210 
45650 
26290 
47120 
40680 
605740 
25180 
46970 
37970 
50960 
23280 
46810 
27250 
49170 
51990 
48810 
41420 
46780 
48450 
44680 
74450 
59930 
59190 
60150 
34340 
60520 
83720 
44620 
61030 
36840 
54970 
635090 
67130 
61900 
34890 
35060 
65150 
60900 
68650 
63520 
64780 
70490 
65280 
48080 
60050 
58140 
69490 
49460 
22330 
49150 
24980 
50750 
24540 
66790 
4174130 
55400 
52690 
115870 
80550 
38620 
57450 
25230 
47410 
39900 
46470 
27210 
70730 
40710 
44300 
25940 
48310 
48390 
46880 
47450 
37230 
46130 
45720 
48340 
46470 
46830 
49060 
49010 
53580 
50780 
50750 
50870 
48590 
48960 
67600 
621900 
64440 
67180 
66500 
67700 
67090 
65450 
63530 
61350 
63360 
62200 
66400 
67520 
62960 
66380 
65820 
61760 
63740 
87920 
602210 
66280 
65070 
64670 
63540 
65480 
63450 
70740 
69920 
624440 
619130 
50340 
49480 
46570 
47580 
46910 
50510 
49850 
82970 
82100 
70500 
65200 
49580 
47460 
47750 
39060 
25640 
48850 
37040 
45570 
24490 
46840 
28590 
45930 
38360 
44920 
48550 
45850 
36980 
41000 
43860 
42120 
49340 
49300 
49070 
47510 
55520 
45200 
51000 
42560 
45170 
37210 
53050 
64790 
69060 
62910 
52700 
34680 
35430 
35020 
34390 
34170 
69960 
52320 
34050 
59290 
37840 
49720 
35360 
58130 
67910 
61270 
65350 
51730 
68550 
33570 
63120 
60090 
46460 
27660 
51220 
40590 
581090 
48590 
49330 
29140 
50310 
48230 
641850 
73290 
63190 
51200 
43990 
43700 
47250 
51110 
22340 
53380 
19010 
51190 
39930 
45970 
52320 
47450 
20090 
46470 
45280 
47410 
45780 
48660 
51600 
50980 
48060 
24480 
51310 
26600 
52160 
25950 
49830 
50090 
75630 
68820 
63070 
36680 
93920 
50200 
70120 
60970 
60440 
62190 
62300 
69480 
64650 
64990 
68250 
601920 
66190 
67590 
63290 
59130 
61750 
64150 
64560 
65230 
606240 
65640 
70460 
52300 
48080 
46770 
52130 
51240 
71150 
629930 
54270 
50730 
47710 
91040 
83200 
64680 
59010 
66570 
612360 
50190 
45840 
45100 
46770 
49650 
48850 
48340 
63020 
1321580 
53020 
604450 
45230 
44300 
44610 
43670 
48260 
44480 
47360 
62930 
48900 
53020 
54090 
49850 
48190 
46650 
58340 
80030 
622250 
53400 
35470 
37360 
50020 
61130 
66190 
61420 
34180 
92520 
53240 
59150 
59190 
57320 
61150 
61410 
62440 
67530 
26520 
72420 
28610 
71220 
26780 
68050 
63530 
65060 
31390 
48560 
42830 
47780 
49060 
46640 
25140 
59760 
44000 
48160 
106120 
82660 
41420 
62640 
47730 
48060 
43400 
45520 
47110 
47870 
47490 
47180 
46790 
35710 
49400 
21000 
50240 
20140 
49300 
20130 
53450 
48010 
41920 
47460 
48850 
41520 
48090 
52250 
24700 
25560 
26410 
52370 
36680 
69770 
28250 
72820 
27510 
68290 
50160 
70830 
60850 
64220 
67210 
68400 
69420 
63160 
67850 
63410 
64160 
64000 
63520 
684410 
67270 
64060 
61240 
61340 
67950 
62500 
60550 
64500 
46000 
48360 
51050 
51020 
50010 
43800 
48120 
50120 
71560 
45950 
86330 
81340 
64530 
60990 
46580 
44780 
