48570
22480
21800
21130
22030
21130
22080
22440
21480
21360
21180
21300
21240
21190
22450
21560
59110
58120
58000
57220
59240
58430
59230
57520
56030
58370
65370
57490
57200
55830
59650
58080
58270
57720
56110
59410
57860
59930
58490
57040
57740
56220
58570
57510
57390
58650
59940
58150
57730
55830
58000
56940
59200
58010
58040
58030
66870
58570
58300
56230
57540
57960
57140
56790
55940
57820
58900
56900
56740
55390
57450
58170
58060
57380
57120
57110
55920
58670
56950
56090
56810
56310
57710
58140
57100
56470
56760
57860
58720
56980
58640
56430
60120
57000
57750
65980
57020
58020
57480
57670
55850
56630
56560
58340
57450
57640
56750
57400
59190
57270
58000
57500
56240
57600
57210
58480
57460
57080
58350
57440
67590
57530
70410
68620
56430
59290
57780
58960
56820
57860
56610
56310
57050
56960
57750
57630
56480
56030
55290
57950
58140
56300
56620
56480
57970
57940
65550
57660
57430
57610
58280
56920
57290
56630
56370
59760
58250
56740
59230
57390
58420
57070
57310
56450
56030
57960
56740
57210
56250
56340
58590
56370
58360
56570
55680
58250
57630
57300
57260
56490
56520
57450
56960
57320
57570
57070
58020
56810
56180
56640
57790
59130
65270
58310
57440
56830
57300
56400
57950
57440
56470
57990
55690
58660
57030
57400
56810
58180
58820
67020
71050
58380
57750
58190
57180
57220
55930
59280
57170
56740
57040
58260
59550
58250
56320
58060
56970
59880
58520
58740
57250
56350
57440
58730
59150
55940
56070
55930
57320
56720
57180
58640
57330
56450
56700
58430
56670
56660
57900
56370
58240
58000
56100
56670
57770
58710
57670
56130
57300
56880
56940
56350
55710
57360
58670
57360
56400
57050
56280
57910
55700
57070
57170
57920
58230
58080
56940
56270
56570
57180
56850
57480
56410
56410
56230
57490
57810
55950
57080
55750
57910
56500
57430
57180
56640
57840
57670
57520
57160
55500
57320
56780
56820
57390
56940
58530
56020
56960
56790
55600
58210
57420
59220
57940
56490
57860
57210
57990
56790
56000
56680
57450
58390
58240
57620
56790
58390
57580
57750
56860
56790
57850
57300
56930
56860
58530
56220
56280
58040
58400
57760
56030
57070
58820
57980
57520
55630
58390
57430
57790
57000
56320
58310
58230
56980
59850
56290
59070
57290
56490
58380
57250
56200
57950
58750
57480
55510
56130
58440
57460
56910
56450
55030
57960
56610
57480
56650
56600
58430
55780
56750
56440
56160
57790
56530
58570
56490
56010
56980
57990
57630
57520
57190
58000
58790
59320
57610
56400
57050
58260
56070
58110
56530
56950
58100
57100
58220
56010
56990
57040
56490
57820
56550
57220
56250
57110
57160
55800
56580
57100
56570
57150
57790
59530
57210
57780
57670
57720
57140
56790
58570
56270
56920
56200
55960
58250
57150
56240
56940
55340
57260
57900
57400
58920
55860
57220
58470
58510
57990
56620
57740
57470
56760
56930
57010
57790
57540
57830
58130
55640
55890
58530
56100
56800
57740
56350
55270
58450
58280
56010
55760
55910
57400
58030
56830
72650
64180
58760
57400
57470
57360
56790
57160
57270
56810
56920
57240
56890
56830
56110
56120
117730
126850
79790
60180
57070
58650
57370
58080
58960
56430
58090
55690
58420
57400
58470
57640
57310
57830
57910
57100
57540
56590
57980
57410
57920
58250
129110
74790
59720
57470
58200
58210
58110
58400
56440
57480
57410
56990
57560
57600
58310
57890
55130
57790
56270
57880
59180
55080
56970
55960
57950
56760
59730
55220
59290
57440
56370
57490
59210
58480
59170
56390
58130
56910
58060
58470
58720
57470
56030
58650
57930
57870
59010
56890
57720
57420
56810
58000
57240
59760
58320
57270
58400
56980
56440
59330
58240
57230
56280
56010
57500
56210
57510
56750
56320
58500
57000
57640
56180
57180
58900
57270
57530
56690
57470
57920
59130
58570
65150
58090
57850
57580
58160
65090
57440
57230
58660
57640
57380
61000
59400
57820
57500
59000
57540
57910
57180
57330
56710
58000
56940
57420
59440
57530
58850
57820
57900
58540
57970
56740
57530
56520
57930
57170
57190
57880
56570
58120
57090
57220
56990
56920
56980
57560
60190
57380
56280
58100
58910
58950
58090
56790
56180
58220
58840
57780
56220
56880
58270
56460
57970
57130
57210
58030
56780
57000
57850
57250
58060
57730
56830
56630
57860
57510
59590
58420
56890
57590
57410
58780
57850
57030
56550
56820
58840
58340
58390
58160
56630
58840
57900
58140
74280
65560
59290
57360
56690
56880
56290
58350
58840
60450
58730
57240
57530
58250
57290
57570
55870
56810
58840
57190
58230
56830
57500
59320
57750
57940
56450
56080
59600
59120
58400
57470
56530
57370
59720
59650
56850
57260
58530
57880
57530
58350
56230
57030
59080
57500
58140
57000
57860
57820
57650
58940
57310
57510
57810
56650
56900
56660
57920
56690
58530
58390
57190
56530
56150
77200
57910
56630
57390
55580
56610
58480
57070
57770
56550
58150
58160
56600
58980
55390
57450
57150
57980
58210
57600
56120
57930
57760
57250
57670
56450
59100
58420
59170
57080
56790
58470
57880
57960
56490
55600
58660
57860
59140
57330
55960
58410
57940
66830
57250
56780
58810
59870
59620
57960
56790
56940
58180
57440
56210
55920
57780
57960
57100
56660
57010
56540
56200
59800
58210
58100
74830
60400
60020
58060
58450
58030
57090
59300
58740
58880
58690
57670
60020
57970
56950
58940
56640
58640
58470
58250
57020
57800
59570
57800
57230
58180
57100
58180
58900
58120
58840
58130
58920
57890
58600
58090
57890
58400
60010
58580
59350
58960
57910
59240
56960
58280
68020
58990
65100
66940
59600
58430
57280
57890
58940
58590
59140
58270
57790
58260
59090
57360
58730
56790
58570
60890
57990
58800
57820
60070
59090
58870
59020
57710
59450
58440
58730
58460
58220
58710
57720
58520
59560
59570
58020
59020
57840
57360
57330
56840
58500
59880
57640
57580
57880
59120
58130
58560
59550
58010
58750
57140
57960
59360
58520
57760
58720
58190
57920
57410
58680
58600
58160
57710
57230
58390
58740
58870
56540
56270
57730
58830
57900
58620
58440
58090
58930
58590
60010
57560
58320
57830
58300
58020
58910
58750
58370
59660
59070
58420
58280
57920
59040
59120
57380
57540
57840
59940
58030
59110
58550
56870
59460
58700
59240
58260
57030
58780
57970
57700
57860
56560
57780
58820
57940
58020
58840
57910
58770
59360
57660
57240
56460
59010
58360
58200
57150
57310
58360
58310
59830
57340
56900
58620
57060
58700
58010
58500
57110
58950
58830
58610
57270
57280
59170
58870
58230
57510
58190
106840
130890
122000
121340
84080
68600
59810
58210
76920
57150
59240
56960
57430
56690
57980
56750
58470
58390
57280
58020
57960
68050
58360
57570
57480
60020
59850
58140
56300
60520
66390
58810
58270
58050
57210
56580
58160
55810
59640
57230
58050
57400
58430
59020
59090
57670
58200
58520
57880
58400
58310
58250
58430
57780
57980
57940
57820
83150
67620
58910
57310
57230
56510
56270
57770
57340
56970
57070
57000
60170
56310
56290
59050
67350
60230
67140
59990
58870
60720
60390
69070
60570
59240
59740
59660
66780
60150
58560
60890
67050
60040
56890
56520
58860
58800
56830
57850
56250
56100
58660
59160
58640
57230
56010
58500
56580
67560
58760
58560
60650
59410
59290
65390
58340
60410
58550
58970
57110
56520
56970
57280
59640
57610
55690
56320
57820
58510
55750
56620
56620
57150
57100
56830
56080
57450
57300
56030
57900
56340
57240
58990
57100
57650
56600
57220
56500
57860
65950
56560
58040
57380
58870
58850
56850
58270
56920
58450
55660
57710
57900
56240
58430
58060
57170
57470
56100
58830
57630
56890
57070
56480
57020
58140
56920
57490
56740
57930
58050
57900
57930
56170
57960
57080
57680
57410
57100
57050
57440
55750
58580
56870
57880
56940
55250
58770
57410
57240
56780
57620
58640
58710
58400
56550
59050
58020
58310
58070
57550
58070
57730
56740
55790
56380
58690
56290
57330
56990
55900
58580
58150
58020
57460
55400
57630
57670
57260
57550
56500
56900
57290
57180
58090
57350
56720
58980
55780
57300
56900
56480
59070
56870
58410
58180
57270
59640
55480
57600
56690
56040
57220
58690
58580
57010
56770
57780
58410
58040
58390
56040
57440
57150
57810
58660
56510
58110
58330
57060
57040
56440
56840
58550
58410
56940
56910
58360
56270
58230
57480
56860
57330
56730
57090
67430
59420
58430
58240
60020
59340
58630
58450
59100
59630
65920
58890
60590
59630
59620
65900
58750
60590
60900
58170
65960
58010
58020
58100
56570
58520
57880
57220
56060
56360
58520
69440
69400
57920
56890
59080
56550
58090
57890
56990
57780
56950
58230
57540
57530
58080
59720
57970
57920
57360
58480
58730
58720
57640
57170
57270
59070
57990
57700
56190
57040
56310
57150
59300
57100
56950
57650
57730
57800
57140
57210
56970
59750
57130
56210
57870
57530
57700
58250
56650
57480
57080
58410
57260
56900
57470
57080
57590
58140
57050
56390
55900
57920
56390
57830
59170
58220
56780
57910
58640
57550
57620
57110
59000
58280
57700
56280
56930
57550
56610
58980
56760
57290
59260
59000
57900
57360
57110
56680
56460
58310
56590
56870
58680
58020
57420
57900
57440
57000
57730
57130
57300
56840
57650
58370
57530
56670
58350
56910
59170
59170
57350
57170
57910
57920
57880
57430
58010
56540
57060
58180
58270
58030
56960
56250
58900
57500
57100
56200
56840
58570
56710
56720
56970
57260
59230
58640
58950
58420
57190
58200
57660
57660
56940
56340
56490
58110
58250
56900
56900
57360
56720
58100
57220
55650
57960
58290
56750
56720
57490
56100
59260
56750
57100
55720
57550
58970
57610
66800
56140
57450
57140
59080
57130
56930
58010
56560
57470
57510
56810
57810
57030
57460
57300
58260
56440
57290
59500
79740
69620
57710
56180
60970
58050
56390
57430
56060
57210
57780
57360
57100
56550
56590
58560
57540
58040
56410
55960
57120
57700
58650
56810
56220
57000
57470
57460
56580
58800
59810
56920
59650
58440
58570
57800
59460
58320
56020
57000
56120
58310
58160
58340
57100
55190
56770
67020
60160
59280
60420
59460
67930
59710
60950
59380
59760
59860
59170
59460
65790
58410
60390
59940
60180
58450
58440
60610
59220
78460
69930
57620
67500
59540
78500
64990
59210
60390
58960
60700
67050
59010
60780
65730
66730
66700
58460
59620
67710
60610
58550
58410
59060
59020
59110
59920
58730
67700
67410
65330
72220
69370
67800
68200
67830
69210
60070
66860
68440
60250
68130
60660
59840
60430
61030
67240
66000
60320
59600
60580
68760
67190
61010
62040
68070
67160
57580
58900
57390
59440
59500
65400
59640
57380
59600
57490
58550
57420
57700
57000
60310
59040
59610
57560
57790
59020
57740
58970
58380
54910
59040
57870
58810
58120
57460
61000
58690
58330
58310
57970
60390
58160
58280
57700
57270
58090
59150
59840
58970
56750
58210
59640
59200
58790
57830
57620
58790
58280
58420
57680
66110
60480
59910
57160
57130
59690
59900
57850
58150
57040
57330
56550
59020
58220
57980
57500
57190
59090
60120
59750
59000
57790
59600
59520
58120
60130
58740
59750
57590
58350
58780
58240
60090
58950
58130
59750
58180
58310
58640
58330
58050
58470
60990
62010
58830
58900
57540
58290
58890
57430
58930
58140
59250
58450
58140
58690
58360
58110
58910
56700
57630
57650
57980
56510
58090
58740
57410
57640
59520
59460
60320
57850
57900
56600
60080
59730
65140
59710
58100
59110
58600
58870
59410
57120
58730
58400
57370
58480
58860
57720
59850
57270
59140
57710
58250
60380
58700
58330
56780
56200
59650
65780
59460
58200
57240
59090
58830
58720
58020
58560
60130
58280
58520
57500
57270
58200
60060
59340
58960
58040
58070
58840
59840
58360
56920
59230
61540
59920
57950
57470
57770
59020
57570
57700
57350
58750
59900
58410
57200
57830
58620
57760
60140
57830
57860
72270
66750
59560
57660
58030
57890
58590
68310
58260
57970
58700
66200
60140
57690
57650
58350
56090
58830
57250
57170
58540
57840
57270
58090
58840
58300
57410
58450
59340
58320
67670
58430
59740
65790
57460
59300
58150
57620
59870
58240
58990
57600
57050
60310
58250
59850
58120
57470
59400
59070
59470
76690
58920
66050
60190
67980
65670
59130
59600
60440
59530
59040
58020
60030
60690
59490
59610
57550
59110
59290
59640
58890
58910
59290
60150
66830
66220
58470
57600
57750
60830
58470
58570
60590
58000
66450
57530
65060
65960
57510
60840
59040
58130
58790
59030
58120
59570
59350
59620
58250
59230
59710
58730
59080
58050
58540
58850
67450
59780
58730
59320
60110
59030
59460
57870
59130
60820
59170
58890
58630
58430
58400
67730
59980
58170
59850
59060
68150
67450
57870
57530
58960
59940
67590
69290
59180
58470
68250
59680
59050
58700
58990
60300
59500
58050
58790
57890
59370
59910
59000
59600
58010
