76140 
59600 
42800 
42230 
39900 
38050 
39010 
41980 
41230 
43970 
41360 
40510 
40610 
41370 
39590 
40890 
41600 
38190 
42650 
40200 
40040 
39830 
39560 
39170 
39190 
37920 
66890 
54690 
51180 
51220 
50570 
51380 
56630 
52240 
52590 
51370 
50860 
52680 
52550 
52520 
52250 
51880 
49390 
51540 
52460 
50440 
53830 
51500 
51890 
50470 
51010 
54830 
57400 
43740 
36190 
38350 
39270 
40710 
42410 
39340 
42300 
41750 
40220 
82850 
70020 
56820 
43020 
37520 
36100 
40660 
37120 
38630 
37720 
37620 
38250 
35960 
40200 
38840 
39260 
38080 
36700 
38090 
39890 
38380 
39000 
39440 
38980 
40670 
24520 
47780 
43870 
39190 
40380 
38500 
66010 
53310 
52920 
52350 
53210 
51820 
53470 
50630 
51340 
52660 
49850 
50900 
50660 
51850 
52540 
51410 
53570 
52010 
51290 
51630 
50430 
53960 
55490 
54100 
53030 
51070 
62340 
43420 
49670 
40550 
40080 
38230 
41300 
37650 
43930 
42870 
39240 
84110 
80560 
60740 
50490 
39910 
39180 
38580 
35620 
38920 
36440 
37910 
37600 
37130 
38310 
37590 
37550 
37470 
37980 
37830 
39060 
38620 
37310 
37510 
38250 
39410 
38600 
41190 
39360 
41370 
40640 
38540 
39940 
68150 
53580 
52710 
52130 
51890 
53260 
52670 
52320 
51110 
67000 
54400 
53820 
50920 
55290 
52790 
50690 
50660 
51260 
51540 
51130 
52690 
54540 
49150 
52170 
50130 
54540 
62550 
41360 
39520 
39320 
39910 
40560 
39230 
40450 
41560 
39800 
38770 
84040 
64810 
56460 
40910 
39840 
37460 
38770 
39980 
38410 
41230 
38560 
38100 
38420 
36030 
39220 
36370 
39320 
39660 
36650 
37660 
38760 
39490 
38770 
36550 
40580 
39860 
41400 
37320 
39730 
39180 
39370 
70640 
51780 
53680 
56990 
53000 
52800 
51660 
51080 
52720 
53910 
51430 
56020 
50880 
51300 
50780 
53890 
51770 
49960 
51480 
50220 
52860 
52030 
50630 
52210 
50410 
52480 
58770 
42350 
41450 
36850 
42000 
38600 
38770 
37810 
43290 
42320 
42760 
84110 
78120 
60550 
44470 
39610 
38970 
40490 
37120 
39500 
41510 
37900 
37340 
39190 
37370 
37590 
36770 
39890 
38660 
37380 
39020 
37160 
39710 
41940 
38000 
40800 
39970 
39820 
39870 
39750 
38600 
39050 
48090 
59830 
51950 
50510 
51540 
51650 
50100 
51960 
52590 
51160 
53230 
53350 
58040 
53190 
53390 
52980 
52250 
53110 
53140 
52350 
56930 
52890 
53080 
50110 
50960 
53700 
50350 
54330 
39480 
38970 
40300 
40270 
37950 
38970 
39120 
42430 
42730 
90000 
82310 
64710 
57720 
39990 
39010 
40230 
37850 
39330 
39180 
38350 
39000 
37110 
39640 
38230 
38900 
39450 
36750 
38900 
37650 
38150 
36390 
39320 
38070 
39560 
40080 
39090 
40240 
38900 
40020 
37720 
38560 
69840 
52900 
52260 
50270 
51510 
52870 
49940 
51100 
51930 
53540 
51740 
51970 
52930 
51260 
52770 
50200 
54710 
54470 
53550 
50850 
51610 
58380 
51230 
51290 
52640 
55910 
58690 
39240 
39440 
37060 
39730 
40880 
39170 
38660 
45010 
40540 
40930 
83970 
72580 
58040 
44320 
40810 
40860 
38070 
37980 
37530 
39900 
39240 
38510 
40570 
38730 
40290 
39150 
35620 
38630 
36050 
38180 
36820 
36990 
38880 
39780 
40000 
38850 
38210 
38500 
39470 
39250 
40120 
68050 
53080 
52290 
50480 
51980 
52090 
52800 
53980 
56290 
53180 
52690 
51650 
52820 
51470 
52820 
51790 
52090 
50800 
52650 
51120 
52840 
53030 
51460 
53030 
53430 
53250 
60240 
43850 
39910 
37120 
39510 
40480 
39910 
40470 
44180 
41570 
41470 
81720 
79700 
61360 
54200 
44310 
38950 
38690 
38930 
37920 
39940 
38290 
38540 
38940 
39010 
38400 
39390 
39100 
38650 
36890 
39430 
38830 
39640 
42440 
37620 
38970 
39850 
40040 
41870 
40160 
39570 
41400 
38930 
70780 
53800 
54940 
53740 
50720 
50450 
54260 
52480 
50060 
53120 
50940 
51280 
53060 
53060 
55560 
57180 
52490 
52440 
52440 
55420 
50720 
54990 
53380 
50720 
53450 
50080 
58680 
45460 
39030 
41710 
37990 
40330 
41670 
40980 
40330 
41710 
38170 
86380 
69640 
59100 
44660 
37980 
39730 
37640 
37430 
38750 
37150 
38170 
37230 
38660 
38510 
37060 
37720 
36210 
39880 
37850 
37750 
39300 
38300 
38470 
37780 
39920 
38330 
40010 
41700 
38970 
38790 
36840 
66250 
51330 
53490 
52850 
51040 
54150 
51310 
54390 
52250 
51520 
55320 
51920 
53250 
52850 
52420 
50170 
56290 
51220 
50200 
51750 
51030 
57910 
50850 
51740 
54370 
51020 
59890 
40270 
38460 
38260 
39520 
41030 
37620 
36630 
45070 
40310 
38020 
85980 
76770 
58970 
49530 
40300 
37530 
39760 
37970 
37780 
38060 
42000 
36340 
37350 
37820 
36980 
39910 
37050 
39210 
39450 
37980 
39060 
38100 
38880 
38560 
37790 
38720 
40690 
41970 
43730 
39570 
39230 
40380 
70000 
53920 
53640 
55470 
54140 
52040 
52680 
52120 
52560 
52130 
52520 
51840 
52590 
52010 
53650 
50960 
52420 
52610 
52260 
50780 
55200 
50740 
53240 
51170 
52290 
53180 
59790 
40460 
40300 
39560 
41040 
39770 
39360 
39770 
41930 
42410 
38390 
83270 
67330 
53640 
41380 
41290 
38610 
39520 
36390 
39340 
39230 
38470 
42400 
37140 
37810 
37650 
39400 
40140 
39780 
38520 
36710 
37190 
38250 
40290 
37490 
40410 
38470 
40090 
40140 
37770 
39800 
39260 
70310 
55110 
51260 
54130 
52070 
53870 
52530 
52950 
53200 
53290 
56050 
51750 
58580 
54590 
54690 
52160 
51610 
54830 
52640 
52810 
53030 
51510 
53720 
51450 
52310 
53170 
60060 
43380 
39110 
39610 
41400 
40070 
41140 
37230 
43470 
43270 
43380 
85370 
75960 
60070 
48310 
41120 
38520 
38350 
37040 
40530 
36870 
37860 
38070 
37560 
37830 
37530 
37410 
40220 
36710 
37940 
38540 
40050 
37700 
37140 
38100 
41230 
42760 
39750 
41090 
39150 
39780 
38120 
49390 
56650 
51500 
53460 
52130 
52160 
54820 
54560 
52720 
51350 
56260 
52160 
56140 
51430 
54650 
53370 
54000 
50820 
56600 
52600 
50810 
50960 
53890 
58720 
55450 
51040 
51830 
53030 
40290 
40060 
38920 
42500 
40110 
37460 
41270 
42740 
42230 
76480 
81080 
66550 
57260 
42590 
41070 
43060 
39760 
39340 
38030 
42220 
39110 
38560 
38340 
36250 
38780 
38880 
38350 
38410 
42390 
39280 
39180 
38560 
40060 
39320 
43530 
40870 
40920 
38180 
40630 
39010 
39330 
69090 
52620 
63920 
56220 
50430 
53080 
54660 
51270 
52260 
53230 
53400 
51070 
53280 
53950 
52010 
54540 
67150 
55960 
57290 
53250 
55610 
50530 
54490 
52840 
51570 
69840 
64720 
43250 
39120 
39840 
39270 
40940 
39020 
39270 
41930 
41300 
40260 
84380 
77020 
57880 
43950 
41240 
42120 
42750 
27010 
53790 
41390 
35550 
37140 
38090 
38920 
39650 
36200 
36890 
38200 
37470 
37410 
37660 
38540 
37750 
37770 
41160 
40900 
40640 
39970 
37510 
38030 
41230 
60080 
53630 
50780 
55180 
55130 
50660 
53440 
53520 
54750 
54490 
53040 
54170 
52370 
52350 
51710 
52770 
52070 
50400 
51440 
51320 
53630 
49580 
53390 
50160 
56780 
55650 
60960 
44990 
42130 
38820 
41030 
39160 
40820 
42060 
44890 
42580 
39360 
81730 
75190 
66800 
52510 
42490 
38530 
40120 
38870 
38970 
37570 
36810 
37750 
38290 
42310 
39510 
37440 
37870 
37560 
40750 
39760 
39000 
38770 
39270 
39350 
40860 
40150 
41060 
43480 
41260 
42450 
39570 
38500 
63670 
57310 
54530 
51550 
52930 
53290 
58730 
54760 
52460 
51870 
50740 
51640 
58220 
54350 
53940 
49740 
51790 
55620 
53630 
51830 
51060 
51630 
50550 
54530 
56200 
52530 
64420 
40500 
40290 
41900 
40310 
42110 
38100 
41120 
46490 
40810 
42210 
86440 
68930 
59500 
41380 
38380 
42000 
37420 
39380 
36220 
37680 
39480 
37230 
37870 
39160 
39540 
38720 
36260 
38000 
36850 
38860 
38910 
39390 
39720 
37920 
39140 
38170 
37380 
41710 
40150 
37110 
38110 
67440 
52520 
51270 
51300 
51590 
49400 
54720 
50900 
52500 
51070 
50400 
50440 
50000 
53690 
52500 
52930 
59100 
52610 
53860 
50450 
51970 
54410 
51650 
52100 
47960 
53550 
59780 
43020 
38560 
36110 
37540 
39910 
38270 
36520 
44080 
41590 
41320 
84300 
75040 
61690 
48530 
48000 
39210 
37600 
38620 
36490 
39560 
38190 
37520 
38230 
38060 
37510 
37920 
37850 
37060 
35970 
37160 
38710 
36770 
35560 
43490 
40080 
39320 
43630 
41080 
41590 
39090 
40340 
39810 
65790 
51550 
51300 
53490 
51520 
51890 
51240 
51730 
53310 
51300 
51490 
52240 
52360 
50280 
52880 
52110 
49740 
51290 
51010 
50870 
51630 
51070 
56530 
49900 
54370 
52510 
63380 
43370 
40110 
39420 
39750 
37690 
38890 
37690 
41230 
39270 
39880 
85740 
64640 
55520 
43390 
39790 
36670 
38990 
36740 
39640 
38900 
39830 
37970 
38310 
41160 
36780 
38080 
39590 
37620 
40620 
38690 
38050 
37270 
36860 
37380 
39830 
39590 
42030 
39620 
39160 
37820 
39850 
67590 
52080 
57050 
54530 
51450 
51390 
51880 
52550 
51650 
51650 
52390 
52470 
52440 
51430 
52790 
52120 
52920 
52870 
51820 
53600 
53200 
53190 
51300 
54230 
51200 
52530 
63300 
44150 
42580 
41270 
38590 
40400 
41030 
37420 
44510 
42530 
40630 
82390 
77140 
61080 
43270 
39890 
40480 
35490 
37440 
37280 
37250 
37900 
37390 
37630 
38000 
37750 
37690 
39030 
37350 
41200 
36560 
37850 
37730 
38340 
37670 
40150 
39840 
41480 
39040 
38330 
38350 
38640 
48060 
57590 
52590 
51510 
53100 
53790 
53480 
51540 
51950 
54390 
52180 
51330 
53540 
50470 
52190 
51760 
55400 
49450 
54830 
53010 
51480 
53720 
50710 
51390 
48500 
51220 
53530 
51140 
37860 
38260 
39650 
41190 
38210 
37130 
41080 
43730 
39670 
73500 
82390 
65770 
55980 
44780 
38680 
38090 
39380 
37260 
37910 
38810 
36770 
37830 
36390 
38920 
37980 
35580 
38640 
37750 
38300 
41010 
37070 
37960 
38610 
45350 
40970 
43270 
41610 
40450 
37230 
39290 
39950 
69910 
53970 
50530 
51340 
53400 
63380 
55550 
51880 
51450 
50910 
52670 
51580 
51390 
53100 
52370 
51720 
51740 
54810 
52560 
52630 
54610 
50440 
51310 
49010 
52930 
53990 
58180 
43620 
36030 
37420 
41760 
38210 
37950 
37850 
43750 
41440 
39100 
84790 
71540 
59250 
47190 
38260 
42280 
37840 
37910 
37540 
39700 
37860 
38150 
36770 
40370 
40830 
40660 
37980 
36790 
38940 
38780 
36090 
39450 
36900 
38500 
40230 
38210 
38830 
39950 
40380 
41490 
39450 
66840 
54140 
53290 
49500 
52190 
52930 
51320 
53380 
54070 
51780 
51000 
50430 
52330 
50160 
51330 
50740 
53400 
51470 
51290 
53340 
51130 
51730 
52390 
53010 
52770 
52330 
60670 
44630 
39910 
37550 
41430 
39060 
43470 
37690 
43680 
41110 
38820 
85120 
77080 
61400 
55700 
38820 
39610 
37320 
37060 
38680 
36090 
37490 
38790 
37990 
39960 
36750 
40440 
39670 
38820 
37960 
38700 
39480 
47350 
37890 
42860 
39500 
39890 
39090 
40750 
39430 
40160 
39600 
40730 
66460 
53110 
53170 
49750 
52050 
55170 
54490 
52230 
52240 
52790 
49790 
51940 
50030 
54820 
53780 
52000 
49800 
49380 
53290 
49070 
51700 
51200 
52060 
53910 
51280 
52580 
59220 
42720 
50660 
40490 
38020 
41270 
38810 
41300 
41490 
39750 
40730 
85970 
68120 
58370 
40710 
40420 
37590 
39090 
39150 
36330 
39710 
36200 
37720 
38640 
37340 
39410 
36390 
38470 
39630 
36860 
41150 
38890 
39190 
38360 
37020 
39110 
39310 
41120 
39930 
40190 
40100 
38310 
64960 
50460 
51280 
52970 
51190 
49570 
51780 
52650 
52390 
51980 
51940 
52920 
52780 
53430 
54560 
55010 
53980 
52460 
50860 
52860 
52170 
53930 
50940 
59960 
53520 
53500 
57910 
42940 
39690 
36690 
41860 
39450 
39330 
39300 
43600 
42820 
40050 
87980 
77130 
60210 
47580 
40670 
37860 
39950 
38050 
41760 
39370 
39430 
38110 
39440 
38380 
37870 
38780 
39660 
37640 
40840 
39060 
36130 
38270 
38510 
37600 
41580 
39270 
39690 
40710 
37900 
39440 
38880 
38900 
69340 
53360 
54930 
50330 
53580 
50990 
52570 
65970 
54010 
53620 
51150 
54130 
48730 
51810 
51450 
54200 
53180 
50040 
52890 
51810 
54200 
54950 
65250 
57490 
53750 
52180 
56380 
42410 
39350 
39640 
38650 
39280 
40930 
41010 
42820 
40130 
39780 
85560 
61160 
57540 
39750 
38820 
39470 
37000 
39530 
37250 
37830 
39180 
39310 
39740 
38670 
39200 
38790 
39410 
38680 
37940 
39540 
36330 
37460 
37480 
40100 
40310 
38180 
40470 
38820 
41370 
38080 
39890 
68600 
51150 
54840 
50960 
53390 
54700 
53810 
52260 
50810 
52390 
54660 
51550 
51140 
50980 
55250 
50230 
53170 
51800 
52550 
51700 
52650 
54010 
50920 
52930 
54720 
53480 
59760 
40230 
39960 
37900 
38690 
40420 
37320 
39060 
44880 
44310 
41680 
85330 
76140 
58050 
57340 
50030 
40770 
37130 
40000 
36980 
37790 
37500 
36760 
39760 
35550 
38810 
39740 
38180 
38360 
37570 
39210 
38060 
39000 
37640 
39590 
42400 
40240 
38670 
38990 
40080 
41480 
38290 
56660 
55340 
51330 
51320 
51150 
52130 
50820 
54300 
52440 
52780 
53980 
51230 
51530 
55420 
50660 
53350 
50570 
51660 
53610 
53090 
53560 
51220 
51730 
53750 
50560 
52010 
60070 
44870 
39690 
36690 
40010 
41900 
41190 
39820 
39490 
43260 
41460 
84300 
75150 
61370 
54030 
44980 
38560 
40580 
37590 
38170 
39110 
35990 
37480 
38330 
38520 
37500 
37430 
37990 
37750 
36490 
40980 
39360 
37790 
38250 
40390 
39520 
39630 
37810 
40940 
38680 
39260 
39700 
40260 
67660 
51710 
53260 
52270 
49470 
58880 
52660 
53130 
51720 
52730 
51350 
52230 
52930 
51540 
52300 
55560 
54020 
52590 
51630 
53430 
53020 
55040 
51960 
52180 
53980 
52700 
58890 
43740 
39200 
40240 
38250 
39990 
37850 
40440 
42670 
41730 
39500 
84740 
72200 
57160 
45100 
38520 
41270 
36740 
38960 
41900 
38160 
38690 
36090 
41620 
39010 
37620 
37110 
37180 
38250 
39080 
36940 
38340 
37820 
38960 
37050 
39560 
37870 
41580 
40060 
38960 
40100 
40110 
65450 
51590 
51780 
52340 
53430 
52560 
51930 
54390 
53370 
52020 
50210 
51460 
53320 
51690 
53310 
49190 
52350 
51140 
50510 
56270 
51790 
58430 
51200 
52760 
55250 
50940 
60120 
41250 
39590 
40360 
39980 
40600 
42270 
37900 
44700 
40560 
40770 
86370 
75710 
60570 
48930 
41070 
38390 
38510 
38900 
38740 
39780 
38960 
38190 
39850 
39960 
37050 
39710 
36590 
39520 
40190 
40290 
40050 
38310 
37890 
39300 
38820 
39230 
39400 
40630 
41890 
39400 
40240 
39200 
70220 
58020 
52630 
53650 
50310 
51570 
56320 
51770 
50480 
54110 
52080 
51210 
55120 
53670 
52040 
51140 
50730 
55090 
52140 
52670 
53050 
51220 
63320 
56010 
53310 
55390 
58460 
39600 
41010 
39840 
40340 
38390 
37760 
41290 
47280 
43780 
40080 
81910 
72230 
60260 
46010 
38740 
37970 
43730 
45660 
40520 
38450 
40430 
43110 
37430 
38570 
41310 
37770 
37620 
42050 
39840 
38350 
38440 
