79430
55280
50310
76330
53340
53120
54350
49720
78630
55180
54400
53580
51760
75670
54960
55820
133430
129590
151700
139801
136730
136490
133080
132330
138970
137160
134000
133110
139040
137840
133330
132491
135610
137760
137220
132450
134420
133920
137990
141200
130590
133260
132400
141020
140060
132360
131550
139420
140370
133560
131520
134370
140360
140270
134670
129920
132250
144180
145560
134580
131210
137950
138221
134370
132370
130940
140410
139600
128470
136280
136090
143370
139600
131670
125731
131660
142110
134840
132030
133350
131840
140760
140230
132980
134140
138730
142430
141550
132050
133730
142440
139340
127000
128050
131770
136880
141160
133040
127600
125250
141480
140000
132210
133441
141420
139300
139770
132710
132530
142250
141970
133380
133780
135330
142560
144411
133810
131010
139420
144050
140750
132730
131280
136010
141220
132210
135620
131211
136890
142550
131950
134570
129830
138210
141630
130440
134580
141510
137150
144380
129980
134290
139860
139530
137551
133020
132860
137610
138440
133840
133730
132710
143330
138090
133550
129560
138271
138410
143110
133230
131560
164880
140060
132970
126900
130990
164160
145620
133951
134760
132050
159020
136140
129040
133950
137170
154950
137660
133650
135510
140501
137040
138910
135490
135200
137800
139660
134010
135140
132460
138570
170790
136541
135430
144010
137830
133100
133720
158370
169560
133960
138490
135750
134340
143311
139410
135650
136140
141920
144580
140370
134790
137190
140700
143130
136370
134300
134900
138520
141260
133710
133061
136540
141670
137820
133000
133590
142060
137960
137580
138560
133000
142280
142611
135750
136580
134410
143680
139500
134730
133950
170120
141270
135240
131750
130771
139290
139380
132760
127600
130280
141040
139310
133070
134600
138780
137510
136571
130840
133800
138770
140190
133160
132040
131630
134710
139680
135520
133380
136991
141050
137680
134860
131630
142930
139850
129020
133070
130120
142940
141290
130600
139450
140600
149320
143590
128471
138010
142640
144430
132520
95510
138360
138810
143250
136440
136280
132540
143951
142070
125460
134930
137980
142710
139830
131340
130110
145210
133970
157850
130470
130430
138750
140140
156870
134560
129400
141700
137830
147700
132840
138620
142930
134930
145600
131910
137320
146020
123320
144661
130690
135930
140290
128540
133871
133920
136820
141040
126270
133300
133600
138280
140190
130280
132660
142700
141001
135600
131560
130020
144570
141570
130000
134120
133390
140050
141340
135120
128941
142310
138120
133410
135710
131470
138870
142010
148670
135280
131290
142200
142431
131790
138400
133600
139730
145600
134150
134780
137460
142740
140400
134190
129831
144330
140100
138400
136700
135280
141930
142900
128400
135300
136870
143340
142490
136770
136940
138520
142240
141620
128070
130230
138940
140740
134340
135420
133530
143410
141660
131370
137490
134570
142720
142830
134180
135330
138090
141950
138800
133990
134740
140980
141320
137431
133660
133760
140930
141500
134120
132490
134600
142580
140710
132650
126120
138451
138800
132880
135620
134220
144120
140170
137370
136050
137350
134020
142450
136571
136050
135650
134810
140930
134670
137380
132940
140450
131910
135960
131120
136291
141480
138640
158500
133720
143560
141130
126600
155300
133730
144320
133880
135850
154260
135920
147670
145980
137191
153830
137810
141410
146460
133840
124500
144110
126880
138110
158120
136600
141740
147660
132300
167140
135930
145790
139710
138390
135510
141110
148130
143860
130060
131400
144160
144750
143410
139101
136370
143010
145350
133200
136820
135790
142300
149330
136640
138440
142680
142441
146380
136310
139130
144740
140320
138660
136800
131540
149550
143920
138340
135340
136550
144970
143240
139900
136470
151720
140250
141010
138350
136320
146450
143090
137930
139960
134540
144330
142460
139230
138700
144560
148760
137990
136480
139120
144220
148480
135930
138280
140360
144780
143130
139070
134980
141730
144100
141671
130050
137190
128720
140200
139270
135880
132850
147400
143370
137980
134520
132391
143080
139250
138390
131680
139160
145220
142270
129100
135920
140270
136500
140051
136020
163130
140000
143280
138310
135180
133070
140020
142080
132880
135490
128161
141940
139580
135280
136280
138690
142590
141450
133230
133750
143280
140210
134360
131760
155050
139440
142050
133011
133300
158520
170630
134650
138500
135100
156700
141290
137700
134890
133040
158811
141030
136050
136360
132870
160770
140710
134410
136470
134420
137010
144580
132911
135260
133220
161440
144350
136800
132590
139480
138660
147970
133830
134810
138281
143200
139530
134250
135210
139120
141040
136530
135590
136460
140740
143500
120131
135170
134020
139790
137360
135111
136590
135950
142470
135870
136080
136750
141980
137500
141060
134620
133800
144561
137840
134060
134490
134720
143600
141940
132160
136870
131660
147020
142200
157711
139390
136730
145690
146300
141300
127190
140870
144530
138090
136370
136560
141241
143240
135250
132150
134240
142800
143190
134100
132710
134410
138890
136440
133031
134240
140660
138620
144070
134530
130840
143770
138130
134630
135850
133580
141220
142860
132160
133250
133440
141930
142730
134500
132770
133810
144170
135100
133350
129500
168130
143190
139650
135690
133520
144990
143010
134410
133940
130630
148781
144880
133820
133360
132320
141670
141760
131070
133330
137550
141960
145880
137021
157660
145270
128770
137070
131860
158660
143190
142020
136470
132910
152400
140761
141610
138320
135540
148600
143260
142790
136890
133740
163150
141940
141720
137400
127530
139180
148410
138250
137330
132950
137630
142690
134640
126810
134160
141380
143750
131790
134630
143350
139631
141730
137380
139670
146570
145110
141300
137370
136240
143840
139160
137410
133861
138610
135490
146380
139110
133260
140700
143410
147060
138710
136480
145800
144481
137630
137120
134260
145350
142811
136790
139700
139350
148370
141880
138400
137170
142780
143170
136600
133480
138401
143720
139820
134530
137970
137160
147110
144490
135690
135060
142960
144890
145111
134850
134410
142830
141040
138560
136230
135140
147900
145900
130730
136010
132301
130360
144280
134870
134880
133340
147090
147480
135670
133730
138720
140530
142251
133870
134750
140760
142320
136920
134470
131870
144570
144750
136490
136910
134550
140100
141280
132790
130580
140951
140170
140380
136980
135690
143850
142770
143590
132420
136860
140070
142980
137991
134330
135690
143410
142700
136560
133550
134120
138350
139580
126960
134380
174651
138300
138790
138160
134910
162850
143450
138440
137860
133700
157430
144690
135040
135720
134970
164360
146700
133740
134650
136830
135640
146350
131750
134990
142600
142530
137420
132140
134470
139370
143230
134690
137990
134490
140610
138290
137391
136800
138690
138310
138960
136110
133570
134680
144610
140190
127830
131430
142391
138740
134330
135190
132250
143080
139450
135370
137690
132730
145210
143720
135601
134040
131350
142840
139570
161591
134690
134290
141890
144080
133990
136020
140040
144270
141780
135440
131220
143421
142120
132330
133080
134650
139150
141250
137310
134220
135090
141000
139930
137661
135150
142080
136790
143340
135870
133970
143790
137830
139780
131090
131290
140491
142460
137010
131290
132230
140910
138420
136220
134290
128970
147200
146190
138770
137600
143690
145280
141530
136980
134550
141550
145800
135830
138030
134820
146370
147440
135910
136650
134920
140610
148970
130040
137480
140280
143680
148330
137100
137370
146940
142740
139900
136550
136020
144840
146100
133760
127920
155690
144151
136530
135820
131500
163140
139470
142780
134670
133440
162600
134280
134720
133991
137020
165410
140110
163700
135020
136140
151990
139330
133130
134440
137210
142691
145160
136300
133830
144220
143170
143990
136230
138710
138780
147230
139820
135880
139540
141380
148100
138610
157930
139410
142690
141420
136300
135570
137690
141320
137670
133660
131120
144730
143141
136500
137480
132990
146320
144760
132810
136520
142560
143620
137980
133010
136491
144150
143470
133560
133890
139030
139120
147340
127470
136280
139840
139710
143691
131670
133930
143200
138090
138750
133190
132710
142810
142690
133490
135800
134151
148890
143670
134280
134250
133040
143560
145990
134940
134860
128290
143550
140671
134470
133020
144900
140760
139050
140030
138040
142480
144580
130250
134390
132911
142680
139850
137480
132020
134730
143820
141370
135260
134390
139730
136320
141390
132620
130190
140630
137130
137120
133870
137440
140580
141060
135000
133100
137050
140180
137150
135590
133450
136260
140420
138510
133800
132190
140340
139660
135950
137070
131810
169980
141540
136391
133890
131430
165340
144100
133310
135240
131840
158850
133910
133870
133790
134881
159630
139020
135060
136660
135570
138940
136430
136860
138250
140110
141680
141841
138890
138940
163450
135270
135060
135000
133050
142640
138260
136530
130480
135031
139000
142860
136060
130590
137850
137960
140270
135760
132980
128620
144130
142460
137490
133610
139850
140630
135730
137030
134730
146860
128980
132960
135140
128440
145790
145430
135630
129490
134761
142700
140870
129510
137120
130940
146390
143320
129290
140150
146010
148980
129081
131070
128010
143170
143340
140540
134060
136640
137910
147430
133340
136200
138391
131430
151480
134130
137420
144810
143020
141950
134080
130890
142930
140100
136221
133610
136830
141350
138800
142281
136600
138090
149470
134840
137740
160580
134030
134630
142040
136570
131340
140901
147900
136800
135840
126450
140690
143890
134950
137080
125470
143580
146960
135091
138440
135730
143270
149690
133120
135880
140460
142120
142050
134770
138650
137721
138350
142640
135200
158840
152060
143940
136310
136130
156490
140700
144320
137970
135580
152080
133660
141460
135670
136760
147970
142190
137190
134510
130900
140841
143690
136410
134570
131700
143360
140020
132360
130740
137530
146680
147290
127231
134490
138830
145140
140860
133511
135670
140750
144030
137010
134290
134520
144950
137390
133750
133750
138070
139980
147470
137860
135030
148220
139860
138760
139030
136340
131700
135370
136090
138700
132730
144960
137210
133090
134770
143210
144441
133290
127010
131770
141020
140480
133950
131820
136430
142260
146531
134100
133610
134370
143650
143490
133730
132990
142200
147960
136500
133750
133900
143070
136440
138820
136720
140150
147220
143520
134410
134690
140500
144040
150291
137940
137200
143450
150330
136910
128860
133030
137620
139310
136000
131010
155701
142560
143780
132640
136790
139830
137980
142301
132190
134050
142540
139280
139180
131710
129760
142030
141460
136260
132830
134991
144300
142360
134200
134050
140511
142040
139420
135740
131920
140230
141210
133540
133130
131800
141450
136780
133441
136460
125720
134940
139820
133980
134020
142040
143800
143830
135040
135590
141151
162160
133350
136280
133780
137740
157560
134720
137960
136580
143570
139830
133490
132200
136270
141560
142900
133061
132860
139590
143230
134320
131600
131420
142560
139880
131970
133790
129800
144651
142110
133500
135130
135730
145440
142450
131440
133660
141680
143880
136820
135411
131750
136780
142760
136170
135310
130800
141540
140760
135100
133610
139230
144080
142660
137280
131690
144600
139990
136250
135960
131210
142280
142050
136600
129030
127500
142860
135670
135720
133660
143490
141731
140400
134670
140700
145440
144090
137300
138860
135340
141570
144011
134410
129520
138900
145440
147110
138060
138710
143200
143890
138830
139160
139900
142520
141050
140100
136500
137540
140890
142890
137270
133430
135110
138420
138810
136300
132480
142550
144910
140600
137570
135210
148610
142210
135590
137430
136990
147410
143630
134900
141470
143610
146070
141011
137900
136800
145980
141820
143550
136090
138900
147000
140420
139530
141900
136521
146780
136330
134480
134780
137071
137210
137790
132050
133700
140530
142500
165040
131810
133420
147090
144420
152661
132650
132910
139480
143430
151750
134700
137790
140570
136370
147510
133810
135941
146900
131860
129700
134940
137820
142720
132250
136630
143830
139550
138930
135391
132640
145140
139460
134830
136461
136240
142660
138980
137500
131900
141450
142210
134490
134930
131920
141010
139911
131810
136550
131920
144640
143320
133360
135150
139300
139220
140340
134740
135661
144320
139120
135520
135620
135940
142520
138310
134410
136910
133260
140340
142561
135710
131710
141990
142680
135340
135250
132040
140650
138510
136640
134230
133690
145310
140400
131540
128670
134350
143440
139330
131510
133880
139770
144390
131160
132870
136350
141620
139960
132400
132320
136600
142170
144690
137040
165200
141690
143160
140310
137070
134750
144270
141830
139180
132700
132610
142410
145090
132381
135610
132680
144980
142590
136620
133170
137350
142140
139210
135280
133090
143831
140940
134250
135910
132660
142630
140610
133640
131310
135140
143390
137390
132330
135930
140460
144910
139800
131640
155060
139310
136190
135790
133220
160050
138250
139760
135240
132000
154450
137121
141520
137450
133110
152190
140330
141300
137580
136520
156560
133060
136750
135211
128240
140930
144580
134710
131470
133520
141110
141040
147030
136540
132060
135871
142030
137160
135210
140200
135860
136620
132470
133830
144080
138890
136730
93360
133620
141210
141780
133600
129800
139210
135580
139050
131640
160350
142760
139561
137080
134770
129830
143410
141190
133170
133200
131500
142160
140130
126630
133811
133220
140280
140910
134590
132790
134500
139850
134270
130910
133300
144690
142520
130360
129870
133960
140690
144840
130950
129770
139940
139230
142640
129260
134280
139830
138840
135000
132220
132520
141500
130380
133960
132460
130540
140610
140420
134530
132460
137810
139440
142421
133350
131210
131830
138760
135760
135050
130990
137390
137490
133020
132940
131821
139360
143750
132840
133570
130580
140070
146810
128130
135640
141390
137970
135171
128780
134820
138350
132840
135290
132820
134060
139160
140750
134320
130980
171090
145700
137470
135640
136360
176770
140850
135010
137140
162850
174741
144810
136980
136140
140690
162100
145050
175881
