95020 
56190 
50430 
54130 
51870 
51320 
51390 
51770 
77010 
69740 
70080 
67940 
66350 
70420 
71090 
68380 
67160 
60310 
61360 
60990 
60690 
62680 
60200 
59870 
61080 
63130 
59620 
57960 
57890 
61410 
60550 
61980 
64710 
59340 
63950 
66440 
50000 
46670 
46130 
45990 
48730 
48100 
46860 
48060 
47600 
47700 
84410 
75660 
63070 
53210 
44400 
48770 
49680 
47540 
44550 
46350 
47030 
45590 
46090 
46160 
43080 
47660 
47000 
45640 
44430 
44720 
47370 
46930 
45780 
45890 
46630 
45500 
50910 
47440 
47380 
46620 
45450 
49580 
75520 
61160 
59480 
61650 
62290 
62770 
64060 
62190 
59970 
61440 
60620 
64440 
63350 
60350 
60300 
62360 
63740 
78240 
65490 
64480 
61440 
61500 
60860 
61700 
60540 
62570 
66740 
49420 
103340 
46800 
48690 
56710 
49240 
49000 
29690 
64400 
31370 
49600 
47640 
36480 
32600 
30220 
30200 
27860 
26600 
25810 
28600 
26150 
28100 
24960 
27560 
28090 
25470 
28280 
26010 
27010 
27370 
28600 
27260 
25730 
25940 
27540 
29170 
29020 
29180 
27100 
28460 
28170 
26700 
43340 
35110 
35390 
38390 
37170 
37250 
34270 
35250 
37370 
35100 
36400 
35550 
36720 
42300 
38770 
35610 
36260 
36400 
35550 
34390 
37280 
35840 
36150 
35350 
35670 
35640 
40150 
28370 
26120 
25970 
28370 
29030 
27030 
26390 
27880 
30330 
28400 
45720 
47470 
37860 
36850 
28240 
26790 
25580 
25930 
27760 
26030 
27340 
26480 
27370 
27620 
27120 
28690 
24660 
25510 
27480 
27000 
33570 
26290 
25860 
28690 
26680 
29710 
26320 
28710 
28700 
27500 
30380 
28030 
43700 
36950 
37160 
37900 
37070 
36210 
34370 
36840 
37530 
37920 
37160 
35310 
34940 
36290 
36040 
36880 
36890 
36450 
35220 
36400 
36450 
36390 
35200 
35250 
36350 
34120 
35150 
36430 
27930 
25870 
28060 
27900 
27200 
28240 
26860 
29950 
29540 
27850 
48070 
42180 
38060 
30010 
26280 
27820 
27340 
25530 
25530 
26260 
25740 
27640 
25660 
25900 
25680 
26630 
26350 
26570 
27260 
27430 
25990 
28690 
25900 
27470 
27480 
27990 
28060 
27480 
27000 
27190 
28460 
27310 
39740 
36430 
36920 
36500 
35540 
35810 
35100 
35170 
35730 
35510 
36100 
35680 
36920 
35960 
35000 
36190 
35490 
35610 
35020 
34430 
35720 
34260 
37380 
36760 
34660 
35330 
37870 
27220 
27450 
26650 
27090 
29270 
26340 
27150 
30720 
28450 
29990 
49720 
45880 
34110 
32240 
27830 
27640 
27260 
26900 
25370 
28010 
27860 
25630 
26100 
25690 
26280 
24990 
26790 
25740 
27160 
27340 
25760 
26820 
27740 
26800 
27540 
28790 
27670 
28040 
28070 
29260 
28460 
28410 
43310 
34340 
35400 
38760 
36320 
35730 
35850 
36590 
37030 
34390 
35560 
33490 
36860 
35550 
34500 
35470 
34080 
35660 
35420 
36010 
36070 
35240 
36150 
36000 
35970 
34820 
40080 
28580 
27370 
27490 
27590 
28430 
26150 
25740 
31230 
27620 
30210 
48700 
45360 
36550 
34280 
28220 
28250 
26320 
26290 
27990 
26990 
26200 
26940 
25180 
28530 
25490 
28870 
26630 
28010 
28350 
26740 
27120 
26870 
26920 
28280 
28900 
27640 
28440 
27970 
29520 
28580 
27200 
27550 
43560 
36240 
36790 
35160 
36570 
35380 
35970 
35740 
36940 
35490 
37340 
37720 
36300 
36580 
36580 
35220 
37390 
38510 
37410 
37180 
34270 
55240 
62070 
86030 
65200 
67480 
67610 
64070 
53770 
47880 
52460 
50920 
49820 
50990 
51260 
53300 
50080 
49300 
88120 
81050 
69090 
51940 
50310 
49820 
48380 
47990 
47270 
46700 
50220 
50240 
49090 
48030 
46430 
47150 
50210 
48720 
48380 
46490 
51070 
48920 
49760 
48090 
52060 
48880 
51280 
52040 
48950 
49490 
48170 
67410 
69030 
63810 
64330 
65540 
69750 
65890 
69660 
65330 
64830 
62440 
69450 
67350 
67230 
65010 
63300 
68720 
69270 
69720 
64760 
60090 
65960 
68260 
66740 
66190 
63080 
63750 
68770 
52780 
48850 
45950 
49460 
67970 
67860 
68350 
53060 
51050 
53660 
95210 
88310 
71430 
59330 
54270 
50050 
51020 
49390 
48650 
48950 
45820 
48470 
45120 
48050 
50810 
48690 
51050 
46470 
48440 
47890 
47590 
48580 
47680 
47400 
49190 
50090 
50640 
50840 
48060 
52660 
50940 
49750 
78970 
63520 
63360 
69440 
66060 
67810 
61500 
67330 
67370 
67730 
66040 
64740 
63580 
64850 
63960 
63870 
65110 
64870 
64240 
68520 
64330 
66540 
66690 
61780 
65260 
63660 
70230 
49730 
47760 
46870 
49850 
52690 
49940 
51100 
56220 
51050 
51090 
124430 
110410 
66880 
81080 
70370 
66450 
63270 
63730 
46670 
46790 
51020 
49970 
47620 
48630 
48230 
51850 
49250 
48830 
47410 
48000 
49260 
47990 
50700 
47790 
46140 
51810 
49300 
51460 
50580 
48250 
53290 
49710 
79930 
65220 
64860 
63810 
65000 
64250 
62990 
66370 
68920 
66560 
66760 
67000 
63130 
63430 
71690 
67950 
66490 
67920 
63870 
74100 
69770 
64750 
66380 
65640 
63270 
67240 
71810 
52040 
50380 
47970 
52000 
51690 
48690 
49230 
52270 
49920 
50780 
98570 
84910 
72260 
63300 
54710 
48590 
49260 
47180 
49270 
48580 
46980 
49000 
49280 
47340 
74760 
71030 
67200 
64170 
64150 
50800 
49040 
46740 
47760 
45180 
49970 
52450 
52320 
53390 
51950 
56110 
53090 
53910 
84520 
69980 
63870 
65470 
68770 
69920 
71140 
71760 
70730 
68990 
73720 
69260 
69360 
67610 
71740 
66430 
67420 
66660 
68910 
68840 
68450 
69010 
68880 
67870 
68800 
69520 
73810 
56390 
49160 
49680 
54690 
55000 
49700 
48160 
52170 
55380 
56310 
60360 
96400 
77080 
68470 
49800 
52020 
47260 
47780 
49430 
53100 
52520 
51160 
51030 
51400 
48460 
53580 
49250 
69970 
70240 
68110 
69930 
50520 
49520 
48370 
49930 
55270 
55540 
53070 
55260 
52040 
50920 
51190 
82760 
66180 
64160 
69800 
71920 
70370 
69120 
66430 
70880 
69220 
70870 
68920 
65300 
71090 
69780 
69480 
67780 
66870 
63130 
69220 
68460 
5107520 
5108420 
5119060 
9932500 
5171950 
33840 
90880 
66310 
26700 
29040 
27560 
28660 
25860 
25230 
34620 
28090 
28740 
47830 
45040 
36400 
31840 
26520 
28380 
25570 
26840 
27000 
25960 
26480 
24840 
26610 
27280 
25220 
27950 
26220 
26490 
25820 
27400 
26350 
25490 
27080 
27710 
26460 
27270 
30860 
27690 
28390 
30370 
28170 
30080 
42960 
36730 
35770 
36580 
35860 
36330 
34880 
35720 
35860 
36620 
35250 
37350 
35230 
36350 
36330 
36490 
34040 
35640 
36810 
35580 
34130 
34830 
35890 
37170 
35660 
36220 
39140 
29100 
27610 
27230 
27220 
28390 
27390 
26510 
31190 
27690 
28020 
49480 
45410 
36930 
35120 
28790 
27390 
26480 
27460 
27320 
26750 
26680 
27230 
27970 
26360 
28250 
26540 
27230 
27570 
26310 
26310 
26610 
25840 
26520 
27970 
26780 
27040 
27890 
28650 
27130 
29240 
28770 
28940 
43480 
35720 
35830 
35100 
36800 
37060 
37110 
35460 
35380 
35040 
36660 
36640 
35530 
34550 
36050 
35520 
36550 
35550 
35060 
35590 
34810 
36330 
36460 
36620 
36260 
33900 
35610 
33140 
28230 
26930 
27220 
28260 
28000 
26100 
28580 
28750 
27600 
29040 
46500 
39720 
34440 
28310 
28030 
26240 
27640 
27210 
26670 
26960 
27280 
29250 
25870 
27020 
27610 
27840 
27320 
26410 
27480 
26490 
27240 
27100 
26880 
28370 
28890 
28430 
30460 
29170 
26280 
29430 
28430 
33850 
37300 
34690 
34710 
34240 
35990 
37990 
35950 
35270 
35400 
36790 
36460 
36650 
35170 
35090 
35960 
34120 
37930 
37470 
34230 
35030 
35970 
36540 
36370 
35450 
36060 
36200 
37560 
29400 
26000 
28060 
26590 
27770 
28850 
26100 
31260 
28030 
28490 
43080 
45270 
37570 
30670 
26790 
26960 
27180 
26450 
26460 
25540 
27470 
26660 
25960 
26690 
25600 
27280 
27010 
27700 
27230 
26050 
29710 
25690 
26390 
26100 
29020 
28560 
28340 
29660 
29000 
27760 
26260 
29120 
43830 
37090 
34560 
36080 
35480 
35290 
39650 
36120 
35380 
36780 
36990 
34950 
35560 
35250 
36150 
36640 
35310 
36630 
36350 
34990 
35910 
35720 
32860 
35900 
33850 
35120 
39830 
27250 
27470 
25660 
27090 
27950 
27070 
27410 
30100 
28720 
29110 
47750 
42970 
36560 
33560 
29190 
27290 
27590 
27220 
26770 
26170 
26780 
27220 
26790 
23950 
26180 
26110 
26670 
27360 
26360 
27060 
27300 
26950 
27640 
25330 
26500 
27190 
27790 
27180 
27920 
27980 
27540 
29890 
43780 
34530 
33600 
35230 
36560 
35360 
36090 
34640 
34600 
37690 
35120 
135540 
36270 
35280 
35130 
35510 
35490 
66570 
66720 
68680 
66210 
63860 
64200 
63090 
66670 
65220 
71650 
56810 
49550 
48850 
51390 
51030 
49500 
45760 
50920 
54520 
51520 
51200 
86220 
78950 
68990 
53990 
51530 
46940 
46250 
47690 
47750 
71670 
65970 
68330 
63940 
67630 
50790 
48030 
47550 
45240 
48320 
48320 
47820 
46420 
47050 
49970 
49900 
50330 
51810 
48110 
48400 
61120 
57580 
73380 
65400 
61530 
66860 
66640 
68650 
67260 
65280 
67060 
66320 
64650 
62590 
64430 
63200 
68620 
64420 
63610 
65990 
64610 
64460 
67300 
63700 
64350 
63590 
67330 
67140 
63350 
66760 
50590 
48420 
54160 
50310 
50760 
47530 
50920 
56270 
50090 
50530 
95020 
79860 
72000 
54880 
49020 
48910 
48050 
48230 
49710 
45860 
51000 
47370 
51650 
53000 
46680 
47950 
47380 
46630 
49880 
46470 
49450 
45960 
71070 
67820 
68880 
52750 
50650 
50260 
54500 
51900 
49720 
48610 
82900 
67640 
70490 
67190 
68700 
73990 
70400 
66390 
67640 
66050 
65540 
67120 
64890 
63700 
61070 
61120 
59990 
63310 
62240 
63230 
62570 
58990 
62340 
63030 
63290 
62600 
69620 
52930 
49070 
48840 
48690 
46600 
47110 
49590 
53350 
50610 
49440 
88920 
82960 
65550 
60310 
52000 
45550 
48260 
47270 
49460 
47860 
44730 
46690 
49170 
47970 
47360 
45230 
46140 
46930 
49990 
47280 
46970 
46640 
46300 
50110 
47590 
51310 
47040 
50460 
48720 
50600 
47780 
47230 
75230 
63660 
66180 
63950 
62260 
63090 
63720 
64670 
63700 
66540 
60660 
63430 
64640 
67240 
63670 
61610 
65740 
63770 
65890 
64510 
63490 
63570 
66520 
65720 
64570 
60510 
67970 
52160 
51520 
48130 
47190 
46530 
48250 
46750 
55380 
50080 
50360 
86890 
82870 
72980 
63440 
49910 
49070 
47820 
48990 
46270 
47350 
50770 
47170 
49450 
47270 
45910 
47260 
46130 
48890 
47660 
46680 
46950 
46600 
47400 
49710 
47030 
48410 
49440 
48550 
52940 
49020 
47040 
49190 
77520 
63580 
63940 
61600 
61030 
63470 
61580 
75140 
65760 
63920 
64280 
62430 
64620 
61530 
62290 
62100 
62380 
63200 
62790 
60630 
64620 
67000 
65320 
64630 
62220 
66010 
64410 
62830 
52570 
45810 
48420 
46700 
49180 
46890 
49310 
53030 
50290 
49980 
86820 
78380 
68270 
53650 
46430 
49030 
47490 
46850 
55840 
46610 
49820 
49540 
48810 
48570 
45890 
47360 
48850 
48430 
47940 
45390 
48190 
47490 
50560 
48540 
47960 
48250 
50290 
49900 
50270 
47430 
49080 
59710 
66870 
61420 
63850 
64950 
64150 
67730 
62870 
62970 
61770 
63550 
65210 
62330 
63470 
61640 
61330 
60500 
93310 
84840 
83430 
87580 
90550 
80430 
65840 
64300 
60750 
64860 
70900 
50230 
50820 
48690 
52210 
51150 
51060 
52610 
51140 
50580 
48820 
89890 
81660 
65960 
56550 
44910 
49940 
50680 
48680 
48230 
45860 
49190 
47630 
46770 
48200 
48510 
47930 
51560 
49430 
47190 
49760 
46900 
50580 
49420 
48070 
49430 
46420 
52500 
50730 
51270 
49950 
50780 
50790 
76480 
63710 
60820 
61640 
64130 
64780 
64000 
64470 
60820 
63980 
63390 
65130 
65320 
63320 
63550 
63530 
65230 
61150 
64640 
64910 
62810 
65450 
64370 
63720 
64600 
62100 
69810 
49800 
47540 
47950 
49860 
71460 
67920 
66310 
57130 
55990 
54580 
88270 
82300 
68340 
60470 
51840 
50690 
48030 
48970 
49770 
49830 
49650 
49140 
47530 
49600 
47990 
51240 
50180 
51100 
51000 
50420 
48370 
50350 
48670 
47480 
47490 
50120 
52040 
50300 
50660 
50850 
49790 
48980 
77590 
66750 
65060 
60970 
67040 
64470 
62020 
64640 
61140 
64550 
63830 
66200 
64620 
65410 
66930 
67600 
64670 
64050 
62280 
65140 
65620 
62330 
66130 
64010 
61480 
69730 
70810 
53180 
46890 
46210 
54040 
49750 
51230 
47780 
52620 
53560 
50300 
89460 
82530 
74870 
66490 
52400 
72920 
73900 
69290 
67970 
51410 
50600 
48680 
47420 
50330 
53410 
49350 
49490 
49850 
49960 
48380 
48800 
27930 
48200 
46840 
49230 
48770 
50080 
51150 
50780 
51060 
50750 
53830 
108950 
121200 
82840 
85960 
82680 
80220 
83690 
34160 
35130 
33000 
36300 
34890 
33360 
34150 
34340 
34000 
35290 
33730 
67040 
67080 
63850 
63900 
64280 
65420 
64800 
81670 
80230 
59070 
51810 
52220 
54400 
54510 
50240 
46520 
53280 
53390 
53430 
63180 
88040 
81070 
62560 
52160 
47080 
48380 
47560 
53800 
55070 
49290 
68720 
56610 
49900 
52270 
47830 
48740 
46050 
50170 
48710 
48420 
46050 
48770 
49830 
48450 
54340 
47810 
49490 
49670 
50920 
49920 
49940 
72840 
63760 
65160 
66290 
64860 
64870 
63280 
67550 
63070 
63410 
64050 
63520 
64810 
64040 
62660 
88410 
84270 
92480 
86260 
64180 
63140 
60580 
62320 
64520 
63530 
63070 
61080 
66610 
51070 
46530 
48600 
50160 
52710 
49170 
50340 
52940 
49790 
47520 
83640 
78410 
66190 
51530 
47140 
50830 
48480 
48750 
47620 
48380 
50240 
51720 
51570 
46180 
5081590 
5101090 
29010 
27200 
25750 
25790 
26310 
25910 
25890 
51320 
20990 
53760 
20440 
47100 
50280 
49060 
48250 
50860 
38750 
63580 
65360 
64700 
62900 
66110 
66950 
70380 
67060 
67590 
66580 
69250 
65830 
67080 
65520 
62960 
61370 
63160 
62180 
61010 
63100 
63440 
63570 
63600 
61910 
65570 
69420 
54530 
48850 
46770 
50570 
47580 
47440 
49790 
52120 
51260 
47610 
87350 
86080 
71840 
61120 
50340 
46250 
51030 
46460 
46380 
46820 
45190 
51160 
50000 
47620 
47920 
46280 
47570 
45390 
48590 
48230 
45090 
46630 
45520 
48580 
47430 
46400 
46950 
49830 
51080 
48940 
46610 
46480 
77460 
62470 
60040 
61280 
62350 
64280 
66700 
62580 
62210 
61340 
62530 
62060 
61800 
61670 
60290 
59850 
63490 
63710 
67140 
62780 
63990 
63840 
61030 
62910 
61520 
60570 
68560 
61410 
48020 
46770 
47700 
51480 
48710 
46250 
49230 
50050 
52750 
48990 
84000 
75740 
65280 
51020 
49770 
48680 
47310 
49120 
47390 
45270 
48480 
47010 
46880 
49530 
48080 
49040 
47870 
48580 
49180 
50570 
48500 
46850 
45920 
46880 
48910 
45610 
53020 
51530 
61200 
50320 
48790 
64670 
67220 
61500 
64020 
61920 
61720 
61560 
65500 
63680 
63250 
61970 
64670 
63850 
61550 
63130 
63030 
63440 
64060 
62800 
64960 
62310 
63700 
67130 
63840 
63000 
66300 
61470 
66370 
48590 
47290 
52360 
49300 
49690 
48260 
47320 
54200 
53200 
50930 
84920 
78690 
66570 
58290 
48420 
47560 
46570 
46800 
48110 
47280 
51060 
45760 
49100 
45530 
