76000 
66140 
51750 
45620 
50390 
49680 
47100 
49730 
48140 
53860 
49000 
50310 
51360 
46940 
46930 
46570 
50350 
21230 
23120 
72030 
47860 
46770 
26000 
49340 
48630 
20130 
48240 
48700 
46340 
47310 
23360 
24110 
50380 
20040 
67710 
44310 
20420 
26270 
24800 
25120 
48110 
43970 
46990 
49160 
45580 
50110 
45950 
20590 
46370 
70560 
21610 
47300 
47150 
22870 
50650 
23910 
46950 
22980 
25320 
46220 
45630 
20210 
49410 
67400 
19820 
52440 
45200 
23020 
23730 
26020 
23290 
48440 
25330 
51200 
23610 
21210 
49670 
44980 
22050 
48620 
46710 
22430 
47590 
47190 
21200 
48990 
63260 
65260 
57320 
23190 
54360 
46360 
18990 
47360 
63380 
20960 
53360 
46940 
20710 
47490 
47880 
49460 
51470 
47250 
47740 
46410 
23290 
48150 
44920 
22000 
60700 
59230 
49260 
43850 
48060 
46080 
45880 
48040 
43490 
45010 
44620 
45430 
45920 
21070 
48610 
46000 
45320 
47440 
44140 
22290 
48610 
46740 
46750 
45360 
45800 
3086000 
47570 
45500 
48970 
63050 
44940 
48080 
45840 
44270 
45450 
62340 
29450 
53480 
46480 
44850 
46180 
22440 
49040 
46020 
22080 
48810 
44730 
21430 
52690 
44670 
22070 
47440 
46990 
45610 
44620 
43540 
44550 
44970 
21700 
48090 
61380 
20370 
47600 
50400 
22650 
47700 
45340 
23430 
46270 
44680 
43970 
45210 
21140 
47830 
45660 
20030 
45820 
44190 
23150 
49390 
44570 
21290 
49330 
47100 
47560 
43160 
2095600 
49720 
50220 
52040 
21410 
66370 
45660 
50260 
49870 
47140 
47300 
44630 
21060 
49820 
46510 
23310 
46180 
47610 
23920 
48670 
48160 
22410 
46140 
24080 
24690 
47630 
22520 
43470 
49490 
20220 
25630 
46520 
20120 
24730 
46930 
20830 
48030 
22380 
23300 
46270 
21860 
23700 
22090 
24290 
24830 
22500 
23890 
22050 
23680 
25630 
50280 
24020 
43480 
46740 
97240 
24540 
24620 
25820 
23810 
24500 
23840 
25380 
23410 
24360 
23640 
22420 
26950 
47510 
22930 
25170 
23530 
23880 
23600 
25610 
25620 
24030 
23550 
24400 
22440 
24300 
24690 
49440 
23920 
22870 
2085830 
24830 
27080 
49760 
23330 
43950 
22440 
22580 
26040 
22970 
23500 
23810 
24470 
24530 
51770 
23830 
26780 
24680 
23370 
24320 
21760 
24070 
24640 
23470 
51320 
45960 
45860 
48520 
47080 
43360 
44210 
45730 
58200 
45650 
47360 
66290 
45010 
46670 
94430 
48110 
42540 
44810 
45470 
44530 
45190 
43860 
44850 
44880 
45250 
47190 
45180 
45300 
45200 
43930 
47310 
45390 
44140 
43820 
44450 
47100 
46390 
43240 
51820 
60170 
50770 
44110 
51660 
61490 
45490 
47470 
43620 
45070 
43440 
43580 
43470 
46730 
46770 
49230 
45980 
50010 
45580 
44510 
46440 
43770 
44010 
47500 
45330 
42590 
43220 
46170 
45320 
45050 
44940 
42060 
44460 
47500 
45410 
44240 
62930 
43280 
45170 
44990 
44650 
42810 
44040 
46130 
45410 
45180 
44120 
44430 
45570 
49620 
45250 
45510 
45510 
22730 
51200 
45250 
20280 
45110 
44460 
47730 
44630 
47230 
44830 
48950 
48400 
23450 
48180 
19310 
45800 
47130 
43350 
47130 
43580 
43720 
46750 
46390 
22070 
47160 
2083630 
48550 
45360 
43670 
44550 
42000 
45170 
44330 
44390 
21450 
47510 
42900 
47240 
43990 
47630 
44230 
44950 
44940 
44630 
46120 
44740 
66890 
46180 
20800 
47490 
44460 
19550 
51790 
46640 
46990 
45460 
17610 
46220 
45490 
23790 
70690 
45940 
25230 
26180 
50490 
21480 
46810 
47080 
24450 
48510 
47310 
21910 
49670 
21250 
26640 
83920 
21910 
25520 
47330 
21170 
24570 
47320 
22560 
47580 
46050 
23670 
47180 
21590 
24790 
23730 
22980 
61480 
45860 
20260 
48880 
49470 
20420 
46220 
43090 
45270 
45190 
45190 
44600 
45430 
20890 
48830 
62330 
20340 
46270 
44860 
47170 
50610 
47550 
21010 
46000 
48850 
45110 
45360 
19990 
47760 
45110 
21330 
47320 
45850 
20920 
51060 
45830 
19300 
53050 
44860 
22250 
48830 
18660 
49230 
44710 
20320 
68550 
45740 
20320 
45670 
48720 
23190 
45910 
46120 
22580 
47080 
47500 
22940 
47590 
52480 
44480 
69130 
24430 
49970 
45900 
19970 
48610 
46480 
21110 
47950 
42450 
22240 
50000 
20120 
24260 
49710 
44320 
59110 
20990 
46180 
44790 
42300 
44340 
46620 
46370 
47220 
44020 
45320 
49960 
24130 
43910 
42450 
44390 
46000 
46200 
45190 
42290 
44250 
45210 
44700 
45840 
45100 
44040 
45830 
44070 
43120 
21380 
43550 
62770 
45610 
44240 
42340 
43200 
52040 
47030 
46870 
42200 
45590 
41730 
44700 
23510 
45170 
46620 
48480 
45910 
45030 
44170 
42550 
43780 
43390 
44540 
44320 
41660 
41460 
44460 
46180 
45460 
22660 
42400 
43420 
45000 
44460 
42820 
42860 
44310 
46730 
48720 
44660 
45660 
40830 
49780 
23100 
44060 
43660 
20600 
44970 
48010 
44930 
42440 
43490 
44870 
46490 
49790 
43340 
49180 
45590 
44930 
44360 
23200 
42570 
42880 
45350 
45790 
44510 
46400 
45260 
47500 
44550 
45420 
44700 
41560 
44130 
2060620 
44540 
45080 
21810 
44650 
66390 
44340 
43430 
42240 
42580 
46400 
44760 
42890 
44020 
44230 
44370 
43120 
23160 
45960 
42160 
24140 
44220 
43820 
42280 
41010 
49000 
46200 
44300 
44100 
44870 
45010 
48350 
42540 
45920 
22540 
44780 
43860 
23410 
43460 
42570 
45610 
51100 
45560 
44910 
42530 
46940 
42830 
43280 
23340 
43250 
42450 
24050 
45700 
44470 
21920 
42040 
44840 
47370 
47080 
46700 
41490 
44200 
46730 
45900 
42510 
21610 
44860 
45570 
21290 
42030 
41010 
45760 
47150 
43720 
43960 
42070 
45320 
42020 
46930 
47000 
44710 
44760 
26330 
46270 
45240 
22280 
44270 
44210 
44380 
44360 
44390 
42300 
47470 
22830 
47860 
43950 
21150 
46800 
20460 
24270 
45470 
19310 
63780 
44420 
20560 
48030 
43410 
19610 
49500 
50130 
22400 
44220 
43180 
21550 
46780 
18630 
23780 
43480 
21090 
64460 
44510 
22500 
47430 
43790 
20800 
47120 
44690 
21930 
44240 
46630 
23380 
45650 
19470 
43760 
44250 
19820 
45340 
43380 
33360 
50710 
48800 
19230 
49080 
47500 
23090 
46260 
43900 
24490 
44120 
19360 
47820 
44210 
18690 
45420 
42920 
20600 
48310 
45150 
19490 
46000 
47830 
24430 
46040 
43740 
21530 
46330 
20810 
50930 
46710 
19720 
48320 
48340 
19400 
48460 
41380 
18410 
47670 
47730 
22580 
44340 
46250 
45970 
51840 
21520 
46850 
44630 
19500 
53010 
45440 
21520 
46280 
44560 
20780 
52480 
46490 
21360 
45690 
44700 
47760 
44500 
20320 
47120 
51950 
20670 
52150 
44060 
21180 
47120 
45810 
22420 
47540 
45520 
23380 
44810 
44020 
52380 
45380 
23400 
48720 
67840 
22650 
46810 
50790 
21370 
45920 
45270 
20120 
46540 
49290 
44490 
43280 
2094960 
43170 
52730 
20060 
47490 
43030 
18870 
49480 
48520 
22300 
47120 
43780 
21900 
53420 
47980 
22330 
44790 
45990 
46920 
44680 
19760 
42770 
44920 
20570 
46400 
45460 
20490 
47330 
45840 
21270 
47150 
44790 
22500 
44150 
51800 
44710 
41370 
21110 
45460 
45580 
23070 
46730 
45330 
20450 
46690 
44370 
19380 
46050 
44960 
22260 
49330 
46660 
42210 
45660 
19560 
46450 
46480 
18490 
44190 
45900 
20590 
45720 
47430 
20150 
47790 
46950 
21190 
45480 
43310 
42230 
47720 
19380 
45880 
43680 
19590 
46230 
48550 
20690 
46040 
43950 
19590 
49070 
23570 
21970 
43280 
22340 
23860 
23750 
24470 
23170 
23020 
23780 
24370 
22140 
20870 
22390 
24280 
21950 
23410 
20220 
21410 
47350 
19980 
21320 
22440 
23380 
24140 
23380 
46290 
23920 
22630 
23550 
22400 
26450 
23400 
46710 
23120 
23370 
45230 
22580 
21630 
23160 
23420 
23630 
23450 
22150 
21780 
24070 
22950 
22990 
20110 
21300 
47210 
25110 
22790 
51160 
21780 
21910 
25270 
22540 
22630 
22520 
24220 
22350 
22700 
23210 
21850 
22100 
22630 
47410 
25190 
23650 
2065670 
24000 
23030 
24390 
20530 
50430 
22080 
22990 
22530 
20490 
23920 
23250 
26050 
22870 
47310 
22360 
21950 
22270 
23040 
23320 
23740 
24630 
23530 
23020 
22700 
20660 
25470 
22430 
47860 
22630 
22020 
43580 
21880 
23270 
21720 
21820 
22210 
23350 
22340 
23030 
21060 
22950 
46460 
21590 
20460 
21950 
45450 
20880 
47000 
21190 
45850 
44650 
20980 
47000 
21860 
50410 
23300 
22250 
22910 
23630 
22630 
21090 
26820 
22800 
24100 
44860 
21620 
21020 
23370 
24880 
24930 
22400 
22660 
23590 
48510 
18310 
51900 
44530 
18680 
47990 
43950 
22340 
45940 
46990 
45730 
48930 
19000 
46690 
39750 
23600 
47930 
45270 
19600 
41950 
43620 
21130 
45380 
43100 
23360 
46960 
46940 
48170 
44660 
19610 
47870 
46500 
19430 
96650 
43120 
18290 
47750 
46870 
20140 
48220 
23170 
24510 
47830 
21900 
23360 
22930 
23820 
24900 
24010 
23930 
23690 
23530 
25120 
23950 
22960 
21860 
23020 
25670 
23940 
23650 
23300 
21130 
24060 
23580 
49150 
23200 
23970 
22820 
23960 
24950 
21320 
23070 
24390 
46180 
23800 
24430 
22080 
24350 
22040 
23380 
24600 
21170 
24490 
25170 
23280 
23070 
22180 
22100 
23270 
25430 
54160 
21570 
24190 
24230 
24020 
21090 
27210 
21260 
21400 
23600 
25150 
23050 
21000 
24270 
23160 
23690 
24050 
21640 
23080 
2061230 
24930 
23220 
34510 
26990 
29800 
29370 
24030 
23630 
22180 
22960 
24970 
23580 
24580 
23160 
25900 
25200 
23790 
23290 
25540 
42190 
24210 
23260 
22680 
22240 
23630 
23800 
24480 
22010 
46020 
21690 
26200 
24630 
23540 
22050 
22640 
22100 
22280 
24250 
22940 
23050 
24600 
25190 
21220 
24260 
22930 
23800 
24890 
22930 
23610 
22650 
23400 
24660 
24730 
20470 
24200 
23830 
29310 
24110 
22800 
19820 
21930 
22930 
23920 
23810 
24440 
21780 
25350 
20210 
24990 
23750 
19990 
24260 
24280 
21600 
24070 
22510 
19180 
26250 
48590 
21970 
26340 
49480 
25010 
24310 
44380 
22880 
22090 
47560 
23680 
23120 
23650 
22780 
24280 
22670 
22900 
44640 
22000 
21620 
47480 
22940 
24790 
44960 
23560 
24430 
24660 
25360 
22860 
45900 
23850 
23650 
23710 
22730 
47890 
23130 
24810 
55810 
23410 
23680 
49530 
23400 
23410 
46630 
22710 
23650 
47500 
22990 
24880 
22240 
24110 
48570 
22050 
23940 
47850 
23390 
23450 
46910 
24070 
22340 
45270 
23650 
23910 
47960 
23660 
22220 
23600 
23430 
48690 
21670 
21870 
46840 
23310 
23560 
45110 
21980 
23430 
49100 
23010 
23150 
44250 
23320 
23370 
22730 
22490 
45190 
22750 
26080 
46960 
22920 
22270 
45620 
24120 
25440 
48480 
24530 
23020 
47070 
23470 
24680 
23990 
22910 
47990 
25540 
24750 
45370 
21280 
23490 
45950 
23930 
23450 
44590 
21040 
24300 
25460 
26520 
23190 
21790 
22830 
47440 
22910 
23650 
44750 
22700 
24440 
45020 
23030 
22550 
55710 
23700 
24060 
23730 
23040 
22670 
22840 
25310 
49130 
26150 
23420 
46570 
25850 
23830 
48070 
20910 
23120 
45430 
22720 
24760 
21970 
23640 
24230 
22510 
23270 
52920 
23330 
24200 
46460 
27020 
24910 
46470 
23840 
23370 
45920 
22780 
22340 
23160 
24680 
24310 
23940 
21400 
48960 
22350 
23320 
44800 
21250 
23500 
50390 
21970 
23850 
46980 
23350 
24220 
23770 
23550 
22970 
22550 
23830 
52870 
22770 
22690 
45760 
24430 
23450 
47390 
22050 
22410 
48930 
23100 
24160 
23080 
21610 
24140 
24170 
24580 
52600 
22430 
23330 
47170 
21560 
23680 
44780 
23500 
23660 
47340 
23330 
23850 
21670 
23820 
25200 
24060 
23720 
22660 
24120 
23470 
48640 
21540 
21600 
48240 
22710 
24700 
47120 
21530 
24110 
23620 
23150 
23730 
22620 
26280 
26000 
24170 
23600 
44920 
21540 
24540 
45780 
24610 
22310 
20610 
23090 
23540 
24890 
21940 
22630 
22860 
25220 
47690 
22890 
23860 
45610 
22900 
24100 
44840 
21170 
21640 
22850 
24870 
22000 
21940 
20660 
24030 
24290 
22290 
45080 
22090 
22750 
46750 
22790 
25440 
45410 
24380 
23490 
22810 
24030 
23310 
23800 
23730 
22680 
23390 
22520 
45790 
22720 
24370 
45010 
21490 
21310 
46880 
23970 
22400 
22910 
21840 
23350 
31220 
51350 
44650 
25460 
24360 
47780 
21600 
24620 
44180 
23260 
29400 
49060 
26200 
26810 
24720 
24440 
23410 
23560 
22710 
22600 
22950 
23960 
22680 
46810 
42950 
23250 
23530 
19080 
47720 
23320 
20590 
67750 
45720 
20810 
43780 
61120 
24100 
49860 
43550 
42020 
43700 
48400 
44420 
46060 
18820 
42670 
46660 
21150 
46930 
44880 
18390 
49300 
45140 
19210 
48600 
43450 
43240 
47110 
44160 
42700 
43290 
20110 
45770 
50730 
21660 
44150 
42510 
20850 
48360 
44610 
18710 
43710 
46500 
43080 
46920 
48450 
40460 
47330 
20480 
48550 
44140 
19640 
47400 
52650 
20520 
46010 
42730 
22130 
48550 
44870 
43850 
43140 
44200 
44860 
48400 
19620 
43850 
43320 
19680 
48730 
51520 
20320 
43500 
46410 
19630 
52060 
45210 
20630 
47860 
45320 
46200 
44470 
31080 
53720 
45460 
20960 
43700 
41730 
22420 
47940 
46010 
20080 
44650 
45910 
44970 
53870 
46820 
44100 
43200 
21390 
27110 
66970 
20380 
46680 
47630 
20890 
54700 
45870 
20460 
47680 
47790 
23850 
45830 
20260 
24120 
49470 
21750 
25190 
63280 
18540 
48130 
46980 
21270 
48970 
44960 
21490 
48840 
46820 
22560 
44030 
21020 
26590 
47540 
20480 
23860 
65860 
21840 
47540 
45920 
21520 
47040 
46860 
21310 
47610 
45590 
22850 
51160 
22330 
24870 
44850 
21110 
25130 
46700 
20790 
48770 
469280 
22660 
51160 
46610 
24590 
43100 
46660 
24750 
50220 
21260 
25820 
67760 
22160 
24440 
46270 
19660 
46360 
46250 
22030 
47710 
45880 
24070 
24230 
21560 
25060 
47090 
19390 
25600 
24840 
20200 
25420 
23190 
20370 
26170 
22560 
23950 
21640 
48860 
24410 
303550 
20890 
24000 
23630 
21910 
25620 
23160 
20240 
22560 
23050 
21040 
23990 
270760 
26110 
26640 
2059940 
23190 
26010 
19470 
25400 
24380 
21580 
23290 
25280 
21660 
25140 
23120 
21340 
24180 
24740 
23630 
23510 
24740 
21940 
25010 
21110 
25720 
25210 
20290 
26620 
25130 
23840 
25700 
24280 
19350 
28170 
26370 
25660 
22340 
23370 
24250 
25340 
25380 
25220 
24060 
19900 
25160 
25320 
22410 
24630 
23320 
21250 
25440 
24790 
23210 
24200 
25230 
24290 
24710 
23020 
24470 
24570 
21710 
23970 
25200 
20230 
24570 
24470 
20580 
23800 
23100 
21220 
46640 
30870 
23850 
22500 
18870 
46600 
48560 
18560 
45340 
45280 
20630 
50310 
44820 
19240 
47040 
23680 
45360 
44420 
44060 
21400 
43970 
21500 
46570 
45680 
19380 
46280 
49370 
21460 
23990 
47260 
18590 
26830 
48480 
22920 
46820 
43740 
21800 
47710 
18600 
25450 
44790 
18730 
27210 
45880 
20540 
23480 
47000 
23770 
49640 
46910 
23380 
46500 
47580 
23340 
47310 
18940 
22610 
47190 
20020 
27120 
47120 
19360 
24260 
47140 
18670 
46910 
42250 
31140 
53730 
46180 
23340 
45940 
21790 
26360 
46350 
21100 
24490 
44160 
20790 
25040 
47550 
