70740 
65110 
65800 
71140 
72460 
65810 
63870 
63270 
67060 
73040 
67590 
65960 
65550 
68460 
67760 
67320 
68610 
63190 
46770 
43430 
45530 
45520 
45190 
47150 
46860 
64690 
53730 
43180 
85990 
80010 
63430 
55010 
43620 
43440 
44280 
43910 
44820 
43770 
42880 
44360 
44570 
45820 
42120 
41970 
43840 
42140 
45060 
43020 
42900 
42430 
42570 
45100 
50290 
43000 
45080 
45780 
46800 
46240 
44510 
72520 
59830 
60020 
62630 
56070 
55220 
58990 
63330 
59990 
57730 
57020 
57280 
60370 
59820 
60810 
57400 
57900 
60360 
62260 
59590 
57390 
58110 
60170 
59070 
58630 
56450 
75300 
53020 
46400 
45150 
44920 
43100 
48350 
43190 
48460 
44910 
42250 
87260 
81460 
72580 
60350 
45990 
43880 
44380 
52160 
45560 
43870 
41480 
41780 
43340 
44610 
42170 
41200 
43010 
45370 
45690 
41600 
41210 
45690 
43960 
46350 
41570 
44250 
43530 
48440 
50050 
45860 
43340 
43620 
76250 
61540 
58580 
60880 
60420 
58300 
60040 
60560 
57060 
63050 
60530 
59790 
60020 
58100 
59680 
61370 
61950 
60980 
58720 
55210 
58620 
59230 
60010 
61280 
59990 
56670 
67380 
52030 
44560 
42700 
42880 
46720 
44330 
46530 
49940 
45520 
47730 
86330 
79180 
62170 
49860 
48860 
45730 
44940 
43570 
42810 
43340 
44710 
44380 
43820 
41830 
44100 
44830 
45240 
42970 
42550 
43220 
45480 
44210 
45210 
52600 
53200 
48580 
49530 
47440 
43850 
43570 
45390 
70450 
59540 
57970 
60290 
57180 
61380 
59520 
59240 
58290 
55430 
59970 
61160 
59300 
57960 
56360 
57140 
59130 
60550 
58590 
57050 
60280 
62180 
60250 
57970 
58720 
60690 
63640 
56410 
47930 
41010 
43960 
44460 
45050 
44540 
45430 
48860 
48480 
78410 
85670 
71780 
62480 
48460 
43770 
46360 
43030 
44220 
45320 
46370 
49200 
43690 
42360 
44610 
44870 
44990 
43830 
42660 
44050 
46790 
45440 
43430 
44330 
46980 
46620 
47390 
48720 
44840 
43330 
44430 
47370 
75000 
58580 
59370 
59940 
60560 
63360 
59370 
62740 
58450 
60860 
60510 
58480 
57260 
57440 
58900 
60440 
61080 
61560 
58890 
59720 
60600 
59770 
58350 
58180 
62280 
59930 
67850 
47410 
44810 
46290 
50490 
48310 
44530 
42100 
53050 
51300 
52560 
90090 
80660 
66130 
52340 
47260 
46700 
44180 
43640 
45110 
46780 
43960 
42460 
42630 
44890 
44280 
46070 
45280 
43480 
45480 
43430 
45720 
45000 
43800 
44960 
48090 
48430 
46290 
45910 
46080 
47800 
46210 
53750 
64510 
57320 
58570 
62560 
58100 
60820 
57780 
60360 
60130 
62750 
59360 
59060 
58790 
61320 
60290 
58550 
59070 
60370 
60640 
62130 
58430 
56570 
56930 
58080 
60120 
59620 
62200 
45050 
43970 
46570 
45040 
45190 
41790 
45640 
49250 
50510 
43140 
86450 
71530 
63380 
54070 
49280 
43110 
45880 
43500 
45750 
44330 
43490 
43450 
43320 
44600 
43750 
44710 
42660 
43350 
45760 
44680 
45110 
43160 
44620 
47070 
46850 
43220 
47110 
47270 
45270 
47410 
51280 
74990 
62000 
62310 
61610 
59520 
58190 
61040 
61060 
59130 
59450 
57340 
62320 
61940 
61880 
58870 
57690 
58790 
61950 
60830 
62990 
61270 
56970 
59030 
62180 
61390 
62800 
65250 
51230 
45150 
44370 
48690 
46550 
45850 
43570 
50830 
47300 
47220 
85310 
80830 
64340 
56040 
49810 
46660 
44860 
47070 
45970 
42910 
44910 
46320 
45500 
45240 
42670 
43640 
45150 
44270 
44690 
40990 
40480 
44710 
44220 
44700 
45610 
45070 
46370 
44360 
48120 
44510 
46860 
43420 
72710 
60750 
64250 
58350 
57040 
60660 
63580 
59050 
57780 
58790 
58050 
60830 
61120 
58270 
57450 
57250 
60600 
59890 
58310 
57170 
56070 
58970 
61040 
59800 
59120 
57890 
64840 
47070 
45970 
44660 
45520 
50430 
48930 
50520 
46780 
44830 
47510 
87510 
75000 
60950 
46880 
43510 
44820 
45930 
45160 
43060 
42850 
43850 
47080 
46590 
43080 
42290 
44610 
45300 
45720 
42650 
41870 
47040 
46960 
44190 
42590 
48610 
47260 
48310 
48110 
43750 
43200 
42340 
74570 
62120 
64250 
59190 
57460 
61170 
61170 
58870 
59230 
57160 
60810 
61170 
60730 
57640 
59550 
58260 
59640 
59940 
58380 
55500 
57790 
59220 
59370 
59600 
58590 
57740 
66570 
54340 
47670 
42650 
44140 
48150 
45950 
45840 
49700 
45150 
47000 
87520 
78650 
69030 
59760 
48910 
42570 
44170 
42270 
41090 
42970 
43840 
45900 
42430 
41250 
43040 
44690 
44500 
44130 
41040 
44150 
42570 
45060 
42730 
40820 
42200 
46080 
47500 
46150 
44120 
44230 
44360 
45190 
71000 
58050 
56780 
59080 
60410 
59510 
57920 
56600 
56390 
63530 
61590 
59480 
58420 
59130 
60340 
63250 
60070 
58010 
54280 
60270 
60100 
62520 
61090 
55300 
61030 
59040 
64470 
45630 
42700 
45320 
44270 
43840 
43850 
45080 
49010 
47360 
45270 
87300 
78440 
63020 
51300 
45110 
44500 
43170 
42850 
42770 
45030 
44720 
42640 
41250 
43800 
43900 
44670 
42710 
42690 
42830 
43310 
43560 
41130 
42520 
41760 
47450 
46000 
50370 
45210 
43600 
43530 
47540 
73070 
61850 
60530 
61210 
62190 
60400 
56890 
57340 
58750 
59890 
60690 
58450 
57070 
58630 
59530 
60270 
60550 
57760 
57790 
61120 
60550 
57420 
58490 
57630 
61960 
62350 
67210 
47450 
41620 
47330 
44740 
46710 
43660 
41410 
50220 
46470 
45440 
85940 
84240 
72150 
58820 
48780 
43990 
43230 
42850 
47890 
44450 
43370 
42770 
42620 
43480 
46430 
44330 
45360 
43800 
44950 
46800 
46020 
41950 
40650 
43740 
45360 
46340 
42880 
44630 
47430 
45800 
46020 
43180 
73430 
58680 
64140 
60740 
57650 
58190 
56560 
58390 
61570 
59620 
58560 
57470 
59900 
59080 
60660 
58360 
56280 
60560 
59530 
60420 
58410 
57650 
61180 
60310 
58840 
58300 
65170 
47870 
48120 
48720 
58620 
50680 
49090 
48850 
49980 
45900 
45840 
88450 
80140 
64980 
54570 
42780 
44920 
45640 
43760 
44700 
43550 
43030 
45690 
44810 
45530 
43550 
44970 
44520 
44490 
43900 
44230 
43450 
44240 
42650 
45080 
49060 
44130 
45260 
45760 
44100 
47120 
43640 
72010 
61300 
62770 
59410 
57950 
59050 
58490 
59740 
60330 
60130 
58910 
58240 
62520 
58770 
56980 
58140 
61480 
60810 
58790 
57630 
60180 
56940 
60190 
61060 
65740 
60140 
65860 
48590 
46070 
44990 
46290 
46590 
46800 
44360 
49520 
51840 
46490 
89770 
84720 
67500 
63900 
44950 
45390 
43290 
45630 
44080 
43690 
42580 
45760 
44440 
45150 
43650 
43720 
43860 
44630 
45360 
45440 
43860 
46720 
46680 
47970 
43870 
52580 
44200 
50430 
48680 
46190 
47330 
46160 
72380 
60200 
58960 
56500 
57750 
58730 
58960 
59730 
58770 
56610 
62670 
58390 
63410 
62060 
57250 
62410 
62890 
62960 
60260 
59280 
60710 
63650 
62420 
63220 
57340 
61370 
67460 
52800 
46520 
42530 
43450 
47160 
45580 
47960 
51030 
48290 
48950 
87240 
82920 
64570 
49590 
48690 
51000 
47150 
43470 
43570 
45650 
46920 
48260 
44740 
43260 
46980 
45190 
47510 
44940 
45970 
43800 
44460 
46280 
43880 
43810 
46360 
46370 
48890 
47900 
44730 
48070 
47840 
64030 
62650 
59990 
60420 
61140 
63390 
62410 
60820 
60940 
59060 
60510 
64150 
61100 
61220 
61160 
62280 
65290 
64940 
60940 
61560 
61920 
62060 
63280 
63030 
60250 
63130 
60520 
62730 
46890 
45390 
46330 
48190 
45750 
45290 
44550 
47010 
47330 
49880 
86600 
72100 
66840 
50600 
45890 
46730 
44860 
44310 
45500 
45860 
48210 
45800 
44240 
46070 
46790 
50690 
48810 
46370 
43480 
46000 
48490 
44210 
43170 
41140 
45500 
46700 
46430 
46390 
44900 
46470 
46360 
75840 
64280 
63110 
66640 
69680 
64120 
61410 
60060 
64080 
65920 
61950 
64410 
58870 
59420 
65310 
62440 
61040 
57480 
57200 
60870 
66190 
64180 
61880 
60540 
62410 
61790 
70440 
47590 
42470 
45140 
49940 
50480 
45900 
42000 
51670 
49620 
48790 
87320 
86830 
60510 
59170 
46750 
45490 
43180 
42290 
44760 
46950 
44050 
41950 
42640 
44710 
45380 
45840 
43260 
42260 
46170 
45800 
45240 
43620 
47290 
45650 
47630 
47490 
46760 
43700 
44220 
47780 
46830 
48200 
76690 
59560 
61820 
63660 
60990 
59590 
57220 
61410 
59910 
61350 
60740 
62170 
61480 
62000 
64250 
60620 
61090 
62640 
62490 
59950 
58980 
62740 
62160 
64630 
64320 
62260 
64100 
47300 
44110 
47460 
45410 
43750 
41380 
48090 
48180 
51630 
47400 
87980 
76220 
65060 
51650 
47420 
41880 
48220 
44370 
45950 
46670 
44320 
42670 
49370 
47000 
44090 
43950 
43230 
47520 
47100 
44430 
41720 
43450 
44900 
45270 
49300 
48590 
46050 
47920 
49660 
47410 
45960 
76450 
62910 
62650 
60780 
60700 
59080 
60010 
61470 
62260 
59480 
57640 
56280 
60740 
61530 
61620 
59400 
59860 
63150 
62470 
62950 
59830 
60580 
61640 
61960 
60370 
60810 
64820 
48550 
44970 
44270 
43730 
43680 
44450 
44480 
49890 
47940 
43910 
90740 
82940 
68680 
59360 
44400 
42260 
43640 
48980 
46460 
45380 
43370 
46790 
45010 
46750 
42370 
41630 
44480 
46450 
44970 
50370 
48480 
44600 
47100 
44740 
44930 
43950 
45680 
46500 
49540 
47310 
49160 
44330 
76040 
63510 
61470 
59430 
61720 
58690 
64110 
63020 
59780 
61530 
60840 
61960 
59400 
59220 
56260 
57910 
62770 
61110 
60770 
58240 
57930 
60860 
63460 
60340 
57780 
57810 
67180 
49820 
44930 
45610 
42680 
47050 
45180 
47860 
47280 
44330 
48020 
86000 
81310 
62640 
45640 
43350 
45280 
45750 
43930 
41990 
43310 
44240 
49480 
44430 
43890 
43010 
45080 
45550 
43900 
43280 
44420 
44490 
44880 
46570 
40920 
43660 
46480 
50880 
46850 
45250 
43740 
43560 
78480 
63080 
63040 
60430 
60190 
61660 
61580 
62430 
61280 
59900 
63560 
60700 
62240 
58740 
58200 
62060 
62030 
62080 
60730 
58710 
60630 
61350 
61210 
59530 
57840 
60110 
68130 
49610 
45690 
43850 
45410 
49740 
49490 
45930 
48830 
46810 
47550 
89280 
83800 
65250 
54150 
49150 
46090 
47250 
42390 
40570 
45970 
44960 
46130 
42410 
40790 
42220 
46470 
45220 
46920 
42460 
42240 
43030 
50370 
44530 
43610 
44940 
46490 
47450 
47890 
44640 
43730 
45370 
44550 
74410 
60990 
58930 
60570 
62160 
61910 
57090 
58390 
58420 
62520 
63650 
61490 
60920 
61510 
61880 
67390 
60650 
64200 
61820 
64170 
60220 
61940 
58430 
58640 
62740 
61920 
64470 
45150 
41780 
48760 
47430 
46720 
44230 
45230 
46390 
51640 
49690 
91530 
77630 
64330 
57060 
47140 
45820 
44620 
43180 
44110 
45120 
44390 
43470 
42960 
48090 
49590 
46880 
43380 
43150 
45810 
44720 
45880 
43350 
44650 
42490 
49780 
47950 
46330 
45680 
48080 
46220 
46800 
80210 
61410 
59450 
63230 
64230 
62970 
59740 
60750 
61170 
62690 
60810 
61090 
57070 
61770 
62910 
60240 
62010 
58970 
62770 
67920 
64990 
62600 
62280 
61190 
63280 
65250 
68690 
45540 
42250 
44380 
47630 
49920 
43760 
42800 
51540 
50540 
47640 
90050 
85850 
75390 
59360 
51660 
45500 
43660 
44230 
45870 
44590 
47870 
44510 
45800 
45010 
46180 
44140 
41710 
43420 
45080 
43670 
45440 
43590 
43010 
43770 
45610 
46460 
44250 
43280 
47000 
46450 
45300 
42320 
77120 
62950 
63680 
62280 
61760 
59690 
57230 
60630 
61980 
60960 
60430 
59210 
59670 
60410 
64680 
61600 
58820 
62180 
60780 
61760 
63940 
60820 
62010 
60800 
66340 
61670 
71160 
53530 
48050 
46780 
48090 
45630 
44980 
45970 
50850 
49780 
44270 
90070 
79710 
64220 
52960 
44040 
44660 
45480 
45060 
45590 
42450 
42020 
44240 
44300 
45340 
42870 
43490 
44150 
48920 
47120 
43050 
42820 
44550 
43670 
48240 
45810 
43540 
46340 
46520 
47140 
46990 
44670 
72020 
61870 
60620 
63130 
62040 
60670 
60490 
65890 
62200 
58330 
59780 
61320 
63480 
61420 
65670 
59880 
58170 
64840 
64650 
60100 
58370 
59040 
61030 
62440 
59450 
60470 
62780 
50730 
44810 
45340 
45520 
46660 
46210 
44970 
72320 
52940 
51090 
88370 
86440 
68700 
58000 
45670 
44910 
43320 
46550 
45290 
43210 
45420 
46280 
43400 
50080 
44260 
42870 
45050 
44650 
47960 
43630 
43710 
47560 
44730 
46410 
45500 
46740 
45910 
49250 
45770 
44470 
43370 
46440 
77350 
63340 
60710 
59130 
58300 
61520 
61980 
63040 
60740 
57210 
61270 
61410 
62230 
58240 
58180 
61570 
62240 
62710 
62940 
58890 
59790 
63920 
62170 
61540 
60350 
58390 
65640 
48600 
43110 
43820 
44340 
46800 
47090 
48230 
47740 
45450 
46780 
88420 
80910 
63170 
48140 
46240 
46170 
45280 
45520 
41470 
44750 
46910 
45620 
43900 
41550 
44320 
44140 
46770 
46290 
42130 
43590 
43570 
45900 
45350 
43020 
46050 
44800 
48300 
48490 
44260 
45760 
48080 
75890 
60540 
60810 
59520 
59310 
63120 
61040 
58710 
57470 
58280 
61580 
65100 
61240 
59810 
59640 
61210 
63930 
63400 
60000 
58490 
73330 
71170 
62890 
58950 
59790 
62130 
67770 
48350 
44940 
42010 
45240 
51010 
47110 
43600 
49470 
45570 
46510 
92810 
84960 
71520 
59590 
47440 
44740 
44930 
42760 
42870 
44720 
45910 
45710 
43260 
67230 
51860 
46710 
45520 
43350 
42920 
44170 
45820 
44970 
44140 
44120 
42070 
46060 
48960 
49040 
45520 
43370 
45250 
46790 
75990 
60120 
61110 
60670 
63090 
62360 
62190 
60940 
61240 
60950 
62560 
58610 
59810 
59610 
62620 
59010 
60250 
59670 
57880 
62350 
64980 
60090 
59810 
57840 
62410 
61120 
65900 
45580 
43350 
47260 
48610 
48160 
46540 
44020 
53590 
47320 
47710 
87630 
81520 
66820 
55420 
47200 
45070 
44630 
45540 
44490 
51150 
46960 
42560 
43080 
49710 
48830 
47380 
44580 
47130 
45500 
45980 
46220 
43430 
42120 
44760 
46200 
47990 
48430 
44780 
44810 
48490 
47730 
75240 
60730 
57060 
59820 
63080 
61950 
59020 
56860 
59240 
62820 
62780 
61020 
57850 
61330 
64540 
62720 
60130 
58250 
61140 
62620 
61490 
59660 
57090 
60140 
65920 
60690 
71380 
48000 
42450 
44430 
48670 
46570 
43550 
41730 
48860 
50810 
51020 
97280 
83910 
69140 
63720 
50850 
47010 
40760 
44750 
44910 
46430 
42630 
41050 
42100 
45670 
44830 
43500 
41870 
41050 
43880 
46260 
44560 
41950 
42490 
44750 
44750 
48570 
44040 
46920 
46990 
47540 
46240 
42610 
76510 
61720 
61950 
59760 
57720 
57590 
56660 
64470 
61300 
60870 
58820 
58940 
62450 
62810 
61770 
57430 
59330 
61500 
60200 
61970 
60790 
60700 
61860 
60770 
62850 
61030 
64640 
49850 
44610 
45440 
45100 
43590 
45800 
47420 
52210 
47840 
47380 
87330 
84910 
71480 
52610 
47420 
46940 
48130 
43470 
48960 
46280 
43860 
44890 
44910 
46890 
45760 
43320 
46100 
43080 
45010 
42720 
42590 
43400 
46040 
45800 
47180 
45840 
47920 
48050 
47490 
45720 
47320 
67260 
62990 
62820 
65030 
61970 
59200 
61920 
61000 
62700 
61220 
61960 
61470 
61070 
61980 
62430 
60730 
60300 
63470 
62540 
61760 
61080 
60660 
