55400
27500
24360
24030
23510
23310
22960
31221
24520
24410
23380
24030
23700
23370
24460
24280
62070
60780
59120
64480
63900
62370
60660
59860
61880
64500
68160
62310
60851
63111
63591
72011
60580
59890
63760
62170
70860
60990
59390
61500
61040
62790
60270
59840
59890
60950
61260
63110
60550
59440
66881
63011
59961
58661
57190
66720
59350
57770
58460
58790
66780
60630
59590
58560
59050
57430
58620
59560
59110
59580
58030
59690
59581
60251
66101
58061
57930
61241
58970
70040
59690
60140
60900
60240
58320
62980
59520
60020
59140
61200
59290
57560
59130
67940
58200
62701
59221
59101
67611
62000
60460
61350
59260
61600
59100
59100
58840
59480
60560
61960
59440
58870
67010
58480
62170
60530
61420
68230
56531
60441
58781
59960
58411
57720
59390
58400
60690
63190
59280
60560
60630
69100
56870
57040
59290
61740
69080
58170
59160
58500
59350
74081
61651
59860
59760
61200
61900
61120
59810
61300
68510
62410
60860
60840
60470
69580
61660
62400
61760
61910
68870
61880
62250
60821
62211
61311
61711
61670
62440
69450
60910
74340
62540
60490
71320
59590
60240
63960
60900
71000
61670
61610
61810
57580
62160
58101
57431
60691
69811
60711
59830
58840
59720
67790
57840
61920
57780
58750
58870
59340
59480
58420
58520
68580
66790
60250
57970
68391
57711
61251
62411
59261
68580
56400
60490
61100
57610
59610
56960
59560
58490
58530
61360
59730
59770
59900
78700
61280
59230
59300
60861
67971
58871
60020
59400
61160
58380
60270
60150
58820
58220
61720
59390
59120
58720
67030
60500
61070
59550
60290
67520
60000
59501
56941
60081
66440
58660
61630
57040
62850
58680
57850
60470
60960
67770
57550
58670
61590
59690
69370
59470
57530
60270
58650
65811
58371
56581
58240
57910
59330
60700
57350
59490
58360
59070
65310
59450
59550
68340
59850
61440
58790
58820
67240
57860
62090
61011
59321
57591
58740
58880
60890
59800
58600
60840
61080
60090
67920
57730
62260
60490
62770
67140
58340
61020
61010
62040
61310
57980
58691
59211
62381
63000
58160
60430
59600
68920
61270
59620
60920
59150
69540
62210
59140
59350
61390
69290
61470
59810
58520
58800
61960
63741
60451
60401
58970
60460
61490
61060
58940
67070
61590
60700
59900
59920
68640
60070
60380
60440
59640
60470
60120
61820
63750
61511
59261
59201
63001
61660
68060
59430
57940
62250
62030
68790
59750
59800
61690
61080
72040
61060
60560
59310
61700
63790
59900
59811
59171
68291
59121
58780
57940
60450
68900
60710
59300
58810
58510
59170
61040
59820
59120
57680
57520
60660
61190
61610
67350
57490
61241
60131
59541
66730
57600
59830
58540
57440
59580
57790
58040
61120
58310
58190
58010
58980
59160
70490
59320
57410
57990
57970
69421
62371
57051
58280
59570
61280
61330
58480
57190
58090
57950
60000
63250
58870
68630
59740
59970
59200
57910
68240
61040
60370
59431
58261
58551
59390
61931
59250
61450
58900
59170
61710
59880
70520
60230
60250
60950
61290
70370
60620
59980
61730
60310
59200
62750
58481
61141
61231
63000
61170
58290
63280
70190
59750
64370
60850
59430
69770
59540
60660
61960
60200
62480
61730
68560
57980
66350
59670
59051
60361
58201
67221
58620
58740
59700
57610
61140
58720
60220
59930
61110
61620
59100
59860
59180
67800
56950
59800
60030
59490
67931
57521
58451
58601
61430
59660
58930
57270
58870
71910
58420
59060
58450
56670
67330
59240
57760
57880
58780
68400
60130
61540
61031
61301
61661
64370
62131
60230
61150
60440
60300
62500
59610
68860
60880
60580
63060
60970
69210
60550
60810
65550
63790
60610
60281
59910
61171
62421
60300
63090
61340
61240
68330
59900
61090
60920
60780
69760
61030
62190
60790
62900
60720
60970
61710
60240
61050
61970
60501
62961
59681
68991
60150
61380
63120
62800
70930
62980
59810
61060
61010
69710
59700
58190
62400
61490
59900
60800
58950
61780
61881
60601
60891
60601
61800
69130
61380
60770
59930
62650
66980
61510
59980
57070
58560
58680
58460
59800
56920
59060
58050
59480
63030
57341
68511
57971
60331
59791
58290
68240
57280
59260
58420
59920
59230
60380
58800
60020
60950
59680
60900
60430
58420
68080
57990
57771
59441
59641
68431
58550
58570
60600
61120
57780
58780
56750
60140
59270
57440
62710
59060
59060
61580
57160
60420
58120
57570
67860
59571
62141
57020
59520
68120
60030
61400
57830
57540
59540
61230
59390
59380
58370
60040
57760
62030
59590
58820
58940
59350
60581
59151
67531
56620
57800
60780
60380
67290
56980
60820
59540
62480
59000
57920
58430
62710
60110
60230
58390
59150
58420
68510
61270
59520
57691
59421
67320
61840
63730
58520
62510
70760
62800
62270
60350
61460
59630
64700
61960
61150
59970
57370
58320
62310
57480
65170
58401
58131
61941
58330
67160
60770
58140
61020
58130
66090
57650
58580
62100
59800
59290
59060
57870
61640
59660
60300
57210
58020
59881
68801
58691
57990
59520
58560
68090
59180
60010
66320
61330
71740
58760
59040
57380
61440
58040
60950
58560
57880
61080
59890
59010
58161
56601
67471
58560
60500
57480
57390
58210
60470
60930
59130
60790
60380
60620
61560
57440
58470
59080
61550
61570
62130
67420
59360
60081
60741
59061
67551
60160
56950
62710
60080
57700
57870
57670
59500
59310
58950
60180
58640
60470
68610
59800
58930
57490
59480
69871
59131
60311
58950
58600
60420
56750
60480
57760
58330
58520
59320
60040
58090
65850
60590
59130
60630
59140
68060
57570
59341
59621
59211
67691
58300
57610
60610
60300
58940
57610
58390
59710
63290
58670
59400
58790
60890
66280
61720
57490
59060
58070
68590
61111
58571
57091
61281
59950
59700
59430
57560
60150
58480
60780
58170
56510
69350
68950
63930
59380
57730
67500
61180
59890
59240
56410
58331
60161
59741
58531
59500
58790
60310
58840
61200
58980
58890
59240
61810
57630
67440
57520
60210
58410
57190
67350
62560
56530
60291
59151
58811
60421
58090
59110
59680
58370
60220
57770
58820
69040
59080
58770
59010
58640
68710
56330
58510
58130
58300
66440
59560
61681
59031
58841
58400
58060
60580
57660
61100
58130
60520
58390
60930
65000
58450
61420
60400
59550
70200
59490
60910
60980
59961
67161
62161
57930
61970
58560
58940
56420
57880
60560
58970
59330
59040
58130
60100
64590
58050
56850
59420
60320
65670
58470
60011
57281
57781
57841
58620
59990
58340
57640
61410
56760
59550
55960
66140
59740
58980
59990
60860
67500
58010
58570
59110
59110
59281
57801
58571
60361
60590
58710
58350
58080
58950
61020
59640
58770
56930
60120
66930
59090
58820
59610
60230
66430
59910
59120
58030
58511
57281
60631
59230
58780
62120
59750
59570
60170
58380
69650
58490
59270
61100
58610
67890
60080
58890
59000
57690
59010
58870
60301
61181
61891
62470
59410
60170
57960
68970
59720
57430
59180
57110
71470
60280
57810
60090
60050
69550
60730
58150
58760
61160
61860
63791
58381
60201
69080
59700
61310
57150
59830
68440
56470
62060
61160
59130
61630
59940
63370
58840
59110
61350
57140
62620
58221
66671
58241
58420
59131
60430
65830
62090
59120
58660
61590
67940
60260
57660
57630
60630
59150
58380
60120
60630
70950
58590
56830
60041
57510
70831
57931
62240
57500
61000
69140
59780
62730
60380
62410
59130
63940
59230
58220
63170
60370
63030
59490
58150
69760
59970
74491
64811
60051
61471
59960
60770
61720
58450
59620
57830
60820
62530
70190
58760
60960
60270
61000
69700
58450
59190
60850
59450
71171
58751
60261
60161
61660
61810
60640
58580
60710
68140
59120
60490
59090
59810
69440
59900
61180
59430
58690
60600
60260
58940
61240
57400
57661
60931
60721
57550
65310
58020
60580
61120
60010
67790
57780
58520
57810
58080
60180
57910
58990
61620
62990
59450
58820
58060
60501
67661
60341
58151
59980
59000
66350
59640
56780
56130
75750
75690
69330
60350
59050
70200
60040
61330
60620
60420
71790
59080
59651
59831
58781
67181
59580
61050
59800
64780
60910
59020
58970
59760
64920
59470
62080
58410
60660
67140
57300
60880
57700
59130
68600
57030
59151
60661
60860
60440
58700
59610
60050
62260
57920
61250
59380
60770
67810
59890
60110
58900
61540
82360
62200
59470
57320
58930
68421
59141
59541
57710
57441
61220
59600
59840
56280
58460
59820
59600
60670
57020
65840
58930
57980
60950
58690
66390
60720
60370
59890
57151
66791
60551
59140
60600
61000
58160
60430
59150
58180
59010
59410
60880
60340
60540
67360
57070
60870
61130
61720
69200
60081
58691
60211
57181
65881
58070
60080
58560
59190
57450
58930
60690
58790
60600
60140
58900
60450
57950
61060
59050
57500
59850
57570
66371
59161
58921
59880
58051
66900
58750
57940
58160
59500
59520
60990
58550
58930
63160
60400
58910
59480
58590
68560
59760
59800
60481
58900
68651
58051
59560
58770
59090
67940
64660
60260
58250
59300
58720
60110
57500
59100
59430
56490
60470
57270
57640
69220
59461
61890
57981
57291
70851
57570
61380
58410
59800
60100
58540
59140
58510
57820
59300
59170
60280
59310
66650
60470
59790
60670
60910
66371
58751
71181
63121
59680
58300
58680
58640
59240
59040
58710
61670
59860
59240
67750
59110
57860
58730
58370
65800
58240
60340
58230
59241
59191
57351
60160
59010
60030
59400
58290
60650
59530
68960
57430
57090
61590
59880
69010
60240
58400
58550
59130
60390
59850
58911
59571
60121
58190
60620
58650
58600
68540
59050
57940
58220
60560
67860
60630
58390
58080
60270
58360
62060
58990
68970
74880
58851
59051
59781
57811
69040
57470
59380
58870
57420
60660
60950
58700
59480
57390
61160
58550
57410
61710
64540
59590
59090
58020
60950
65331
59921
57880
58010
60040
69080
58930
58600
58110
68210
63080
60770
57500
61000
61150
61660
59780
58530
60640
67490
62680
60571
55951
62041
67211
62500
57040
58420
58300
60630
61430
61360
56160
64660
58170
58470
60240
57850
68150
61170
57690
62410
58800
65080
60521
58071
62041
59550
57220
60260
58010
60060
58980
56590
59330
56660
59340
68060
57860
60650
63960
59060
69890
57680
59990
60030
57471
58831
58231
62061
61200
63140
60420
62260
62420
59540
69410
59820
60740
63460
59050
70090
60340
58850
60640
58160
59100
61480
58031
61831
59381
60321
59930
58440
59050
65670
57030
60530
58450
60450
67480
58860
58500
61460
59760
61440
57540
58010
59880
62030
63711
61601
59111
62791
68090
57350
58930
57320
59170
69170
57520
61270
58800
58380
61190
58300
61230
58320
57130
60640
64620
61170
57471
66190
61681
57081
59970
60920
58850
61480
57790
58630
59740
57380
61220
58520
57750
67040
58170
60160
58120
58840
68770
57910
58491
60390
59871
68851
57411
58580
63910
62530
60460
62690
64890
62630
69870
59880
62440
61670
61710
72220
61810
63500
62080
62380
70491
59120
60911
59921
56981
60840
58180
60020
60770
56500
62890
60530
58940
61040
66530
62350
57630
57690
61200
67350
61660
60020
58220
60411
56581
59881
60150
58880
58970
57800
58540
63150
57920
66330
59970
58340
61580
57920
66930
62540
60740
61380
61550
61610
59400
63441
60591
64911
57821
57390
60650
58400
70330
58860
58850
61240
57530
69090
59860
57600
61210
59140
59070
61590
58670
58110
60370
57921
62231
58441
58470
70811
58450
62380
58270
57830
68750
57540
61360
61630
61500
68670
59140
59130
60540
60750
60820
62350
61030
62021
68290
60661
60231
60190
60760
69500
59160
62350
61410
61490
60770
59750
60170
59890
58160
59560
58700
72410
63260
67150
60830
60690
58410
60571
66971
59651
58150
57150
60980
57560
58600
60490
58420
62100
60040
58760
63470
59110
68980
58740
58660
60740
56710
67480
59950
57471
58860
58921
59111
58850
57750
60480
60990
57880
60220
61050
60000
66260
60220
59120
58060
59510
67480
58670
56750
59940
60220
58471
61001
57931
58850
59130
59860
60240
59790
59290
70430
58600
59060
58310
58150
71240
57670
62380
60510
58180
70680
61250
60710
59341
62431
60991
61891
60101
59530
65930
60260
62780
59150
58300
67970
58670
61550
59150
59730
68040
61590
58210
62560
60060
59170
59100
57290
59861
68131
60350
61990
59640
63110
68140
59760
63070
62120
61430
71320
59470
62840
60470
62580
60600
59460
62590
61400
69900
62901
62611
64031
60961
69451
62500
59260
59470
62670
68360
66360
59390
57380
61970
59340
60700
59870
58300
61050
58600
61430
60030
57630
68840
59071
61291
58521
58110
67690
57920
56810
61280
58360
57120
60920
56950
60240
58510
57600
60720
59090
60190
68210
58070
61320
58900
59921
69041
57471
58671
59610
58290
62660
59900
60940
59070
58230
63050
58630
56520
67080
70430
62820
58030
59490
58390
68160
58330
61201
58770
57841
63801
60421
61840
59080
58740
58560
62270
61730
57560
67470
64570
60670
58990
60270
66390
59850
65570
62660
64170
59160
60331
