125260 
54540 
56750 
52970 
53080 
50510 
52180 
50600 
49970 
50540 
54880 
50600 
53370 
50200 
52120 
51960 
53750 
49340 
47070 
50770 
49780 
49000 
48730 
47580 
47830 
49030 
52670 
50830 
47300 
47470 
51370 
51460 
48030 
48650 
47910 
49530 
49460 
51960 
49510 
47830 
50980 
50450 
52520 
49560 
48500 
49770 
49120 
48740 
51440 
48330 
47840 
49070 
49590 
50750 
49640 
48450 
49690 
48920 
48960 
51330 
48920 
48340 
49670 
46730 
50580 
49980 
47940 
51160 
49370 
47860 
52500 
49810 
49250 
49340 
46900 
49820 
48140 
50310 
48560 
47110 
49260 
47400 
53070 
50580 
48250 
48460 
46350 
49470 
50290 
47560 
49320 
46790 
49670 
47960 
47880 
49260 
48140 
47740 
48640 
47340 
47450 
47850 
47770 
49720 
48060 
50310 
48680 
49230 
49480 
50060 
47730 
48770 
48500 
49070 
47990 
47980 
47860 
48750 
47900 
48730 
49640 
47470 
48590 
48130 
48000 
49910 
48830 
51840 
47530 
50380 
49720 
49730 
48920 
47950 
50400 
48890 
49020 
48380 
47480 
51110 
49240 
47680 
48010 
47830 
51810 
52210 
48800 
48120 
52030 
47990 
52610 
48770 
47100 
47090 
47330 
50020 
50100 
49180 
46860 
47510 
54400 
48800 
49890 
47170 
48270 
50940 
48740 
46320 
47850 
48350 
51600 
49380 
48170 
48210 
46960 
48870 
49190 
48690 
45960 
47430 
47470 
48380 
48670 
47820 
47620 
47990 
58660 
54620 
48960 
46980 
48900 
49350 
48630 
48290 
46010 
46940 
50450 
48480 
48760 
48060 
47570 
48320 
48940 
47570 
49180 
45990 
47650 
49180 
49630 
48000 
46910 
46270 
50130 
49580 
52050 
50360 
48260 
51050 
50090 
46490 
48370 
51470 
51540 
48520 
46630 
50520 
52500 
48990 
50880 
50390 
47420 
51280 
30640 
53600 
49220 
50410 
48830 
48160 
48430 
47940 
48770 
49530 
47730 
48850 
47650 
48320 
49020 
48420 
50000 
49910 
47970 
48660 
47420 
48190 
50320 
48250 
49510 
50250 
48680 
48370 
49730 
47440 
46780 
48150 
48040 
49740 
47470 
47870 
46930 
52760 
52830 
51060 
48730 
46830 
49510 
51290 
46780 
49080 
50570 
50420 
48920 
49880 
51110 
49400 
47330 
49900 
48650 
46770 
48740 
50430 
50540 
49550 
49270 
47960 
47280 
53160 
50720 
46790 
48830 
48300 
49180 
48320 
46340 
48830 
48100 
50160 
48860 
49500 
48360 
47700 
46790 
48140 
48630 
47830 
47600 
47640 
49070 
48510 
46570 
47100 
47720 
49810 
49940 
49470 
47730 
49990 
49870 
47620 
48560 
49750 
47850 
49010 
47570 
47990 
48360 
47260 
47370 
46470 
49890 
51660 
48990 
49320 
48930 
49660 
48780 
49230 
48280 
50440 
53260 
49790 
49040 
48100 
49260 
49230 
48480 
48970 
47150 
46670 
49610 
49110 
48910 
47850 
46360 
48220 
47800 
48690 
46030 
49030 
51030 
49130 
49020 
47580 
48000 
50180 
46800 
48700 
49100 
47100 
48440 
46770 
47320 
48520 
47660 
49180 
48730 
47910 
49120 
46630 
49960 
47970 
48810 
48930 
48560 
49400 
48800 
50630 
48860 
48080 
48350 
47630 
49810 
48280 
48190 
48030 
49230 
49250 
48730 
47220 
48880 
48260 
49670 
48580 
47590 
49560 
48380 
50650 
49180 
47560 
47260 
46740 
48310 
47440 
47490 
47010 
46570 
50010 
50110 
50810 
47440 
47830 
53610 
49020 
47010 
46830 
50030 
49230 
47910 
47040 
46860 
45400 
50680 
50790 
48970 
48840 
47180 
47570 
49740 
47770 
50460 
50390 
49270 
49440 
48400 
47810 
48560 
47850 
50140 
48330 
50580 
47850 
49330 
48860 
47980 
47640 
47040 
46740 
46670 
49500 
51230 
49460 
47190 
47160 
49350 
49960 
45830 
47540 
47380 
51520 
47960 
46790 
48810 
47130 
48250 
50230 
50050 
47500 
45550 
47520 
50170 
47790 
48040 
46410 
47280 
50890 
49260 
47810 
47330 
46130 
51510 
48970 
48940 
46880 
47430 
50590 
50440 
48590 
46480 
46210 
49190 
48080 
47760 
46650 
47570 
49510 
48260 
49230 
48300 
47190 
46850 
52900 
49410 
49440 
47010 
48740 
49070 
47270 
48810 
47230 
49380 
49750 
47490 
52040 
47260 
47830 
52470 
51060 
49130 
48250 
48860 
48650 
50100 
50030 
47690 
49330 
49120 
48650 
49300 
48490 
49040 
50160 
49510 
50420 
46960 
48020 
46750 
49020 
49340 
48480 
48400 
46700 
49030 
49990 
46610 
48220 
45890 
48280 
48610 
47650 
48850 
49250 
48870 
49450 
47840 
49490 
51060 
48060 
48050 
47000 
47250 
49830 
46540 
51370 
48270 
50800 
52380 
48600 
48290 
49110 
47610 
47730 
46660 
49630 
48760 
49460 
48370 
47330 
48760 
47870 
49060 
49900 
47840 
49290 
49580 
47790 
52960 
46710 
48780 
49560 
48890 
47200 
47480 
47750 
48360 
48720 
47150 
46970 
46610 
48000 
48430 
50590 
47890 
48490 
47860 
50730 
51240 
50500 
49150 
46990 
49820 
48250 
49000 
49240 
49360 
49780 
48650 
46510 
48320 
46980 
50690 
48350 
50830 
48270 
47880 
49090 
50300 
48810 
48620 
52770 
49000 
54430 
49040 
50000 
46260 
48230 
49810 
47650 
50200 
47700 
48250 
49720 
47860 
46640 
46770 
47930 
49810 
48770 
47780 
46250 
48670 
49600 
49930 
46660 
48120 
47110 
49430 
49340 
49650 
49490 
46450 
47550 
49980 
48840 
48510 
50090 
48010 
48140 
48180 
47030 
46870 
47590 
47330 
50090 
46970 
48110 
47880 
47680 
50890 
49220 
48490 
46770 
49490 
50610 
48920 
48230 
46910 
47040 
50480 
49440 
49250 
46400 
47170 
48320 
47060 
47540 
46430 
47110 
49810 
47710 
48700 
49490 
47240 
48440 
47580 
47200 
46250 
50290 
47090 
49820 
48650 
48010 
50640 
49220 
48850 
51800 
47770 
47150 
47590 
47790 
49400 
49010 
47130 
48170 
50350 
48330 
47410 
48380 
50140 
49290 
49080 
51130 
49850 
49020 
48750 
49700 
48740 
47980 
46550 
48800 
49680 
49220 
45230 
49530 
51650 
50570 
51550 
48560 
48110 
46210 
49530 
51180 
48900 
48140 
46550 
48520 
48630 
54320 
50990 
48130 
48030 
49130 
47180 
48840 
49190 
47230 
52430 
48890 
52740 
47330 
47430 
49220 
48420 
47430 
48090 
46900 
50120 
51570 
49390 
47500 
47600 
47240 
49910 
48450 
47790 
46690 
52350 
49110 
52790 
48950 
47790 
48970 
48090 
48660 
48060 
46690 
48480 
48880 
48670 
51530 
47710 
48480 
50050 
48090 
47040 
46300 
49100 
49270 
51210 
50470 
46750 
48890 
50620 
51020 
48290 
47810 
51270 
49190 
50420 
49540 
46510 
48340 
46970 
49430 
53260 
50960 
48280 
49900 
50550 
50010 
49650 
48860 
49230 
50740 
48470 
47720 
51950 
49860 
49010 
47950 
48930 
51800 
48550 
48190 
47400 
47600 
48360 
51220 
47500 
49670 
47610 
49400 
50660 
48840 
48390 
49820 
48290 
48230 
53130 
48530 
48550 
50020 
47690 
52420 
46300 
49870 
50140 
49920 
47730 
48620 
51060 
48260 
48510 
47490 
46510 
49430 
48130 
48830 
48150 
48370 
49360 
49310 
47830 
48210 
46020 
49450 
49650 
52990 
48730 
48190 
44630 
49050 
46700 
47460 
47320 
46740 
49050 
48510 
47430 
45130 
47220 
49830 
49380 
48930 
45930 
47930 
49490 
48310 
50340 
49060 
48620 
47360 
48550 
50140 
48020 
46880 
48490 
52760 
50230 
47010 
47570 
49130 
49650 
47770 
48150 
46660 
48600 
48870 
50160 
46670 
46770 
48690 
49490 
48210 
48980 
47960 
47600 
48740 
51860 
49240 
48060 
47360 
47640 
49060 
48970 
47480 
47690 
46280 
49510 
48880 
48570 
47880 
46950 
49300 
48070 
46340 
49830 
48420 
49040 
50800 
48520 
48200 
47220 
49180 
51290 
62700 
53770 
46400 
47900 
49570 
48880 
48200 
48160 
49230 
50240 
48950 
46530 
48580 
46760 
51640 
47390 
47290 
46550 
47160 
49350 
50010 
48720 
48050 
51420 
49350 
49590 
50490 
48700 
47370 
46020 
48280 
47970 
47640 
47160 
48160 
49300 
48120 
48000 
47430 
49170 
49790 
49010 
48740 
46650 
51030 
48260 
48500 
47530 
65230 
51150 
48830 
48420 
48580 
47720 
51040 
48740 
49760 
49420 
49390 
57080 
49200 
48640 
49140 
48490 
49480 
51550 
49760 
50140 
48850 
49940 
51450 
50750 
49980 
50550 
49070 
46310 
50410 
50730 
48010 
48430 
46290 
50650 
50970 
48420 
47550 
46060 
48920 
51950 
48440 
49520 
46510 
48610 
48560 
46590 
50870 
49620 
49480 
49560 
48740 
49270 
48630 
48590 
48310 
48270 
47950 
48260 
51070 
48790 
51200 
49850 
47980 
48650 
48320 
49010 
53200 
49480 
46790 
46850 
48710 
47850 
49290 
48400 
46410 
49080 
49900 
47850 
47060 
46390 
47850 
48350 
48650 
47930 
46910 
45270 
51640 
49320 
49280 
46490 
47450 
49260 
50120 
49210 
49620 
47900 
49510 
50310 
48100 
51530 
47890 
47560 
49050 
47290 
47510 
45150 
51380 
49240 
47700 
46660 
45630 
47990 
52430 
49700 
48460 
47240 
47160 
49960 
48880 
46710 
50700 
50790 
51010 
48420 
48210 
50380 
49650 
48130 
53760 
46600 
46400 
47810 
48880 
48970 
47420 
47340 
50910 
48490 
49790 
49620 
47580 
48710 
47640 
48930 
48030 
47570 
47510 
48080 
49520 
49100 
47270 
48130 
47910 
50080 
48860 
46410 
47730 
47600 
49880 
48340 
47690 
46230 
47590 
47410 
50460 
49710 
49940 
47040 
47140 
48300 
47900 
51640 
47520 
48900 
48900 
49460 
47690 
47580 
48640 
49340 
47800 
47270 
45980 
47130 
47410 
49100 
48460 
52190 
49800 
46700 
48900 
49570 
48300 
48240 
47470 
48320 
49810 
46750 
49400 
48010 
48220 
48120 
47950 
56090 
49040 
48750 
49860 
49270 
48990 
47220 
48700 
47870 
48750 
48540 
46860 
47130 
49980 
49960 
51050 
48240 
55210 
51620 
48130 
50390 
46920 
46120 
48740 
47980 
47560 
47510 
47520 
48830 
47470 
47830 
46340 
45170 
49090 
52840 
49180 
49960 
47250 
49900 
49550 
49870 
49710 
46680 
48010 
48640 
48400 
49560 
47760 
47590 
49450 
48020 
48060 
46330 
47350 
48600 
48070 
48100 
47040 
48200 
47680 
48750 
48650 
50770 
48550 
48370 
50400 
49090 
46760 
50680 
46750 
49270 
51120 
48290 
47860 
47080 
50420 
48140 
47710 
47610 
48030 
49010 
48400 
47450 
46590 
51970 
48270 
49580 
48440 
49040 
45980 
48150 
50260 
50710 
48800 
46870 
47280 
51440 
51060 
48170 
47640 
48050 
49830 
49370 
46760 
53440 
53280 
53950 
51420 
48640 
47920 
49210 
49150 
50570 
52420 
49070 
48110 
48520 
65640 
53610 
48520 
46610 
50250 
50420 
49620 
48430 
47570 
48920 
49840 
47620 
48760 
47010 
46220 
47660 
52540 
49260 
47990 
48980 
49420 
50170 
51230 
48610 
50100 
45930 
49730 
48980 
51470 
49240 
48760 
49390 
49140 
50910 
48040 
47580 
53100 
48360 
47470 
49410 
48460 
49890 
51800 
47380 
47420 
45730 
49710 
47560 
48290 
49780 
47720 
48010 
49480 
49220 
52450 
49570 
48600 
48510 
47830 
48560 
46710 
49620 
48200 
48790 
48800 
45450 
47160 
52510 
48860 
49620 
46400 
47520 
48210 
48260 
50070 
46910 
47610 
46840 
49330 
51880 
48900 
47910 
47410 
47600 
49770 
47370 
48150 
47910 
48250 
52200 
48540 
48310 
47520 
48610 
48430 
48680 
48770 
47700 
48060 
52530 
50050 
48030 
47330 
47140 
49170 
49940 
48790 
48060 
47230 
49180 
48730 
46700 
47380 
46410 
48940 
49380 
47860 
46590 
47860 
50360 
49650 
48500 
47120 
46830 
49740 
48320 
50650 
47790 
47920 
48350 
51750 
50170 
50940 
46080 
48770 
48270 
49820 
47790 
48660 
47170 
48120 
47280 
47650 
46650 
46380 
47570 
48590 
48040 
46670 
47530 
48030 
49200 
47540 
47550 
48090 
50500 
50770 
48390 
48330 
49080 
48460 
50500 
48670 
47050 
48210 
46430 
50550 
50670 
47750 
46330 
48350 
48140 
48720 
47470 
49560 
47870 
47970 
47690 
46960 
48490 
49650 
46970 
49150 
47980 
46600 
47620 
46910 
49240 
48120 
48640 
49830 
48980 
49530 
48910 
48470 
47570 
47320 
50130 
48450 
47290 
47600 
51940 
51460 
47850 
50320 
47810 
47370 
47590 
50850 
50370 
48250 
45430 
46130 
49580 
50000 
47850 
46440 
47410 
48790 
47500 
47730 
46170 
47220 
49400 
48920 
50130 
46680 
47020 
47820 
50060 
52410 
50570 
49830 
47060 
50750 
46620 
46630 
47670 
47770 
49040 
48870 
46550 
46270 
60000 
54370 
50030 
46720 
46800 
48610 
48180 
49920 
46460 
48910 
47890 
48540 
48590 
48970 
46960 
48910 
47330 
48490 
48730 
47590 
48040 
47230 
48850 
48420 
47900 
47760 
47510 
48890 
48310 
47890 
45900 
46940 
49140 
48610 
48340 
48220 
47520 
48120 
48410 
49380 
47100 
47790 
47030 
48450 
47890 
46830 
47720 
47670 
51570 
48420 
48330 
48380 
48150 
48820 
49920 
47940 
47820 
49020 
52480 
50520 
50790 
49370 
47710 
49360 
51710 
48540 
48530 
47370 
46180 
50830 
47960 
48720 
46830 
46570 
48490 
47740 
48950 
54500 
48560 
50190 
47840 
54340 
48050 
51020 
47820 
47300 
48900 
47560 
50210 
50280 
50100 
48460 
47020 
46560 
52850 
50530 
49700 
48220 
47960 
46560 
48600 
49240 
46330 
47800 
48700 
49420 
48580 
50160 
48930 
49690 
48660 
50650 
49430 
46740 
49930 
47690 
47430 
48020 
46660 
51900 
48950 
49180 
48670 
45970 
47860 
47980 
50380 
47660 
47340 
47730 
47420 
49840 
50780 
50330 
48330 
47110 
48820 
48970 
49680 
60220 
50890 
48750 
46890 
48280 
46720 
47920 
49460 
49660 
48260 
49620 
47830 
48340 
49190 
47510 
46900 
46810 
47930 
50000 
52100 
50290 
46260 
48730 
50110 
50150 
50490 
48390 
47050 
48840 
46830 
48800 
49860 
48460 
47800 
48480 
48400 
47580 
49070 
47200 
48230 
52850 
48810 
48130 
48330 
49030 
50760 
48560 
46610 
48380 
49920 
49830 
47490 
46290 
47160 
48620 
49460 
48400 
46570 
47880 
48590 
51130 
49730 
45640 
48460 
47190 
50680 
52380 
48720 
47670 
46460 
50670 
47580 
48060 
48360 
48220 
51120 
49860 
47840 
47980 
46880 
48870 
47180 
48500 
48710 
46960 
48320 
48270 
47700 
48680 
46570 
46620 
49140 
50020 
47910 
47080 
48640 
49230 
49230 
49360 
48280 
47460 
51130 
49090 
47420 
48580 
47360 
48510 
47860 
48920 
45800 
51310 
50770 
49900 
49910 
46140 
49970 
48810 
50730 
50300 
51210 
50100 
50310 
47580 
49840 
51100 
46810 
52990 
49350 
49350 
47610 
48650 
49760 
50350 
49290 
48880 
48210 
47980 
51740 
51450 
48120 
48860 
46770 
49420 
52620 
53140 
48680 
49980 
47560 
52360 
48970 
48170 
51390 
48170 
49920 
49210 
47650 
47280 
46420 
48100 
49700 
48070 
47840 
45380 
47840 
49600 
49390 
47080 
46900 
55430 
51310 
47960 
47590 
46730 
47200 
52540 
51600 
50880 
47770 
47360 
48430 
48920 
46150 
47230 
46520 
48430 
49260 
48830 
46420 
52340 
47380 
51020 
48100 
48280 
47090 
49300 
48970 
49150 
48150 
48460 
48350 
50120 
48460 
48450 
47820 
47620 
49920 
50310 
46200 
47070 
46510 
49170 
48100 
50360 
48720 
47450 
47610 
48790 
49440 
48040 
50860 
51360 
50970 
49180 
48400 
49770 
47290 
49230 
49790 
48370 
49670 
48560 
49910 
68770 
53100 
48250 
49770 
48050 
48730 
49240 
47270 
47820 
47330 
48020 
50420 
46820 
48210 
48180 
52130 
50580 
46360 
47900 
47250 
48310 
49930 
46960 
48340 
48600 
48270 
47780 
48410 
51550 
48970 
49010 
49770 
48420 
46680 
48040 
