103650 
58340 
71540 
69610 
63110 
47090 
63270 
70840 
64220 
45860 
44680 
74490 
68320 
77280 
47320 
72680 
63930 
45780 
47120 
46930 
25070 
26190 
47380 
49640 
48940 
44750 
50520 
47830 
48510 
26230 
25610 
24290 
48280 
48700 
43260 
46740 
47950 
44430 
46600 
43150 
27660 
49080 
25150 
45090 
47320 
47760 
48920 
24970 
26250 
48190 
48180 
42830 
44500 
39870 
46530 
49840 
27150 
25340 
26180 
49590 
43900 
43480 
42800 
49930 
44660 
46540 
25820 
25530 
49500 
23320 
45140 
48670 
49290 
48220 
25110 
25370 
46970 
49330 
42330 
43530 
43400 
46940 
48120 
26920 
25260 
24470 
48210 
26250 
47140 
50560 
56210 
48100 
45070 
24880 
44250 
49530 
24090 
48150 
47960 
50230 
47980 
25270 
26120 
45250 
48650 
42450 
41870 
42550 
48030 
61110 
48550 
45800 
26260 
51810 
25720 
44750 
42900 
50490 
45770 
47200 
24760 
43980 
49430 
53650 
45250 
46770 
48950 
47470 
25340 
25730 
45800 
48060 
42610 
46260 
43860 
47200 
47090 
26050 
24400 
23560 
49280 
40870 
45780 
42820 
49420 
44560 
46890 
26090 
44890 
49350 
23480 
47620 
40830 
49940 
47820 
24980 
25810 
45460 
49740 
43550 
46310 
44660 
50530 
48970 
26500 
24730 
24380 
49760 
24790 
43130 
42160 
51210 
46200 
47020 
24840 
43240 
48850 
24040 
42160 
48910 
50010 
49370 
25990 
26600 
47040 
50770 
25030 
46190 
45070 
50180 
48000 
45160 
26560 
24800 
49070 
41780 
43620 
44080 
50740 
48920 
48000 
25660 
44370 
49820 
23840 
45470 
47810 
50040 
49630 
25970 
24920 
46680 
53180 
43620 
46050 
45010 
48360 
48030 
47020 
25490 
24690 
48280 
42620 
42960 
41610 
55980 
47370 
46460 
25370 
48380 
48170 
51790 
45920 
48050 
48850 
48180 
25240 
47020 
47280 
50570 
43350 
45740 
41620 
48130 
47430 
26870 
25350 
25070 
51020 
40960 
44590 
41170 
50020 
45100 
45180 
26720 
26240 
49260 
23220 
48040 
49300 
51730 
50100 
25080 
46400 
45620 
48940 
43080 
45570 
46760 
50320 
49920 
55390 
26080 
25170 
49210 
41490 
45180 
42840 
49890 
46810 
46110 
25260 
50430 
48180 
24070 
45540 
48650 
54340 
56060 
27350 
26350 
48170 
50370 
24800 
46450 
44610 
47710 
46110 
26960 
25740 
24650 
50110 
42160 
45850 
41160 
49760 
46820 
46560 
24370 
45150 
50210 
53350 
51320 
58100 
57350 
59610 
26750 
26200 
47160 
49360 
43690 
45400 
44220 
47900 
48140 
45070 
25150 
47490 
60570 
43790 
44800 
41330 
50630 
44940 
46360 
25460 
43480 
50190 
23510 
47540 
47680 
49970 
50110 
25600 
25660 
49080 
49790 
43050 
47000 
44820 
50360 
48710 
26810 
25830 
47900 
56900 
26220 
43730 
42380 
50530 
47800 
46100 
26000 
26410 
48000 
22650 
45960 
47940 
48840 
47190 
25290 
26640 
45280 
48390 
42310 
24910 
43860 
48900 
46730 
26030 
24930 
24120 
50540 
26220 
43980 
42080 
50880 
48630 
46980 
26040 
44720 
49400 
25550 
45610 
49210 
49670 
48020 
25070 
25420 
46780 
48450 
25030 
43750 
43170 
48840 
48760 
27010 
25020 
26190 
48710 
24890 
46650 
42280 
49800 
45380 
46000 
26070 
44050 
48670 
23610 
45850 
48380 
49660 
50730 
26320 
25100 
46590 
49090 
42840 
43350 
43630 
48340 
47420 
26050 
26200 
24430 
49820 
25290 
24450 
42010 
49250 
47620 
45890 
25400 
48940 
49030 
23670 
25140 
48420 
47250 
48270 
24270 
24290 
45370 
53770 
42910 
45120 
43640 
53150 
50540 
44890 
25940 
24910 
49870 
26540 
45260 
42160 
50090 
45860 
46010 
47590 
27510 
48920 
56240 
46950 
25400 
46050 
48310 
24840 
25520 
46200 
47300 
25470 
47390 
24150 
49190 
48570 
27380 
24900 
24940 
48800 
24550 
47160 
43610 
49880 
46200 
47270 
26460 
44030 
48660 
23730 
44690 
40450 
49870 
47110 
24550 
25190 
47470 
49850 
43010 
45130 
43970 
50880 
49190 
26070 
25590 
24680 
51300 
24260 
44440 
42900 
49710 
48040 
49390 
27780 
27810 
49010 
23180 
45380 
47860 
49210 
47200 
24800 
25330 
45610 
53830 
44200 
45150 
41930 
49720 
49780 
45290 
26720 
25500 
64960 
52270 
43690 
41420 
47630 
45660 
47120 
26850 
26270 
49520 
23090 
44950 
49120 
48660 
49680 
28040 
26470 
48250 
50410 
42170 
43440 
43180 
47280 
46980 
26920 
26360 
24610 
49630 
25880 
44590 
44560 
49240 
44920 
46330 
25030 
49560 
48380 
23830 
47320 
47000 
46360 
46970 
26330 
24940 
46380 
49610 
41970 
44690 
42670 
47450 
50950 
27720 
25730 
24310 
49320 
26430 
23920 
42050 
49700 
44620 
47180 
26710 
27380 
49220 
23330 
44930 
48340 
47970 
47950 
24140 
26150 
45980 
48450 
42440 
42650 
23680 
47270 
48750 
26990 
25470 
24760 
53440 
42590 
44040 
42110 
48390 
44540 
46550 
26680 
27120 
48400 
23130 
48390 
49260 
48010 
48970 
25480 
47430 
47190 
49300 
42530 
44720 
42290 
51950 
50510 
27510 
25550 
24820 
49240 
43860 
44440 
41660 
47830 
45530 
47640 
26430 
27160 
52510 
51670 
49620 
47190 
48090 
46740 
25780 
26550 
45750 
49590 
42670 
42720 
39450 
48140 
48820 
26800 
25910 
26590 
48750 
40730 
43740 
41150 
48680 
45050 
46020 
25290 
44050 
47650 
23510 
47760 
47730 
49220 
47000 
26270 
26260 
46340 
50090 
41240 
44720 
43670 
46150 
50300 
27030 
26080 
26730 
49310 
41900 
41800 
41710 
48470 
43250 
48670 
25650 
42800 
47440 
23860 
44830 
46970 
47840 
48120 
24330 
26270 
46550 
48590 
41620 
43900 
40070 
53930 
49260 
26040 
24880 
24090 
48470 
41170 
44230 
40410 
47610 
43170 
46100 
25960 
42890 
49940 
23240 
45650 
47240 
47320 
49130 
25220 
44800 
46690 
48880 
40910 
43850 
42320 
47550 
49130 
26180 
44600 
25660 
48230 
43850 
44720 
41870 
48140 
44570 
45240 
25810 
46590 
47200 
47230 
46390 
40790 
49490 
49770 
27140 
45520 
45170 
49070 
42150 
45450 
42800 
48850 
46570 
26650 
47650 
24720 
54060 
41630 
43450 
42940 
49600 
49050 
47530 
25550 
26980 
54560 
54180 
50690 
52610 
50580 
47960 
26400 
28070 
48080 
50950 
42340 
43040 
42180 
53070 
48690 
25810 
25800 
25960 
49110 
42520 
42780 
43050 
49420 
44030 
46420 
26380 
44830 
49110 
23400 
45420 
48030 
47800 
48460 
25090 
24410 
47870 
48540 
42740 
44640 
44640 
47610 
48260 
27670 
25640 
24070 
49470 
40780 
43280 
42430 
49560 
43820 
47170 
47820 
44280 
49670 
23280 
42430 
47860 
48770 
48240 
24820 
25670 
45400 
48830 
42040 
46460 
43260 
47810 
49290 
26550 
25910 
25970 
50880 
42140 
43290 
42150 
47750 
43240 
45490 
24550 
43550 
47680 
52470 
43940 
46520 
47150 
47660 
24620 
26330 
46060 
48210 
42420 
43260 
43780 
46570 
49240 
25370 
26420 
24140 
49770 
45220 
44640 
41820 
48300 
44690 
46010 
25710 
44220 
49110 
23310 
44820 
47770 
49500 
49770 
24900 
25920 
47180 
51640 
42850 
42730 
42050 
48490 
48650 
27510 
44250 
25860 
50850 
26290 
44320 
43250 
48700 
45970 
47120 
26340 
25900 
50070 
39950 
43260 
41590 
49340 
49210 
25790 
25600 
46690 
50830 
42000 
44150 
43090 
47470 
48270 
26620 
25940 
25250 
52170 
43640 
42660 
42390 
49770 
46810 
48610 
25640 
45660 
49460 
52360 
47020 
48950 
52380 
49200 
26490 
25950 
46700 
49950 
41710 
44720 
44020 
48780 
48600 
26940 
25630 
25210 
50440 
41930 
42270 
41950 
49060 
44190 
46330 
25610 
43220 
51190 
24240 
45290 
47970 
49290 
50010 
26500 
44220 
46200 
50910 
41910 
42590 
41500 
50480 
50140 
25530 
25410 
24740 
47800 
49150 
49500 
48370 
56200 
50830 
48290 
26020 
43310 
48420 
23350 
47180 
50370 
46940 
46720 
25780 
26400 
45990 
49120 
42780 
45510 
42330 
63370 
55130 
46670 
26460 
25230 
49490 
42560 
43620 
42200 
49710 
47220 
49040 
25520 
27380 
50200 
50630 
45090 
48270 
50940 
49560 
25890 
25580 
48490 
48590 
42420 
42220 
43280 
48200 
48750 
27120 
25680 
24610 
49630 
41240 
43660 
40960 
48870 
48680 
48090 
26470 
44840 
49130 
53560 
45370 
48460 
50090 
48900 
25350 
25900 
45090 
49560 
41010 
43800 
42940 
47040 
48860 
26740 
26080 
25610 
50450 
24610 
42680 
42500 
49490 
45960 
47900 
26010 
44710 
50510 
24320 
46720 
49220 
49660 
50380 
27070 
26880 
46520 
49530 
41980 
44000 
42880 
48550 
48820 
26210 
25330 
24720 
49800 
41180 
41410 
42670 
51550 
47900 
47660 
24900 
44610 
48750 
52520 
47760 
47890 
49790 
49740 
25380 
26430 
46190 
50790 
42980 
43050 
44630 
49430 
49110 
26700 
25920 
25150 
50750 
40060 
44740 
42790 
49630 
46800 
47200 
51570 
44280 
49400 
65320 
49730 
53270 
50660 
48980 
25520 
24930 
46860 
48450 
42640 
43750 
42090 
48490 
48280 
45880 
27060 
26010 
49010 
41950 
43680 
43140 
50740 
45420 
47100 
44530 
45670 
49340 
54020 
45520 
46230 
49680 
48320 
23870 
25360 
47160 
49000 
42160 
44890 
41580 
47830 
48640 
26900 
26600 
26180 
51700 
42880 
45120 
42650 
49450 
45540 
47550 
25780 
44220 
51280 
51690 
44850 
49230 
50210 
47400 
24990 
25340 
51950 
52580 
41600 
44190 
44130 
49890 
49200 
28210 
26410 
24990 
51220 
41150 
45550 
41950 
51820 
46310 
46690 
26830 
27280 
50610 
52510 
46580 
47140 
50580 
49260 
26560 
26620 
46490 
50520 
42410 
44220 
43200 
51120 
48180 
26960 
25280 
26170 
51010 
42270 
44620 
41970 
50310 
44720 
45710 
26470 
43940 
49560 
53070 
48510 
46240 
49770 
48180 
25150 
48780 
47990 
49020 
42330 
44180 
43900 
49240 
50650 
25840 
26290 
25400 
49920 
41800 
42680 
41560 
49780 
45370 
45930 
25490 
44020 
49220 
52120 
44620 
49620 
51070 
51090 
25040 
25130 
47180 
50320 
43640 
44830 
52460 
58450 
52590 
51550 
26520 
26970 
50840 
43690 
49970 
42670 
50800 
47360 
46610 
26290 
45180 
50950 
54190 
45990 
45980 
48930 
50170 
26210 
25900 
46130 
50680 
42400 
41890 
42360 
49180 
51730 
27530 
25500 
25790 
49860 
42170 
44890 
43020 
49270 
46190 
45410 
26580 
43200 
50000 
23500 
46180 
46740 
50710 
48700 
26210 
47560 
47190 
50570 
42550 
44640 
43000 
48790 
48270 
26880 
26120 
25440 
46980 
26170 
44060 
42680 
50640 
46420 
50310 
25920 
27180 
53970 
52690 
45700 
47720 
49370 
48890 
25490 
26550 
46940 
50540 
42630 
44170 
41270 
50170 
49510 
44820 
25520 
26200 
50380 
41090 
43600 
42140 
48910 
46280 
47190 
26180 
44350 
48870 
52720 
45170 
47560 
49920 
52430 
25050 
26290 
46740 
48410 
43040 
44610 
42810 
51130 
48950 
44010 
24580 
25060 
49040 
42140 
43960 
42220 
49470 
45460 
46230 
26350 
43340 
49980 
53410 
44430 
45920 
51970 
48400 
26220 
25650 
47800 
50020 
42360 
43900 
44270 
49970 
49570 
45190 
25910 
24880 
49410 
41990 
43110 
42320 
49990 
47700 
48680 
25590 
44060 
49210 
51860 
46720 
48360 
50700 
50330 
26070 
45500 
47040 
49590 
39570 
44260 
43250 
49720 
48440 
27170 
44040 
25350 
50120 
44250 
43400 
165910 
58920 
45700 
48690 
26160 
43590 
49650 
51600 
46120 
48050 
50150 
49750 
25040 
46540 
46100 
50750 
41800 
43380 
46050 
50140 
48300 
26810 
25900 
25240 
48570 
42300 
44210 
42180 
49850 
45700 
46770 
26000 
44110 
48960 
24050 
46490 
49010 
48770 
51180 
26330 
42150 
46500 
49040 
42000 
43610 
42320 
47460 
47450 
26720 
25920 
25810 
60300 
48390 
47820 
43160 
50440 
45310 
46160 
43480 
26920 
51660 
23560 
42610 
48490 
48960 
49750 
24510 
47370 
48230 
48290 
42080 
41800 
43320 
48840 
49470 
25480 
26210 
52930 
90500 
67310 
48620 
43130 
49470 
47320 
48130 
46520 
28020 
48940 
52360 
46210 
49180 
50150 
48440 
25980 
26470 
47170 
47690 
42280 
47370 
45070 
48710 
48810 
45260 
25270 
26180 
50670 
26210 
42640 
43040 
50300 
45520 
47400 
25240 
27510 
49650 
24280 
45880 
48230 
47420 
47860 
25500 
25670 
46470 
48850 
42520 
45170 
43270 
48520 
47440 
27300 
25250 
24610 
48940 
41220 
44450 
42550 
48560 
45040 
46010 
26620 
43790 
48870 
41540 
44690 
41340 
48810 
48590 
25440 
25520 
48170 
50070 
43310 
44500 
43600 
48540 
47900 
26640 
26620 
25580 
52600 
45680 
42620 
42250 
48030 
43760 
28730 
27650 
27440 
44730 
100480 
46480 
50250 
50150 
50190 
24830 
43770 
45030 
50840 
40150 
43270 
41620 
48860 
54340 
48370 
48220 
50800 
49800 
44820 
44650 
41560 
48250 
43530 
44140 
43780 
46730 
48480 
22230 
45820 
43670 
53430 
50320 
25080 
46300 
42610 
49670 
40660 
42810 
41960 
48450 
47560 
47320 
44090 
46060 
48870 
40150 
42430 
42660 
47700 
42640 
25720 
41420 
45570 
50310 
24350 
46010 
47620 
47210 
49240 
24860 
43900 
47740 
49570 
41260 
42680 
42340 
47540 
48680 
46340 
43530 
49610 
53270 
42740 
42060 
40560 
49020 
43820 
25490 
41490 
46860 
48590 
23660 
44300 
52870 
51460 
50370 
55550 
45060 
40560 
51070 
25740 
44130 
42410 
48140 
45950 
46150 
43170 
48950 
49290 
40670 
41700 
41140 
46450 
42660 
25500 
43740 
47970 
49070 
24700 
45460 
47370 
47820 
47970 
23860 
42260 
48760 
47660 
40390 
41780 
41550 
50190 
49920 
44990 
42850 
48630 
49920 
41710 
45190 
41760 
48980 
50360 
26550 
43190 
47970 
51990 
23300 
47750 
48310 
49460 
49500 
25160 
48560 
45180 
50850 
41320 
42130 
42800 
50500 
50970 
44780 
42580 
48520 
47650 
45390 
46650 
40730 
47910 
45550 
50200 
46030 
47160 
52080 
24250 
48790 
57640 
56140 
49670 
25170 
45880 
50260 
53380 
41690 
42270 
43300 
48610 
52420 
46470 
44700 
49920 
54990 
43280 
126750 
56930 
61410 
55220 
44420 
51620 
46220 
52150 
53470 
46050 
47510 
51070 
48880 
24410 
43730 
57800 
56650 
43110 
45290 
41410 
49960 
49500 
47290 
44790 
53010 
51680 
41950 
43560 
41370 
49900 
45980 
44780 
43730 
46390 
49990 
43920 
47800 
49610 
50720 
48800 
59160 
45690 
49400 
51400 
42220 
44090 
42790 
49090 
46510 
46750 
44050 
50470 
49440 
42210 
46190 
41840 
50980 
47850 
43800 
41660 
47450 
50520 
68680 
47440 
50660 
46920 
48060 
25140 
26440 
46090 
49740 
41700 
45940 
43850 
49180 
51280 
45920 
46300 
25860 
50800 
42000 
44430 
41580 
49310 
45820 
47710 
25900 
43710 
56360 
41130 
52740 
42490 
55300 
50470 
26880 
47030 
45750 
51550 
42310 
44330 
42200 
49540 
50180 
27520 
25720 
23970 
48550 
40180 
44740 
41270 
49890 
44640 
49840 
27360 
43610 
55110 
52780 
46460 
48970 
51170 
47480 
25550 
26460 
46180 
50460 
42310 
43500 
43190 
48010 
49180 
43650 
26740 
26130 
49960 
26000 
43600 
41660 
48780 
46390 
48250 
27260 
41320 
50820 
24650 
44840 
48510 
49670 
49230 
24950 
50980 
49250 
51420 
42570 
44370 
41350 
47780 
48840 
26590 
25650 
25590 
50710 
40730 
40440 
43600 
49190 
44260 
46900 
26230 
44180 
49960 
53260 
47010 
48210 
50970 
47560 
26590 
26210 
46380 
50060 
41340 
44050 
43850 
49210 
48650 
