114620 
1120180 
77120 
62990 
51140 
48290 
47580 
48250 
48710 
49560 
44130 
41900 
52350 
51100 
42920 
44890 
43640 
48490 
47190 
46510 
23800 
45630 
47170 
52480 
23940 
25450 
47100 
42030 
24700 
25000 
51500 
45090 
22870 
65440 
52900 
50600 
21210 
23270 
55050 
24360 
24260 
71320 
40250 
22250 
51780 
47630 
44080 
21020 
51500 
44350 
33710 
24510 
44770 
60650 
64200 
44300 
44810 
47290 
49090 
24220 
53210 
42000 
41470 
41420 
49760 
50550 
40970 
42570 
42510 
47960 
23820 
46390 
71150 
42310 
22010 
55480 
45940 
54560 
20890 
47910 
46860 
42170 
22640 
52940 
43300 
29500 
25730 
52170 
40930 
22900 
22730 
29490 
86600 
44540 
20710 
52870 
48060 
41350 
21610 
22840 
61050 
51290 
44140 
58810 
48700 
42830 
24810 
22960 
48380 
41530 
21480 
33710 
56010 
50190 
1618980 
64140 
45140 
47600 
21940 
22260 
49070 
24540 
23670 
23050 
72320 
20580 
24550 
53270 
42980 
22700 
20270 
43500 
45930 
24730 
24880 
48160 
45220 
21980 
51330 
47780 
44440 
20920 
48930 
44830 
45520 
23580 
88380 
49060 
46720 
23100 
32190 
54780 
45900 
61130 
45840 
87590 
44360 
48970 
45460 
44990 
44160 
46420 
42700 
22910 
47040 
48570 
39680 
42530 
22710 
51250 
45360 
43410 
24030 
46670 
44340 
45480 
41870 
24090 
22810 
90340 
44440 
47290 
42130 
43320 
53520 
43390 
21150 
48260 
40530 
25130 
51800 
44410 
46280 
42940 
43860 
45720 
24610 
22460 
43130 
47900 
63180 
47420 
42250 
1350440 
48630 
48160 
45450 
44200 
47350 
42530 
46900 
22830 
49580 
38680 
42690 
1164160 
47990 
23170 
23070 
1082980 
24010 
24110 
25970 
41560 
24810 
25660 
49240 
43000 
23910 
21630 
49540 
25280 
21570 
22570 
45150 
24490 
23730 
25010 
66000 
23680 
22330 
1077540 
52080 
23730 
21580 
23110 
48440 
23310 
22790 
21920 
63320 
23970 
24220 
32630 
53330 
23060 
19590 
24580 
49190 
42480 
22100 
21290 
50740 
44630 
23300 
22920 
48790 
42380 
23600 
67030 
48910 
20190 
45890 
48550 
23010 
23640 
22160 
1098290 
24530 
27450 
27140 
24540 
22960 
23980 
23780 
24180 
20860 
24570 
26930 
50090 
39240 
23740 
23610 
53490 
42100 
23430 
70640 
23270 
45170 
26770 
61090 
48780 
43270 
59150 
53030 
51860 
47250 
45910 
23980 
47140 
42850 
46490 
42130 
50130 
46110 
48210 
44430 
42190 
23760 
66790 
45540 
44900 
23760 
23640 
23580 
54340 
22730 
26230 
22660 
48720 
23860 
24570 
23480 
48240 
22130 
33790 
104780 
52030 
23750 
24710 
48210 
50540 
21800 
21980 
1085620 
23070 
48240 
24260 
48170 
22630 
59830 
29760 
50000 
29280 
32760 
26060 
52460 
44810 
43770 
46960 
48280 
45960 
22380 
44490 
46760 
41870 
46420 
45340 
46740 
40760 
43510 
1171050 
47380 
42150 
43300 
1083310 
45420 
23870 
46320 
1085610 
20890 
22500 
47370 
47130 
22400 
43730 
43400 
48260 
44090 
46450 
43210 
44780 
44380 
1572370 
38430 
44080 
40220 
25890 
48600 
49040 
30110 
26610 
50580 
61090 
28250 
23070 
42300 
48410 
24270 
25100 
45410 
63880 
23070 
26250 
1084050 
42700 
20890 
25240 
55110 
46750 
21190 
23190 
26500 
27190 
24290 
24340 
27810 
23030 
25260 
26470 
27350 
24630 
23250 
45010 
26470 
24330 
21620 
41980 
25940 
28090 
22020 
44320 
44450 
21910 
26570 
46980 
47720 
25340 
24660 
48030 
36130 
24230 
24090 
27830 
60490 
28890 
23350 
22960 
25810 
25240 
25500 
24340 
24050 
22970 
24320 
25360 
22170 
50460 
42510 
42740 
24340 
49400 
43830 
44870 
21950 
62760 
45100 
46810 
46040 
22080 
44470 
48200 
33680 
25160 
44400 
47800 
25020 
48080 
44950 
46390 
23900 
25870 
44140 
49020 
56380 
54570 
49800 
24990 
50770 
47230 
60050 
27370 
54620 
57620 
57050 
23170 
54160 
50510 
46420 
21450 
72770 
50340 
51110 
1101080 
67810 
63430 
54220 
51270 
62080 
44190 
48030 
45190 
70010 
45020 
44890 
51870 
42410 
46110 
28700 
47530 
43690 
33710 
52730 
46000 
24020 
46610 
23100 
51400 
49370 
47180 
68560 
25130 
46430 
55970 
24630 
24880 
22870 
46410 
25900 
45120 
32170 
53610 
46730 
51810 
55700 
56830 
45010 
43080 
24980 
48960 
21950 
24860 
23480 
25120 
46490 
45000 
45130 
23630 
49070 
47230 
1085780 
43890 
43450 
25820 
51980 
24150 
43280 
23720 
45140 
24770 
26840 
46220 
42480 
44700 
24150 
46910 
48480 
22840 
41860 
46480 
47080 
42750 
42530 
42160 
47370 
26620 
45430 
27300 
51640 
25660 
60700 
49350 
59380 
56510 
57650 
48140 
48740 
43780 
42370 
43520 
46220 
49200 
43590 
44230 
43810 
44030 
47180 
1082570 
43370 
24370 
24160 
52250 
24770 
39180 
26060 
47040 
26360 
22630 
43670 
27980 
43550 
26790 
25840 
48470 
22630 
40090 
22030 
27700 
21490 
43890 
43910 
24170 
24780 
44200 
42630 
22980 
22990 
48120 
1080370 
24960 
29630 
27090 
55240 
21110 
32650 
26470 
33630 
24690 
26040 
24830 
22900 
22740 
23530 
25530 
23610 
19760 
22350 
47960 
24040 
23100 
22940 
40600 
22720 
24390 
25050 
44940 
26160 
23290 
26020 
64310 
21090 
21970 
25140 
25140 
26770 
22440 
22310 
22510 
21910 
24440 
47110 
46970 
21800 
42930 
49840 
54960 
24010 
41970 
46600 
24220 
32400 
70780 
44140 
21210 
1121740 
64600 
43840 
21250 
45810 
46050 
44280 
23560 
46940 
43290 
42570 
26040 
47020 
46680 
19870 
23930 
49920 
44960 
20670 
21460 
47350 
49740 
20370 
24470 
43760 
1098320 
23920 
77340 
45990 
47240 
49550 
63070 
44500 
46960 
49150 
45850 
50870 
46390 
51620 
46770 
43110 
44020 
52170 
44930 
46070 
43280 
70880 
47260 
48980 
43910 
63180 
45420 
48350 
45410 
52610 
43900 
20490 
48650 
53470 
45560 
20670 
22360 
47970 
27920 
25910 
24290 
46900 
22690 
24430 
24430 
49050 
22500 
24720 
26140 
48760 
21560 
23280 
24110 
51760 
25360 
23990 
22930 
25970 
25780 
25680 
46780 
23730 
22820 
24620 
48760 
25490 
22960 
22960 
1081930 
25900 
24700 
32040 
54770 
24450 
26850 
31360 
52960 
23330 
23000 
26670 
49000 
23220 
21990 
23740 
26930 
23920 
24690 
43920 
25090 
23690 
26440 
44250 
24990 
22140 
24520 
28920 
26600 
25110 
22780 
22930 
27740 
23280 
27950 
22120 
26430 
25620 
62270 
1079990 
24930 
22460 
48350 
27620 
24880 
22210 
44510 
62100 
60170 
44650 
44730 
43740 
42640 
61260 
49780 
46040 
44110 
58470 
48930 
45920 
42650 
43550 
44460 
50270 
47260 
44630 
22080 
46270 
43530 
45790 
22330 
67720 
42400 
44420 
21980 
64190 
41660 
44010 
45640 
46160 
44720 
43700 
44530 
44800 
43760 
44460 
44320 
43520 
43530 
47620 
46370 
44820 
23740 
23420 
46600 
44030 
22210 
22740 
43310 
22330 
44790 
21560 
43530 
55270 
49640 
24780 
63320 
56380 
50620 
49950 
61710 
45720 
44550 
47890 
44490 
47330 
45660 
44770 
43330 
42970 
48820 
46640 
47300 
20750 
22010 
47450 
22960 
21360 
23460 
46280 
44980 
45830 
20890 
49140 
40660 
28400 
23270 
70370 
44910 
22170 
1087670 
59400 
42950 
24110 
42860 
23260 
27110 
46460 
46360 
44180 
21070 
47720 
23350 
30650 
24690 
51990 
23690 
24430 
2629870 
22560 
48310 
19990 
47160 
25930 
51410 
21930 
44480 
22940 
48400 
49900 
45620 
20790 
60630 
47260 
51910 
44430 
45040 
44930 
50340 
44110 
49920 
23610 
65040 
50240 
43800 
25400 
46700 
49940 
24010 
44510 
65500 
47570 
44710 
51800 
49080 
23350 
24800 
44480 
50170 
22380 
44020 
44910 
44920 
62440 
27250 
48480 
46650 
43860 
29610 
61230 
53430 
45390 
20220 
72370 
46050 
25260 
22210 
68130 
42470 
45480 
53570 
45460 
43820 
23940 
50470 
46460 
48410 
43310 
43860 
47150 
45630 
20300 
45870 
42220 
73580 
27510 
53030 
42840 
46710 
22580 
49530 
44530 
44730 
19760 
29740 
46100 
47240 
1108520 
64070 
41430 
24830 
50950 
43890 
58060 
48450 
26710 
1370440 
64380 
30390 
50900 
50920 
23770 
45100 
23710 
46120 
42040 
23420 
24190 
46430 
39900 
41630 
22370 
45460 
45140 
42120 
68290 
46970 
42760 
50390 
40810 
46060 
42630 
49290 
43500 
44600 
44310 
46570 
45270 
32320 
59040 
49790 
44110 
27470 
25590 
50820 
22160 
22790 
45960 
46910 
22560 
22550 
49150 
47900 
58940 
47310 
1100820 
46520 
47140 
59930 
51030 
47630 
45960 
46830 
50950 
45470 
44340 
41060 
47680 
44480 
47220 
46480 
45770 
41520 
47270 
45070 
47090 
41560 
42880 
49810 
48040 
43190 
44290 
45380 
47470 
45800 
46070 
47500 
53690 
44400 
47670 
1089900 
46350 
41700 
43240 
53220 
43940 
43620 
43730 
44790 
45520 
43210 
22920 
45760 
59420 
52400 
51430 
47910 
44460 
57180 
52480 
52810 
43210 
45240 
1087270 
47080 
46640 
45150 
46440 
41950 
42410 
51570 
47570 
44920 
43140 
24360 
49380 
23480 
22320 
22010 
44170 
23310 
23330 
25250 
45210 
21540 
21870 
26150 
23690 
23310 
21770 
47040 
23560 
21110 
22240 
45260 
22830 
24120 
22880 
48470 
20370 
21060 
24580 
44200 
31570 
22340 
23650 
50320 
22880 
30480 
24870 
46280 
30260 
25530 
24080 
46270 
24090 
22910 
26200 
28430 
21400 
23160 
49440 
20630 
26650 
23190 
43530 
19870 
25510 
22420 
44390 
25010 
21110 
24610 
48480 
27570 
21740 
23900 
48880 
25990 
22970 
22500 
44500 
22710 
23810 
27110 
51070 
23630 
21900 
1085400 
23600 
22810 
22410 
22640 
33090 
49330 
23870 
25620 
23670 
30630 
97910 
51230 
22690 
24160 
46720 
48020 
25830 
41500 
55020 
24040 
24870 
24950 
75560 
22890 
24360 
50680 
47050 
23300 
23400 
45760 
47940 
21530 
23370 
47680 
42920 
23480 
24490 
47030 
46540 
20940 
24000 
52860 
51970 
24380 
22500 
49800 
45930 
24730 
24010 
46060 
47770 
25320 
24220 
47390 
61700 
28150 
29590 
53410 
25810 
30660 
30770 
52850 
22950 
24220 
23710 
52770 
22130 
26790 
48330 
49480 
22340 
23410 
1095180 
64920 
21310 
22280 
47620 
47700 
21070 
24040 
47710 
44410 
24140 
25520 
50330 
42950 
21790 
94200 
50990 
22080 
24930 
47720 
49070 
23290 
24460 
50030 
49300 
21910 
26900 
47260 
48090 
23470 
24150 
52140 
63370 
22090 
24850 
1092090 
70960 
27770 
29960 
1092260 
46940 
23180 
48450 
48590 
25780 
20780 
46260 
63970 
23460 
23120 
42570 
48240 
63990 
42820 
44120 
46540 
43740 
45140 
45170 
48590 
46350 
42360 
47500 
48450 
49470 
42510 
42960 
46190 
44560 
45700 
45950 
45190 
44870 
45570 
47010 
63600 
23150 
23620 
1088290 
49240 
25440 
22930 
61830 
52690 
24780 
23120 
44150 
54230 
30720 
26460 
44780 
47370 
23920 
25170 
46860 
43570 
23760 
23780 
44950 
48320 
23210 
23380 
45050 
23950 
25750 
25870 
22610 
21760 
24750 
26500 
23670 
21140 
26870 
24290 
25440 
24030 
26130 
24880 
23530 
25930 
27920 
26420 
63550 
21200 
97500 
48010 
44130 
21980 
44190 
48060 
52210 
21840 
60870 
46730 
44900 
26270 
49480 
55460 
52890 
25020 
48770 
46640 
42300 
24980 
45900 
45880 
22770 
24680 
45160 
41890 
25930 
27420 
24290 
25720 
23710 
24120 
26080 
46350 
23790 
1099800 
44860 
46040 
23730 
30740 
23990 
70650 
23890 
23780 
1100040 
45370 
22220 
24290 
49280 
45930 
21060 
23950 
48520 
24320 
21870 
23680 
50540 
24090 
31610 
26760 
52000 
24070 
24070 
27850 
59540 
22660 
24240 
23520 
48860 
24060 
23740 
23660 
45910 
30440 
24870 
25760 
49230 
48200 
45730 
25390 
24900 
46870 
43880 
23940 
26160 
24400 
23060 
58110 
23240 
27120 
25640 
47940 
47600 
23760 
25350 
49270 
25750 
25240 
24330 
50690 
26510 
25640 
25370 
47530 
26240 
26750 
24160 
45200 
61600 
49090 
48900 
25280 
29150 
44950 
58220 
28790 
26450 
48860 
25630 
24170 
50700 
44980 
44640 
20080 
46870 
48390 
46700 
27920 
22590 
23780 
67220 
25270 
24820 
25120 
69510 
23450 
25200 
47720 
47830 
22780 
25080 
51470 
46800 
23910 
23980 
46890 
23500 
25420 
24780 
47290 
21490 
24920 
25280 
48950 
22160 
23790 
26080 
52750 
30800 
25870 
25120 
54580 
1110270 
24310 
31820 
56650 
22110 
26680 
1089520 
66260 
21300 
23490 
51320 
47130 
21540 
24240 
48910 
51510 
25840 
36490 
59110 
54400 
28060 
28110 
49840 
21870 
22780 
24990 
49570 
24480 
27220 
59500 
46160 
29990 
26280 
46270 
44040 
24920 
26220 
47320 
50820 
23240 
23260 
48630 
25770 
24560 
24400 
1081970 
33950 
28130 
25410 
25880 
25220 
26600 
32330 
27360 
25500 
23390 
25090 
28360 
24060 
25800 
46760 
23540 
30810 
24990 
52250 
24200 
25380 
25660 
23570 
26230 
25230 
24980 
21510 
25920 
24770 
23890 
22530 
25210 
26920 
25690 
22970 
25720 
25330 
28220 
1070960 
24980 
24010 
22490 
27090 
26230 
25300 
45660 
24700 
25690 
25820 
25500 
31910 
27240 
24940 
25130 
24610 
49270 
76510 
25050 
104150 
47750 
45110 
23140 
52790 
50730 
43270 
24100 
48490 
42830 
47100 
45470 
46840 
50000 
43780 
47540 
49110 
46600 
44530 
44910 
45530 
44610 
43350 
47630 
44680 
45560 
48390 
1090050 
44540 
46440 
44770 
48130 
50740 
45020 
43700 
50050 
49140 
42680 
45030 
46260 
43850 
46460 
55070 
58840 
51830 
43880 
46700 
49220 
63150 
48830 
46300 
49270 
45760 
46320 
46940 
46180 
43560 
47470 
1083840 
44800 
41720 
43080 
49710 
48320 
42400 
44170 
45280 
44120 
48160 
46480 
45500 
41920 
44140 
50670 
46840 
22350 
23940 
48560 
46640 
23230 
24840 
50860 
44500 
23760 
1102190 
175780 
20460 
20930 
53320 
46710 
42020 
23450 
207500 
54550 
174030 
21000 
48470 
43560 
33110 
27010 
63250 
61880 
44800 
22090 
48350 
43980 
44890 
22090 
44280 
48260 
46810 
22250 
44320 
41010 
47240 
23710 
47810 
44580 
42370 
26200 
47710 
46050 
41000 
23390 
48190 
44330 
22750 
33120 
54780 
45680 
23910 
25630 
67930 
45320 
22280 
1099060 
47530 
44150 
20320 
45940 
46090 
43220 
24200 
58460 
45200 
45790 
23680 
46000 
58880 
48230 
22270 
57010 
50400 
46680 
23170 
45490 
46240 
45270 
23070 
47210 
46720 
47250 
23810 
46690 
44220 
43260 
25970 
47970 
44610 
23740 
1080540 
44460 
48130 
23140 
45250 
43090 
46270 
24410 
45930 
45210 
46250 
23660 
47940 
44540 
45650 
21240 
45610 
51000 
44200 
25750 
24590 
45870 
29810 
31400 
25580 
60600 
179570 
26120 
30830 
49960 
48610 
21890 
25060 
50090 
25270 
26100 
92880 
47680 
64540 
44450 
24240 
43740 
46670 
24670 
45380 
45470 
43770 
42620 
45170 
45370 
45260 
44920 
44220 
24930 
24850 
24310 
1092010 
24570 
23450 
25150 
47190 
23630 
23660 
22760 
53160 
26260 
23340 
25110 
48830 
24300 
24690 
23890 
56750 
28250 
25790 
63550 
48310 
25730 
31440 
52090 
51310 
24080 
50670 
45000 
25120 
51150 
21040 
42600 
24640 
47670 
23720 
48100 
22760 
50360 
41490 
49410 
23400 
48740 
49080 
49680 
24970 
48110 
42190 
48560 
24470 
54380 
54000 
46450 
29220 
57660 
53590 
51480 
25710 
50240 
41710 
25050 
28100 
74080 
45290 
20580 
47960 
71020 
