83000 
45070 
37690 
39680 
40110 
38850 
37220 
39510 
37720 
42690 
41160 
38150 
36820 
38470 
38600 
38350 
37730 
37240 
37290 
37020 
38110 
40360 
37440 
38750 
37360 
38320 
38810 
37880 
39180 
36640 
38720 
38480 
39100 
36710 
39250 
40050 
40550 
36820 
36580 
37790 
37940 
39350 
37970 
36820 
38020 
37400 
37810 
40940 
37100 
38080 
37290 
37620 
38270 
36250 
38380 
36500 
38430 
38390 
40730 
38040 
37000 
38370 
38560 
37170 
37290 
37120 
38490 
37720 
36700 
37280 
37370 
36430 
38540 
38480 
37580 
36720 
37550 
38670 
39740 
39630 
37330 
35490 
38210 
39290 
38320 
37130 
36290 
38230 
39690 
37130 
37220 
36860 
38250 
37650 
37220 
37800 
36690 
39200 
37300 
37540 
37140 
36180 
39380 
38950 
40170 
37220 
36980 
37280 
37680 
38410 
37040 
35390 
36870 
37860 
37910 
36400 
36970 
37010 
37510 
38370 
37270 
35630 
37440 
41360 
38930 
37970 
37250 
37890 
37310 
40110 
37830 
36930 
38230 
37160 
38290 
36370 
36800 
38160 
36540 
39090 
36590 
36530 
36980 
37000 
38060 
37020 
37990 
36740 
37840 
36470 
37950 
38530 
36270 
37230 
37100 
38010 
37320 
37710 
40050 
41220 
37390 
36350 
36750 
35650 
36760 
37530 
38130 
38150 
37370 
36310 
37820 
38570 
37780 
36930 
38030 
37830 
38430 
38710 
38570 
38940 
37330 
37500 
38120 
39440 
44800 
44900 
40200 
38620 
37120 
39980 
37440 
37510 
37290 
38160 
37520 
37340 
37210 
37360 
37630 
37180 
37070 
37460 
37740 
38680 
37610 
37000 
35990 
38700 
37200 
37010 
37830 
36780 
37410 
37000 
37290 
36870 
36790 
37990 
37120 
36860 
37710 
37310 
38770 
42080 
38190 
37750 
36630 
36590 
38850 
39140 
39010 
37060 
37000 
40480 
38670 
37250 
37630 
36600 
39010 
37760 
36590 
37080 
37180 
38350 
37980 
37920 
37990 
37790 
37050 
38650 
36390 
36090 
38000 
37310 
38490 
38800 
37530 
37220 
36840 
44120 
38690 
36930 
36770 
37320 
38410 
37900 
37360 
36720 
37120 
38130 
36370 
37370 
38060 
37290 
40700 
38300 
37490 
37130 
38570 
38140 
39170 
37220 
37690 
36380 
38770 
38020 
38400 
38200 
36250 
37080 
39900 
37150 
36410 
35780 
37030 
37190 
38360 
37390 
37270 
38360 
37760 
39380 
38010 
37890 
37140 
37710 
37080 
39120 
38150 
38520 
37700 
37500 
37980 
37370 
37180 
36400 
37930 
38860 
38140 
37920 
37810 
38720 
39490 
39800 
38900 
39390 
59280 
41430 
40240 
38020 
39380 
37760 
39070 
38360 
37590 
37580 
37880 
37900 
38000 
35360 
37540 
38890 
38540 
37190 
37120 
38270 
36760 
39050 
39280 
37990 
36890 
36870 
38520 
39270 
36840 
37110 
41080 
38200 
38820 
38060 
37370 
36520 
36900 
37620 
39080 
37570 
37150 
37680 
38090 
36990 
39710 
37230 
37360 
38840 
38560 
37510 
37760 
38960 
38780 
39460 
37610 
38260 
38410 
37880 
37520 
38320 
37300 
37300 
36450 
40130 
39100 
39460 
37980 
37460 
37780 
38670 
36830 
37720 
35100 
38390 
37580 
38050 
37550 
35980 
38330 
37020 
37490 
37070 
36820 
37640 
38750 
37540 
37820 
37130 
37570 
40320 
38680 
37960 
36800 
36810 
38720 
40950 
39840 
50550 
42460 
39800 
37430 
38720 
36710 
36380 
39020 
37420 
38580 
36040 
36460 
38310 
38160 
38100 
38260 
36840 
37580 
37910 
38760 
37350 
37030 
36350 
38910 
36990 
38200 
36680 
36830 
38500 
38910 
38700 
36990 
36450 
37920 
39430 
37430 
36840 
38800 
39080 
38190 
38190 
37270 
37860 
37560 
36650 
37780 
36650 
35790 
36370 
38610 
37740 
36590 
37540 
36840 
40130 
37800 
39580 
39440 
36310 
39380 
38240 
37500 
38050 
37380 
37250 
40040 
38360 
38530 
37800 
39300 
37970 
37510 
37260 
36080 
37280 
36630 
36820 
37080 
37170 
37210 
38920 
38280 
37850 
36900 
37930 
38230 
38090 
37900 
37390 
37330 
38500 
37840 
38510 
36850 
37550 
35560 
37850 
37160 
38530 
39840 
38800 
41710 
39530 
37260 
41200 
36800 
50790 
42980 
39360 
37940 
37650 
38210 
38180 
37200 
35980 
36900 
37200 
38280 
36730 
36630 
35350 
36900 
38900 
37300 
36670 
35770 
36610 
38160 
37380 
35770 
37080 
36590 
39450 
38320 
37870 
37980 
38550 
39200 
36860 
38200 
37050 
36830 
37020 
37750 
38210 
36310 
38080 
37970 
39080 
38270 
37290 
37790 
36370 
38140 
37660 
37400 
37210 
37680 
38470 
37680 
37160 
40360 
36830 
39500 
37820 
36760 
37480 
37150 
36890 
36560 
40280 
37500 
36750 
38830 
38450 
37890 
38280 
37350 
37230 
38520 
39200 
36890 
37660 
37390 
38290 
39790 
38190 
39120 
37680 
37800 
38400 
37930 
37570 
36000 
37770 
37470 
36610 
36610 
39630 
36350 
38360 
40460 
38210 
36450 
37000 
38210 
37940 
37250 
37150 
37440 
40290 
38160 
37280 
46420 
39400 
38950 
37210 
38960 
37850 
36630 
36170 
37100 
38220 
36510 
36970 
36340 
38740 
38610 
36540 
37420 
36750 
38870 
38010 
38360 
38890 
38530 
38540 
38830 
36810 
37860 
38510 
38300 
38090 
36550 
35710 
37040 
36330 
37680 
38280 
37220 
36080 
36600 
38420 
37500 
36630 
37370 
38790 
37920 
38180 
35980 
38130 
40200 
38980 
38020 
37940 
37980 
37640 
37940 
36940 
36970 
35830 
39020 
37310 
38530 
37490 
36540 
37150 
37700 
38350 
38240 
36930 
36520 
36000 
37520 
37600 
38190 
38110 
38000 
37750 
38550 
37090 
36630 
36970 
39650 
36800 
37160 
35610 
36830 
37390 
37530 
38720 
39130 
39340 
37410 
38380 
38230 
36380 
36550 
36580 
37420 
37530 
39080 
37590 
37800 
37940 
38270 
38160 
37200 
36730 
38440 
38160 
36380 
37280 
39530 
36990 
37920 
37850 
38410 
36570 
37660 
38380 
38540 
36470 
38510 
36840 
39420 
37390 
38850 
36670 
35960 
38870 
37990 
37900 
36890 
38000 
38920 
38490 
37730 
36680 
36120 
37410 
36990 
38700 
37430 
37180 
35890 
39190 
38430 
36270 
37330 
36850 
42450 
38750 
39010 
37790 
38080 
37470 
39090 
37800 
36860 
37690 
38060 
40210 
37080 
35780 
37890 
36940 
38780 
37280 
37000 
37520 
38210 
38250 
38440 
38460 
36790 
35730 
38630 
38040 
39030 
38990 
37320 
38960 
37910 
36230 
38350 
38460 
38810 
36190 
36560 
39200 
36700 
40930 
39990 
36940 
38570 
37600 
38480 
38730 
37580 
38880 
37360 
38610 
37780 
38060 
38300 
37220 
38460 
37990 
37440 
38790 
37380 
36300 
39320 
38390 
38020 
36210 
37740 
37440 
36790 
37300 
40230 
37830 
36630 
38590 
39360 
35990 
37730 
38080 
37910 
38730 
37680 
36690 
36840 
37790 
37270 
37010 
37680 
39120 
38730 
38600 
40690 
38530 
36860 
37160 
37870 
40120 
39710 
36800 
35970 
39050 
41620 
42040 
38030 
37020 
38890 
37520 
36260 
38890 
36960 
39090 
37390 
39250 
42500 
40330 
39600 
38450 
39000 
38350 
38840 
38240 
37430 
38110 
40500 
39170 
37780 
39830 
40240 
39880 
37250 
39480 
39370 
37060 
37980 
37720 
37350 
38590 
37630 
38010 
38530 
39870 
40440 
39110 
37310 
36080 
39270 
38100 
38570 
38150 
37170 
39460 
36770 
37460 
38760 
36590 
36340 
37630 
38310 
38300 
37590 
37700 
37110 
39250 
38070 
38610 
36690 
37750 
37560 
36850 
37800 
38750 
37440 
38960 
38490 
38450 
39160 
36690 
36790 
38070 
38440 
36400 
38370 
36990 
39770 
37510 
38360 
37090 
37260 
40070 
37800 
40930 
37200 
38020 
38370 
37350 
38550 
38410 
37140 
37010 
37040 
38540 
38030 
38480 
38410 
37420 
37090 
38740 
37780 
38900 
39110 
39720 
36720 
38000 
37900 
39900 
38500 
38060 
37790 
36900 
38110 
38710 
37370 
36780 
36220 
37730 
38220 
37830 
36260 
38480 
36350 
37340 
38620 
38020 
38840 
37070 
38500 
38090 
37820 
37430 
36630 
38360 
36390 
39220 
36810 
37840 
38530 
39150 
36270 
37590 
36550 
38330 
36920 
36960 
38140 
36540 
37880 
39190 
38450 
38000 
37500 
38480 
38030 
38950 
38230 
38670 
38970 
38210 
37220 
36480 
36880 
37060 
38680 
38820 
37150 
38550 
37300 
38350 
38220 
39710 
37420 
37940 
37710 
37710 
39600 
36490 
37790 
36220 
37040 
38890 
36660 
37160 
40380 
38860 
37320 
36960 
37320 
38680 
38230 
38300 
37230 
38020 
37480 
38320 
39010 
37880 
39410 
36540 
37820 
39200 
37680 
38100 
36690 
37150 
38070 
36960 
41520 
38110 
38670 
38970 
37410 
38260 
38120 
36860 
38670 
37300 
36950 
36370 
38090 
37270 
36480 
39040 
36530 
37360 
37850 
38140 
37590 
36400 
37490 
36650 
38920 
37550 
36800 
39420 
38030 
38870 
37560 
36400 
36190 
36670 
37970 
37440 
38600 
37680 
37650 
38290 
38610 
39380 
36470 
38550 
36900 
38340 
38020 
36370 
37720 
37150 
38880 
38390 
36800 
39650 
36190 
38170 
39110 
36380 
36720 
36710 
38190 
38300 
37550 
37750 
37040 
36740 
36780 
39150 
38910 
36940 
37370 
37490 
39380 
36610 
35720 
37480 
38170 
37120 
37780 
37220 
37920 
41280 
38420 
38370 
36810 
37820 
38960 
38860 
37500 
38150 
37620 
37440 
38800 
39420 
37020 
36660 
38390 
37780 
40240 
36930 
37640 
41230 
38910 
39780 
37550 
36990 
37720 
37470 
37870 
35920 
43510 
41360 
38260 
38120 
37540 
38150 
39060 
36320 
38570 
37340 
37800 
37490 
36430 
36940 
36940 
36390 
37450 
37570 
41310 
39090 
36600 
37800 
35800 
40410 
38040 
38480 
38560 
35330 
40560 
36750 
39780 
38430 
38260 
38280 
39240 
37170 
38820 
36490 
37440 
40860 
37260 
36690 
37300 
37950 
37220 
37900 
38350 
37860 
37950 
39040 
37330 
37410 
37780 
37800 
38430 
36970 
38290 
37180 
37950 
37660 
40070 
38510 
38250 
36170 
36950 
38550 
41230 
36730 
38130 
38050 
39540 
51560 
38850 
37860 
36910 
37990 
39830 
38480 
36840 
37710 
38500 
38370 
38000 
38070 
37030 
36500 
37980 
37110 
36380 
36690 
36680 
37960 
40360 
38410 
37430 
36680 
37730 
37900 
37120 
36720 
36110 
37540 
38010 
37050 
37390 
36400 
39580 
37590 
37210 
37970 
36310 
38090 
37520 
38710 
37190 
37410 
37830 
38420 
41300 
36760 
36630 
36260 
38780 
39460 
37840 
37630 
38010 
37990 
38290 
38000 
36940 
37840 
38870 
38100 
37980 
37670 
37620 
37840 
37660 
37760 
37330 
38910 
38010 
37610 
37910 
36520 
38430 
37730 
39420 
37490 
37110 
38080 
36520 
38560 
38570 
37510 
38020 
36820 
39120 
38930 
36460 
37370 
36900 
39420 
37800 
38270 
37690 
37570 
37180 
37350 
40160 
37370 
37720 
38110 
39500 
38010 
38290 
37310 
37350 
38630 
36460 
38510 
36190 
37350 
38110 
38950 
37390 
37230 
37200 
37710 
37760 
37900 
38350 
39440 
35870 
37760 
38400 
36900 
37710 
37470 
38730 
38020 
37370 
36870 
37120 
38960 
38480 
36660 
37950 
36810 
38960 
39480 
37320 
36320 
37280 
37880 
37140 
38460 
38840 
38720 
36900 
40300 
38440 
36260 
36990 
35820 
38580 
38760 
38370 
38230 
36540 
39600 
37780 
38460 
36790 
37210 
38450 
37040 
37400 
36720 
37070 
38770 
37580 
38480 
37280 
36980 
37220 
37430 
38950 
37050 
36900 
36750 
38160 
37290 
38340 
36940 
46000 
39550 
38550 
36970 
37270 
36870 
38640 
37880 
38020 
37220 
37940 
37250 
38930 
40470 
36980 
38850 
37080 
38160 
38450 
36790 
36990 
37320 
37670 
39760 
38160 
37550 
37540 
39570 
38380 
37320 
38190 
37360 
37510 
38260 
36540 
38580 
37590 
38240 
39760 
39540 
37660 
36290 
36710 
38610 
38350 
37500 
38160 
37700 
38940 
38050 
38070 
43020 
37990 
39890 
37630 
38110 
37980 
35910 
38080 
37850 
38600 
36920 
39590 
38510 
39730 
37930 
36550 
35170 
37500 
38170 
38880 
41890 
38470 
38660 
39100 
38250 
37120 
37840 
37130 
38230 
38920 
37530 
36990 
37690 
37650 
37120 
37940 
36630 
37760 
36800 
38360 
38400 
37290 
36810 
37040 
37590 
37000 
36510 
37020 
38370 
38320 
37400 
39070 
37820 
36970 
39050 
37610 
36820 
37640 
38800 
39310 
37970 
37650 
38600 
37500 
38860 
37790 
37230 
39020 
37030 
38780 
42490 
38760 
38110 
36310 
38100 
38040 
37780 
38160 
37560 
38030 
38340 
37690 
37400 
36890 
37990 
37330 
38060 
37900 
37620 
39240 
38140 
37970 
38440 
36730 
37210 
36650 
37710 
37850 
37070 
36740 
39330 
39010 
38660 
37250 
37240 
37410 
37770 
38710 
37480 
36950 
35790 
38370 
41090 
37850 
37810 
37280 
37430 
39280 
38200 
36760 
40270 
37240 
37410 
37830 
36290 
38170 
38090 
40250 
40530 
85340 
84070 
79050 
77920 
80460 
41740 
37680 
36620 
37640 
36870 
38100 
36230 
37640 
37840 
37350 
38200 
37860 
36520 
37870 
39960 
38100 
36430 
38100 
37320 
37100 
82710 
70720 
38310 
38480 
38930 
38190 
39480 
37750 
36520 
38400 
40770 
37280 
36630 
39860 
37850 
38600 
42910 
38020 
37460 
37870 
37810 
36790 
36030 
36920 
37000 
37720 
37060 
36420 
37070 
35510 
38110 
39340 
36600 
36700 
37510 
39790 
37930 
36950 
37700 
36420 
37460 
38100 
38070 
37660 
36850 
36000 
38110 
37480 
38390 
37740 
36750 
57210 
49080 
39750 
37380 
37200 
39050 
39100 
40120 
37790 
37490 
40070 
38070 
38070 
38070 
37350 
38500 
39620 
37860 
35760 
36380 
37940 
38510 
38470 
36600 
38870 
38070 
38170 
37410 
38680 
36390 
37570 
38340 
38580 
36580 
37740 
36730 
37380 
38620 
36910 
38020 
37390 
39990 
37670 
37220 
37280 
37510 
37410 
38340 
37960 
36460 
38450 
55130 
40690 
37930 
38510 
39120 
37070 
39830 
37650 
37730 
37630 
36490 
38690 
36990 
37550 
37630 
36980 
39880 
37700 
38490 
38200 
36250 
38100 
38770 
38120 
37050 
37180 
37080 
38280 
37950 
38540 
38730 
36870 
39010 
37050 
40550 
38080 
36900 
37590 
36960 
40770 
37260 
36620 
37950 
38430 
39800 
37810 
38820 
37610 
37940 
37970 
38100 
38030 
37670 
38830 
39570 
37730 
39350 
37210 
41400 
38080 
37180 
37460 
36060 
38870 
38180 
38470 
38830 
36190 
37930 
37640 
37320 
36930 
36790 
35820 
38360 
38290 
37370 
36330 
37300 
38390 
40540 
37270 
36580 
36210 
38280 
37050 
38320 
36910 
36880 
38730 
39860 
39100 
37200 
37350 
38050 
38630 
37610 
37850 
37440 
36780 
40150 
39360 
36210 
39260 
39200 
39210 
39370 
37780 
38020 
39960 
39330 
37710 
36430 
37440 
38940 
38880 
39690 
37230 
36820 
36790 
39600 
38200 
38920 
37600 
39710 
38770 
40470 
37510 
37320 
40900 
36650 
40290 
38620 
37140 
35800 
39830 
39440 
38240 
36960 
38090 
39760 
40910 
41220 
38030 
37590 
38150 
40840 
38310 
38620 
37200 
36850 
41410 
39460 
37130 
37310 
36490 
39920 
41850 
38020 
37690 
36710 
37160 
39830 
37310 
37430 
36400 
37280 
40700 
38360 
36810 
37620 
50660 
38060 
36130 
38210 
35870 
38150 
37110 
37630 
38850 
37890 
37480 
36760 
37950 
38710 
37510 
38130 
36060 
36700 
38870 
37140 
37870 
38160 
39730 
38260 
37890 
38630 
37140 
39220 
37480 
37820 
39620 
36850 
38110 
37940 
44680 
39410 
37620 
38570 
38840 
36720 
36890 
37150 
36270 
39180 
36650 
36820 
37260 
36010 
38330 
37400 
36590 
35430 
37810 
36090 
36420 
37990 
36560 
36350 
