97790 
52180 
57000 
56800 
59010 
53480 
47100 
47520 
49260 
50570 
49740 
48290 
48250 
55270 
47140 
45360 
44540 
43850 
47490 
44860 
44430 
44270 
43400 
57430 
52470 
51520 
45950 
42480 
44140 
47040 
46540 
42880 
44210 
42580 
47280 
45730 
44150 
45120 
44670 
45480 
47010 
47270 
45930 
52140 
47970 
48450 
46550 
45400 
45440 
42700 
47730 
46020 
45170 
55350 
52330 
49300 
49000 
43590 
44840 
44310 
44550 
46770 
44280 
43300 
42680 
45170 
46470 
45910 
45370 
45950 
42970 
45850 
46460 
44740 
46260 
43310 
45840 
45860 
45410 
52780 
53080 
48810 
48560 
47620 
62370 
52260 
45260 
46010 
46680 
44860 
44040 
44430 
45330 
48340 
44310 
45630 
45540 
44000 
46560 
47100 
44750 
47140 
42420 
54250 
57100 
49450 
45480 
41620 
46350 
46190 
50100 
44100 
44270 
42290 
50040 
47020 
43910 
46170 
46350 
48200 
46020 
45240 
44030 
44040 
46620 
47110 
47060 
42920 
42280 
54510 
55260 
49020 
44470 
45690 
43060 
50220 
48620 
59190 
51100 
47530 
46590 
51290 
44990 
45320 
44620 
44040 
49610 
45840 
54110 
54580 
49300 
50120 
45280 
43770 
43850 
44150 
47730 
46550 
43960 
56400 
50560 
58380 
57350 
50610 
46850 
48320 
45650 
46740 
46290 
43330 
44490 
43730 
46620 
44350 
46780 
47220 
45170 
44480 
47030 
54560 
52880 
52250 
44230 
48240 
46470 
44490 
61920 
56750 
50610 
49890 
43890 
45150 
47650 
45380 
48020 
47930 
44790 
45490 
43650 
46340 
46370 
46880 
44430 
44810 
45960 
46220 
45520 
47700 
46010 
57910 
54950 
50030 
46980 
44390 
43980 
48490 
49160 
45140 
44730 
44910 
46530 
47990 
45150 
44230 
52440 
45060 
46360 
45920 
43370 
47190 
44460 
45800 
44050 
44160 
47600 
50860 
56070 
55330 
49150 
45430 
44490 
46050 
47720 
46450 
45820 
46350 
57910 
56120 
47530 
46450 
46230 
44540 
46520 
47130 
48210 
44330 
44670 
43350 
47400 
58830 
52870 
46920 
46950 
45720 
48660 
45150 
46210 
45270 
43800 
46320 
43880 
45970 
45470 
43070 
46630 
47280 
44180 
45910 
44100 
46610 
44990 
45950 
45340 
45030 
46340 
46840 
54380 
56580 
50860 
46700 
48590 
45890 
44440 
45670 
46090 
48650 
48810 
45790 
44710 
45210 
45270 
47530 
48300 
43650 
44270 
42860 
48100 
48480 
44170 
45160 
45710 
49790 
47430 
46300 
56580 
51470 
50450 
49690 
49550 
46710 
43790 
44860 
47610 
51590 
47720 
49570 
44090 
47640 
50730 
50070 
43720 
44050 
45830 
45200 
50400 
44830 
52900 
55450 
53250 
49690 
49230 
45830 
46850 
44960 
48500 
53000 
46450 
45640 
46870 
49130 
47810 
46460 
46650 
43700 
49420 
46070 
49400 
49290 
43260 
45550 
46980 
45080 
45150 
44190 
56290 
54540 
48030 
47240 
44380 
44310 
47800 
45350 
46310 
45290 
43450 
46670 
45610 
46740 
44530 
44590 
46220 
45950 
44840 
43150 
46250 
46550 
47380 
50170 
48340 
48720 
47470 
47840 
52540 
56810 
53040 
47940 
46490 
50320 
49340 
46360 
47710 
42870 
48830 
44990 
45120 
47630 
45330 
44990 
46780 
43120 
52100 
49040 
47150 
45910 
54720 
50810 
48290 
48970 
48810 
45930 
45570 
45590 
46160 
51810 
46300 
46530 
46260 
45990 
46500 
45770 
44730 
44820 
47930 
43470 
46880 
44900 
47890 
48580 
43780 
45000 
48470 
46440 
46070 
57270 
50260 
49660 
46140 
44600 
46250 
47780 
48670 
45370 
45160 
45960 
44050 
48850 
47170 
44960 
46130 
44430 
45990 
46650 
44810 
50730 
45640 
46230 
45860 
48220 
50830 
57120 
56370 
49920 
50220 
45870 
48810 
45810 
43120 
44900 
44700 
49070 
47690 
44740 
47010 
49000 
47100 
50550 
43130 
47230 
47430 
43450 
51580 
45620 
46240 
63490 
57570 
48900 
49200 
45000 
49540 
49650 
48050 
50240 
44390 
47470 
46870 
47180 
45840 
45330 
44760 
48200 
47500 
47380 
44620 
44370 
47800 
47650 
45250 
43810 
46250 
58270 
54330 
44580 
43120 
44350 
45270 
48280 
45710 
42980 
44760 
42650 
46650 
45940 
43630 
46190 
42470 
48520 
45680 
43330 
45160 
45750 
47630 
47200 
43760 
45310 
42690 
44920 
49700 
46500 
45030 
44150 
55210 
51330 
50120 
46520 
43620 
42510 
45770 
48530 
46610 
43540 
43470 
45170 
47780 
47420 
44090 
46970 
47290 
46430 
48580 
55050 
52760 
48300 
44820 
48400 
45030 
44190 
47440 
44020 
48660 
46160 
42230 
45460 
45070 
48120 
45320 
42820 
45200 
46220 
48280 
46010 
43970 
45200 
46290 
45630 
46910 
45450 
43740 
45920 
45980 
50790 
57850 
51570 
50230 
47650 
46400 
45240 
45290 
44230 
47190 
45920 
46990 
52460 
42850 
47180 
42950 
46340 
46770 
46240 
47030 
47210 
46570 
47400 
45350 
45300 
55140 
52860 
52850 
48550 
47410 
46110 
43330 
48220 
46060 
45750 
46320 
44950 
44370 
46440 
45900 
44330 
41820 
42890 
48630 
47500 
43990 
45370 
44240 
47340 
48350 
45920 
55840 
51960 
48500 
49310 
46760 
43700 
44490 
43190 
47650 
47080 
45190 
48490 
44130 
46440 
45750 
46660 
46270 
45330 
47070 
52140 
47910 
46750 
44240 
44200 
53820 
53720 
52850 
45440 
44870 
45580 
46410 
48270 
46530 
42140 
46670 
48230 
48020 
46570 
46290 
46380 
47110 
50390 
44130 
45990 
44950 
47520 
49490 
44300 
43700 
44810 
45860 
47220 
48060 
48490 
47950 
44530 
55150 
53990 
47570 
46150 
45220 
50450 
48820 
46680 
46560 
43230 
49980 
48680 
48640 
44500 
47160 
45730 
46670 
46520 
53930 
53010 
48730 
48150 
49130 
43480 
43810 
43490 
47080 
48970 
46720 
43360 
45600 
43250 
48240 
47500 
44220 
47270 
42950 
45470 
49420 
44430 
44100 
43770 
46840 
58600 
49670 
46120 
44190 
43760 
49210 
47440 
54960 
51970 
49040 
48370 
48420 
45500 
46970 
44640 
52800 
49890 
45770 
42710 
45220 
45790 
46560 
45470 
44410 
46000 
49400 
49830 
49780 
46350 
44940 
58300 
56600 
52210 
46240 
43080 
46790 
44260 
48030 
45960 
44700 
47550 
45200 
46820 
46090 
44830 
46990 
44870 
47270 
47930 
44940 
43130 
43620 
44880 
47510 
47240 
44890 
46010 
50930 
56280 
50470 
46600 
44430 
47160 
48750 
47540 
46060 
43740 
44890 
44570 
45970 
47230 
47070 
48190 
47830 
45750 
47310 
43380 
46310 
45870 
47330 
53250 
52290 
46040 
47250 
44230 
49630 
44820 
44140 
47110 
45650 
47600 
63480 
45160 
47070 
45610 
46240 
47110 
45140 
44170 
45080 
45250 
47650 
45300 
45240 
46480 
45680 
47100 
44590 
46860 
45740 
46320 
45730 
46550 
46500 
43900 
46960 
45960 
45590 
47640 
44150 
46160 
48120 
46990 
48070 
42660 
44620 
45100 
44880 
46890 
45280 
55820 
56360 
46750 
52250 
48610 
45840 
47770 
43310 
47500 
49340 
44190 
46930 
44390 
45760 
45810 
45250 
45040 
46680 
45890 
48510 
47570 
47320 
45990 
44850 
48580 
46780 
47150 
45970 
46010 
45010 
48140 
47940 
44260 
68010 
53410 
54220 
53710 
47210 
47670 
44370 
45710 
47350 
48890 
50270 
44890 
44360 
49260 
47460 
45140 
50210 
45680 
47500 
47440 
46900 
45290 
43610 
47440 
47480 
47200 
45380 
45070 
46200 
47530 
47230 
44520 
44520 
45230 
50730 
49120 
43120 
43020 
43270 
47240 
45980 
43160 
54430 
48430 
47780 
47750 
45000 
42950 
49820 
45340 
47440 
46110 
52010 
55950 
45980 
49660 
45900 
43850 
47300 
43620 
46580 
48210 
45310 
42540 
44000 
43470 
49100 
45100 
52940 
46640 
43480 
47100 
45110 
48810 
46360 
44750 
46900 
47470 
45490 
43590 
50940 
44430 
48080 
57180 
62720 
62530 
47480 
46260 
46140 
45080 
44700 
45410 
48040 
52110 
47050 
43770 
44710 
42760 
48130 
45280 
47020 
46590 
53120 
53030 
48210 
48940 
48290 
44570 
46940 
46560 
44870 
49360 
47100 
44330 
48270 
44220 
45070 
45060 
43430 
49830 
47270 
46210 
45410 
45620 
45360 
45930 
46160 
44780 
45290 
43330 
47790 
45140 
43960 
46690 
44640 
44500 
48460 
44250 
46150 
46700 
46000 
45700 
43400 
43400 
45040 
43240 
46320 
45290 
44690 
45290 
44610 
47560 
46110 
55530 
53600 
45980 
49840 
48000 
46700 
43940 
43500 
45960 
46600 
47510 
45280 
44730 
43670 
45330 
47070 
45170 
47690 
45490 
44940 
46030 
45790 
43930 
46380 
43400 
47750 
45760 
44370 
48100 
43290 
47470 
46480 
43430 
48940 
45060 
46750 
45440 
44970 
45030 
44590 
43410 
46960 
45420 
46050 
44200 
45120 
46390 
52220 
46740 
46630 
56200 
53330 
51000 
46360 
43310 
45560 
42660 
47710 
46910 
49420 
46630 
42920 
44840 
48870 
45140 
42480 
43590 
47130 
47280 
47040 
42130 
44040 
42000 
46940 
46720 
44810 
45830 
42790 
46720 
47250 
44590 
45130 
43630 
45970 
49190 
45270 
44890 
43080 
44540 
47360 
45480 
43750 
45010 
44590 
48550 
47750 
49680 
45530 
45010 
47700 
58430 
52970 
47230 
50900 
45680 
48540 
47780 
44560 
45190 
45710 
45760 
48920 
46540 
44660 
44600 
46460 
47070 
44010 
45550 
45090 
50830 
47100 
45490 
46890 
45830 
45670 
46110 
45640 
45540 
44650 
43880 
45200 
48910 
46850 
42870 
45780 
43350 
45570 
44860 
42340 
43920 
44200 
47120 
46280 
44380 
44590 
49180 
51710 
50780 
43240 
43560 
57020 
52690 
52070 
46910 
43080 
46670 
44080 
47700 
46480 
48120 
46920 
45390 
45860 
46530 
44000 
43890 
45630 
44640 
48630 
45320 
44390 
44730 
43430 
44680 
45870 
44050 
46490 
45430 
44820 
45660 
46190 
43340 
44270 
45210 
47650 
49440 
44890 
44510 
44980 
46340 
46970 
45140 
44450 
45490 
44510 
47250 
48110 
45280 
45480 
42680 
55750 
51210 
48800 
46650 
42970 
52270 
46170 
44000 
45030 
42960 
46760 
47430 
45380 
45600 
45600 
44370 
47460 
45790 
45870 
45970 
44550 
44560 
46920 
48170 
45180 
45110 
45050 
46830 
50530 
45790 
45450 
43510 
47650 
47300 
45180 
46640 
42870 
45500 
48350 
44330 
47710 
48360 
46750 
48230 
46830 
46590 
45150 
47820 
48840 
45420 
56030 
53060 
50820 
53860 
48590 
46100 
45300 
50810 
46990 
51440 
52660 
45890 
44370 
48580 
47630 
47400 
49590 
46250 
48160 
49290 
50290 
44640 
46840 
47330 
49700 
47940 
45680 
42680 
43990 
46170 
49280 
46870 
44060 
46550 
44040 
53120 
49390 
46260 
44600 
43660 
51490 
48070 
44510 
45920 
43100 
44940 
47660 
46540 
45590 
45970 
53190 
51370 
49030 
45910 
63280 
49610 
47190 
46150 
45830 
48260 
47670 
47440 
48310 
44890 
43240 
45040 
44980 
46540 
46770 
43740 
45330 
43290 
46460 
56410 
47530 
43180 
44320 
44380 
47950 
44640 
42750 
44610 
43370 
47330 
45370 
45330 
46580 
45180 
48190 
46340 
44480 
43330 
44070 
42690 
47980 
47290 
55200 
53130 
49920 
51250 
55420 
53160 
48660 
46150 
45980 
46350 
45940 
44430 
45740 
46260 
45570 
51240 
48280 
46440 
45690 
45140 
47230 
43120 
46640 
43670 
46710 
47250 
45000 
42780 
44350 
44120 
47090 
46660 
44720 
45470 
45300 
46560 
45900 
46340 
45220 
45030 
47510 
47830 
43910 
43650 
44530 
43020 
45690 
45720 
43790 
46080 
45370 
52020 
47710 
45170 
52410 
53980 
52740 
50570 
44350 
45120 
46770 
43220 
52400 
46980 
49050 
48200 
46190 
51240 
47210 
44300 
46020 
47370 
47090 
51010 
45830 
44160 
45170 
44020 
50530 
46290 
45340 
46010 
45350 
46900 
51880 
47440 
45030 
44050 
45180 
51660 
47000 
44120 
46800 
43220 
47990 
47480 
44810 
48030 
42960 
46680 
49720 
48820 
45790 
42200 
43250 
58800 
52920 
48460 
43970 
41640 
47310 
46010 
44100 
46270 
40490 
46680 
51280 
49280 
46690 
44550 
44840 
48490 
44970 
43900 
43940 
44310 
49940 
45690 
45460 
45770 
43990 
47630 
47490 
46620 
44200 
49650 
45920 
48020 
46090 
43440 
45340 
42490 
48800 
49140 
44220 
46860 
42560 
47570 
51080 
48580 
45680 
45040 
46490 
49750 
45280 
54790 
50010 
44770 
48070 
47100 
43740 
47270 
43420 
47360 
46300 
44260 
44530 
42440 
47170 
46690 
44790 
43720 
44260 
44540 
50340 
47440 
43890 
47340 
44280 
44770 
47430 
44230 
45230 
44470 
45610 
49140 
45310 
47100 
45230 
43980 
47040 
45870 
42860 
47780 
44860 
47480 
46410 
44280 
44330 
43580 
45200 
50110 
46530 
42660 
45550 
56240 
52740 
48810 
46150 
46270 
43530 
47690 
46660 
45000 
46280 
46130 
44720 
49640 
48670 
45070 
47040 
47660 
49170 
47060 
42800 
46580 
44500 
46090 
46520 
56450 
53400 
47020 
46660 
48220 
44570 
44430 
45910 
49050 
49110 
46610 
44310 
53730 
57630 
49930 
49540 
46670 
46440 
43590 
45050 
46920 
44520 
44240 
45120 
56760 
53080 
48260 
56250 
50340 
46710 
45050 
45120 
45670 
44240 
48960 
46040 
46520 
44580 
44470 
45530 
46090 
45610 
45610 
45220 
47030 
45790 
46540 
47250 
45810 
46260 
45530 
46460 
46170 
44200 
44570 
43830 
42920 
47460 
45170 
43580 
45290 
43740 
48060 
51130 
48830 
46720 
46300 
45220 
45920 
46960 
43810 
44410 
43300 
51390 
49060 
42900 
52890 
51730 
49020 
47580 
48540 
44290 
45040 
44080 
47020 
44040 
44190 
45200 
43740 
48800 
47680 
46580 
45740 
44580 
51110 
46910 
44820 
45330 
44770 
46670 
46950 
45070 
45260 
43780 
43330 
48120 
64020 
47900 
46670 
49740 
46510 
47950 
45650 
48130 
46450 
45030 
50340 
47170 
43720 
44840 
43670 
46230 
45850 
46340 
47030 
43540 
52480 
54680 
48420 
45260 
49510 
45400 
46140 
44790 
44610 
43410 
42480 
46240 
46380 
44950 
44600 
43930 
46510 
45850 
44250 
44070 
41160 
46470 
48290 
48590 
44190 
44450 
43330 
46880 
46020 
42470 
42340 
43010 
46660 
46210 
43840 
44690 
44070 
43750 
49780 
43890 
41230 
44890 
45440 
45820 
45830 
44070 
46000 
46410 
46300 
46530 
47380 
55460 
54600 
48820 
52160 
43210 
45950 
43760 
42740 
47830 
45280 
42310 
44180 
43860 
49200 
47480 
45820 
44830 
44240 
46090 
49690 
45400 
47990 
44040 
44300 
47360 
45890 
43280 
45450 
41850 
44470 
45320 
44520 
43710 
44150 
47970 
48130 
43850 
43220 
43540 
42920 
48300 
46070 
43190 
47140 
43350 
46300 
45460 
51460 
46070 
45320 
55930 
50960 
46620 
50400 
45960 
45150 
45290 
44540 
43450 
44730 
48280 
46860 
46950 
45180 
45360 
44230 
45590 
45980 
44060 
42340 
43570 
42420 
48700 
46410 
43660 
48030 
47030 
45780 
46090 
44950 
44590 
44570 
43830 
47000 
44830 
43750 
43240 
40810 
46120 
45630 
45750 
46840 
41650 
45180 
44840 
46760 
48230 
45280 
44510 
47080 
54710 
51360 
48810 
45360 
47910 
45830 
44010 
45610 
44720 
44630 
50980 
46110 
44970 
45140 
48950 
51300 
48590 
45700 
45610 
43590 
46870 
46630 
43680 
44410 
43400 
46140 
47200 
44100 
43670 
41280 
43740 
47660 
46670 
45830 
43840 
42210 
46550 
47170 
45280 
44060 
44030 
45640 
46380 
45320 
43460 
43180 
45830 
47050 
47180 
43470 
46180 
57380 
53290 
49670 
45630 
45600 
43910 
43740 
45350 
43790 
43080 
44550 
45270 
46850 
44740 
44090 
46700 
47640 
49330 
47150 
44650 
46310 
44730 
47550 
46400 
44540 
46200 
44510 
45980 
46380 
43800 
43130 
