131300 
50970 
51230 
47060 
46320 
47240 
45600 
44820 
45550 
45780 
48380 
45880 
45180 
45460 
45500 
46270 
48350 
44270 
44830 
46570 
44510 
46260 
43390 
44440 
44610 
44350 
47060 
44860 
43410 
46960 
45810 
46650 
44450 
44650 
45060 
43280 
47330 
44590 
46900 
45710 
44990 
46720 
45410 
45920 
46560 
44940 
45420 
47990 
47320 
45890 
46270 
46980 
47620 
45170 
44410 
45570 
45210 
46190 
45390 
45680 
43990 
62040 
50840 
45800 
46200 
46630 
45070 
46770 
46170 
43150 
50680 
44670 
45330 
46440 
45870 
45250 
44100 
44620 
45720 
45240 
45380 
45480 
44690 
44660 
46920 
45720 
47510 
44820 
45060 
44810 
44170 
44620 
45310 
46650 
45870 
45510 
45720 
43300 
44380 
46300 
43970 
44340 
43860 
46920 
48100 
44960 
43770 
45950 
44410 
47290 
44980 
45110 
45200 
44370 
46440 
45820 
44610 
45230 
45700 
50750 
45940 
45670 
45270 
44720 
45560 
46300 
45110 
44160 
44070 
45260 
48470 
45910 
45170 
46500 
44070 
46170 
46790 
47080 
45710 
47770 
46640 
45180 
44270 
44820 
44590 
47910 
45230 
43550 
44600 
45400 
44960 
46820 
46410 
43470 
44690 
44680 
48370 
46330 
44740 
45010 
45060 
45810 
45220 
45970 
44650 
45370 
45160 
44730 
47650 
46390 
46530 
46320 
44900 
48850 
45070 
45280 
43790 
46670 
44130 
45510 
46690 
45740 
48330 
44910 
44410 
44990 
45550 
46140 
45530 
47210 
45470 
45390 
46010 
47700 
44720 
44280 
46540 
45090 
52110 
50750 
48050 
45180 
45700 
48410 
46250 
45140 
47290 
44900 
46490 
45300 
43950 
47130 
46150 
46500 
46240 
43100 
43790 
46340 
46040 
44360 
44800 
48750 
48190 
46180 
44970 
44590 
45810 
48670 
45880 
47760 
45560 
46280 
47000 
45670 
47390 
44140 
45330 
45530 
46600 
47920 
47150 
45660 
45930 
46890 
47730 
45350 
45830 
45490 
45540 
48180 
47460 
44890 
44740 
45300 
46070 
47420 
45570 
45250 
45290 
48320 
49310 
45500 
45400 
45260 
44750 
46930 
44650 
45550 
46230 
46010 
47000 
46260 
46710 
45760 
44520 
45290 
45360 
44880 
45910 
44110 
45060 
47470 
45310 
46010 
44250 
43550 
45990 
44590 
45910 
45360 
43950 
46660 
45530 
45240 
45200 
44980 
45910 
46540 
45700 
46370 
45450 
45800 
48410 
48280 
47310 
44710 
43880 
46980 
43990 
45860 
45050 
45050 
47680 
44580 
43960 
45470 
43920 
45640 
45590 
46060 
45740 
44860 
47170 
47190 
45300 
45450 
44520 
45750 
45330 
45340 
46700 
46020 
44670 
46580 
45580 
45740 
45520 
44190 
47550 
47250 
46680 
46390 
44220 
46800 
49560 
45060 
45560 
47060 
47670 
46010 
43990 
46410 
46190 
45760 
46520 
45420 
45560 
43840 
44490 
46800 
44700 
44200 
44900 
44950 
47120 
45550 
44340 
45000 
43980 
45010 
44490 
43440 
45810 
44160 
46600 
45710 
44790 
45540 
45130 
45460 
45380 
46250 
45250 
45580 
44090 
47470 
43760 
47000 
45060 
45360 
46650 
45170 
45990 
44530 
44730 
46850 
45820 
46390 
45140 
44610 
45140 
44910 
44720 
47840 
45260 
45480 
45600 
46630 
45670 
47060 
44350 
47130 
44110 
45770 
46780 
44920 
47450 
46250 
43360 
45790 
45920 
45140 
45250 
45780 
44370 
44400 
46530 
46830 
45270 
46610 
46390 
48010 
47570 
45370 
45530 
44600 
45300 
47550 
47270 
46050 
44180 
45210 
47250 
45250 
47080 
47080 
43770 
46070 
47460 
46100 
45200 
44400 
48330 
45450 
45720 
45670 
45280 
47720 
46890 
45260 
45110 
43480 
45850 
46790 
44810 
45720 
45200 
44600 
47340 
44870 
46860 
45470 
45690 
47780 
46130 
44060 
44810 
45860 
46600 
45770 
46510 
46130 
46920 
46250 
46070 
44490 
47350 
44270 
45250 
47420 
46500 
45080 
43550 
44940 
46930 
44570 
45220 
45400 
47740 
45510 
45190 
45300 
45270 
44940 
47550 
46610 
44190 
45380 
45600 
46380 
46660 
44530 
45830 
45180 
44440 
46970 
44610 
45370 
44680 
45400 
48750 
45720 
45150 
46490 
45890 
45480 
44800 
45290 
45330 
45620 
46420 
45180 
45080 
47100 
44830 
47020 
45380 
48160 
44360 
43530 
45520 
45970 
46280 
44950 
45120 
42500 
47120 
44680 
45970 
44830 
44750 
46200 
45570 
45650 
44680 
45970 
45630 
45350 
45080 
45210 
44650 
45140 
44470 
43630 
44620 
45520 
44440 
46720 
43880 
45200 
44070 
44820 
46660 
45140 
45800 
44990 
45950 
47310 
45790 
46710 
47000 
43650 
47110 
46670 
44490 
46140 
45280 
46810 
45660 
46880 
46900 
43950 
45390 
46600 
45180 
44100 
44620 
43840 
46920 
46170 
44820 
45470 
44030 
45480 
48650 
45210 
46830 
45190 
47370 
45490 
44340 
46040 
45980 
45670 
45100 
43650 
44740 
44780 
43740 
45940 
46050 
48740 
45130 
45900 
48050 
46410 
44190 
45640 
45830 
45860 
47740 
45530 
46000 
44430 
45420 
45130 
43630 
46820 
43800 
45070 
47310 
44430 
46290 
45300 
42620 
45720 
45190 
46150 
44370 
44980 
48970 
44620 
44180 
44540 
47460 
49310 
45710 
49210 
45480 
44890 
47040 
46450 
46290 
45480 
44000 
59350 
50970 
45470 
43390 
46030 
45800 
46340 
43690 
46560 
45080 
46740 
46710 
45910 
45530 
45340 
45910 
46590 
47770 
44100 
45750 
44890 
46290 
46410 
47070 
45260 
44130 
46310 
45880 
44690 
46390 
44700 
43090 
46050 
44950 
43880 
49030 
45870 
49350 
44750 
47190 
44110 
44800 
45850 
45960 
45460 
45810 
44640 
46750 
45180 
44700 
45350 
45260 
47930 
46390 
43540 
46770 
44820 
45990 
49630 
45540 
46860 
44340 
44260 
45760 
45950 
49680 
45670 
44470 
46300 
46040 
44650 
44920 
44920 
45150 
46980 
46680 
45650 
44500 
48170 
45730 
45360 
44320 
45850 
43500 
46510 
49980 
45730 
44660 
44190 
45930 
47580 
46210 
45630 
43920 
46870 
46150 
44910 
45880 
44020 
46050 
46400 
43650 
45490 
43290 
46850 
46300 
44090 
43990 
43900 
44090 
48230 
45690 
44590 
44880 
44240 
45670 
45080 
45060 
43770 
45970 
45840 
47190 
46280 
44970 
44430 
46370 
46600 
43900 
45550 
43760 
46160 
46270 
44370 
45820 
45500 
45470 
47660 
44940 
45850 
47560 
45960 
49290 
45670 
45100 
44560 
47470 
46170 
46600 
45530 
44850 
44560 
46840 
44690 
45300 
47370 
44960 
45870 
45170 
46360 
44920 
45580 
45930 
46550 
45430 
46390 
45550 
44740 
46310 
44710 
43720 
45170 
43900 
46430 
47210 
43560 
45270 
45460 
45690 
46000 
43610 
45280 
43510 
45480 
46330 
43680 
46530 
46710 
44420 
49480 
44470 
45070 
47490 
44610 
47830 
43940 
46330 
45530 
45450 
46850 
45650 
45310 
45290 
44560 
46650 
45460 
45240 
44610 
44450 
45470 
45360 
44840 
46600 
44540 
44160 
45540 
45410 
44970 
44970 
43790 
46010 
45690 
46450 
45130 
46040 
47110 
44910 
44180 
45070 
45250 
47030 
46160 
45120 
45530 
44830 
46580 
46450 
46410 
47590 
45380 
44700 
48070 
45580 
44930 
43430 
44020 
45800 
44480 
43940 
45470 
43470 
46540 
45690 
43900 
45290 
44980 
47170 
44900 
45470 
46550 
43730 
47520 
45660 
45670 
46210 
45130 
44410 
46620 
45860 
45430 
44620 
45900 
47110 
45660 
45630 
46160 
44230 
46140 
44870 
46310 
44690 
45200 
46630 
44440 
45890 
45880 
44630 
46710 
46310 
45200 
44560 
45350 
44340 
46710 
45490 
43770 
43530 
44930 
46350 
44420 
44640 
44430 
44340 
45120 
45440 
43760 
45280 
44680 
45630 
46320 
44140 
45730 
44360 
47040 
45180 
44440 
45970 
43590 
43250 
46650 
44100 
46170 
45970 
44160 
47010 
45990 
45430 
44190 
43910 
44880 
44950 
44860 
46680 
44140 
46410 
45010 
43950 
45440 
46000 
46300 
45930 
47680 
45810 
44120 
45500 
46560 
45140 
45450 
44280 
45000 
46780 
44520 
46670 
44070 
44640 
46000 
45200 
44450 
45070 
44480 
46910 
46810 
44250 
47660 
49450 
45810 
46280 
44510 
44350 
44730 
44570 
47310 
43950 
46100 
44320 
42810 
47870 
46760 
44030 
45860 
44990 
47150 
45150 
43830 
45510 
43610 
45990 
45100 
45740 
49550 
45670 
46380 
44660 
44310 
49300 
44500 
43420 
49050 
46020 
45010 
44060 
43160 
46750 
44500 
44340 
44540 
44000 
47130 
46400 
45850 
44640 
44380 
46010 
46720 
46640 
45390 
43530 
45880 
45160 
44340 
44670 
43470 
44800 
46080 
46530 
43390 
44010 
45800 
46200 
43690 
44580 
45520 
44330 
45770 
45810 
43730 
43290 
44040 
44880 
46130 
46460 
46580 
45120 
46500 
45820 
43340 
45480 
44230 
44380 
46540 
45520 
44880 
44180 
42900 
45980 
43740 
43620 
45330 
45180 
49160 
45560 
43430 
45290 
43170 
49530 
44840 
44970 
45130 
45440 
46400 
45440 
43570 
45060 
45590 
44810 
46700 
45010 
45690 
45610 
44690 
48550 
44260 
44620 
43750 
45360 
46290 
44400 
44000 
45380 
45150 
45780 
45030 
43770 
44290 
45150 
47720 
46150 
45120 
45080 
44980 
43800 
46250 
45170 
43610 
45070 
43970 
48910 
51830 
45150 
44510 
46150 
45320 
45940 
43530 
45830 
45020 
46080 
45970 
43780 
46170 
44000 
46100 
46290 
46240 
45250 
45080 
45720 
46370 
45020 
45570 
44780 
44270 
48520 
44510 
44550 
45350 
46810 
48660 
44910 
43720 
46820 
46800 
49510 
45770 
45460 
45640 
44120 
48560 
44740 
45440 
44230 
44810 
45630 
49520 
45800 
45890 
44930 
46010 
50060 
44670 
45550 
45310 
45200 
49980 
49540 
45730 
45650 
44460 
50120 
47410 
43680 
45780 
45170 
46160 
50660 
49470 
45530 
44790 
44830 
49270 
45580 
46170 
45340 
45700 
48750 
47420 
45420 
44160 
44220 
46320 
49430 
44660 
45870 
44090 
46180 
44830 
46470 
46420 
44140 
45430 
44180 
45880 
45710 
45910 
43440 
46980 
44300 
44760 
44370 
44280 
46830 
44560 
45060 
44810 
44360 
45570 
45050 
43610 
44080 
45040 
45800 
45630 
49800 
46200 
45130 
47240 
49170 
46050 
43700 
45980 
44320 
46100 
45650 
44290 
44030 
44150 
45730 
43910 
44130 
46010 
44050 
47190 
49860 
45880 
45030 
43060 
45680 
44870 
44130 
43940 
46020 
47920 
45860 
44720 
44350 
45500 
43610 
49610 
46050 
45260 
45850 
43470 
48750 
45920 
49140 
43900 
46580 
45180 
46610 
46560 
45610 
45290 
45810 
47030 
46450 
43800 
45050 
45360 
45100 
44710 
44810 
45090 
45260 
46130 
43620 
43990 
44080 
45130 
45280 
44740 
43940 
45640 
44690 
45350 
45120 
44570 
44090 
46780 
45790 
45600 
46850 
45980 
45340 
46910 
46520 
45070 
44430 
44450 
44910 
48630 
45950 
45490 
44730 
44100 
49230 
49370 
45590 
45740 
43760 
45480 
44840 
43320 
45410 
43280 
45590 
45490 
45610 
44610 
44460 
45110 
45510 
44330 
45080 
44640 
46060 
45470 
44760 
45790 
44080 
43540 
45460 
48080 
46470 
48390 
44040 
45530 
45790 
45470 
44390 
44260 
46270 
60690 
49490 
45550 
44890 
46000 
44690 
44530 
44570 
43790 
45470 
49130 
43690 
49950 
46130 
43820 
49090 
46020 
45520 
44680 
44180 
46650 
45640 
45500 
46210 
43930 
46070 
45530 
44660 
43840 
45800 
46300 
45740 
45340 
45470 
45310 
44160 
47390 
45750 
51930 
48810 
44600 
46090 
44120 
44260 
60080 
49520 
46440 
49710 
44940 
44430 
45320 
46450 
45270 
44870 
45980 
45450 
46700 
45580 
45160 
45600 
43390 
45000 
46270 
44750 
47480 
44540 
48310 
46270 
45490 
44560 
44330 
45010 
45030 
45770 
44100 
44190 
45770 
43780 
44800 
44770 
44460 
44620 
46870 
46170 
44810 
44890 
44610 
43540 
45730 
44910 
43900 
46430 
44220 
46220 
45520 
45470 
45160 
44080 
46510 
44270 
45710 
45720 
43380 
45650 
44350 
44220 
45120 
44440 
46490 
46290 
45370 
45520 
44110 
43470 
45970 
45700 
46590 
45610 
44440 
45710 
43360 
43580 
45590 
43220 
45630 
44900 
45570 
42890 
44560 
46610 
43800 
44240 
44490 
43980 
44930 
45100 
44910 
45210 
44520 
43240 
44960 
44940 
46890 
45130 
44120 
45260 
44520 
44090 
46810 
43750 
49220 
45790 
43540 
45350 
44640 
45080 
44510 
49010 
45190 
45410 
46350 
46490 
46270 
45630 
45150 
44240 
45610 
45010 
44890 
50160 
44420 
45990 
44080 
42470 
43600 
44310 
45880 
45100 
43850 
45660 
43100 
45750 
49030 
44680 
44400 
44380 
46000 
45640 
44990 
45020 
44400 
45530 
48950 
46200 
49400 
44480 
44960 
46250 
44730 
45020 
45150 
45090 
46200 
44590 
44780 
44730 
42810 
49510 
46620 
45590 
44280 
44690 
46090 
45550 
44900 
46440 
44480 
45680 
46420 
44850 
44740 
44180 
44980 
46790 
45850 
42750 
45330 
43690 
46440 
44870 
43140 
44870 
44690 
46180 
45740 
44030 
43550 
44600 
46300 
46290 
44800 
44220 
46320 
45350 
45870 
44750 
45670 
44910 
43550 
48650 
44960 
44960 
45490 
44330 
45220 
44190 
45250 
44740 
49450 
45990 
45070 
42530 
44780 
43350 
46590 
47120 
44820 
45720 
44340 
43350 
45140 
45920 
44440 
44740 
45340 
45650 
44990 
45180 
44860 
44040 
48930 
45500 
44660 
43680 
44400 
45970 
45230 
44760 
45780 
45670 
47290 
44840 
48500 
48100 
61850 
58150 
49150 
44310 
44020 
44330 
44360 
46600 
46100 
44110 
44750 
44600 
45760 
45650 
44610 
45030 
44800 
45100 
45480 
44230 
45150 
43830 
44920 
45160 
46140 
44390 
44120 
43420 
48200 
46060 
45340 
44940 
44520 
46110 
45270 
43540 
45520 
44570 
45160 
45440 
45720 
44280 
45060 
45390 
45050 
45570 
45140 
44370 
46480 
45850 
46640 
44060 
45470 
44910 
45180 
45210 
49080 
44430 
45480 
45150 
44830 
43680 
44530 
42770 
48820 
45280 
44600 
44050 
44560 
46500 
44710 
45350 
43880 
43840 
46250 
45860 
43740 
45050 
45080 
44750 
46890 
44450 
45320 
43750 
45580 
46810 
43990 
45160 
44330 
44010 
45560 
44840 
44060 
44220 
43990 
45910 
44540 
44900 
46500 
46780 
47020 
45200 
43750 
45510 
44740 
43440 
46010 
43570 
46190 
44480 
43960 
46470 
44230 
43920 
45240 
45510 
45880 
46120 
42660 
44320 
43880 
45870 
45180 
44460 
44810 
45860 
46440 
44600 
44890 
44110 
44430 
44220 
45520 
44650 
45300 
45180 
44890 
45600 
44750 
43520 
45640 
45230 
46210 
45000 
44520 
44750 
42760 
45090 
45270 
43400 
46710 
43690 
45740 
45230 
44190 
44950 
44960 
46920 
49530 
45630 
45380 
42210 
43940 
46790 
44700 
45260 
45020 
43250 
46950 
44190 
45240 
44870 
42980 
45860 
45510 
45470 
45410 
44160 
47010 
45950 
45270 
45250 
44930 
44930 
45130 
43210 
44140 
44200 
43960 
46230 
45060 
44070 
44300 
44560 
44500 
45750 
45020 
46020 
50110 
48900 
45810 
45420 
44880 
44230 
46520 
46140 
46200 
44270 
46020 
43100 
45280 
45280 
44560 
45170 
44200 
45850 
44400 
44080 
45740 
43460 
45560 
45400 
43630 
44910 
43780 
45530 
46170 
44230 
44840 
43860 
47610 
46050 
45640 
46030 
44470 
44800 
49070 
45860 
44790 
45420 
44870 
48310 
44950 
45050 
44750 
44140 
45480 
45830 
45710 
44550 
44520 
49390 
45940 
44690 
45000 
44340 
46760 
44880 
49360 
44560 
44050 
44610 
46570 
45200 
45290 
46780 
43950 
46130 
45200 
44300 
43200 
44040 
46290 
44750 
43840 
44270 
46010 
44730 
46070 
43990 
44970 
52630 
47950 
44780 
45360 
45430 
44540 
44280 
49100 
44910 
44800 
