117190 
48810 
46650 
53760 
61330 
57420 
54850 
55040 
58460 
59730 
60990 
54560 
58340 
59320 
59640 
57200 
57760 
55380 
54220 
55290 
53180 
54260 
53850 
53950 
55200 
51720 
57560 
53710 
51150 
56930 
56320 
42710 
40000 
41100 
44060 
40360 
41880 
41070 
44380 
43890 
52050 
93920 
63920 
54050 
44420 
40050 
37920 
41690 
40340 
40980 
39160 
39210 
42680 
39620 
40170 
41000 
38490 
42150 
39390 
40120 
41750 
39410 
41620 
40320 
38860 
44590 
40520 
45400 
41190 
40210 
42770 
40140 
96350 
55060 
53890 
58610 
55980 
58060 
57000 
53990 
55180 
56380 
54810 
55300 
53490 
52070 
54090 
56540 
57740 
55450 
53210 
54600 
57520 
56330 
55900 
53380 
53900 
58170 
59900 
44200 
43070 
41370 
42980 
42970 
43240 
39720 
43890 
45540 
42390 
113610 
103680 
55690 
47590 
41470 
43570 
39530 
36940 
41250 
40500 
40800 
40340 
39390 
42200 
40960 
40350 
40600 
39800 
41740 
41010 
41310 
40490 
38380 
38890 
41440 
41110 
43790 
41920 
40800 
43800 
41150 
62290 
55370 
54060 
56530 
55770 
54830 
55370 
57520 
55710 
55440 
51860 
55810 
53780 
52250 
54780 
50650 
55940 
53990 
52220 
55490 
53100 
53170 
53100 
51350 
55200 
56450 
61270 
47220 
40450 
41520 
41510 
43120 
41180 
40470 
44310 
44080 
40010 
93210 
79530 
65510 
57910 
42680 
43980 
39380 
39310 
41180 
39710 
40870 
39820 
39690 
40710 
44280 
44100 
40530 
39650 
41650 
38880 
41100 
42480 
39910 
43740 
40880 
56160 
47300 
44330 
45030 
42290 
42760 
43650 
89390 
53250 
53750 
52940 
54350 
52570 
52930 
55610 
54500 
56340 
54080 
54730 
55590 
54200 
54300 
53060 
55400 
54590 
55070 
51920 
56970 
54410 
56560 
56540 
52550 
58250 
60410 
40080 
40210 
41170 
52120 
46460 
40090 
42420 
45230 
45690 
42830 
118510 
94790 
58840 
47670 
42820 
39900 
42960 
42200 
42590 
42440 
40790 
42100 
39620 
40820 
41230 
39250 
40270 
40640 
40170 
41210 
41340 
41590 
42150 
39750 
45670 
41430 
43570 
44600 
40740 
43270 
41590 
70440 
56180 
53820 
53490 
57510 
55040 
53810 
52090 
53070 
56220 
53560 
53490 
54110 
53660 
54580 
54490 
54540 
58870 
54720 
56680 
53830 
51440 
57110 
56830 
54320 
54800 
63340 
47600 
40050 
37700 
43660 
40710 
41370 
40640 
46090 
44340 
40490 
94390 
104900 
57420 
55570 
40920 
38850 
42760 
39160 
42610 
39460 
37920 
40520 
39010 
39800 
42190 
39610 
41280 
40050 
39970 
41180 
39550 
41950 
40380 
40080 
42350 
40410 
41370 
43480 
44470 
43720 
41120 
42370 
86040 
54860 
56300 
53920 
54520 
53920 
54200 
55520 
54760 
59670 
57000 
55250 
52810 
55200 
51900 
55080 
54580 
54630 
55820 
54090 
51900 
55250 
52220 
56800 
54830 
52460 
59910 
40690 
39720 
41960 
41850 
44220 
39710 
42010 
45320 
43170 
43570 
94420 
65770 
58710 
41520 
42010 
39100 
40620 
41580 
40620 
40280 
42030 
41130 
42300 
38990 
41080 
41330 
38930 
43900 
40710 
39070 
42180 
40250 
40440 
38890 
42140 
43020 
43810 
41970 
42100 
39620 
41890 
94050 
52560 
55050 
56270 
51780 
54680 
54060 
57200 
55750 
53010 
57500 
54620 
54530 
54200 
51840 
59780 
55400 
52670 
54540 
52000 
54290 
52010 
51400 
56200 
58070 
55220 
61610 
44020 
41750 
39120 
42580 
45070 
40340 
41770 
45590 
40490 
42580 
91820 
104870 
55640 
51010 
42900 
39220 
41160 
43760 
38360 
40010 
38520 
38320 
39650 
40090 
40380 
39890 
37050 
40530 
37460 
41280 
41890 
39290 
41060 
39800 
41840 
41580 
42700 
43660 
41120 
40300 
41830 
41630 
71470 
56280 
52770 
54140 
53640 
55160 
55290 
51010 
58740 
54970 
52730 
54920 
52430 
56870 
57820 
55780 
55210 
53340 
56340 
56860 
53850 
53690 
56130 
52730 
57250 
54400 
59610 
42650 
38680 
50130 
43640 
41940 
41350 
41260 
45830 
41690 
39930 
112140 
64400 
58450 
45780 
39960 
41780 
40410 
37750 
42700 
37410 
41040 
40380 
36790 
41420 
38130 
40740 
39880 
39290 
41250 
38220 
39100 
41750 
42140 
42590 
41280 
41410 
45750 
40750 
42820 
41420 
40520 
71030 
53040 
52320 
54760 
56730 
58180 
53250 
54180 
54590 
57150 
53880 
63160 
54420 
55520 
53270 
52580 
54690 
53160 
53620 
54810 
54480 
57260 
52440 
54270 
55050 
54730 
61680 
41580 
38440 
42680 
41740 
42230 
39360 
38740 
47310 
42680 
41840 
93450 
74700 
60560 
48010 
41860 
41770 
38340 
40990 
40040 
39790 
42630 
39760 
38490 
43560 
41000 
42530 
40170 
39950 
39400 
38780 
39560 
37900 
38730 
39590 
47520 
45110 
43450 
43350 
41510 
40510 
40110 
58640 
56050 
55460 
54030 
53330 
56080 
55360 
51380 
54580 
54180 
55620 
52870 
55640 
55380 
51700 
54860 
52440 
53820 
54820 
55190 
53120 
56120 
53090 
58120 
57060 
52870 
57850 
52900 
42540 
44530 
42550 
44420 
38160 
38190 
44790 
43810 
44340 
69700 
112350 
63720 
61220 
49150 
40100 
38390 
47160 
43020 
41040 
40560 
37410 
40660 
38290 
41160 
41260 
40270 
41300 
40780 
41480 
41760 
40790 
39240 
40710 
38680 
48250 
43190 
43730 
43770 
40740 
44330 
40500 
69470 
54210 
53390 
52020 
57150 
55700 
55360 
54520 
52520 
58860 
55810 
54410 
55160 
57770 
56300 
59080 
55930 
55830 
54520 
58330 
58840 
54300 
56350 
53400 
53670 
59160 
60610 
46520 
39860 
40180 
42550 
41170 
40350 
39140 
44090 
46700 
40960 
94140 
72160 
56200 
50200 
41980 
41580 
43130 
37550 
41380 
38090 
36930 
42840 
39760 
42250 
40310 
37970 
40910 
39910 
41220 
38520 
36990 
41130 
38730 
42180 
44290 
40710 
44840 
42150 
39790 
44160 
40560 
67540 
55560 
53530 
54570 
51130 
58690 
56290 
60500 
59230 
53360 
54040 
54290 
53940 
55280 
54560 
52420 
55420 
54580 
50790 
56830 
55730 
54080 
52930 
53720 
55040 
55480 
60330 
46520 
39940 
40980 
41130 
41690 
42330 
41630 
46910 
44120 
40190 
93890 
70990 
63820 
57610 
42610 
43440 
38860 
39240 
43810 
39850 
41030 
42510 
39110 
42640 
40640 
39480 
41180 
38060 
45020 
40760 
39420 
41980 
48460 
44440 
39950 
41260 
43170 
44050 
41780 
41980 
41620 
43440 
70080 
55170 
56650 
54910 
54880 
53930 
54080 
56460 
54220 
53120 
55460 
54910 
55240 
54400 
52870 
55240 
58370 
57330 
54320 
53100 
55670 
53070 
53710 
54110 
54350 
55220 
60700 
41690 
41280 
40260 
43950 
41060 
43250 
44490 
43560 
40210 
43670 
118480 
74320 
57290 
51380 
44730 
40420 
41910 
39700 
37930 
39780 
39120 
39310 
41720 
41580 
42800 
39150 
39150 
41440 
38980 
41080 
38560 
41630 
41370 
39690 
42670 
42340 
42170 
43190 
41670 
41680 
44220 
66750 
56550 
52610 
52690 
54900 
55650 
56930 
56510 
57530 
55920 
56930 
53190 
58360 
56020 
54890 
58660 
51690 
55280 
54550 
56640 
54530 
52640 
61250 
55400 
52430 
56680 
63240 
44000 
41120 
39570 
41850 
41250 
41860 
41770 
45560 
44110 
40900 
112240 
76300 
59210 
57540 
40120 
39290 
40990 
38370 
39380 
41740 
39610 
43280 
38020 
41410 
40180 
37870 
41310 
37800 
39330 
39300 
38310 
39040 
38650 
37620 
41140 
39250 
44440 
42620 
43880 
41430 
40030 
40850 
74000 
55740 
52380 
55550 
63030 
59170 
53340 
52680 
55180 
53810 
55880 
53690 
54390 
54480 
54150 
54970 
52100 
54980 
56020 
54570 
52350 
54660 
58740 
56580 
54310 
52610 
59650 
55800 
43480 
46310 
42160 
45160 
39230 
42310 
45550 
41570 
45880 
115500 
66800 
59300 
48290 
41790 
41420 
38290 
43450 
40420 
39090 
41130 
40140 
42560 
39040 
39410 
40160 
38610 
48330 
40860 
38750 
42590 
38920 
38820 
42100 
41430 
42080 
42780 
43140 
41100 
38730 
41000 
69170 
55300 
55200 
51880 
55470 
55660 
56730 
54810 
54080 
53070 
55300 
53850 
52030 
55750 
55430 
56360 
54520 
53680 
59750 
54860 
57610 
54140 
53510 
55200 
53830 
56180 
67950 
41760 
40430 
41620 
42810 
47450 
41890 
40950 
45270 
42190 
49980 
118940 
78780 
60130 
46650 
43420 
40720 
42610 
41890 
39460 
42060 
38630 
42090 
44320 
39530 
41020 
38670 
39440 
40640 
38050 
38190 
41010 
39200 
40010 
38110 
40660 
42900 
41030 
42750 
42370 
41430 
42970 
48320 
61620 
56240 
55840 
58310 
56160 
54500 
54360 
56040 
57690 
54460 
55680 
56120 
57800 
51520 
54890 
51990 
54230 
54170 
60480 
56600 
52780 
51330 
57980 
52260 
58820 
55060 
54700 
43430 
38750 
43400 
41420 
41080 
40630 
41460 
44360 
41660 
45880 
107250 
63810 
55790 
46090 
40330 
41820 
42450 
38400 
40630 
37450 
37740 
40470 
37980 
44550 
38320 
40670 
41370 
39830 
42090 
39950 
40700 
40360 
40300 
41150 
42490 
39740 
45840 
40580 
39830 
42390 
40440 
76000 
54660 
53600 
55940 
53320 
53930 
54110 
52560 
57040 
56160 
52340 
54320 
53320 
56630 
53190 
50630 
55490 
53720 
53860 
54590 
52400 
54520 
52340 
54340 
55870 
51890 
61110 
42520 
39040 
39760 
38530 
39480 
42160 
40160 
48820 
45640 
40630 
117660 
75340 
63670 
45700 
42310 
41660 
41120 
39920 
40160 
39330 
42090 
39590 
38300 
47800 
42870 
41510 
39240 
39790 
39770 
38690 
43190 
41670 
40030 
41370 
39760 
42850 
43120 
40870 
41100 
40390 
41070 
63570 
53210 
54160 
54260 
53650 
56060 
54620 
53240 
56730 
53380 
54970 
53230 
55140 
53960 
52990 
52190 
54280 
54820 
55310 
54300 
54510 
54250 
53550 
56900 
54100 
51660 
63580 
46080 
42520 
40920 
41890 
43370 
41390 
39880 
44040 
43770 
44420 
114750 
79200 
64350 
57030 
43210 
42480 
46770 
45850 
40610 
39030 
41720 
38860 
38690 
38170 
40710 
41990 
39620 
42230 
38870 
38280 
41510 
39810 
40490 
40530 
38760 
44190 
40250 
41420 
44610 
40610 
44290 
41700 
75350 
60270 
53140 
54940 
55240 
58620 
59120 
54790 
54530 
55050 
53130 
55090 
54770 
52610 
58760 
55720 
53450 
56430 
53310 
54170 
51240 
52440 
54200 
56210 
67510 
64690 
63440 
48830 
39700 
40770 
41580 
39810 
41610 
42260 
45230 
44560 
41960 
116560 
73860 
63890 
50750 
40610 
37820 
41670 
38600 
41500 
40160 
39270 
40350 
38890 
38380 
41260 
39780 
42060 
39620 
39200 
40010 
41190 
41270 
38330 
37500 
43130 
39600 
43810 
42530 
41190 
41640 
39770 
66620 
56200 
56170 
69090 
57300 
51200 
63130 
57480 
54820 
54880 
55270 
56360 
53390 
52930 
55180 
55440 
55430 
54310 
53930 
55920 
55360 
53340 
58430 
55200 
55630 
53760 
58220 
45880 
38770 
40470 
41100 
45340 
44600 
40920 
44770 
45880 
42550 
84380 
82420 
62220 
56810 
43440 
42130 
38570 
38180 
40900 
40400 
40520 
39940 
37330 
39780 
39480 
38090 
41810 
37910 
40900 
39620 
39370 
40290 
39190 
38870 
41420 
38910 
42570 
41110 
42250 
42600 
40920 
50040 
69940 
54790 
55720 
54360 
55190 
56150 
53580 
53330 
54270 
51750 
55990 
53110 
54730 
52040 
52210 
55790 
55300 
52300 
55890 
55960 
54720 
53270 
51870 
55580 
52910 
56460 
60250 
41330 
41900 
40880 
41870 
42190 
42190 
43580 
43120 
41090 
44210 
111400 
70900 
55910 
44100 
41170 
40180 
38520 
39680 
38030 
41850 
38270 
37980 
48200 
41040 
40540 
38870 
42130 
43490 
38840 
40470 
37980 
39280 
41090 
39380 
39770 
43000 
47020 
43410 
42490 
42030 
42760 
69830 
53410 
57530 
54880 
56090 
51690 
53230 
56800 
53510 
54160 
53840 
55690 
52990 
53340 
53690 
53890 
55350 
54860 
53690 
53150 
56320 
55280 
53770 
54770 
52930 
55380 
60420 
42880 
41910 
42080 
43390 
48630 
41440 
44130 
44010 
44300 
41650 
112060 
80770 
59160 
51580 
42230 
39320 
40070 
38610 
40140 
42260 
39140 
42220 
40610 
38140 
42590 
38430 
37690 
42410 
37520 
40870 
41120 
38580 
39660 
38920 
41560 
41610 
43130 
42930 
40410 
41510 
41470 
39540 
69420 
55510 
54290 
57070 
55250 
54310 
62930 
60600 
57720 
54650 
55910 
54550 
58580 
56280 
53980 
53830 
55240 
54420 
56570 
52540 
52220 
53510 
53990 
52650 
66740 
59900 
63640 
43440 
40800 
44410 
40640 
42410 
38950 
39470 
48450 
44930 
41320 
86390 
72830 
61350 
41900 
40180 
41380 
39440 
42000 
39360 
39130 
41080 
40970 
43570 
41140 
38410 
42600 
38970 
39610 
39970 
39670 
39950 
40250 
38090 
41210 
41580 
44050 
45510 
44190 
44280 
39510 
40520 
72140 
55980 
59780 
54620 
53670 
53930 
61510 
59580 
55970 
52930 
58960 
56630 
52000 
58950 
54890 
53930 
53910 
52620 
58890 
54310 
54070 
54930 
53950 
54920 
59520 
54640 
62940 
42040 
42510 
44370 
41610 
44610 
39160 
39110 
47430 
46730 
44320 
109420 
78060 
64280 
49260 
43220 
40260 
41990 
43890 
39740 
42490 
42540 
38720 
42030 
38690 
42890 
40670 
37670 
40900 
38530 
47150 
45500 
42370 
41390 
39000 
40940 
44650 
43190 
39630 
42530 
41410 
44090 
53950 
59090 
55610 
53370 
52670 
55360 
52850 
55710 
55330 
53160 
56870 
56050 
56830 
52740 
55650 
52970 
53340 
54370 
55310 
54640 
58060 
55790 
52310 
55440 
53420 
69060 
57470 
56910 
42560 
40940 
40470 
42950 
39320 
41080 
42230 
43840 
44960 
48770 
86820 
62260 
54080 
45630 
42310 
41000 
40540 
38470 
40840 
39090 
39660 
46310 
46260 
44590 
37600 
38050 
41250 
38010 
38490 
40220 
39410 
41350 
40420 
39050 
43700 
39910 
43950 
39880 
41460 
41630 
39090 
72780 
55540 
55650 
54010 
52560 
53620 
55340 
53190 
60490 
53880 
54840 
57420 
54310 
51330 
53310 
51040 
56020 
51850 
51980 
53340 
52970 
59820 
53020 
54350 
54710 
54080 
59800 
44000 
39470 
40220 
48800 
45780 
43280 
40360 
45230 
41550 
39430 
84460 
74980 
60430 
48320 
40020 
41220 
38910 
37530 
41320 
38130 
41170 
40640 
39390 
39870 
39430 
39150 
39080 
38090 
41910 
38470 
40570 
44180 
39100 
42220 
41470 
40650 
42990 
40970 
40830 
42990 
40260 
63320 
54510 
52010 
54660 
52410 
55940 
52890 
53380 
54910 
54870 
58430 
55920 
62650 
55420 
55160 
54380 
55850 
53210 
55040 
55540 
53280 
58730 
56560 
53570 
55150 
52150 
62840 
44890 
41890 
41830 
44350 
44600 
42110 
39770 
42690 
42110 
41210 
85500 
80050 
62960 
56070 
52310 
45490 
42140 
41280 
39880 
39370 
41360 
39250 
37600 
43660 
39010 
42000 
44310 
39020 
39770 
40890 
39950 
39690 
39510 
41470 
38760 
41430 
42370 
43360 
45030 
41590 
40340 
42810 
71620 
59070 
53670 
55070 
56620 
64220 
54050 
57320 
54220 
56240 
56020 
52230 
55080 
53170 
56420 
56220 
56080 
54860 
56520 
54540 
58870 
56020 
57130 
54570 
51040 
56270 
60630 
45170 
38770 
41340 
44040 
39480 
38590 
43530 
44660 
44130 
39850 
85380 
76890 
59910 
48190 
41250 
37860 
41200 
38000 
40110 
40830 
37620 
40770 
38020 
37270 
40070 
39590 
41270 
38580 
50960 
46120 
40030 
40340 
40990 
39270 
43760 
40040 
41810 
41820 
43690 
43890 
40130 
68440 
56040 
53770 
55150 
54570 
54550 
54580 
53050 
52810 
54190 
54810 
55400 
