68660 
62940 
60880 
58860 
56990 
63120 
57660 
53540 
59940 
54470 
59600 
57370 
57350 
58970 
56600 
56600 
57380 
53640 
55380 
54710 
55800 
55300 
53290 
52700 
55800 
54430 
63330 
46450 
40620 
39580 
41600 
43300 
39990 
40200 
46270 
43930 
42030 
97270 
80050 
60730 
54970 
43450 
41390 
40640 
40500 
41910 
39910 
43290 
40470 
38630 
42570 
39140 
41460 
39870 
38770 
41340 
40230 
40770 
38660 
40110 
41250 
41580 
44420 
42550 
40770 
43580 
41280 
41160 
42850 
73590 
56370 
56540 
55240 
55090 
54600 
56380 
55360 
56280 
55190 
52500 
54580 
55090 
53330 
58270 
54300 
57720 
53310 
57150 
58120 
53590 
53320 
54880 
53850 
55290 
55710 
61380 
45550 
40780 
40800 
44700 
43060 
39960 
44500 
44700 
48490 
42940 
95730 
68780 
56290 
47080 
41030 
39110 
41310 
38920 
42110 
40410 
38960 
41630 
41560 
40680 
42020 
39100 
40630 
33810 
16980 
12090 
12520 
11800 
13230 
11970 
12960 
11900 
12560 
12560 
47950 
43910 
42110 
75030 
57710 
54630 
58390 
57490 
55620 
58820 
55550 
60330 
60550 
55550 
58200 
54890 
55750 
56920 
55820 
56110 
57300 
54680 
59120 
53950 
56350 
54920 
55090 
57940 
55830 
66610 
48620 
42040 
43490 
41660 
44420 
42300 
40410 
47490 
45280 
40950 
101650 
85790 
68120 
57440 
58730 
46340 
41790 
41200 
40690 
40420 
40060 
41720 
40440 
41990 
40380 
39760 
38830 
40950 
41150 
41250 
41940 
39190 
42360 
41640 
42330 
41420 
42010 
42090 
42490 
44820 
45830 
43560 
76340 
56280 
58920 
56490 
54940 
57960 
54510 
59890 
54200 
53960 
60220 
55820 
59710 
58630 
64600 
62340 
56650 
56600 
56910 
53870 
56850 
54320 
59260 
60750 
55690 
55970 
61880 
46750 
43070 
40940 
42830 
44310 
41750 
43500 
44220 
42920 
41790 
101040 
78870 
66540 
49720 
41670 
41570 
39410 
40430 
40550 
38610 
40270 
41060 
41770 
39970 
38680 
42210 
38830 
40420 
39400 
39980 
41950 
41600 
41460 
40680 
42870 
44560 
43260 
46340 
43610 
41740 
42290 
79530 
60280 
59590 
56600 
57510 
57070 
56670 
58720 
54070 
58590 
56830 
55940 
58330 
54480 
57110 
55790 
53730 
58830 
55670 
55990 
55570 
56940 
59200 
56660 
58410 
58290 
64360 
52130 
43430 
40500 
47840 
43920 
42390 
40750 
45580 
43010 
41810 
94500 
84190 
72900 
47880 
44990 
45250 
44010 
43150 
45410 
43430 
40220 
41410 
39690 
39090 
41460 
41870 
39190 
41810 
40190 
43490 
42390 
40910 
41990 
40810 
41670 
44980 
44360 
45260 
41390 
41860 
45590 
61550 
61670 
56560 
57290 
59780 
62650 
60660 
57960 
52820 
57280 
59190 
58080 
59960 
56850 
58300 
57100 
61150 
57200 
56310 
54710 
57850 
59860 
61370 
58760 
56690 
57340 
57150 
60110 
45410 
44090 
45030 
41810 
47360 
39700 
44880 
44940 
42910 
79520 
91620 
74890 
65510 
46550 
43710 
46420 
42000 
40780 
40910 
42060 
41790 
39950 
38650 
40820 
38400 
40590 
41250 
39510 
41770 
41830 
42990 
44460 
39680 
40430 
44210 
45920 
45350 
41850 
43150 
43030 
40980 
79980 
56230 
54140 
60710 
58450 
58770 
55580 
57440 
58340 
54840 
63480 
55400 
57660 
57410 
55530 
58140 
56350 
53820 
57910 
57550 
56820 
56950 
54670 
57350 
56100 
56830 
66240 
46610 
41490 
41050 
43650 
43660 
41750 
41310 
47350 
44600 
43400 
99310 
82150 
71010 
49970 
47020 
40820 
40310 
42000 
41870 
40210 
40320 
39740 
38560 
42380 
40410 
43550 
44040 
39160 
42370 
39540 
40730 
41790 
39100 
42360 
43370 
43730 
42730 
41510 
43260 
40360 
41780 
74200 
55160 
58570 
55560 
57640 
56480 
58430 
56970 
56260 
56310 
57080 
55420 
57420 
56330 
56120 
60150 
55910 
56450 
56320 
55870 
59420 
58900 
55400 
57590 
54220 
60320 
71040 
51070 
41260 
39090 
43460 
42850 
40970 
39280 
46400 
45720 
42000 
94910 
83580 
72490 
62990 
49470 
43610 
41120 
42150 
41510 
42280 
40780 
39710 
42830 
41470 
41390 
40750 
40070 
39980 
40530 
39770 
45320 
39640 
40900 
41130 
40200 
42830 
42170 
40760 
43560 
41500 
43580 
42590 
75390 
59980 
56160 
61030 
58840 
55630 
57030 
56470 
61620 
55600 
55430 
56920 
55250 
57970 
61800 
57230 
58990 
58180 
58130 
57340 
56410 
57390 
55690 
57720 
60350 
54590 
63740 
49690 
42260 
42670 
40980 
42260 
43820 
46120 
43800 
41210 
43340 
98850 
82120 
69120 
47710 
42930 
40080 
41380 
39060 
39730 
41000 
38480 
40580 
40930 
42010 
42290 
38520 
44320 
40400 
40240 
41150 
43600 
44760 
40590 
40690 
41270 
42460 
45670 
42280 
42550 
43280 
42140 
78240 
54880 
56920 
59200 
54510 
57150 
57620 
56270 
60180 
54720 
56840 
57000 
54440 
58960 
55730 
54780 
59560 
55680 
57210 
59800 
56250 
58770 
55150 
58450 
57170 
55950 
69160 
48450 
41910 
40840 
42520 
43310 
45120 
40780 
48520 
42620 
41890 
93410 
87390 
72500 
57940 
49020 
42890 
41740 
39280 
39730 
43360 
40600 
41950 
40850 
39320 
42830 
41750 
40540 
40950 
39200 
39220 
53810 
48040 
40800 
43250 
42860 
41570 
45420 
42080 
42460 
43900 
42040 
42900 
76360 
59470 
56430 
55800 
61050 
55360 
56610 
58680 
56340 
57750 
56610 
56640 
57320 
56120 
56780 
57760 
57440 
64430 
57260 
55470 
58720 
57960 
59200 
54490 
56450 
59720 
64940 
50500 
40390 
41130 
41960 
44740 
42370 
42840 
44790 
42490 
41480 
100440 
79250 
69420 
48440 
42320 
41650 
42700 
40950 
40560 
40750 
41100 
41510 
41710 
38010 
40570 
39700 
40350 
40050 
38490 
41690 
40400 
39450 
40650 
39230 
41680 
41610 
42620 
46450 
43740 
39590 
42620 
75790 
60660 
53850 
53670 
56980 
56290 
59190 
55220 
57800 
58450 
56350 
58740 
55200 
55600 
57670 
56670 
57010 
60050 
55950 
56550 
56930 
58370 
57220 
57510 
56290 
57190 
67390 
50020 
41800 
42530 
44040 
42430 
42480 
38930 
44150 
43170 
43440 
95180 
83720 
66470 
56960 
47070 
42550 
42030 
39490 
39890 
43840 
42050 
42000 
39620 
42050 
42440 
43850 
41210 
39870 
39960 
40320 
38810 
41030 
40110 
39430 
42840 
41590 
44120 
43740 
42990 
44230 
41830 
48780 
71180 
56370 
57690 
54600 
57130 
59590 
52710 
56610 
57600 
56170 
58650 
58600 
59360 
56140 
53470 
59400 
55180 
54500 
57760 
54840 
56980 
56250 
56390 
57370 
55360 
57890 
64820 
43070 
41450 
43790 
43640 
43960 
39700 
40640 
48090 
41970 
43480 
98930 
73520 
68150 
48360 
42340 
40060 
39970 
41940 
39910 
40510 
41080 
39440 
39470 
41450 
41110 
40890 
42780 
41090 
41460 
40540 
41260 
39560 
38890 
42800 
41580 
44440 
46840 
43030 
45190 
42160 
41240 
78120 
54310 
74320 
59720 
57800 
59730 
55840 
58180 
57310 
54980 
59460 
54850 
57600 
55570 
59830 
59070 
59410 
58070 
56970 
56170 
59420 
55090 
58170 
56460 
56230 
58320 
64210 
49310 
42130 
38420 
43880 
41620 
42390 
40920 
46820 
43850 
45780 
101650 
87780 
69430 
50130 
45100 
41450 
42190 
44570 
41690 
41720 
40220 
39100 
40310 
39530 
40400 
41730 
37970 
40420 
44170 
44210 
44530 
38210 
40510 
42580 
43720 
44650 
42490 
43110 
42660 
43440 
44070 
66580 
56470 
58240 
54380 
60570 
55000 
53970 
58160 
55540 
59390 
56990 
54450 
60150 
55160 
58430 
56220 
53610 
57630 
57040 
58250 
57080 
53790 
56500 
56070 
56690 
62300 
65040 
57210 
43900 
40200 
44310 
41450 
41600 
40490 
44110 
47660 
41270 
83170 
85050 
74770 
65810 
49000 
42490 
40580 
43050 
39750 
39630 
42340 
43400 
42110 
40220 
40790 
41350 
39850 
42490 
39260 
39520 
39230 
38870 
41330 
39810 
42560 
41870 
41730 
45240 
42090 
43380 
42790 
43020 
78120 
56050 
57380 
58900 
55570 
61330 
54410 
55060 
60810 
57090 
57470 
55590 
55380 
59500 
53750 
55050 
57190 
54720 
60400 
58050 
56540 
55630 
55390 
58670 
56990 
56850 
67620 
48140 
42540 
41450 
42370 
42720 
41050 
43850 
46410 
43810 
40670 
91110 
84530 
68930 
50710 
44250 
41710 
40860 
41800 
40590 
38690 
41260 
41070 
42160 
41600 
40530 
39330 
40590 
40680 
41310 
41130 
39130 
43360 
40560 
42540 
42040 
40400 
44460 
43290 
43570 
42880 
41360 
77330 
54330 
56910 
54860 
54840 
58710 
54090 
62020 
58300 
55090 
58690 
62550 
60960 
60120 
55370 
59350 
56120 
57260 
56320 
53020 
55420 
56250 
55920 
58970 
56660 
56500 
69740 
50220 
44410 
40160 
46900 
46340 
43890 
45470 
44620 
45690 
43940 
95930 
86300 
73400 
62830 
51150 
42710 
42080 
44340 
40200 
38760 
40000 
41120 
41660 
40500 
37600 
42400 
41230 
42460 
41300 
39720 
40850 
40480 
42930 
40690 
39850 
41300 
42140 
42020 
43840 
42070 
41350 
42440 
78880 
60240 
55450 
54630 
58340 
55080 
60270 
55640 
53550 
57650 
55980 
59500 
54520 
56940 
56720 
56380 
59140 
54400 
56520 
58130 
53700 
56540 
57690 
56530 
59030 
57870 
66040 
48550 
40580 
40390 
44300 
42540 
43420 
40460 
45250 
43360 
43690 
97820 
84230 
70190 
50800 
41490 
46070 
42560 
41500 
40260 
40750 
42320 
41340 
40000 
39490 
41740 
39600 
40890 
41320 
40010 
42390 
41380 
44230 
41540 
38360 
42760 
40730 
44030 
42940 
41500 
44310 
41070 
75580 
57220 
59480 
57660 
55270 
57840 
59850 
55770 
59520 
57990 
57100 
60820 
56990 
55920 
56280 
58150 
59410 
56680 
57360 
55080 
55140 
72690 
64690 
59150 
58310 
55720 
69690 
49570 
42300 
39850 
43060 
43160 
43120 
41080 
45510 
42390 
42230 
92610 
87690 
68180 
60570 
46120 
43690 
39980 
38450 
40660 
40960 
42620 
39450 
39060 
40590 
41390 
41370 
42090 
39870 
42010 
41340 
40400 
41380 
39020 
39630 
42500 
42970 
44110 
41570 
40490 
43320 
40130 
44740 
77360 
54810 
58570 
58900 
61390 
60160 
54220 
59940 
56120 
59160 
56530 
56250 
58660 
55760 
57770 
56810 
57170 
57300 
59550 
61560 
58000 
55650 
59020 
59090 
58330 
56140 
64640 
48880 
42170 
46030 
45200 
43910 
45650 
44460 
46890 
47620 
44170 
98470 
80440 
66450 
51920 
43430 
42340 
40540 
42200 
40130 
44950 
42540 
38800 
42570 
40890 
45210 
40910 
39920 
43670 
40510 
41120 
44630 
40870 
43540 
41060 
43910 
45940 
44900 
43990 
42620 
42370 
44200 
81440 
59410 
56670 
54540 
59280 
58300 
55840 
55790 
53860 
58920 
59030 
57450 
59190 
57470 
59650 
59010 
56890 
57780 
56260 
59650 
56040 
54210 
56870 
53370 
55960 
59900 
65730 
48830 
41900 
41300 
43320 
42100 
42430 
41830 
44620 
46530 
41350 
100100 
80630 
67000 
60170 
45660 
32710 
15980 
14740 
12480 
12380 
11970 
12510 
11980 
13590 
12000 
40510 
41980 
55550 
47710 
42290 
40900 
40060 
42210 
42820 
44750 
43170 
45270 
47020 
44350 
45170 
43070 
44770 
74890 
56240 
59300 
58160 
54980 
57420 
56560 
58660 
61400 
57290 
57250 
56570 
57990 
58450 
55130 
55270 
58740 
57480 
59170 
53400 
54700 
55920 
55180 
58550 
55340 
54470 
64930 
43610 
43530 
44880 
42100 
42860 
42230 
43640 
47030 
42560 
44250 
90080 
80520 
65430 
46260 
40260 
42290 
41430 
42110 
40150 
41320 
40830 
42430 
41110 
40870 
40760 
43360 
40040 
43960 
40760 
39980 
40560 
44490 
40710 
41050 
42970 
43170 
45580 
42890 
45890 
41150 
41370 
80880 
59930 
60330 
71480 
64870 
60150 
60070 
59350 
58450 
55160 
58200 
58690 
58910 
58240 
54800 
60250 
56030 
55180 
56430 
54460 
57570 
55710 
56360 
58750 
58950 
57460 
67200 
46790 
44880 
41370 
43920 
43710 
42520 
42950 
44730 
44250 
42950 
94030 
88270 
70100 
51040 
47040 
42320 
43330 
41470 
40140 
40290 
41810 
41800 
41840 
44470 
42560 
41050 
40940 
43020 
40850 
38670 
41780 
41350 
41220 
40530 
41050 
41320 
43820 
46080 
44490 
42560 
42650 
60700 
58760 
57730 
56150 
56620 
57330 
58160 
58300 
58010 
54530 
56460 
55680 
58650 
54560 
54880 
59140 
55300 
58130 
55980 
54810 
58070 
55400 
56740 
56490 
54430 
58230 
56050 
58520 
45200 
38760 
44220 
44980 
45960 
46190 
44350 
43870 
43810 
74390 
96890 
72120 
68330 
49010 
40680 
41040 
40270 
38790 
41420 
42370 
42610 
40820 
40560 
40450 
42450 
39790 
40320 
39070 
39220 
42300 
39930 
41490 
41070 
40410 
42820 
40390 
44730 
42210 
43150 
43690 
41610 
78530 
57040 
53800 
57040 
55860 
58020 
57420 
56400 
56490 
55380 
56490 
59400 
55440 
60670 
57200 
55780 
58760 
55830 
57680 
57670 
53040 
59160 
56510 
54970 
57680 
55060 
70320 
47990 
39490 
42890 
42630 
45450 
42610 
39680 
47930 
43230 
44990 
95290 
86210 
71140 
48660 
45290 
42780 
40260 
39800 
41350 
42110 
41580 
40310 
41010 
42860 
41280 
41890 
40430 
41510 
44030 
42040 
42550 
41350 
39530 
40520 
43890 
42370 
46260 
46920 
44330 
42860 
41700 
71210 
57660 
54370 
58020 
56590 
56190 
57940 
54970 
57360 
53970 
59460 
57820 
54100 
58570 
55040 
57310 
56390 
55700 
58300 
58980 
57270 
59810 
57580 
56090 
55090 
55950 
66510 
48300 
40650 
42090 
41330 
44290 
42240 
41130 
43690 
43030 
43420 
96100 
87440 
70150 
61560 
50860 
42690 
40300 
39440 
41110 
42380 
40940 
41030 
39990 
39900 
39910 
40140 
38880 
38700 
41950 
41060 
40880 
40680 
38800 
41500 
41290 
43710 
41910 
41000 
43330 
40430 
42820 
43180 
76650 
54840 
60910 
59190 
62880 
55070 
55200 
55940 
55980 
58190 
55410 
61390 
58600 
56190 
59140 
55180 
53870 
58540 
58470 
60980 
54030 
54210 
58990 
59570 
63880 
56880 
63940 
50740 
43850 
44950 
43460 
42240 
43090 
45830 
45880 
44040 
52060 
99680 
83670 
73680 
52210 
43460 
39150 
42040 
41810 
41290 
38980 
38960 
41530 
41810 
40950 
43800 
43170 
40390 
42830 
40980 
41000 
40790 
40400 
40920 
39790 
43270 
41360 
41770 
47500 
42660 
43700 
42300 
74890 
58620 
55540 
58860 
57050 
56070 
58850 
58220 
57540 
57920 
57450 
59360 
56600 
56870 
58650 
55520 
58800 
56250 
58220 
59360 
57120 
56920 
57300 
54680 
58240 
55060 
67570 
48850 
39840 
42060 
41350 
42080 
42740 
38750 
46410 
44620 
43660 
100200 
84990 
73580 
60340 
46630 
39980 
40860 
41990 
41920 
44690 
40110 
42480 
42220 
42080 
42130 
39790 
42390 
40460 
40880 
39950 
37790 
43000 
41240 
44880 
42910 
42460 
43310 
44150 
41150 
46430 
42090 
41240 
79340 
60610 
59590 
56150 
56460 
57880 
58160 
57680 
58180 
55860 
60030 
56190 
57630 
56020 
56030 
56890 
56110 
60860 
60270 
55100 
59480 
56040 
55710 
57270 
55910 
60220 
62920 
46280 
42260 
42490 
42420 
44380 
42780 
46890 
44300 
42590 
43240 
100400 
82180 
64780 
48820 
43710 
41450 
42210 
41170 
39000 
40570 
42050 
40330 
41600 
42500 
40900 
40040 
41980 
41240 
40640 
38980 
41500 
41060 
42000 
41180 
41170 
41610 
44000 
44900 
43990 
41690 
42220 
81460 
58270 
55940 
54030 
56020 
55970 
56200 
60580 
56160 
56350 
59770 
58720 
60110 
55820 
56390 
