51150
24130
22240
22230
23160
21560
22060
22860
22660
23760
22500
22360
22080
21900
23390
23020
59550
59371
58451
60141
59471
58331
58631
59491
59571
59980
59680
57940
58720
59490
58540
60920
59380
58300
60430
58700
58950
57940
57060
58340
61950
59830
58490
58200
59170
60680
58050
60390
58690
56260
56820
57800
56910
56270
56881
58561
58501
58601
57641
57080
57910
58650
56980
56270
57190
55510
58770
57540
56330
56800
55650
59180
57360
55040
56570
56270
60190
58320
56100
56550
56070
59840
57850
60560
58070
55680
57950
57800
56510
56781
56651
54551
60821
57031
57141
56651
56670
59730
57810
57320
57710
56220
60710
56580
56490
55360
59630
58430
57790
58120
56850
54830
57440
58270
57630
56840
56300
56740
58740
58080
56100
56000
56000
58701
57241
56341
56921
57701
57571
57571
56411
57521
57991
57491
56631
55780
55980
56510
56700
58490
56100
56370
55830
55840
58660
56630
56920
55580
56310
59870
56390
57350
56810
56010
58240
57140
56930
59310
57300
57910
56460
55410
56420
55621
57381
56891
56441
57031
55711
58321
59451
56351
56801
55651
56700
58370
56070
56460
66720
60820
57500
57570
59070
57410
66160
57630
56280
56380
55960
55830
58750
58090
57690
55940
56690
58580
58190
57380
56020
56110
57770
59460
58920
56600
56020
56180
57520
60361
57711
56651
58461
56361
57441
56991
57041
56511
57861
57081
56480
55820
54260
56150
59850
57780
55890
56890
56820
59280
58040
57350
56880
56270
60190
57470
55850
57840
55290
58470
57000
57310
56130
57970
58930
58800
57370
56370
56690
56880
58170
57600
57660
56660
58500
59750
57730
57200
55780
56931
59951
58051
57381
56521
56591
56951
57251
58761
56821
56951
56971
57020
57590
56000
56830
56160
58180
55560
57310
56390
56690
57620
57220
57030
57720
57850
56840
57970
55360
56700
56110
58230
58480
56500
56790
56780
57380
58130
56940
55850
56000
55580
59850
56980
56820
56910
57380
59070
58100
58151
59301
58171
57471
57251
56851
57021
55791
58181
57611
57671
56691
55811
57821
57210
56840
57030
56380
57050
58400
58010
55500
55710
57360
59190
56810
56560
57610
56110
56520
57830
56400
55990
55940
57470
58390
55930
56650
56410
58440
58250
56060
55790
54540
57620
60770
57610
58990
58710
58390
61810
61220
56860
57590
55070
56770
56890
55630
57971
56581
57791
57481
55721
57021
55881
58091
56481
56621
56951
56141
56641
58250
56300
56871
56651
56540
59820
56860
55770
56190
56670
56780
56580
56710
56320
56670
58630
57140
58320
57580
55920
56270
56940
56600
55360
56250
55340
58020
58940
56800
56710
58250
58590
56900
55860
56540
57450
58150
58290
56600
57360
56830
57340
58810
56000
57170
55020
56370
57360
56050
57030
55910
55180
58880
57260
57671
55661
60121
61891
58651
58211
56771
56981
58551
58431
57831
57761
57501
59671
59271
59131
57931
57460
58091
58600
58060
56050
55260
56400
59300
58470
56330
58590
58840
57730
56200
55380
56240
56670
57640
66660
56790
55720
57000
57600
57770
57250
56410
57360
56020
55250
59270
56890
57490
56240
60410
60680
60860
62420
58430
59260
58640
58340
57930
57420
59400
59750
58240
58340
57970
59330
60740
58170
58410
56660
59450
58770
57450
58790
58430
56680
63540
59180
61290
58880
56630
61970
57430
57290
56770
55611
57411
56890
57280
55681
54631
57491
57071
57891
56941
56291
58501
57381
58021
56911
56081
55451
59211
58811
55991
55331
56131
57741
57531
55940
55961
56251
57011
57431
55740
56470
57050
57430
57890
56480
56290
55670
56740
57220
54760
56090
57050
58420
62040
57070
55490
57100
56950
59250
56330
56070
57590
56280
58250
57430
55600
57980
55570
66540
67340
57800
56690
55640
58380
56810
55470
56620
55900
59470
58890
57530
58440
55850
56530
58290
55210
56960
56010
56480
56990
56350
58160
57080
56580
58830
56210
57010
56080
57170
57340
58460
58160
55800
60850
56020
58520
57130
55570
56760
56330
58190
58240
55130
56390
55760
57660
57850
56120
57050
55730
57230
57160
56140
55890
55420
57450
57350
56070
57750
56790
55850
59500
56210
56970
54160
54460
61700
57980
57890
55800
54530
58370
56380
57430
56900
53880
56780
58381
57960
57260
55300
56951
59001
58600
60760
58390
56141
56941
55891
55881
55240
55910
58071
57901
55371
56001
56401
55431
57661
56961
56091
56331
56711
57431
56811
56241
57421
56581
57201
58191
57951
56771
55791
58111
57511
56351
57371
56151
59531
56941
55861
57541
55451
58411
55551
56461
56071
55961
58001
58741
56401
57181
54771
56831
56941
58381
57191
57171
55911
58881
56411
57661
56041
56501
57621
57261
56401
57011
56851
56321
57221
57841
56871
55831
56181
54741
57451
55351
56711
57711
56791
56281
57701
57541
56971
58071
57971
55471
56601
55771
59221
58291
55171
56361
56461
58551
58351
56451
65391
56591
58161
58701
55261
56321
57771
56911
58811
57181
56051
57471
55111
59401
57181
55921
57011
55151
58531
55511
56321
58291
56051
58591
56421
54681
58811
57371
60921
57851
57281
57831
59311
60901
58791
56941
58921
57211
57561
59471
57351
58401
56621
56651
59871
58081
57961
57201
57631
58841
58501
58771
56831
59221
57921
57071
59201
58981
57011
56861
59041
58501
56871
56301
56431
57791
57451
55551
56981
55341
58271
59041
56951
56901
56361
57261
57771
56461
62121
57851
58871
58541
58720
57860
56371
56621
58561
56470
57460
56251
55271
58901
57471
57211
55301
56450
59440
56700
55990
55830
54570
56930
57050
56130
55720
56520
57220
58160
56830
56570
55310
58970
56760
56690
56760
55660
56060
57940
57390
56660
56150
56100
57860
58390
56880
56730
56510
56960
58250
56050
55160
56250
57310
58890
55640
56440
57130
57060
57600
55990
57330
56530
56380
58690
55590
55800
55720
56690
57610
55970
54900
57530
56300
59430
57000
56040
56580
56110
58440
58820
56920
56710
56940
59140
57390
55850
57330
55790
56410
58740
55980
56150
56430
55290
57540
55300
56310
56170
56660
56920
55290
56530
55590
58020
56350
56800
56590
55530
55760
57810
56440
57290
56660
55950
56040
59090
57370
56510
55890
54960
58550
57370
55100
55780
57380
57030
57230
55921
58591
56660
57240
57300
56170
57681
56520
56351
58021
56111
56621
55621
55651
59041
56581
57521
56661
55591
58551
56771
57091
55471
55551
58991
55780
59751
57341
55731
57231
56900
56270
56270
55161
57940
58290
58590
55940
56250
58290
58080
57060
55740
56130
56520
59060
56970
55950
56450
55880
56430
56560
58140
56450
56730
57830
56970
56270
57780
57090
57630
57560
56070
56120
56640
55580
57590
55620
55960
56280
55170
58680
56200
54890
56350
55020
56990
58040
55720
55950
55930
55960
58280
54920
56560
55890
56500
59170
56160
57090
55850
56370
59250
56860
56750
56520
58130
60190
56361
56531
55691
56540
59041
58121
56921
55831
55171
58401
56721
57841
56891
56571
58061
56411
58111
54601
55011
56600
58091
56341
56360
56440
56480
60000
56370
55700
56430
57710
58060
56880
55940
56650
57000
57870
57210
56870
56750
56360
59840
57330
56080
56650
56360
55890
58820
56600
56040
56690
55990
60790
57120
55750
59620
56690
58110
57080
56570
57660
56100
58160
58650
56380
58010
55740
58240
57220
55440
58380
55810
56710
58510
56951
55951
55461
55921
58181
56211
57911
57971
57171
57601
56721
57691
57651
57601
56051
56700
57400
56450
58730
56570
56740
57040
55690
57040
57580
59200
57600
56260
55520
55690
57910
57470
57620
55370
54660
57490
57080
55960
56810
55190
57400
58760
56900
57610
54680
58270
58110
56660
58550
56910
57760
58320
55650
56010
55110
56050
59200
58490
56900
56710
54441
57141
56761
57721
56131
55421
60441
58061
56061
56361
55030
57781
58081
55650
56010
56970
57440
57130
56910
57090
55240
56860
59210
58500
55590
57490
56010
56190
57720
56610
56950
57620
58670
58410
56220
56920
56490
57320
56510
55670
55330
55140
55010
58110
55810
54720
55550
57940
59320
55960
54711
56820
54710
57671
56101
55471
56571
56171
58511
56241
63061
63091
57860
59271
57201
55520
56860
57430
56310
58030
55510
58030
55570
58260
59570
55210
57540
56110
57080
56510
56030
56620
57130
57190
58630
55590
57460
55570
54790
57410
56500
57450
55880
54800
56680
57670
56750
55910
58760
55320
58581
56431
54331
56501
56201
57511
58381
57331
56301
56741
57281
57440
55840
56040
54970
57750
58570
58130
56680
56410
55740
60370
56210
58760
56270
55290
59400
56420
55760
56560
56160
56690
57880
57480
58870
56200
57590
56490
55810
58290
56500
58060
55490
55751
56780
55711
56861
58601
57151
58221
55871
56901
58261
56450
56641
56681
56130
58950
56780
56580
56010
56330
56800
57050
57880
55340
58480
56740
56150
57500
56340
56290
55770
60060
55580
55840
56350
55380
58540
57610
56420
57640
56370
56980
57721
59151
56081
55331
56011
56961
55791
56221
55441
56851
57611
54950
56200
55110
55550
59330
56010
56550
54340
55520
59260
56700
56340
56480
57220
58440
56790
57090
57080
55880
58020
57100
56690
56460
55270
57960
57460
55850
57020
55760
58721
57750
57681
56571
55211
56401
58101
56061
55351
56800
56851
56700
58390
55650
56650
57040
55730
58460
57130
55080
55850
57140
57750
56420
56370
58600
56740
58950
56780
57140
56940
54520
59060
56830
55460
56720
54361
60431
57571
57331
57681
58871
58641
58641
57341
57881
57380
58190
57630
57030
60620
56660
57620
58950
57380
57380
57180
57730
59800
58740
57250
57980
57110
59170
56970
58610
58340
55580
56280
55980
55690
56621
56051
56191
56091
58271
55771
56321
54910
58251
57220
56340
55790
55340
58350
56510
56210
56960
55480
57250
56820
55360
67870
62100
59090
57590
55500
57020
55160
55890
57520
57180
55920
55820
55861
59741
56101
57621
55921
56331
59201
55711
56230
55730
54450
58110
56570
58050
55820
55600
56670
56800
56500
56520
55430
57250
58160
57470
56070
56050
56310
58440
55710
56540
56901
57070
58321
56181
55981
55801
58451
55961
57290
57030
56080
56690
56570
58000
55900
56090
55980
57880
56250
56550
56710
55700
55370
59650
56120
57710
57610
55980
59460
57730
56000
56430
61960
58601
56541
55741
57131
54391
58181
56810
56460
56510
58160
57290
56110
55920
56380
55280
58140
58170
56500
57840
56380
56060
57880
56130
57160
58450
56160
57980
56740
57330
55350
56241
59271
55821
56881
58491
55291
57431
55901
56680
55660
55360
55880
58510
58410
56230
56800
55910
58000
57310
55110
57180
55610
57260
56660
55330
55690
55680
56930
55910
57381
56881
57301
55931
56291
56331
56330
56030
56850
58060
56550
56880
56260
56710
56010
53430
55900
57860
55380
57070
55000
54760
56220
55860
57870
57870
57940
59011
55301
57411
56611
55741
57841
55600
55350
58870
54650
55780
55730
56640
57890
56490
57370
57450
57020
56740
56140
57780
55370
55860
58190
58270
58050
57011
55881
56461
56971
57111
55691
57511
56370
57621
56850
56160
56210
58200
58120
56330
55410
56620
55170
57280
58530
56990
56990
55820
58450
57820
56440
56870
56340
56691
57491
56901
57181
56471
56000
58800
56380
56490
55700
55270
58580
57390
56460
56560
55770
60090
58220
56450
55710
56760
57370
56980
57250
55900
56040
60611
56801
56391
56691
58921
58380
59890
57530
57270
59260
57210
58430
57600
57170
57010
57610
58290
58860
58020
56980
58030
57910
57220
56360
56321
56451
57631
57871
55181
57181
57811
55750
59690
57490
55850
56260
55420
59780
58430
55700
54980
57450
58800
57520
56720
60830
57000
59740
57061
57491
57661
57851
58571
57110
58661
58700
56660
57620
60750
57580
59460
57570
57240
58660
58210
58390
62710
62060
60700
58790
60600
57461
58331
56941
56111
56301
56041
56240
56670
57000
56820
55820
57460
56130
57890
56640
56340
56110
55770
60690
58230
55240
57560
54620
56510
59371
56151
55971
55611
59301
58491
55460
57750
55640
56930
57780
57080
55990
57540
54850
58990
56810
57550
56240
55660
58570
55730
56380
55710
55351
58381
57511
56481
55550
56580
58290
56510
56630
56730
55200
57610
56520
56110
57050
56270
56110
58100
57320
55190
55170
57161
56191
66301
56071
55381
56681
58070
56250
56650
56650
58610
58440
56010
57300
55080
56760
57330
56850
58360
57030
57040
55670
57911
56711
55811
56671
55680
56121
57080
56440
56930
57710
58230
57880
55970
58540
55630
56030
57640
54960
57200
55870
57200
57851
56770
56531
57081
54921
58130
55900
57670
56100
55340
58410
55860
55780
58170
55680
57000
56910
56920
57300
55360
57700
55800
56171
56211
58531
56871
55040
56720
55550
55440
56160
57560
56020
57800
56440
57520
60150
58800
59300
57950
57630
57220
58731
57501
56591
56771
57431
57110
69331
57050
56120
57490
57900
56760
56290
56530
55340
58760
55090
56000
56790
55740
57280
57231
55961
56881
56691
