75030 
44470 
42720 
37300 
41520 
40160 
40180 
40620 
38630 
37790 
40080 
38180 
37890 
38510 
36880 
39800 
37810 
39090 
37540 
46440 
39360 
40050 
38630 
37360 
36500 
37090 
37540 
39420 
37410 
36970 
38650 
37870 
38750 
36620 
35600 
37940 
38190 
37510 
36680 
37280 
37130 
37950 
36660 
39070 
36430 
36810 
36900 
39790 
36290 
38150 
36890 
37590 
38080 
38410 
36580 
39650 
38020 
39660 
38030 
37530 
38500 
38770 
39040 
38300 
38550 
37600 
36490 
41080 
38560 
36560 
35960 
37600 
37300 
40260 
36750 
37580 
37840 
37240 
38640 
36610 
38460 
37650 
39190 
38340 
38590 
37010 
38100 
38360 
38070 
37770 
38380 
36190 
38040 
38530 
36390 
39070 
37770 
37230 
38320 
38830 
40400 
37980 
37330 
37740 
38790 
38180 
38180 
36500 
35460 
37170 
39390 
37530 
37420 
37850 
37170 
38740 
37210 
37930 
37550 
38370 
37580 
37350 
36080 
37610 
36770 
39230 
36490 
36790 
36380 
36060 
38820 
37120 
40130 
36620 
37970 
38030 
38560 
34730 
37640 
37190 
38080 
37370 
36980 
39540 
35890 
39020 
38850 
37880 
36690 
37090 
38210 
39700 
39590 
38700 
37170 
39690 
41540 
37590 
37030 
37120 
38650 
39180 
41040 
39770 
37710 
37980 
39040 
36750 
37860 
37150 
37900 
36870 
36800 
39090 
35530 
39320 
35550 
39660 
37110 
36870 
37330 
39500 
38890 
35900 
36000 
36250 
38610 
39870 
38620 
37480 
38130 
38100 
38080 
38210 
38100 
37600 
35770 
38460 
37510 
38740 
40260 
39740 
38910 
39060 
36380 
38910 
46830 
39530 
37900 
38640 
37500 
37850 
38010 
38470 
39110 
37510 
37820 
36810 
37740 
36180 
37350 
36060 
35520 
39300 
38010 
37450 
36850 
37090 
38050 
38280 
37480 
37100 
37540 
37760 
38070 
37610 
38400 
37120 
37280 
37190 
38870 
36660 
37170 
38030 
38210 
39700 
38100 
37970 
38320 
37820 
37340 
40540 
36760 
38090 
36570 
38770 
40890 
40060 
37750 
37970 
39330 
38160 
38630 
41710 
60130 
40800 
36940 
36040 
36580 
36990 
38260 
38070 
37050 
37260 
37020 
37060 
37320 
37200 
37380 
37050 
38190 
39600 
37590 
37720 
37580 
39270 
39320 
38430 
39210 
36770 
38670 
37960 
39020 
36580 
36530 
37480 
37260 
38850 
37890 
38720 
37990 
38710 
39320 
38380 
37080 
37710 
37070 
39390 
39040 
36820 
37760 
38830 
38920 
38430 
40810 
37820 
37660 
38380 
39420 
37910 
37780 
37620 
38560 
38200 
37340 
38290 
36000 
38760 
38970 
36670 
37640 
37390 
37180 
40480 
37840 
37690 
36990 
38970 
37460 
38040 
37250 
37820 
37400 
38070 
38250 
37660 
36490 
37650 
37640 
38960 
38050 
40810 
37870 
39370 
36830 
37400 
38310 
38440 
38820 
39100 
38340 
38020 
38340 
38060 
39880 
39920 
39170 
35530 
37370 
40470 
38400 
36960 
36350 
38450 
37960 
40370 
37390 
36350 
36310 
37610 
40510 
37890 
37710 
38030 
40220 
40260 
39900 
37390 
37270 
36940 
40420 
40750 
37770 
37760 
37900 
40940 
38620 
39730 
37600 
37880 
37730 
39620 
40130 
40590 
37320 
39330 
39460 
37040 
38810 
37200 
38230 
38590 
40450 
39340 
37820 
39220 
37960 
57490 
39660 
36310 
37470 
37850 
37950 
39270 
37940 
39140 
38650 
38150 
38450 
37030 
37180 
37470 
38180 
38060 
36210 
38060 
37610 
38900 
39100 
36690 
37230 
37650 
39040 
39030 
36730 
37370 
37480 
37800 
38040 
36200 
38000 
37690 
39410 
39000 
36930 
36730 
37970 
39340 
37680 
37500 
36910 
37230 
37740 
41800 
38030 
37950 
35880 
36310 
42100 
38760 
37470 
37070 
38060 
38700 
50850 
38950 
37630 
36760 
38290 
38710 
36880 
38110 
36720 
38570 
37320 
38990 
37160 
36280 
37710 
39250 
37250 
37210 
37450 
37600 
37580 
38160 
37280 
36940 
37950 
37610 
36500 
38460 
36550 
38470 
41450 
37730 
37190 
36860 
36640 
39740 
37720 
37150 
37690 
38630 
37400 
39640 
38370 
37210 
36860 
40090 
39180 
39770 
38640 
35920 
37030 
37420 
37260 
36650 
37030 
36890 
36840 
36580 
37000 
36690 
37420 
38210 
38650 
37420 
36600 
38850 
37800 
38130 
37620 
38080 
36680 
37040 
38900 
36390 
38250 
37620 
36920 
38990 
38980 
38960 
36700 
35480 
39870 
37500 
37410 
36730 
36750 
39130 
37600 
38450 
39310 
37200 
37610 
77060 
41200 
37390 
44550 
38210 
36670 
37880 
37500 
36230 
37540 
39400 
37240 
36910 
36980 
38840 
36740 
37620 
37370 
36030 
37260 
37390 
38250 
39040 
37350 
38040 
38040 
39660 
38130 
37470 
36530 
36360 
38750 
37050 
37750 
37140 
37030 
39120 
37480 
38990 
37100 
36910 
37570 
41360 
36010 
38100 
36940 
38640 
39240 
36380 
36420 
36190 
42560 
40070 
36860 
38540 
37700 
39600 
38550 
36990 
37910 
36120 
37580 
37950 
39010 
37330 
36950 
37320 
39620 
38340 
36690 
35820 
37480 
39680 
38470 
36340 
38130 
36700 
37550 
39730 
37490 
37260 
37470 
36730 
38040 
39480 
38560 
37910 
37280 
38560 
37800 
39180 
38020 
36950 
38010 
36180 
37780 
37510 
36820 
38570 
37040 
37710 
37380 
38510 
40090 
40570 
37380 
40000 
37390 
36900 
37740 
38400 
37910 
37790 
38520 
39090 
38730 
37810 
37390 
38870 
38060 
38230 
37010 
36150 
38270 
38950 
38410 
36760 
37240 
37690 
37340 
38550 
37430 
36550 
36280 
37740 
37560 
39010 
37810 
36280 
40500 
37750 
37420 
36690 
37580 
38510 
37480 
39300 
36610 
36980 
37250 
37380 
39740 
37090 
36340 
42010 
38050 
38620 
38840 
37030 
38180 
37960 
39600 
36950 
36180 
37690 
36220 
41160 
40310 
37020 
39310 
37610 
41330 
38670 
38270 
36920 
38240 
39240 
38690 
38000 
37180 
37520 
37290 
38990 
37180 
41300 
39470 
38750 
37630 
37450 
37420 
39600 
39470 
38550 
37340 
39390 
38070 
37730 
40340 
38740 
37780 
37450 
36210 
37970 
37740 
37820 
36580 
38080 
37790 
40390 
41070 
36660 
36580 
38000 
38510 
37920 
37760 
37590 
38310 
39180 
38370 
37300 
36760 
37710 
36820 
40170 
37690 
37360 
38490 
39950 
39450 
38030 
36980 
37700 
37190 
38900 
36700 
37240 
37870 
36610 
37470 
41930 
37260 
37130 
36790 
38370 
38160 
38730 
38090 
38180 
37490 
36830 
37410 
35690 
37890 
38730 
36960 
36700 
37260 
35280 
38700 
42140 
38140 
37310 
37490 
38350 
36890 
37730 
37780 
37490 
38520 
38980 
37230 
37610 
37130 
39170 
37430 
38260 
39320 
36830 
36630 
38170 
36840 
37280 
36880 
37430 
36490 
37730 
37790 
36980 
37800 
39630 
39480 
38470 
36750 
38210 
40550 
38140 
40060 
36590 
38530 
37850 
38070 
36920 
37040 
37660 
37500 
39160 
38040 
37990 
37140 
37740 
37070 
40620 
37380 
38990 
36750 
37720 
39090 
38130 
37710 
38290 
38590 
37600 
37360 
37230 
36690 
37420 
38360 
39310 
38190 
37380 
37630 
38380 
37980 
37460 
37650 
38020 
38610 
37920 
36850 
35820 
39110 
38570 
38180 
38090 
38250 
37830 
36600 
38560 
39310 
38160 
36210 
37250 
37140 
37690 
37650 
37210 
36980 
37810 
37930 
38930 
36360 
37540 
37650 
39650 
37700 
36740 
37290 
37240 
38890 
37590 
36840 
37630 
37020 
37590 
37810 
37060 
37050 
37630 
38770 
37590 
36480 
36600 
37090 
38450 
39160 
37480 
36060 
37890 
38540 
40320 
37640 
38560 
35760 
37140 
37650 
37740 
38070 
36840 
37500 
38770 
38190 
37600 
35770 
37230 
36690 
39660 
39760 
35890 
37660 
37810 
38790 
37000 
39130 
37730 
37540 
38690 
40940 
37920 
39030 
38070 
40690 
38090 
38050 
36510 
39740 
38290 
39310 
37350 
37860 
37990 
38000 
40690 
38120 
37480 
36520 
39160 
41450 
37440 
37850 
37120 
39180 
42000 
37510 
37520 
37270 
37690 
39370 
37200 
39920 
38510 
37610 
38570 
39010 
36970 
37530 
37850 
38250 
36360 
37830 
35990 
36260 
40680 
38260 
38400 
37660 
35880 
37550 
39820 
36170 
36460 
38400 
37590 
37970 
41120 
37660 
37690 
37270 
37940 
37930 
36920 
37780 
37630 
37720 
37230 
38270 
37560 
37860 
38320 
37700 
37440 
41050 
37190 
38070 
38150 
37400 
38120 
37300 
37580 
37340 
38590 
40170 
37270 
37480 
37740 
38030 
38210 
37770 
37680 
80010 
43920 
37470 
37910 
37610 
39840 
38920 
35690 
36810 
37450 
37190 
39650 
37500 
37840 
37450 
37010 
37950 
37300 
36660 
37320 
38720 
38120 
37060 
36590 
37590 
39420 
38480 
37910 
37750 
39240 
38750 
39610 
36440 
36540 
39680 
37670 
36670 
39180 
38100 
36410 
37360 
38730 
38970 
39220 
36570 
38020 
39460 
39200 
38030 
37970 
37310 
39450 
38190 
37750 
36770 
37310 
38100 
38520 
38970 
36790 
37680 
36950 
36890 
40210 
37160 
36140 
36920 
37080 
39500 
38470 
37750 
36390 
37160 
37470 
37740 
37140 
36880 
38970 
36190 
38640 
36190 
37870 
39770 
39240 
38090 
35120 
38100 
36320 
37300 
39970 
37160 
37100 
37540 
39470 
39530 
37490 
36430 
38180 
37690 
38090 
38240 
37630 
37420 
37620 
36190 
37960 
38570 
37010 
35660 
39970 
36270 
39260 
36840 
38830 
37780 
38860 
37390 
36730 
38470 
38870 
38280 
36750 
36950 
37190 
40640 
38320 
37930 
37290 
36440 
38370 
37160 
39040 
35140 
36180 
37440 
41030 
36950 
40060 
38590 
38540 
37500 
39680 
37020 
38550 
35900 
38230 
39000 
38470 
50980 
38570 
37160 
39150 
37880 
40000 
61150 
38510 
39110 
39120 
36760 
36910 
37930 
38970 
38250 
38560 
36510 
38040 
37590 
40270 
39070 
37050 
36070 
37280 
36780 
37250 
39370 
37350 
38170 
38280 
38720 
37460 
36060 
38170 
39080 
39480 
38030 
37310 
37050 
37200 
39050 
39360 
37730 
37510 
37580 
40320 
37460 
37160 
38140 
37400 
38500 
39030 
37410 
37650 
37120 
38730 
38330 
40580 
39080 
37050 
38410 
37230 
36810 
38390 
38010 
40610 
38950 
38550 
37230 
37200 
37530 
40540 
37740 
36770 
36970 
39650 
40080 
40620 
36650 
37900 
37520 
38310 
36540 
38500 
37500 
38120 
37460 
36700 
41000 
36880 
37560 
39200 
37410 
37630 
37470 
38440 
37690 
38390 
37460 
36390 
37710 
39550 
38310 
37760 
35310 
37710 
37590 
37020 
48870 
44070 
39560 
38190 
38870 
39600 
38860 
35630 
37080 
39720 
38630 
37700 
36890 
39710 
40300 
39840 
37250 
36840 
40020 
41000 
40580 
39480 
37940 
36610 
39100 
38340 
39880 
37450 
36990 
37190 
39710 
38030 
38500 
38190 
38330 
40020 
38330 
39680 
37900 
37130 
37870 
40640 
38320 
40630 
36490 
37630 
37170 
38260 
78170 
38160 
38490 
45290 
43660 
37550 
39490 
38140 
38320 
39390 
40810 
40270 
38230 
38470 
40220 
40510 
37780 
40200 
38490 
40200 
39860 
39080 
39340 
37140 
37140 
36940 
39320 
37200 
36910 
37570 
38090 
37720 
39190 
40050 
39900 
39260 
37770 
39860 
36320 
38040 
39200 
37800 
38780 
39790 
37620 
39080 
37720 
37090 
37540 
36630 
38320 
40140 
37000 
37910 
39300 
39250 
37810 
38130 
36960 
37960 
37750 
39560 
36950 
37320 
36480 
38460 
40050 
38050 
35930 
37070 
39430 
38370 
38400 
36450 
35530 
38490 
38110 
37550 
36600 
37430 
38610 
37330 
37920 
37560 
36140 
37180 
39530 
38700 
37820 
37310 
37440 
39160 
39360 
37500 
35630 
37710 
36550 
39650 
37400 
37180 
37900 
37550 
43240 
37840 
38560 
37540 
38090 
41320 
38820 
37080 
37990 
38630 
38520 
38080 
38740 
37340 
38470 
39180 
39000 
38350 
40910 
37160 
38450 
40310 
37600 
37000 
37890 
53290 
40270 
38390 
37550 
36490 
38140 
39640 
41520 
39260 
37100 
37630 
37480 
37800 
37970 
37810 
38350 
37050 
38210 
46440 
38290 
37470 
36700 
39510 
37580 
37040 
38100 
39170 
42050 
39220 
37070 
37180 
37370 
37710 
37600 
37710 
37870 
39330 
39270 
38060 
36900 
38940 
37470 
38000 
39030 
37900 
38840 
36190 
37790 
40770 
37440 
37520 
36960 
41110 
39390 
37340 
36070 
37520 
37110 
39560 
36840 
37530 
37260 
37620 
37720 
36140 
38070 
37740 
37040 
39370 
38000 
37270 
36720 
37400 
39520 
37720 
38080 
36780 
37110 
37790 
36920 
37250 
50090 
38350 
38920 
38280 
39280 
39690 
38700 
39980 
39270 
38570 
37900 
36830 
39050 
38920 
40160 
37510 
36720 
39400 
38540 
39660 
37840 
38170 
37650 
38190 
39000 
38760 
36800 
39810 
37540 
38030 
40170 
36820 
37390 
36610 
38610 
38260 
37300 
36670 
37590 
37850 
38360 
37330 
41980 
37590 
38630 
39230 
37930 
37890 
37050 
37290 
38840 
37340 
37870 
36810 
37580 
39500 
38450 
38920 
38270 
37390 
38200 
38410 
36460 
37120 
36540 
39660 
38100 
38630 
37800 
36100 
38190 
41550 
38780 
38190 
36490 
38230 
38990 
38370 
36710 
35790 
38520 
38520 
37450 
37390 
36860 
42290 
38540 
38720 
36270 
37700 
38390 
39650 
39130 
40800 
37390 
36940 
37950 
39610 
36980 
36920 
36250 
37400 
38610 
37560 
38000 
38460 
37860 
39890 
39780 
38520 
38350 
39140 
36900 
38680 
37650 
37650 
37630 
37980 
39560 
36720 
37780 
37940 
37940 
39840 
38340 
37320 
36720 
39180 
40910 
38710 
38560 
37560 
37710 
38550 
38340 
38800 
38430 
37700 
37790 
37250 
37620 
36340 
37790 
37660 
37490 
37710 
37380 
38250 
38960 
38500 
37810 
36390 
37690 
38020 
37440 
39260 
37830 
37780 
39870 
37880 
40630 
38520 
37440 
37530 
37920 
38160 
36500 
37710 
37960 
39470 
38400 
39750 
37690 
37550 
36580 
39090 
36840 
36450 
36560 
36740 
37730 
37680 
37330 
36420 
36930 
38890 
37940 
38600 
36770 
39260 
38640 
38490 
37260 
39220 
36880 
38740 
38210 
38970 
38710 
37770 
38240 
38430 
37470 
37850 
37020 
38530 
39040 
39980 
37560 
37270 
37950 
40830 
38290 
38300 
36110 
38470 
37790 
38670 
36860 
37520 
36880 
38950 
37420 
37360 
36900 
36790 
38200 
38700 
37310 
38590 
37080 
38510 
37100 
38900 
36050 
36410 
37470 
37850 
37340 
35840 
38240 
36850 
37610 
37920 
37050 
36740 
38240 
38600 
37870 
36470 
36950 
37700 
40350 
39350 
36990 
38750 
37170 
38340 
38020 
38240 
37910 
37910 
39650 
40270 
40150 
38050 
36930 
38180 
38210 
37100 
37170 
40410 
37230 
39270 
38020 
49560 
37680 
37870 
37010 
38500 
38190 
38250 
37730 
40230 
39210 
39660 
38870 
38490 
37120 
38050 
38640 
37500 
37840 
37650 
37660 
38170 
38800 
38290 
37620 
37990 
74840 
75610 
38950 
37840 
37810 
39360 
37180 
45520 
41440 
41130 
38200 
39580 
36340 
39210 
38290 
38110 
37160 
37370 
37150 
38120 
38260 
36620 
39050 
36480 
37780 
41170 
39500 
37230 
37510 
37260 
40820 
38800 
38230 
38430 
37320 
38150 
38390 
38010 
38420 
37160 
37970 
38960 
38520 
38200 
36990 
38780 
38970 
39130 
38240 
38800 
38480 
37830 
38430 
37250 
36950 
36460 
38710 
39370 
38430 
36350 
38540 
37900 
38190 
38610 
36680 
38840 
37300 
38830 
39440 
38100 
37120 
36980 
41920 
40070 
37140 
38330 
37780 
38630 
38190 
36370 
38220 
37570 
37920 
39430 
36960 
37880 
51880 
40890 
40030 
37050 
36240 
36770 
38240 
38130 
38010 
37970 
38240 
38810 
39370 
37610 
39210 
36500 
37230 
37740 
37640 
36530 
37040 
39460 
38480 
38620 
38050 
37050 
