51950
24530
21990
20120
23210
21090
22340
21710
21230
21290
22830
23260
22760
21880
23190
21490
56460
55410
56290
58590
57931
56620
56521
59690
59721
56960
58901
57931
56271
57931
55411
56701
59411
57861
56821
55651
56751
56411
58061
56340
56321
56440
55970
55860
59490
59000
57420
57530
58310
58160
58390
57870
57010
58780
58520
56700
56300
56230
58200
58710
57510
56970
56620
57510
59460
59470
57440
56960
56710
59190
58520
57960
56770
57890
59180
57350
57580
55770
56670
59740
56200
57140
56200
55500
59550
57220
57100
56630
55800
58030
57440
57330
57940
55730
57920
58550
57130
56060
56151
56471
58251
57221
57571
56451
56561
57641
58111
56401
55411
57541
58201
57491
60791
58231
57591
57010
59301
57190
57371
56320
58500
60300
59510
57770
57410
56530
58810
57240
56200
57850
56210
59780
58050
57050
55950
58610
59360
56650
55920
57110
56430
56240
58360
56050
56660
56160
58470
58850
56910
58590
57810
57310
58700
56320
57760
55460
69410
59440
57890
58060
56930
56160
60800
56580
61760
56840
55600
58091
59000
57811
60160
58041
57581
60221
57831
57071
56131
56961
58301
57221
56591
55811
55891
58471
57821
56681
57141
56850
58151
65280
62070
60300
57330
56220
51410
58770
59590
56930
57070
59040
55980
61410
58000
57770
59420
57180
56660
57130
56310
59520
56630
56100
57990
55650
59000
56140
56570
56390
56320
57120
56980
58580
59820
57750
57510
58510
55840
56970
56040
56930
59760
55730
56310
55580
56790
56260
56450
58440
55610
56720
57350
56640
57051
56870
57611
56070
58281
58041
56141
56921
57761
57321
57651
56681
57611
55931
58001
56921
55741
56381
55930
58041
57250
56680
57660
55690
58280
59390
56940
57060
56250
58240
59030
57510
58010
56010
56470
59600
56280
57000
56770
56840
58590
57030
57030
54660
56190
59280
58870
57070
57220
55850
59320
57000
57140
77310
60960
59900
59350
59280
56660
55680
57030
57420
57130
55950
56620
56650
57310
58440
57740
57980
59350
59220
58130
58340
56550
56920
58160
57670
57551
56100
58361
56050
58651
56960
57591
56341
57491
58271
56931
56741
56421
55431
58281
55881
55981
57071
56241
58571
58650
57320
56930
55930
58910
57080
56290
59530
56470
57520
59230
57310
57900
56240
55550
58160
55970
57190
56110
56220
55830
55920
57560
58000
57190
56320
56000
57380
55820
56190
58160
56890
61070
57130
56950
55540
57350
58150
56490
55710
56510
59400
58010
55900
56730
56580
57140
57320
56450
56240
56220
59040
57770
56210
56320
54600
57771
60790
58271
57400
55761
55391
61071
57921
58581
58781
57371
59881
58201
58331
55161
57201
58521
56721
57211
56790
56771
58421
56160
55770
56290
54720
60890
58230
57350
56350
55190
57110
57320
58210
57310
56400
56970
56750
57020
57450
56030
56600
57000
56960
57940
56090
58160
59730
56080
58060
56790
56230
59510
57280
59610
56420
56850
55730
57140
57850
57050
56820
56010
56980
58250
56360
56570
56320
58110
57930
56240
56120
56690
57630
57400
58360
56540
58541
59100
57891
57010
57010
56271
57261
58221
57071
58941
56001
57291
60021
57841
57881
56461
58191
60021
57631
58471
58601
57751
60551
59661
58200
60941
56350
59731
57530
55990
55610
56210
57240
57900
58520
56160
56020
57360
57750
58740
57410
58670
57830
56640
57370
57190
56340
57530
58780
60450
57520
56480
57730
58760
57880
57650
55290
57570
56740
59600
55900
55620
57440
57260
59030
56510
56870
57700
56340
59070
57590
57010
55610
56500
57930
58060
56660
58220
57290
59500
58440
57350
57561
56150
57630
59121
57090
56311
56931
56301
57971
56751
58011
56031
56371
57301
55871
57311
56531
58521
58721
58431
58541
56420
56810
58120
57720
56590
55910
57370
56280
56550
57580
56920
57520
56820
58740
57400
55170
57470
58250
59450
58370
58710
57350
57580
60930
57690
56830
57530
56200
58590
57390
58480
57270
57030
56710
57810
57070
58130
57100
58170
58580
56910
56320
56110
56830
58980
57160
58890
56820
58510
57740
56340
57290
58080
56880
57380
56950
57960
56130
56310
55770
57590
57290
56991
56900
56210
57931
56941
56790
56361
56761
58041
57861
57341
56941
58391
57741
57171
56421
54921
56681
57651
57751
56621
55361
55890
55970
59120
57320
57040
57840
57530
57770
56890
56280
57870
57300
59190
56350
58310
57690
55970
58070
56660
58410
57060
55000
59630
56790
56380
56500
56450
57430
56880
55750
57050
55110
55120
57430
55980
57390
55510
67500
63290
56680
61610
55640
57330
58340
56720
58650
56020
57020
59180
56530
56780
55390
57070
58140
58090
58330
58390
56370
56890
56881
58320
57360
55250
57121
57181
59381
57321
55841
56251
56581
58791
56551
55721
57251
57841
57431
55991
55751
56211
56521
58211
57320
56701
57470
55850
59380
57021
56370
57460
56470
60250
57520
57120
57080
56460
59910
56680
57150
56820
57630
58950
56500
55590
58290
56700
57480
57710
57470
56510
56110
56900
56690
58190
57720
55560
59750
59580
57110
57810
56250
57280
58710
57410
56790
55420
56980
58960
56160
57220
56340
56280
56980
58640
57680
56720
57150
55430
57210
57520
57090
57800
57870
56490
60220
57420
56360
56531
56850
57451
55981
57351
56321
57381
56511
57931
57881
56571
55861
58061
55771
57251
56841
56161
60591
56561
57481
57641
58400
58940
56680
56210
56250
57050
59230
55780
58250
55910
56240
59350
57030
56200
57050
56130
57210
68770
60060
58540
56540
56160
58430
59080
59890
58090
57340
57340
58110
56370
55880
57360
57490
58760
57200
55950
57120
58760
58890
57520
57020
57280
56810
59310
59500
57740
57360
57080
58750
58340
57710
58000
56670
58840
57380
57860
56660
56800
59330
56870
57250
56301
55600
59101
56070
55871
56991
56041
55981
57261
56271
57401
56471
56821
58011
56341
58291
56261
56871
57641
56501
56781
56121
56641
58651
56050
58090
56740
57120
58320
57860
58070
56380
56860
55450
60600
58110
56820
57940
56810
58320
57580
56070
56050
56370
58040
56240
56390
57390
57130
58610
57150
56960
56120
58510
57850
57510
57110
56500
56140
57200
60160
57740
58190
60670
61960
59590
57380
57270
56300
57260
58210
56770
56910
57190
56240
59180
57880
57150
59810
56060
58610
57860
56740
57920
56650
57230
58270
56661
57200
58361
58671
58361
56661
56591
54991
57411
58081
57121
57081
57481
57941
60981
57971
58281
56221
58041
59031
57921
56121
55820
56620
57730
57910
58280
58190
57360
57410
59830
56040
56750
69360
57730
58670
58110
58820
57520
57610
58910
59390
56840
57170
56090
59500
58110
58860
58750
57910
58220
58980
58250
59820
57380
58330
59340
57280
59150
56980
56640
60280
57740
56520
57090
56950
59710
58380
56250
56580
57180
60230
58110
58030
55810
70300
57040
59270
58580
57690
57630
59190
59700
57640
58220
57450
57560
59961
59530
62761
58291
57991
58001
58091
58581
58261
58471
60121
58671
58091
57621
58271
57341
60681
57240
58191
58171
58231
59831
57390
58100
58930
57880
60360
58740
57340
57200
58160
60090
57030
57360
56160
57670
58850
57900
57300
58000
56530
59710
57160
57110
56770
58000
58110
60000
57030
57400
57320
56950
58390
58140
58460
56720
56830
58830
58660
59420
57040
57710
58810
57070
58760
57790
58860
57770
57330
58450
57420
56900
56890
59260
58290
58180
57760
57900
60110
59030
57370
57820
59120
59341
58420
57640
56521
56020
59521
59010
57181
57351
57091
56561
58801
57751
59291
58781
57621
59731
58981
58661
57331
56601
60011
58751
57161
57420
56641
59540
58981
58320
57100
57940
60040
57600
58620
58350
57260
57940
59030
57670
57700
56520
57600
58960
57920
57870
57200
58250
58250
57920
56770
56840
58230
59870
58990
56740
57060
57880
58680
57930
59640
57330
57390
57670
60250
57800
58190
57560
57500
60520
58960
57760
57120
56410
60280
57580
58810
57940
57500
60200
57910
57480
58750
56660
58940
59380
58750
57200
57440
57890
58760
56920
58190
57760
58350
59481
57930
57991
58021
58061
58181
57601
58611
56811
57761
58361
59191
57791
56621
56841
60541
57571
58371
56671
57881
56391
60830
59181
59151
58090
68010
62351
58470
57330
57210
56480
57440
59690
58340
57260
56200
58470
58270
56980
57300
57680
58900
57440
56160
56040
55680
55810
59210
57150
57500
55920
56790
58620
56410
56430
57570
56060
59320
56720
56470
57480
56420
58240
56390
57060
58560
57710
59100
58470
56090
56480
56710
57100
60290
57730
57990
56560
64710
62730
58920
57500
57070
57630
60030
57160
57710
57890
57250
60380
56420
57080
60061
57260
60100
57921
57890
56471
56861
57161
58791
57341
57351
56241
57021
57461
59511
57551
57271
56431
57591
57481
57561
57711
57560
58081
57780
58660
56650
56110
58330
56720
58280
56690
55430
55980
60280
58270
56810
59140
58030
58710
58580
57720
56830
57160
57900
57350
57050
55420
56590
59470
58670
58360
56140
56020
58310
57490
57210
55690
55560
57630
57950
56020
56140
55050
56840
58970
58580
56720
56150
58520
57760
56170
56030
56970
57270
58530
57020
56820
56010
56900
58280
57820
57960
57250
57250
56800
57980
56390
57040
57200
56120
59830
56831
57620
57190
56811
58850
57321
57231
56731
57881
58581
56561
57521
56451
55861
59511
56991
56581
57471
56321
57271
58531
56851
57081
55901
57701
58770
56211
55990
57510
58240
58611
56120
56190
57190
58900
58680
57700
58010
55590
56920
58330
56800
58530
57010
58490
57460
58540
58160
57770
57160
56160
59230
57140
57260
57150
56340
59770
57970
58000
59150
57560
58560
58190
56820
56170
56580
58020
57760
57070
55620
56070
56500
59190
57410
57570
56560
57110
59020
57550
57140
56160
56500
58730
57530
59340
57150
55880
58810
57280
57720
57361
56090
59250
58520
57691
57601
56170
56981
58681
57601
56531
56491
58021
57611
56801
56891
55001
57341
57471
58821
58461
56081
58081
58831
57451
57461
55001
56750
58751
56490
56341
56860
57160
57070
60290
57140
55730
56440
57140
59170
56940
56310
56980
56780
58540
57880
56260
56600
57110
59250
56570
56870
56980
56350
58960
57110
57810
56220
56340
56760
75230
60800
57100
55760
56870
58090
55570
57200
55790
65800
62510
56630
57270
56300
56430
59150
57190
57070
55770
56540
58670
56730
56910
55320
55790
57910
59330
57930
57120
55980
57070
58290
56810
56560
56220
58840
57551
56060
57650
55500
56590
57551
59841
58901
58201
56390
58801
57291
57771
56411
56221
57301
57711
56781
56221
55981
56401
57921
56691
55961
59931
56681
58741
56450
57201
55840
57030
59610
58270
56620
57700
55410
58290
56070
56380
56400
55550
56930
58980
56930
57700
56210
57240
57400
57860
58620
57590
57420
58120
55890
57280
56340
55880
59190
56120
56830
55960
55860
57580
58840
58350
56780
56770
57040
56460
58210
55710
56550
56010
58620
58430
57950
57590
56770
57470
56720
57060
56360
57670
62060
59910
56570
56370
57100
59220
59060
57960
56740
56490
59550
60790
57330
56600
56250
56720
58000
58871
58270
55401
55911
58331
57271
57671
56731
57511
59581
56691
56571
55811
56211
60161
57151
57231
55861
55481
57211
58211
57111
56950
56831
57561
59161
58000
56600
55501
58330
57400
57560
56160
57040
56470
57760
56850
57790
55720
57000
57480
57880
55960
56770
58150
57330
59090
57150
56670
56730
59400
58510
56550
56440
57020
56800
60570
57600
56000
56610
55650
58530
58290
57740
56640
56560
59220
57360
57740
56580
55570
56810
56780
56440
56230
56690
58140
57350
56900
58140
56250
57150
58370
57260
56680
56930
56790
57680
57160
57980
55730
56580
58390
55940
56680
56450
55070
56790
58071
57350
57161
57130
56920
57351
58541
57640
57001
56151
58071
55641
57761
56841
56781
58891
56891
56551
56461
57141
57901
56781
56301
57041
55311
55661
58021
56910
59321
57260
56641
58641
56210
56190
57190
57550
59570
57240
75670
60510
57350
59870
57470
56410
55890
57540
57990
56470
57500
55640
57020
57290
57360
57960
57070
56220
57240
57980
57780
58120
55520
56900
58950
56480
58940
57430
57380
58170
57420
58960
57290
57090
59560
64470
59930
56860
56860
56920
58310
58490
56230
55990
56760
58290
56510
55880
56720
56550
56770
58400
56760
56610
56600
57440
57580
56800
56350
55540
58770
56840
56340
56740
57020
57630
59130
56681
57031
57291
56431
59050
57041
57291
56731
56781
59281
58341
57291
56801
56461
59481
57381
58091
56861
56121
58791
57401
57271
56150
56581
57650
58091
56921
56020
55980
58370
56920
57400
56980
57350
57350
58550
58090
57040
55660
57750
58040
57660
56290
55920
56910
57300
57440
56400
56190
59800
57030
57010
56490
56830
56980
57410
58420
56900
56370
56820
56960
60380
57580
55750
56930
56090
58580
58040
56680
56170
56520
59750
57000
57610
58670
56900
57030
57240
56580
56440
55610
55990
56690
58880
56900
56890
57990
58630
56720
