84040 
53450 
44110 
47560 
44920 
42140 
66560 
59350 
60410 
45790 
42960 
43450 
41520 
47040 
44010 
46010 
39770 
39690 
43160 
42540 
43000 
39690 
39380 
40370 
41110 
43460 
39680 
39440 
43150 
40330 
40410 
40550 
39670 
41300 
41810 
44360 
42080 
42810 
40840 
42330 
43620 
41560 
38710 
39350 
42510 
43210 
41020 
40320 
40410 
40960 
41740 
44700 
41910 
43830 
41140 
41990 
41710 
42590 
40930 
40490 
42870 
40650 
40020 
41060 
40730 
42080 
40360 
42200 
42560 
41020 
40520 
39990 
53030 
46370 
39760 
40310 
40960 
39590 
44690 
40640 
42180 
41660 
41190 
41090 
41390 
39140 
62640 
58710 
56270 
43610 
42530 
41980 
39320 
41600 
41250 
39540 
39670 
43530 
40970 
41790 
39940 
40270 
41710 
42210 
40220 
41100 
39140 
41430 
41030 
41950 
42430 
41150 
38600 
41750 
40400 
43310 
39120 
41990 
41140 
41550 
44330 
40710 
38480 
41510 
38390 
41880 
42140 
39560 
42650 
41840 
42180 
40890 
39640 
39730 
39930 
42580 
39760 
45570 
40350 
39880 
41690 
43060 
38800 
40710 
39040 
42450 
43940 
41050 
41700 
39220 
42690 
42680 
41840 
41610 
43310 
44430 
41890 
43240 
40990 
39040 
43430 
41820 
42830 
40990 
39930 
39820 
63950 
64790 
58730 
61390 
41360 
42990 
40390 
42080 
42610 
40670 
40110 
41670 
41620 
41380 
42510 
40880 
41790 
42250 
40600 
41260 
41320 
40690 
40690 
40980 
42070 
42250 
39900 
44180 
42560 
40780 
40310 
41680 
43270 
41490 
39420 
40340 
39320 
42360 
40960 
42630 
43220 
40600 
40160 
40310 
40530 
43640 
43790 
40380 
42260 
44150 
42410 
44440 
41940 
41740 
41140 
43130 
40680 
39850 
39640 
41540 
42860 
40750 
42830 
43730 
42930 
42770 
41900 
43550 
42360 
40970 
46520 
43700 
41570 
57150 
45400 
44790 
43940 
44260 
42110 
41760 
42540 
64550 
59660 
58980 
57820 
42830 
43130 
42620 
39780 
42930 
42030 
43980 
45040 
40900 
44300 
43180 
41850 
44160 
44450 
43320 
45560 
43690 
45450 
41060 
43540 
42740 
42810 
44660 
41630 
40410 
44030 
42820 
45900 
42920 
44690 
46010 
41520 
42990 
43520 
40810 
42680 
41760 
43080 
42700 
47020 
43500 
42280 
44230 
43230 
41060 
42330 
42670 
43090 
48220 
43990 
42800 
42500 
40820 
46710 
42110 
42470 
42360 
43080 
44210 
45260 
42240 
42420 
42010 
43780 
44070 
44150 
41900 
44470 
45320 
44510 
43430 
41390 
42220 
41650 
43270 
44060 
40900 
44450 
65370 
58880 
56980 
50220 
45950 
40620 
41480 
44570 
40550 
42630 
41440 
45310 
45080 
43840 
42390 
41130 
43290 
45390 
42980 
5074930 
5138360 
45490 
45620 
43640 
41640 
44370 
40690 
61490 
60100 
62920 
39860 
45660 
43410 
42650 
44160 
40340 
40430 
41730 
44920 
43860 
40150 
44720 
44920 
41600 
42080 
5079690 
5072690 
5074620 
38300 
39940 
41830 
39030 
41350 
39750 
41020 
38470 
39400 
40520 
40530 
40250 
37890 
39290 
39870 
40690 
43740 
40540 
39160 
39890 
40300 
41570 
40430 
42370 
39540 
40210 
42890 
41270 
38610 
40020 
39030 
40620 
43440 
39050 
41300 
41320 
39930 
40840 
39940 
40440 
39650 
41310 
44270 
39050 
39670 
38670 
39230 
43020 
40610 
42020 
40040 
39260 
41780 
40110 
38810 
39140 
38060 
41130 
39980 
38730 
40570 
38920 
39340 
40370 
41110 
42210 
42070 
40460 
40380 
43970 
40740 
38460 
38730 
40650 
46160 
50740 
42800 
39710 
40340 
40540 
40310 
40990 
41910 
40630 
45880 
41160 
40670 
41670 
39270 
44620 
41130 
42310 
39400 
39910 
40960 
39240 
37740 
42850 
39970 
40670 
38940 
39740 
40450 
38510 
41040 
39580 
42800 
41150 
40280 
41430 
40860 
39870 
40830 
39040 
38610 
55340 
43770 
42640 
38940 
41450 
41310 
40030 
39850 
39550 
43080 
41980 
41080 
40760 
40980 
43020 
41560 
44720 
41120 
38350 
39580 
37820 
39630 
41150 
39490 
41230 
39480 
40860 
42190 
40320 
42650 
40260 
38230 
40810 
40460 
39100 
39160 
39930 
41910 
39780 
41270 
39810 
41310 
42080 
40390 
40800 
39200 
39990 
40450 
39950 
39540 
38930 
39250 
42100 
40240 
43310 
40990 
38210 
39900 
39180 
39920 
39610 
39060 
40220 
38390 
43940 
41720 
43560 
42160 
40450 
45130 
43360 
41680 
41770 
40240 
41720 
42320 
44710 
44880 
42830 
47340 
42680 
42660 
41400 
40400 
41120 
41250 
40210 
41020 
41080 
40860 
41780 
42570 
42260 
41330 
40010 
39860 
41010 
40970 
39570 
40340 
41040 
40860 
40340 
40280 
41810 
40260 
38410 
42170 
39800 
42750 
45060 
41170 
41390 
40290 
41530 
39970 
40250 
41660 
39970 
41930 
42370 
40460 
42860 
40260 
41090 
40210 
38840 
42180 
42150 
42860 
40020 
40710 
39490 
41120 
41950 
41510 
40550 
41970 
41260 
40320 
40120 
39650 
40890 
41820 
39030 
40400 
39930 
43180 
41600 
40700 
41250 
41310 
40810 
40870 
42130 
41810 
40600 
40070 
40180 
41290 
40860 
40570 
39770 
39160 
38660 
41210 
43390 
40620 
40200 
42590 
40520 
39460 
39130 
39050 
39100 
42370 
40290 
40410 
41650 
39430 
44180 
40130 
40900 
39070 
40100 
40980 
40090 
41790 
42490 
40710 
40010 
40230 
42500 
40940 
39030 
41030 
40110 
42330 
41660 
39390 
40510 
40880 
42660 
42020 
40510 
41360 
39560 
41480 
39650 
40550 
41380 
42190 
42510 
39650 
40230 
40040 
39970 
40940 
41700 
40750 
40800 
39200 
40140 
41620 
39930 
38990 
37770 
40820 
41760 
41220 
44780 
41850 
42170 
43920 
40790 
42900 
42630 
42150 
42570 
40630 
41890 
41000 
40820 
43220 
45300 
43130 
41550 
42160 
41580 
42680 
42570 
40010 
40970 
43530 
43800 
43420 
44180 
43010 
43400 
40870 
41090 
44760 
43840 
42070 
41150 
42910 
62640 
63100 
60320 
46850 
44790 
41370 
41810 
43750 
40380 
46080 
40990 
41810 
43210 
42660 
43980 
44230 
43520 
40760 
44170 
44280 
44000 
43910 
41020 
45490 
42850 
44950 
39890 
41620 
45660 
46820 
45710 
41120 
42940 
40800 
43710 
44210 
45410 
41760 
42890 
41470 
44490 
45790 
40160 
42690 
41310 
41170 
44490 
43010 
41990 
41780 
41970 
44880 
44050 
44090 
45190 
42150 
43840 
42140 
43670 
43040 
41520 
43390 
40800 
43320 
44970 
42440 
41660 
43230 
41560 
43650 
41820 
43310 
43680 
42270 
40970 
43540 
41840 
43690 
46290 
62810 
60570 
59660 
45880 
43740 
43490 
40460 
40910 
42270 
42450 
42560 
43300 
43410 
42030 
42430 
40850 
40980 
40800 
41200 
41000 
43660 
41190 
40740 
40450 
47340 
43910 
43610 
42520 
40580 
42590 
41510 
40900 
43640 
40010 
41540 
43340 
43040 
43060 
39960 
40490 
40670 
42950 
43970 
40600 
41850 
42830 
42980 
41660 
41700 
40600 
44600 
42440 
89460 
43070 
41930 
88180 
82130 
83650 
80510 
80730 
58860 
20390 
56350 
52980 
52330 
53250 
51700 
56400 
56410 
43290 
46040 
43970 
42330 
42220 
40400 
42730 
43090 
44070 
40800 
41470 
43170 
42870 
41880 
42700 
42430 
42020 
43110 
41700 
41740 
41220 
42080 
41900 
45330 
42950 
42010 
40970 
41040 
44270 
42420 
46060 
44060 
41520 
42880 
41710 
41020 
43030 
40030 
41630 
43210 
43600 
43520 
42140 
43200 
43820 
44880 
44120 
41650 
41820 
42650 
43050 
43130 
42240 
41370 
42960 
43630 
46910 
41350 
42740 
45670 
43310 
43080 
42310 
42210 
60390 
59380 
59700 
44620 
45030 
41430 
41250 
44010 
44910 
41550 
40450 
40810 
43670 
41810 
43170 
41020 
41850 
42360 
43230 
5074530 
5136690 
46830 
42600 
41660 
43670 
40260 
41440 
42370 
43340 
42240 
41930 
42370 
42450 
41480 
42590 
42510 
43480 
41690 
43140 
43150 
42720 
41530 
44290 
43560 
41910 
40970 
45770 
43510 
42500 
41330 
43680 
43140 
43530 
40130 
42810 
45190 
43110 
42140 
42390 
53370 
45020 
43120 
44920 
41880 
42830 
41410 
40500 
40470 
41200 
42730 
42980 
40570 
48090 
43250 
44280 
43830 
41980 
44030 
42460 
42760 
41850 
40280 
44880 
42290 
70050 
60810 
58080 
42560 
44280 
39520 
41880 
40050 
44350 
42060 
41630 
40040 
49060 
44170 
46630 
41550 
41050 
41110 
43500 
5074670 
5088790 
39130 
40840 
42250 
40420 
47020 
43860 
39820 
45640 
41240 
40840 
40340 
37870 
40670 
40120 
40690 
40500 
39440 
44740 
42750 
39760 
39280 
38520 
40390 
39580 
39440 
42760 
39180 
40770 
40710 
41340 
43140 
39090 
41770 
38120 
40520 
40680 
39620 
39720 
38810 
40800 
41590 
40940 
40180 
38950 
42300 
39760 
40450 
39080 
40870 
40600 
42980 
41960 
38370 
39790 
39260 
40430 
40570 
41060 
38480 
37670 
46720 
46220 
46040 
41090 
42160 
44160 
40870 
43210 
39120 
38290 
40000 
40810 
41030 
39580 
40020 
41860 
39770 
42260 
41050 
39290 
40370 
40530 
41630 
41950 
39970 
38180 
40310 
40730 
42970 
39980 
40440 
39280 
41950 
41560 
40380 
40920 
40420 
40170 
42300 
41100 
41050 
40330 
39150 
40670 
41210 
40060 
38910 
40270 
46240 
41650 
41960 
40980 
40220 
39460 
40270 
42730 
38130 
42200 
40430 
39670 
40670 
38400 
37880 
40710 
40530 
40300 
40760 
54550 
43600 
42010 
40590 
39280 
38140 
43220 
41360 
40230 
39370 
40590 
39470 
41670 
42100 
39730 
38770 
39540 
39740 
41440 
42230 
38820 
39020 
41160 
41910 
41950 
41600 
40440 
39310 
42290 
39830 
39550 
40190 
43960 
43330 
40190 
40970 
39990 
38030 
42280 
45490 
46500 
41980 
37280 
39320 
42620 
39960 
38700 
38160 
38460 
40730 
41050 
40910 
37910 
38840 
41240 
40990 
40850 
43020 
41130 
40750 
43530 
44600 
39770 
40960 
38860 
39910 
41380 
41790 
43480 
38390 
41140 
44440 
40990 
41600 
40050 
42640 
42660 
40140 
39730 
40210 
40590 
40940 
40640 
39540 
38140 
40440 
41120 
43620 
41910 
46260 
39360 
41430 
39750 
39230 
39840 
38820 
42850 
41100 
41650 
38830 
41170 
41790 
39020 
40780 
39340 
38420 
43790 
41140 
39490 
40500 
39380 
39430 
40400 
40930 
42670 
59130 
43990 
41990 
40930 
39870 
40470 
39230 
42920 
44740 
41010 
47070 
43470 
43070 
44410 
40200 
39960 
39910 
43170 
44040 
39730 
42280 
42430 
45370 
43310 
44770 
42210 
40690 
39820 
41270 
39540 
40580 
39190 
40550 
42180 
39750 
44770 
42190 
41080 
39620 
39070 
39530 
42620 
39560 
39300 
39900 
39560 
43960 
39000 
45860 
41450 
40310 
43620 
41510 
39840 
39480 
39960 
43890 
39760 
41680 
39740 
45530 
43150 
39710 
39600 
37470 
38980 
38540 
40000 
38590 
38010 
38090 
41370 
41580 
39430 
58300 
44080 
43430 
40570 
41050 
38910 
39350 
40910 
39010 
40400 
38800 
39360 
40660 
41330 
40120 
38390 
39900 
39800 
41610 
43520 
41540 
38380 
41860 
39680 
41170 
40420 
42390 
39970 
43960 
43350 
42890 
38670 
41220 
41940 
41720 
44730 
42080 
46150 
41630 
45970 
43900 
44330 
42090 
43570 
42940 
41510 
41490 
41210 
39690 
41080 
39970 
42420 
43100 
40210 
41940 
40290 
40410 
42390 
40840 
42100 
40990 
42330 
43400 
42690 
42370 
39950 
41360 
42130 
45140 
44080 
41070 
40990 
43280 
42160 
59010 
58130 
43620 
44020 
42950 
40430 
41300 
40400 
43500 
43840 
41180 
40410 
45120 
41690 
41740 
43170 
39490 
39510 
41010 
41300 
41970 
40560 
41460 
40110 
41170 
43300 
41510 
38910 
42620 
42850 
43520 
40300 
39830 
39730 
40790 
42840 
42210 
39790 
40420 
41390 
44100 
40900 
40140 
40770 
43230 
41790 
45210 
41430 
41100 
41970 
41680 
43090 
39400 
40510 
40190 
41970 
43790 
40890 
39430 
39950 
41820 
43390 
40500 
42950 
42960 
40990 
44760 
41520 
39920 
43280 
42160 
45910 
45390 
41730 
41040 
45280 
43460 
42770 
42530 
57970 
67450 
66160 
45010 
41690 
40120 
39350 
42050 
42230 
42590 
40270 
40180 
41410 
41750 
41720 
41350 
39700 
42740 
41140 
47030 
41420 
40590 
40190 
43350 
44770 
42450 
39150 
40630 
40920 
44160 
42310 
53220 
44170 
43160 
41300 
43880 
41750 
41510 
40290 
42310 
42540 
41090 
40590 
40640 
40360 
42710 
40470 
40270 
38900 
41930 
43190 
41940 
42650 
38960 
43720 
41770 
42270 
47150 
42440 
42630 
43470 
43020 
44020 
41310 
42920 
43680 
45660 
45040 
45650 
45910 
44640 
42790 
44390 
43480 
47210 
43500 
42980 
42730 
41640 
58960 
60240 
58440 
42920 
44870 
46000 
43550 
43720 
44270 
44770 
42380 
40660 
41570 
44320 
42190 
42710 
40450 
41130 
43170 
41800 
42760 
42040 
44140 
43990 
64760 
50950 
41540 
40140 
43920 
43210 
44200 
41880 
41500 
45020 
42820 
48170 
42930 
41050 
42860 
43610 
43990 
47070 
41340 
40600 
43540 
43540 
43690 
45910 
43250 
43360 
45110 
42290 
40930 
41620 
41670 
44020 
43720 
42620 
42540 
44200 
42400 
45360 
41350 
42160 
41690 
44380 
45270 
53760 
44750 
40740 
44760 
43140 
45130 
42510 
41370 
44870 
43180 
43870 
41480 
41620 
44160 
63590 
58060 
61290 
57630 
45330 
41490 
43240 
43770 
40980 
42910 
44410 
43360 
46240 
43090 
43510 
42770 
43900 
45130 
43340 
5076980 
5077480 
5130540 
47100 
41900 
42020 
46130 
41510 
44950 
42980 
47750 
44310 
41600 
43950 
43080 
42630 
42340 
42600 
44240 
42650 
43140 
41010 
45220 
44140 
40830 
42710 
41750 
63780 
68850 
56650 
43260 
42710 
40390 
44970 
44180 
43690 
49230 
36660 
44390 
41720 
40920 
44760 
45350 
42920 
43930 
42670 
44530 
42270 
45900 
42740 
40780 
41040 
41050 
43990 
43440 
40250 
43400 
41920 
41880 
44530 
44770 
41680 
44140 
42350 
44900 
44280 
42300 
40890 
40520 
40070 
43130 
43540 
41740 
42520 
41750 
41940 
45580 
39290 
44040 
42020 
39800 
43560 
43720 
43500 
42780 
41480 
42640 
45200 
42430 
42130 
44070 
44220 
43800 
42720 
46280 
42830 
40000 
42140 
46420 
44490 
41570 
40010 
40640 
42420 
43450 
40560 
42860 
41600 
43290 
43720 
51060 
45150 
40560 
44320 
44100 
41040 
41470 
40680 
41480 
41910 
41180 
41740 
41460 
42820 
41980 
42300 
40410 
40600 
40600 
40480 
40130 
43070 
41540 
40990 
41200 
42390 
45090 
40260 
40010 
41200 
40870 
44850 
41030 
40430 
41310 
43580 
41390 
42850 
40120 
42380 
41730 
39850 
41640 
41080 
41050 
40910 
40840 
44740 
40690 
41110 
43010 
40510 
41350 
41680 
41350 
41780 
43480 
42420 
43290 
41750 
41450 
41630 
41470 
42340 
43120 
40690 
40420 
43200 
41500 
43150 
40790 
42310 
40980 
43440 
41740 
41590 
42260 
41440 
42140 
42130 
42700 
42670 
43370 
42290 
41070 
41840 
43420 
41910 
40230 
40800 
43050 
41810 
44300 
42400 
41850 
42610 
41370 
42180 
41580 
43200 
43240 
64330 
50450 
44280 
43670 
46960 
42310 
39300 
41700 
44220 
42390 
42720 
43950 
42940 
40960 
44560 
43460 
41430 
40820 
54590 
43650 
53550 
46270 
40250 
41790 
43000 
44460 
42480 
41060 
41500 
42980 
45090 
40200 
42280 
42320 
41140 
43410 
43520 
41080 
42270 
43040 
43480 
41310 
40290 
39100 
40920 
43940 
41640 
39350 
43490 
41930 
44690 
42420 
40430 
45780 
43990 
47130 
43100 
39820 
40040 
43200 
41910 
42680 
40790 
39760 
42940 
41090 
