67530 
46380 
38450 
38740 
40200 
38090 
37980 
38310 
38200 
39680 
39880 
40960 
40640 
37460 
39700 
40460 
37700 
36970 
36870 
37240 
38320 
37260 
36490 
35120 
36500 
37450 
36720 
37050 
36560 
37460 
38260 
36750 
39540 
35920 
37010 
38780 
38690 
37090 
37200 
36950 
37040 
37390 
41670 
38940 
36600 
37930 
39370 
36350 
36660 
36670 
35720 
36250 
36860 
36790 
38320 
36110 
38600 
37240 
38200 
37370 
35420 
38410 
38390 
36450 
37790 
35900 
37590 
37760 
36300 
37760 
38080 
40020 
39130 
36250 
36540 
35520 
36760 
39050 
36290 
36580 
35060 
35360 
39130 
36730 
37820 
36420 
37140 
38620 
40320 
37080 
36050 
36030 
38010 
37350 
38620 
38030 
37240 
37180 
37990 
36470 
36610 
36210 
36570 
38170 
37550 
36790 
38710 
37650 
38660 
37450 
37270 
36660 
38950 
37650 
37750 
36070 
36280 
36250 
37820 
37150 
37630 
39910 
37960 
37520 
39790 
37870 
38210 
36080 
37590 
39240 
38550 
35760 
35770 
34990 
38410 
37930 
37790 
38670 
37260 
36730 
37310 
36900 
36470 
36220 
35980 
37690 
36730 
36480 
37070 
35470 
38730 
36390 
36720 
35960 
35880 
37800 
36250 
43010 
38230 
35130 
37360 
36140 
37560 
37810 
35480 
37320 
37250 
36860 
36200 
37120 
36840 
37900 
37080 
38400 
37090 
36810 
50080 
40180 
37060 
35040 
36680 
38450 
36300 
35750 
36130 
38250 
37510 
38030 
38440 
38900 
38300 
37790 
38180 
36970 
38120 
35240 
36600 
37940 
36460 
35810 
36490 
35780 
39090 
37120 
36190 
37810 
36310 
38540 
35950 
36340 
37060 
37150 
39290 
37020 
37690 
36850 
37090 
37290 
37480 
36170 
36040 
37030 
41680 
39340 
36810 
38200 
37160 
36600 
38160 
35420 
37170 
36550 
36220 
37430 
36830 
36600 
36960 
36850 
39660 
36230 
36800 
36400 
36160 
37380 
37390 
38000 
36480 
37890 
38750 
38200 
36910 
36460 
36710 
35670 
36690 
36830 
38240 
43020 
38140 
37120 
36170 
37580 
38350 
37060 
38140 
37450 
36910 
38350 
36170 
38090 
38610 
37490 
38980 
36340 
39030 
38490 
37570 
37560 
43460 
38810 
39110 
35640 
37060 
36240 
35370 
38120 
36600 
35480 
38270 
36980 
41760 
36340 
36740 
36820 
35610 
38280 
37440 
35730 
36060 
36100 
38170 
38270 
36240 
36460 
36220 
39150 
38390 
38000 
37430 
35030 
36330 
42780 
38600 
38670 
37300 
37380 
38040 
39040 
35330 
36700 
37010 
36930 
36730 
38700 
35370 
36660 
38440 
39920 
35070 
37990 
39460 
35880 
38890 
37820 
38840 
36860 
36240 
39450 
37190 
37720 
37510 
36540 
41800 
37560 
37400 
37640 
36210 
37000 
36390 
35910 
36910 
36560 
37470 
36940 
36480 
39280 
35750 
42500 
39080 
36890 
36960 
40780 
38020 
37460 
38730 
36970 
36990 
37050 
39370 
36320 
36680 
37140 
36040 
38220 
36130 
36910 
35730 
38380 
38910 
38260 
38780 
37710 
37190 
34790 
37020 
36590 
37110 
36700 
35460 
37600 
36560 
38300 
37310 
35220 
37280 
36480 
36910 
36420 
38170 
37930 
37610 
35750 
37020 
37070 
37970 
39480 
38690 
37610 
36870 
36310 
37430 
39600 
39110 
37940 
37750 
39930 
36830 
37380 
38340 
35270 
37840 
35850 
35090 
36950 
36540 
37210 
37880 
34840 
37530 
35460 
38650 
38350 
36140 
37200 
36870 
37270 
39310 
36860 
37610 
37090 
37420 
38510 
37360 
36320 
36340 
36370 
37560 
35860 
36400 
37140 
37020 
37650 
35610 
36180 
37420 
36630 
37490 
38240 
35790 
37250 
37330 
39840 
39180 
36760 
39000 
37240 
37270 
39490 
37260 
36150 
37140 
34880 
38180 
36420 
37110 
35510 
35970 
37500 
37580 
35710 
37020 
36870 
36830 
37860 
36670 
35880 
35320 
36700 
37900 
35240 
37520 
35850 
38940 
37900 
37400 
38460 
38450 
36510 
38800 
36500 
37100 
35990 
35650 
36780 
35730 
37570 
40430 
37830 
38880 
36920 
36670 
36260 
38200 
36410 
37190 
39600 
37450 
36180 
36740 
45310 
38730 
36380 
36100 
36340 
38980 
37430 
35620 
36680 
35460 
37600 
38440 
37700 
36640 
36930 
37900 
38500 
35600 
36870 
36480 
36050 
39630 
36630 
36790 
36370 
36950 
39020 
37070 
36080 
37120 
35990 
39470 
36590 
36860 
37530 
35620 
37700 
36770 
37840 
36950 
35930 
37810 
36540 
37980 
38400 
35850 
37340 
38450 
36740 
37230 
35580 
36230 
38260 
36130 
36630 
37490 
37250 
38410 
37190 
36020 
35820 
35070 
38200 
37960 
37070 
36640 
35850 
36580 
37330 
36800 
34580 
38240 
36900 
39070 
39560 
37310 
38090 
35610 
37440 
36430 
36350 
36190 
37820 
39650 
37190 
36260 
38970 
37690 
38380 
37470 
35190 
36350 
35810 
37610 
39660 
37850 
35940 
37760 
35510 
38530 
36200 
37870 
35240 
35970 
37770 
37450 
37680 
37760 
37860 
37170 
35900 
37270 
39480 
36770 
37820 
37140 
35780 
49630 
44180 
39300 
37810 
37260 
37830 
36600 
36020 
36860 
35610 
36820 
36160 
36340 
37610 
36300 
36950 
36650 
34980 
38410 
37160 
38350 
37070 
37550 
37340 
39020 
36790 
38600 
36730 
37910 
37240 
37180 
35900 
36750 
34890 
38750 
35670 
36930 
36610 
35990 
40640 
37900 
36860 
37010 
37120 
41260 
37590 
37190 
37170 
37990 
37760 
40170 
35770 
37100 
36380 
38270 
52660 
42150 
38100 
37780 
38090 
41620 
40520 
37620 
37030 
35590 
40880 
39280 
38280 
38370 
36820 
41150 
38720 
39640 
37670 
36270 
38760 
38500 
40850 
36920 
37260 
39640 
39940 
38310 
35510 
35680 
36010 
38160 
39240 
37220 
37770 
37700 
38720 
38940 
36260 
38160 
36920 
36810 
36560 
38020 
37270 
38310 
38200 
38690 
37160 
35920 
35820 
38530 
36720 
36850 
36670 
36460 
37480 
39340 
36250 
37780 
38290 
36220 
39330 
37290 
37960 
38400 
36400 
39100 
35970 
36280 
39340 
39290 
38280 
39340 
36160 
36450 
37960 
38460 
37580 
36440 
37570 
36820 
36270 
38600 
37530 
37870 
36810 
36110 
38280 
36140 
36720 
35690 
38100 
39100 
36910 
37460 
36910 
37120 
38670 
39390 
36950 
39180 
37900 
38400 
39910 
39500 
37650 
37290 
37020 
38070 
38560 
37500 
36990 
37020 
38790 
38300 
36600 
36470 
36230 
39050 
36170 
39960 
37270 
37060 
39030 
38810 
36690 
39260 
37350 
37910 
38020 
36800 
36860 
37090 
35390 
39360 
37960 
37050 
37720 
37960 
38990 
37650 
37410 
36910 
36360 
39790 
36310 
36150 
37100 
35940 
38170 
36700 
37700 
37920 
35900 
38260 
37790 
38420 
36950 
36820 
36670 
40070 
38150 
38300 
37400 
37450 
39160 
37480 
36210 
36550 
36570 
37940 
36260 
40270 
37700 
37210 
37330 
38670 
36970 
36450 
39010 
37740 
36860 
35360 
36260 
36470 
37090 
37780 
35610 
36880 
37500 
36420 
38200 
35840 
36280 
37160 
35590 
37970 
37120 
37590 
36930 
39180 
39730 
37420 
37310 
40190 
38080 
38540 
38270 
35380 
37770 
35720 
37190 
40690 
37210 
41070 
36480 
35600 
39940 
37010 
38070 
37830 
37060 
37760 
38070 
37180 
38810 
43100 
37970 
36450 
37810 
36480 
37600 
38640 
38900 
37050 
37450 
38690 
39380 
39790 
38150 
37460 
36780 
36940 
39320 
36680 
37010 
37260 
35500 
40210 
38320 
36820 
38740 
37150 
38930 
37660 
35760 
37570 
35680 
38410 
38520 
36690 
38300 
36290 
37140 
39580 
37520 
36280 
36820 
37500 
38340 
37410 
37820 
36510 
36190 
39830 
36420 
37870 
37070 
37380 
38070 
38830 
38850 
36660 
36010 
38950 
36930 
39230 
37200 
39350 
36810 
38990 
37110 
37810 
36890 
37090 
37370 
36270 
37490 
36420 
36370 
39940 
37250 
39300 
38650 
40350 
40850 
39730 
38250 
37170 
37310 
38000 
38250 
37430 
37510 
36920 
36690 
39590 
36480 
36820 
37890 
35990 
38370 
37960 
37450 
36950 
35730 
38510 
39640 
37090 
37950 
37090 
37740 
36920 
36670 
37210 
36400 
37960 
38840 
37200 
37010 
36220 
36370 
39980 
36370 
37590 
37130 
37460 
37910 
38150 
37540 
36840 
36920 
40570 
39010 
38940 
36350 
36630 
38890 
37510 
37460 
37290 
36810 
38070 
36300 
38840 
36940 
35560 
37150 
37560 
36640 
38870 
37500 
37170 
39340 
37640 
35820 
36480 
38090 
39400 
39750 
36300 
36390 
36630 
37650 
37560 
36980 
36830 
36980 
41760 
38620 
36910 
37030 
36180 
36730 
38130 
38200 
36830 
37060 
36850 
39630 
37550 
36410 
38930 
39770 
39340 
39340 
41330 
39320 
37190 
37840 
37710 
37310 
38250 
35900 
39840 
37330 
37220 
37490 
34890 
35820 
37300 
38650 
37300 
37310 
36380 
38830 
36580 
36210 
38770 
36630 
38440 
37340 
35590 
36370 
37610 
38390 
38190 
37760 
38460 
36650 
37170 
37040 
37700 
36650 
38080 
36620 
39200 
37680 
37110 
37440 
36770 
39260 
36500 
40390 
36800 
36900 
40190 
45300 
39270 
38160 
35770 
36860 
36730 
37560 
37680 
37850 
37650 
38040 
38150 
38840 
36090 
36260 
39410 
37780 
36950 
37230 
35960 
38250 
36780 
37770 
35940 
36420 
43410 
37450 
36570 
36530 
37250 
37730 
37580 
36250 
36030 
36240 
37670 
36760 
37380 
36090 
36360 
36820 
38430 
37740 
38040 
37770 
36900 
39680 
39090 
39280 
36490 
39260 
38450 
37900 
35660 
36010 
37760 
37310 
39440 
36770 
35840 
36700 
36700 
37230 
38880 
37260 
37470 
34970 
37770 
35230 
38310 
35690 
37800 
39850 
34950 
35490 
35750 
36890 
39020 
36480 
36490 
37600 
38130 
37970 
37710 
36280 
36830 
36920 
38050 
37390 
35880 
36960 
36370 
37290 
38450 
36360 
37330 
36830 
38030 
38770 
37960 
38590 
36990 
36780 
38380 
36020 
36140 
36820 
35830 
36750 
36080 
36520 
35950 
37050 
37090 
37470 
36440 
37890 
37680 
36170 
38070 
37760 
37130 
38020 
36730 
38330 
38310 
35410 
37050 
36230 
38340 
37600 
37210 
39190 
37610 
38950 
38720 
35940 
36160 
37150 
38060 
37590 
36260 
36330 
36920 
37100 
38500 
36170 
38490 
39220 
37330 
40940 
40600 
36300 
37350 
36200 
39100 
37350 
37110 
37120 
35640 
38190 
37380 
36820 
37150 
36080 
39320 
37770 
38020 
38310 
36820 
37560 
37920 
37200 
38290 
37010 
36340 
39260 
36560 
37320 
37690 
36810 
39190 
39240 
37150 
36490 
37110 
38130 
39040 
36280 
36870 
37900 
37850 
38410 
36510 
36980 
36250 
37150 
39100 
38550 
37900 
37200 
37450 
39380 
37180 
35490 
35820 
36350 
39650 
37730 
36640 
36870 
35880 
36990 
36470 
38640 
36320 
35020 
37070 
37110 
36770 
35840 
36050 
35590 
38380 
36540 
36680 
36180 
35180 
38550 
36830 
37740 
36620 
38590 
39620 
36460 
36000 
36400 
49390 
43050 
38960 
37950 
36250 
37090 
38180 
36680 
37020 
35890 
34940 
41030 
39740 
37600 
36130 
38480 
37380 
38460 
40680 
47010 
40070 
38740 
39720 
38330 
35840 
37040 
36540 
38750 
39730 
38180 
36010 
37290 
39670 
38360 
36140 
36600 
37750 
36460 
38160 
36730 
37180 
37380 
36150 
38910 
35080 
36200 
38890 
36740 
38770 
36990 
35970 
36180 
35370 
38130 
37000 
36310 
36740 
36390 
37010 
38170 
36260 
36910 
37010 
36370 
38190 
38450 
41370 
37120 
35380 
39310 
39140 
37250 
35970 
37440 
39110 
36620 
37180 
36960 
39310 
40340 
37840 
37260 
36840 
35440 
39590 
36310 
37830 
37050 
37060 
37040 
38120 
39120 
35960 
36830 
35780 
38220 
38000 
37080 
38000 
35760 
38270 
36310 
36970 
39080 
36700 
38310 
37410 
36580 
35790 
36470 
36770 
37940 
41360 
36650 
36190 
35980 
41080 
37400 
38890 
36590 
36310 
38900 
36480 
37250 
36330 
36340 
38670 
38320 
36440 
37090 
35930 
38470 
37360 
35880 
36410 
36300 
38570 
37900 
35780 
36930 
35430 
36140 
37700 
36780 
36600 
36890 
37400 
38540 
36510 
34770 
48530 
39440 
39270 
37710 
36220 
36620 
36380 
37570 
39410 
36530 
35090 
37910 
38170 
37420 
36720 
37010 
38840 
36970 
38660 
38680 
36380 
36280 
35760 
38360 
36470 
36080 
37160 
35720 
38920 
38590 
36230 
36600 
36850 
38060 
39190 
36950 
36650 
38040 
37920 
37990 
37230 
37140 
36540 
35360 
37880 
36040 
37140 
36360 
37050 
38720 
36660 
37040 
36630 
36530 
39460 
37230 
36220 
37800 
36850 
37820 
36530 
37090 
41060 
38620 
37130 
36880 
35790 
37000 
37740 
36090 
40640 
36880 
36770 
35770 
35890 
38170 
37020 
36420 
36540 
36520 
38430 
36490 
34840 
36540 
36060 
36850 
37290 
37330 
38640 
37070 
37600 
37790 
37680 
35590 
37310 
35840 
38290 
36900 
37740 
36330 
36890 
38440 
35740 
35020 
36400 
35910 
38090 
36660 
36830 
37120 
36650 
38380 
37230 
37710 
36470 
35630 
37890 
38410 
36880 
37040 
34870 
37410 
39280 
38100 
39560 
52450 
41390 
38520 
37700 
36590 
35010 
37260 
38140 
36410 
35360 
36160 
36720 
38100 
38500 
38920 
38130 
37070 
38100 
37970 
39180 
37470 
38210 
36840 
38590 
37570 
39840 
37160 
36430 
38660 
36570 
39630 
38040 
36610 
37810 
38930 
36750 
39470 
39300 
38610 
38310 
37660 
39280 
35880 
39160 
38110 
38350 
37130 
40080 
36730 
38770 
36820 
38930 
39570 
36650 
37580 
35330 
38320 
36830 
36180 
38240 
36080 
35870 
39230 
37830 
39020 
37060 
37440 
40050 
37230 
38640 
38150 
36450 
35370 
40180 
39970 
40810 
37580 
37080 
35430 
37010 
38630 
36460 
38650 
37000 
36400 
36650 
37630 
36800 
36680 
40910 
39100 
37410 
36330 
36550 
35430 
36930 
38040 
36140 
36340 
36690 
36090 
40150 
39310 
36950 
37030 
35130 
38560 
36360 
37530 
36920 
35960 
39280 
37820 
36540 
40690 
38390 
38350 
36660 
36350 
37500 
36860 
37090 
37410 
36430 
36190 
35900 
39550 
40130 
36280 
36320 
36260 
36560 
37000 
36610 
35990 
36780 
36950 
38900 
39720 
37460 
36630 
36240 
37860 
36650 
40020 
37430 
36050 
37870 
37700 
36950 
36400 
36180 
35690 
38890 
36680 
36610 
37450 
37060 
38180 
35390 
36320 
36720 
36670 
36720 
37950 
38110 
38630 
37060 
38170 
38410 
37840 
35880 
36450 
37090 
38080 
35360 
37230 
38020 
34340 
40070 
37170 
37040 
36360 
36300 
37970 
37070 
35090 
36730 
35840 
38770 
38450 
36560 
37140 
36590 
39030 
37460 
36840 
35870 
35580 
37560 
38050 
37360 
38450 
36340 
37390 
37860 
36200 
37160 
37370 
36980 
37710 
37530 
37860 
37180 
37560 
38920 
38190 
37160 
36340 
35790 
37440 
36790 
36460 
35580 
37100 
36220 
36900 
36840 
36800 
35100 
40460 
39260 
36720 
36320 
36980 
34650 
37780 
36280 
38500 
35070 
38040 
38770 
36720 
37130 
36340 
38710 
38100 
36180 
36090 
37640 
37240 
37360 
40640 
37430 
36870 
40300 
42520 
40340 
36010 
37870 
37600 
37030 
38330 
37130 
38180 
39530 
36840 
39220 
36770 
36320 
36420 
37050 
38250 
36450 
37280 
37210 
36620 
39640 
37490 
37440 
36980 
36790 
36340 
37570 
37780 
36790 
37270 
35990 
38050 
37700 
37270 
38120 
37730 
38010 
38020 
35220 
36920 
37510 
37850 
37390 
38220 
36140 
36510 
38310 
36390 
36220 
37260 
37790 
36470 
37800 
37280 
35890 
37300 
36590 
39110 
36450 
37080 
37070 
36160 
39410 
35990 
36770 
37380 
36660 
38040 
37800 
36610 
37450 
35050 
38520 
36700 
36230 
36990 
36080 
36140 
37900 
36720 
36800 
38770 
