95940
71120
53300
54011
50191
49280
69500
53260
57280
58681
49691
56100
59200
51960
56840
51450
119651
124860
116880
127171
112521
125951
117421
119861
146481
95140
93850
101841
103531
104051
95630
103750
104831
105481
100061
140481
137620
131280
109540
102141
95181
100231
94530
109390
103010
122931
89791
99841
93531
97450
98040
100760
99681
94521
93911
94370
82740
89970
96041
102121
102091
134800
95030
105580
109871
100661
117081
139550
121070
117260
120661
118181
109481
122691
115980
125960
118461
109081
127801
127771
117600
120410
111020
110531
123521
114251
124950
110800
109850
125421
118161
119271
195001
143530
113660
105530
98791
95951
93801
103760
102250
99740
102251
93371
144791
164291
123340
125221
95380
89571
96841
104971
98140
98810
94520
101151
97681
109971
101110
97030
100060
92351
99291
103011
99240
111970
102880
99761
101781
92511
100531
95730
99420
98841
99951
91111
125450
118030
132341
114821
115441
127001
110401
133670
131830
112590
135781
121481
132461
125180
117940
129721
120621
124681
280222
123281
126000
126800
118761
124241
113391
125051
123610
126680
102420
106041
104821
108831
110801
96350
100970
100860
105321
112691
162660
154260
115620
107490
107451
101701
104201
108440
110820
103980
107191
106571
99961
90030
105460
99790
110741
104241
102271
102031
122550
103540
106381
90751
104951
102991
109010
102010
94900
100731
106571
102981
128481
114930
125311
119621
119961
124571
119990
117210
136061
117931
138291
120431
119761
127690
122740
125221
121481
116131
132580
145580
133560
127861
115121
134151
126101
127230
138050
110090
105261
108001
99751
108301
105080
91120
111881
105401
103841
125501
159481
140371
114311
106131
105271
95311
116960
101200
100990
115951
98811
114131
110211
104110
109670
98500
101971
106301
99851
98340
97090
97150
113341
106481
114851
99430
111500
104310
107211
108041
110101
148600
138360
132331
134291
125841
122791
127590
136000
127450
139591
116611
137611
126361
128800
129480
114020
135381
133061
130831
161710
127840
126981
133101
132841
132951
129571
145470
112700
113381
102911
101031
98991
111580
102450
114770
108121
98261
160461
167271
132620
120860
98210
112661
110691
108641
103220
109910
110231
112251
110181
102591
104310
107980
103100
106811
107881
109111
91260
107340
100260
101291
105201
110251
101851
102840
108230
103120
91781
91331
161681
150420
128411
114301
117431
133261
119481
134790
120410
113120
123821
132481
119521
117711
110720
129891
120891
122491
121491
110271
121550
126781
125001
129441
100381
123351
135450
108790
99780
100911
97391
100801
107230
96260
98230
102501
110831
110151
166050
134350
110670
107931
103341
98031
101771
97020
93840
99070
99761
95741
126801
99360
108220
99160
102811
99911
95681
100491
103570
96330
103350
95471
96371
107951
104350
104940
95880
100131
100891
100411
136130
110970
122241
119801
128711
134231
113811
111130
122941
112411
126791
125361
114291
135420
117240
129401
118851
115031
122481
125790
115350
131481
110031
130761
118741
124820
123650
100370
95941
102701
139761
117631
107760
110760
113210
113691
109861
175201
143820
125290
104890
104361
103451
108031
99900
108480
103580
109861
91741
102071
111811
104020
98520
108400
100921
100631
103951
100620
89650
106080
107221
106931
111251
99821
101200
102790
99031
103061
104701
144080
133370
123541
124231
127591
115681
125031
121620
128090
129551
128061
126701
151331
131470
126390
109940
127761
130811
123991
134330
125990
120130
137651
126761
135631
118131
129900
105170
97760
98991
105471
95191
102380
107960
110280
106261
102551
155571
170951
129480
122490
100640
110011
106321
109431
107550
104500
94850
104741
111141
103331
131340
104830
103890
109451
103071
102631
95761
99840
110270
103941
109761
121041
109480
108630
104350
107710
94001
96651
155730
122650
126180
124411
115581
135121
119011
123030
122890
118500
125641
131171
128251
135310
117000
130521
124971
129291
128821
116431
127420
128050
130181
133961
113251
118311
155290
104820
108120
108811
101511
104911
132520
111370
118100
101500
108301
153061
157000
142820
114090
111461
103761
130431
109541
94080
104310
101550
104591
101291
91631
98590
108640
105280
104841
107521
92661
99590
110450
101880
101530
92641
111301
101921
108840
102520
93400
104451
112071
145141
121600
116570
134631
123961
128301
117261
114430
126000
126761
121951
129861
128561
155131
134200
128530
127471
122821
108291
130251
119500
125430
133421
114881
107431
157481
132400
127310
99310
100541
104091
108331
105201
94240
110430
112970
104881
107181
175101
132410
135881
108400
103921
99911
93461
98300
102440
100670
104141
90641
102891
100051
101610
104200
96370
99281
104131
103291
106080
91920
107970
103791
112431
110181
108541
107370
105240
109071
103721
101151
137890
127810
122150
132041
117481
136641
134980
129690
129080
127911
115421
115421
126341
127580
124860
111890
118771
129141
120541
131230
124750
116410
134981
121031
127691
122240
130040
110190
99850
104041
104231
92571
101240
109040
114260
113761
99471
178671
161591
132150
112810
94800
96801
105561
109101
107820
111970
93130
104731
110151
104101
99710
94520
99130
92040
127551
106461
96001
99360
99070
106431
107321
100231
112250
104980
104470
105021
109751
95771
131621
121390
139581
122581
126901
131251
119591
128520
126110
121441
139401
120541
134631
125980
117350
128511
126761
129471
125331
128391
128990
131190
126021
128291
117421
124871
141110
109540
102290
108541
98431
108821
98420
102620
111920
100891
95481
154871
155560
137870
111450
106171
109331
105991
100901
97040
106430
98830
102231
104841
93731
97030
107830
108780
104801
104711
94951
102230
102750
103270
104221
95621
108821
104401
110690
104680
98430
101741
104451
157100
138170
116870
133201
125211
134831
133051
114900
118310
140921
124181
140551
125101
125191
127100
125690
128631
142981
138241
142600
125420
136161
127051
119991
129601
127751
144310
112960
109780
102281
106091
105531
108040
93380
111470
114341
106641
156491
169070
131380
125090
108521
103871
107871
94871
103980
100700
104780
104491
98601
108001
112380
104440
102140
106241
102251
106161
102191
113450
103070
106481
105191
112831
107651
101260
97230
106920
125501
127101
129191
117860
130180
122421
139031
127791
116821
130290
134620
127571
129491
116771
134011
121820
124210
128731
109591
111521
134681
119491
123930
113520
117911
125691
117151
132211
119810
114990
103860
99990
103291
110781
95921
103910
97320
106051
102891
104491
172150
151760
123680
111461
105571
109371
105581
108570
127760
104130
109811
128201
122481
106561
109170
96640
104431
113141
102381
102981
94910
109150
101550
101621
107281
98321
103190
111160
104240
109761
93371
93941
153950
120340
140381
122841
114101
132841
134300
129160
132500
118051
140731
128231
134811
132600
119440
130991
133461
130881
137121
119650
133460
128411
131001
131271
115881
121701
161581
113400
110911
133001
114151
117681
113480
115750
110940
102701
109641
175170
159820
138470
116101
114801
106711
106181
101680
111730
98780
109391
102911
101581
90881
93850
103400
108381
106101
105901
92951
113870
100870
113981
107281
100121
104521
114610
110200
113310
93160
102251
105021
157270
130260
116460
127871
134941
129931
135921
143730
124780
136461
158351
140721
129971
120900
128070
123111
132461
134681
121021
136700
127010
133861
128501
117491
132191
137131
143140
114820
110040
106421
104931
110051
106040
104820
106220
117561
113061
153131
155290
127460
121771
117611
106851
110151
97951
115530
100250
108871
103641
96351
101961
112220
101850
127261
113971
100691
111371
102230
106240
106620
96261
128031
109051
110521
103560
99460
102640
108241
104681
160300
121740
125230
124971
131511
128431
116901
133910
131931
129631
128591
116241
125821
134310
129650
134211
113951
117601
128721
129460
134180
128221
121711
135391
124671
134181
143290
104300
101850
115321
106761
112951
105630
105460
102980
111351
104991
170371
164491
137980
126010
112981
120091
111601
104391
109350
109430
103520
97091
106781
107841
106690
103240
96550
101881
110811
104231
107350
97510
105530
111741
103621
105021
109941
106280
113780
104220
110681
91781
113301
119290
131120
132641
124341
123471
128351
131350
128590
129631
111511
131831
134021
130071
128920
116590
123871
128951
129801
131421
119770
130340
136501
152881
137401
119781
119510
136810
106360
113571
111281
96261
106631
112590
108160
118551
101731
115601
162720
148520
130650
103040
102711
106921
106071
115500
104340
106130
110771
103141
109741
95881
100420
112030
106940
112781
110651
106871
107750
111720
100790
108111
100691
111381
113300
109790
105330
95501
109401
110481
155090
127370
117620
130961
154631
132391
138521
113750
123480
135911
126971
138271
121761
120730
120340
118751
128351
122951
107151
124750
123320
126191
122631
117991
127731
125720
140270
114070
94330
94111
101671
106561
104060
94260
104340
109281
100561
153251
160780
122020
123230
106061
105621
97471
98281
102170
102770
102140
99731
92891
98671
96910
101340
96020
118791
107781
111051
101060
102600
92680
97630
105531
110881
109200
104140
101940
105041
113461
104881
140050
117650
138741
125061
134371
129791
118921
130640
126650
128401
138041
119101
135281
125100
129020
130951
117371
119241
127821
120840
142390
122240
121741
127561
135391
129181
147200
102400
113830
109821
104941
104411
94751
100550
98710
133591
112311
182601
153970
120080
141221
109640
98481
97091
108161
112420
107500
106800
102241
102271
112351
103541
104760
95070
104451
100061
104581
110481
99130
114980
108600
103661
103441
96091
109150
105280
102560
106151
93491
152841
129370
123920
132631
130381
123841
133731
120221
134960
125730
119091
129431
119201
129761
127730
125350
141011
134861
132101
137431
144490
141741
126901
130181
136931
115471
133830
112400
110800
97240
108491
100891
101891
112570
102230
112650
109131
122701
168450
138810
113810
98970
112071
100491
105111
101980
99800
99210
101320
101831
111441
89491
99130
106230
106570
104931
98441
107051
100560
104950
99760
103921
96451
110351
103900
105470
112830
105121
104571
103971
156761
143400
117950
132371
136201
127401
136650
117800
124580
128431
119331
131371
126851
118810
117930
119780
130721
124891
118231
127470
123190
137111
126451
118961
133191
126101
131920
106220
95440
98831
102801
104191
106151
95740
102120
108881
105181
153621
150461
113830
109790
111151
104661
102961
96701
100440
107190
110701
102861
107291
102651
105400
104810
105460
97341
106571
99851
103290
100770
92750
103751
109801
102781
109671
108210
103470
107021
104521
102511
165120
119330
137891
125261
132161
126161
118541
125070
132030
128921
137971
116181
124671
124191
128430
126121
114521
116381
138991
114271
130090
124390
119971
136471
120761
132441
137400
104170
119821
103511
106211
110231
94701
106080
104140
111361
106361
175871
172031
128840
114560
104200
92861
96161
103751
107070
105170
107610
92150
112471
108271
104930
99930
92640
110851
111991
102741
108431
91730
110150
100880
103211
103451
94291
108550
106030
105710
106161
95031
159831
129410
125930
129521
119861
120481
137201
122291
125100
142411
121661
127251
132621
127171
133710
114860
134611
127201
126631
127181
123880
113330
133361
129811
136161
113781
143170
110790
105560
103251
111131
96211
109251
96970
110370
106660
121041
170851
155601
136970
121740
101430
107481
112421
101621
103680
98350
104150
109931
101621
99721
89961
92210
104410
108581
107521
96781
94091
100330
117880
107470
103721
106901
117891
109630
107970
108200
98100
119361
152481
129920
131010
118240
126901
136261
132681
137201
107630
129130
134231
131081
130271
122791
119060
140220
128661
131071
129521
121691
137730
129050
127750
134001
119051
131881
132331
127230
102250
94940
103561
113901
103761
108170
96170
108230
113881
100161
173780
136320
121500
131941
108881
108741
104821
97811
103360
109330
104541
112801
92791
105841
113640
102880
102600
109501
104901
99681
103220
111010
92570
108601
115551
111611
111811
104040
100090
118081
108561
108421
141831
118260
130001
132861
132411
134031
116391
140740
124940
129661
123951
121261
127261
132580
126480
120720
118831
122361
135871
121071
117380
154551
125401
137471
124231
126041
138550
98240
109990
113481
102951
106501
97160
131630
119861
112021
107421
154831
149110
129290
110730
103311
92141
93041
112951
96100
111620
106110
98981
107491
111651
106070
101930
95290
101261
108741
101571
109720
94590
113480
111551
102281
110651
96511
106230
112860
105980
101321
95781
152820
112180
154691
125301
118711
118081
137651
140730
130300
131891
121941
138031
125071
132901
142410
124510
115591
132111
134211
128481
118430
128520
129991
128231
127981
115261
139510
116540
109570
105201
105691
96661
108171
107100
108880
107991
99491
154980
170260
125690
127180
99950
105831
102241
102701
102230
110400
101940
107111
103751
104711
91951
158840
117730
107700
109801
108091
93461
110960
105290
102320
103521
97541
106261
136220
113540
106980
94751
106241
156160
128090
130100
117090
127491
126381
130131
129670
115550
123070
139851
123281
139401
121231
118470
127060
123381
136961
127401
118831
137670
128410
127491
125321
119811
128081
152310
109870
99520
98200
105681
104851
105031
134250
121000
111011
105281
144020
160421
134380
115340
127501
119121
103121
104921
96821
106970
101260
104671
101241
107701
113851
108370
102090
99320
94241
101601
104931
103020
105060
96820
96131
108841
117721
116110
101840
96600
105791
111531
140191
126050
121300
130651
133561
128521
137901
116011
137140
125230
129091
130391
118621
126101
150270
148350
136621
116671
121371
137731
120751
138250
121260
122001
137171
123161
133691
121420
99480
98650
111631
109221
101581
95930
100220
100630
110551
101781
167161
143530
128510
108610
104531
93201
105621
102951
112810
102580
111120
96831
105561
110121
99700
99740
94400
99691
107191
99971
94970
94510
99070
111621
99691
