84100
51110
38430
32420
29970
26920
26660
27200
27480
25910
25890
25750
26020
24500
32490
25000
63720
68150
65260
73010
66390
65340
67000
65520
63890
70430
67870
67740
68260
67100
67050
68550
115420
84020
79800
79930
87370
81540
87330
79630
80630
87160
84980
81880
85640
87170
81800
76680
82970
89640
91090
81390
80080
81990
91030
84880
84200
82200
86119
87720
68480
65400
65160
75600
63710
66240
69080
68750
69220
65410
121780
99440
92160
70320
66380
66160
70930
65580
63870
63930
63610
64740
65460
63900
62580
72860
62420
66610
63520
63440
63950
62820
70050
66720
67750
68590
66500
70550
75070
67860
68560
82500
96960
79140
79469
83410
84420
94360
86130
81490
80969
90610
79990
88620
81320
81990
81270
82480
92110
82590
92850
80910
82320
83950
86780
84210
85400
81280
90530
78450
66500
61610
69320
66810
65000
62210
67350
66950
64460
135500
101570
89650
81330
67170
66829
62590
64930
63520
62140
64950
64380
69750
62550
64860
66860
74740
65069
73570
74430
67550
68050
66110
64470
65700
65140
70590
65000
63360
75050
66560
70220
108800
89430
80300
79870
88120
83360
78710
83800
80970
80090
104290
83880
81690
78550
79230
99150
82490
82520
83340
86860
90190
81290
82839
86880
90440
93000
95090
71920
73759
62320
69920
71449
69060
66170
72010
69180
75140
139620
116680
94850
77550
74680
65900
65580
63080
63700
74720
63240
63740
62760
72500
66000
62320
61610
62580
64450
64000
65010
61330
71460
62090
62810
69680
73400
66360
64959
62400
77470
63090
105500
78280
80030
85660
80780
80329
83460
87580
83740
82290
82280
82300
78150
77250
81460
73910
90230
82660
77560
82950
78910
78790
77590
79120
84930
85960
79270
80060
64990
64750
64860
64790
65260
62780
75860
67820
67990
63340
126470
97500
88160
70940
62910
63970
61910
68500
64430
70440
62430
60700
65270
63100
62900
61750
66099
65520
65610
67930
62400
63550
83450
70200
67830
65510
77230
66480
68880
65670
64580
79940
79190
89330
78870
87940
75420
80280
85090
81490
80100
78840
81620
77520
91490
81860
78990
76910
80150
82470
81140
77950
78500
88710
83100
80390
78800
80360
84500
69490
65170
64980
74080
63970
68390
67000
77100
70850
66390
131940
93630
87110
73620
66700
67980
75270
62570
64510
64170
65330
65220
66180
63680
62210
61430
65870
64420
61810
71140
64850
65530
64910
65410
66010
65500
66930
66599
65710
66600
66120
66440
121710
78139
79720
78230
89050
83860
81400
75379
78680
86560
86150
82400
76250
87130
79550
84870
83900
80260
90300
77660
83190
81130
85250
79140
79260
81260
100140
80860
64010
67140
66870
77530
67140
61940
70580
64770
67160
127030
108140
90780
86220
70669
65790
62280
71420
61940
61120
64720
61370
63960
62440
62320
67210
72960
63440
61100
60490
65220
62650
61780
63180
62110
67650
66100
66410
69650
63520
67950
67450
107940
89950
78000
81880
82750
82070
80190
79560
82770
80480
90750
76660
77920
77590
85650
81400
79120
79530
79360
89690
81120
78070
79830
77810
91840
85870
78640
83239
72860
62720
69960
64740
65790
64260
69700
72840
66400
65270
119440
97730
82740
79490
64980
63780
63210
65750
65790
61320
65130
60720
73180
64620
61720
62600
69380
66590
66810
65330
65640
62550
63830
63710
67850
71760
65890
63540
66320
75939
64370
81390
80119
89470
82360
82550
81170
77490
91500
79680
78340
81310
82800
82720
85580
79230
79280
89330
78940
81830
80660
80870
76680
76460
84350
80920
85220
82390
89650
72600
69590
62180
63770
65700
66820
65680
68110
65900
67410
129970
108320
86450
73590
65360
62540
64169
64100
61820
71289
61500
59840
63690
69340
63460
62070
65060
67150
63600
64670
62750
64780
73280
61600
66790
63480
73940
64610
64460
62110
70360
64980
105890
74070
77200
87580
77800
80420
84590
88120
80830
76080
82340
83999
88060
78110
77380
77610
92670
83310
77950
81840
79920
90370
80030
77389
78440
84350
92989
70660
63830
63920
71510
65270
68020
62620
78660
65610
66880
129590
108160
88270
76550
67580
67420
75600
71720
64260
63770
72450
62700
60230
64650
62790
63980
63410
61720
64980
70040
62430
65020
61380
64420
61550
64710
69529
67010
63480
65850
64140
68220
114689
80960
79530
78560
87570
80160
75990
79170
80780
88060
83660
77880
77340
85020
79680
84280
79850
77510
78130
80340
85730
79650
87620
80410
90370
83920
84290
92480
66070
66820
67110
77830
65740
65460
68880
68950
69410
68790
131680
101010
93670
73610
67510
66969
72650
65430
69629
64360
65830
67880
67950
69020
65220
75000
63790
62870
66710
74010
64580
65900
66390
65740
68900
66760
69830
64500
74620
68050
66850
85880
88740
80500
82740
80770
79010
83690
84400
82860
83600
88640
82270
81380
83760
84359
79550
82290
81210
80650
87460
83160
81230
76570
88490
81160
83890
77440
89210
76980
65380
64400
65580
67920
65810
64750
69280
64140
73900
130690
111190
87050
76330
66440
62390
64800
62270
62640
64270
62850
67300
72680
64760
64170
60940
69420
63920
65220
61150
63550
64600
62930
64600
66140
73150
65490
65920
66530
73290
65850
64880
104320
82490
83260
86370
76500
81970
92840
81220
79310
79460
78390
86050
82560
79930
80910
92020
79930
82010
81200
80520
79550
80750
81070
78650
88580
79190
93620
69300
65980
64640
66829
66460
67090
72530
69630
66510
68840
134890
126270
87180
81780
70010
66320
65970
63870
61870
72040
63680
63430
65190
63940
63710
62830
62650
63570
62250
62950
63230
65540
72060
62210
63050
64890
71940
66690
64060
65000
66860
64010
103720
78260
76090
92500
82910
80920
77800
77580
78900
80560
83870
79010
88380
78259
78260
84210
84560
80560
84340
81589
81540
86910
78879
77590
80620
82900
78790
76670
65050
65080
73110
65570
64840
63240
73760
67340
67920
65270
114450
115380
84580
73280
65610
75140
62690
63450
65910
61540
62590
61040
64150
63070
72080
63790
60890
64920
70720
63810
63710
60510
65090
64860
67290
65270
68310
64659
68900
66040
63960
91440
80650
80600
81100
85290
81830
77970
80590
79200
88670
83070
76060
83720
78680
80380
79390
80790
84750
90090
84520
82490
78640
80670
80940
85070
86020
79820
98070
67540
66180
62250
71250
62020
65470
62690
70570
67780
65490
133330
96210
96410
69290
66350
64060
66340
64740
61480
63140
64040
73500
64710
61310
64410
68870
64440
63000
60420
64050
61130
62440
61110
64550
72760
63030
68290
65880
77250
65050
65690
65960
108840
85690
73860
89410
77760
94510
81670
77040
75970
85350
81810
83000
81160
77890
88990
79769
80630
79300
87229
81810
79080
78000
81720
85340
79520
88650
92800
80240
61630
62380
63400
68310
68590
61930
68260
65720
75030
128200
111220
91360
79740
67300
65740
63820
63280
69340
62050
65020
63950
70670
64890
62770
63180
63920
62440
64030
63150
64080
74980
63150
62660
62899
73600
67530
66980
64280
71940
65930
65380
103570
76870
79320
78800
81480
80760
90400
81840
84140
79020
82200
81090
79440
77410
79240
93560
78260
78790
78250
78500
80560
79700
81380
81350
91270
81220
80670
79960
64760
65340
64600
67210
67060
71720
65340
64370
67190
73660
133619
99910
84170
70380
64610
63430
63190
63650
70260
63880
62110
60530
62910
61460
80930
65910
61430
64150
64020
65070
66000
71250
64650
62290
63840
67470
65730
63250
65070
62140
63340
79220
84920
80910
87350
82560
82990
80200
86500
75720
81810
86560
78540
92630
78620
79780
87450
81410
85220
78349
78260
81670
88679
81300
79470
78090
78450
81360
94040
69060
63520
70120
65330
66300
66050
72740
70230
69790
65390
129500
114210
87040
75700
67580
74670
64690
63450
65400
71130
63260
63670
63330
63220
69100
64950
65280
62129
71630
65270
62130
61900
67280
62560
66440
68090
66429
64740
64800
68499
64560
66230
102920
76430
82890
88460
80640
79610
77960
81290
79110
80460
81810
77350
88220
79360
75440
80350
81410
82000
81950
79070
82830
86980
81780
81220
80740
83620
89290
67940
65860
64830
77250
66710
63100
66220
70690
66480
65630
125300
107700
101020
74530
70900
63970
72240
67630
62920
62190
61480
61360
63360
63680
63270
73590
61840
61190
64770
68120
64790
63360
62150
64390
60250
66100
62080
64400
67900
64090
69140
64540
114200
85990
81820
80240
80910
78820
81720
83370
80229
91510
78760
80340
89320
76920
80530
76650
75530
85570
89500
79310
77720
78250
82440
81200
85440
81990
78170
95340
64380
72800
70370
74060
64420
64180
65770
68520
65810
63180
130420
96240
96310
62870
61620
65260
61020
64480
63280
62090
64850
69830
65480
63970
61440
72620
62489
65510
63570
58019
63510
64660
62940
64010
72690
68550
67380
65410
73120
64720
64750
78260
94120
78870
80430
77470
83700
95500
79540
79940
82030
84110
85160
81610
80240
78580
86630
77270
81730
77720
89910
78380
77790
77820
80080
89400
77050
80270
85120
65710
64540
64040
66950
71190
67330
66230
70040
67610
79899
145850
104600
90490
70870
66850
66980
65180
68860
73830
66690
65600
64190
71540
63290
66840
67420
66560
67270
66430
67650
67640
75290
62770
66020
65800
79290
69640
65040
66580
72220
68170
67080
107530
81330
81250
83630
82989
83000
91840
78850
80500
84190
88359
81070
87510
83010
86520
90670
80070
84720
81650
89230
96800
81560
83980
81370
93820
81870
81460
70540
63000
64070
65820
64820
65710
68970
70750
68830
64020
125440
126680
87340
84880
68150
66890
65240
67840
67770
73920
64240
64390
62830
64920
67390
65710
66189
63410
65400
64440
64200
65370
72850
64010
64520
67550
72050
66690
63120
67390
66540
63530
106730
77750
81640
89570
79950
83620
82520
84470
80450
78890
80850
76170
90420
80960
78270
77040
88510
82490
82660
79300
76330
88150
81220
83640
80430
87780
81080
84450
67030
65580
74310
65290
62750
65340
73110
66610
66910
64200
129010
112780
82460
68710
64540
72690
67840
63600
62370
69230
59920
65250
63690
63240
63170
62350
65120
63630
70590
64550
63100
64770
64390
63440
66710
66750
67080
66160
65570
65630
65490
72140
95960
79450
81520
87670
78520
80780
84370
94700
97230
78469
83100
80940
86139
81580
75480
79610
82400
86450
78570
79510
78040
88280
86060
78500
80090
81240
105460
66000
62280
62650
71790
66570
64480
63720
69980
68310
65150
127140
107380
99360
70790
65110
65850
73350
63400
63570
64780
67240
67040
62160
68950
63490
72960
68480
63970
65300
71140
64610
77759
68240
76710
67420
67370
74140
68810
77090
69260
67690
72980
115470
82850
85390
79470
87330
86890
82610
87390
84640
93420
88940
82420
84640
81840
82450
88730
81820
87830
89850
79660
87800
77910
80640
81460
77930
88760
91110
77280
65980
68359
67460
74800
66170
63270
67780
66390
71830
130120
116370
90510
92130
71710
66890
62690
64170
62660
67410
63290
62920
71730
65010
67060
63050
71230
65940
64010
65880
65470
63570
62800
62490
62420
78300
66880
68310
67210
75320
68440
64440
103890
87900
81010
86800
78780
79540
89400
77310
89820
77260
88310
86700
81519
81610
82440
87030
80270
80070
80870
87130
77100
80410
79520
80420
95970
80830
79910
88270
75690
67020
65420
64160
64380
64410
73190
69920
66400
76170
141660
104800
88100
69550
62760
64290
63890
68620
63720
64480
65880
64070
74340
63130
61470
65740
65840
65559
61960
62130
64010
55170
74710
68090
66160
76490
64780
66600
68230
73120
64730
63970
102590
87460
80260
78540
79110
79480
88680
78900
78270
81450
81500
82670
82510
79350
80860
91580
84150
84390
80350
80030
77370
79000
85749
81590
89350
80060
93610
72420
67860
62370
67120
65320
67390
72730
68840
67730
64450
133909
107020
85240
76350
65400
65790
69050
63270
63460
71690
62170
67290
61450
61910
63550
62540
63400
64640
64020
63180
62460
65510
73960
62510
64350
63280
67500
68020
66130
65960
66240
68079
104740
82370
80370
91060
86760
81870
83320
92140
83489
78960
88110
79880
92090
80810
76780
82930
78920
81400
82840
83200
84720
90010
83670
80660
83660
81860
114370
69380
62780
65090
74940
65670
69790
62890
74230
67340
67950
108110
110770
103210
77920
70530
64780
75200
64400
64140
64940
64250
66439
64620
62080
64820
63150
64940
63110
62580
71210
65100
65010
65100
62900
61550
67790
66070
70950
64380
61540
66790
63360
115680
83380
76720
83680
88390
84200
80170
79790
81640
85840
84520
78640
78660
87430
84490
82800
77390
78050
84140
81610
76520
82030
90610
75470
81390
78570
85440
101650
66559
65540
63950
77959
64660
63510
66550
66120
69540
64640
135470
114790
98240
68780
62960
63600
68440
65660
63450
65680
65510
62730
66170
63660
66620
74320
64550
64570
61800
63870
61250
62750
63850
62220
65640
63260
66160
65280
73790
65210
64680
64330
96230
84109
77860
80720
78290
80320
82650
78960
84410
91060
83810
80540
74490
83790
76200
79590
84530
79330
89070
83180
82280
78980
78490
90220
81790
79240
