109890 
48670 
43290 
44910 
40200 
38830 
46530 
39760 
45070 
40390 
42560 
45000 
41350 
40610 
41980 
39960 
42830 
40280 
40970 
46880 
45860 
42630 
42330 
41050 
74580 
56220 
56380 
61760 
58740 
60620 
54170 
56830 
55270 
57680 
58300 
54120 
54720 
57890 
59010 
54070 
57080 
54820 
55640 
54130 
52610 
56330 
61140 
54310 
54650 
55130 
66080 
43100 
38130 
40510 
43300 
42210 
40770 
39340 
46290 
42420 
42360 
116850 
84510 
59250 
53640 
40430 
41570 
39840 
39730 
39510 
37880 
42560 
40520 
37750 
40950 
40390 
41450 
38640 
39060 
41410 
38800 
41920 
38000 
37390 
44230 
42560 
44820 
43600 
40360 
43080 
41800 
41290 
42540 
74100 
56590 
54460 
57680 
57180 
55090 
54140 
59110 
54800 
55420 
55900 
56440 
57000 
54900 
56280 
53950 
54760 
57140 
53080 
59180 
53910 
54480 
56560 
57170 
55860 
55240 
60820 
45150 
42310 
42280 
46500 
42810 
38830 
45740 
45660 
44260 
43660 
118540 
70970 
56990 
45110 
39630 
40780 
44810 
39470 
41380 
42470 
39320 
42900 
41090 
39060 
42760 
39670 
43660 
41050 
38880 
45100 
39810 
38910 
41070 
39600 
44940 
40840 
42780 
43390 
41060 
44480 
41910 
77850 
58790 
57260 
57360 
54470 
55880 
56020 
55450 
54330 
56180 
55760 
57570 
54270 
58750 
57640 
53270 
53480 
56890 
56890 
54800 
57210 
52090 
57060 
54930 
56840 
55680 
62130 
43420 
38720 
40020 
41550 
40930 
43000 
40940 
48840 
44680 
42320 
115190 
89080 
72950 
50900 
40410 
38180 
42580 
39440 
42130 
38430 
36840 
40540 
38240 
44300 
38350 
39980 
41850 
38210 
42470 
38580 
38370 
40570 
40230 
38310 
43430 
40490 
46920 
40510 
39900 
43510 
39910 
53390 
66240 
57880 
57180 
53190 
55380 
55770 
54800 
58120 
57760 
59120 
58860 
53340 
59370 
53040 
55030 
55680 
55840 
57240 
59900 
55070 
61250 
55540 
54900 
56660 
55570 
56250 
59120 
39800 
40600 
41480 
40960 
42500 
39480 
45570 
47120 
42360 
51260 
91900 
70680 
55290 
42840 
43040 
41040 
37530 
40240 
36830 
43560 
42110 
38920 
42010 
39800 
38890 
42080 
40110 
40290 
38540 
38300 
41680 
38970 
44420 
39280 
43200 
42490 
43440 
43450 
42460 
40750 
42140 
75960 
55550 
55580 
54540 
57980 
56980 
53390 
56780 
52150 
53300 
56820 
55980 
58110 
55380 
53830 
56300 
55480 
73300 
55710 
59670 
58420 
54420 
57090 
53870 
53680 
60100 
62100 
45610 
42220 
38830 
44070 
43340 
41520 
42840 
48020 
41310 
46860 
94670 
87110 
61060 
46110 
46200 
40720 
43000 
38890 
39460 
43070 
39380 
43080 
40880 
41290 
44020 
38660 
37810 
41840 
39300 
42730 
37410 
40500 
40210 
39020 
41040 
42420 
41070 
44060 
39550 
43240 
43170 
64100 
60190 
55760 
57580 
56550 
54330 
59590 
56050 
54540 
57520 
56250 
54200 
58340 
55440 
57760 
54100 
57680 
58800 
55440 
55300 
55830 
55840 
57480 
54930 
53830 
59230 
65060 
50010 
43060 
38160 
43760 
44460 
43430 
36850 
41930 
46060 
43250 
102570 
86990 
70240 
60210 
41310 
39710 
46050 
40160 
38510 
41500 
38780 
40680 
40980 
38750 
42510 
40130 
40150 
41780 
37850 
42570 
38760 
42020 
39030 
38390 
40740 
43980 
40230 
44060 
42210 
43120 
41770 
42980 
76850 
54610 
54870 
58790 
59210 
61140 
55260 
60250 
57770 
55240 
56600 
55910 
60140 
58070 
58510 
61220 
55130 
55890 
55840 
55840 
54670 
56500 
54850 
57450 
57180 
53140 
67900 
42890 
38670 
42830 
42090 
43450 
40780 
37980 
48320 
43180 
44100 
115960 
79120 
62960 
46260 
42290 
40450 
38080 
41360 
39470 
38030 
42650 
38570 
43710 
40010 
38500 
42690 
38860 
38630 
40580 
38770 
41430 
37930 
40410 
43500 
43800 
45740 
42360 
43720 
42740 
39900 
42930 
70000 
57000 
57430 
54330 
55230 
56280 
55110 
57290 
53010 
57180 
57820 
55410 
54920 
58690 
56420 
56900 
55370 
55770 
57990 
55830 
56440 
55560 
53590 
56560 
56110 
55480 
62050 
40870 
40890 
41450 
42040 
44780 
41380 
40160 
48650 
42340 
42960 
92220 
81410 
72910 
70990 
49310 
42020 
39070 
41950 
37750 
40950 
39130 
40640 
42460 
40180 
41160 
38370 
38400 
41050 
39410 
37540 
43790 
38780 
40890 
39600 
39570 
43390 
42460 
43280 
43990 
41410 
43330 
41130 
75600 
57180 
50760 
60660 
54900 
55390 
58750 
55520 
57630 
53020 
55280 
56400 
54200 
53770 
56940 
55860 
56930 
53170 
56480 
60430 
55540 
54040 
58720 
58950 
60010 
54290 
67070 
43910 
42620 
41850 
40990 
41110 
41110 
41930 
45200 
42210 
40560 
120130 
80290 
58180 
46160 
38800 
40890 
40260 
38350 
42110 
38970 
37980 
40940 
39790 
41210 
38170 
38000 
43240 
38900 
40430 
39080 
41110 
42980 
40110 
41270 
43140 
40680 
45820 
41560 
41280 
42310 
38670 
76030 
55820 
56940 
58510 
55270 
55920 
60190 
58490 
57300 
53760 
59230 
58020 
59740 
60260 
52360 
54570 
56940 
56700 
57800 
55030 
54090 
56560 
55820 
55390 
57350 
54910 
63230 
43730 
39280 
41720 
42750 
41040 
42240 
38490 
51740 
45490 
43720 
98220 
86770 
64910 
55400 
39960 
43000 
41280 
43170 
38670 
41650 
42270 
38950 
38710 
42270 
37870 
41950 
39500 
43850 
41770 
37790 
37570 
45680 
39400 
42430 
43080 
41020 
43630 
40990 
41600 
41120 
41380 
43460 
77610 
60810 
58140 
57370 
56830 
54080 
57790 
58330 
56340 
55960 
55090 
54570 
58130 
55980 
59380 
56410 
55900 
58920 
53860 
53990 
57230 
53030 
57860 
53450 
54450 
56860 
60840 
46790 
40420 
40250 
42560 
43990 
37870 
45370 
43980 
43890 
41330 
94380 
75410 
56120 
41690 
43690 
43330 
42720 
40640 
38180 
42500 
38850 
42290 
39060 
39610 
40980 
37630 
42070 
38680 
38140 
41100 
38000 
39230 
40910 
39120 
44080 
41600 
42730 
45570 
40620 
40760 
45400 
75070 
59120 
54380 
55200 
56290 
58420 
58710 
55240 
54110 
60760 
52970 
57130 
55250 
56000 
57210 
54450 
55060 
57730 
55560 
56760 
57440 
54050 
56540 
56660 
56440 
62170 
63910 
45380 
39590 
38040 
42680 
42660 
45620 
42240 
45940 
45610 
41850 
93010 
84810 
58530 
52740 
42680 
40050 
40970 
39050 
41280 
40050 
39160 
39990 
40260 
38950 
43760 
39260 
41260 
38630 
38300 
41740 
41240 
41980 
38540 
38150 
43800 
43360 
47670 
39840 
42940 
44430 
40740 
47980 
73090 
55350 
57520 
54970 
57820 
57710 
59040 
56470 
61270 
55510 
57950 
55800 
55340 
56580 
59890 
58300 
54940 
56790 
57110 
59980 
59620 
52570 
58640 
55730 
55640 
53570 
60180 
41100 
41850 
42860 
42180 
45500 
39030 
41350 
46350 
42660 
42870 
93870 
69390 
58120 
41760 
46440 
39830 
38450 
43150 
38490 
41450 
40130 
41760 
42200 
41920 
39070 
41150 
36830 
42870 
38380 
40360 
42040 
37370 
39770 
41820 
41970 
44390 
43080 
43340 
44730 
42300 
43260 
74660 
57620 
56420 
53380 
58880 
56050 
54880 
59310 
53910 
56080 
57120 
54560 
56800 
56680 
54650 
55600 
55100 
54530 
58170 
54410 
58460 
55950 
53430 
56620 
57440 
56840 
60640 
43700 
42190 
39560 
45400 
44630 
41090 
40750 
44770 
41730 
44390 
92110 
81620 
59110 
51720 
47630 
42330 
39300 
41270 
37750 
42680 
38960 
41840 
41570 
40550 
41970 
37610 
39660 
41090 
40720 
41480 
39270 
37800 
44560 
41060 
44570 
43570 
44120 
50530 
41300 
43330 
43250 
60780 
61150 
61050 
59710 
61480 
53460 
54470 
60020 
57040 
58030 
54480 
55200 
56120 
61570 
58680 
57190 
53690 
55230 
61580 
53230 
58000 
58230 
57820 
56700 
60110 
61440 
58870 
48450 
46110 
44700 
42700 
41740 
39800 
40470 
40260 
45500 
41280 
96500 
91020 
68720 
59620 
46040 
40820 
40780 
40300 
38460 
42760 
41900 
41150 
40100 
37860 
41490 
38520 
38910 
45340 
40890 
41640 
38070 
39000 
44340 
41110 
41560 
42410 
43350 
46420 
43100 
44130 
40540 
40120 
76580 
55620 
55790 
57870 
54030 
58890 
57300 
56670 
57740 
52470 
56540 
56330 
55440 
55920 
53570 
54510 
54860 
55520 
57950 
56380 
55780 
55260 
54220 
57440 
53130 
54540 
60860 
43330 
41240 
41200 
42800 
45340 
40050 
39060 
48810 
46270 
39800 
93480 
83530 
58620 
49010 
38280 
42040 
40960 
49160 
40980 
39250 
39250 
37240 
40640 
39990 
39080 
40620 
41140 
38390 
41720 
39220 
40700 
38300 
41040 
42490 
42290 
42300 
46090 
42280 
42990 
41350 
40460 
73220 
57720 
60400 
56380 
57110 
57270 
52810 
59290 
54550 
55580 
58680 
54730 
56490 
56100 
56520 
56540 
52710 
54120 
57870 
53900 
52980 
58760 
58470 
57340 
55170 
55350 
62900 
47000 
42320 
39910 
41110 
43800 
41180 
41290 
41300 
43550 
41520 
90670 
87020 
64820 
58710 
42890 
39940 
43360 
42720 
40830 
38710 
41060 
38600 
42440 
38710 
37610 
40780 
41000 
41930 
39880 
37950 
43170 
39500 
41930 
38700 
40630 
45060 
41690 
44640 
43670 
40090 
43310 
44170 
76950 
57410 
52300 
54890 
55460 
55640 
58460 
54910 
56270 
60690 
55660 
58290 
54400 
54160 
57240 
55320 
57860 
54330 
54690 
55790 
55690 
54660 
59700 
54560 
55770 
51910 
60280 
44390 
39310 
39440 
43780 
41670 
39880 
43440 
43480 
44360 
39850 
90980 
78270 
58360 
52190 
40300 
41870 
40820 
39290 
43390 
39680 
38590 
41470 
39480 
41390 
39470 
37240 
41500 
41920 
38200 
41120 
41070 
42200 
38040 
40260 
42920 
40460 
44740 
42080 
41670 
46220 
43440 
75230 
56910 
58510 
56610 
55930 
57810 
57430 
56880 
55470 
51110 
57410 
57000 
53710 
54250 
55780 
55790 
58280 
54100 
59170 
61840 
59810 
56300 
54410 
55220 
58790 
55520 
64960 
43660 
41840 
42470 
43350 
49600 
45260 
38250 
47300 
44370 
41270 
95590 
83180 
59210 
58860 
42450 
42960 
41240 
38580 
41090 
39690 
40300 
39040 
37650 
44350 
40300 
40840 
39900 
39010 
41210 
43540 
43600 
42040 
40180 
41190 
40490 
41020 
43070 
40040 
42480 
44380 
41610 
43630 
77380 
65920 
63910 
54430 
58050 
54780 
57490 
58770 
53960 
56970 
55510 
55440 
54710 
55630 
54120 
55700 
55990 
62160 
55920 
58610 
56860 
54040 
55220 
55720 
56760 
57530 
62940 
42500 
41450 
41920 
42330 
42480 
39200 
42530 
47410 
45900 
41590 
93770 
74190 
58810 
43150 
42570 
38790 
40510 
40700 
39400 
39870 
41230 
37250 
42150 
37580 
45070 
40880 
39920 
41690 
39110 
42390 
39230 
39490 
42680 
38620 
45140 
41310 
41750 
43430 
41070 
40890 
41960 
74410 
58380 
56650 
56370 
56550 
57050 
56400 
59980 
55160 
55860 
54750 
54320 
57910 
59100 
56690 
54110 
54620 
56180 
57650 
57880 
54310 
54000 
61050 
55470 
55130 
56390 
64230 
42670 
40930 
37780 
47800 
42510 
40070 
42420 
45580 
45980 
42770 
91540 
84970 
59210 
55350 
40210 
38670 
42110 
39070 
41200 
41420 
38870 
40030 
41020 
42200 
42820 
38690 
42330 
39450 
39100 
40380 
39640 
38390 
39960 
37680 
44570 
41090 
43200 
46100 
40950 
43390 
43190 
45390 
74710 
54910 
61000 
56070 
56270 
58850 
55680 
56780 
58510 
56610 
56500 
56640 
56790 
59760 
58500 
56060 
57200 
61420 
56710 
55670 
55610 
55460 
54000 
57020 
56170 
54600 
58760 
41290 
42820 
44210 
40370 
43090 
42810 
40350 
45680 
41440 
43360 
91420 
67590 
58970 
42530 
38880 
40970 
44870 
41680 
40870 
38580 
43030 
40780 
42050 
38320 
38200 
40030 
40470 
41850 
38920 
38400 
41280 
38780 
38660 
40710 
41130 
44790 
44890 
42540 
43160 
41100 
39240 
79410 
58140 
58130 
55460 
56510 
58570 
54620 
55700 
55290 
56900 
59370 
56760 
62030 
56080 
56810 
56200 
57940 
54790 
58020 
56660 
56660 
60030 
54380 
56270 
55100 
54600 
64440 
44230 
41700 
40330 
42030 
47850 
42910 
45030 
47380 
43340 
43960 
95870 
85410 
61680 
45650 
41790 
40060 
38420 
42090 
42180 
41890 
39010 
38080 
42980 
38610 
36860 
57110 
44400 
42080 
38890 
38540 
40690 
40710 
41120 
39920 
41160 
42950 
42120 
42290 
39860 
39380 
43340 
58030 
59290 
59580 
55800 
56550 
52430 
54120 
57900 
53500 
55060 
58990 
53200 
59760 
55410 
53590 
55210 
53530 
57410 
54690 
52300 
56500 
55060 
56950 
55770 
53880 
57940 
59070 
50570 
42970 
39950 
45630 
44000 
41110 
40510 
41890 
46890 
43770 
81720 
93030 
70280 
58300 
42300 
39620 
41390 
41910 
41660 
40770 
41510 
39690 
40750 
37630 
40920 
40200 
41430 
42180 
37550 
41860 
37920 
38560 
41680 
42030 
38080 
45910 
43370 
47370 
40330 
40600 
40720 
42230 
77870 
56570 
56500 
58070 
56200 
58620 
55050 
55870 
57350 
54000 
55970 
57890 
57110 
56040 
55040 
55940 
56690 
59030 
53410 
59130 
55360 
57770 
54870 
54100 
56330 
56120 
64960 
41350 
39490 
43580 
43220 
43160 
41430 
40180 
48790 
45320 
40830 
91940 
79610 
61640 
45980 
38990 
43280 
38260 
38300 
41290 
41110 
43000 
39170 
39730 
42230 
37620 
41110 
38280 
37920 
42320 
39060 
40410 
40000 
38660 
42980 
43030 
40320 
43540 
41090 
43860 
40200 
42450 
73120 
57220 
54140 
55580 
54220 
58440 
56290 
59700 
60390 
60560 
57800 
54940 
54380 
55350 
54770 
58410 
60630 
56280 
57890 
54330 
53520 
54570 
53260 
56040 
58970 
57670 
63130 
44420 
41680 
43640 
42480 
43920 
42540 
38720 
48110 
42110 
41770 
91990 
79700 
70650 
54070 
46030 
40350 
41030 
42110 
39620 
38450 
41490 
40220 
42990 
39510 
39550 
41800 
37350 
45020 
43370 
38150 
41220 
39550 
39680 
44420 
41210 
44870 
40960 
42890 
43870 
42710 
45760 
42080 
78130 
57630 
54810 
54490 
57120 
54880 
58460 
55350 
53370 
58310 
53700 
59040 
58840 
56560 
57500 
53530 
55920 
61160 
58700 
57770 
52520 
55970 
58320 
55080 
58050 
54320 
74660 
45770 
39500 
43740 
44550 
44260 
42480 
42390 
43640 
42370 
39880 
96490 
79760 
63850 
48740 
39940 
40450 
42990 
39150 
39520 
40200 
39470 
42340 
42220 
41240 
42700 
38670 
40800 
38420 
40750 
41510 
39460 
41860 
39630 
41900 
43930 
39920 
41950 
46270 
42210 
44540 
41100 
75700 
59520 
54360 
59380 
59500 
56370 
59440 
54930 
62490 
55370 
57940 
56030 
53420 
56900 
57620 
55470 
57910 
66950 
57640 
57370 
55560 
58300 
59810 
56170 
58760 
55370 
62550 
43740 
40030 
41250 
43540 
39850 
42970 
38920 
49600 
42980 
40510 
95850 
81640 
59410 
55810 
39200 
41780 
40130 
37270 
41590 
40130 
39250 
41340 
37160 
41780 
39260 
37420 
41110 
39520 
44470 
42410 
40400 
41750 
38550 
41160 
41910 
41050 
44700 
44150 
41580 
43180 
41400 
43820 
75410 
58910 
62420 
58070 
58690 
60480 
56590 
59630 
53400 
56590 
62470 
57180 
58830 
57090 
57060 
60750 
56650 
58940 
53190 
56450 
58090 
60220 
55400 
58770 
59600 
56260 
63720 
44070 
40390 
42870 
41890 
44600 
43350 
44960 
43750 
43510 
44790 
91410 
81830 
58480 
38990 
43100 
38750 
44810 
38890 
40380 
44070 
37670 
41690 
41760 
38780 
40950 
37370 
39750 
43540 
39460 
39650 
42640 
37490 
