88400 
65680 
68680 
45640 
84080 
66840 
69360 
66400 
75500 
76220 
71000 
72390 
88280 
73780 
79080 
83870 
56210 
71890 
36770 
88460 
67620 
118990 
67450 
88290 
35760 
72650 
74680 
61870 
86190 
76740 
33530 
78010 
45020 
28500 
64870 
21720 
61670 
22650 
27660 
56430 
32380 
59210 
85440 
87760 
32620 
105610 
58520 
23530 
52660 
55600 
43640 
53410 
52480 
48890 
25470 
51010 
58480 
21510 
52780 
53890 
46470 
52800 
51230 
50170 
73500 
54460 
52500 
57830 
22520 
30000 
59290 
26920 
59100 
49110 
83450 
34050 
76190 
71630 
65810 
38140 
97570 
33180 
40010 
70420 
31300 
39410 
71810 
67920 
73660 
59540 
70210 
34900 
39140 
77630 
32280 
75550 
86590 
37680 
72140 
74030 
68040 
60790 
60200 
47330 
48460 
2091040 
47900 
52940 
51760 
69940 
52290 
52970 
93470 
79910 
108110 
101840 
48800 
29260 
61600 
45450 
50610 
24960 
57600 
53750 
57790 
50770 
46820 
27610 
57240 
50510 
50340 
23200 
54630 
56390 
26320 
51090 
69970 
45520 
60850 
47960 
47740 
28820 
48140 
71620 
39910 
74680 
75320 
33340 
37710 
107560 
33090 
68530 
73800 
33400 
80290 
31740 
69640 
68060 
70960 
70010 
38360 
36440 
75630 
68500 
75190 
101350 
64490 
68280 
72310 
74040 
74010 
59090 
52880 
49370 
56080 
58800 
24190 
54050 
57560 
26190 
26450 
91730 
86620 
69460 
71860 
47020 
56130 
53600 
44200 
50090 
28370 
53820 
56620 
25750 
53950 
53390 
45970 
78270 
47820 
53640 
58190 
22750 
56150 
54050 
45560 
51910 
29350 
59170 
57030 
54520 
55430 
25580 
56870 
80440 
64430 
68030 
73790 
72320 
63330 
67190 
2134330 
66030 
72150 
72690 
41170 
68350 
72430 
99870 
65520 
64270 
69530 
64620 
72970 
74450 
62360 
2096730 
66840 
69630 
69790 
67530 
65980 
53040 
51610 
52590 
27230 
50600 
53140 
49420 
62580 
56530 
56930 
85190 
82670 
38910 
57150 
55800 
49480 
26810 
27620 
50910 
56040 
42270 
53310 
57990 
48220 
55600 
2092460 
21260 
51530 
55210 
53400 
51950 
55740 
48450 
54550 
57430 
53750 
53020 
57510 
27670 
56030 
57030 
48940 
83960 
65050 
74510 
73990 
67880 
71580 
67860 
72270 
96880 
72790 
56250 
67240 
69710 
37600 
60740 
69900 
68040 
69080 
70390 
76260 
64520 
33320 
69620 
63490 
34850 
64770 
75320 
48280 
54480 
26020 
54860 
55700 
24880 
70920 
56010 
30050 
48110 
93160 
50390 
69170 
102250 
46530 
53580 
63070 
27910 
47110 
52060 
53880 
53380 
44920 
24780 
51910 
23800 
52830 
47040 
50220 
44400 
26960 
28660 
55320 
42690 
26760 
45120 
50610 
31190 
72670 
49530 
47480 
54180 
84250 
2139190 
71830 
67390 
70900 
76180 
31800 
68340 
68700 
99950 
80200 
32760 
69420 
75410 
33920 
66670 
78020 
57840 
34210 
68730 
68910 
36930 
83880 
75900 
67950 
34470 
37380 
68050 
25350 
53680 
56030 
56510 
48320 
53940 
51600 
55910 
53670 
57260 
90460 
81420 
73910 
25730 
28720 
67860 
23550 
51020 
52510 
27170 
59410 
44620 
27790 
52330 
57930 
24960 
52450 
46010 
25610 
25820 
70600 
51010 
53150 
47050 
59680 
46770 
50880 
55480 
23770 
51920 
63410 
69820 
76760 
65940 
74520 
68960 
93040 
60840 
67800 
70110 
72870 
70820 
69680 
2104620 
33120 
70370 
76150 
28210 
71490 
75040 
31260 
95070 
76310 
76710 
71590 
77560 
72580 
61310 
78100 
3113670 
25530 
58160 
60980 
49640 
51640 
46420 
60250 
76770 
46840 
87010 
89720 
71580 
61190 
54120 
52660 
45250 
58940 
52960 
48960 
52450 
46330 
48620 
60710 
48110 
49200 
55330 
55840 
48150 
57370 
49260 
42780 
51270 
58580 
52590 
48750 
57800 
23890 
60720 
53980 
47190 
57950 
77790 
81460 
73310 
55260 
64840 
67290 
73180 
68150 
74510 
65870 
74240 
68160 
70520 
71640 
29740 
88090 
71840 
61910 
74890 
31850 
67510 
71850 
78040 
2140430 
65260 
70830 
68410 
36490 
53440 
23640 
53880 
75710 
29760 
58440 
51100 
30840 
62660 
52010 
91040 
2131220 
72680 
60950 
45790 
54340 
50650 
26250 
51970 
75460 
53970 
48450 
49170 
52670 
52480 
55370 
56790 
45550 
53340 
49100 
50760 
57550 
52710 
23270 
53350 
27020 
62080 
58750 
53880 
58220 
46210 
62900 
2134880 
63590 
37970 
37860 
74270 
62970 
62210 
67940 
67070 
75340 
78450 
75240 
69070 
65160 
36330 
73310 
70790 
36340 
73310 
75640 
72000 
72590 
71600 
70710 
63750 
104730 
76810 
60350 
51440 
54470 
58730 
56720 
44170 
52910 
31190 
77120 
47780 
89460 
94450 
68820 
36030 
61780 
49340 
57210 
57960 
22310 
54990 
54460 
21900 
54870 
54830 
30020 
33430 
50340 
51240 
56020 
27690 
55260 
75340 
47630 
56050 
28740 
68010 
47900 
51560 
58320 
55440 
30580 
53630 
79120 
39490 
74240 
71810 
31080 
40330 
79760 
69700 
41390 
68120 
69180 
68320 
65280 
69330 
66150 
67200 
74390 
73370 
78690 
73450 
73880 
68260 
71230 
73530 
37160 
35090 
82820 
77140 
59980 
26720 
56300 
53160 
52360 
51940 
54620 
59110 
52440 
46990 
89990 
79340 
29380 
62250 
46800 
52930 
51240 
2096090 
24150 
51000 
54270 
53540 
57850 
54520 
48740 
49850 
69100 
2117310 
59670 
40410 
52590 
51720 
47290 
48900 
27070 
56360 
56150 
57270 
25620 
57930 
26400 
76770 
46290 
74350 
63620 
70520 
73400 
61070 
71060 
63630 
68200 
32350 
70660 
74420 
70200 
72470 
68500 
32360 
76180 
62480 
67370 
69490 
62440 
75710 
74690 
68170 
36250 
71070 
76430 
55290 
49470 
54330 
50030 
90200 
60300 
20030 
54680 
49750 
52890 
91070 
86000 
35870 
64210 
59530 
27000 
55900 
47240 
28460 
56760 
49350 
51080 
54160 
42930 
50170 
53530 
57960 
50070 
44920 
27380 
52440 
59300 
25410 
54170 
46330 
52080 
59010 
46790 
58380 
51460 
47130 
78820 
82970 
74330 
52860 
76120 
68970 
67970 
61920 
67610 
42340 
76420 
71610 
62120 
69720 
68790 
63660 
96180 
68760 
67900 
68960 
31540 
75890 
72820 
31480 
67240 
44460 
40600 
65640 
41150 
55220 
50770 
59650 
49050 
55280 
21150 
56850 
27510 
55830 
52480 
94640 
44450 
72970 
61970 
50650 
51460 
22960 
53580 
52720 
48470 
26720 
125710 
2868690 
2921510 
55520 
45620 
2092980 
24380 
58080 
51530 
54490 
41470 
57760 
60620 
50160 
54230 
55390 
60310 
44590 
55290 
54350 
56250 
78640 
35530 
71780 
37510 
70410 
36240 
68870 
41010 
94030 
64410 
72230 
70240 
67860 
73230 
61610 
70860 
71660 
34670 
69470 
71650 
32590 
72520 
75030 
31880 
103350 
76180 
69470 
61530 
61910 
21250 
54190 
2099830 
50750 
51070 
62010 
51420 
50270 
52010 
88120 
74900 
92430 
56320 
56610 
59310 
50210 
43450 
48040 
27710 
55480 
24400 
54770 
50140 
49520 
52520 
49870 
52820 
70260 
19960 
55270 
67080 
33390 
53650 
23330 
27260 
56490 
57580 
30070 
46410 
51730 
85000 
71810 
98610 
31900 
71880 
63320 
72170 
75010 
108570 
73380 
3215550 
43260 
74010 
76410 
61080 
69070 
74350 
69680 
71170 
71140 
67090 
39230 
72910 
66330 
104010 
38410 
71420 
75730 
54810 
41730 
51530 
52340 
55140 
50340 
53620 
51140 
29360 
61640 
92210 
80150 
106590 
56080 
49050 
55580 
43680 
50670 
56880 
46630 
52850 
53700 
49760 
51110 
49340 
51960 
54730 
40790 
73280 
55920 
57490 
48370 
51880 
44690 
52780 
2095730 
54660 
44270 
50000 
55880 
54810 
54630 
82610 
31470 
68930 
68380 
80340 
58950 
69970 
64560 
81720 
35420 
67790 
70830 
60230 
71720 
70040 
63690 
72060 
64210 
64270 
70320 
70350 
63320 
76440 
59390 
71850 
2123590 
72010 
55090 
54820 
47620 
61100 
49310 
53610 
42560 
81660 
58740 
42760 
95530 
86030 
79690 
34130 
56920 
48840 
50990 
52890 
54250 
56130 
50580 
24780 
58830 
80090 
24800 
54210 
52600 
28680 
27220 
56130 
46340 
48390 
53530 
54160 
57000 
51150 
52350 
53360 
58050 
77470 
54120 
46960 
81270 
77520 
61490 
69540 
75190 
32290 
70840 
72060 
72310 
79640 
78300 
82720 
71380 
98230 
64220 
67920 
78520 
69590 
77050 
60270 
69650 
76340 
66560 
70900 
73900 
32700 
73530 
66390 
60350 
75740 
50210 
54910 
23500 
61530 
52430 
60830 
49840 
55350 
93860 
89100 
75220 
53140 
55530 
52120 
53980 
26880 
48790 
50650 
56990 
60580 
50500 
54250 
50020 
24370 
28670 
29730 
47490 
49330 
52600 
56040 
50500 
79800 
58230 
65030 
63110 
51330 
27350 
54910 
52310 
57380 
75690 
69350 
65510 
70590 
74600 
70310 
36090 
77540 
32510 
68140 
68660 
79870 
28080 
69500 
2114990 
37020 
77800 
53340 
67900 
68440 
76330 
65060 
73350 
91180 
36030 
38010 
40310 
54700 
49730 
49370 
28020 
58030 
29120 
49700 
58430 
55360 
56530 
92960 
43700 
78470 
69070 
25660 
54420 
23280 
64130 
70730 
45450 
52110 
46980 
51040 
47410 
26900 
56250 
43470 
50290 
25100 
29120 
28460 
52680 
54530 
23190 
57360 
26620 
52220 
57850 
33190 
59120 
32120 
54020 
83890 
100600 
62000 
72310 
78030 
29070 
75780 
72730 
34700 
77390 
32100 
69320 
69990 
65760 
72040 
36730 
65270 
35980 
73550 
73920 
62860 
68520 
72590 
62270 
75740 
72900 
77060 
72570 
59120 
49930 
54180 
49530 
55210 
71550 
56790 
54530 
54500 
61730 
88440 
85820 
73420 
67380 
23050 
57270 
56850 
24000 
57120 
48570 
28370 
53260 
54750 
53780 
41700 
49920 
56680 
53610 
54040 
45450 
27150 
57420 
97820 
31710 
49620 
53110 
56120 
50540 
55020 
57330 
44340 
50330 
82280 
66210 
73530 
61820 
65130 
69440 
67640 
70150 
70060 
69220 
35770 
38610 
89070 
65790 
68760 
72110 
67120 
72340 
78500 
122510 
74870 
58290 
70730 
39220 
35030 
71020 
44050 
30000 
29990 
47340 
53810 
64320 
52490 
53900 
62680 
45430 
58920 
50880 
89460 
75630 
35070 
60630 
25550 
28950 
60070 
22830 
57140 
76660 
29070 
56300 
54340 
22110 
53490 
59720 
24010 
2099080 
51180 
55080 
50830 
50120 
51030 
48190 
52650 
58090 
47260 
88380 
58940 
50950 
59380 
80120 
36150 
2108790 
63750 
71820 
36920 
71470 
74770 
62560 
69930 
38420 
103340 
77470 
63900 
70760 
72670 
66970 
68520 
69990 
2134240 
67840 
67950 
69650 
67340 
66820 
72450 
68970 
93320 
58340 
21590 
49760 
59050 
47250 
52010 
58480 
51140 
27960 
55400 
88170 
82780 
72820 
64070 
49440 
54630 
20820 
54140 
55610 
54960 
22380 
56730 
52900 
54850 
48170 
51950 
22300 
52440 
50710 
25270 
53080 
53980 
25470 
27450 
59170 
25570 
57670 
54660 
46410 
59490 
43050 
52740 
82220 
36230 
74250 
63700 
67740 
75490 
61050 
72980 
63940 
65340 
99570 
62460 
68090 
77800 
65160 
68160 
68700 
70840 
68560 
65570 
67060 
64870 
68170 
73110 
72810 
86580 
72090 
64110 
51530 
52360 
73430 
47000 
54050 
45780 
60510 
55650 
52280 
94560 
87510 
35120 
72180 
77640 
48500 
49640 
55340 
46050 
54740 
51590 
56410 
52500 
51310 
66520 
46880 
29920 
54120 
26490 
51830 
47100 
21920 
56330 
48920 
53520 
47090 
57770 
52530 
58500 
2124330 
40750 
48720 
81960 
70620 
66060 
116080 
77260 
68870 
96330 
76330 
63860 
72710 
68000 
76140 
40410 
78290 
54620 
62820 
79760 
66860 
65340 
75620 
71720 
33830 
74260 
98560 
68280 
72490 
61950 
74980 
57000 
22270 
53310 
53480 
54840 
27470 
55710 
60120 
53900 
53550 
90400 
120450 
68020 
60620 
59060 
51850 
51070 
52110 
44250 
50900 
52320 
49410 
51840 
50780 
49640 
56550 
50200 
49150 
53510 
47200 
52970 
25880 
53210 
53110 
53130 
2102820 
23110 
53710 
55420 
52910 
25220 
58410 
83360 
65480 
97540 
74500 
36590 
69720 
66940 
75210 
34670 
73110 
66900 
72380 
69170 
73260 
68600 
75650 
60950 
67210 
99120 
68510 
71480 
64500 
62560 
36870 
71500 
78160 
37820 
57800 
26540 
53930 
55510 
46400 
55630 
42630 
68470 
89470 
45400 
102420 
91500 
66330 
69420 
62610 
46330 
27910 
55710 
30660 
55050 
49030 
23430 
54630 
54390 
56930 
52100 
51730 
30790 
55330 
52750 
57090 
39930 
47670 
58160 
52290 
52580 
54330 
50330 
61260 
57350 
27570 
54160 
77720 
79410 
77510 
75120 
57370 
66570 
32880 
76740 
69980 
65990 
72000 
73770 
37000 
71010 
102860 
58130 
75770 
79000 
64640 
76850 
64300 
66400 
67880 
40470 
70030 
34660 
71820 
71840 
34870 
50070 
31020 
52900 
49200 
30450 
61940 
56840 
71000 
45770 
58270 
79320 
39230 
60980 
56690 
23150 
49490 
28960 
51620 
21910 
51520 
46520 
54970 
52400 
40990 
55020 
60940 
50660 
48160 
28480 
53370 
53860 
53910 
44040 
49370 
53660 
58990 
30110 
53170 
52140 
57520 
29740 
44140 
37830 
39160 
33250 
37690 
70990 
37740 
78170 
3130600 
36260 
70740 
37920 
37560 
69880 
67610 
76660 
109770 
70000 
76590 
32320 
72000 
37470 
72050 
66140 
72740 
71360 
72770 
57640 
75250 
47580 
30770 
63700 
44930 
51210 
61390 
26420 
58850 
100810 
100440 
70330 
75130 
62480 
51040 
27260 
71620 
51340 
51130 
56380 
51380 
58720 
47540 
57640 
2097100 
47500 
49800 
52290 
51820 
56820 
49530 
48030 
47180 
59520 
64150 
53430 
53190 
26580 
62580 
59340 
61880 
76650 
58960 
70130 
79790 
63900 
70390 
73810 
58770 
70920 
69180 
38390 
73710 
33260 
38930 
78300 
33180 
73950 
59950 
71920 
76650 
68140 
67070 
66660 
36540 
75610 
35920 
36130 
70360 
53390 
51880 
61650 
57230 
60280 
44760 
59040 
58260 
28640 
56370 
85470 
47840 
71450 
29420 
54220 
58210 
54620 
56630 
49020 
53540 
46840 
47530 
62030 
48140 
46900 
54470 
49330 
50330 
60220 
40880 
47200 
67280 
25480 
54850 
55430 
46510 
57690 
50970 
57570 
53680 
50090 
60230 
76490 
38730 
72040 
64530 
73480 
83910 
76280 
61690 
76510 
56630 
64200 
71520 
68490 
37120 
69330 
68820 
77100 
36160 
36410 
82010 
70250 
71770 
98860 
76640 
73880 
70670 
69950 
59700 
55700 
41740 
48870 
63260 
23790 
55120 
52630 
52640 
51090 
43060 
116360 
78520 
69520 
51740 
53620 
53820 
47680 
51160 
2093090 
49680 
55190 
50350 
51300 
52750 
47910 
52860 
52610 
66940 
52120 
43130 
53470 
58210 
50000 
55380 
50620 
59680 
60000 
59550 
48520 
67040 
56810 
80960 
72450 
70070 
71360 
72470 
72070 
72000 
77770 
70490 
71350 
66580 
66680 
67020 
66970 
65290 
74990 
63580 
37940 
70420 
62830 
39440 
77310 
31040 
37380 
73590 
60180 
75940 
3135870 
44350 
57420 
25500 
53750 
55310 
53950 
51080 
59490 
55550 
73910 
50730 
88530 
59920 
66420 
59910 
22010 
54830 
44060 
48600 
57760 
22550 
50940 
49640 
26790 
59770 
61120 
27320 
60240 
44090 
57960 
53780 
42840 
53600 
53740 
44370 
53200 
51130 
28980 
55820 
50920 
36060 
73340 
79040 
95140 
66380 
73570 
70750 
61680 
70270 
77810 
67840 
74490 
62070 
36520 
69880 
72840 
40420 
73350 
66480 
76080 
36480 
85530 
69960 
71480 
79200 
69060 
71390 
79550 
71560 
26900 
54360 
55960 
23970 
55210 
53820 
55060 
59600 
57960 
48010 
86370 
89150 
75040 
65950 
59160 
53960 
24520 
57770 
23750 
57750 
49370 
56710 
