79460 
54240 
42810 
43970 
40700 
41360 
43290 
43070 
43600 
41350 
41710 
41140 
45140 
43990 
48300 
43330 
41100 
45250 
42410 
78210 
54890 
54810 
57040 
63180 
58390 
55620 
56930 
59970 
58230 
57160 
56790 
56880 
55070 
57180 
55970 
53620 
54920 
53540 
56050 
61220 
58190 
61150 
54880 
59960 
57660 
61830 
41880 
38850 
42000 
46870 
42100 
41650 
41600 
48830 
42980 
43050 
95950 
86190 
59990 
56320 
41970 
40790 
40250 
41000 
41840 
40620 
41450 
43740 
39900 
42010 
41250 
39700 
40430 
39100 
43280 
41150 
41140 
39990 
39110 
42340 
42290 
43270 
41080 
40990 
41340 
44240 
41910 
41220 
76590 
60080 
56910 
55920 
58050 
56720 
55660 
58040 
56420 
55380 
55370 
55120 
62070 
62160 
59340 
55240 
55040 
57590 
58350 
55320 
59940 
54290 
55190 
57420 
57530 
54390 
61460 
41480 
46400 
42680 
42700 
41790 
38950 
43850 
46890 
42910 
45250 
97970 
81510 
60390 
46610 
41430 
37660 
43570 
42930 
39730 
39890 
36860 
39200 
46390 
40500 
42790 
40660 
38680 
43570 
40080 
40950 
38990 
38460 
42630 
39350 
44930 
41350 
45610 
45940 
43770 
41970 
39870 
70680 
61510 
57040 
57560 
54570 
54200 
60670 
58400 
59720 
54080 
53100 
58160 
61210 
58710 
55790 
56040 
54120 
58660 
57850 
55580 
54050 
55090 
56400 
58110 
55680 
55100 
59890 
44600 
41540 
39200 
42740 
42370 
40660 
45580 
43860 
44460 
41720 
97140 
91960 
63870 
55440 
41330 
37950 
44840 
42180 
43780 
44600 
43020 
42900 
40270 
40210 
41080 
37530 
41660 
41620 
40060 
40690 
39050 
44680 
44640 
40360 
40660 
42280 
43030 
45380 
42830 
43060 
39950 
40990 
83400 
57070 
59210 
54750 
54260 
56910 
58390 
58620 
53760 
56110 
54780 
57590 
56380 
56680 
60600 
54860 
63460 
56080 
56660 
56150 
55180 
58660 
57480 
53460 
53700 
55910 
79830 
43070 
41290 
40540 
41420 
43370 
43590 
41290 
47370 
43190 
43090 
94780 
83080 
60470 
45640 
40380 
58870 
42470 
40700 
41630 
40110 
40980 
41140 
42200 
40830 
39510 
42930 
40890 
42280 
38390 
39050 
40860 
42240 
40730 
39220 
41370 
43450 
43470 
41420 
43460 
40910 
44600 
57390 
63050 
53810 
55990 
55200 
57770 
58070 
58430 
54820 
57520 
60850 
62320 
58530 
56270 
58020 
57260 
57610 
56570 
54640 
56800 
56760 
58540 
56020 
60010 
55080 
57340 
56600 
56300 
41190 
40000 
41000 
45790 
43030 
40580 
42470 
46030 
48160 
43480 
96830 
69220 
52570 
43090 
41110 
39190 
40200 
39450 
41820 
40460 
43730 
40160 
40620 
42800 
42400 
40700 
39990 
39230 
40610 
42540 
39040 
40790 
38080 
40850 
44250 
43040 
45130 
40670 
40830 
43140 
41770 
76420 
55240 
55610 
58390 
56140 
57620 
59470 
58060 
56480 
57000 
55710 
54100 
55120 
56900 
56890 
58320 
55280 
58950 
55150 
59760 
58500 
56950 
55360 
54670 
58180 
57310 
63760 
40500 
39260 
43170 
47430 
42770 
41250 
40380 
46360 
46360 
41540 
99150 
81100 
56080 
50730 
39800 
44270 
39910 
38800 
42070 
43400 
40510 
40530 
39080 
41730 
41280 
40450 
40340 
38480 
41770 
40780 
41420 
39870 
39140 
39580 
44520 
41930 
43420 
40600 
41660 
42500 
41790 
46840 
72820 
55360 
57880 
56420 
54850 
57520 
56050 
58890 
57260 
57000 
59720 
55520 
59260 
55260 
59120 
55640 
53760 
54180 
58990 
57250 
57070 
55450 
54010 
58370 
60600 
57960 
59260 
43150 
43350 
44900 
41510 
42100 
40070 
43550 
45120 
43930 
40810 
92340 
75140 
57310 
42460 
40200 
39610 
40650 
44850 
40980 
39820 
39280 
40970 
40650 
40530 
40510 
39820 
38790 
41290 
39670 
39280 
39010 
39710 
43340 
40680 
44950 
39560 
42370 
45300 
42470 
42140 
40630 
76770 
60980 
59570 
56460 
54680 
55640 
61070 
57490 
58170 
56450 
58020 
57110 
59890 
55860 
59030 
54890 
56780 
57470 
56640 
56710 
56470 
56070 
57460 
57430 
54990 
54910 
60750 
41370 
45250 
40810 
43600 
42980 
43110 
40890 
49930 
44680 
41640 
92640 
82680 
60730 
52300 
40860 
40180 
42710 
40630 
39470 
41260 
38840 
40710 
40180 
40390 
40520 
41120 
41630 
41400 
40300 
39340 
40800 
41110 
42080 
41350 
41860 
42820 
41770 
43390 
41460 
40620 
40130 
39320 
75190 
57960 
57680 
56260 
56130 
57770 
57720 
59910 
54550 
58190 
54360 
56340 
57950 
57310 
54140 
56650 
59880 
57430 
54680 
57120 
54640 
59530 
58140 
55110 
56260 
55120 
59330 
43760 
39710 
42520 
41080 
45890 
43210 
40290 
44570 
43270 
41510 
93250 
76090 
53240 
41490 
38110 
42480 
40220 
42750 
40330 
37950 
42100 
39710 
40190 
39520 
39290 
41410 
39600 
38810 
39710 
39220 
41710 
38630 
39770 
40790 
40390 
40430 
45980 
40620 
40560 
38990 
42830 
76880 
55520 
55830 
54850 
53790 
63480 
56100 
57930 
53840 
56190 
58020 
55270 
55620 
55190 
55840 
57270 
56810 
55000 
55000 
55360 
55770 
56500 
59260 
52050 
57890 
53850 
62890 
44820 
42330 
40670 
42380 
44300 
43690 
39080 
47240 
43760 
43180 
96350 
85200 
66910 
55140 
43610 
43860 
40690 
40340 
39610 
41980 
41780 
39210 
41460 
39850 
40640 
42320 
45750 
42170 
38030 
40660 
41370 
40180 
39940 
39120 
39870 
43880 
43640 
43760 
43700 
42220 
44030 
40150 
76420 
54640 
60300 
56660 
61200 
57100 
55740 
55230 
56580 
57130 
58240 
57660 
59190 
55070 
58060 
56810 
53850 
61190 
56030 
61630 
57330 
57270 
54290 
55830 
56230 
57620 
61880 
42520 
40120 
41540 
49080 
43280 
41620 
38980 
46150 
46100 
41590 
93260 
76830 
56260 
49710 
40530 
45430 
39750 
39760 
43210 
41300 
39700 
40960 
39290 
42150 
40660 
42130 
40360 
39410 
41510 
43340 
42410 
39570 
38880 
40520 
42440 
42440 
42140 
45270 
41790 
43280 
41880 
70240 
58800 
57160 
59740 
55340 
56540 
56120 
55790 
56600 
63570 
58530 
54010 
55340 
57800 
58330 
58240 
55450 
52080 
65140 
58350 
57120 
56680 
55330 
53540 
58350 
61970 
64910 
43800 
42630 
41050 
43350 
42140 
40560 
38940 
43840 
50570 
42460 
90560 
91280 
65640 
58810 
41720 
39830 
38740 
41270 
41150 
40320 
42090 
38640 
38520 
43770 
40440 
39820 
40040 
37480 
42530 
40840 
40070 
39990 
38770 
42560 
42370 
42080 
42990 
39910 
42600 
44060 
42020 
40230 
79570 
57150 
56670 
56940 
54820 
54760 
57290 
60300 
57010 
57190 
51760 
56520 
58310 
57060 
55940 
58340 
58560 
68600 
59020 
57420 
55630 
55280 
56470 
56450 
55400 
54910 
60300 
45150 
42110 
41770 
41950 
41780 
42560 
42760 
47980 
43830 
42420 
102170 
85950 
59180 
45240 
42430 
40280 
41950 
44830 
41510 
39490 
39610 
39790 
46920 
40310 
40070 
38770 
39430 
40840 
43700 
44210 
41330 
40800 
41960 
43210 
41580 
40510 
42560 
43360 
41480 
44900 
45020 
52420 
61970 
60780 
63510 
54560 
56670 
57000 
58380 
58930 
58620 
58560 
57350 
56480 
58010 
61250 
55480 
54400 
56370 
57520 
57070 
56770 
54880 
62400 
57000 
57980 
53010 
54250 
56740 
46670 
41540 
41800 
42810 
43370 
45150 
42310 
45230 
44010 
41140 
95800 
71940 
57020 
45260 
39540 
42610 
44720 
41640 
39870 
38240 
41560 
41340 
42110 
39060 
39460 
42050 
40030 
43810 
40190 
40330 
41360 
44740 
39040 
44880 
41160 
41670 
44380 
40900 
42820 
40060 
41760 
79570 
58720 
58650 
56180 
61320 
58870 
56640 
58770 
55330 
55650 
55990 
58920 
56930 
57220 
58940 
54160 
58300 
64140 
55690 
55930 
60490 
59200 
71090 
57070 
55380 
55010 
62080 
44650 
40730 
43230 
45000 
46970 
42660 
40570 
46790 
41550 
41750 
92680 
87170 
55660 
50840 
40840 
46760 
42380 
40700 
39480 
50160 
43220 
40260 
38850 
39760 
38900 
42540 
40160 
45990 
40400 
40790 
43500 
39970 
40530 
39860 
41210 
45080 
46190 
42250 
42400 
40650 
41470 
43790 
78800 
56210 
54540 
57690 
56820 
55340 
56980 
54270 
57670 
58100 
56780 
54970 
57530 
54520 
57020 
57660 
56820 
53750 
54750 
58780 
57340 
55500 
58210 
56420 
54260 
59980 
60970 
41800 
38260 
43000 
44120 
43180 
41240 
42430 
43670 
45070 
44720 
92880 
71240 
53840 
45060 
41700 
40040 
38490 
40180 
42920 
40130 
39670 
40830 
40100 
44450 
43420 
41040 
43010 
44240 
41490 
40440 
39540 
44310 
38660 
37380 
43810 
42370 
46060 
40470 
40400 
43860 
39860 
80250 
56320 
55410 
57860 
54090 
57600 
53930 
55230 
59160 
59670 
56740 
55440 
54930 
55460 
54390 
55580 
55820 
51280 
56930 
58550 
59790 
55240 
53870 
55350 
55740 
56510 
63410 
40380 
40630 
40480 
43050 
41180 
43140 
39500 
48960 
46690 
47710 
93670 
86740 
59240 
54180 
41880 
43750 
39530 
40260 
43230 
42410 
40170 
41870 
37780 
42320 
39780 
39910 
39280 
41310 
42310 
40480 
39730 
40810 
41580 
42420 
43160 
42210 
41090 
40720 
41690 
43100 
41810 
44370 
75600 
59540 
56240 
56260 
56110 
56070 
54060 
59740 
54910 
55980 
53110 
56360 
58810 
60480 
55450 
58390 
56930 
59960 
61550 
58300 
55150 
55180 
55210 
52890 
57270 
56860 
63380 
44090 
42740 
43460 
41960 
42390 
39980 
43480 
47670 
44760 
40890 
93790 
81850 
60200 
47700 
41380 
41780 
40380 
42740 
41010 
40800 
38830 
37530 
40250 
39700 
41050 
38880 
39630 
42710 
40240 
40470 
39760 
52250 
48670 
40460 
45080 
40290 
41490 
47510 
41620 
44430 
42630 
74780 
61800 
59200 
56590 
54830 
55020 
57100 
56660 
61260 
55610 
53390 
56760 
60460 
58060 
56670 
54830 
55180 
61280 
58290 
58340 
59660 
58130 
56700 
58110 
56320 
57800 
61080 
42830 
44960 
40940 
41140 
40850 
39660 
44330 
44040 
47340 
42710 
100170 
88450 
62980 
57130 
42060 
40610 
43160 
38710 
43740 
40080 
42210 
43250 
40060 
39610 
41050 
57170 
42640 
42080 
41420 
40680 
39900 
44250 
39730 
44260 
41290 
42340 
39950 
43870 
43140 
41450 
41180 
39700 
78450 
58780 
57870 
55670 
52580 
59290 
55070 
57020 
52540 
54610 
55740 
58460 
56000 
54700 
54310 
56200 
56880 
56900 
57320 
57670 
56010 
57790 
54230 
54930 
55170 
55200 
61490 
43400 
39070 
45630 
44040 
42690 
41930 
40090 
47480 
41770 
43940 
96910 
84920 
61350 
49620 
40690 
42050 
41350 
40890 
40610 
38830 
43000 
42690 
41420 
38970 
39540 
41980 
40100 
39690 
40420 
37440 
42470 
41490 
40890 
39750 
40460 
42150 
44910 
42010 
42660 
41840 
42650 
61070 
60920 
57400 
57110 
55590 
58580 
59400 
58710 
55550 
59620 
62100 
56140 
57790 
57680 
62710 
55940 
59400 
55670 
54400 
56430 
57900 
57970 
59810 
57330 
57760 
55190 
56890 
52260 
41620 
42100 
40710 
42930 
41720 
40340 
41690 
45040 
44620 
49940 
93970 
62400 
53790 
42920 
42620 
38710 
41500 
38330 
38560 
42540 
42510 
39390 
40230 
41450 
42150 
43490 
41380 
38210 
39880 
41430 
41700 
40690 
38390 
42350 
43770 
41980 
44160 
45660 
41610 
42370 
42230 
79870 
56300 
53960 
59160 
58890 
59900 
53900 
57760 
55080 
55020 
57210 
59010 
53760 
58550 
56950 
57880 
55330 
54870 
54430 
58870 
59480 
55120 
53770 
54400 
58440 
58260 
62670 
40820 
39430 
40880 
44970 
42310 
41580 
40160 
45960 
46540 
42120 
93850 
87550 
55890 
62190 
41970 
40870 
42320 
38530 
42990 
46220 
40210 
39070 
39930 
43000 
41630 
41000 
40530 
39110 
42410 
44780 
40960 
41110 
39950 
40230 
49070 
41290 
43240 
38650 
42450 
42420 
41360 
50150 
64200 
56010 
59220 
56850 
57570 
54830 
57650 
57770 
58160 
56660 
56390 
55640 
57400 
57880 
58890 
54230 
55950 
53900 
57460 
56750 
56260 
54980 
56450 
59350 
59100 
56820 
59120 
44580 
41420 
43980 
41020 
42480 
41720 
43970 
46620 
43750 
43770 
99900 
67440 
56470 
41500 
40600 
42560 
43680 
42870 
41020 
39630 
40960 
37360 
41820 
40240 
40630 
39530 
38010 
43240 
40330 
40540 
40240 
39420 
43190 
43110 
43740 
41090 
42300 
42440 
42160 
41770 
41130 
76940 
57620 
55630 
55670 
56560 
58180 
56670 
54580 
54990 
56330 
53840 
55080 
59550 
60650 
57690 
57330 
54730 
57670 
58090 
58360 
60030 
56630 
57390 
56830 
61190 
54620 
60830 
42330 
42140 
41170 
41700 
42140 
39520 
43790 
48040 
44260 
42320 
102990 
88940 
57680 
54010 
40390 
40240 
43170 
41640 
40600 
39170 
43380 
39950 
43960 
41310 
39500 
40360 
42690 
41720 
41010 
41810 
39420 
40510 
43250 
39930 
42860 
40920 
42270 
44100 
42220 
45500 
42290 
39770 
78340 
58600 
56730 
55840 
55580 
61310 
62390 
58600 
58040 
54840 
55770 
55790 
58460 
55560 
55520 
56090 
58120 
58670 
55230 
56340 
56220 
60030 
59650 
58160 
56640 
59230 
61590 
42290 
41440 
42740 
41600 
43270 
44370 
42570 
43980 
45690 
40960 
95960 
72980 
57770 
43360 
40060 
42490 
39870 
39560 
38750 
39340 
39440 
41770 
39970 
42520 
37480 
45700 
42380 
45250 
40470 
41840 
40100 
43030 
41350 
39800 
41600 
40620 
43680 
42350 
43150 
38950 
39100 
82390 
59190 
56670 
56580 
55770 
58350 
63490 
60320 
55460 
55350 
55790 
56380 
58480 
60110 
55410 
56980 
57090 
56160 
72840 
55360 
54300 
52950 
57610 
53550 
55500 
53420 
63260 
43000 
40250 
38260 
40150 
45130 
43410 
39660 
46940 
41840 
46190 
94750 
82940 
62310 
52250 
40620 
45390 
40590 
40320 
38100 
39680 
41100 
40920 
40850 
39690 
39420 
42000 
39650 
41160 
39100 
42140 
42730 
42210 
40510 
39140 
40170 
43590 
43560 
41590 
40490 
43010 
43780 
43350 
76740 
55360 
55620 
56400 
68640 
56380 
56410 
56600 
57500 
57300 
59790 
55370 
54470 
56640 
58910 
58410 
58820 
55050 
57690 
55860 
58190 
56080 
54840 
56010 
56160 
58470 
60980 
40450 
39070 
42330 
43040 
42170 
40490 
42080 
43870 
47710 
43240 
92710 
84010 
58120 
49170 
43300 
43430 
41060 
37630 
42060 
41620 
43770 
40290 
42460 
40920 
42530 
40670 
42430 
39670 
40110 
40790 
40510 
40320 
42090 
40820 
47250 
43360 
44640 
42790 
39590 
42580 
43090 
73560 
60810 
55220 
64830 
55610 
55960 
52970 
54210 
57630 
58680 
56290 
56650 
54020 
56860 
56750 
58100 
61860 
53910 
56100 
64260 
58100 
62550 
56540 
56540 
57980 
60700 
64130 
45820 
41680 
45890 
44810 
41950 
46840 
39320 
43130 
47980 
44280 
99170 
91970 
62700 
56200 
41990 
38970 
44390 
42150 
43180 
39810 
41850 
39380 
44250 
43440 
41800 
40820 
39470 
42290 
43110 
41110 
39610 
40580 
39490 
41220 
41910 
44350 
40380 
42100 
41590 
41790 
40620 
45840 
76450 
58130 
58660 
58800 
57960 
56680 
57620 
58510 
54220 
56650 
57670 
62620 
58920 
58630 
57670 
59640 
55920 
60310 
58600 
58410 
54900 
60670 
52930 
58170 
56160 
56220 
61900 
42130 
41460 
39940 
42110 
42740 
43130 
45360 
49650 
43650 
40290 
96260 
83720 
61160 
46070 
38090 
39350 
40430 
43800 
39070 
40660 
39190 
40550 
42840 
40360 
40710 
39690 
42430 
42260 
40860 
41270 
39490 
39220 
40610 
41300 
