125700 
64720 
51690 
64610 
58070 
60940 
56800 
57670 
57660 
56300 
59340 
59290 
56300 
64710 
48360 
41730 
41290 
40210 
40550 
42420 
40180 
49800 
43080 
39940 
91150 
85600 
62060 
46230 
40150 
37510 
41720 
40580 
38820 
46650 
41100 
41870 
39340 
39120 
44020 
39700 
40360 
40610 
41000 
37640 
38560 
40510 
37130 
40390 
43830 
40600 
40890 
43960 
40110 
40500 
40930 
59510 
59930 
54700 
61760 
56480 
55380 
58500 
56450 
57670 
53520 
54520 
54330 
58960 
55660 
55250 
59320 
58370 
53500 
58200 
55150 
56470 
53260 
55840 
55740 
52510 
55510 
56790 
52880 
52440 
40330 
42470 
39500 
42860 
41840 
41120 
45120 
41600 
55170 
89380 
66440 
61890 
40000 
41020 
38630 
42210 
39400 
37500 
36170 
39570 
38430 
39810 
56490 
41290 
41600 
39380 
41250 
37500 
38260 
39480 
38820 
39880 
38210 
40100 
42770 
43490 
41110 
42970 
41990 
43020 
73300 
60770 
53820 
52930 
52520 
56730 
58220 
70210 
55540 
55180 
54470 
57490 
55020 
54920 
55340 
57520 
55660 
56970 
54460 
55060 
57090 
56930 
60550 
53050 
55010 
59230 
67250 
53250 
41050 
39230 
39400 
43250 
40840 
42230 
44060 
39510 
44110 
93550 
85190 
62820 
47760 
42370 
41400 
38950 
38850 
37860 
42770 
39890 
37540 
38930 
37730 
40320 
39120 
39720 
43170 
38810 
38590 
40360 
48280 
45910 
39510 
42860 
41070 
41610 
41570 
39130 
38230 
41950 
56030 
65290 
56580 
55500 
55090 
54980 
56920 
55650 
55790 
66890 
55550 
59430 
55170 
55620 
54270 
57770 
58650 
53820 
53530 
57570 
56040 
57630 
55430 
54750 
55220 
57020 
57720 
54410 
39440 
38240 
46780 
42040 
44190 
40000 
39930 
46350 
42960 
42370 
92820 
64780 
56970 
45140 
47430 
49260 
42460 
39190 
40800 
40190 
39060 
37740 
38210 
42050 
40650 
38450 
42300 
38400 
41580 
40690 
42730 
47570 
39600 
40390 
39910 
39670 
42130 
40250 
40630 
44910 
39940 
77630 
59780 
57010 
57770 
56060 
57410 
54240 
56330 
56930 
54950 
55940 
53090 
54410 
56340 
55570 
56670 
54780 
53820 
55120 
53170 
58780 
55860 
55940 
51380 
56930 
59000 
61670 
42080 
38180 
40260 
42230 
40600 
40720 
38930 
47470 
43340 
46730 
88540 
82870 
55000 
51990 
41330 
39440 
38790 
41380 
40150 
39550 
39970 
38890 
38580 
42260 
43540 
40120 
38180 
39750 
41920 
41410 
38680 
45750 
43230 
43000 
45620 
41740 
41190 
38610 
42240 
42370 
41170 
45710 
64560 
57670 
53420 
58230 
54330 
53360 
56460 
56950 
57850 
55720 
54010 
55700 
55020 
66660 
56930 
55840 
56260 
55760 
56850 
53830 
53770 
60750 
56220 
54470 
54180 
55320 
58410 
41080 
40240 
41710 
39160 
39570 
41020 
43960 
44230 
42340 
39010 
93750 
71410 
67630 
43500 
39010 
38560 
41240 
41810 
39420 
40020 
39490 
43000 
39610 
38620 
39600 
38840 
39800 
37000 
39050 
37940 
40100 
38060 
39170 
39680 
41550 
37900 
40960 
42300 
39250 
39860 
40510 
76250 
57930 
55870 
56030 
53640 
53110 
56620 
56860 
58040 
51920 
54640 
55990 
52410 
55700 
58860 
56230 
52230 
55800 
60050 
52830 
53630 
64840 
56950 
55010 
58620 
55360 
61430 
44760 
39860 
41220 
40160 
39610 
42420 
40290 
45210 
42190 
38840 
94340 
81900 
60970 
53340 
61640 
43510 
41680 
40340 
38290 
37550 
37270 
43480 
40990 
39320 
38290 
36910 
40350 
42630 
39250 
37820 
37800 
39820 
40480 
38490 
44050 
40580 
44140 
39580 
46150 
40530 
40290 
47220 
70770 
59820 
53840 
54580 
54200 
59520 
58880 
54100 
53070 
54340 
56420 
57270 
54780 
54150 
56040 
57530 
55080 
53930 
57300 
55030 
56010 
55170 
56610 
55490 
53730 
51640 
58690 
42410 
37870 
39990 
42720 
42710 
43810 
41180 
43220 
41960 
42620 
92520 
73530 
56300 
40770 
40560 
40540 
38790 
40760 
49170 
43780 
39060 
37970 
41240 
39190 
39550 
40360 
39770 
39920 
41500 
40930 
39820 
40120 
38670 
42710 
40760 
42230 
43510 
41720 
39530 
42250 
44380 
78480 
57000 
55050 
60010 
57680 
54520 
58240 
55290 
54600 
58890 
56050 
58520 
54260 
59040 
61670 
60050 
57100 
56270 
60190 
56190 
56880 
55510 
60120 
53050 
54230 
57700 
63980 
51850 
44100 
39090 
43660 
43940 
42310 
41670 
45960 
40080 
43480 
94310 
82170 
60430 
51240 
43440 
39270 
42030 
41620 
37410 
40550 
37420 
38330 
38590 
41030 
41530 
39520 
40620 
39770 
41120 
40320 
39400 
39470 
40980 
38220 
43720 
44340 
45620 
39430 
39530 
38690 
43840 
39520 
76220 
55370 
55710 
55090 
55040 
57100 
54580 
54020 
65280 
56940 
60490 
54260 
60550 
58100 
55740 
57760 
54850 
52920 
54700 
60710 
60220 
53100 
55710 
53620 
57340 
58950 
61510 
40500 
37430 
41210 
41420 
40060 
41220 
40520 
44840 
43340 
41240 
89760 
75560 
61340 
41150 
39840 
39550 
37210 
38050 
41470 
41370 
39010 
37350 
37800 
46210 
40410 
41350 
38460 
38610 
41400 
41190 
39200 
37650 
37200 
41240 
41400 
41710 
42370 
41080 
43100 
38890 
41030 
72330 
54140 
55880 
59170 
58390 
54470 
52740 
57960 
55430 
59150 
55190 
53200 
56500 
55750 
58840 
58530 
54490 
57560 
55840 
56680 
54410 
54410 
55410 
54110 
54520 
58370 
60800 
42530 
38700 
41150 
42690 
40020 
42450 
41850 
48890 
44520 
42030 
92430 
85890 
65220 
51460 
41050 
37330 
40050 
43460 
39450 
40050 
38160 
37970 
41010 
38140 
43510 
38940 
37410 
40460 
40490 
39560 
38830 
37620 
36560 
40890 
40140 
40410 
40300 
40450 
41460 
41170 
43940 
42530 
77010 
57370 
54970 
56630 
53920 
53010 
55390 
59220 
59130 
54100 
50750 
53530 
54510 
57800 
61430 
55070 
55720 
56240 
58420 
56410 
56850 
55350 
56170 
56250 
57890 
53770 
59910 
44430 
42510 
40350 
38600 
38560 
41990 
42600 
45700 
41880 
40320 
93730 
77110 
64810 
44170 
38760 
38660 
40220 
39310 
39440 
39400 
38330 
44470 
41710 
39510 
38210 
38570 
40780 
39530 
40860 
39170 
37160 
41400 
39070 
40190 
41610 
40030 
43750 
48230 
44940 
40940 
38800 
75320 
58860 
54780 
54650 
52390 
54780 
56430 
56590 
54540 
52540 
54670 
56640 
60140 
56180 
58860 
56120 
55970 
54250 
58310 
53650 
57610 
56090 
56060 
58390 
52960 
54840 
62860 
44500 
41340 
40680 
42910 
39800 
41650 
39150 
45540 
42040 
40040 
92140 
85160 
65020 
52180 
39120 
41060 
39450 
39180 
39680 
39180 
40320 
42370 
39560 
39270 
37650 
37400 
40520 
38920 
38820 
38620 
38200 
42390 
39310 
39630 
39280 
39090 
44540 
43580 
45300 
37890 
38390 
40820 
76160 
58140 
57060 
71810 
58340 
55580 
59380 
55150 
53580 
55020 
55480 
60530 
54440 
56140 
55540 
55000 
57200 
55330 
66590 
57320 
55230 
56330 
56690 
51920 
53360 
56080 
61340 
42540 
38720 
40390 
39370 
47690 
42030 
41980 
44950 
41230 
41220 
95010 
83980 
58390 
46790 
41450 
41670 
41940 
38640 
40920 
42930 
40460 
39140 
38250 
37700 
39240 
39260 
39500 
39040 
37240 
40810 
41510 
39980 
39620 
39640 
39180 
40880 
43650 
41090 
39420 
40890 
41760 
83360 
60100 
53150 
53500 
55080 
55920 
56400 
51420 
52990 
56760 
54180 
60590 
55210 
55090 
56940 
55370 
59420 
54320 
54460 
54100 
57800 
57390 
55100 
54350 
54620 
55630 
63200 
41720 
38240 
36260 
44150 
40830 
39550 
40640 
44530 
46160 
42080 
89770 
80940 
70700 
54560 
44960 
41480 
38810 
37590 
37240 
41480 
39930 
38300 
39800 
46400 
43570 
42080 
39780 
38260 
39050 
41350 
39630 
38820 
38630 
37980 
41320 
40890 
40890 
40620 
41220 
40400 
43890 
41870 
77950 
57450 
58370 
56660 
56630 
57060 
54730 
57350 
55930 
60860 
57170 
53770 
54890 
55460 
54800 
56450 
54510 
54510 
57030 
54940 
57970 
54260 
55720 
55770 
56350 
57780 
60430 
44540 
38110 
41650 
40970 
41500 
39210 
39740 
46180 
42780 
41570 
89560 
78480 
59150 
48490 
39890 
39460 
40080 
41060 
38960 
40940 
40310 
36730 
38220 
41690 
41870 
40140 
38650 
36990 
42020 
40290 
38720 
37390 
36180 
40360 
41270 
39240 
42870 
39510 
42140 
41940 
40800 
69970 
56010 
60850 
55670 
60160 
53630 
54800 
55080 
56210 
57360 
54470 
50900 
54340 
56050 
57550 
54430 
52640 
53890 
55470 
56350 
55920 
54110 
52820 
56750 
55400 
54520 
60360 
42390 
41660 
39370 
42190 
41390 
41200 
36290 
42060 
47820 
40100 
95180 
85170 
61830 
53940 
44520 
39440 
39050 
41500 
39490 
40100 
38370 
37710 
40890 
40080 
37670 
38640 
38220 
41760 
37650 
40790 
39860 
38520 
38880 
41000 
41370 
41590 
40640 
42180 
43220 
39850 
40970 
37540 
76140 
58600 
57790 
56170 
53440 
55810 
57320 
59950 
58520 
53840 
55570 
54330 
55150 
59750 
54270 
54640 
57200 
55960 
61540 
55960 
54200 
53700 
56070 
60490 
56110 
56540 
60960 
48910 
41900 
40510 
41590 
40790 
41400 
40430 
45910 
44790 
39910 
87720 
82300 
58950 
44340 
40470 
37010 
44320 
44120 
39680 
37730 
37910 
40530 
38910 
41150 
37540 
37200 
39630 
37440 
38650 
38010 
39980 
41420 
38390 
36660 
38750 
38860 
46090 
43430 
43420 
38020 
42090 
68430 
58800 
61710 
54720 
57060 
56470 
55930 
55400 
54650 
52610 
56230 
54060 
61560 
56770 
52790 
61970 
57250 
55260 
57140 
54700 
56080 
56130 
52850 
56670 
53500 
52620 
61120 
44800 
42160 
36110 
39460 
38930 
41530 
39900 
41200 
42500 
39880 
86620 
88380 
69760 
62090 
41170 
40370 
39590 
37430 
38470 
37770 
41420 
39740 
41630 
39920 
38270 
37220 
41850 
40730 
38880 
37180 
38870 
41490 
39860 
49560 
40950 
41130 
43010 
43980 
45260 
40650 
38890 
42730 
77770 
56910 
54430 
51820 
57010 
57940 
57720 
54280 
54130 
56010 
56320 
56320 
54180 
54530 
55430 
57930 
58250 
55360 
53590 
54190 
59360 
56990 
55900 
52760 
55390 
56790 
63370 
42480 
39270 
42100 
43490 
40740 
41350 
38840 
47520 
42840 
47320 
87890 
81470 
57050 
45020 
52130 
41280 
39080 
38190 
43040 
41250 
40020 
39860 
37210 
36550 
40420 
40330 
37840 
38240 
37910 
41750 
37340 
41740 
41630 
37700 
48270 
42860 
42040 
41060 
39510 
38480 
41580 
59770 
71610 
57170 
66240 
64010 
59880 
57130 
54430 
56690 
56520 
55890 
55950 
54900 
57920 
58720 
58190 
57780 
53380 
55840 
56870 
56110 
58540 
53020 
64530 
57030 
56620 
56650 
56000 
43020 
38580 
42910 
43040 
40700 
38670 
40240 
47980 
43200 
51430 
90640 
64430 
57950 
42680 
45570 
40140 
38710 
37930 
41450 
39860 
39090 
37670 
38900 
41110 
40290 
40830 
38960 
37860 
40640 
40440 
39520 
38650 
39610 
41960 
41900 
42220 
43530 
40960 
46020 
42970 
45040 
75120 
55380 
55840 
55530 
57850 
52140 
51780 
65010 
56820 
56950 
56450 
65190 
57530 
56950 
58370 
52320 
55940 
52830 
55430 
57760 
57020 
54890 
55960 
58710 
53840 
55940 
61120 
41310 
36840 
40950 
42480 
40620 
39380 
37920 
48200 
42840 
44930 
92230 
82880 
64230 
48150 
39030 
38810 
37420 
40460 
44790 
42710 
39690 
38520 
42820 
38640 
40020 
37970 
41440 
39630 
42200 
38290 
48900 
39870 
39610 
44320 
43910 
41480 
41670 
39780 
41280 
43180 
40920 
52170 
57920 
59030 
57590 
60200 
56330 
52640 
56540 
53090 
55390 
53880 
52330 
54560 
54070 
60360 
53920 
54360 
61120 
57090 
57500 
55490 
54590 
59830 
58220 
56560 
54690 
52550 
55420 
45550 
46040 
40620 
45020 
44110 
44380 
41050 
45320 
42350 
39240 
92360 
73410 
60090 
39660 
39480 
37640 
43620 
38980 
38570 
37820 
37150 
40770 
42470 
38880 
40730 
38190 
41620 
43330 
40180 
38860 
37460 
40540 
37420 
38780 
42070 
41620 
42940 
41330 
40350 
41000 
38500 
78180 
56870 
54070 
55040 
52880 
60020 
55350 
56120 
57870 
55160 
54380 
63720 
56990 
55170 
54870 
53930 
58070 
57400 
59140 
50940 
55540 
63830 
62500 
59170 
55180 
55340 
61860 
46900 
40520 
44020 
43220 
41880 
42180 
43860 
48840 
42470 
41090 
88730 
84810 
59040 
46870 
38960 
39930 
39310 
39260 
38960 
37590 
37370 
40930 
40440 
39860 
39450 
37710 
54650 
42830 
40190 
37720 
38130 
41120 
43170 
39740 
40350 
44810 
47730 
42280 
41230 
37930 
39670 
66090 
67520 
57260 
64240 
55030 
55480 
57350 
57230 
54730 
52560 
54220 
60410 
57820 
54640 
53240 
55780 
57490 
56670 
55040 
53350 
56190 
56380 
57120 
55010 
52980 
55170 
55040 
57520 
42480 
37500 
39740 
39500 
42010 
44700 
40470 
42690 
42750 
43090 
92810 
68390 
58430 
44500 
42280 
44840 
39870 
38600 
38650 
42020 
39470 
38140 
37750 
37780 
48750 
42340 
40370 
38920 
39070 
38480 
41660 
41260 
40430 
38420 
43600 
43650 
42000 
40290 
43140 
38490 
43520 
76490 
58090 
54360 
56210 
55850 
54860 
55900 
53450 
54900 
55900 
52360 
58140 
54060 
54880 
52920 
56010 
55670 
54250 
55820 
55450 
55770 
55350 
55360 
55620 
53380 
58250 
62490 
41700 
40740 
38280 
41690 
42600 
39810 
37420 
54890 
45900 
42620 
92740 
82150 
59780 
50120 
41370 
42590 
43030 
40910 
38480 
41710 
38620 
39580 
37980 
39630 
41720 
39720 
39470 
37670 
37760 
39000 
39050 
38830 
38950 
36880 
48780 
41730 
42400 
40790 
42530 
41670 
42090 
45600 
70880 
55690 
55360 
56340 
64780 
57820 
53430 
57600 
57520 
54530 
57040 
58500 
58400 
55840 
54540 
63460 
54770 
60000 
55600 
57030 
59470 
52980 
54620 
53280 
55410 
57210 
58170 
41560 
38440 
42620 
45560 
42250 
37490 
41810 
43870 
44070 
40380 
90290 
67810 
57450 
43400 
39610 
40880 
40800 
42520 
39810 
41210 
39450 
39910 
38220 
41600 
40080 
39880 
39070 
43870 
45130 
38220 
42410 
41120 
40550 
40400 
43560 
40450 
40900 
41490 
52150 
40990 
41160 
75060 
55510 
57730 
53580 
55240 
54360 
53660 
55550 
58680 
57370 
61440 
60140 
59600 
56470 
56850 
55990 
54970 
53550 
55780 
55030 
55280 
52300 
53420 
55800 
55980 
55260 
62810 
42640 
40480 
41910 
41410 
39690 
39060 
37860 
46140 
43450 
44500 
91070 
84670 
59020 
50840 
41660 
38700 
39030 
41530 
42200 
39090 
37550 
46810 
44080 
40420 
39140 
39200 
38130 
40340 
36970 
37420 
37180 
38100 
37080 
41320 
41180 
42690 
40950 
40680 
41630 
42280 
39100 
37630 
73560 
56700 
55430 
55050 
53310 
56050 
56680 
55490 
56060 
54790 
56450 
58570 
53980 
58040 
54690 
55250 
52310 
64380 
64120 
56400 
58890 
54720 
56030 
55740 
54920 
55990 
61420 
45670 
39490 
50640 
39980 
40470 
41110 
42740 
45750 
42000 
40540 
93470 
74990 
59280 
41500 
38510 
40300 
42120 
41650 
38810 
37760 
38690 
41380 
39960 
39660 
37830 
37840 
40580 
37900 
38750 
36950 
38110 
40240 
39520 
39620 
41880 
40050 
43300 
38290 
41740 
38080 
37770 
79790 
57820 
57460 
52840 
55620 
54800 
56790 
59690 
55640 
54970 
57500 
64970 
55500 
57380 
56010 
54840 
57780 
55860 
56500 
56090 
54440 
55980 
55000 
55740 
54290 
54640 
