81420 
1122550 
52150 
78130 
56840 
53200 
46610 
41460 
47020 
54280 
46450 
42710 
45800 
50120 
55490 
46300 
46930 
49530 
65570 
25500 
21700 
56990 
45860 
18320 
21200 
56010 
44100 
23530 
19990 
53710 
47860 
23050 
20570 
51320 
66310 
24710 
53170 
48490 
40920 
19010 
53500 
44120 
346520 
19260 
49960 
47240 
22080 
23360 
48230 
42390 
22930 
23270 
54320 
42360 
20520 
21040 
55660 
45220 
21910 
21140 
53420 
65310 
23000 
50770 
40970 
360630 
21250 
28020 
29800 
23520 
23630 
53970 
21460 
22340 
22490 
48460 
20750 
24500 
24280 
46870 
21260 
23480 
28020 
51980 
21340 
22900 
1103770 
56730 
22890 
22740 
45960 
46010 
23400 
22860 
47420 
48050 
19650 
23660 
48180 
46170 
21660 
22470 
46780 
48690 
22250 
23720 
44710 
44880 
22160 
22500 
48200 
42760 
19880 
50820 
43990 
22410 
22300 
52310 
59270 
22960 
25150 
45530 
42130 
22890 
22190 
47300 
42500 
18600 
25170 
64720 
53900 
22010 
21620 
49130 
46480 
19270 
46380 
40380 
43360 
24150 
45560 
47920 
42650 
20220 
45610 
46850 
46130 
19730 
45250 
65060 
51560 
25360 
42850 
44570 
44330 
22320 
47910 
41890 
43440 
1097440 
48560 
68170 
22610 
20290 
45760 
26840 
50800 
20460 
44860 
44400 
51790 
40010 
23670 
102310 
54350 
22520 
24530 
46360 
52020 
36710 
44410 
49000 
52820 
38040 
42830 
42970 
53400 
51280 
98990 
48600 
48070 
44510 
43150 
43830 
46800 
40360 
26920 
25330 
47840 
21640 
39280 
25510 
48950 
26140 
25420 
22910 
48260 
23530 
23530 
23440 
43370 
44910 
49700 
21720 
48480 
20640 
23100 
24950 
47750 
44750 
20350 
1107640 
53140 
84030 
24290 
47760 
39210 
46900 
24310 
52160 
44870 
39620 
20610 
47400 
40430 
41540 
22050 
24100 
50810 
42250 
20180 
45770 
46520 
45590 
19980 
46800 
21230 
24060 
48640 
22910 
22880 
21150 
44700 
23600 
25160 
23720 
44040 
22080 
24490 
26520 
47660 
19820 
22100 
21520 
52000 
24880 
26730 
25910 
48270 
22630 
22120 
1085260 
50290 
53460 
27110 
50370 
42570 
20980 
22610 
53140 
48870 
20190 
24130 
46630 
49260 
23580 
23700 
49710 
46950 
22910 
26460 
48350 
43390 
20610 
22030 
51550 
42580 
20950 
23430 
46640 
47270 
21850 
1086710 
44720 
19890 
25210 
49010 
47680 
48070 
20340 
49810 
49170 
21400 
24160 
47760 
50390 
46300 
20260 
49840 
41340 
21190 
28050 
47010 
46650 
19290 
23910 
48670 
43820 
67400 
47130 
39540 
22910 
48530 
47190 
21050 
21290 
48510 
48130 
43380 
32100 
53950 
45760 
47610 
20840 
49080 
41450 
47270 
24310 
23910 
22460 
19900 
1075840 
27190 
52750 
21670 
24760 
24400 
23670 
22980 
48270 
21340 
42760 
24580 
50890 
24910 
43680 
40730 
44890 
48070 
42060 
43300 
22600 
46130 
47190 
22470 
46420 
42250 
45410 
67070 
43360 
44180 
44080 
23650 
46390 
44740 
46000 
46360 
37520 
49270 
25860 
49120 
44860 
24310 
25650 
51930 
21490 
25150 
45660 
22860 
52150 
44860 
23090 
45210 
67890 
22590 
24660 
25350 
48190 
19840 
25160 
1105630 
46280 
37960 
20540 
52580 
49430 
21840 
21690 
24750 
25140 
25370 
25090 
24430 
45100 
39870 
23920 
46230 
49430 
57520 
23970 
49260 
45550 
45470 
19890 
44510 
63690 
43820 
26210 
20580 
22100 
43570 
48150 
45850 
43030 
39400 
24030 
48670 
43320 
40600 
23810 
45450 
22910 
45280 
40250 
44130 
45700 
44900 
22320 
22490 
44490 
38310 
21090 
24350 
44320 
53270 
39990 
20620 
47620 
45000 
40090 
19460 
43340 
46360 
39980 
24750 
44140 
20760 
43370 
73510 
25800 
45940 
43960 
72100 
29190 
54700 
45690 
44350 
23490 
54460 
47260 
48310 
23230 
45790 
46600 
52130 
44630 
41550 
45310 
54670 
22780 
45910 
43960 
45280 
24340 
46250 
45730 
43140 
22220 
47820 
47880 
45700 
19680 
42780 
50930 
54990 
24060 
45030 
53500 
24850 
23380 
24490 
45330 
41010 
19260 
1087370 
48080 
66560 
19590 
48500 
47580 
42560 
23300 
54550 
60160 
49650 
22810 
50980 
39550 
19030 
24810 
49770 
45570 
20200 
22540 
48490 
26700 
21570 
24430 
48370 
21570 
51690 
43740 
43850 
42000 
23110 
52190 
43910 
22260 
22680 
46220 
47020 
21780 
25060 
44250 
53840 
26420 
48110 
48640 
42480 
20480 
45540 
49840 
22550 
47050 
44530 
44940 
23420 
24600 
43940 
39230 
41750 
47850 
45860 
65140 
49090 
46670 
49180 
44470 
43370 
23340 
46920 
47170 
49470 
24410 
24280 
24440 
24280 
24670 
24830 
45460 
41730 
1061030 
49750 
21810 
23670 
22220 
21670 
49070 
23080 
44400 
44880 
44440 
25770 
48610 
60780 
56360 
26880 
24300 
50950 
43260 
23800 
21780 
47420 
50290 
51340 
19610 
24180 
24350 
27170 
46620 
1568990 
38850 
27000 
23570 
23520 
43190 
49540 
20130 
34640 
26370 
49590 
20320 
21120 
25170 
50780 
21250 
23930 
23920 
48720 
22760 
47230 
42630 
41910 
22910 
52570 
41870 
42740 
21850 
48170 
50200 
42470 
1102550 
44540 
71680 
23630 
46500 
47970 
41470 
21540 
51280 
47930 
42600 
20410 
45130 
48770 
43430 
21640 
45880 
40780 
44410 
23390 
47990 
49950 
38860 
21680 
26910 
48600 
47400 
31130 
56050 
49670 
46610 
22760 
49130 
44620 
49750 
46810 
46880 
45230 
47820 
25580 
48220 
43450 
43950 
23110 
48120 
46460 
44770 
20570 
47500 
43830 
47310 
23040 
47800 
47560 
26240 
47840 
48050 
66810 
23270 
48480 
48960 
24140 
49570 
50210 
39770 
48260 
50040 
52630 
42750 
42550 
23380 
56020 
48320 
46360 
19960 
49900 
52250 
60000 
24550 
51660 
50470 
47350 
21510 
56530 
41570 
43620 
50390 
47450 
49040 
43870 
44500 
48120 
52460 
49600 
22650 
44030 
47200 
50540 
23080 
45500 
44390 
45570 
26830 
45110 
46010 
24600 
25380 
26420 
24200 
24140 
23650 
23100 
27320 
25710 
25810 
24130 
23640 
27720 
28310 
26750 
24100 
51360 
21550 
28750 
25860 
24460 
48610 
23590 
29060 
24300 
48960 
22440 
31970 
28310 
54930 
28810 
25640 
49970 
22680 
27230 
25210 
26170 
22840 
52380 
24870 
26650 
23330 
25920 
72920 
26030 
54710 
44190 
25200 
25940 
51320 
45090 
44130 
48770 
45380 
48570 
47450 
46300 
45310 
48170 
25000 
25080 
26240 
44850 
46190 
23930 
51110 
47140 
46790 
19990 
53000 
27330 
44390 
20730 
43920 
46140 
44980 
20080 
77360 
46390 
40120 
23500 
46540 
45860 
39980 
19370 
54970 
46670 
43070 
19270 
47510 
47350 
44680 
22630 
24870 
42940 
44670 
46650 
46100 
42920 
41390 
21310 
50450 
49820 
46870 
41390 
51620 
48670 
40970 
22620 
43380 
42730 
43860 
24020 
55920 
50020 
39020 
23000 
51290 
47610 
42780 
44080 
48310 
26580 
27710 
24190 
23500 
48050 
1134730 
44800 
54080 
45060 
25380 
23260 
68560 
58560 
27030 
20970 
52550 
74980 
25170 
48930 
44620 
45190 
25500 
49340 
46490 
41970 
21260 
54300 
50610 
44090 
21050 
51830 
52700 
42780 
22410 
45010 
47330 
24380 
45030 
23550 
45120 
40640 
22940 
46610 
50210 
43680 
40600 
22770 
50130 
47360 
21850 
22880 
48270 
47680 
46110 
39060 
21290 
50840 
48620 
38570 
23200 
33230 
54120 
43970 
22340 
25490 
22230 
43730 
23320 
25430 
46500 
43760 
43770 
44120 
47470 
46050 
45250 
47990 
46910 
46930 
23020 
44500 
49050 
44450 
46540 
50230 
47870 
44480 
21910 
26230 
46850 
45800 
23090 
47530 
50220 
46290 
24010 
45820 
46850 
45130 
22670 
47870 
43280 
1170450 
20590 
49430 
45290 
24460 
43880 
51690 
52390 
61930 
26310 
46930 
49440 
25040 
22380 
1229380 
47810 
36670 
48690 
58370 
50770 
43710 
20500 
56240 
44070 
22920 
48020 
42870 
23820 
27410 
46820 
22960 
23280 
25500 
49120 
23290 
46330 
48440 
49210 
47310 
21580 
56270 
44940 
41430 
23020 
54320 
51970 
40830 
19790 
24930 
1096340 
23850 
53850 
24140 
54390 
22650 
26690 
24370 
48430 
30880 
29550 
23750 
50290 
18040 
45450 
27150 
51950 
20860 
42560 
23700 
54910 
43720 
44510 
42200 
45340 
46350 
45520 
44810 
47520 
39170 
48720 
48240 
25570 
23710 
23140 
23740 
28000 
23700 
23270 
21990 
48190 
24860 
22390 
22650 
48750 
55490 
44980 
22660 
47690 
43210 
41510 
24190 
53290 
43920 
44330 
44440 
47720 
53090 
51070 
49630 
45180 
45610 
50660 
44010 
62690 
50770 
46550 
49440 
45730 
45900 
42510 
21560 
50480 
44960 
47110 
22190 
44470 
46810 
1560890 
22070 
44950 
1559150 
23800 
24710 
25910 
46370 
44990 
46300 
49630 
21700 
24860 
23240 
23980 
25780 
46090 
24810 
42840 
25690 
25880 
44830 
23790 
22760 
24220 
45880 
23610 
25370 
23970 
23630 
21620 
49750 
47310 
56730 
23600 
46200 
76030 
52370 
24050 
23680 
49630 
43000 
47070 
43270 
50690 
40770 
22490 
49980 
52320 
46530 
41680 
20270 
49230 
44600 
40730 
43100 
50150 
46590 
48380 
23280 
22000 
54900 
53930 
21480 
20910 
46240 
48640 
25460 
21700 
47540 
43640 
22650 
47280 
52430 
51020 
22570 
20490 
47110 
45970 
45540 
42800 
49670 
48040 
48000 
21320 
50630 
63460 
52310 
23670 
45840 
45160 
43970 
21520 
46580 
54130 
51910 
41570 
52680 
50460 
41240 
20700 
44410 
43570 
49170 
21840 
25360 
45730 
24160 
21850 
26430 
25920 
25130 
24310 
49390 
47220 
39710 
20530 
43770 
25990 
60040 
46430 
48700 
40860 
40510 
24540 
25520 
24640 
24060 
21620 
51180 
46650 
39980 
20000 
44480 
25550 
51150 
23520 
23510 
45120 
20880 
50170 
62610 
27970 
43930 
28100 
53670 
43060 
22260 
44090 
41880 
24840 
47780 
45670 
54270 
21870 
27210 
26300 
22450 
22260 
25110 
25350 
45220 
45970 
25390 
38630 
24170 
49170 
26800 
25160 
19950 
20540 
28700 
25170 
24450 
20860 
23640 
27150 
23250 
20620 
59140 
21260 
22810 
24990 
53040 
44450 
39780 
20510 
52320 
44120 
40720 
18170 
66100 
48450 
39760 
25150 
47010 
46680 
25520 
23240 
51440 
44250 
41810 
47870 
48400 
44020 
39570 
19950 
25220 
24590 
44180 
46410 
1565260 
22810 
47760 
23870 
47000 
42500 
21720 
22530 
24350 
25260 
24100 
23500 
47640 
46370 
47190 
21460 
22940 
25820 
47190 
23970 
24020 
42170 
44480 
23770 
47020 
23390 
22610 
50960 
45260 
42350 
61240 
49350 
46840 
58240 
47030 
46440 
46590 
43230 
47010 
48300 
45080 
43230 
44100 
48970 
46820 
44210 
46750 
42690 
44500 
23440 
46790 
1100530 
41670 
77130 
48560 
49300 
42540 
41890 
45030 
49260 
39540 
44590 
42630 
53210 
42140 
44830 
45920 
45970 
45530 
42510 
22840 
47580 
46570 
39490 
23640 
49990 
46090 
38720 
19920 
50050 
49720 
56140 
22360 
46400 
46380 
61050 
25750 
49680 
22950 
43530 
48240 
24330 
25150 
22440 
45430 
26470 
46940 
47160 
22830 
42970 
21620 
51930 
44690 
22280 
23140 
49260 
262970 
22920 
20700 
25190 
25320 
24220 
21740 
24920 
23460 
22550 
26650 
47340 
42080 
41060 
20550 
27670 
27150 
45850 
26920 
45660 
45360 
45780 
21430 
48290 
44120 
43200 
25910 
45300 
43970 
34220 
52630 
49420 
45710 
44690 
20870 
24970 
26470 
47200 
45330 
51460 
44670 
46330 
22340 
47670 
44160 
41880 
23130 
49450 
45130 
44980 
22170 
49690 
50860 
44430 
22210 
45450 
45850 
51870 
45870 
47450 
22170 
1565560 
20970 
45540 
51050 
22090 
1565890 
25780 
25710 
46910 
23840 
47150 
43150 
51400 
47850 
43120 
43070 
23960 
55450 
60600 
27510 
26210 
26040 
24880 
48860 
23940 
43280 
21510 
26020 
25550 
24950 
21680 
45240 
47890 
45500 
21840 
45730 
40330 
43400 
25140 
46860 
23790 
43280 
43880 
47340 
24140 
44160 
41830 
43510 
26290 
45340 
43260 
41700 
42500 
46300 
44880 
44220 
41710 
24220 
49240 
44930 
48890 
42550 
44390 
23360 
47470 
23410 
47670 
21690 
48490 
46830 
44260 
24750 
47790 
63080 
46710 
21590 
24380 
44760 
45280 
26210 
51100 
48100 
42100 
21330 
49040 
45800 
45730 
44230 
49760 
48210 
47800 
22650 
44760 
43590 
22480 
46510 
52920 
46890 
47580 
19250 
47870 
44140 
45100 
40560 
47100 
44540 
22230 
50440 
45680 
25450 
26030 
50650 
71750 
22080 
24900 
45890 
24080 
46880 
45540 
42710 
22600 
51050 
44980 
32930 
24720 
50430 
28150 
42050 
22400 
46920 
41510 
44940 
46010 
46260 
47430 
40330 
22760 
49770 
46540 
47220 
19980 
49540 
45420 
42880 
22370 
49430 
66650 
25990 
26660 
26160 
21750 
21360 
28310 
24030 
22610 
27870 
50540 
49320 
23670 
22200 
24720 
24700 
24220 
24990 
27280 
26980 
19920 
25150 
27720 
22060 
36980 
32580 
30410 
35010 
27300 
24690 
23480 
25280 
26610 
24450 
24750 
23670 
24250 
25880 
25560 
25150 
23040 
22200 
25930 
25780 
24390 
45320 
23040 
25600 
26090 
47980 
24910 
23800 
22810 
26490 
23520 
25610 
22060 
41780 
23320 
25790 
23070 
22670 
25230 
28370 
24140 
44990 
24030 
23160 
48800 
24070 
21650 
25070 
45610 
24180 
25810 
47300 
47110 
20000 
21020 
48760 
44450 
45550 
57910 
50660 
26070 
23520 
24780 
25810 
23590 
26970 
25000 
24630 
24530 
22900 
26280 
25170 
23400 
24380 
22820 
26730 
26350 
23420 
25670 
22970 
25860 
26210 
24740 
22340 
21050 
25800 
26000 
23080 
24930 
25820 
23970 
24840 
22690 
48990 
42130 
21490 
23250 
48620 
46880 
42680 
20620 
53810 
46800 
40800 
20600 
44900 
45750 
44940 
32590 
52760 
42800 
42670 
22560 
53150 
48000 
39510 
21960 
47630 
45600 
54770 
44240 
45760 
45680 
43820 
22970 
47250 
43010 
46680 
23260 
50980 
48150 
45440 
20930 
49830 
44640 
24390 
22790 
49650 
23120 
25380 
24860 
26500 
25520 
24700 
26930 
46160 
24670 
24710 
28010 
24710 
25040 
23520 
20990 
22990 
28030 
24370 
21600 
20390 
35620 
27000 
24570 
48810 
22630 
26360 
28930 
21970 
28180 
22660 
23650 
22330 
27400 
23720 
23560 
19620 
27030 
47920 
24810 
24650 
23340 
32860 
28040 
46960 
23430 
41270 
45040 
45710 
21840 
21500 
43520 
25430 
27340 
22050 
22130 
24580 
25650 
23210 
24620 
53680 
43840 
21970 
45240 
21450 
27440 
24510 
20380 
42640 
25000 
44900 
20190 
21060 
22110 
50150 
45200 
60720 
23520 
50210 
51750 
40900 
43450 
49750 
40170 
46980 
22150 
48650 
42110 
37810 
23160 
54740 
45930 
41060 
21020 
45340 
54080 
18540 
45240 
41950 
22780 
25110 
23130 
24980 
25670 
25520 
25430 
24360 
25140 
45860 
42790 
44430 
22800 
24390 
47460 
41120 
24180 
24920 
25210 
42790 
23440 
46920 
23700 
44030 
23700 
23650 
25210 
62920 
29010 
51280 
43400 
43130 
23690 
45700 
25340 
22410 
22650 
25410 
26110 
27010 
21630 
45390 
48980 
44790 
21730 
22580 
21400 
49000 
23200 
46640 
43250 
38690 
23020 
26440 
25740 
44570 
23970 
47250 
47020 
40640 
22870 
41330 
46710 
45230 
46160 
47120 
45880 
42340 
25220 
48630 
45450 
55820 
50220 
48840 
48050 
21460 
47210 
62880 
25320 
27080 
47000 
23770 
29610 
61650 
26110 
51450 
23820 
24540 
24140 
25080 
24870 
26010 
34030 
26700 
53260 
50090 
47450 
47670 
20850 
