59830
27350
42470
29250
31450
32930
30050
33960
32750
31790
31400
31550
36840
33350
35340
34240
92000
85620
81180
78760
80130
90900
79610
82640
80550
86830
90180
79250
97730
68320
73930
65500
63190
69400
64280
63970
71000
65930
68820
142309
111700
92470
80690
79290
62780
61030
63590
63370
63510
65380
64880
63730
71790
61180
66290
61700
71800
63000
62610
67950
63370
65850
63080
64510
68250
72850
67330
65020
66080
76460
65070
102720
79480
86400
76200
84040
80289
80830
88590
77530
82290
78510
79710
83690
80310
82580
82250
88080
79470
78630
87350
80080
81110
79710
80990
84570
87530
79230
86400
67010
63320
68180
66000
66350
63140
62910
73800
67530
67370
136160
99520
93050
71240
65310
63720
63610
66670
63900
70390
62680
65020
66290
70910
63760
62400
62420
66320
65270
65120
62160
64210
70640
68130
65690
66530
76680
65170
71350
65100
73210
69920
92930
82160
74850
77490
77550
79060
84430
88760
79300
79390
83230
77920
81159
79780
79610
80190
87220
97460
84120
77790
80220
84909
94090
79340
79549
89390
92660
72260
61230
63130
64500
63830
67090
60870
67590
67430
64650
120890
116790
90060
73760
65260
62480
65970
64830
63600
65680
71420
62690
61820
63050
71300
62370
62900
62000
64720
63330
66540
63890
61450
71370
62410
66940
63810
74940
63280
66260
63650
74750
123130
80610
80480
80850
90730
82020
79970
77320
89700
80240
80390
74560
79250
84940
80160
80500
77540
86570
79320
79200
74570
79940
74980
80480
77280
77340
109620
71470
63210
66330
67080
69330
64799
63320
68360
76310
67860
125430
101969
96190
81010
70290
63160
64300
65280
62590
62660
66570
71060
63630
65380
62240
74120
62600
63300
63190
64590
65100
62890
62640
62790
72490
67860
63100
64750
74960
67040
66230
62920
114730
76230
77130
76829
80180
79300
79850
77990
81180
88500
76740
76230
78740
74650
90380
79399
76430
78630
91480
82030
75820
75410
80560
90930
83060
78500
78870
96090
64470
63400
67560
63690
67300
67840
67520
60230
79830
65080
133210
103340
97570
68430
62980
63210
62200
65080
60809
62270
63880
72090
64480
62400
62700
69720
60340
61620
63110
63460
64009
64520
62970
65890
74460
69450
67050
66440
75240
63970
63630
64790
109200
84450
82120
77310
80170
87500
81890
78150
76390
78610
78140
78350
83020
76480
93240
81410
78020
86410
85490
76920
80640
76180
78940
83880
75500
77009
91980
79110
62230
63010
65260
63909
64630
62550
68340
65340
75530
121659
113720
88760
77850
66050
61960
69250
61950
63580
61650
61330
68410
72730
62770
62740
63330
67240
64040
63440
62980
63200
63990
62560
62120
65020
77770
66060
69130
70290
75990
64630
63830
111770
80050
80759
84580
82740
85450
89890
76020
79880
79550
84040
78000
77310
80030
80080
90820
77720
80890
77760
78580
76170
86060
78440
79640
89240
75690
94990
67370
63490
65500
65910
67250
63610
61910
68300
69710
69100
124320
128820
100650
87280
74120
66290
62460
64270
63690
75060
67950
63009
64140
69720
60730
64760
61160
62289
61310
62630
64250
62170
70370
60990
63380
65070
72580
65570
65670
64840
73100
65190
100270
79920
82660
77640
80210
79950
80610
90550
76760
83400
77200
77260
82870
74210
80410
75620
83800
79650
79280
81020
76050
76230
78490
78840
88390
89819
79650
80120
66160
63450
65190
67450
64940
64270
72060
70890
65270
65660
118920
109770
89980
71240
63340
63950
61510
66440
62510
69400
61270
61290
66890
67870
61640
64290
61150
61320
67539
64000
63630
63000
74290
64660
65250
63560
75620
64159
66620
65720
72650
63140
101940
83590
78640
87260
80060
80850
81240
82260
83260
82230
83790
82330
93730
78180
79520
79710
87640
82060
77360
77830
81070
85270
83250
79560
77520
90130
96100
75020
65960
64110
66590
65780
69129
65930
78260
67290
66850
123930
118270
90990
81010
70390
65380
76670
62850
64140
63930
71440
66280
61240
62880
64780
65350
67660
64600
62120
63960
61190
64440
61530
70720
62680
68410
64330
76550
63790
64650
63590
60970
119110
77510
78410
78560
90160
83240
79680
79820
78470
78169
80810
76780
77999
87390
78940
81780
79270
78050
79290
78870
76010
80500
87230
80010
80130
75020
94420
67950
62930
65600
63240
68860
65070
64190
66120
78590
67450
78790
115990
98610
85620
72800
62340
64170
71890
63290
61090
62010
69690
61190
61680
62350
62900
60770
61970
63470
62450
72130
60499
60540
62140
73650
64850
63280
66950
72750
63950
66600
72700
91480
77960
79140
79210
81100
88280
78790
79360
76280
84010
82100
79350
80970
77190
90080
79030
78710
79800
80550
80050
75030
78330
78740
85900
80360
81620
78450
90180
66760
61460
66110
64720
71920
65180
61100
70430
75980
64820
133899
104000
93750
71050
65140
60910
61610
73870
62550
64430
61720
71200
65240
61540
62650
62430
61830
62510
63670
63330
70610
61420
60560
63140
62460
62390
64930
65350
68620
63680
62690
64440
107030
88700
80019
77570
78370
89090
82890
81760
78470
78810
87640
76750
83480
77210
85980
76160
78370
81840
76870
85840
79100
75660
80430
84510
76250
75660
91400
70300
62090
61220
64990
63760
77930
64800
69390
67650
73620
132680
111480
92220
79210
68140
63790
65970
61420
71060
63270
63990
64270
61320
64410
65000
67140
66360
62599
63750
63370
62939
73280
63210
62760
61210
66190
62500
67040
64200
65780
63810
63120
94440
80540
88550
80990
76860
81930
86090
77210
83370
77980
83620
86500
81810
77950
84700
92160
80120
78510
77960
79230
82710
79430
76850
79750
86950
76550
94850
68090
64160
64820
62990
68399
63760
72650
63220
68210
67210
72180
129120
100180
82060
72540
72160
62770
62980
62500
70320
65260
64600
62100
60000
62040
63790
62360
62190
71410
61740
64200
61580
70390
62010
61100
68930
62970
64590
65280
62550
62980
64510
83840
81930
78189
86710
83410
77079
77700
85630
81990
81450
92310
82020
89150
77100
81620
80190
77810
78800
81950
83680
78640
86780
78870
79700
81890
77970
77400
88570
66270
63780
74620
63160
66330
61730
76970
66630
62320
63540
108390
126920
90110
70760
64859
72280
66090
65770
63360
70040
62539
61970
65330
61700
62080
62600
62050
63690
73180
61660
61530
62750
62640
62990
64510
63270
65780
66480
67100
63590
62850
63790
106630
83270
76500
84290
81070
83740
83500
78060
76740
79250
82400
74180
89640
79780
80940
80880
76500
80910
78210
77910
83550
90940
80390
78030
80049
83960
105790
70080
62060
61620
73580
64130
65630
62210
67350
67600
68080
110540
102100
96830
77790
67240
63050
74770
61500
62020
64800
61350
65530
63990
63800
63710
70780
65640
61690
62370
70410
63180
66410
63510
63880
62460
66170
65330
67550
63470
69380
64889
62030
103130
76270
78720
79670
82950
87410
76500
83490
79950
88020
82600
78720
80310
84130
79900
82980
82010
79610
87250
80460
75340
79930
85320
78700
83080
79090
84030
85560
63850
64310
61950
80720
63730
61180
65350
67280
69170
63850
124550
94270
90910
71970
62310
62840
70100
64430
61860
63030
63470
64500
63510
63520
64690
71000
60420
65000
64270
72990
63560
64480
62780
62690
66000
64330
65580
67650
64640
66000
66650
82020
89170
78540
76460
80430
85180
78050
77750
77890
81520
85440
78100
81020
77590
90300
76119
74470
79210
78230
89940
78710
75810
78740
83100
81670
80350
76660
98040
74310
63070
64410
65430
74390
64890
65670
70340
65170
66780
133870
107380
92800
80600
68370
64540
63450
73420
63210
63060
66230
67630
66420
65180
66689
65210
74000
65490
66620
65620
70489
63420
60620
64240
64800
66820
64210
64220
66370
63680
61780
63850
104510
95700
75980
78850
80810
81670
82910
79380
75950
78070
88160
75260
79190
77500
82940
82140
78470
82360
79480
88110
80030
76610
82750
79530
77450
80680
91540
77160
71930
63490
66460
67850
75430
62400
66460
67890
64540
140019
109970
92620
75570
76100
62460
66820
61560
64460
62670
62770
64490
60560
64680
63300
66570
66260
72390
61910
63880
64170
66650
62810
63220
60940
65190
63470
69580
66080
64820
75750
64810
110030
79770
86170
76990
75170
79859
76710
76470
78420
78840
86050
85279
76370
80130
77310
81500
77320
77440
79910
79650
84190
80470
76140
76490
78560
73820
82420
75710
63400
70620
61980
68440
65440
64790
66880
69600
71140
67050
135740
102840
84240
69820
74270
66080
62470
64030
64330
62300
62560
65770
62380
72489
63980
61090
61740
69830
60890
64270
62000
61810
64670
67200
69110
63180
72970
65970
64050
66260
75000
81730
83630
82550
82740
81210
78210
82550
79630
87120
81800
78750
79210
91070
74940
78880
74870
78100
90760
81860
83410
75670
84400
77609
77160
80370
76970
84500
92870
69980
63310
73520
65880
66990
64750
62400
71380
65120
64380
131830
112540
88020
71410
73780
70360
66530
65940
61730
63070
63010
61340
63410
60800
73820
62880
63040
60750
66390
62710
63400
62120
60110
63110
63210
63850
65800
70849
68470
65470
65449
73080
107680
83510
77100
77290
77630
78460
82690
95440
92240
82950
80690
82520
84120
80140
81770
80060
75960
90580
75270
78710
82230
78580
84110
75540
77470
80030
99260
69880
62830
60910
65530
64210
67350
65080
68170
64980
65720
126990
113610
98470
78960
66410
62120
66930
64010
63860
63360
64200
72950
64490
64250
67220
73580
65190
62400
63750
62170
63600
65860
62310
66650
73790
67070
64910
69640
78400
67520
65200
62990
111840
82190
83840
88330
81730
95610
79920
80760
82460
90100
85900
78790
80760
80600
92870
80120
80940
78900
88090
78260
77190
82300
79150
88380
78660
74750
81250
76850
63350
67070
63630
70720
64010
63480
64890
64940
78280
64040
126420
109390
85900
71770
65450
65420
61440
72080
64630
65160
62920
72110
64300
63680
64130
63910
62080
63610
62550
64340
72870
61840
62360
63109
75690
64520
64020
66950
72090
65360
66430
77970
82130
78490
74800
78390
77030
85540
77850
76720
80390
78650
76060
78910
78300
82030
86600
76460
78750
79390
83330
77140
78280
81610
79470
95350
77910
78770
81740
67790
62690
64420
63980
66280
72090
64580
72699
65900
73980
143970
103230
90100
69750
65560
63420
62140
65000
71650
62640
61970
62630
74360
62580
60790
63560
64110
64040
64920
62090
62190
69430
64380
66310
63660
73980
67030
66720
66160
72530
62660
64969
109220
85390
78190
78920
78030
80519
91940
81460
77190
79750
80210
77710
80220
78640
83470
90970
80350
80390
75260
77240
106290
88390
84270
77310
86190
78880
94070
72510
62030
62250
66800
65970
67700
71490
69530
65390
69710
125420
123450
90620
81070
71220
62330
65320
62050
61329
73880
61800
64540
62260
61280
65569
64620
64280
61420
66330
61790
67710
67200
74110
63150
62490
66330
66240
69220
66030
75800
69540
63760
94010
78410
80630
89610
82280
85730
80840
77470
84670
80290
81470
81580
85770
79490
76850
80440
84980
78150
79100
78370
89810
90800
79729
81070
81140
77170
82560
74570
66869
63630
74060
70280
65520
65720
73960
65950
71530
67440
125850
102450
80640
73340
63690
72350
63880
66110
62790
73310
62500
63340
63950
62770
64970
62240
61930
63380
72110
65280
65640
66630
63150
62710
70370
63770
65650
64910
66460
67580
65380
75880
83820
82989
77790
90740
72630
80690
78020
81490
93720
81230
78240
85400
87010
82610
78410
81210
82430
88920
83040
77980
77340
88960
80440
82950
79780
79590
103970
68310
65230
65940
74880
66940
66290
62190
73220
66250
66410
133180
108239
104380
69900
64430
63710
73960
67270
60880
63310
62610
64160
65000
61350
62770
71870
65600
61050
64780
72180
63940
63880
60460
65250
66930
67920
68530
65870
67440
64180
64550
66270
113870
83640
78320
80780
91290
84100
84400
79320
78830
92020
83570
77540
82260
85230
80320
80229
77000
83070
88540
82770
84240
77450
90830
78240
79730
80340
94010
80080
61470
62010
66070
76190
66170
62380
69920
65580
68740
126550
117890
91650
91000
69850
63700
67500
66510
65560
63020
63270
64830
63230
62900
63780
63020
73400
62520
61370
63630
62970
66210
63050
63080
62120
66080
63050
67459
65490
74120
66510
64890
105130
91950
79300
82350
81150
87600
77660
77980
79510
79800
92610
76950
78420
83180
80900
81730
81270
80040
81400
91680
79570
83670
77000
86210
80470
79760
83100
81730
74870
64150
66740
66550
74029
63320
65470
70190
68830
66550
125880
108780
82460
79850
63050
62940
62720
63950
60780
63340
63460
64360
68120
70540
67080
63710
70930
66230
61240
66530
62040
62870
64310
64830
67850
63650
65100
64740
67400
75490
65370
77830
82740
89380
77339
81680
78340
85890
91400
75150
82169
77810
86790
80459
78030
82430
76700
77090
84550
78550
82190
83740
78940
86240
82390
85040
80770
77490
91690
67410
71100
65730
64010
66280
64620
62300
68300
64300
66280
138770
108280
93040
70680
77780
63150
65600
64240
61580
62900
64750
62430
63890
62240
61879
62210
64840
68930
65960
