82970 
58160 
50740 
90920 
68880 
71380 
70660 
68670 
69860 
67640 
68220 
1117800 
59300 
69870 
70260 
69360 
66800 
62780 
64640 
62170 
60270 
61090 
61580 
60130 
62170 
63250 
68120 
65900 
66270 
73930 
50870 
53540 
49580 
51900 
54480 
47290 
48600 
60480 
52290 
54620 
116180 
84950 
69930 
59560 
52420 
44320 
45810 
1080920 
44430 
49980 
47510 
46080 
45600 
44210 
44100 
48850 
47490 
44960 
46430 
42940 
48590 
44840 
51880 
47750 
48500 
52530 
49230 
52610 
51690 
50200 
50430 
47660 
78230 
63930 
64500 
62630 
88930 
82270 
64650 
63970 
59890 
62810 
62310 
1103920 
1102950 
58810 
63450 
62730 
61260 
62270 
61100 
64470 
64180 
61630 
64500 
60290 
61710 
61310 
61700 
64510 
53930 
46980 
53790 
49030 
50510 
46930 
48870 
56500 
51380 
51430 
87580 
75360 
71110 
64080 
46210 
45420 
47590 
49000 
45250 
46460 
1099480 
46200 
48680 
43800 
43950 
44510 
45400 
46820 
47570 
45020 
44440 
41600 
42750 
51290 
53010 
49650 
53390 
105260 
54520 
51240 
48560 
64170 
70430 
66590 
63480 
63580 
63410 
65260 
67900 
65070 
66740 
63310 
65350 
61450 
64440 
66400 
61640 
64340 
67630 
73990 
67830 
89590 
65670 
73140 
72570 
61190 
64580 
68000 
1099280 
47100 
46910 
50190 
50800 
51610 
53090 
45680 
53050 
53980 
49240 
86760 
84380 
65370 
57100 
46960 
47850 
51100 
48210 
47410 
48540 
46470 
48410 
47030 
45550 
48050 
45230 
48810 
44290 
48270 
48320 
50960 
51100 
46810 
47200 
49730 
1086860 
43460 
48690 
53310 
52400 
51860 
50760 
81550 
69890 
65450 
65480 
63650 
69460 
67270 
62910 
63090 
64470 
67190 
66900 
64120 
64920 
63050 
63810 
66530 
63580 
64800 
64440 
64270 
65210 
87740 
65180 
67090 
63580 
74320 
52540 
48740 
1081460 
44070 
54100 
56450 
53090 
56360 
50280 
52090 
88910 
82760 
75510 
62700 
52090 
49000 
48670 
50130 
50920 
48420 
48990 
47150 
50740 
48410 
47910 
48910 
46230 
48760 
47470 
46980 
49270 
69230 
47980 
50430 
47560 
50430 
47680 
49910 
1092740 
43880 
48940 
52420 
81390 
66130 
68510 
63460 
67820 
65370 
63480 
65690 
64820 
65430 
63600 
63880 
67450 
63800 
66920 
64390 
62960 
63600 
67690 
65210 
62420 
62650 
63940 
65760 
63700 
87130 
65820 
62980 
49570 
49130 
50340 
49910 
1100310 
43230 
49740 
60540 
55280 
50130 
92510 
78320 
69420 
48730 
45530 
47330 
47190 
49640 
45580 
47120 
47360 
48480 
52430 
47870 
49550 
47620 
49550 
47640 
51010 
46740 
51470 
48630 
45870 
66430 
51720 
52990 
52520 
50850 
51940 
48900 
1083950 
53300 
72500 
67360 
65060 
63800 
64410 
66120 
66420 
63030 
62930 
63130 
66620 
63300 
65540 
63750 
65700 
67730 
67320 
66060 
64980 
62050 
64310 
60490 
65200 
60020 
62010 
66610 
98570 
53030 
45800 
50300 
50960 
49710 
1086610 
38290 
52520 
53310 
54030 
84760 
84150 
65450 
58650 
46250 
47900 
53430 
49440 
47590 
49100 
45320 
53750 
45550 
45120 
48360 
46890 
50710 
46590 
47130 
46160 
46960 
49350 
44820 
45650 
48800 
75500 
50420 
51260 
52520 
48470 
48280 
48180 
1125700 
58290 
63500 
67640 
66960 
71160 
63670 
64240 
68420 
64940 
67540 
62890 
62760 
65570 
63150 
65080 
62470 
63260 
67750 
67620 
62880 
70050 
59410 
65470 
63520 
61430 
71130 
49610 
46700 
70770 
52200 
53730 
47650 
51020 
54740 
51050 
1084760 
1614920 
86190 
76770 
66660 
56090 
47930 
48600 
46790 
47640 
57620 
52640 
46350 
48250 
48570 
47380 
49500 
47990 
47220 
48600 
46810 
64100 
47060 
46140 
46970 
45540 
50090 
1084050 
48360 
48350 
48000 
52490 
49940 
77740 
64980 
63930 
57800 
60690 
60160 
65030 
68560 
65480 
67120 
65090 
65190 
69300 
66090 
67130 
62780 
62340 
67690 
63140 
66060 
63730 
61860 
64730 
80510 
72240 
66210 
61500 
66470 
50530 
48030 
1083530 
48070 
50520 
52100 
50090 
53160 
48910 
46940 
91170 
79320 
62160 
50210 
48500 
50960 
49330 
50990 
48240 
47700 
48280 
46850 
55600 
50960 
48000 
50160 
47620 
46330 
50800 
46490 
47350 
46370 
61280 
48220 
49670 
47630 
52230 
47450 
1082260 
46980 
46040 
47190 
76470 
65670 
63830 
61390 
60810 
59820 
59730 
64070 
63140 
65950 
69260 
62970 
68460 
62190 
64540 
66280 
62130 
66670 
64100 
63800 
66650 
61420 
67670 
61750 
63430 
86810 
87690 
52360 
46820 
45560 
49820 
48670 
1082220 
45820 
51470 
49820 
50150 
88570 
82340 
62200 
58110 
46920 
44790 
44130 
44390 
46140 
48580 
47320 
49420 
45460 
47540 
46530 
48950 
51110 
46680 
46870 
52540 
51360 
49680 
46390 
47710 
46810 
63610 
46690 
51040 
47750 
47950 
48110 
1085710 
1116280 
59370 
57890 
61830 
61180 
61440 
61280 
58200 
59740 
59560 
63730 
64920 
66440 
67050 
63370 
67270 
63150 
62650 
64870 
63260 
62710 
67800 
62900 
67030 
63830 
62740 
70950 
50850 
48510 
59010 
47910 
53880 
47230 
47840 
56090 
1089500 
46770 
93130 
83360 
72990 
67660 
56450 
48030 
49850 
46170 
46730 
49150 
49750 
47880 
48470 
46650 
46630 
48080 
47190 
50760 
46760 
45570 
48000 
46770 
45870 
46190 
49100 
51190 
50400 
51780 
64510 
49560 
50440 
50020 
76340 
63800 
1107390 
59150 
58420 
56600 
60240 
59890 
59880 
62740 
60170 
58170 
61450 
62270 
68010 
61910 
66400 
64320 
64340 
68040 
64090 
64820 
63260 
62460 
65250 
65850 
63430 
66990 
49060 
46890 
52430 
48770 
66250 
46900 
48990 
53310 
50360 
50080 
84040 
1134410 
62710 
49720 
45640 
47230 
50660 
50040 
47010 
44440 
46530 
47030 
51130 
46790 
49770 
45820 
48200 
46710 
48120 
47160 
49110 
46250 
48120 
49230 
49860 
49480 
52210 
50770 
53250 
47320 
62100 
49150 
76850 
65990 
63160 
62770 
1104490 
1099540 
61200 
59790 
58060 
59670 
61370 
60810 
61850 
58330 
59320 
61720 
65860 
67290 
67010 
62320 
64650 
62330 
68450 
61030 
62380 
66860 
66960 
53060 
45740 
45810 
51490 
48740 
52880 
45230 
71440 
51850 
48810 
83620 
80990 
61970 
1099900 
45790 
44720 
45310 
47100 
45690 
49900 
49320 
48300 
50060 
47650 
46980 
50500 
49100 
49270 
48660 
47790 
51320 
52330 
46700 
45430 
47020 
50630 
49160 
51020 
50210 
51830 
50400 
48600 
81210 
66190 
64720 
62760 
64610 
65130 
1100890 
60930 
67870 
61780 
61010 
57340 
59530 
62850 
61920 
65210 
63010 
63780 
65180 
63410 
63450 
67820 
63340 
65130 
63600 
68010 
72590 
50290 
50990 
48190 
49400 
53280 
46850 
47210 
52040 
50800 
66830 
90870 
83190 
71710 
61250 
53810 
1083490 
46540 
45600 
45570 
44750 
44380 
43700 
42810 
43340 
46310 
48380 
47580 
45590 
48030 
45830 
50300 
45350 
47740 
47250 
47730 
52310 
47590 
49140 
51350 
49290 
51940 
47940 
76030 
69410 
80170 
62100 
63660 
61580 
64110 
67360 
66250 
1299480 
69500 
63090 
64200 
60470 
58550 
57080 
59490 
61190 
60830 
61990 
59570 
63830 
64500 
67200 
67450 
64120 
62890 
68600 
50070 
47070 
49830 
49530 
49080 
47630 
51400 
56070 
49490 
50360 
107750 
83240 
63790 
51950 
44500 
48650 
49110 
49240 
45790 
46300 
45210 
43990 
44220 
41840 
43150 
46140 
47210 
48960 
47060 
47070 
46410 
49500 
46980 
49070 
51030 
49450 
52870 
49610 
51630 
49000 
46420 
49730 
79140 
67740 
63710 
64550 
85410 
82860 
64700 
62280 
60340 
62530 
63000 
1087850 
65610 
61650 
61410 
61840 
55190 
62180 
60130 
58230 
64470 
60960 
67590 
63350 
64200 
70050 
69570 
52410 
46030 
46700 
50710 
50060 
50810 
45500 
54390 
52960 
49780 
82780 
86130 
65150 
79860 
48760 
46510 
48710 
48440 
48990 
47790 
1096130 
47360 
45570 
45020 
46970 
42570 
43510 
43810 
44530 
46730 
47840 
50250 
45890 
48320 
48640 
50210 
50490 
52350 
56400 
51440 
50420 
47820 
80410 
64750 
64150 
66540 
61490 
67300 
63760 
67030 
63990 
61200 
65720 
64090 
63760 
88850 
64630 
67760 
66450 
63280 
64430 
64010 
1093930 
54940 
60000 
62990 
63660 
63900 
75980 
50940 
48070 
47930 
50280 
55480 
48830 
48860 
50750 
53020 
54030 
60440 
89330 
73250 
64330 
54080 
47660 
47420 
49100 
46450 
47160 
49160 
47680 
47620 
48940 
47690 
52620 
47860 
46820 
48110 
1087630 
43670 
46190 
50470 
46580 
48610 
55390 
50400 
51300 
51500 
50520 
51100 
49430 
74680 
67540 
67450 
63530 
66780 
63900 
66780 
67100 
64730 
65360 
64650 
62720 
66340 
62260 
66410 
60810 
87980 
67860 
62050 
70020 
63320 
61240 
62550 
1107750 
57770 
60160 
61880 
69390 
53640 
49140 
51020 
49510 
55070 
49800 
51290 
53850 
49830 
50820 
90110 
83030 
66180 
53680 
47730 
49890 
46570 
47860 
45980 
46490 
49740 
48750 
50130 
46240 
46700 
47980 
49770 
48150 
46870 
45660 
44400 
1088140 
39230 
46320 
51860 
49350 
52760 
50450 
52040 
49590 
50210 
50260 
78860 
68990 
62950 
68060 
65480 
63950 
66360 
64400 
64360 
64070 
64030 
62610 
68950 
65110 
67570 
62890 
65050 
69710 
86660 
65330 
63960 
61430 
66700 
59930 
63120 
1110860 
1346050 
54660 
46740 
46690 
50110 
50960 
56630 
45500 
57220 
52840 
48200 
84750 
85990 
69290 
63540 
48230 
47330 
50820 
49920 
49690 
48200 
47750 
49240 
49320 
50350 
64820 
51950 
49510 
46790 
45080 
51170 
1082630 
52730 
46260 
44700 
46440 
47710 
48720 
49760 
51400 
48690 
52840 
50700 
78480 
69320 
65070 
68020 
64130 
66150 
63650 
64460 
65000 
66790 
64380 
60530 
61300 
63930 
1105610 
61390 
60280 
59080 
62240 
60740 
63660 
61080 
58400 
60940 
61010 
68180 
73540 
49790 
44110 
43290 
44230 
50680 
50580 
48470 
50870 
51300 
52700 
59310 
87830 
72760 
60310 
52250 
48900 
48630 
51740 
46800 
48740 
47100 
47240 
50520 
1079750 
45800 
47150 
45920 
43580 
45000 
44680 
46680 
44480 
45570 
49640 
51430 
54730 
48070 
48700 
46510 
45700 
49880 
50800 
69040 
64440 
66720 
62570 
66980 
62650 
63280 
65770 
63560 
66440 
81430 
65830 
65560 
60650 
65220 
58630 
62750 
1104670 
61400 
65650 
62990 
60440 
62200 
60880 
63290 
58920 
62370 
66880 
51300 
48850 
47060 
47260 
48770 
44480 
47450 
56740 
48660 
50360 
87440 
82980 
65160 
52780 
57360 
54950 
49000 
48190 
61380 
46780 
45570 
46610 
47670 
44800 
1085170 
47760 
44580 
44700 
48550 
45810 
45340 
44990 
42150 
46710 
47470 
49030 
56780 
48210 
51080 
48370 
46970 
47480 
76870 
68160 
62590 
62220 
62970 
63980 
66900 
75930 
63940 
69640 
64330 
82630 
67270 
62980 
63790 
62970 
61120 
65400 
1098250 
59710 
63240 
63740 
66050 
59920 
58850 
62440 
63470 
52590 
46230 
47720 
50400 
49090 
46220 
44100 
55470 
52840 
50630 
85820 
85460 
65200 
60010 
47650 
47390 
47880 
49150 
50090 
49710 
46970 
64430 
50200 
48180 
48080 
47010 
47610 
1078740 
44830 
45500 
49120 
47300 
44970 
45880 
47650 
48170 
48440 
51470 
55900 
50460 
47660 
45840 
83310 
62390 
63100 
68640 
67190 
67090 
62830 
63670 
66020 
65290 
67740 
62360 
65300 
65060 
83560 
67910 
62630 
61030 
65940 
64730 
61920 
1098950 
59630 
64060 
61210 
60310 
70280 
49400 
47010 
46740 
48170 
52490 
47710 
45970 
49230 
46760 
50710 
45560 
87800 
76040 
64690 
52250 
50530 
48430 
47440 
46620 
50850 
48610 
47630 
48080 
50570 
63030 
47960 
45330 
48070 
46660 
45860 
1079310 
46190 
43620 
46340 
43900 
49380 
46330 
46950 
49320 
46810 
50830 
50190 
71800 
68200 
62380 
64080 
64680 
62810 
62320 
64240 
64000 
65890 
64530 
65120 
64930 
66420 
67430 
65490 
62470 
81600 
63490 
64750 
64580 
62390 
63940 
61600 
1102160 
60980 
62300 
69840 
48660 
42380 
44530 
45850 
48380 
47130 
53350 
56490 
49250 
47440 
85060 
82170 
66910 
52800 
46960 
47290 
46990 
47240 
45220 
48800 
47910 
47570 
50150 
47200 
48880 
46500 
62550 
46070 
47160 
45390 
46170 
47740 
1086340 
47130 
48960 
46230 
49300 
43100 
45000 
44430 
45920 
48140 
75520 
64910 
62640 
63960 
65270 
65420 
67220 
66490 
63630 
65630 
63650 
61580 
65570 
63250 
68450 
63740 
62700 
65380 
62360 
84780 
78820 
61410 
64530 
60650 
62710 
63820 
1106230 
49480 
44320 
45070 
50270 
47790 
46340 
42780 
51000 
48860 
50650 
82440 
77860 
66830 
61390 
50940 
48320 
51580 
49050 
49300 
48940 
46140 
50360 
46600 
47470 
51930 
50320 
49460 
47940 
50180 
62870 
50230 
48130 
46680 
45210 
45300 
1084590 
47870 
52050 
49100 
64260 
49770 
42140 
77860 
59990 
60260 
63360 
62820 
69910 
61940 
67700 
68700 
66090 
67390 
64580 
64380 
63400 
66880 
68020 
62460 
63550 
65270 
65170 
64160 
65460 
89630 
65010 
62110 
62760 
73090 
51960 
48950 
1084070 
49890 
51480 
46140 
48320 
50610 
49580 
47170 
44720 
83620 
74580 
67700 
55270 
48720 
48370 
48700 
49970 
48440 
49050 
48950 
46720 
46730 
44130 
52500 
48330 
48740 
48730 
47210 
48900 
52550 
64810 
50370 
46000 
51210 
48460 
50300 
1087170 
49180 
51720 
49050 
68040 
66770 
65080 
63920 
61000 
60530 
58330 
60870 
64890 
69610 
69240 
61880 
70970 
62550 
69990 
67330 
64910 
64790 
65660 
68680 
61990 
63130 
64220 
65290 
65590 
83880 
80060 
68080 
46910 
46720 
48430 
49380 
1085190 
47720 
51750 
54470 
48080 
48400 
92560 
81210 
64700 
50860 
47110 
50690 
48380 
51150 
45900 
47360 
46190 
47310 
50210 
45450 
46600 
46590 
46700 
46210 
47830 
47980 
46080 
47090 
44810 
52600 
65680 
52720 
51040 
48480 
50440 
49220 
1083680 
48170 
75580 
64510 
62180 
61790 
63120 
62430 
61020 
58660 
58990 
62940 
66750 
64170 
68440 
65670 
66150 
65460 
63810 
68670 
80710 
66600 
64230 
59640 
64090 
62540 
61580 
1103790 
67410 
51790 
44710 
44590 
47330 
49130 
46970 
45010 
52230 
53050 
48780 
87460 
87790 
74850 
62890 
46670 
44530 
47130 
49990 
53610 
48870 
48420 
48530 
49530 
69270 
45530 
44910 
48610 
45730 
46360 
46830 
1099840 
49280 
45450 
44500 
44420 
48120 
46110 
52770 
47590 
47460 
50370 
47110 
81750 
69210 
63440 
65100 
65540 
68870 
63300 
63490 
66480 
63330 
69220 
63310 
65900 
67680 
64330 
68620 
64680 
83200 
65780 
64730 
67420 
63260 
62800 
66590 
1104130 
55870 
63410 
62650 
49250 
46700 
50630 
49310 
45810 
44360 
50850 
55290 
55300 
49410 
84970 
75600 
62630 
53450 
46550 
47560 
46940 
46970 
47360 
48830 
46110 
46830 
59390 
53010 
51760 
46990 
64400 
47040 
45990 
47790 
45640 
44690 
1083110 
46840 
50200 
45830 
48790 
47510 
48080 
51570 
46110 
66880 
63810 
60530 
62300 
66380 
64000 
67230 
65900 
66880 
67560 
64080 
65470 
68310 
62720 
67020 
62760 
67830 
70040 
63840 
68750 
92420 
67180 
64310 
65080 
67900 
63290 
60980 
1105760 
44460 
46140 
50700 
49230 
50230 
48430 
47780 
54150 
48940 
50490 
83430 
79400 
66900 
57500 
47030 
50710 
48560 
49400 
48070 
48350 
47810 
46460 
52850 
45600 
47040 
48500 
49290 
47520 
