114400 
70800 
68660 
73700 
70680 
62170 
68800 
64470 
67880 
68470 
65670 
64310 
62390 
67190 
69540 
65880 
61450 
62010 
60440 
62880 
47490 
43000 
48640 
45930 
47750 
45430 
45640 
50410 
47620 
47290 
82250 
79910 
63420 
48060 
44830 
47420 
45710 
43020 
42730 
42810 
45760 
45240 
44030 
42220 
44790 
45490 
43990 
44860 
42470 
43610 
43740 
45100 
45810 
45070 
45030 
41360 
50200 
45570 
45150 
43550 
42550 
80000 
57900 
58890 
61070 
56880 
59450 
59000 
64110 
58490 
60940 
59660 
60240 
58950 
58440 
56900 
57940 
63140 
59660 
62370 
58360 
57700 
61370 
59810 
59730 
56950 
57480 
66390 
50110 
45010 
41510 
44070 
48180 
45290 
43710 
51420 
46120 
45230 
89120 
82160 
63970 
53070 
44660 
44340 
48280 
44430 
42160 
41830 
43180 
45450 
43150 
43860 
43180 
43240 
45370 
45420 
43980 
45410 
44960 
42200 
44550 
44350 
44650 
45510 
46290 
46180 
44840 
46180 
47640 
46010 
73320 
63690 
58610 
57530 
59430 
59610 
59330 
59520 
57030 
60100 
58520 
60230 
58650 
60660 
60760 
59470 
58490 
58870 
57990 
56950 
62230 
59390 
60700 
61470 
59440 
57300 
60230 
46740 
43340 
48640 
47380 
46130 
46970 
47470 
52600 
49500 
47250 
82500 
82660 
69540 
54500 
48170 
44210 
45900 
45900 
47160 
64700 
49080 
48360 
47740 
46570 
45420 
45160 
44180 
45700 
46310 
46020 
46090 
43960 
47670 
44900 
51570 
47280 
48020 
48410 
47190 
50260 
45880 
82550 
65790 
62400 
68250 
66220 
62500 
65170 
68610 
64410 
68770 
66370 
67990 
66110 
67130 
66850 
63960 
64520 
67170 
65260 
65020 
66980 
67630 
66280 
69730 
66740 
65200 
74150 
51050 
45750 
47550 
54210 
54710 
51350 
47010 
53640 
55730 
49400 
98830 
88140 
79030 
57560 
47940 
44640 
43460 
47090 
49380 
47820 
45930 
43330 
47010 
46960 
48420 
46650 
46030 
47430 
49830 
48210 
50060 
44320 
43950 
45390 
51760 
51860 
51910 
46350 
50250 
50180 
50330 
65280 
64590 
66840 
72150 
66110 
66960 
66500 
65850 
71950 
66450 
69770 
66000 
65200 
69420 
66310 
69940 
65610 
63180 
63950 
67990 
65320 
65910 
63290 
64150 
66450 
68190 
67650 
62270 
47950 
48630 
50280 
51740 
47300 
45240 
54160 
54320 
49660 
85930 
89950 
84210 
65260 
53830 
47510 
46070 
44130 
46850 
46820 
46690 
44430 
44320 
44820 
49950 
48650 
46570 
45850 
47290 
45100 
48290 
46490 
45090 
45030 
46510 
55570 
50730 
49640 
50820 
47780 
49900 
47740 
87580 
66770 
69770 
67420 
67680 
66360 
63520 
63890 
65940 
66550 
68120 
61960 
64680 
65280 
68720 
63090 
68910 
66610 
63140 
66380 
70240 
68150 
69890 
63960 
67720 
66010 
73850 
51580 
48240 
45940 
51940 
48850 
47860 
46110 
52120 
52900 
51310 
145120 
120200 
76720 
57350 
47540 
48700 
47820 
49660 
44840 
49700 
69350 
65030 
70570 
66400 
68820 
66450 
68060 
64570 
68650 
64440 
50370 
46880 
48290 
46110 
48590 
50060 
48290 
52870 
48290 
46730 
46300 
80480 
71240 
63410 
63810 
64740 
65420 
68630 
62520 
63180 
64390 
67570 
64090 
66200 
63950 
64630 
67430 
68010 
67000 
66490 
64780 
64880 
69120 
71030 
65320 
68230 
65260 
78320 
55360 
53870 
48830 
47780 
49040 
50400 
47730 
48670 
51070 
49850 
101120 
93720 
75860 
62520 
52140 
47790 
48420 
50220 
46630 
46740 
46370 
49540 
47680 
47920 
48850 
46390 
48660 
50200 
50910 
46430 
45450 
49170 
48020 
48180 
48060 
48340 
49520 
51910 
49040 
47260 
45130 
46360 
81410 
69820 
65830 
68720 
65060 
70600 
70270 
69330 
64640 
65440 
70670 
64370 
67340 
64360 
62440 
67250 
64830 
71180 
65530 
61130 
65300 
68520 
66060 
65880 
61220 
64960 
70670 
49100 
52090 
45880 
49560 
50120 
47800 
51320 
49830 
50060 
48780 
98140 
87320 
74320 
54760 
47620 
48870 
47430 
47980 
49600 
49000 
47440 
47750 
47970 
46280 
47920 
46770 
50200 
47020 
47660 
45380 
46100 
50710 
45330 
53190 
47740 
47250 
51440 
48830 
47650 
46910 
46980 
81550 
69050 
66640 
68240 
64770 
66950 
67840 
69610 
67640 
66670 
68090 
70400 
66460 
66480 
62900 
65940 
64430 
70150 
66150 
64480 
100070 
90290 
101400 
87530 
96010 
89240 
110250 
77190 
80440 
61350 
74670 
65610 
75960 
69490 
53230 
50420 
48700 
99000 
89090 
75070 
65930 
51280 
49090 
47740 
46730 
46880 
47330 
47280 
45020 
45350 
48350 
49880 
46090 
46080 
46080 
44550 
47400 
45910 
46030 
48480 
45730 
49760 
50380 
47430 
49630 
50870 
47430 
50800 
48750 
83330 
68690 
67010 
70120 
66510 
64590 
64190 
66040 
69430 
67440 
66640 
66370 
68010 
65030 
67350 
63860 
63220 
67570 
67810 
68880 
68180 
66400 
68830 
68560 
72470 
66800 
69900 
49150 
46290 
51580 
49010 
48970 
46790 
49370 
56590 
52130 
48080 
96140 
89900 
75230 
59450 
46800 
45770 
48350 
46970 
49680 
47120 
47030 
46370 
48570 
48300 
46770 
44370 
43920 
45630 
48060 
49130 
45270 
44420 
46750 
49010 
53490 
49180 
50090 
50700 
54340 
49650 
48830 
90250 
62800 
65540 
68580 
68330 
63190 
65250 
64110 
68780 
66770 
65840 
64780 
63090 
67860 
67010 
67440 
63910 
63070 
67760 
66680 
68050 
63860 
64700 
71100 
68760 
70590 
76880 
52140 
45490 
50050 
52280 
52030 
48750 
43640 
55020 
53670 
53100 
144970 
119930 
116700 
86580 
48840 
48580 
73130 
67810 
75850 
62310 
62300 
65160 
48620 
47690 
53460 
46670 
45380 
46220 
49960 
48780 
50140 
46410 
44610 
47890 
51020 
49140 
49370 
46630 
48340 
49030 
47890 
49620 
80350 
68240 
66820 
67700 
71540 
68940 
66690 
67770 
66870 
66070 
65190 
65140 
65210 
68420 
67350 
69930 
68460 
69220 
70490 
68850 
69490 
68330 
65810 
64700 
66870 
64030 
67160 
50530 
45990 
52000 
52920 
51650 
50160 
51770 
53420 
50840 
49970 
97090 
86960 
71710 
53920 
49450 
46680 
47850 
45650 
47150 
46750 
47630 
47090 
46330 
73360 
51570 
47650 
47060 
45320 
47510 
49510 
48070 
49970 
46990 
45880 
50320 
48290 
52590 
49560 
46880 
49320 
47700 
87300 
69370 
62810 
63330 
67540 
66850 
67610 
67630 
64570 
67020 
70070 
94660 
87020 
89610 
102860 
91360 
100770 
86800 
99430 
66640 
71810 
68880 
68970 
64220 
65480 
65880 
76530 
54360 
46010 
45250 
50470 
52600 
49330 
46580 
53970 
49570 
51440 
103290 
92570 
75650 
61100 
49500 
47630 
50860 
47640 
47180 
49360 
46750 
47580 
49910 
46400 
46680 
47610 
49110 
46810 
44940 
45970 
47720 
48170 
49040 
49390 
52780 
53490 
55450 
54620 
51150 
52110 
47910 
64600 
70900 
68590 
68860 
65180 
66530 
68710 
67750 
64570 
64220 
65100 
67980 
69320 
66710 
63610 
63170 
71000 
67740 
68650 
63150 
66620 
69370 
67110 
69560 
66090 
63960 
68440 
64890 
52870 
45680 
47720 
49200 
49740 
51000 
48450 
50160 
50470 
67670 
98390 
84210 
65920 
55700 
50780 
49770 
49730 
46540 
47260 
46080 
51460 
47930 
44240 
46430 
47050 
49550 
51660 
47680 
46930 
46470 
76570 
68000 
68340 
64040 
74460 
48850 
53610 
48630 
47760 
45940 
49950 
85850 
68140 
71810 
62150 
66920 
66820 
67270 
68420 
63830 
66690 
63660 
66770 
65430 
64750 
64620 
66410 
67540 
66090 
68380 
65510 
64440 
66430 
67850 
64630 
64800 
64380 
73290 
54510 
51320 
46340 
52850 
48880 
53560 
47710 
56650 
52860 
48890 
99880 
94410 
76230 
56310 
47280 
46700 
47080 
49080 
45650 
47640 
46030 
46060 
47310 
50810 
63900 
51670 
48220 
47300 
47700 
47850 
48110 
46290 
48840 
48840 
49260 
48520 
48040 
51560 
48160 
50710 
47430 
80780 
70130 
69790 
67060 
67590 
64520 
67680 
72850 
69210 
71830 
70120 
65600 
68130 
62100 
70660 
65850 
65740 
67170 
68700 
67600 
64770 
66300 
62840 
66800 
68910 
67890 
75870 
52290 
49410 
44540 
52320 
49230 
46570 
48220 
50130 
54590 
50040 
149400 
95430 
82710 
72650 
54720 
48090 
46210 
48700 
46010 
49690 
45620 
44520 
45540 
71450 
72070 
64300 
66210 
65930 
71220 
67710 
63740 
45800 
48840 
47540 
48240 
50820 
48430 
48150 
49930 
51330 
51480 
48550 
84400 
66930 
72790 
68110 
68510 
67930 
65360 
72180 
69990 
69020 
67010 
62960 
65190 
67270 
69140 
67600 
63670 
68580 
68690 
67570 
67590 
63610 
64250 
68670 
67020 
67970 
72200 
48410 
48470 
51450 
51050 
48500 
48060 
50800 
53170 
51120 
46800 
99010 
91970 
77610 
64590 
55760 
50470 
45640 
48000 
48820 
48650 
47340 
44060 
48380 
51660 
48740 
45700 
46020 
48990 
47140 
44220 
46510 
43250 
44840 
46010 
47330 
46190 
47500 
46340 
49980 
55040 
51560 
87160 
65880 
69060 
71720 
69230 
70580 
67640 
70730 
70720 
70130 
69250 
68210 
69220 
67450 
69870 
69960 
63980 
67830 
63240 
68240 
67880 
64730 
64300 
67660 
69020 
70080 
77330 
54420 
48550 
47090 
50270 
52030 
49240 
47360 
48360 
54090 
49520 
103180 
94260 
77460 
69380 
52340 
47330 
60910 
53860 
50500 
47460 
47930 
45680 
46800 
48720 
47510 
46080 
49540 
48670 
49020 
77330 
68400 
68760 
67740 
70300 
68560 
53260 
50100 
54760 
51450 
47840 
51380 
50370 
87350 
67740 
65870 
69640 
66580 
68340 
68910 
67550 
69150 
67770 
68070 
67180 
68120 
65420 
70480 
66080 
69410 
63870 
67470 
66860 
65740 
68970 
64300 
65540 
66690 
67540 
73090 
46920 
46810 
45920 
49580 
49600 
53640 
52380 
55870 
52680 
52020 
101580 
94590 
70310 
58690 
49420 
51780 
47830 
46350 
45330 
49220 
48780 
49620 
46180 
46690 
47470 
48740 
50240 
46630 
43270 
46800 
47360 
50020 
46530 
48070 
48240 
49610 
53790 
52180 
48270 
48320 
47820 
88630 
68130 
65340 
64230 
66690 
71900 
66790 
64660 
70150 
66140 
72150 
65620 
65750 
63710 
64260 
69170 
70530 
70220 
68090 
62620 
70170 
70050 
67320 
63870 
70780 
68750 
80510 
58610 
51580 
44990 
50200 
52840 
50340 
48440 
53540 
67480 
56010 
105460 
90750 
81330 
69660 
51070 
51560 
49420 
47870 
47830 
46010 
50700 
47680 
45680 
46940 
44870 
48830 
50080 
49900 
45650 
46130 
46780 
53370 
47730 
70640 
71420 
72470 
76810 
72080 
73000 
51560 
47820 
53790 
86700 
73620 
65040 
66690 
68680 
70570 
70270 
66270 
65400 
73420 
70980 
71240 
70760 
68160 
70690 
73580 
74140 
71190 
67550 
67360 
10131710 
10123180 
10123530 
10114080 
10134060 
10127040 
11096030 
54480 
46820 
45760 
45770 
44230 
47090 
44810 
48670 
45930 
45670 
96930 
81910 
74120 
61620 
49390 
45630 
44330 
47080 
47620 
45550 
44710 
45030 
50440 
45320 
44310 
46260 
45810 
44140 
43570 
44050 
46630 
44790 
46560 
46750 
45050 
45060 
44740 
49680 
47320 
44800 
47570 
49270 
73260 
64160 
61450 
61140 
60120 
59950 
62520 
61380 
62930 
61160 
62470 
63770 
61850 
66560 
60090 
60490 
60200 
61620 
61750 
59920 
61170 
56770 
63190 
62600 
62010 
72850 
66060 
46650 
49230 
47450 
44240 
46740 
45790 
49010 
53320 
49640 
44590 
83520 
82820 
70490 
53270 
43560 
45350 
44800 
46320 
43030 
44420 
46670 
45200 
46060 
45070 
43780 
41720 
45510 
43880 
47210 
43720 
44100 
45880 
45630 
47390 
48280 
43150 
45980 
49580 
48060 
46150 
45970 
78510 
62750 
62650 
60930 
60600 
58690 
57330 
60400 
62960 
60880 
60360 
56880 
63160 
64860 
65490 
62870 
61830 
58500 
62480 
61920 
61210 
57210 
59460 
65080 
61030 
62650 
75680 
52770 
45860 
46550 
47870 
45820 
43160 
42970 
52990 
48660 
46080 
96310 
84220 
75450 
63210 
50270 
43690 
44770 
45260 
43720 
43810 
42690 
43440 
43550 
44820 
48580 
45120 
44720 
42400 
45170 
46200 
44280 
43460 
41910 
45570 
45230 
46900 
44490 
44750 
49050 
48540 
46540 
44120 
74130 
63260 
61610 
63830 
61080 
59070 
62570 
59400 
61700 
61270 
58700 
62740 
59370 
58730 
62700 
59190 
62550 
60480 
60420 
61920 
62450 
62600 
63100 
63910 
64020 
59660 
62340 
46430 
44010 
46480 
45370 
45220 
45160 
48240 
48770 
49550 
45800 
83960 
80120 
67650 
51150 
43940 
42470 
42910 
43810 
43450 
44170 
45020 
45660 
43160 
43240 
46010 
43450 
46050 
46020 
44410 
44960 
44030 
42670 
42380 
43130 
45790 
45060 
47470 
45850 
44860 
45270 
45280 
78040 
61150 
58760 
63950 
60960 
62620 
60940 
62930 
60240 
59650 
59690 
58940 
59730 
56940 
59640 
59680 
61810 
56660 
61440 
57380 
57210 
60940 
57400 
57490 
56130 
58050 
72060 
50160 
44050 
42200 
46840 
49370 
46150 
42620 
47280 
45190 
46180 
92160 
86020 
68680 
53640 
45330 
47760 
46940 
42720 
41940 
44850 
44940 
44900 
43370 
42890 
44100 
43600 
47150 
43210 
43960 
43830 
43120 
45300 
46810 
42480 
43620 
47810 
50160 
46270 
43050 
45500 
45750 
47240 
76170 
62100 
60420 
61410 
63880 
61660 
61280 
72880 
60840 
63050 
62760 
59420 
58620 
59090 
61010 
62790 
64850 
64750 
59950 
58460 
61900 
60740 
60300 
59570 
57640 
63090 
63760 
46220 
41010 
46260 
49280 
47190 
45300 
45410 
47710 
45170 
47120 
81280 
76430 
65820 
49440 
49460 
47530 
43560 
41900 
42510 
46730 
45050 
45070 
41520 
43200 
44680 
44470 
44400 
41520 
42980 
42830 
44100 
62950 
43600 
42520 
45020 
48850 
48850 
47320 
44630 
43320 
46700 
76200 
61710 
59240 
59280 
61550 
64500 
60170 
59260 
57820 
61830 
60280 
59790 
60610 
57450 
58890 
57950 
63340 
59150 
57870 
61170 
59100 
59800 
60810 
57940 
64860 
59770 
67820 
50670 
46540 
42550 
46090 
49070 
45450 
44720 
50150 
48540 
43630 
87260 
82990 
66430 
56340 
45420 
46200 
43220 
46470 
43290 
43180 
44480 
46670 
47720 
44340 
44930 
44900 
44450 
46200 
46550 
44200 
43420 
43920 
43130 
43130 
45690 
43830 
46650 
46440 
46380 
45650 
44590 
47440 
71630 
64150 
59770 
62990 
60530 
59470 
58620 
59330 
61540 
58760 
59920 
59840 
59710 
61890 
58670 
59150 
59810 
63590 
60570 
57650 
61730 
60960 
61480 
64870 
62860 
59710 
61850 
46540 
43240 
45700 
46130 
45340 
43570 
45700 
48550 
45610 
42740 
81670 
77420 
63060 
50190 
43600 
44330 
45710 
46780 
44950 
44280 
43230 
43920 
47860 
45010 
47920 
43680 
43650 
43390 
48910 
43760 
41680 
43840 
41890 
44780 
46020 
43260 
44270 
44320 
48340 
44500 
42660 
74750 
60410 
63410 
62210 
58740 
58370 
61560 
62090 
60300 
60710 
60800 
56410 
63970 
63110 
59760 
60510 
58390 
59610 
64460 
61860 
58320 
57160 
62050 
60650 
60110 
60670 
65720 
46460 
46330 
44110 
46910 
47110 
45340 
45550 
50740 
47800 
47470 
92110 
80950 
70920 
56980 
43430 
44480 
43120 
45850 
46820 
42630 
42390 
42740 
43980 
45870 
44520 
43270 
41150 
46370 
44330 
45670 
42040 
51850 
47300 
43640 
46840 
45360 
44150 
44470 
46470 
47200 
45130 
61680 
60400 
61580 
60100 
60970 
59220 
57030 
59670 
61860 
61110 
59060 
57050 
59060 
57950 
59210 
61810 
62600 
59910 
60250 
57940 
60190 
57650 
