58660
27820
25300
25950
28860
35210
30300
27030
25700
25490
25770
26850
26860
27140
26610
26620
75570
82050
75680
75080
81060
77680
80580
77430
77860
76811
78440
75420
79100
76600
77900
83700
77140
79630
77090
75340
76890
80190
81150
81481
77960
80670
81720
77600
79750
74090
79350
79580
78170
80690
77271
78960
79960
81400
75440
93140
86230
78740
83540
76370
82511
77580
78000
77500
79571
80830
77240
79380
80970
81920
73410
83701
74480
76680
83171
79080
79151
75880
80610
76810
80610
79231
84110
76610
77500
80460
76510
81620
75791
79570
77590
79420
80230
81060
78940
78660
99120
127980
82560
76150
77290
84210
78780
82320
87170
93930
82570
80530
76580
79321
82670
80920
80970
75680
81250
75190
75691
75630
79630
81600
78820
76591
79190
79371
77940
78850
73911
76300
106590
78640
93870
81080
77430
78781
81400
76900
78780
77510
78060
85490
75330
82570
77280
77180
76870
88120
91880
84551
77790
80840
83390
74650
80010
73820
77460
87650
86400
85860
78011
79570
79210
102900
76510
80140
83470
76720
80130
74560
82811
79020
78690
75350
80940
80340
80690
77800
77160
80260
73760
95490
86710
125540
90001
79670
102601
78730
79440
77070
80580
76991
78560
77480
78531
81500
76940
97620
92730
87590
77640
78920
81800
79050
74770
78040
81700
140390
91180
81560
78470
84790
80230
85080
81690
128941
86700
79810
103950
78851
81370
76790
81190
80990
82600
76380
77241
75760
79310
81171
78490
76121
78510
79101
79960
82910
76991
75210
81960
78360
81650
76250
89010
81251
78420
75510
77970
77060
83450
107860
85540
85490
80130
82440
81360
83600
85650
85440
86190
78860
77990
76950
86390
79430
78160
83870
81750
85120
79301
78130
81740
83880
77900
82980
83850
81220
82690
80890
85721
81770
103280
80490
79060
85400
82660
77800
86590
83870
83800
89270
77430
78700
86141
82210
85060
81270
81800
78090
80390
73721
78070
79510
75631
80180
73490
81420
76590
80200
96100
81610
84200
101240
79470
76491
78600
74070
82360
74970
77480
80100
76320
81080
78690
78870
77250
81960
75680
81121
81120
77490
79510
75010
81950
77160
79661
76540
79830
82891
77190
77601
78910
82860
125640
79660
74511
77880
81500
78530
80060
76010
78650
77721
82800
76080
80150
76990
77100
81850
93390
84180
80030
77990
80670
84170
86400
82450
82020
82440
85130
83630
86900
77980
82341
123100
82930
86710
83381
81970
81930
85300
79830
85720
86890
83110
89170
82120
90511
82240
85690
80850
92070
88650
83410
83130
84350
84740
79241
85480
78520
79870
88000
82840
84490
82430
104770
84470
83550
78280
98290
86120
84851
85490
80460
85440
83100
83960
81640
84260
85880
82450
83360
89121
84440
81770
85710
77100
84440
86640
82760
85500
79900
82240
82460
86440
79510
105151
85420
82110
84210
83890
86190
80990
85841
82120
85020
83851
81640
79571
82370
83910
80140
84560
76611
81830
87190
83201
85410
82160
83390
87641
80330
75860
78140
78310
76250
79670
101421
85790
85790
82540
86690
82870
87540
81780
86930
79570
83820
81580
85550
82930
80481
85070
82310
83960
79110
88670
79720
80661
80640
81410
91521
82550
84981
77190
85321
78560
88420
103621
84830
85210
80550
81520
80780
84700
81371
85110
80060
85810
114280
92160
88070
81710
84040
82720
85860
78870
83780
82660
84351
87560
88830
86750
84240
84180
80300
84340
87690
83730
105230
84071
85340
84570
85330
79340
80150
87510
82060
85230
80610
86551
89960
83640
85060
86060
85100
82860
86020
79490
85230
82590
84231
80430
84640
84941
84500
79611
81780
85030
144200
113720
79741
82950
87240
84251
86420
79890
83680
83090
82210
79580
82980
82250
82470
86070
86921
89710
84690
86190
80590
83820
86190
85890
81490
85310
88400
82410
85160
77780
86961
87600
131410
86160
82020
82730
84720
83931
81530
84800
85431
83410
86031
82090
88461
81730
83050
80201
83260
87410
84230
92600
92060
86600
83681
82580
81790
81650
84870
81510
85280
84930
85260
130770
82870
79900
86220
85150
81031
86050
82550
87270
86730
86330
80710
84370
86310
84330
82340
82331
86850
80080
85880
86810
84910
87640
83550
86830
88180
85971
84150
87650
81020
81520
131030
83010
83750
80350
84700
82360
81051
101410
87290
87331
83290
81411
80540
85580
82990
85540
79301
80770
88950
83491
87380
81090
82050
84000
86670
82730
87960
82200
82830
87960
84361
136450
84460
82990
80800
83190
85470
87580
83410
83260
86050
82030
85600
78930
81101
87460
83810
85410
82360
83110
84310
87141
79700
84090
87171
84170
86231
118110
89870
81670
84660
80451
119950
84470
86600
83760
82480
85410
81861
86210
79920
80030
88960
117290
91510
82830
89070
85550
84850
79660
83690
83660
83460
81340
78640
88180
82210
85920
81070
83801
85350
88260
81730
83931
127790
82390
86700
79930
82170
86680
83330
85690
84100
84251
85200
85470
78210
90360
129830
84830
85430
78920
86510
80121
82260
79930
82100
84970
81520
80180
78060
83990
82040
104050
83210
128130
103460
84831
86280
81860
85360
85810
86250
82550
83510
82780
83990
89380
87371
85320
83330
84060
80920
85540
85390
78270
76560
76200
78730
79360
87890
79120
83541
85450
83350
84960
129010
110480
107630
89491
81080
84230
87761
82990
87761
82400
86760
80430
84830
81111
82700
87400
84471
102610
86830
87980
81061
86280
81820
86530
87990
83670
85330
81280
79820
82250
86180
101090
85760
81740
82530
90750
80560
84130
81360
81090
80090
86631
86010
83490
81420
81270
84880
81220
85030
78400
80140
123871
108880
88160
84150
81541
80050
85850
79620
82170
85650
80980
107850
80540
84160
80471
81720
83660
131170
87530
83090
82120
83910
87270
81700
85170
80780
83380
106360
84091
85070
81410
79730
86580
84000
81130
85110
82790
79680
87710
80801
104420
82130
104440
82520
85330
86260
82150
82330
82880
86081
102800
94490
90860
83360
85880
80270
85110
80230
80100
82570
86301
79780
83000
86871
83430
86941
149710
109790
85100
85110
83131
84710
85570
129251
81220
78840
80340
79690
84530
78830
81010
105430
81860
85910
84610
80860
77400
85550
80460
84840
99900
82860
85710
81620
83030
83860
84000
80840
85911
85050
82400
92290
85331
107480
118820
83470
78210
80810
104320
82450
84400
80310
79781
81960
86410
78840
111570
112710
82370
85250
79350
107370
83211
83490
80560
84300
84120
81010
81890
78620
80830
80410
102310
80921
84430
131200
82621
84520
81390
79420
79600
85340
80050
83670
86980
83370
85600
80041
85500
81780
83400
90830
107990
85170
80300
81870
82780
84901
80460
83530
79360
79731
104420
80400
85820
80320
120980
124451
97881
82660
75480
83751
78790
81051
79370
104570
83240
84280
82251
86880
104150
83691
82940
87470
107410
103641
85810
79200
82230
107150
82840
86980
80200
83360
83130
86420
80110
124520
81230
83740
85070
84600
116380
103920
85640
83520
84831
86430
81780
82850
83830
103060
103920
84000
80300
80700
104221
105820
94930
84930
105281
100670
87050
83370
84670
107560
100250
89400
119100
102710
82031
85040
82560
85900
109300
101020
82180
83980
103840
104870
84490
78540
84130
104330
84381
85750
80130
107050
82530
83720
79660
125721
119260
103750
85570
105351
102610
100550
84090
101330
82950
105250
81020
81000
79150
101991
81130
95040
88770
81330
101500
80570
89730
81470
100170
124471
83881
80810
104940
100831
82150
90541
106630
113700
81850
86470
84591
81450
102890
98671
103280
79460
102200
103580
83510
80330
75890
108370
78010
79430
76250
78500
128650
85720
76680
78580
76970
80540
80960
97110
103430
98220
82940
79960
82391
102610
80910
79740
132060
106250
96610
105961
81010
81880
100621
98930
89031
78850
100121
99710
84720
79630
81960
101140
80560
83290
79020
113570
99921
83220
81320
82010
100050
98470
80300
84550
103470
92670
86860
80410
81450
105420
153920
93550
81850
101590
98130
84260
80140
71790
100420
97140
85320
80741
101460
80070
83610
79970
123070
108050
97930
77770
79260
104051
98610
81220
73940
77250
98180
95490
83100
76450
96910
96251
106751
83800
79750
100871
76960
82451
97760
99060
77520
78610
76861
98030
100030
94551
77930
80400
100320
77050
91000
86060
79980
100410
95990
81020
77791
96460
95630
78700
76350
78340
77920
118130
82960
135290
109971
95630
79300
76820
77791
101690
97870
77840
75320
101090
98600
84151
79440
99790
104001
98550
88091
79070
108050
95780
87480
81450
112450
99690
98780
87560
99490
100710
123271
84330
80180
100710
115310
110500
93790
105680
103240
112680
83910
78680
100840
102440
97800
85490
79540
98670
95270
82350
78680
99911
125600
107910
86190
98461
100190
100790
83640
79940
100830
125931
95200
80110
79760
103321
96450
85970
74690
104910
100500
95500
81370
75980
96960
100871
78841
74730
103760
99990
101260
82551
92790
102470
94200
80600
91791
107420
106060
96121
79050
78780
123910
96180
80710
76060
78190
99590
95010
80150
73741
102240
118990
94780
82090
111460
96780
109390
87230
100150
98551
100520
79310
76740
96981
99940
96070
77200
80660
99070
96460
85031
82450
126560
104391
94770
82191
76560
95380
99450
82630
77611
97820
100580
102511
82410
131730
107640
97941
79080
76860
77280
97580
94680
77020
79820
97280
105640
82540
75460
76910
101340
127910
94290
123100
117620
96730
82250
79120
114371
95680
101230
84840
156910
174320
173161
86880
82370
101100
107281
107560
80510
97310
104511
96460
84180
77790
95700
102860
95310
84440
97020
99250
92581
84940
79900
125940
115980
99940
84580
99200
100250
97230
85330
79051
98650
102530
95501
80280
101200
106010
96790
82410
89390
110411
103120
100690
85870
97241
112220
97330
83680
79870
116200
106270
103580
86210
110070
103821
98850
81540
83660
102380
106970
112730
81540
99790
103450
99910
81711
78940
138000
106151
107730
77951
76440
105270
110720
87300
88021
115790
117530
95941
79840
88190
101340
96540
78990
76560
95240
103240
92430
75900
130701
101170
89980
81650
77140
96640
103720
93060
82210
100810
95510
94690
80000
76290
97771
96120
99580
87890
99170
100070
97030
78690
76990
124980
99961
94380
77700
94350
97181
101210
80960
77520
96540
131390
110160
87440
95320
158860
106021
85900
79490
98850
104400
95930
86830
93840
103240
95650
82860
78810
160540
114860
100871
82280
118040
106160
97970
89540
79570
95541
106940
97440
85050
94921
101350
96180
82980
79680
102240
99490
95350
90590
101640
103331
102090
81820
79540
116450
105690
103060
81830
119120
103000
142451
93811
98090
101870
106601
100040
85441
114410
103780
106330
84160
79501
103110
107270
103351
84780
108810
104660
138070
87160
80220
101210
109010
100270
77430
106171
108180
95490
83850
78630
103900
107870
99130
106210
98800
100681
91450
82440
80790
100671
95780
105040
86000
100650
105690
99360
79140
80810
101240
104071
125580
94861
99070
104720
100540
81840
77630
103590
106970
97980
85570
110690
99540
92061
105070
80500
103810
130980
114810
87810
98280
104760
94100
101430
85670
105990
110210
99110
84920
105490
102850
100940
86160
79480
104101
104620
98430
84410
105590
160020
103240
84940
79350
106000
100810
125240
88590
94050
104461
99610
89830
91330
93860
110860
99490
84720
136770
102950
105951
80241
76840
94830
99630
101240
87481
99660
99080
121560
89650
76201
98540
100230
97461
81110
96940
101690
119640
80140
78380
93060
101210
92760
79800
95381
102860
98150
80620
74460
94550
103910
100310
85980
95150
95861
97010
83450
80000
103701
100110
100420
94700
107160
104770
100220
80501
78960
101610
128461
98990
83031
97230
103490
99580
83340
79221
93860
106040
101051
90200
105020
102840
95441
85160
82210
104500
106780
103210
86500
93520
106440
98290
81100
79180
101220
105870
108040
83510
95590
99170
121430
86780
77820
91721
104320
104310
82690
98750
95830
96660
84470
89050
118990
102191
103270
86150
93780
106571
98820
82480
82130
101850
116860
100540
82150
94420
103780
99751
83731
87790
108680
126720
100080
87761
106930
101120
96530
86390
81261
101890
104080
101341
82990
101640
103410
104170
83440
78220
99010
103830
98830
80500
94971
102560
101010
83160
78410
112390
106260
102020
86280
127410
129231
93310
83410
79240
101510
99500
98610
83380
92430
106670
103050
81341
78760
99470
104531
100910
81741
128160
103570
103870
85970
79391
96050
106750
102531
85600
103780
98840
152120
86010
80290
126950
106420
100750
84830
95761
105200
95760
82010
76320
103290
104080
98510
84110
98730
101890
94410
83910
78650
113261
110030
99310
83980
98890
98440
95550
79630
76830
100580
97961
107660
87490
121580
103181
101670
81980
78720
101130
101230
131501
82110
103850
104000
95501
79690
79390
96180
98680
95740
81210
92430
98440
95810
81840
82561
102780
101270
103031
86250
94970
103910
91980
82460
101900
101251
104960
105600
80300
97931
122830
120900
83720
74770
94740
101150
95090
86110
99210
104341
92290
81460
74290
99810
98500
100260
85790
92600
108760
88330
95491
83340
104620
108471
101880
103271
99090
107630
96540
83190
76471
95990
107620
98891
85250
101350
96780
90230
84300
80810
103780
