102800 
64210 
50320 
47880 
48370 
54800 
63560 
55250 
50090 
50020 
52930 
49440 
49660 
55080 
47510 
53100 
49300 
25940 
45480 
44220 
104710 
44330 
43280 
52630 
57240 
44000 
41780 
47680 
47540 
42990 
43780 
46980 
51600 
47840 
45710 
48260 
47780 
48240 
43560 
41630 
43950 
51650 
42870 
42730 
45620 
48840 
45600 
44910 
44180 
46210 
51330 
51740 
45180 
48810 
51400 
54080 
59600 
45390 
55440 
50090 
49030 
46710 
51490 
50000 
53730 
44190 
42420 
45650 
50600 
49480 
45010 
46020 
49430 
44720 
47720 
44740 
44960 
51250 
23900 
46220 
42650 
49890 
50640 
48960 
43600 
44470 
49530 
47970 
44820 
48280 
50570 
48170 
45160 
42200 
41290 
51650 
48170 
61110 
48910 
53950 
45780 
47980 
42680 
43970 
52450 
56690 
56200 
44070 
53150 
50050 
44350 
43320 
47010 
52580 
46930 
46350 
49020 
49050 
49120 
44950 
43100 
43630 
49430 
43650 
45430 
47860 
50560 
45990 
47510 
43910 
45630 
62120 
54660 
44600 
53240 
51170 
48150 
43380 
45320 
44550 
55480 
48490 
41700 
48360 
49800 
51130 
51450 
54210 
48910 
50720 
45280 
43110 
46130 
50140 
45310 
47470 
71220 
54830 
54900 
55870 
47950 
43820 
50810 
50290 
49050 
44790 
45790 
52550 
47870 
46080 
51100 
48470 
49240 
43250 
42800 
44350 
48150 
50750 
44900 
46340 
63680 
55880 
61800 
46540 
52650 
56390 
53030 
45770 
43480 
49220 
48940 
44230 
44780 
45880 
53210 
47020 
65830 
58090 
58720 
53280 
47600 
42670 
44670 
51290 
43470 
50360 
56480 
59030 
48110 
52300 
44480 
51620 
50650 
32710 
50840 
47760 
51930 
51780 
43820 
43980 
44020 
50200 
27250 
43350 
23970 
49810 
47610 
24780 
43210 
45930 
47170 
45490 
45200 
45120 
51610 
48540 
24490 
43440 
44520 
51270 
50980 
27130 
45860 
49770 
49670 
45920 
44280 
45460 
51880 
27670 
49090 
24850 
48370 
50050 
45040 
43990 
70110 
58970 
47720 
46310 
27190 
50140 
50170 
25320 
42240 
47240 
51250 
24920 
26290 
45930 
50760 
48770 
46500 
45220 
45920 
50960 
27660 
45660 
24750 
49110 
48140 
24550 
44870 
43580 
50890 
49210 
26180 
53580 
52640 
45370 
24340 
44420 
42380 
52360 
24570 
25300 
47080 
50150 
50220 
43960 
44240 
46940 
51030 
28510 
27500 
24030 
54320 
60400 
27030 
44330 
54070 
50230 
47040 
26280 
27610 
49960 
46440 
49040 
42030 
44010 
51340 
25160 
26380 
47910 
48940 
49470 
44600 
45410 
45260 
50040 
27130 
44890 
25350 
47300 
48510 
25320 
44700 
44460 
47540 
47430 
50360 
29420 
51430 
46080 
25000 
42780 
46200 
50100 
25090 
25640 
48090 
50430 
49300 
45230 
44690 
46200 
54190 
50350 
52170 
25540 
48540 
48220 
45320 
44170 
46640 
47330 
47280 
25770 
28020 
51210 
45830 
47330 
43040 
44140 
51970 
25460 
26120 
47780 
49980 
49370 
50130 
45660 
48630 
51410 
26030 
45750 
25780 
51270 
49180 
54690 
46500 
45490 
50010 
48330 
46990 
26450 
50580 
46440 
47520 
45330 
44560 
51420 
25830 
26940 
47020 
48810 
54130 
52010 
55590 
46540 
50390 
27540 
44050 
26020 
51890 
49030 
25340 
44140 
43840 
51530 
49410 
45750 
27660 
52910 
46920 
43410 
43250 
43860 
51200 
25490 
26570 
46380 
50720 
48350 
45270 
44220 
45380 
49840 
27990 
45490 
24610 
54100 
50020 
24850 
41480 
46920 
48710 
50100 
46660 
44640 
50470 
47510 
50900 
43090 
46170 
51090 
25580 
51390 
51930 
54710 
49070 
25230 
45570 
44120 
49870 
28570 
49110 
27210 
54960 
51690 
25260 
45180 
48210 
51740 
47400 
23360 
44990 
53230 
50090 
49640 
46290 
45520 
50220 
52670 
28320 
46830 
53980 
49600 
47900 
44970 
44800 
49960 
26070 
26880 
28580 
51050 
50590 
24690 
42220 
43510 
51390 
47550 
27220 
27290 
50010 
49990 
47300 
71110 
48700 
53320 
25760 
27270 
47180 
50080 
48130 
45390 
46300 
46570 
50060 
45240 
48780 
25640 
51180 
49460 
25630 
43460 
47390 
55410 
49010 
46700 
28080 
50830 
49070 
48670 
44070 
45460 
51570 
26080 
49400 
46880 
51380 
52720 
44040 
45120 
46210 
51470 
27260 
46300 
51880 
50010 
48080 
24600 
43300 
45430 
47030 
47560 
46680 
76470 
59830 
48860 
51080 
44480 
45020 
50300 
26780 
46560 
48250 
49040 
48450 
45760 
46370 
46610 
50570 
51500 
27610 
26560 
51280 
49940 
46380 
43640 
46010 
48380 
48930 
25950 
27990 
50530 
48350 
47440 
44860 
46320 
50520 
25490 
26640 
47110 
55170 
51050 
46400 
48050 
48910 
49700 
47430 
45480 
26190 
49750 
49270 
23900 
43110 
49180 
61080 
51420 
45090 
27840 
55880 
48170 
42810 
50160 
46190 
50990 
58000 
27750 
48850 
49620 
50660 
51140 
47760 
45970 
50460 
26470 
49930 
27140 
51870 
51150 
47380 
45320 
47460 
50100 
48780 
48160 
26850 
51220 
50880 
49290 
45120 
45590 
50460 
27760 
49050 
47320 
52960 
51540 
49520 
45870 
44910 
51420 
26740 
47490 
25190 
52350 
61290 
46030 
44940 
46680 
49510 
46920 
46900 
27810 
49510 
46170 
24750 
45250 
47000 
52040 
25900 
26660 
46770 
51790 
50450 
43630 
45100 
45810 
50470 
45480 
26860 
28130 
52740 
50430 
48560 
42010 
46800 
51050 
48530 
42010 
27920 
50660 
45880 
47340 
43890 
47960 
49910 
26170 
27740 
47100 
50420 
48760 
48250 
46390 
47850 
52440 
55960 
46420 
51660 
50180 
50010 
25180 
43280 
46090 
49450 
48510 
26840 
28300 
50100 
47100 
47600 
47780 
60380 
54730 
26260 
27080 
46880 
50650 
49920 
48090 
48460 
45240 
50240 
26610 
26430 
25460 
50030 
49820 
26020 
45230 
47980 
48120 
47660 
43700 
44890 
50630 
45950 
50000 
44140 
45880 
50870 
25370 
27270 
47230 
51710 
48640 
52340 
49820 
48620 
51280 
26440 
26770 
25410 
50230 
49970 
24130 
42680 
45190 
46350 
47600 
25670 
46990 
61190 
51550 
59430 
43380 
53050 
51900 
25310 
26500 
48090 
51890 
50810 
46450 
46200 
47130 
52340 
47050 
48160 
25350 
51620 
50940 
25800 
44310 
46480 
47660 
46600 
45310 
45260 
51650 
47240 
46180 
42360 
46300 
49700 
56480 
52820 
35540 
51500 
48960 
105780 
51750 
47330 
51720 
47580 
47920 
52480 
53020 
51020 
45640 
44170 
50220 
63420 
52010 
44780 
48530 
53100 
51690 
48820 
47230 
47310 
52660 
53300 
50620 
51710 
50930 
50360 
48340 
44830 
45760 
55690 
47810 
46660 
50780 
50940 
50800 
49300 
41680 
45630 
50120 
43040 
44590 
46490 
50700 
47040 
48860 
71090 
48910 
56240 
54800 
49060 
45400 
52890 
50280 
46770 
46350 
46510 
51530 
47390 
46590 
51330 
50180 
57660 
51280 
45050 
45670 
50550 
46070 
47060 
46260 
51960 
49310 
49930 
44990 
46700 
53390 
52520 
46280 
54030 
53950 
51330 
47100 
41360 
45610 
52200 
49660 
47470 
51690 
52530 
50220 
49450 
42270 
45420 
49800 
45510 
47000 
50230 
63560 
55920 
55910 
45200 
51960 
52720 
25120 
48720 
45030 
48870 
50760 
45360 
45830 
46840 
51300 
56790 
49820 
45800 
52400 
51120 
43380 
44680 
47080 
51130 
51540 
47160 
47900 
50790 
46680 
48030 
45290 
45240 
53320 
26590 
47880 
49270 
50730 
49280 
47020 
47310 
46930 
52890 
49140 
46650 
49340 
52040 
50390 
46390 
42700 
46240 
62540 
47560 
46390 
47530 
53650 
47090 
47590 
49600 
45720 
50940 
51130 
46920 
48160 
50900 
48300 
70910 
48100 
56250 
51880 
48520 
43970 
48670 
52320 
52530 
45750 
45030 
44790 
49150 
51170 
46230 
46840 
71270 
55200 
49340 
45160 
45450 
53330 
51590 
46650 
51230 
52840 
50460 
53480 
46990 
50730 
56450 
47340 
48120 
52600 
52770 
61220 
47240 
45230 
45870 
49630 
45750 
47530 
46600 
50770 
47230 
47660 
44300 
46560 
52010 
25300 
51690 
86710 
74200 
61160 
47330 
45620 
44490 
53020 
47500 
46770 
52460 
51150 
50550 
47380 
44000 
44730 
51210 
43670 
30160 
27390 
52030 
47610 
26380 
44560 
44660 
52170 
26170 
48420 
48890 
51070 
50330 
43640 
47860 
46950 
50050 
54830 
57330 
27310 
51410 
49870 
24380 
44780 
45790 
49300 
47770 
26510 
27380 
50310 
45980 
25630 
43750 
50520 
58720 
26650 
27400 
47610 
49390 
50490 
47430 
47810 
46320 
51120 
27570 
50690 
27650 
48930 
47600 
46720 
44560 
47530 
49380 
47090 
25520 
45220 
49970 
47330 
48560 
44590 
48280 
52400 
25890 
45030 
47720 
51010 
51060 
53720 
57930 
48690 
52980 
27800 
43950 
25950 
50560 
51650 
50560 
44970 
46270 
48790 
47320 
45810 
28440 
61810 
55340 
57550 
43690 
51520 
57660 
27600 
47260 
49930 
51480 
49380 
49200 
45710 
45840 
64600 
47650 
48360 
49680 
52620 
52240 
25380 
45860 
47780 
49460 
47500 
26580 
27810 
51070 
48160 
52790 
45450 
45270 
51290 
27200 
51740 
52520 
55200 
48820 
47480 
44180 
45910 
50780 
48020 
27680 
25470 
50600 
47690 
23630 
45570 
45970 
50490 
54100 
44480 
28500 
52380 
45100 
46350 
44130 
45720 
52350 
25490 
46850 
49440 
50400 
49740 
26070 
45110 
45010 
56630 
28240 
48320 
26390 
50520 
48740 
25690 
43050 
45690 
47830 
47130 
25960 
26640 
50100 
45990 
25380 
44990 
69130 
59410 
27500 
27910 
46810 
48130 
49420 
49490 
47460 
46710 
50540 
27280 
26480 
26080 
52220 
52860 
57660 
46170 
45980 
47320 
49010 
42320 
45910 
50370 
45950 
48520 
43900 
43140 
52050 
25360 
26650 
48020 
50850 
54610 
46770 
45250 
44420 
49450 
27960 
47770 
26590 
51110 
48810 
25480 
43860 
44730 
47940 
48820 
27030 
27680 
62370 
58200 
55850 
44450 
49180 
50130 
25460 
26100 
47830 
50400 
48620 
45530 
46200 
45710 
50370 
53640 
52320 
26560 
49800 
48660 
25830 
42910 
44210 
48040 
49210 
46390 
50900 
49750 
47140 
49460 
45580 
44690 
50710 
24260 
45010 
47640 
51650 
50540 
46530 
44520 
45860 
51300 
44310 
45600 
27220 
51350 
50000 
25140 
43400 
46770 
60880 
51870 
44350 
43960 
51170 
47020 
44510 
50180 
45940 
50710 
24850 
47860 
47850 
49230 
48770 
46270 
50800 
48250 
53660 
45930 
26620 
26320 
49690 
50210 
25870 
44610 
44230 
49330 
47560 
46420 
27650 
52970 
46330 
45970 
44110 
44330 
50890 
26500 
26760 
47310 
49600 
48710 
48870 
48180 
47630 
50120 
28160 
45040 
26680 
51760 
58500 
49550 
44750 
44660 
49810 
47030 
25840 
26600 
50460 
47120 
24950 
44310 
45260 
51110 
25220 
26380 
89000 
58930 
51200 
57410 
44140 
53410 
51420 
46540 
26810 
24930 
49360 
49270 
24920 
44850 
45240 
49760 
49190 
25820 
27520 
53180 
53730 
46950 
43970 
45370 
50820 
24550 
25880 
47070 
50590 
48950 
46210 
48570 
46790 
50080 
55350 
47700 
26540 
49230 
47070 
24590 
44160 
44830 
46900 
47450 
49110 
45800 
50620 
46010 
47900 
42970 
51180 
57940 
27280 
49990 
47140 
49910 
49150 
47540 
46500 
44690 
50570 
56370 
55600 
60690 
54880 
50870 
26360 
45400 
45500 
50010 
49450 
27240 
28220 
52580 
46240 
25870 
43510 
45980 
50510 
26970 
26440 
46060 
48190 
49130 
52910 
56870 
47940 
52120 
28030 
26390 
24950 
53930 
50250 
25650 
44370 
46770 
50010 
48310 
25170 
25510 
50120 
58240 
50020 
51340 
46650 
51930 
25530 
46240 
48570 
51100 
48890 
47520 
44730 
50060 
52740 
27160 
45780 
25270 
54420 
51930 
48470 
44480 
46670 
47220 
48350 
44430 
45900 
50140 
45480 
52180 
45670 
44680 
49360 
24750 
53560 
51450 
52990 
59390 
50800 
49620 
46430 
51850 
27780 
45770 
24800 
48900 
51460 
25900 
44520 
44630 
48710 
68100 
43530 
27620 
50150 
46450 
49680 
44120 
45600 
51900 
25890 
25890 
48010 
47990 
49660 
48590 
45790 
50070 
55990 
46740 
27860 
26600 
49990 
50050 
26050 
42640 
45320 
47940 
49360 
25730 
28250 
50040 
45690 
43890 
53370 
47620 
53920 
25530 
53830 
47620 
48770 
49150 
26230 
46050 
44850 
50760 
27570 
27610 
25480 
51090 
47520 
65470 
46790 
48390 
49310 
47950 
26560 
27270 
53180 
45780 
47830 
44060 
44020 
52280 
25280 
26340 
46840 
50050 
48440 
47210 
50730 
51710 
53320 
27180 
26540 
24370 
49430 
49940 
26180 
43910 
46850 
47340 
47200 
25540 
51300 
59260 
52170 
48420 
42730 
43860 
51400 
51390 
48030 
46780 
49990 
48530 
25030 
46550 
47170 
50390 
27180 
51280 
52010 
55560 
49900 
24750 
44960 
45770 
50750 
48890 
25550 
28030 
49350 
45390 
27510 
45740 
44460 
50050 
25690 
45410 
46910 
48350 
49990 
47490 
41880 
27990 
49600 
69750 
27260 
26310 
52030 
50530 
25390 
43070 
70680 
60000 
47900 
26140 
27520 
49040 
49340 
49010 
43020 
44660 
51400 
25360 
26250 
46970 
47720 
48310 
47440 
50850 
55210 
53840 
28650 
46010 
56140 
63470 
54210 
44510 
45590 
48110 
52970 
47790 
25870 
45840 
49990 
45340 
24850 
43180 
44600 
51700 
49140 
62300 
53080 
52610 
50110 
46300 
47700 
49130 
51220 
46050 
27480 
25110 
61470 
57460 
46980 
47000 
46540 
50170 
53660 
44910 
29120 
51180 
46540 
56960 
42620 
55460 
52540 
57600 
27160 
65860 
58020 
51580 
47980 
47800 
47930 
50770 
44270 
44350 
26880 
50030 
50380 
24510 
45200 
45750 
49930 
47910 
45430 
45530 
49670 
46940 
25140 
42360 
48330 
52360 
25630 
47060 
47940 
47560 
48760 
46680 
50420 
49270 
61450 
48720 
46080 
26500 
49940 
46600 
24190 
46070 
47220 
50520 
47620 
26400 
28390 
50370 
46150 
52190 
42430 
48470 
61070 
52240 
46000 
46200 
51470 
50660 
49670 
47110 
47860 
51120 
28250 
49540 
23830 
49630 
49470 
23860 
44330 
51000 
52930 
48310 
46260 
45800 
53320 
47570 
25720 
44610 
49180 
51520 
25460 
46830 
48110 
49330 
58160 
49110 
46510 
47980 
51680 
28330 
48340 
24930 
49990 
49100 
50910 
51650 
47590 
49450 
48560 
46490 
27120 
51680 
60100 
48400 
45900 
47510 
53120 
27440 
26780 
46410 
48920 
50170 
46120 
48680 
50410 
51320 
45300 
25890 
26650 
50410 
49430 
25530 
45580 
44450 
49590 
46180 
51500 
26580 
51410 
45460 
25810 
44560 
49300 
53030 
50160 
48620 
48410 
50530 
51240 
46830 
46740 
46460 
50590 
27480 
46330 
25590 
50880 
46470 
24080 
45170 
48360 
50290 
52220 
47530 
46530 
52940 
46740 
26270 
46570 
56210 
52590 
26810 
48770 
54550 
55700 
50020 
44090 
47560 
47020 
50680 
27760 
26950 
26170 
49000 
51770 
25520 
42570 
46680 
51330 
48080 
46790 
27930 
49440 
47200 
70510 
49140 
51000 
50390 
26050 
26910 
48830 
50500 
50460 
45420 
50300 
50300 
53630 
45330 
26730 
26240 
50950 
48450 
24930 
47790 
51570 
53320 
47770 
47550 
28280 
55180 
47970 
44880 
41120 
46060 
52600 
24460 
24950 
48330 
52350 
50070 
48510 
44640 
48730 
51910 
44380 
25780 
25400 
49630 
49360 
26070 
46750 
46520 
51960 
49110 
51030 
49250 
53560 
45780 
25500 
44150 
44970 
50570 
24380 
45250 
50030 
50630 
47010 
43580 
43770 
45040 
50340 
46570 
27210 
27690 
62040 
51770 
47770 
46590 
49640 
49940 
47290 
26090 
29420 
49870 
44050 
25870 
45480 
45350 
50640 
27180 
26900 
48820 
47210 
48610 
