61870
30250
34350
30570
12852679
32520
33720
34741
34470
36210
33200
31980
4709895
2691044
25970
24670
72551
76581
2781064
87821
3013406
2838175
148041
127681
2100161
2935306
86440
4777075
13264980
74370
1906400
99181
4767385
3103677
96250
77770
13395191
73771
78741
75360
13479751
76430
79551
4784466
13534562
79021
73541
380222
101111
82780
13596472
76490
2042591
3382378
128260
4855445
13742443
105391
97051
112511
105881
3515189
104301
4808676
13915524
98071
93791
747324
104550
79571
13561822
96370
2285452
92610
95440
113311
108180
2973806
111990
93871
2968796
298962
99420
77500
229902
163581
94740
79341
20121937
15148721
13809583
75031
128641
5553399
15067240
14360857
80300
4045892
80810
4750505
14473207
82170
73740
1371428
80680
4190843
79940
98301
80970
77190
103231
83251
4689845
104860
91141
82011
100021
86620
4707625
4463673
86380
4720125
4429254
81761
110651
1780079
4771735
4568444
99800
14927129
10082983
16867049
94710
2029130
1923980
115501
94631
1986830
132751
116881
15024880
129571
115901
97611
10186684
15117091
10210855
101291
78531
111021
2869915
2847065
95261
2868025
2907585
236762
492603
76261
195421
188851
10382516
136231
15068600
10387515
4866736
4877966
207831
2095461
10491076
77970
15054350
10532056
4853546
15074550
22629201
12942269
10616907
75571
15047040
10615866
4877446
4865216
510483
2133352
10723177
76020
15051890
10729667
4883886
4880796
618234
2164281
10837928
309341
15067680
10861628
4938136
4944597
100710
2227882
10987359
93751
15072341
10976558
132581
15063160
11034628
15107830
14976489
26156599
14953729
14962810
11180609
2413103
130150
97940
15104760
11215310
95731
94930
90100
104891
83051
15076471
30004719
19999616
14966600
15002330
14984320
11397511
138851
21502475
14929009
31554508
12138795
12308005
16463797
79631
81640
15082430
29998800
19991767
14958129
15018690
14974459
31671709
29928909
72580
14955690
11720043
82470
74410
76790
109541
84250
2181231
11824843
79491
15044530
11836213
80440
80250
76600
130421
113881
99721
98921
125991
15141001
14917309
12073544
15127930
14988060
12147255
127731
127791
181321
125231
102061
15062340
17195981
104271
98921
15103700
22266669
17134651
12311656
15109801
14677388
155191
160561
105080
188471
161151
162771
12511486
186991
194491
233461
100430
15104180
17071821
22526900
30137001
14764788
189631
208551
103010
15094900
17126371
22617321
40047573
17134491
50831
27720838
14989280
14984540
12745968
225881
10035563
27807138
29939920
73840
12873528
10092614
27127435
93380
231171
12909289
81441
78061
95530
151981
15146581
29917709
92910
22892682
7054848
124081
33093526
90291
15094290
14936690
13168090
89950
101950
220451
429262
288381
15116630
23250994
14984470
13272591
89370
2277222
523013
105230
102191
580934
353312
304022
616523
167141
15094500
23438595
15005670
13764644
74080
276261
98240
158881
104231
94441
107061
83200
15014430
67721
13595902
2315142
71690
76360
99571
75631
74861
106810
76520
13713723
437183
78771
95211
87750
78270
76530
97291
86050
15021400
71210
13860764
2376253
15092481
14962239
1415158
119020
15090640
29988260
29969460
73771
23128973
11968534
91330
94550
122781
103400
206601
220841
109321
124750
15150611
14250156
94841
97021
121851
116530
99791
95381
124341
110850
15019110
87460
14339057
2425453
15090640
14921170
92331
84790
77600
108970
562993
1925460
294911
15037990
14519718
82900
73930
78320
14559728
2510214
75721
15085200
2281943
83380
79320
73901
93501
88530
651543
77270
303522
87081
80491
81140
96501
81881
77031
75111
104231
86020
78930
76920
510812
83571
2664394
2495013
102490
106961
105581
97101
122250
101761
15782464
100620
157511
121381
119511
93341
15071040
17772065
10213634
90201
15061431
17801835
10270684
2670014
2690694
10307625
2677114
2679915
10353615
15052830
14939850
91911
10377805
15071030
14280606
89291
10432075
76370
2729204
10602557
2808925
2759684
10531746
75301
75021
15562813
10556796
70440
882234
103251
10630726
15092790
29964550
14934430
15077220
18220537
14889509
14230136
10742107
891824
916174
15784764
25805747
14993910
14978390
10833198
81580
78010
90210
90591
82201
128931
10949898
90930
96810
16002726
10973548
976005
15080250
16027756
11113029
120191
1032356
118221
95521
89741
11170399
2931665
92910
11217330
92651
91181
95381
16253686
11277600
163990
1013396
118120
97081
74741
11325080
15050530
14985520
16335147
14344486
77351
3078277
16429347
12557847
1057465
1030945
116420
11496451
73930
994295
16545958
12473777
987135
3145737
103690
11608792
78880
1006786
95070
11657622
3269167
3321277
95460
11713873
1016406
3169877
99930
11773113
1032286
1036566
109440
7843992
3360108
77221
3185737
11968304
15110571
14965949
16914190
15131421
15105631
14979700
17047131
27048054
29911169
109751
18153576
12115165
118221
3260487
266791
12155535
91810
92631
17340142
12201555
96650
96800
116281
12261746
3308978
3292788
474603
12292656
180831
80991
12299665
76441
69381
86241
145041
2996606
10591496
1812190
107560
12505236
74611
1204207
107341
13646822
3424838
3470378
902685
82900
15079061
12607117
81921
75291
95311
12702037
71260
72930
17744105
27772717
14952309
3256698
17817155
27826648
14956110
14994660
17849005
93340
1208896
15052670
12851349
115391
93041
95580
97160
1306347
3326648
1301137
127350
15081820
18040466
110380
105051
94171
125171
13176370
15070901
239721
18174157
13238470
15091700
29916150
99130
94881
15100740
34940636
92560
13313941
77171
15041930
13300001
90180
83740
3414669
13415072
1326797
1361597
83010
102051
162851
116931
15045430
21894877
74710
83191
15083671
21971897
94870
89640
81210
18647580
13585202
91551
3527299
2147432
77420
15085310
23670536
76890
81671
1442678
142971
80990
1439588
207332
201551
82731
3545279
2369073
91340
105521
108201
96091
95721
15074741
28566622
95371
93060
2558383
104881
139281
118021
111720
14071855
6479145
15089610
22733181
11398850
100661
93930
2819065
106860
93640
118281
103741
104570
96800
10665397
226811
8642156
15104531
14351567
75760
75180
19456043
24393370
16420278
6552465
120420
3798410
3186047
14436577
75210
3776340
3220297
80701
199181
14526568
3793161
3793640
3315837
14611068
15091590
34939006
77641
14613818
76540
3818730
3448028
81280
77080
14720699
74081
3838021
3546019
14776469
80390
3888570
3614499
14885360
100501
3869781
3695230
100730
99900
9960283
95261
14954350
94950
96820
124811
3882251
134971
123201
115821
3844270
105961
15162401
10206434
90000
89080
96861
10280535
98711
96591
92680
10308885
76971
72511
88820
10496246
82560
75940
80881
10418096
82161
83240
4118652
10539666
15099671
21768876
13150640
10522036
4092471
79260
12890688
10544026
1860580
1870920
10584406
226051
86290
77730
15630493
10678587
73660
4000571
73411
10734267
4008211
4016711
77031
10778148
15052240
19951317
67330
10879898
73680
4073552
111681
10908568
4083082
4068032
91091
10966219
4092012
4089242
11052019
94970
7922602
103440
122121
284761
116961
125551
116971
100591
89460
11184940
92441
93261
4141612
11238180
4132922
94770
93401
125671
77050
71610
77871
11283020
4152282
4150162
78980
11402211
2100251
2085661
154001
285261
183941
94020
77661
11493632
74411
75721
80810
11551902
4203872
4203392
73240
11617851
77990
76940
72501
11627771
79441
76141
77040
11714852
71640
76601
79090
11777972
2188471
2173261
11811143
2191741
2183202
1083315
118271
4334003
2290302
116740
98720
92560
2276332
1232536
100211
4349743
95350
115680
127561
128181
2288622
1382067
124040
4375673
2371353
124890
4386283
4369123
12241495
102940
15047000
12280885
2321422
2286413
12299406
2309703
2283572
12349226
2308052
2308602
4376183
12423256
77831
135451
144511
113901
85361
12458146
79410
75130
12547417
75430
80830
12600457
76911
77160
77740
12669397
83330
73440
15035770
12696338
2373653
2405593
2034051
2380253
2391333
2102711
85250
82450
2423763
2152371
79180
77900
4377303
288982
105200
91711
18036946
13004729
121821
123871
13131410
120350
17392452
88821
2552344
465233
109410
2478273
2449353
2500384
2433023
2450403
101260
101420
2455543
694204
101680
2469593
743344
122240
13411701
76600
73920
85240
859354
84440
2466793
870705
85030
4283433
18645919
13526742
108671
4296383
81700
100451
88981
78301
2868245
76481
276982
7792052
15048660
19290063
10654827
80210
17996156
80780
15088090
28849864
29954080
79820
13899444
82501
1310887
83050
81280
13946225
15019180
74810
19014761
3366488
154511
15087800
14038705
120240
2539104
1637179
108511
2523814
3361148
103601
14243216
93741
14263906
102091
14299966
15111570
9991723
111811
14919300
9340559
2569554
1887500
106991
2086702
150551
123100
100691
7626271
19468304
14479677
86051
76391
3772670
2104731
85000
2670155
3853061
86071
14601278
104950
19670805
19101881
70121
4510164
80310
4034241
81890
4416204
4048702
2355142
77170
2668354
4134192
77320
4260353
76530
4549404
4372093
2704894
76511
19924586
14910349
74170
77720
14979800
10076363
14990360
79350
84130
78220
144131
15126881
29915399
92750
10168194
10196514
4420793
10215014
20118387
14966220
10276315
100481
94501
10319415
15115770
10337315
20118847
14973120
10384746
92161
4473854
10433635
15108661
25441225
17797244
85311
10499706
79160
4492014
79541
187491
85971
75610
76580
10600927
80861
85040
108981
10708167
93650
90661
78451
10728768
77961
78580
79190
10781668
77960
82270
81010
10840998
4538484
15106980
15280231
20107317
23512695
11732353
17385043
19923586
72320
10978338
15088730
29924280
10035753
20008127
29913319
90681
15070600
29990030
107641
19542254
88701
20125118
4677605
117450
106321
4564404
15105811
26337030
24393440
84281
4547814
11350650
15065460
14994200
25827708
84090
127641
20115847
14897180
124110
104631
88561
11527472
4739686
124411
15099440
11567222
73741
77181
11616292
79641
78860
4544514
14626178
168090
91781
4561444
11749592
159381
82331
82811
100260
81911
76250
15093970
26859633
19960616
4571465
76540
97640
80710
4502514
15079001
26927683
69681
4500504
15090110
27016874
24417870
71100
15106651
27148724
24359479
76521
4484864
15140681
3073497
100691
4504064
12238535
15060980
20010327
29934179
96311
15097910
19951946
3193977
384802
102871
88181
12408176
4679345
116830
103931
12466156
15011030
552943
15119890
16910700
3163627
4508154
15708174
3174846
3223247
4483044
15736564
3150157
3151467
738944
85270
3222577
97801
93660
4522905
80671
313882
129501
89581
12863628
15085660
29997650
34939216
77961
19326883
73980
16089816
76900
74550
13033309
80680
74470
16182456
4477224
101711
98810
98291
85550
4443863
99260
87121
78161
101401
98681
84171
102280
84250
81510
151211
99080
98390
13308381
91531
99251
124721
112721
106581
2808335
95501
13470022
3392978
109891
105431
99831
125660
108871
93341
130251
99300
1891050
102471
3401068
1960860
107070
102630
1995381
87040
2011351
84390
3394928
2087801
82080
75261
13839334
14581088
14964700
115490
100730
109640
90461
77591
109421
3382238
3400948
77381
15085461
29004964
90381
15105680
14096025
84871
3515979
15098921
14140265
75291
3576719
3413478
78991
14186585
73690
3380448
14281826
15060900
14270036
77240
75000
102750
142551
15111000
29466377
14937270
14369087
14443517
95221
4540085
14467597
100681
3419848
2878405
111551
27755668
101640
15088551
14660128
98961
95781
14701028
97790
84461
115841
264071
97480
3125267
3463989
19372183
15148081
18167407
99140
100251
146831
3218957
3364028
3343318
3323067
271212
8896958
101321
88611
5776050
10124904
3309377
3297507
15057710
10224954
83161
78150
4398383
98610
81960
77130
97661
81871
6947318
19259002
13597132
4387693
15046510
10382845
3299098
3298488
15029850
10451355
82670
15085160
30006380
34954766
104181
14884619
14923129
115830
109811
15104791
18741640
14477367
100180
4459774
15048370
10719377
99201
103041
4410224
170121
98290
92571
95511
10901808
102471
15016640
83820
10899908
4335773
100221
15039560
10960178
84160
80680
4358064
363952
116751
101210
98380
11172199
85130
4358463
11238970
4385233
4361074
11242540
78670
78310
78410
11272820
83640
10639537
127121
5832471
4329053
4343783
15045750
11393811
4316193
4324753
4318703
15304291
80691
78861
79601
102031
89510
76350
15080810
11593662
88311
15085600
29956120
73271
3962021
88701
4446844
983045
97251
4347043
1065025
110050
3964071
1148426
105280
3973292
1168456
110831
4455504
1212707
3990391
98740
107000
134451
105481
100000
88910
12045634
122581
108151
4042052
12028954
111450
4448013
4475293
16114196
77480
75770
80490
12153435
4015161
4632895
4516514
16302247
95620
80060
74630
12318106
92641
6076742
78190
16323457
81071
76371
75391
12374816
76430
72760
15070610
12466167
74101
15080511
27497266
14975240
19560524
14916929
83481
76811
4100792
1619989
236301
78760
83450
12697968
96141
96510
4155102
12692218
99471
4618205
4595835
12811719
95521
92151
2356613
89961
12869848
94570
93290
12909098
97131
90551
96751
2100531
104470
89710
92730
110550
133771
92830
125341
97770
80200
15061340
17738605
4641754
4632394
2738094
149660
4655305
2802385
128840
13225921
95001
84701
97140
82650
15049010
29971589
75920
75750
73600
72630
91590
82121
4745056
74011
13471041
70810
77550
72980
2704654
77791
73091
2754565
79441
15092490
13603712
70180
4765695
3340098
79580
4748975
152201
100861
87651
115481
106471
13430812
97631
93071
116791
110800
90440
99690
114170
103191
9587391
23127453
10582656
105940
95990
101370
113771
98771
101210
89250
13751163
126170
6493334
15056530
19645985
90831
4250662
98411
84910
15088841
34795215
4135822
3761340
798815
4024602
113660
3802920
4094291
108040
99711
15119501
9138468
232101
96970
82821
188251
95691
89581
82881
88461
98911
85120
74360
73060
99881
91831
82821
77491
101121
80170
77950
77280
94571
88631
78901
108191
4210183
100300
4750865
4222452
96170
15085760
14632338
94620
99071
15080521
14710999
101630
4727925
4672054
4361234
102891
277362
114260
107171
101681
113551
96581
4550794
102401
176121
99451
15041660
15776924
142111
81221
4360664
15843954
10843138
75460
81580
112770
81811
124991
143151
99601
88591
15991655
10977609
15088860
15119201
15722344
14837579
3838230
101590
95160
11142070
75081
3840581
11168469
77840
109300
79731
16236926
11206250
71350
70270
16291067
11298351
71201
4438444
717764
11365470
77600
76740
134541
3878751
3876201
273161
15098641
15002080
11529091
89931
4482504
969035
102300
4491444
11633422
103061
15099101
15019170
16713449
11806673
100030
21176652
15191711
11175649
100440
11836173
91351
94891
11858603
80240
71880
74331
105761
80141
3832771
732274
85781
77470
101021
12114044
3827540
15123651
20784961
14991180
3754630
3739780
1594849
3750930
3759810
1667249
3743050
15079451
20932132
15018980
3735650
4664625
12277326
3739679
4684435
1966060
3734710
3728490
17417753
27421856
29994170
19959106
76311
17161541
15055440
19536014
15027740
110201
98001
15030740
1296937
12612417
15068500
15029430
12644398
98551
95111
12714478
15131031
29891899
86261
3732450
15108640
14951210
17868635
16510838
15097250
29923479
130691
4592264
15090631
19529574
15429952
16613299
15097650
18571179
16384728
16636069
15108101
29972709
29992270
14970330
15025760
14974860
15068750
33574398
11285810
3586899
3606689
1785610
82331
15109871
28308210
28518252
11415060
4783665
4799476
3094967
82721
4653275
2997586
83510
15077201
19568684
10376636
4748946
4746535
13529842
79680
74140
3203637
80271
78601
4684865
3257737
8648906
78900
132561
117361
