49421
23830
22520
21690
21400
21970
21560
23050
21670
22160
22361
22390
21770
21920
22170
21791
56770
57530
57310
57150
57091
55310
56680
55640
56710
57551
56230
57090
56760
57160
58601
56570
59840
57910
56150
58321
56850
56780
54410
54840
59761
56510
56990
55830
55880
58891
56190
56970
56060
54670
56521
56040
56810
55640
55490
58151
56890
59270
57930
55410
75981
60520
55360
56150
55720
56331
58870
57830
55920
56630
57531
56560
57720
56260
56400
56721
58160
58060
55910
56580
56711
56870
57590
56540
55080
57491
56590
58910
56570
55430
56751
55571
58690
56130
55640
56630
55801
57040
56410
54250
55741
55781
57960
56740
56130
57440
55461
56060
57510
56090
56620
55751
56990
57950
55820
56860
55051
56920
59260
55800
56680
56280
57071
56530
57410
56450
55341
57171
56210
56710
56360
56210
56311
60160
57850
55520
57250
55271
55390
57750
56400
55760
56721
55040
58090
57630
56060
56681
56160
57760
57360
55260
57731
55411
57510
57510
56070
56300
59341
59550
56980
58650
69750
58811
57251
61690
58320
58190
59750
57811
60820
58880
57230
59040
57131
59570
58790
57790
58920
58421
60030
59590
57900
62270
62571
60211
59290
68510
62210
57830
59281
61090
58910
60180
58140
58291
60880
58980
58970
58620
58950
59331
61170
59430
58690
58840
58981
59140
62800
60960
58200
55651
57510
56380
55720
56930
56320
57781
57660
55230
56080
55960
58951
56300
55910
56890
56470
58340
56561
55140
58190
55150
57070
57111
57170
60480
57070
57160
57380
55831
55450
55670
55200
58250
55851
56581
55780
55000
57600
56020
55441
56510
55310
57550
56570
56311
56770
56060
58270
58600
57760
55581
55900
59520
57420
56510
56581
55171
56490
57450
58260
56300
55881
56790
58060
56430
55850
57490
57411
56950
58140
55870
55950
58071
59100
58360
57730
56400
57941
57471
58200
54980
57060
58090
55701
58291
55700
56420
56320
55540
58131
55991
55280
56460
55280
56851
56040
55000
56480
56290
58560
56901
56271
56410
55920
57610
57580
56851
57980
55970
55650
57600
55430
56331
55710
57590
58600
55830
56031
55881
56210
56740
57810
56810
60811
58740
56840
58260
57100
56000
56491
56481
55860
56660
56100
56571
56081
57830
57860
56380
56660
55571
56971
56870
55610
57420
55960
75731
65760
56890
59060
57520
56640
57651
56271
57320
55920
58010
57680
56221
56550
55990
55630
57990
56520
56211
57790
56030
59010
55300
56620
56281
55540
58200
57380
57240
58071
56351
57980
60320
56220
56750
55880
58741
56900
56490
55020
53870
55341
58041
56300
56680
55910
56450
57871
55801
54990
56520
56390
55730
58861
57230
56580
56060
58070
58280
56231
56650
55970
56870
56680
56860
54701
56980
54930
57310
56920
56870
57951
56131
58200
56190
55170
57810
55951
58731
57000
54610
56000
55520
59051
58430
55270
55640
55690
56140
56251
55271
56780
57070
56250
60170
56841
56291
55540
55900
59080
55730
57021
54631
55330
57950
56330
57370
56140
55291
57460
56320
57490
56210
56210
58101
57260
57300
55360
56100
57830
59231
56721
55430
55060
56220
58350
56971
55691
56760
58890
56560
58480
55231
55931
56450
56970
57460
56240
57471
56411
57290
57890
55950
55610
55640
55821
58800
56510
55700
56390
55230
59031
55440
54550
58010
54720
56480
56060
55081
57500
55760
57100
56570
56150
56031
55580
57250
57270
56810
56800
58111
56110
57380
56680
55610
56540
57831
58951
57400
58960
56880
57470
56750
56261
56600
57130
56140
57810
60470
59221
56781
56170
56190
57250
56850
55231
56191
55790
57300
58590
55900
57620
55791
57220
59490
56780
57410
55710
56721
55741
55570
57330
55870
57030
58630
56381
56960
55760
57290
57730
55470
59401
55701
56450
57560
55330
56290
57720
56151
59650
55920
56600
55740
55620
57561
55391
56080
56300
55550
58390
56580
56451
55511
54900
57700
55830
56840
55750
54671
56630
58700
57060
55300
55150
56481
58891
55990
55180
56390
56530
56780
57081
56111
55430
57670
57350
57050
55861
55791
57870
57620
57670
56140
56020
56381
55521
59260
57100
59240
56350
57250
56731
55510
54900
55760
55450
57820
57060
56451
57851
55970
56920
55880
55540
57141
55221
56720
56150
55860
56390
55470
56331
58651
54950
57120
56610
56790
58100
55781
56741
56680
58760
57780
58860
60290
58381
58851
59020
57830
58340
58970
58030
59041
58520
55990
56730
57320
55790
58770
57741
57691
56850
55880
58950
57260
55590
56841
55301
55090
57320
56660
56800
56930
55701
58401
56350
56360
55420
57110
57050
56771
56001
55700
56490
59120
57890
58290
56401
56300
58940
55760
57620
56420
55830
57551
56711
56480
57040
56740
56730
57210
58820
58901
57750
60060
58580
57810
59070
58340
58871
61540
70060
60350
55510
56570
57690
56641
56390
55670
56110
58680
57560
56821
55981
55720
57300
57860
57180
56190
56230
56481
58521
56870
55620
56090
56410
58960
56941
55971
56650
55460
58010
58020
55370
58161
55861
57570
57310
56710
57910
57030
57890
58351
56011
56820
57510
56810
56990
57290
56361
54951
57660
59650
56640
56770
55630
55371
58231
56431
56350
58170
57100
57860
57280
56211
56571
54620
56880
56900
56770
56730
56060
57011
56480
57680
56240
58070
58170
59420
56781
55861
56330
56060
57600
56650
55920
55620
56121
57480
57210
55940
57660
56940
58090
58491
57080
57690
57660
57290
57290
55820
57290
56751
56451
58470
57160
56530
57130
56550
59711
57181
56390
56520
57410
57690
55650
57190
56311
55780
58140
55660
56700
57560
54730
58020
57461
55770
59290
56040
56520
57950
55850
56951
55551
58850
60160
56900
56250
56210
57030
55591
56081
56320
55740
56180
57230
56160
56590
58321
55901
56790
58080
60640
57200
56930
55370
59061
57001
56100
55890
55910
57760
56700
55710
58191
56511
57560
56940
56100
56500
55800
56450
57361
54901
55580
57340
55950
58760
55750
56860
56211
55251
59180
56320
56350
55630
55120
59380
57721
55651
58360
55960
57440
55560
56020
56150
56791
58021
57251
58260
55640
55800
59260
56730
55841
56831
54731
56210
57830
57200
55760
55980
57040
59341
56870
57640
57340
56360
56150
57490
56221
60721
58830
57110
58620
56440
55620
58020
57290
57511
56431
57100
55440
55490
59400
56030
56510
57311
57431
59510
56750
56280
56180
55440
57670
57400
55871
58270
56680
57500
57250
55610
56800
56710
57821
55981
55560
57910
54490
56900
57750
55060
57250
56721
56480
59010
57460
56600
57290
57030
57060
57551
56591
55600
56080
57380
56420
56500
59410
56920
56051
56780
57390
56230
55550
55810
57560
56870
55710
56461
57270
59370
57800
56220
56610
56970
57220
57791
56791
55711
56060
56250
58220
57740
56360
56430
57151
57381
55570
56470
57030
56000
59090
56150
56731
55991
56031
59320
56520
56220
74790
61560
59620
58230
57131
58750
56490
59290
59190
57130
57590
56910
58411
58361
56181
58090
57050
57040
62310
57780
60260
56870
58111
59471
56870
57100
58730
58320
57280
58170
58120
57241
57421
59050
59120
58330
57310
58180
58980
57860
57181
56731
56490
56060
59340
58900
57000
57780
57431
59881
57671
56660
57530
56490
58390
58240
57000
56590
55951
59761
58511
56120
57420
56010
58320
58720
57020
57240
58371
56011
59480
56960
56430
56410
56490
59310
57051
59121
57601
56740
59510
57720
57620
57300
57700
58600
57220
57601
57230
56810
59200
56750
56560
56720
55460
57040
59361
56711
57780
55910
57420
61500
58020
56420
56510
57630
57731
57691
56730
59070
57740
57610
58970
57310
58430
57071
56401
58260
57250
58930
59530
57190
59130
58070
57260
59131
57431
60350
57770
57330
58120
56190
57570
58060
58581
58461
56231
58760
58470
56260
56760
55710
58820
57680
57851
57771
55831
56950
58490
55500
57540
57570
56940
59860
58181
56701
57361
56900
58650
58200
58620
56850
56990
58250
58171
57261
55741
56460
58620
58920
57310
58610
57530
55910
59710
58381
58621
59521
56410
59530
64150
61980
59080
56680
58090
60231
57071
57101
56180
57980
57870
56090
57620
56970
56630
58581
56931
58041
56880
55900
61180
59100
58320
56710
56550
59510
56790
56631
57121
55860
61180
57940
58310
67220
59630
59030
57730
57561
57911
60441
59830
56700
57590
57630
57040
58050
58960
57520
58361
56891
57591
59680
58240
56690
58190
59120
58020
58040
56050
57651
57971
57830
58040
57140
57620
58790
58510
58600
56520
57401
57211
55971
60380
59490
57210
57700
60150
60550
58210
55620
59560
57101
57441
57831
54460
55750
55820
56810
56900
55130
59410
55370
56921
58001
56690
56360
56750
56420
59900
57270
57820
56460
55140
59941
56801
59231
57880
56940
58120
57670
56940
56520
55630
58330
56391
56981
56791
56020
57980
57240
57670
57860
55910
57040
58860
57501
56410
56641
55971
59440
57590
58650
57190
56760
58310
57370
56100
56821
57341
58711
58001
58070
56920
57430
57730
57590
55420
57520
56390
55901
59651
56991
55911
56310
56010
59420
57420
55910
55910
55520
58170
56011
56321
56921
55660
58300
55760
55980
57260
55680
57000
55770
57230
57831
55761
56751
58680
56100
57290
55590
56340
59430
57660
57840
56610
57330
57891
56701
58570
59260
57890
57140
57120
57090
56670
56230
55440
56551
57601
56911
55520
55520
58290
56460
56770
56010
57100
57190
57050
56000
57201
55731
56931
57230
55860
57300
56530
57490
57900
55680
56730
55540
56761
57361
56081
56531
56170
57260
60020
56090
56460
57020
56920
59540
56730
57220
58051
55481
59031
56280
57210
57220
54570
57780
57310
56660
57890
56110
57810
58201
57441
56490
55640
56040
59200
56970
67210
62600
57400
60010
57840
55500
57261
56921
55851
58220
56300
55720
56840
56380
57540
56300
57110
56870
57051
56111
58121
57911
60340
57860
58690
55300
59570
57900
56110
57500
57300
56290
59181
56631
57171
56401
54720
56490
54840
58170
56890
56370
57670
55490
57630
56960
54141
57141
56231
56541
59160
57220
57690
56260
56480
57910
56670
55340
56810
56360
56541
57161
54361
56500
55020
57450
56740
56760
55990
56860
57360
57400
57570
57140
56121
55451
58511
57831
56010
57640
56420
59030
58130
55940
57200
55810
58370
58590
55850
57081
57231
56941
57620
59310
58260
57140
58910
60550
56540
108030
58360
58200
59860
56401
54301
60631
56981
60910
58260
57750
60070
58690
59820
59350
57630
59930
57590
57560
57901
56591
56751
55821
58460
57930
56780
56270
56800
59640
58160
56540
56830
56210
56350
58240
56191
57321
57401
57311
57260
57530
58170
58350
56140
58070
56340
56670
56380
56220
57270
55820
56681
56411
58661
55680
57860
55700
55870
55610
55430
58730
57570
56110
57770
55870
56860
58891
55761
56601
55661
58241
57930
56350
56650
54460
56930
56830
56850
58630
56650
56200
61400
58050
57651
60501
55621
59781
56120
56630
56760
56560
60600
58150
59490
58100
57900
61160
58370
59700
59731
56851
59741
59071
60281
60230
58660
59690
60870
59320
59410
60320
59360
60150
60380
57910
58281
61741
60521
56741
54461
55850
56340
56250
58020
56140
55600
56720
57160
60000
57480
56340
56280
55100
59040
56301
57651
56551
56491
60630
55820
55850
58290
55480
57820
57670
55900
57240
55630
57960
56530
55760
57221
56091
56961
59071
56191
57350
55570
56700
58540
57330
57150
55560
57300
57620
56170
57300
56210
56800
57491
57751
56711
56441
56361
56190
56470
56960
55810
56450
60030
59620
57750
56330
56160
55520
57820
57500
56680
55690
55241
57421
56181
56721
56381
54640
56800
58550
56510
56240
55270
56760
56600
56550
56500
56940
57200
57410
55470
67871
61211
55851
58531
55820
56860
55380
55190
59100
56290
56260
56240
55380
58540
56660
56310
56490
56090
58480
57191
56691
58571
57881
57661
55151
55781
56850
56490
57870
58930
56600
55860
55590
55180
57970
58620
56090
55500
56030
55950
57310
56171
55881
55501
57601
56721
56381
56750
56380
56510
57350
55880
56480
56670
55510
59220
57270
55440
56420
55460
58070
56021
54590
56051
55021
55941
56441
55431
56581
55210
56020
56290
57280
58290
56670
58470
56630
56710
57190
55920
55420
60370
56210
57900
56841
55370
59981
56071
55741
56071
55721
58590
56820
55840
55440
55100
56490
56860
56500
56930
56280
56710
56620
56870
56740
55830
56550
58511
58571
56451
55341
55811
59011
56801
54771
55710
55370
56270
56840
55160
55970
56530
58370
57030
55280
58160
57460
57320
57390
56140
55430
56120
55070
57411
57071
57611
56131
55431
59491
56551
55460
55840
55090
57450
56110
55220
56180
57180
57760
56380
55880
56870
55580
56180
55250
55610
55940
55220
56411
57721
55851
55381
55271
56361
57951
55100
56360
55750
56060
57470
56380
56270
58590
58470
57430
56320
59170
56700
56840
56520
55890
57240
57490
55280
55250
57880
56770
56681
55941
54261
56821
56251
55421
56240
55630
57190
58320
56380
58770
56570
