114350 
42090 
42570 
40120 
38870 
38910 
38170 
36460 
40290 
38300 
39460 
38690 
37010 
38560 
37720 
38840 
38350 
37660 
36840 
35140 
38660 
36530 
36290 
36100 
36010 
38180 
36480 
37180 
39030 
36910 
39260 
39630 
37710 
38790 
39890 
37510 
38440 
39180 
37610 
36250 
35040 
39250 
37690 
37160 
35910 
36780 
38210 
37510 
36220 
37200 
35970 
38890 
38170 
37590 
38160 
35730 
39110 
36770 
39650 
36780 
36820 
40470 
41460 
37620 
36950 
37250 
35580 
37930 
38020 
35760 
36020 
37580 
37570 
37660 
35750 
36660 
37720 
39460 
38630 
39310 
37660 
37360 
38730 
40210 
38790 
36950 
39760 
37220 
38400 
35910 
36820 
36680 
37090 
39850 
36080 
37170 
36400 
35050 
39520 
35670 
35950 
37420 
36010 
38810 
37310 
36010 
35770 
36800 
37510 
41340 
35830 
37630 
35330 
36450 
39910 
36860 
37070 
35770 
37840 
38900 
37930 
37860 
36210 
36980 
38980 
37200 
36500 
37880 
38000 
39110 
37570 
36250 
35800 
36980 
41050 
39490 
39300 
38210 
36390 
37390 
38200 
38130 
37200 
38320 
36280 
38480 
37600 
37800 
39500 
36870 
38700 
38080 
36100 
37530 
35460 
38690 
38210 
37120 
37380 
39180 
42720 
37820 
41750 
38500 
37390 
35390 
39900 
36220 
38230 
36620 
37860 
39900 
37650 
39560 
36500 
36550 
38030 
38280 
36400 
40550 
37100 
37360 
37830 
37240 
39770 
45910 
39580 
38350 
47760 
40100 
35520 
36740 
38050 
35940 
37950 
36480 
37870 
39790 
38070 
35190 
36330 
36720 
38420 
39280 
36050 
36240 
36140 
37890 
37180 
52900 
40520 
36100 
36180 
37700 
36500 
36690 
35940 
36600 
38800 
36820 
37310 
36740 
36610 
40210 
37200 
37040 
36640 
37450 
39390 
37220 
36440 
36710 
35240 
38750 
38300 
37960 
44090 
37670 
37370 
37750 
36980 
36840 
36830 
36160 
39080 
37040 
36420 
36520 
37580 
39590 
35420 
36700 
36090 
36220 
40310 
36000 
36780 
36840 
35840 
38880 
39250 
36510 
36650 
37520 
40940 
39130 
36290 
37850 
37100 
37710 
39180 
38010 
36650 
36460 
37670 
40410 
37190 
37030 
38680 
39540 
38030 
37580 
36960 
36780 
38660 
39840 
39210 
37630 
36490 
37310 
37090 
38570 
37380 
38270 
36990 
36720 
38340 
37920 
36940 
37630 
36700 
39610 
36530 
37000 
37390 
36030 
38720 
37110 
36410 
37190 
37110 
39100 
37480 
36790 
36640 
37680 
38180 
37690 
36870 
37680 
37300 
36890 
40010 
37120 
36140 
36510 
36880 
39390 
36890 
37020 
36220 
35500 
38910 
35770 
38270 
39220 
41930 
38010 
38270 
37200 
36950 
37670 
37580 
36070 
37660 
37720 
35730 
36550 
42090 
38800 
36250 
36800 
37040 
37480 
35550 
36180 
36660 
35610 
62720 
42640 
37390 
38550 
36180 
38090 
38320 
39690 
37640 
36980 
39180 
37500 
37430 
36800 
37290 
36700 
39100 
35840 
37380 
37460 
36660 
38980 
38860 
36930 
37410 
37090 
38460 
37400 
39440 
37050 
36750 
37620 
39590 
37250 
36220 
36480 
37880 
38310 
37050 
37450 
36410 
35950 
37800 
37580 
36220 
35920 
35830 
38390 
35820 
36770 
36880 
36940 
38490 
39090 
36760 
36780 
36750 
38040 
37470 
35670 
36630 
35560 
36970 
36500 
36750 
37560 
35200 
36930 
41250 
37630 
41820 
36240 
36480 
38950 
35010 
34800 
38500 
36080 
40830 
37080 
39020 
38930 
37360 
38840 
37640 
35210 
37400 
36050 
37230 
37090 
35620 
37440 
38830 
38050 
39270 
36590 
37160 
35910 
35860 
37590 
35670 
37200 
36620 
37430 
38310 
39380 
36350 
37980 
38940 
39220 
35980 
37780 
37950 
35970 
39890 
39060 
36910 
40920 
38380 
38330 
39190 
37250 
38450 
35710 
36180 
39360 
38170 
36840 
39820 
37790 
38500 
37590 
35990 
36730 
38380 
37680 
36860 
37970 
36620 
39290 
40130 
38300 
36740 
36690 
39580 
36410 
40580 
36850 
37940 
37200 
40160 
38760 
36580 
35700 
39370 
40490 
40400 
37900 
36090 
36520 
38650 
41040 
37340 
37690 
38280 
38970 
40830 
39230 
40660 
37720 
37730 
39960 
43720 
38390 
37260 
36260 
41070 
43510 
37640 
40480 
37890 
37260 
40910 
37100 
35540 
37430 
36730 
40770 
42640 
38510 
36280 
36980 
38070 
39250 
36350 
37110 
37760 
36290 
42760 
38160 
36190 
37670 
36380 
40260 
37870 
37630 
37940 
36840 
38890 
40270 
35700 
37320 
35730 
39070 
38940 
37250 
37790 
35710 
38090 
37600 
36040 
40200 
39010 
37400 
40170 
35890 
36470 
38440 
35170 
40330 
37140 
37880 
37160 
35870 
38250 
36840 
36230 
36980 
35720 
38630 
37880 
37630 
36850 
35390 
37180 
36690 
37200 
35800 
35870 
36810 
37660 
36880 
35830 
37440 
37250 
38250 
35660 
35260 
35270 
36600 
39190 
36710 
34980 
36620 
37740 
37950 
38160 
35970 
40730 
37950 
38560 
37520 
36370 
36130 
35900 
37340 
39020 
36470 
38580 
37950 
38730 
39300 
36760 
36470 
37730 
35680 
37990 
36060 
37130 
37460 
35710 
36520 
35900 
35520 
37350 
37740 
38020 
37880 
36280 
36300 
36620 
36310 
38370 
37650 
36380 
38520 
36130 
39140 
36000 
38660 
39940 
36990 
39880 
35610 
37930 
37110 
37130 
37970 
38490 
35540 
37070 
37790 
39990 
38570 
36040 
38130 
38330 
36640 
37980 
37180 
37670 
36610 
36660 
38530 
36910 
36790 
36660 
36520 
41050 
37340 
37210 
36580 
36680 
38180 
38370 
35100 
36860 
37390 
38430 
38880 
35980 
36980 
37310 
36680 
39130 
38620 
38740 
38940 
36560 
39760 
36340 
37770 
36960 
36060 
40060 
38030 
37040 
36570 
38620 
38430 
41550 
38520 
37140 
36890 
38880 
36610 
37090 
38980 
36160 
36910 
38500 
39060 
37200 
39720 
37520 
39940 
37140 
36950 
36660 
37800 
41340 
38120 
35520 
36600 
36920 
38960 
40140 
37470 
37370 
37750 
37910 
39620 
37200 
37920 
37520 
36260 
40670 
37540 
37940 
36420 
36990 
42650 
37760 
36130 
38560 
36220 
39870 
38310 
36910 
38580 
36160 
38280 
38270 
39870 
38600 
38780 
39160 
36380 
37800 
36370 
36820 
38070 
40000 
36470 
36720 
36830 
36940 
39460 
37160 
36930 
37640 
38380 
39830 
36050 
37480 
37910 
40010 
40030 
38730 
36220 
38970 
36500 
38980 
37190 
38540 
35880 
38180 
37040 
39010 
37390 
36230 
36760 
37150 
38550 
37650 
36770 
37980 
36640 
38500 
37110 
37670 
37640 
36460 
38720 
36210 
36290 
39100 
36530 
37930 
37570 
37190 
37830 
38000 
34990 
40030 
36460 
36590 
36980 
36370 
38080 
35950 
37550 
38080 
36940 
38700 
37080 
36400 
37290 
36320 
37410 
38240 
38570 
36810 
35560 
37650 
37240 
37050 
39650 
36410 
35970 
38410 
36860 
38270 
37340 
38200 
38190 
38150 
37490 
38020 
37840 
37590 
37400 
35650 
38240 
38690 
38000 
37690 
36810 
39870 
39130 
41880 
41990 
39920 
36160 
37040 
36050 
37350 
35660 
37000 
37830 
36160 
39150 
37700 
35810 
42330 
39090 
39040 
37250 
39170 
37760 
36200 
37720 
37100 
37960 
36490 
40350 
39030 
38730 
37110 
36940 
36400 
37280 
39270 
37980 
38130 
37040 
38200 
38640 
41040 
36200 
38260 
36750 
39660 
36380 
35930 
35680 
37030 
38540 
36760 
37620 
36520 
37220 
40780 
38690 
37910 
36770 
35850 
36990 
38790 
38030 
35790 
37080 
37240 
39260 
36390 
40130 
38330 
37390 
39080 
36810 
37010 
49680 
39160 
37550 
36060 
36380 
35630 
38000 
39390 
37690 
36960 
37610 
36460 
39220 
41840 
37480 
37230 
38050 
41740 
40720 
36110 
36730 
38580 
40140 
41790 
36910 
36380 
39330 
36930 
38320 
37080 
37270 
38120 
38190 
37630 
37470 
36720 
37540 
37690 
36690 
39930 
36350 
37940 
35900 
39200 
40100 
36700 
37200 
37220 
37320 
39020 
36270 
37430 
36680 
35780 
38820 
38000 
37280 
39260 
37120 
38860 
38880 
37440 
36510 
36190 
35390 
38010 
36900 
36960 
37360 
39700 
39460 
37460 
36850 
36810 
35410 
38880 
37210 
39970 
38140 
38600 
37520 
38360 
38720 
36500 
35950 
38190 
38280 
36810 
38000 
37640 
37110 
38580 
38100 
37060 
37650 
35930 
40620 
38870 
36460 
54360 
40650 
39980 
36960 
36550 
36650 
36020 
38700 
38520 
37210 
36930 
36400 
38360 
36980 
40640 
38420 
36820 
37570 
44540 
37140 
37200 
36110 
37680 
41820 
38360 
37080 
38250 
36360 
39270 
35850 
37350 
36820 
37440 
39090 
38290 
36080 
36520 
37930 
40260 
39330 
36650 
37060 
37290 
37900 
39290 
36560 
36690 
38500 
40850 
40910 
36250 
35580 
36620 
36530 
39720 
36270 
36830 
36750 
38320 
38270 
37690 
36720 
36980 
36610 
38550 
37990 
37660 
37170 
37950 
37110 
38420 
35510 
36260 
36210 
36750 
38900 
36700 
39410 
37720 
37770 
38980 
38890 
37610 
37370 
39710 
37890 
38170 
37590 
36930 
36350 
39350 
36890 
36740 
36710 
36400 
36070 
40930 
37470 
36040 
35700 
38650 
41500 
38610 
37440 
37110 
37560 
39360 
37940 
36080 
37590 
36810 
38060 
38180 
35580 
36860 
40760 
38700 
36560 
37420 
38270 
37500 
35760 
39630 
35230 
40150 
38630 
36280 
40010 
37830 
37300 
37470 
36610 
40480 
37860 
38380 
36600 
37480 
40170 
37670 
36580 
37950 
36270 
38840 
36870 
37390 
36790 
35860 
36220 
38530 
36630 
37880 
38310 
37230 
39400 
36820 
36180 
37260 
37640 
38010 
36280 
37360 
37150 
37930 
38530 
37090 
38730 
37570 
36630 
38290 
37980 
37620 
37710 
37480 
36780 
39580 
36840 
39550 
36030 
35780 
39060 
46440 
40290 
38630 
38370 
39350 
38350 
35410 
37740 
37230 
38510 
38940 
35740 
39370 
36480 
37370 
38400 
36130 
37500 
36330 
36660 
38360 
38290 
37700 
36950 
40180 
40280 
37490 
37900 
37430 
36390 
41200 
38470 
36110 
52160 
37910 
39250 
40850 
38340 
37990 
43410 
40290 
38020 
36850 
37450 
39830 
41240 
39250 
39580 
38400 
38140 
37190 
39150 
37200 
35680 
37090 
38220 
39100 
37320 
35840 
36700 
38650 
39610 
37160 
36720 
36570 
36970 
38570 
37710 
37580 
37340 
37350 
36110 
42070 
39220 
38540 
37070 
46480 
42010 
36210 
35980 
38660 
35700 
39140 
36410 
36500 
39360 
38470 
37320 
37920 
37250 
39260 
36690 
37710 
36690 
37170 
36720 
38320 
37060 
39690 
37080 
36310 
37160 
35660 
38240 
35710 
37270 
37120 
36040 
39870 
36290 
36370 
35950 
36500 
38380 
38580 
37670 
37400 
36640 
39250 
37410 
36080 
38280 
35110 
37370 
37990 
37630 
38050 
35820 
36910 
39810 
38680 
37970 
37380 
36250 
40490 
40090 
36300 
39790 
36670 
38970 
38450 
38920 
37490 
36150 
41060 
38190 
36330 
39210 
37370 
37190 
40150 
36840 
37150 
37520 
36380 
39250 
39230 
36310 
37980 
37310 
39710 
36820 
36490 
38260 
36550 
37940 
37360 
35300 
37720 
36470 
37240 
36320 
35470 
38220 
35580 
36260 
39100 
36910 
36670 
35840 
36590 
40440 
35850 
37080 
36240 
36880 
38490 
36970 
38000 
38230 
38580 
37930 
37360 
36640 
35970 
36700 
37170 
36870 
40130 
37530 
37360 
36800 
39150 
37870 
37100 
35340 
37920 
38450 
38820 
36280 
37220 
35790 
38350 
37230 
36840 
39050 
37200 
38510 
38640 
35140 
37670 
37770 
37780 
36510 
37260 
38050 
36610 
38640 
39610 
35570 
36910 
37570 
36910 
39460 
37230 
36920 
37800 
36800 
42470 
38280 
39020 
37820 
37440 
38240 
39810 
37980 
39340 
35310 
38770 
38980 
36730 
38480 
36520 
36270 
38570 
36690 
53860 
40710 
37440 
41630 
38340 
37440 
36800 
36480 
41860 
37750 
37130 
37710 
36040 
38210 
40070 
36160 
36630 
36350 
37590 
39970 
36410 
36860 
38310 
36510 
41980 
40880 
38670 
38530 
36300 
42450 
40240 
37370 
37690 
37140 
38890 
40500 
38470 
37620 
35240 
40450 
39810 
41480 
38700 
35770 
39210 
37130 
38710 
37930 
36320 
37950 
40030 
42750 
38900 
35910 
37320 
38890 
36270 
38640 
36770 
37730 
39920 
36640 
38690 
37870 
37480 
38790 
37430 
36160 
36280 
36170 
38510 
37390 
37270 
37260 
36850 
36880 
40670 
37130 
37860 
37140 
36940 
39490 
36120 
38750 
37600 
35910 
39200 
37640 
35270 
40210 
38490 
39040 
41540 
35710 
38450 
35670 
38670 
39260 
36800 
38510 
40230 
38040 
40670 
37860 
40180 
35930 
37100 
39460 
36670 
36220 
37030 
35970 
38680 
36880 
35960 
37100 
37620 
41160 
37910 
35690 
37540 
36240 
37470 
37310 
36850 
38300 
38350 
37960 
38310 
39510 
40950 
38240 
36350 
39530 
37100 
36920 
36640 
37250 
40510 
36520 
39080 
38290 
37570 
37990 
36100 
35720 
35690 
36890 
36890 
37730 
36470 
38190 
38540 
37440 
38110 
37770 
36160 
37210 
35680 
40230 
37490 
37090 
39040 
37930 
39480 
37390 
35730 
37240 
36790 
37980 
37370 
35920 
38360 
37100 
38500 
38690 
38670 
38470 
36560 
36310 
43410 
37130 
38480 
42760 
39100 
40210 
38030 
36120 
35850 
38690 
39460 
38510 
39170 
37280 
36320 
38990 
37850 
37140 
37170 
36860 
38170 
36960 
37290 
36340 
36280 
35530 
38440 
36650 
37250 
38210 
36950 
37890 
37870 
35870 
36570 
52260 
44410 
36100 
35820 
36430 
36980 
37930 
37310 
36660 
37700 
36360 
37760 
39860 
36630 
36760 
36160 
35850 
38780 
36930 
38300 
37190 
37210 
39200 
35620 
37060 
38530 
37510 
40220 
36900 
37190 
37800 
36420 
38400 
37610 
36670 
36790 
36260 
38710 
38820 
38560 
36310 
35530 
36240 
39920 
38050 
37280 
35960 
37570 
39640 
37230 
36590 
37430 
35700 
38490 
36640 
37250 
36180 
37230 
39000 
37240 
36590 
37190 
36650 
39830 
40010 
40290 
37820 
36890 
36340 
39660 
41340 
36840 
37980 
36850 
41530 
37610 
39660 
36920 
36480 
40270 
36580 
36670 
37000 
35650 
39670 
38650 
36060 
36980 
38310 
37860 
38820 
35960 
52910 
38980 
35340 
40090 
37080 
36790 
36330 
34750 
39480 
35910 
35720 
36820 
36310 
38500 
37490 
37410 
36290 
35410 
37780 
38500 
36340 
38540 
38520 
38020 
37710 
36210 
38520 
36440 
35820 
40630 
36490 
36830 
35790 
37660 
39330 
40130 
36640 
36310 
37400 
38830 
37940 
36940 
36960 
39880 
37790 
37490 
36830 
37710 
36920 
37880 
39330 
36810 
35150 
36160 
36140 
39060 
39180 
36970 
37010 
36050 
39440 
36200 
36740 
39710 
37760 
39790 
37020 
36970 
37410 
36210 
38650 
39830 
39230 
39840 
37360 
39900 
38590 
39580 
37580 
40110 
35980 
39810 
39850 
39560 
38010 
35070 
39580 
40830 
36350 
37240 
35170 
39840 
36370 
36620 
37230 
36450 
37740 
37580 
37190 
40070 
36230 
38750 
36980 
37740 
37850 
38010 
37740 
39590 
37880 
37390 
35450 
36180 
41670 
37840 
36150 
36240 
37060 
38650 
36690 
38710 
36700 
37790 
40020 
37450 
37330 
42660 
37960 
38910 
37880 
36390 
36030 
37020 
36400 
38610 
38960 
36530 
36920 
37090 
39950 
36370 
36930 
37790 
36280 
40110 
36510 
35830 
35820 
36910 
37570 
37160 
38060 
37410 
35760 
36230 
36290 
36090 
37320 
36770 
37520 
39110 
36490 
36630 
35990 
37190 
39610 
36890 
36870 
36730 
36040 
38620 
39030 
36850 
37880 
38030 
38640 
37980 
39170 
37160 
36650 
38010 
40770 
37920 
38330 
38390 
37450 
38680 
37480 
37330 
37250 
35590 
39360 
36950 
37380 
36880 
37220 
39460 
37270 
37400 
38890 
