68050 
1131580 
78260 
78510 
78270 
75210 
75450 
70860 
70610 
72430 
75100 
75590 
73670 
69780 
1615020 
76200 
74840 
35040 
71200 
66560 
34520 
40350 
60460 
52190 
25720 
52910 
30280 
57150 
26020 
30610 
59570 
1115260 
49650 
42410 
74650 
1068140 
59950 
26190 
50770 
26160 
53280 
22780 
56400 
25050 
27740 
50490 
52990 
26690 
26740 
24720 
56950 
27030 
26910 
54620 
51310 
51410 
50310 
30230 
62540 
29850 
28620 
67320 
57290 
29020 
43840 
36810 
68660 
37720 
34790 
73020 
67820 
30820 
68550 
100550 
38220 
32870 
32980 
65170 
37820 
36150 
35040 
68360 
68320 
31960 
42390 
69440 
33180 
68740 
35450 
36770 
36790 
70070 
52430 
27680 
53940 
51430 
53080 
26690 
56650 
51300 
55390 
50450 
45990 
44050 
73790 
64340 
23680 
26300 
54870 
23580 
35920 
1609590 
52410 
50870 
23420 
54220 
46040 
51160 
22800 
31050 
58340 
24010 
26860 
26010 
27800 
26260 
28910 
25240 
1090190 
28680 
45880 
55890 
50300 
52000 
60990 
70970 
68720 
32900 
35390 
34490 
73140 
38300 
35140 
73130 
69730 
35390 
36620 
35160 
70210 
31420 
36250 
36920 
37470 
39010 
38360 
69600 
100060 
34460 
69310 
35210 
39840 
47410 
56020 
50210 
25540 
26380 
62480 
50700 
27200 
27320 
28150 
119400 
50190 
36310 
34480 
29290 
30040 
24990 
27720 
29430 
28760 
25690 
27830 
56980 
26630 
51410 
34420 
31550 
32640 
29870 
52320 
51700 
23070 
53170 
51580 
50550 
23800 
26640 
59930 
28870 
25540 
29140 
56960 
41440 
41670 
35080 
38040 
1117130 
37780 
37480 
33950 
1085720 
35880 
72940 
121350 
36070 
36660 
34810 
35440 
38390 
36960 
65420 
35080 
35420 
40270 
38550 
81670 
34690 
37710 
78200 
39280 
28000 
27900 
57570 
51800 
26630 
51280 
53330 
29100 
26890 
53770 
86870 
84550 
32910 
34580 
56210 
53710 
26420 
27580 
52390 
25400 
1609960 
24700 
47390 
28830 
27700 
54460 
48530 
49570 
49330 
49440 
24160 
49500 
48640 
50030 
48840 
29290 
25320 
27210 
57550 
51200 
27310 
54460 
75070 
66270 
34700 
70770 
68170 
66280 
33040 
71960 
32960 
36030 
97390 
33840 
36800 
38180 
38030 
35730 
35390 
1622930 
32540 
100890 
33060 
66310 
36600 
71050 
33010 
36530 
39910 
55970 
28470 
28860 
56680 
52310 
28790 
30410 
57030 
29860 
26600 
86680 
82980 
42490 
36720 
30440 
28860 
1068290 
27520 
29340 
25100 
27860 
25900 
26170 
51420 
27530 
27360 
27120 
54320 
26360 
55840 
25330 
55490 
26980 
51910 
51710 
33840 
33590 
30540 
30110 
27580 
26610 
54010 
77930 
36420 
36720 
70460 
68560 
67990 
33810 
68240 
66280 
71610 
32460 
36590 
70980 
34260 
36290 
35350 
74490 
34700 
37020 
68300 
66540 
35090 
36350 
37070 
66200 
34100 
35870 
77840 
30890 
43550 
28050 
58300 
24580 
30320 
26500 
59350 
52970 
25930 
88590 
42680 
72510 
33960 
59240 
29010 
26660 
27200 
28000 
26400 
27680 
1121260 
29250 
54020 
26580 
55070 
39710 
30850 
29000 
29080 
26220 
27180 
27740 
26510 
27500 
55830 
30810 
30120 
29750 
54040 
46670 
58710 
80660 
69960 
36590 
37160 
70900 
33060 
33440 
72890 
31400 
68280 
34160 
37230 
70000 
31950 
34130 
69510 
31500 
33990 
1131350 
41740 
77350 
35170 
35180 
68730 
67090 
31290 
72620 
51540 
50830 
23130 
35620 
67570 
53510 
29840 
26490 
29710 
56660 
1600950 
47420 
80620 
35860 
27240 
29220 
57290 
24690 
26450 
53450 
50840 
49040 
21110 
51660 
21210 
27770 
28910 
26610 
52120 
27080 
28580 
53480 
53260 
26180 
56780 
54580 
26590 
29110 
1513430 
1108730 
51460 
24730 
37330 
73630 
72540 
36690 
72290 
63590 
33180 
36850 
69980 
36140 
65830 
37310 
35940 
73580 
66510 
34320 
37520 
33850 
37890 
35740 
35770 
39000 
37900 
34920 
37890 
33880 
39130 
40760 
30740 
55610 
25630 
53490 
50860 
53110 
21740 
74200 
27440 
99800 
47750 
45590 
89950 
31070 
28240 
61600 
24950 
24910 
26580 
26980 
26370 
50830 
25030 
29060 
24950 
26900 
29100 
26150 
27280 
26960 
27650 
26110 
25880 
27810 
28830 
27770 
28290 
55070 
29740 
27630 
26830 
27260 
104490 
39020 
35460 
67770 
69810 
37380 
40350 
35540 
64640 
34950 
36160 
38250 
65500 
37910 
37660 
40810 
67840 
37850 
35040 
39280 
34330 
59010 
38180 
71620 
64010 
32480 
37870 
55440 
27410 
26140 
27530 
29020 
29380 
26050 
80000 
28290 
53990 
29270 
94020 
76800 
36640 
30920 
28250 
27800 
26860 
26640 
27530 
51270 
27890 
25500 
27520 
25860 
28380 
29280 
25510 
51950 
26620 
27330 
29050 
25440 
25990 
27170 
29290 
25450 
29120 
27450 
27360 
28920 
30060 
34960 
39240 
1128130 
71570 
67910 
39260 
73100 
68800 
30960 
65970 
70760 
32530 
70120 
94390 
67000 
71770 
62350 
62520 
63080 
35490 
70480 
73480 
88090 
68060 
67510 
68450 
36840 
38570 
29690 
1066540 
27850 
59910 
27490 
30320 
28560 
30630 
29960 
27600 
48040 
43730 
34480 
33680 
30010 
26110 
53840 
25400 
27510 
53280 
47980 
21100 
64660 
25280 
52140 
25570 
27270 
51930 
25510 
25180 
52270 
25440 
49870 
22920 
27090 
27890 
56160 
26050 
28670 
29330 
25560 
32110 
78720 
68320 
36350 
35140 
69360 
35920 
35130 
34070 
78830 
72690 
34340 
33640 
71820 
57820 
37410 
39220 
36520 
67950 
37290 
39760 
72190 
69370 
30450 
66780 
71570 
37210 
34710 
62270 
49890 
53710 
27610 
30590 
29830 
56510 
27910 
54840 
52000 
27270 
1681650 
80620 
61170 
26820 
26490 
26040 
56220 
24950 
53270 
48760 
49200 
24850 
52380 
58340 
51260 
21840 
26560 
53510 
44640 
24770 
29290 
50930 
50660 
26200 
51730 
51470 
31040 
27030 
54970 
51880 
54270 
26050 
43280 
72840 
64450 
35960 
103350 
34580 
73640 
30550 
34000 
38670 
39290 
37130 
35140 
39560 
36300 
36740 
37120 
36250 
36910 
37590 
31600 
36260 
35830 
32690 
1093790 
35110 
40730 
29860 
25080 
26530 
28070 
26940 
25310 
26360 
30810 
63540 
26240 
49690 
45910 
36390 
36550 
28800 
27970 
25800 
26670 
28840 
28880 
28190 
68860 
51360 
59710 
54330 
29560 
50010 
28950 
1059140 
27850 
73960 
26230 
25560 
27170 
51640 
25790 
52760 
53780 
27890 
57500 
26060 
28650 
109650 
36140 
35670 
36400 
72150 
32790 
69910 
70670 
31160 
69340 
35430 
37920 
72330 
39500 
70420 
66520 
1117070 
68210 
35400 
35920 
34500 
70750 
29680 
35850 
36380 
38210 
66370 
69580 
49910 
53010 
24090 
27750 
28130 
29870 
27070 
28040 
58600 
24250 
49050 
45350 
71900 
59080 
24690 
22400 
58830 
57640 
25670 
27720 
52020 
51010 
25030 
53640 
27660 
51150 
50840 
26170 
25950 
29090 
26380 
51990 
25900 
27790 
47160 
29020 
30470 
27000 
26180 
29940 
27110 
29030 
42000 
35510 
38100 
35650 
35210 
37680 
36530 
39590 
32010 
38030 
67230 
34550 
1082660 
36080 
58360 
34880 
36320 
35340 
32520 
64360 
35370 
35330 
70190 
64640 
63320 
65780 
38540 
31130 
49450 
47940 
1126230 
51820 
78020 
53110 
1093670 
53470 
27550 
41540 
88680 
66890 
66820 
30740 
54910 
28310 
27870 
28510 
28200 
26830 
27720 
52190 
25980 
24300 
27680 
25180 
23760 
27190 
27310 
56570 
49670 
26730 
28620 
25620 
29900 
27940 
34250 
70450 
27180 
28400 
28520 
43760 
66460 
35450 
70510 
38500 
34610 
36970 
34550 
67190 
35910 
67460 
36000 
40730 
36300 
73170 
35620 
37960 
72610 
66290 
66870 
35650 
35960 
72560 
63890 
56760 
36310 
73710 
35690 
28850 
27720 
62590 
52790 
29520 
54340 
53340 
53450 
30970 
56940 
51540 
40570 
37110 
65100 
54920 
29320 
30080 
56100 
30080 
26620 
1070110 
50270 
27390 
52020 
50780 
48230 
51020 
50790 
26510 
52830 
26810 
49050 
48830 
1093830 
31350 
24200 
28500 
51860 
54040 
58500 
31470 
57230 
43730 
34890 
35460 
39700 
66310 
36630 
34600 
74280 
67750 
35850 
72680 
37480 
72510 
35460 
74060 
66640 
65330 
35370 
38350 
73350 
62840 
70210 
32980 
36410 
35460 
36280 
43340 
28910 
26370 
25970 
28330 
28580 
28510 
25280 
55980 
31510 
53610 
36870 
85030 
42430 
67690 
31420 
53990 
56030 
28470 
27400 
24850 
50530 
68240 
31150 
29350 
52040 
50190 
27950 
28360 
28400 
25510 
26840 
50150 
49700 
29760 
24630 
30270 
45530 
31100 
29630 
26200 
28120 
25670 
38860 
70520 
33760 
33540 
34680 
37510 
38180 
38860 
37460 
35820 
66920 
36550 
37780 
35450 
36400 
33990 
70320 
36680 
36850 
36560 
54930 
36960 
73090 
37030 
32910 
34870 
71160 
41340 
23930 
51850 
52110 
27110 
27380 
55900 
24480 
30040 
30150 
28970 
88580 
43060 
76150 
29530 
55710 
26450 
26380 
52020 
49270 
26050 
29320 
27520 
51000 
37690 
27870 
55430 
25540 
28050 
25980 
57860 
25240 
27230 
26180 
51130 
27730 
24780 
54040 
52170 
51190 
29620 
53130 
52910 
40440 
35070 
66960 
70560 
66000 
32300 
34030 
66780 
36600 
1623590 
66300 
69800 
62530 
37670 
71820 
67490 
35050 
35940 
1091010 
64880 
66210 
65590 
67210 
67220 
37250 
72510 
72600 
53590 
25480 
28250 
53840 
51290 
25120 
26510 
57960 
53120 
27370 
60410 
84900 
78470 
70960 
29910 
57950 
26370 
24830 
51430 
49390 
25010 
24390 
25840 
52180 
48780 
24540 
51820 
49150 
49510 
25680 
51750 
49880 
24080 
26260 
55380 
28380 
23250 
53350 
56070 
26380 
27840 
27010 
35950 
1086680 
36480 
63600 
37380 
71490 
36410 
36830 
40210 
35430 
36420 
36080 
35700 
75080 
33430 
35110 
66210 
73470 
37240 
37300 
67640 
37710 
35160 
35560 
73090 
33200 
69970 
70670 
32330 
25730 
49880 
51200 
26440 
26680 
51350 
60400 
28630 
29420 
48430 
84100 
36030 
32660 
32150 
72720 
53960 
52290 
48920 
24470 
27700 
25090 
53980 
49050 
23460 
25720 
28070 
53200 
42800 
25960 
53390 
29970 
27960 
26970 
51310 
53560 
26570 
30390 
54330 
52670 
25980 
31820 
80320 
65000 
39920 
37880 
66820 
68280 
33240 
35410 
66350 
67980 
35680 
38050 
68500 
33900 
38920 
73450 
35860 
37150 
38150 
32900 
37040 
35870 
36750 
73320 
62860 
36390 
71500 
63190 
51620 
23030 
30050 
54270 
54990 
21630 
54330 
52740 
27320 
30430 
90690 
79190 
37380 
29320 
55820 
76530 
52920 
27950 
50800 
50630 
28750 
52400 
25040 
27050 
51620 
27630 
29100 
53730 
28650 
26690 
28260 
54990 
24420 
27170 
56250 
51300 
26900 
62200 
58620 
53900 
23050 
72490 
39640 
1596660 
33640 
70900 
64790 
70620 
38260 
74980 
66020 
67750 
30630 
37980 
73490 
73420 
32790 
68570 
70450 
36070 
38300 
70820 
91110 
63370 
37430 
36670 
71850 
31700 
72020 
62920 
55860 
26770 
30390 
56240 
28560 
27810 
30850 
57310 
53620 
46490 
44520 
75760 
66700 
22340 
25420 
53610 
23380 
1119810 
50620 
71480 
47850 
50940 
26160 
50360 
24290 
52150 
23800 
55090 
22000 
25160 
1085160 
51940 
24750 
50100 
49840 
23320 
27480 
27520 
56160 
48790 
29410 
45960 
70830 
69900 
30470 
67850 
62860 
66820 
67050 
64360 
65960 
66530 
1626930 
69360 
64910 
65560 
64900 
67560 
97850 
72050 
72710 
66500 
68900 
67000 
68270 
64270 
64870 
31900 
76460 
57670 
47110 
25670 
26870 
54520 
50330 
51040 
54700 
28260 
28780 
48970 
41820 
35570 
60010 
49920 
51390 
25660 
52750 
21770 
28310 
77920 
26340 
52360 
49990 
50170 
26310 
27070 
52220 
45720 
27410 
27100 
52110 
26670 
45950 
59800 
1085850 
28270 
27330 
26370 
53180 
51050 
25420 
77600 
59800 
65450 
67610 
33250 
69660 
67100 
36190 
35940 
72080 
41980 
35540 
35750 
34810 
71250 
72390 
36790 
37720 
36830 
36110 
35620 
34540 
36940 
36000 
36600 
72440 
40650 
28180 
52560 
26330 
29180 
59100 
50030 
52920 
29000 
27170 
55220 
88940 
41510 
40340 
72140 
56270 
28470 
53250 
49020 
50850 
49110 
54400 
65490 
49090 
58190 
54580 
49430 
47920 
23970 
60270 
46860 
26580 
52170 
2614530 
49440 
70210 
25040 
52320 
52180 
25650 
57300 
54690 
56430 
38400 
36650 
71100 
68380 
66820 
63050 
66650 
70370 
1579050 
66380 
66040 
68390 
73300 
66960 
69600 
61980 
69680 
31280 
90860 
69910 
64410 
68650 
67260 
34880 
76790 
67710 
35320 
34270 
31240 
56160 
26450 
27990 
54560 
51430 
29250 
26760 
29020 
54100 
51220 
47840 
64480 
30230 
28550 
27340 
55050 
24410 
52520 
53410 
27210 
28380 
54860 
51140 
25820 
27550 
26620 
54730 
22240 
26570 
25740 
54870 
1062280 
27720 
25840 
26810 
28700 
55470 
27410 
25820 
53950 
25740 
75620 
35390 
72860 
32920 
37800 
40030 
36160 
1119340 
35020 
34800 
68200 
77650 
36640 
34760 
66320 
34950 
1117600 
36940 
33400 
71750 
65340 
37240 
36570 
35190 
66400 
65780 
38920 
32410 
29420 
27190 
27510 
52420 
29370 
28000 
25370 
30390 
52400 
47110 
87640 
74300 
63530 
57760 
26590 
52250 
25320 
48840 
50810 
46950 
49140 
20700 
27820 
1093880 
27580 
28540 
27730 
28170 
27370 
24190 
54850 
25710 
24960 
26240 
50700 
29300 
31850 
35550 
26290 
28360 
47180 
46180 
34410 
36200 
1144610 
35360 
65170 
33160 
69420 
36370 
71920 
32240 
73240 
64320 
37740 
37780 
68140 
63790 
33700 
36730 
69700 
68780 
38140 
37410 
83470 
69070 
35580 
65090 
36640 
55160 
29110 
51490 
28400 
26060 
54400 
28280 
30770 
31300 
28000 
49620 
85310 
35080 
70760 
29770 
58050 
27090 
27320 
29530 
54670 
23520 
27570 
30490 
56690 
49470 
27420 
72030 
27210 
27730 
25560 
23800 
57340 
28500 
26650 
28530 
56300 
26620 
26040 
27720 
28350 
29800 
27980 
40200 
62140 
36670 
74490 
35540 
35430 
34900 
72670 
34330 
33920 
35770 
69040 
35920 
35260 
32390 
38910 
74590 
38070 
35780 
32000 
37600 
35890 
34560 
34530 
35570 
36780 
38310 
28050 
32720 
27520 
27830 
59120 
56490 
34870 
31320 
27120 
29530 
60600 
50810 
1101070 
37470 
49130 
53540 
28990 
27790 
52460 
26250 
25790 
26790 
50480 
26230 
29830 
1100780 
27110 
27980 
52400 
25400 
23950 
68360 
30630 
27340 
26040 
28170 
28110 
28300 
27600 
50620 
25560 
28640 
35540 
76100 
34380 
35110 
38120 
71360 
35340 
35480 
70290 
35580 
33600 
37740 
39090 
36020 
44510 
76400 
36720 
36740 
33520 
36640 
69960 
38260 
1081430 
35860 
71540 
32300 
36880 
41460 
28880 
28270 
52040 
27370 
53980 
24430 
52560 
57800 
54560 
35590 
50180 
45430 
46240 
35590 
28770 
27860 
27630 
25660 
28710 
29370 
28290 
31190 
26830 
55590 
26330 
26030 
25820 
52160 
27530 
26180 
28020 
27650 
27330 
27330 
27990 
27660 
27390 
29240 
25590 
57770 
28640 
28340 
41390 
74640 
37870 
37840 
36010 
37120 
36560 
36800 
33970 
36520 
38240 
36410 
65930 
71590 
37530 
35670 
34330 
35780 
33130 
36290 
67710 
33860 
36920 
36440 
37590 
37740 
36020 
39230 
29500 
32000 
28460 
26590 
29860 
51920 
59780 
58470 
28120 
54020 
48770 
74160 
37760 
29400 
55800 
27650 
1072380 
29020 
26940 
28040 
26270 
28220 
29760 
24660 
30060 
51700 
70200 
48240 
51120 
25630 
