112150 
63850 
63350 
63900 
59330 
69630 
43210 
40560 
43050 
47320 
44150 
42050 
38790 
47200 
43160 
41170 
104510 
83030 
58080 
46530 
43920 
40350 
43160 
38570 
38590 
40160 
38630 
40330 
37810 
40880 
40700 
40000 
37330 
38920 
43830 
39110 
40400 
36880 
37040 
38270 
43790 
40170 
39610 
40750 
41000 
38230 
42070 
44760 
72610 
52240 
52330 
56390 
53830 
57250 
53120 
54710 
51560 
58050 
51260 
52370 
63100 
56790 
56980 
54110 
56990 
54480 
57430 
54750 
59820 
55940 
54340 
54860 
69880 
54880 
56990 
39650 
38730 
40480 
40290 
37610 
37260 
45370 
46440 
42580 
38770 
90710 
66520 
49770 
42630 
39130 
37440 
40160 
37570 
39740 
41220 
38200 
38320 
37280 
38320 
39700 
37000 
37870 
38450 
38090 
41960 
37990 
39940 
38320 
37540 
41560 
37250 
42780 
43260 
39860 
38320 
36930 
74940 
61670 
52610 
61640 
51710 
54160 
52800 
53830 
51380 
54620 
53020 
49780 
52040 
52880 
53100 
52990 
54080 
53320 
52930 
53900 
53090 
53010 
55370 
50720 
54610 
53220 
61570 
40150 
38860 
37100 
39650 
38980 
50340 
37800 
42550 
40890 
39120 
92670 
81700 
59510 
47380 
38490 
39870 
39430 
35040 
39230 
38780 
42470 
40550 
37720 
38680 
36240 
42160 
37090 
38240 
38630 
40600 
39180 
38790 
36600 
38890 
39510 
38730 
40020 
40340 
39730 
39120 
37410 
49750 
59650 
52030 
56220 
51790 
51110 
56720 
53760 
54450 
53450 
51940 
54790 
52570 
52710 
53490 
53160 
51760 
50160 
50380 
51700 
52940 
52300 
54860 
52290 
51240 
53140 
51300 
49240 
39630 
37990 
38910 
47210 
41530 
39090 
44210 
54830 
43520 
80920 
88270 
71060 
54440 
38730 
39460 
36990 
36830 
38520 
37900 
36340 
39430 
37600 
38730 
38440 
38460 
39260 
37510 
37140 
36710 
39100 
38690 
36220 
39540 
38900 
43090 
40190 
40850 
39020 
39900 
38390 
40410 
74290 
56650 
51000 
51210 
48900 
51430 
48840 
50070 
52520 
52630 
55210 
53780 
52140 
51200 
51490 
53180 
50600 
56240 
52410 
52740 
50620 
51390 
50480 
52600 
51280 
50840 
63550 
39820 
37480 
37460 
39260 
38620 
36590 
39630 
40660 
42130 
40790 
91620 
79480 
53020 
42320 
38570 
37580 
41740 
36550 
38040 
38460 
37200 
38240 
39070 
38340 
42250 
38360 
39530 
38780 
36690 
37990 
36820 
37100 
37010 
38790 
40330 
39730 
42900 
40480 
39530 
38430 
39240 
73380 
59140 
50390 
52950 
51790 
51850 
51780 
52580 
58030 
53390 
53720 
51910 
53010 
52920 
51460 
51930 
54710 
54360 
53020 
51540 
55670 
49660 
53210 
51600 
51660 
54500 
59070 
41960 
38900 
36730 
39870 
37220 
39410 
37270 
43920 
44000 
38230 
89990 
84930 
65180 
50740 
41080 
38940 
40980 
39520 
37890 
39020 
35060 
38090 
36340 
39440 
37320 
36390 
38620 
37050 
37770 
38390 
37770 
42060 
38500 
37700 
37630 
37410 
39470 
50980 
39940 
38590 
40790 
38840 
73960 
54110 
56130 
53390 
51210 
54540 
54170 
52150 
52260 
51750 
50880 
53660 
51480 
53800 
52410 
51140 
52570 
49500 
50660 
51270 
50680 
52330 
52800 
51910 
56900 
49600 
59630 
39730 
39860 
39870 
38150 
40190 
38950 
39810 
43370 
39920 
41900 
90380 
79160 
54680 
39350 
37010 
37420 
37080 
37490 
37370 
38180 
37380 
36870 
40250 
39350 
38240 
37990 
39640 
38200 
37780 
38640 
38470 
35320 
39340 
38830 
38470 
38870 
38880 
40060 
39960 
37790 
37330 
70800 
55200 
52030 
52410 
51650 
52560 
57980 
51130 
52760 
50770 
50660 
53200 
52340 
53690 
55180 
52680 
51240 
50550 
51970 
51130 
53660 
51870 
56610 
52300 
51530 
53070 
62230 
40290 
38620 
37860 
40130 
40940 
39050 
38250 
45270 
43120 
41450 
91160 
83850 
56940 
47160 
39840 
38520 
37630 
40510 
37790 
39720 
36660 
39480 
39230 
36680 
37850 
37180 
37130 
40670 
37500 
37730 
39980 
37210 
38000 
39470 
39340 
39760 
39020 
40640 
39260 
37940 
38510 
39370 
72350 
54870 
53750 
52620 
50480 
53390 
52140 
52920 
51830 
51020 
50760 
53340 
50380 
54690 
57760 
54290 
50980 
51090 
51560 
51200 
53420 
56380 
54350 
49180 
53230 
53450 
55470 
42920 
37110 
38590 
39340 
39580 
37800 
37770 
40830 
40710 
38340 
90440 
65540 
52090 
38590 
39060 
37360 
39050 
37640 
38310 
38470 
38540 
37080 
37300 
37750 
36820 
38450 
38330 
37130 
39060 
37260 
38690 
37500 
36810 
37690 
39880 
39460 
41460 
37950 
38320 
39230 
42220 
70830 
56580 
52250 
57270 
52650 
51550 
50630 
49750 
54280 
51040 
51570 
56820 
51800 
52580 
51830 
54440 
58020 
52380 
58270 
53070 
59150 
52570 
54150 
55440 
57420 
58010 
57940 
44310 
40230 
41060 
42630 
38450 
43780 
49800 
45190 
40260 
39020 
88910 
78310 
58690 
41320 
37880 
39540 
37300 
37450 
40120 
39230 
39030 
37170 
37680 
36410 
37100 
36300 
40210 
36580 
37280 
37190 
37350 
37560 
38670 
38970 
41050 
38540 
40880 
39300 
38970 
37310 
38750 
50260 
58430 
52580 
54420 
54090 
52960 
53060 
51040 
53500 
53670 
50750 
62570 
54330 
52620 
51550 
51430 
53300 
59030 
55180 
52870 
53050 
52870 
49290 
51120 
50810 
51720 
54970 
46090 
40780 
38790 
40700 
39580 
40230 
39290 
41760 
41530 
41640 
110590 
87140 
68590 
51040 
41520 
41490 
37700 
53570 
38840 
39310 
37550 
36680 
39970 
36110 
39280 
37700 
38080 
37790 
37590 
41630 
38240 
36090 
38750 
37270 
39840 
40190 
39190 
40170 
40360 
39680 
38830 
39890 
75400 
56700 
50540 
52210 
52360 
51450 
52090 
51650 
52390 
52240 
50380 
50800 
49740 
57590 
52710 
53850 
50910 
53350 
52910 
52070 
54570 
50150 
55570 
51300 
58120 
55560 
56370 
40870 
37730 
38810 
39920 
38690 
40160 
42510 
52190 
43240 
40510 
91110 
78250 
59600 
45540 
36950 
38750 
38970 
38330 
36920 
37100 
39190 
39860 
37580 
38430 
38110 
36490 
38150 
36210 
39070 
39420 
36860 
39060 
38270 
39980 
41340 
37440 
40670 
42740 
39970 
41040 
37790 
71250 
54360 
53800 
51090 
53500 
50760 
55440 
50910 
54870 
51920 
52140 
51500 
52490 
54630 
52920 
50790 
53660 
53540 
52760 
56770 
54450 
52370 
53180 
51330 
51500 
53290 
57050 
40300 
38340 
36190 
42900 
39350 
39800 
36860 
43710 
42850 
38360 
92290 
83660 
57360 
50400 
37930 
41080 
36280 
37860 
38340 
38330 
37120 
38390 
39200 
41480 
36230 
38200 
37110 
37670 
39630 
37360 
36420 
37930 
36840 
36090 
39040 
38800 
39730 
44170 
40450 
40080 
39190 
43930 
72790 
52650 
54020 
49850 
50500 
51360 
55220 
53670 
51780 
52510 
51890 
53950 
53600 
53140 
50720 
58580 
52270 
50080 
52930 
49380 
54070 
52070 
49700 
55220 
53180 
52640 
56240 
39940 
43140 
39250 
38850 
42620 
38660 
40730 
41680 
39570 
39120 
92110 
70870 
54770 
38190 
40410 
38140 
40600 
39180 
36800 
39320 
36170 
39590 
39670 
39790 
38510 
36880 
37820 
37590 
38440 
39040 
40170 
38500 
37740 
38970 
39760 
39010 
41520 
38120 
39870 
37270 
39900 
73110 
53990 
51940 
51690 
52920 
49590 
55140 
52020 
51470 
53500 
49400 
52540 
53540 
51080 
52430 
54280 
52270 
51820 
49930 
49770 
53400 
52060 
50150 
52440 
48610 
54570 
58150 
41100 
40160 
36820 
40350 
39930 
38360 
38830 
43750 
40740 
39230 
92180 
80610 
54940 
48830 
39300 
38770 
41150 
37090 
36760 
36440 
40470 
38150 
36230 
38230 
38460 
36530 
37300 
37410 
36490 
37550 
37860 
37660 
38300 
36380 
43180 
39120 
41120 
38960 
38320 
40240 
38410 
38150 
73190 
53400 
53870 
51750 
53040 
52020 
54160 
51970 
52460 
53070 
50000 
51700 
54180 
54120 
55210 
52360 
51410 
53150 
51690 
52150 
55520 
53270 
55710 
56660 
54170 
52070 
55580 
39560 
37980 
42290 
39230 
38960 
41890 
38500 
47230 
41050 
38000 
91700 
64050 
54880 
41630 
39110 
41050 
35680 
39570 
39990 
39840 
38960 
39210 
39400 
37740 
39680 
39840 
37010 
36900 
37200 
40480 
38700 
39590 
38270 
42070 
39430 
41820 
43080 
40050 
43500 
36970 
41630 
74170 
53950 
54030 
58070 
54030 
51990 
53340 
56830 
56910 
57170 
52850 
52560 
51140 
51550 
57450 
56350 
52470 
52600 
52230 
56610 
53530 
61260 
53240 
56170 
50220 
60930 
67280 
38380 
44810 
37060 
45100 
44930 
41280 
42050 
44400 
46410 
41040 
97450 
75890 
60840 
50310 
39400 
43380 
38330 
40650 
38090 
43090 
42250 
37240 
39040 
37720 
37580 
39270 
38720 
40250 
36590 
38640 
40060 
37000 
36980 
36580 
40150 
39510 
40660 
40250 
37820 
47850 
39150 
55470 
54590 
55640 
54360 
52910 
54440 
51690 
53480 
53000 
52420 
55880 
52420 
52430 
52420 
54640 
51620 
53460 
49650 
53680 
51770 
53510 
52200 
50430 
55510 
53190 
48800 
58660 
43380 
39970 
37900 
40280 
40800 
37750 
37820 
37740 
40780 
42530 
93110 
87260 
58880 
51800 
42390 
36510 
38120 
38820 
37010 
39230 
36740 
38460 
37500 
37600 
38550 
37550 
40300 
37880 
37960 
39950 
38790 
39990 
38390 
37770 
40680 
40140 
39410 
43010 
37560 
41160 
39600 
37920 
73740 
55460 
56570 
53600 
52120 
51360 
52160 
53320 
52120 
57880 
49960 
52630 
52790 
51740 
52280 
47830 
51320 
54920 
50920 
54690 
51340 
52330 
51160 
50980 
54290 
50010 
58760 
40070 
37590 
43530 
39680 
38700 
39340 
40460 
40810 
43780 
38520 
91630 
73900 
56070 
44830 
35320 
43400 
37040 
40140 
40570 
36920 
39390 
39340 
38330 
38180 
36670 
37790 
40490 
39160 
38970 
37160 
38620 
38440 
39260 
38540 
40020 
38080 
41080 
38500 
38100 
40140 
42100 
69890 
52530 
55300 
52350 
50910 
53430 
51650 
53050 
53110 
50870 
50600 
50880 
52960 
52680 
51490 
61520 
58820 
56360 
54700 
54360 
51010 
53760 
56760 
51920 
55190 
53570 
61840 
42990 
38160 
38860 
39330 
41380 
38480 
39900 
46040 
40230 
38050 
91170 
79470 
60570 
49880 
41250 
39820 
38760 
36650 
38080 
36640 
39290 
36330 
38670 
40970 
36620 
38570 
36520 
36940 
37680 
36250 
39800 
37480 
37700 
37450 
38840 
38700 
38950 
38920 
41650 
38460 
41520 
38290 
73170 
53200 
53280 
50860 
52510 
51850 
57220 
53430 
51300 
51600 
52230 
50700 
53350 
51840 
51730 
53170 
53350 
52770 
53330 
53280 
52060 
52260 
53670 
54200 
51810 
53770 
56940 
39010 
38400 
38230 
39700 
42100 
39860 
41630 
41040 
42060 
39390 
90580 
71660 
53650 
41290 
38820 
38720 
40630 
37060 
38220 
36810 
37460 
40950 
37930 
37730 
38070 
38430 
38860 
41050 
37670 
40700 
36600 
39560 
37400 
37010 
38380 
36930 
43850 
42220 
39040 
38860 
41710 
75330 
56460 
52780 
51390 
50780 
60270 
58780 
53120 
58060 
52940 
54220 
49790 
54150 
50360 
65880 
59440 
53170 
53060 
49710 
52750 
52740 
51340 
54890 
50550 
52310 
57110 
59530 
41290 
37370 
38550 
39820 
39530 
40540 
36950 
44020 
43010 
42640 
93580 
81300 
55900 
51310 
53270 
43860 
39590 
36380 
40100 
36400 
40330 
40300 
39820 
40270 
37720 
38110 
37900 
37490 
38650 
39240 
38180 
37950 
38120 
36740 
42810 
38910 
40170 
41090 
39600 
38950 
37100 
40050 
73290 
56400 
61710 
53240 
55250 
57460 
56430 
59110 
56650 
59160 
53970 
57480 
55340 
59780 
58070 
53860 
56370 
56780 
59400 
51210 
56900 
60020 
50850 
59880 
52530 
55210 
57030 
40950 
42440 
41280 
46790 
41860 
37830 
40940 
44250 
44930 
44120 
105050 
65310 
56510 
41460 
41790 
39250 
38140 
40940 
39850 
41080 
38780 
37700 
42060 
37250 
42620 
38490 
39310 
38260 
37890 
42320 
38560 
37410 
39900 
36680 
40340 
39290 
40800 
38750 
56050 
40800 
38610 
73840 
54390 
52260 
57360 
51310 
53480 
52170 
55110 
51280 
51200 
52230 
49920 
57820 
54750 
51970 
51440 
51060 
53970 
51200 
50490 
57440 
62790 
54100 
61180 
51280 
52810 
60990 
40350 
38960 
36820 
39760 
40680 
36990 
38750 
42630 
45830 
42220 
93140 
81760 
55610 
43980 
40110 
36540 
38830 
37030 
39910 
39750 
36780 
36600 
36330 
37980 
43300 
36380 
40290 
37280 
38650 
37230 
37290 
36870 
38030 
38190 
40220 
39570 
40200 
40730 
38460 
39820 
39740 
59220 
58170 
51540 
53440 
53140 
51540 
53070 
52500 
54670 
55400 
57310 
52190 
51780 
51990 
51930 
54080 
48430 
51480 
51270 
51880 
55710 
51190 
53400 
52780 
51990 
56280 
56310 
43210 
39630 
38380 
39360 
38890 
49420 
40550 
41370 
44240 
38790 
94180 
84770 
59480 
52640 
39670 
37050 
40700 
36750 
37700 
42500 
39730 
39380 
36190 
38510 
38780 
37640 
42090 
36760 
39840 
38150 
38470 
38440 
37520 
39940 
40030 
38100 
37450 
40710 
39980 
38880 
39290 
36660 
76360 
54190 
52740 
51810 
52540 
52720 
52040 
54880 
52880 
53360 
51030 
53330 
51280 
51480 
52360 
56000 
57830 
55620 
54840 
53770 
52700 
52290 
55060 
52120 
52330 
50530 
59910 
38090 
41230 
41100 
40320 
40270 
40150 
41690 
45030 
41470 
40440 
91300 
72950 
60200 
43350 
37600 
41520 
36380 
39960 
42330 
39060 
37310 
37460 
36640 
37410 
38760 
37450 
39630 
38140 
37930 
37200 
38510 
37070 
38420 
39170 
38630 
39830 
39130 
43280 
40570 
39250 
39750 
68590 
54080 
54350 
52740 
51280 
51190 
54930 
53040 
53450 
54460 
53440 
52270 
51200 
55120 
52020 
53970 
53840 
50800 
53300 
50690 
58350 
56690 
54270 
52900 
53780 
52200 
60970 
41590 
38500 
37260 
39370 
38810 
39630 
36390 
47760 
40600 
41790 
90650 
81010 
61400 
46950 
39470 
38110 
37720 
39780 
36780 
39390 
37010 
42460 
38320 
40130 
38490 
37840 
38190 
37870 
38570 
37370 
39690 
37450 
36790 
36910 
37800 
40030 
37580 
44690 
40070 
38870 
41580 
36990 
74770 
57670 
52830 
53200 
50530 
53460 
53950 
52430 
52530 
52950 
53340 
52080 
50590 
51350 
52190 
57930 
50730 
57190 
51550 
52960 
51880 
53250 
54170 
52030 
54910 
51580 
56770 
43280 
36330 
40190 
47490 
46670 
40250 
39690 
40700 
40560 
42030 
90510 
67740 
57560 
42450 
38160 
37420 
39120 
36540 
38470 
38260 
38260 
38220 
38090 
38250 
39670 
38470 
39780 
36550 
38960 
39270 
39560 
38370 
47010 
38690 
39220 
39270 
40470 
39270 
39460 
38020 
39490 
72600 
54610 
52610 
52220 
50050 
53730 
53390 
52010 
53000 
52300 
55040 
56240 
57920 
57680 
54670 
51740 
54270 
52880 
52380 
55500 
54040 
51930 
49720 
50760 
51880 
51900 
57370 
43950 
37800 
40130 
39010 
41910 
38830 
37360 
46740 
41530 
39130 
90100 
79600 
58360 
47460 
38280 
38640 
35750 
37850 
37100 
37580 
38860 
56110 
39360 
36610 
37160 
37440 
38010 
35770 
37350 
38580 
39540 
38240 
36660 
38510 
40740 
40070 
40350 
40470 
38090 
38760 
39090 
43830 
72900 
56700 
53860 
52180 
52920 
53710 
53050 
51030 
51640 
49940 
51910 
52080 
57140 
55630 
51020 
65720 
49640 
53510 
50650 
51300 
54430 
52350 
54370 
50280 
51170 
54080 
52200 
38790 
37760 
39320 
40500 
38780 
36810 
39880 
47090 
41330 
