55520
24580
22791
24030
22950
24840
22870
24110
25210
30720
23630
24120
23690
24570
23370
23780
61350
61040
61070
60120
61460
60560
59291
63121
58221
62641
60720
58670
67230
57970
60910
58420
58500
66150
58640
60310
60200
58930
59020
59340
59290
62130
70640
58330
58551
60631
61161
68351
57600
58520
57780
61610
59860
58730
57310
58580
60460
59490
61220
58140
59180
67610
59820
58720
57940
57860
67321
59971
60341
58541
57840
58270
58380
60650
60070
66370
58020
62090
60830
58250
67510
56900
59410
61040
58680
58100
58890
58631
62140
60991
58891
57170
58780
62550
66900
57760
58650
58130
62120
69310
58750
59710
57500
60360
68620
57890
57880
56510
59870
61850
60700
58001
56981
58861
61200
59830
57930
57220
67930
59410
60370
58780
57550
70260
59940
61460
60610
58850
58110
61880
59610
60420
57041
58371
62141
58300
58560
64840
58010
58070
59450
60240
65660
58200
58070
60240
63140
58340
58570
59060
60650
81140
63170
59681
57401
60841
69091
58030
59160
59310
61510
62130
58700
58550
58640
59620
63200
60360
58390
57520
68790
60780
59200
53860
58250
66440
61541
59101
59140
56570
57690
62900
59030
58710
57340
58710
59940
60660
58870
65690
59020
59200
63270
59500
67270
57470
59200
61821
60661
58771
57371
60800
60500
61520
63580
60450
59860
61950
70750
59170
59530
60090
62020
69510
60360
60380
59280
59210
62270
61311
58111
60181
66750
62230
61240
59270
59580
69900
63520
61520
58590
59850
66540
63630
61670
58760
59800
58370
62710
61220
61041
60730
58911
60561
62270
60600
67700
58320
61510
63600
61940
69590
59840
62930
61470
61890
61930
60000
60730
62680
62200
65210
60811
63201
63861
70771
62640
60540
60720
62300
73630
61840
60020
60240
62020
74330
63380
60810
64200
62910
62260
63630
59050
58650
68671
63781
61261
58460
60910
67431
61850
63240
59220
58100
57850
61070
62330
60090
59330
60350
60700
63610
61750
67940
60760
59520
63281
60301
66591
59040
60030
64260
61650
59020
61030
59450
63750
67300
60140
59380
57960
60990
71220
62520
59300
58960
62190
69150
65560
62481
58651
60071
60550
61370
59400
60700
67630
62010
61080
59690
59660
70270
62480
63560
60410
59490
60050
59810
62370
59620
58931
59301
59791
62471
61490
67410
58340
59730
62310
61350
67140
58800
58110
63240
61020
60690
61360
59190
61670
60980
60090
59810
59961
73421
74751
60990
60450
57740
60830
69630
61420
59770
58380
62080
62140
62320
61180
60250
60890
64460
60780
62040
60770
68160
65541
61941
62641
61591
68840
64400
63550
61390
60920
61530
64600
63070
63330
59990
60030
62450
63260
62160
68710
60110
61020
62050
63940
69801
59611
61410
62380
61890
60260
61070
76190
64210
73870
59300
60020
60470
71160
72920
61960
59520
64710
61840
70920
62751
60251
63001
61151
64110
64870
60930
61070
66170
64160
61110
59610
60440
67040
60340
61240
60180
60980
67690
60380
61880
63130
60731
67101
60951
60491
61751
60670
59500
60180
61930
63250
66950
58460
59330
60240
60650
71610
64530
60180
62560
61250
70090
59230
59461
61111
61631
60781
59190
59670
59500
68400
62670
63260
61210
61830
73660
61910
60700
60370
59280
68700
63810
60650
59460
58260
60071
65171
62091
60111
66820
60070
62820
61310
59890
68090
60800
62470
61620
59570
68610
58890
65620
61100
59910
59450
58680
61580
63621
68261
57901
57770
60750
62070
68160
58370
58280
61080
62540
61870
60190
58690
61660
61840
61750
61460
58000
62550
70160
61611
59421
57991
59240
60600
63260
61500
58350
60080
59260
63840
59830
59430
66410
60940
62210
61150
57970
67730
59210
61240
60040
59211
60611
59931
63051
60910
68520
60830
58960
62680
60490
71640
60530
60460
63150
63610
61040
62850
61130
62870
64130
63120
60570
59321
63301
72281
62901
61440
58770
60140
72270
63810
60110
61020
59860
64000
62730
65480
61840
70700
61520
62720
63080
63620
74770
67791
64041
64191
62001
69620
63150
62350
63640
61250
63890
63540
62460
65750
66740
59630
59940
61100
63570
69650
60810
58800
64061
62001
67531
58821
58581
59430
62760
60440
59840
58710
60120
71180
62690
58890
58700
58340
72750
62270
58980
58560
58750
70690
60100
71201
69081
60161
61601
62030
59750
59140
67280
59730
61480
60630
60970
67030
61810
61760
60380
61640
59690
59830
63410
61270
69590
58681
63111
60671
61100
70261
58350
61240
60530
61740
69910
58700
59470
58720
61260
62670
58830
65400
62210
69080
62040
59260
59870
58221
73121
63071
59250
61020
58640
61500
62280
59990
59920
59610
62540
65010
60820
68550
68940
60240
62240
62520
61250
66960
60161
64191
62991
60260
60790
59030
64380
61340
61020
58520
58500
62710
60270
68590
59120
58180
60210
60110
70240
60590
59400
62370
62290
65351
59581
59680
60480
69720
62410
60310
59570
61360
69650
62030
60310
58940
61770
69240
61550
59260
58990
61470
60120
63940
60211
59101
60361
59980
64320
60600
63980
69860
60770
63700
64660
59850
67290
58050
71760
66400
59400
64070
61530
63140
62550
68560
58510
57721
61171
62490
70590
59830
59760
71820
64970
62320
59630
60420
61540
60970
62580
58590
57380
63510
70670
60990
59920
60281
60031
70471
61881
61141
59620
60680
70970
64600
62070
59620
69280
60990
63790
63830
60530
69820
61630
64610
62210
60140
67870
58871
62441
63581
60171
61091
61010
62500
62010
68840
60930
59380
60210
63750
69200
61920
60790
59130
62510
60790
60310
58570
59371
62270
59821
61891
58340
57851
70670
61730
60890
59550
57790
70400
61390
60680
58780
58770
71810
62620
61820
60170
58820
62670
61520
64931
59801
67811
63170
62790
62250
59230
67440
59840
62160
60740
60340
59870
61900
60900
62280
60220
59440
60320
61920
62480
70800
59611
60151
59921
60440
69300
58410
61000
60230
62720
60700
59220
58470
60760
61440
61150
58980
60110
57660
69870
60020
59390
59520
58341
67991
61511
62460
61450
59650
61220
63880
61430
59690
59890
61510
59830
60080
60980
66840
60610
62140
62090
60570
67090
57901
76791
67051
62421
59260
60750
60990
61780
68240
61730
58230
61700
62000
72190
57790
60000
60370
59910
62140
59260
58280
60210
59770
60821
56981
56820
58130
67770
61580
58030
56360
59220
70680
60980
60170
57240
58660
67050
60700
60550
57870
59730
57830
63270
60610
58051
68061
56700
61310
59000
56110
68280
57900
62610
59710
56560
66870
60030
59190
60120
59680
58540
57180
60500
60160
68300
57621
58961
59631
61100
68710
59460
58490
58260
63400
59930
59230
56770
58200
59590
58570
58590
58650
58280
66780
61770
61270
58691
59670
67241
58931
61391
59030
58430
69250
60390
59670
58250
57960
56710
60930
61370
58620
65260
57400
60970
61660
59180
68140
57681
57691
62871
59570
59130
57610
58280
60920
59570
58070
57740
58390
60900
68580
57920
57710
56540
61080
67900
58080
56770
58010
59781
60571
60581
59261
57700
63600
60810
60350
57690
58160
67670
60150
61570
61190
61170
71250
62000
61120
59780
58790
60450
60810
62431
59921
66751
60540
61430
63850
59820
67670
58770
59900
63770
61850
68480
60160
59150
62120
60140
59090
62030
62470
62790
61550
59711
60191
59461
63531
69451
59140
59090
59150
62980
70130
59800
59530
58540
60690
61430
60250
60530
59380
61440
64860
61300
62090
58691
69781
60801
61111
60060
58850
66880
61290
60960
59410
57980
59310
59690
81130
62650
66100
59350
60310
61500
59530
66350
58880
60421
62261
61931
59130
58560
59680
59710
63250
58060
59350
59220
61110
69990
58290
59380
58720
60870
71890
59240
59360
57070
60331
61520
59881
59371
59190
70091
61930
60550
58220
59290
68520
61530
60640
58690
58260
58640
62890
61220
58930
59840
58120
60220
60151
59221
67211
58691
61010
61480
60250
67130
58180
60940
63500
61200
68010
60920
60560
61130
60240
59460
57760
58540
61050
68460
63131
60190
58941
59661
67850
58890
57530
58250
60320
68700
61500
60380
61960
64840
61050
61450
58110
59020
59930
60360
63620
59490
59761
65891
60731
64551
58820
59680
67050
59590
60070
59220
59130
66510
59370
62730
59730
58810
58260
58800
61720
60420
67310
59080
58981
62831
60641
69131
58240
58410
62550
62850
68200
58150
58810
62070
61060
59730
58400
58540
63560
70180
62320
60460
61470
62950
70361
60981
58971
56980
63030
68790
60000
57780
58180
58860
60980
61660
59380
57830
69250
68490
60310
60580
58010
67390
60520
62001
60621
59311
69481
60701
61530
61380
58630
61330
62090
62000
60660
57550
58940
60440
64790
60890
66650
59220
58290
61640
58940
66591
58521
60341
60391
59690
61710
61620
58900
59250
61440
59910
58990
59610
60690
69310
63030
59970
60700
59950
72360
62650
59860
59191
58501
68471
60411
60991
58600
61920
60930
61790
61740
58940
66980
59430
59400
61120
57770
67830
58870
61070
64190
61740
58920
60611
60421
60991
65140
59420
58450
59970
61320
68070
61100
62830
61950
64550
61470
59410
58210
59310
62070
60520
59820
57570
60040
69470
61451
59361
57150
57150
71630
60780
61470
59310
58490
61160
59430
60000
60090
56780
60990
59880
59520
56910
66420
59040
59971
59961
59901
66461
59651
60480
60640
57760
57550
58880
60790
60180
58610
57890
59940
59140
60600
67190
57910
58950
57460
63710
68600
58611
60221
59401
61440
59270
57350
58700
59360
69340
59820
56510
58280
56480
70910
62430
58520
58030
57040
59690
60850
59080
59300
57641
58561
61300
58440
58080
64740
59440
60420
58290
58670
65510
59540
58620
60100
58580
64650
58630
62090
59770
58320
58190
58291
63551
65331
62561
57570
57220
59440
62050
67320
57120
58890
61200
60260
69880
60170
58510
59770
59460
60730
58580
57950
58521
61141
60251
57870
57730
58860
69600
60780
58700
57890
58780
67050
60890
58450
57580
58730
57890
62120
59330
57250
58220
58011
62461
60331
57061
67171
57030
62730
61960
60240
67440
58830
60630
59900
58180
59390
56660
62440
62210
59710
59340
58420
59350
59370
68141
61011
57281
60271
59720
67700
60000
57800
57740
75950
71820
58110
58010
60900
59270
60560
59980
57860
57260
68470
59880
59381
57521
61721
67461
62390
63860
57820
60150
59280
59770
61760
59210
60720
59690
61450
61360
58600
67720
58190
61120
60590
58260
67041
60461
59261
62171
59140
58370
57880
58140
63250
59590
56870
57820
59940
60870
68390
58150
58190
60320
61870
70420
58400
58380
56921
60091
58941
59281
59061
58950
60320
60030
60870
57640
57200
69150
61080
59430
58560
57600
67480
59220
62280
60520
58960
57730
63170
62791
59901
58411
58661
61520
62340
59470
68740
61350
59740
63480
61070
66270
61100
60890
62610
62050
59220
60880
61600
60910
59881
58011
60871
58250
62680
70650
59890
59930
58360
62520
68780
58530
59700
58210
60340
62290
60090
58590
59860
60470
59500
61020
59290
59231
69701
59790
60410
61440
59380
68430
65370
62910
57950
58720
60290
60890
60550
62060
68240
63370
59170
60850
61180
68311
62111
64291
61581
61220
58060
58620
58820
59710
70420
60370
59200
58570
61320
70890
59160
61780
59960
61000
71390
60320
58800
59731
60591
63321
63291
62451
61030
62070
63330
61870
60810
60560
69060
63350
62940
60580
59980
67140
64020
61900
58560
60010
57800
62551
61540
60451
58301
58150
61400
63040
60200
68530
57930
60120
60060
62060
61510
59060
60660
61400
60660
60660
58720
58590
60430
70031
59761
59221
61611
61450
71660
61100
57760
60160
60010
69820
61650
58920
59250
61760
60390
63120
61090
60760
59600
59960
63100
61921
61351
67311
63181
62880
59780
58500
65900
59930
62830
62030
60600
59320
59950
65920
60810
61550
59240
60680
62920
60530
68080
60991
58201
63151
61781
61580
57530
58110
63310
60430
59800
59060
57800
63630
69850
61300
59510
59330
62330
69840
60280
57950
59270
61791
68610
61451
59501
59280
63070
62410
64940
61150
60710
72430
63100
63180
59260
61300
69880
63860
64020
62400
61840
61950
62291
63191
60821
60361
59971
60850
64020
62260
67360
60020
63100
81060
67430
68030
60300
59590
64270
60420
59940
60310
60410
63200
62180
60661
60691
60571
61351
72290
61670
62860
60320
63310
70780
61970
61930
61360
62210
84110
62870
60570
58660
59200
62800
62410
59591
58161
68291
61771
61160
62650
59750
67410
58940
60360
60440
59840
60340
61000
61180
61870
60810
61840
60850
61790
61900
68040
59471
59711
62461
63531
70280
61550
60290
62300
64320
60850
60150
59750
61350
80550
64580
60130
58260
60790
69700
61830
59370
58900
58921
61861
60511
59881
58241
59480
62050
60230
59950
59700
67520
63260
60740
60700
59410
67720
61870
62270
62230
59310
68050
61180
62270
62231
60261
57810
60080
60880
63480
65960
58270
59860
63570
60920
67130
57700
60800
60030
61100
66860
60290
60190
60040
63040
59051
59411
59391
59440
70900
62990
57720
60590
59680
72040
61250
59720
58280
