47431
24041
21691
22801
20511
20921
20661
21681
21161
20991
19811
20651
21390
21660
19690
21591
56352
57262
57462
56302
56952
56452
56472
56292
56692
55862
55832
55882
56562
59842
58572
59962
59203
59782
58662
58942
61332
57582
57502
55492
57872
58672
56022
58342
55522
56232
56982
56562
59273
58972
57602
57372
57962
56612
57172
57422
57562
57842
56502
57642
56792
58562
57332
56161
56602
56262
56432
56582
55792
58012
55472
58362
56432
59122
56662
56462
57042
58132
57031
57332
60083
57282
56692
56922
54552
56292
61132
59042
57592
56522
57062
56242
56572
56502
55682
56542
58312
58322
57622
57442
56022
58162
56002
56512
56392
62262
59572
56962
55302
55332
55502
57312
54502
56752
55882
55662
57132
55562
56082
55412
54292
56882
54752
56432
57012
56542
56852
55802
56322
56962
56092
56372
56942
56252
56672
55662
59012
58092
56932
55592
55352
55431
56342
56202
55372
57732
54682
58922
56202
54872
55842
55942
57082
57342
56642
55142
59012
58152
56602
56702
55262
56872
56572
56622
55612
56352
56502
54392
57512
56492
56112
57192
54422
57332
54281
58222
57352
54772
56322
56342
59262
63232
63052
57402
55712
56972
54882
55682
55202
56031
55761
55401
56052
56272
55912
55542
56482
50152
58482
57992
56622
56862
56872
55512
57022
57052
56771
54952
56442
55592
57582
56142
54842
59082
57382
58572
57892
58512
58052
56822
58262
57802
57302
60333
57352
58352
60372
59512
59202
56752
55962
56492
56012
56832
55742
54882
57512
56202
55702
55292
55472
56572
55592
54802
54952
54312
57492
56052
56692
55402
56052
62822
60012
57402
56472
55402
57292
55182
57162
55382
54872
56172
56962
57342
55892
55412
55962
55842
55962
55752
56151
56762
55162
56052
56552
56492
56092
58102
56392
55392
56152
57102
56882
57812
57782
55272
56242
54512
57202
55612
55882
56482
55532
56502
56272
56442
55692
55072
53832
57242
58652
59502
57211
55952
55802
55602
56572
54882
56302
55902
55432
55762
54182
56332
57382
55572
56892
55541
56752
57602
55212
56302
55782
56682
57122
55912
57362
55432
54962
59602
56312
57942
55461
55511
57712
56772
56012
55652
55472
55812
57652
56832
55352
55782
56232
58192
54982
56282
56312
57842
60652
59342
58052
56192
55442
57982
56632
56282
56152
56792
54762
56822
56352
56472
56292
54662
57622
55482
55142
58412
55052
57912
56292
55592
55802
54262
58092
55482
56462
57002
56672
58322
56241
56332
58602
55952
57942
56632
56282
55592
56422
55512
56612
56312
55852
56202
55602
55801
55631
55602
61602
57532
61412
57672
58922
57922
59482
58762
58572
61272
59112
58932
60552
58532
59092
57862
58042
57002
59662
55992
55232
57842
53952
56612
56632
56982
56742
55612
57292
56882
56311
57522
55952
56742
57402
56522
56422
55512
55652
56122
56172
55872
55192
54751
57032
55552
57612
55312
54592
57212
56132
56492
59372
54962
56112
55362
56762
57212
55842
56772
56852
57492
55532
55322
56322
61982
58792
56202
54672
56092
57102
56172
55382
56112
56202
56342
56422
57102
57802
55792
57072
56892
55922
56672
55742
56702
56922
56112
56272
57612
56452
56992
55721
56302
55452
55922
56242
56642
59122
57872
55982
58082
67952
58302
57632
56762
59372
58522
57191
57761
56682
60202
54892
55502
57922
59442
60172
57162
55882
57852
74892
58242
57512
55232
56592
56712
56562
57912
56452
58072
58252
57212
57262
57372
58322
57752
56502
56842
56332
56212
56091
58192
57002
56062
57492
56042
56852
57252
58962
55332
55412
57352
57322
59632
56942
56802
56162
56642
57742
55872
57472
57842
57442
56532
57352
61062
59102
57452
56632
58572
56662
57422
57662
56571
58713
57072
56952
56802
56232
58192
58012
60132
56352
56242
59202
57912
58792
56812
56582
58362
55872
59212
56262
55812
57832
58982
56932
56022
57392
57492
59112
56482
59222
58182
57822
57522
56632
56092
57342
57502
57562
56912
57572
56702
56822
57802
56352
56812
56472
56572
56032
56101
58462
57202
56652
55972
56742
58742
56612
58072
55912
58702
57512
57362
57732
57102
59162
58842
57202
56602
56342
57832
57632
56792
57672
57092
56802
57932
56292
56372
56352
56811
59333
57982
58342
57182
56072
58132
57432
57812
57122
58862
57242
57692
58292
57882
56322
57592
57312
57462
56082
67703
61342
57182
57802
57922
56602
56912
58082
59292
60712
58442
58732
57852
57552
57832
58582
58272
58212
58042
57472
57792
56342
57322
57802
55632
57392
56072
57992
58062
57191
56862
57612
59502
58422
56852
56052
57582
55532
59782
56542
56122
57662
55722
59002
56642
58722
57482
56012
58222
56282
56172
57142
55832
57702
56342
56682
56772
55952
60022
60262
57012
57282
56972
56412
56832
56252
57902
59022
58772
57912
57322
58032
57802
56462
57802
55091
57632
57102
57572
56522
56602
57952
56322
56262
56512
57892
56822
56092
57552
56602
59062
58382
57962
56812
56472
57842
56112
57092
57562
56202
57912
57772
57142
57332
56632
56682
57892
56772
61792
58522
58852
58272
57172
58312
56602
56142
60462
57082
59872
56762
56272
58812
56882
57312
57141
55052
57662
55782
57832
56332
56622
58202
57342
57392
58592
56292
56282
57242
57302
58072
57542
51161
58362
56862
56102
56542
57662
57242
57282
56902
55802
57602
58042
56862
50001
57792
57572
55972
59442
57612
55962
57252
55982
58242
57022
56802
57182
50342
58342
57182
56961
57452
55691
58442
56052
55322
57252
56802
58872
56622
55872
59482
55952
57822
56912
56862
57032
55931
56701
58542
55792
57522
57762
57452
56452
57772
58392
56852
57732
57742
56512
57222
58652
57372
57692
56492
57092
57312
57232
57322
59652
58192
57392
56692
56552
57502
57552
57362
58042
56331
57142
58652
57052
61622
58932
57382
57682
56252
59142
56832
76262
61202
59042
58702
57412
59472
59753
58792
58862
59592
59742
60222
60192
58982
60502
58662
61732
58072
58852
61382
57972
60343
56882
57982
58372
57962
60252
59192
58852
60252
60412
60032
59132
58952
59372
58502
57382
60222
58142
59342
59512
58292
60792
61302
62002
58162
59422
59202
57072
59812
58632
59692
60192
58732
58872
58542
59862
58242
58752
58702
59372
59952
58242
60222
59512
58512
59622
59062
59222
72053
65113
60212
58042
59182
58152
59412
59702
58732
59482
57122
59032
57372
56642
56092
57822
56961
57522
57302
57172
57432
55512
57972
56942
61142
76683
58672
56312
57462
56642
58592
61232
58652
60313
58212
60672
69953
59062
56032
56692
59072
57312
55722
58892
57502
56932
57852
73692
59092
57142
56392
57202
57972
58502
56112
57522
59792
57582
70812
58922
56592
57592
57632
56831
57281
56592
57882
58272
57752
59552
58102
56712
57472
56712
57002
58182
56572
62042
58822
59173
59942
57292
60562
59252
58812
59532
58762
61362
59342
57842
59262
59552
59902
57152
60032
60423
58472
58312
58702
58212
59612
59602
58992
59592
60472
56822
57512
56522
57722
56382
56782
57041
59343
57212
56012
57622
57362
57512
60412
59242
61242
59812
58842
58112
59322
57702
56432
58092
57642
58192
58212
57332
57982
56692
58982
58062
56352
56602
61152
61162
62292
59502
59352
58952
58612
60072
60042
59342
59022
57802
60302
59222
57592
57612
57622
58622
57472
58222
57692
56591
58582
56512
58642
57322
56842
62472
58312
59732
59252
58932
58952
59252
60362
61132
59082
58942
61112
58262
59522
58882
58582
57972
58332
57362
56532
56892
57552
57012
61122
59322
58162
58553
58142
57732
56352
57822
57212
57712
57042
57762
57152
56212
58622
56872
58092
58012
56942
59742
56832
56782
58012
59152
58822
57832
58482
57082
56342
59082
57702
57202
58862
56122
56912
57842
57772
57752
57422
55772
60462
58022
59512
57572
56682
58612
56612
58152
56012
56291
64762
58612
57592
58352
57252
59022
57662
56982
59332
56362
57912
56642
57082
57992
56182
57112
57862
56912
56502
57302
57582
59322
58892
57072
58302
56342
58862
56952
57282
57032
57192
57922
56252
57052
57332
56362
56892
57932
57642
57712
61242
57362
59322
57652
65952
60452
56362
56231
56471
56162
59642
60232
60852
56442
55732
57742
54922
58442
56582
55282
58432
56282
56292
56422
55561
57132
55302
56532
56192
56842
56882
56732
57202
57052
57102
57002
57262
55592
56592
57202
57662
57472
55102
57312
54712
59562
56562
56462
56522
57192
58352
58682
56122
57112
56962
56452
56151
56472
57772
57602
58762
61272
57912
56032
56782
54312
55532
55712
55642
56702
56062
57612
58042
55412
56432
55722
55252
57172
56582
55672
57972
56192
58122
57742
56912
58722
55932
56761
56942
55992
57642
56322
56402
54962
57372
57472
55022
56962
56132
57172
56672
55271
56941
56542
56552
56882
56642
57152
56222
55042
56732
67772
64242
59132
56862
57082
57172
56312
56592
57822
57412
57562
57022
56052
56062
55392
55152
56902
56272
56622
57012
54632
57172
59932
60852
58942
58162
59622
58182
56722
58442
58952
59412
57752
58912
58242
57722
57542
55842
55132
57382
54521
56682
55762
55802
57122
55972
56162
56712
55802
60742
61032
59182
58512
56462
55781
55852
55632
56332
56652
56932
55672
55492
56162
55972
55632
56872
55402
57252
56002
56962
56411
55411
56152
57662
58692
55782
56592
55972
56412
57012
56092
56012
56422
58782
57052
54842
56201
56201
56392
58992
59132
59062
58942
57482
58962
58632
59742
58302
57082
60152
62402
61162
59802
57042
59773
57892
59382
58252
58522
59402
58642
58252
60072
57822
60302
58412
57492
59722
57782
58902
57452
57232
59952
59732
55562
56872
56652
58052
55862
54712
57702
56632
57292
55782
56321
56782
55082
58042
56772
56182
57332
55772
57472
55182
55982
55232
56102
58902
55682
54982
60752
60462
58612
57472
57222
55272
58042
56792
55312
57532
55742
57012
56462
55842
56302
55042
55712
55661
55072
55832
55082
56952
58512
56972
56922
55402
56202
57712
55252
57362
55682
55031
56642
55171
57252
55512
56412
56832
54772
56812
56452
55272
56762
57632
56632
56882
55812
60452
61773
60103
63173
59863
59302
60402
59462
58162
59302
59252
58852
58982
57712
58042
58712
56982
57342
58652
58992
58072
60352
58292
58792
57712
59692
60582
59192
59172
57162
59892
57632
59252
57292
58002
59433
56902
59562
59082
59132
58842
57852
59042
57222
58152
59302
57082
59932
58252
57522
58672
58202
58312
60032
59352
57152
57582
56822
56892
67312
60222
56022
56402
60512
54562
57092
56332
56232
57922
56142
56122
56022
56162
58192
56432
57102
56152
56712
56222
57122
58282
56202
56592
55292
57152
61382
58292
58642
58772
58332
58052
58212
58282
55512
55562
56262
57252
58052
55431
55622
55632
55682
55462
59412
61562
60642
57912
58482
57052
56542
63032
57442
58082
59942
58213
59373
57632
57482
55592
54842
57692
54722
55132
55912
56262
59552
56122
57392
57152
55501
57001
57582
56122
57112
55162
58792
56792
56242
56352
56082
55992
56642
55692
56192
56232
55841
56982
54572
56092
55952
57492
57702
56592
59612
57612
57732
59202
55742
55592
57292
56182
55691
58793
55782
57472
56392
55212
57862
57532
56922
56662
55152
57132
55192
56382
56592
56922
56772
56381
55232
56792
56292
57372
56652
56562
56132
55552
55482
56462
56022
57142
57752
55601
57152
55272
56312
56212
56012
60082
55982
57012
57632
55392
60772
58592
56202
56382
55942
57052
55791
56682
55732
49952
56552
57202
55942
56162
55962
57132
56652
55942
54902
55322
55232
56141
56701
54991
55202
56852
57852
55502
54992
56382
56272
55732
58142
56192
55432
55832
56762
58012
55801
55042
57992
55532
58062
55672
56202
55782
55122
57062
54902
56042
61472
58402
57972
55552
56261
56492
55612
55822
56922
56922
56892
56802
56302
56952
55942
56712
58942
55602
56712
54842
56232
55212
56402
56382
55642
56002
56122
56372
57072
55832
56702
55542
56082
57032
55742
56672
56162
57742
55122
57052
58112
56252
57212
56422
55932
55762
56382
55842
55772
56842
57622
60722
56981
56892
57142
57552
58612
56032
55142
56592
56462
56202
58092
54892
56022
57142
56782
56932
56361
55562
56262
55922
56362
58162
55242
57782
54882
56872
56172
55942
58922
55422
57012
57572
56712
56331
56782
57152
55852
56062
56252
58242
55382
56232
55592
57062
57402
56262
55552
56602
58432
63303
59492
59432
59192
58832
57442
57392
55962
56552
55792
55732
58402
64412
60302
56032
55892
56822
55692
56142
56952
56542
57462
55962
55692
56372
55972
56722
56212
55422
57192
56242
57762
55212
57332
56112
57242
57772
56602
56752
57512
58062
57442
59392
55152
56602
56142
56371
56202
55892
55942
63123
57792
56222
55142
56282
55952
54892
57352
55832
50972
55722
56002
56812
55621
56231
55552
56742
54692
56962
56772
54612
59582
56242
56162
56542
57322
56452
54792
56241
55521
56461
55642
55382
57032
56772
55532
58292
55212
60892
61272
