126920 
42500 
44800 
41880 
39050 
36480 
36290 
39410 
38310 
38720 
38960 
38290 
37470 
41220 
38530 
37700 
37310 
35510 
37190 
35250 
36720 
37220 
37060 
36850 
39020 
37960 
35390 
35300 
36530 
40070 
38450 
37340 
37090 
35580 
38630 
36210 
38140 
45550 
37680 
38750 
36060 
36730 
35990 
35770 
38230 
38020 
38380 
36360 
35520 
37850 
38080 
37210 
40260 
36000 
35220 
35860 
34370 
37370 
34890 
35640 
36570 
36580 
37070 
35260 
35830 
37370 
36140 
36070 
37540 
37000 
37230 
36320 
38760 
37260 
37040 
40390 
36020 
36200 
36780 
36150 
37530 
38400 
37660 
37430 
36730 
37700 
37190 
43490 
38010 
37420 
34190 
36530 
35010 
35560 
36150 
34940 
37760 
39050 
37120 
36810 
38380 
36980 
36630 
36380 
36350 
37750 
39690 
39040 
37530 
36630 
34970 
35850 
36870 
35860 
38770 
35710 
35290 
37310 
35380 
35220 
35150 
34720 
36800 
35540 
37660 
37030 
36230 
37880 
35330 
36650 
36730 
36150 
36330 
37160 
37550 
35170 
35240 
45650 
39840 
36600 
35430 
35480 
34790 
36930 
36920 
39240 
36100 
35800 
38670 
37860 
35960 
37200 
36690 
38280 
35560 
37280 
36090 
39590 
36710 
37420 
36620 
36690 
36060 
35620 
36130 
35600 
35730 
37430 
34430 
39350 
34750 
37170 
36260 
34320 
37420 
34650 
36350 
37700 
35510 
38200 
36390 
38220 
43210 
43110 
36810 
37190 
35930 
36340 
34660 
34550 
36430 
36100 
36640 
36240 
35360 
36190 
35540 
37340 
37690 
36940 
37340 
35980 
37290 
36400 
36630 
37330 
36190 
37050 
35620 
36310 
35100 
36660 
37700 
39010 
36670 
36040 
37610 
36120 
35360 
36540 
35430 
36660 
36090 
38250 
36020 
35450 
37770 
38710 
36890 
36520 
35730 
39540 
38690 
37480 
37050 
35840 
34230 
37680 
36180 
37190 
34850 
35240 
37380 
35340 
39130 
35080 
37750 
36780 
35980 
35790 
37720 
35080 
47270 
36920 
37190 
36590 
38690 
37220 
35830 
38170 
35810 
36080 
36640 
38940 
37600 
36010 
35250 
36050 
36920 
38920 
37810 
36950 
35200 
35680 
35830 
37480 
35800 
38740 
38800 
36660 
35580 
38210 
36660 
38440 
38240 
38150 
36690 
35860 
34920 
38440 
37610 
38280 
35840 
35140 
37390 
36090 
36810 
36410 
38510 
41110 
37020 
42740 
42310 
35730 
36380 
35990 
36610 
37320 
34740 
36620 
36890 
36370 
37010 
35500 
35490 
38270 
36420 
37480 
34270 
39010 
37660 
35740 
37150 
37560 
36420 
38600 
36170 
39030 
36600 
35910 
37910 
37290 
38500 
36110 
35020 
38580 
37870 
36350 
37480 
35190 
37870 
36940 
37620 
36920 
36830 
36360 
39910 
38430 
35810 
37860 
37110 
45620 
42640 
38060 
36760 
36970 
36910 
36870 
36920 
35830 
38090 
37810 
36700 
36810 
36270 
37140 
37310 
37940 
37570 
37020 
36340 
38460 
38990 
37090 
35640 
37080 
35740 
37450 
36970 
36400 
38200 
38640 
38740 
34550 
35280 
39410 
36150 
38220 
37110 
35310 
35910 
35300 
36500 
36790 
36180 
36210 
35740 
35560 
37590 
34580 
38670 
37160 
36740 
39160 
35280 
36640 
36840 
35540 
38040 
35790 
39390 
36890 
36820 
37520 
37330 
37490 
35650 
37000 
34620 
38720 
41320 
39600 
36870 
35580 
37330 
37060 
36790 
35780 
35050 
36090 
37010 
36080 
36400 
35560 
37880 
36690 
36690 
35130 
34970 
37770 
35270 
36590 
36340 
34770 
35100 
37290 
39700 
37110 
35300 
37310 
36880 
34440 
38240 
38480 
36540 
38190 
35610 
38120 
36590 
36060 
37000 
36380 
35870 
37810 
34700 
37320 
44930 
40040 
37550 
36550 
36390 
40020 
38190 
35420 
34920 
36360 
36970 
36960 
39080 
36560 
35670 
37920 
38750 
38500 
35930 
36310 
38590 
36220 
36120 
36190 
34780 
37770 
35900 
36350 
36170 
38500 
35790 
36570 
37120 
39640 
37980 
39100 
44230 
48500 
38160 
35000 
34790 
37180 
37020 
37590 
36690 
36560 
38820 
38940 
38460 
38280 
45470 
39710 
35690 
36240 
36710 
39130 
37110 
36150 
38200 
39400 
35760 
35040 
37160 
36780 
37740 
36880 
36260 
38240 
38490 
37740 
37320 
35460 
40340 
36130 
36280 
36480 
36320 
37870 
35050 
36060 
38980 
36760 
36480 
36550 
40440 
37340 
36420 
35480 
38490 
34720 
36360 
36060 
37100 
37370 
36320 
38050 
36110 
39290 
37360 
37070 
44820 
37950 
36040 
37940 
37600 
38620 
36990 
34800 
35030 
38130 
36920 
37220 
35530 
36230 
37870 
36940 
39700 
37210 
34630 
37580 
35240 
38350 
35130 
35520 
36340 
36040 
36720 
35600 
35060 
35930 
37460 
39830 
36650 
36590 
36990 
38130 
39540 
36210 
37050 
34500 
36600 
35430 
37430 
36920 
37340 
37910 
36990 
37520 
39400 
36980 
36430 
36350 
37320 
37050 
35140 
37300 
36050 
37610 
36420 
36520 
34610 
37860 
36720 
35320 
35840 
35170 
38050 
35090 
36660 
36470 
36340 
38240 
37660 
36340 
36060 
35890 
37840 
36880 
35620 
36510 
35770 
39130 
37250 
37860 
41000 
35810 
36640 
39530 
37190 
39120 
36740 
35970 
37790 
37870 
38650 
35790 
37920 
36940 
36450 
37930 
37110 
37700 
37070 
37390 
37320 
38090 
51780 
41000 
35420 
38140 
35690 
35600 
36090 
37350 
47340 
40780 
37280 
39470 
37340 
36620 
37220 
36730 
38130 
37740 
35740 
36710 
35710 
35110 
36340 
35770 
35710 
36610 
37150 
36980 
36700 
36040 
37030 
36880 
38000 
39270 
36510 
36540 
35580 
37860 
37630 
36800 
37570 
37210 
38080 
38230 
35420 
37180 
37750 
36640 
37670 
35380 
35750 
36330 
35290 
36950 
36750 
37020 
36980 
35480 
44330 
39010 
38170 
35250 
35180 
36880 
36120 
37160 
37260 
37550 
37130 
37610 
34660 
37110 
36610 
36340 
37570 
38390 
37550 
36820 
38550 
36960 
36230 
37500 
37220 
34670 
36880 
36780 
37190 
36740 
37540 
37740 
38420 
36680 
37270 
37510 
35780 
38730 
36930 
37710 
37810 
34440 
37130 
35730 
37210 
37390 
36550 
37540 
36730 
35890 
45580 
38170 
38670 
39670 
36760 
41350 
36090 
35470 
38960 
35600 
38390 
35190 
34680 
36790 
36170 
38020 
36610 
38160 
36970 
36140 
36370 
38470 
35330 
37670 
36760 
40710 
38090 
36150 
35640 
38840 
37070 
37000 
34990 
40560 
38400 
36680 
37110 
35790 
35410 
37960 
37200 
37190 
35560 
37370 
37880 
37280 
39090 
35880 
35020 
36070 
36510 
37340 
35950 
35420 
35620 
37130 
36290 
35660 
36190 
39620 
37430 
36230 
40520 
37790 
36610 
38120 
36000 
38740 
37330 
36920 
37050 
37020 
39250 
39090 
35300 
38030 
36770 
38190 
36100 
35520 
35990 
37740 
37260 
35970 
36460 
36140 
35840 
36820 
37290 
36270 
36920 
36390 
35800 
37280 
37180 
35670 
37140 
34930 
36570 
36600 
35640 
36770 
37610 
37340 
36020 
35180 
36360 
35950 
36370 
36930 
36640 
35650 
36820 
37390 
36330 
46810 
37190 
38610 
37360 
37170 
38340 
37360 
39870 
36670 
35830 
36580 
38600 
39950 
36220 
36960 
37080 
36320 
35870 
37510 
38900 
36080 
36730 
35840 
38620 
36630 
36240 
35440 
36160 
38580 
37230 
36700 
36930 
34990 
36970 
35200 
37130 
35360 
36210 
38390 
36570 
38150 
36880 
35890 
35440 
37250 
36400 
37650 
35250 
35080 
38580 
44260 
40480 
39630 
38600 
37560 
35430 
37840 
36230 
37130 
37130 
36180 
37020 
37930 
35980 
37470 
36570 
36610 
36180 
36320 
33990 
37560 
37470 
36430 
36680 
35960 
39490 
55330 
40150 
36900 
35690 
37540 
37950 
37340 
35630 
36080 
35310 
39890 
38840 
38950 
35500 
37960 
36460 
39090 
38320 
35380 
36660 
40350 
40180 
36590 
36050 
45500 
41930 
36070 
41810 
37730 
36880 
40530 
41180 
42310 
38290 
36770 
38590 
40670 
38720 
39510 
36070 
39140 
37640 
40460 
37160 
37140 
37070 
37910 
39760 
36860 
34950 
35330 
37350 
36200 
39410 
37830 
39630 
40900 
37190 
39080 
36490 
35330 
38460 
37590 
36100 
36530 
36380 
38520 
35270 
35970 
36290 
37820 
35770 
36920 
37610 
35390 
38050 
39640 
36860 
35450 
38190 
37280 
36720 
37990 
37120 
36280 
36000 
35780 
38700 
35350 
37480 
36890 
37380 
37120 
34270 
39050 
36180 
35850 
35200 
38010 
37830 
37590 
35280 
36760 
38090 
37230 
40700 
38310 
37480 
37330 
35960 
38040 
37470 
38310 
38630 
35890 
36560 
35790 
37990 
37800 
35460 
39340 
36330 
35740 
36220 
36670 
38440 
37630 
37440 
35240 
38020 
36790 
37130 
35960 
36670 
36970 
37530 
36450 
40710 
46680 
42990 
38390 
36910 
36150 
35410 
37490 
38430 
38110 
35810 
36670 
35480 
37500 
37900 
38540 
36440 
35280 
37760 
37070 
37900 
37040 
35680 
37920 
36030 
36840 
38630 
38880 
37360 
37050 
37810 
35330 
35240 
38720 
36700 
37360 
36610 
36780 
36600 
38550 
40640 
37260 
36510 
35800 
37370 
35920 
36950 
36570 
37110 
38220 
35920 
44910 
37430 
36940 
39330 
35940 
37580 
34660 
38330 
36950 
37630 
36320 
36390 
37250 
35080 
38680 
37130 
37920 
36200 
35660 
37860 
36140 
37540 
36140 
39830 
38020 
37710 
36830 
36630 
36480 
37570 
36540 
37970 
37580 
36420 
37160 
36750 
36750 
36390 
36570 
39080 
37620 
37160 
37240 
35780 
36960 
36980 
34820 
37590 
36270 
36030 
46450 
37810 
35940 
36520 
36190 
38080 
37030 
37480 
38700 
35900 
37970 
36090 
37880 
35330 
36400 
37030 
37510 
36400 
36210 
36600 
36940 
37200 
36260 
36870 
36130 
38930 
36860 
36510 
37990 
36970 
36490 
36650 
36990 
37330 
36380 
35990 
36880 
36340 
36570 
38320 
41810 
36930 
39170 
42730 
49250 
40210 
37270 
38190 
36730 
36310 
45300 
40510 
39740 
36250 
38430 
38020 
36980 
39300 
36800 
38120 
36550 
35900 
37800 
36410 
37140 
36020 
35320 
36910 
37560 
36170 
37580 
35840 
37430 
38550 
37680 
37570 
39270 
36860 
38530 
37450 
38010 
37280 
36640 
36440 
36350 
40900 
37890 
37030 
37140 
41190 
41530 
39160 
37620 
36640 
37600 
40840 
36470 
36280 
40750 
39400 
44950 
45690 
39710 
38130 
37960 
39450 
37600 
36280 
37030 
37830 
36620 
42720 
37330 
36210 
37210 
36550 
37700 
37570 
37070 
35370 
37880 
38250 
38300 
42090 
38630 
42360 
39580 
38740 
37080 
35410 
39040 
35430 
37730 
36910 
36440 
38160 
36370 
37690 
35670 
40920 
39310 
36340 
38380 
37300 
37520 
37570 
37250 
37370 
35390 
35140 
36390 
53800 
43160 
37810 
36570 
36150 
38840 
36510 
37530 
36950 
36660 
38180 
37750 
38780 
37030 
36590 
37130 
35020 
37010 
39740 
37220 
34780 
41940 
43460 
39430 
36400 
36710 
38820 
37450 
36970 
37640 
36380 
36580 
36180 
38100 
37570 
36170 
39730 
36060 
36880 
39260 
35230 
37350 
35820 
35690 
35850 
36550 
37200 
36990 
40260 
37280 
43900 
44180 
37470 
36790 
35690 
35180 
36070 
37510 
36650 
37270 
36600 
37690 
37390 
35440 
36870 
35680 
35680 
38140 
34800 
37780 
36660 
37070 
36810 
39550 
39960 
36510 
38020 
35460 
38040 
35990 
38470 
36690 
35860 
38060 
36520 
35740 
36530 
36530 
39980 
40100 
39370 
37560 
34990 
38160 
37090 
36790 
37430 
36270 
35970 
40920 
45440 
39350 
37070 
35130 
37690 
35820 
37700 
36490 
36030 
37610 
36090 
37820 
36040 
35220 
41210 
36530 
36820 
36590 
36290 
38030 
35780 
38300 
36820 
38750 
39710 
37820 
43440 
37550 
36360 
35040 
36460 
36060 
37380 
36040 
37290 
36950 
35920 
37720 
38100 
36360 
37670 
35830 
36930 
35680 
36180 
36130 
35540 
37650 
38140 
38390 
44870 
40190 
40320 
37390 
36390 
35550 
36420 
36200 
36840 
37910 
35790 
36590 
37010 
36860 
37770 
35380 
37240 
36700 
37270 
36860 
35080 
40520 
36810 
35880 
36670 
36140 
36190 
38710 
36870 
36660 
36010 
35180 
38160 
35510 
42120 
37740 
35900 
38380 
36400 
40760 
37660 
36180 
36760 
36240 
37530 
35890 
39180 
38410 
38010 
38480 
47210 
39520 
39610 
37240 
38000 
36940 
36240 
36920 
36820 
41230 
37770 
36310 
37010 
41330 
36740 
37180 
35110 
36400 
37290 
37640 
36220 
35730 
38280 
38660 
36290 
36870 
35440 
38470 
37140 
38750 
37890 
36670 
36070 
34790 
38120 
37150 
37110 
36930 
35700 
36520 
36580 
38770 
36940 
34720 
37540 
34730 
37080 
36150 
36650 
38830 
43030 
38630 
39030 
40100 
36870 
36350 
49620 
38500 
35070 
39450 
37320 
36050 
36950 
36560 
36920 
41710 
37510 
37530 
36630 
36830 
36760 
35320 
37470 
37070 
36520 
37710 
35490 
36000 
37570 
35420 
35550 
39770 
38470 
37400 
34760 
36110 
38130 
36170 
36140 
42350 
36740 
37920 
37030 
40910 
38310 
36400 
36350 
35700 
36330 
35320 
44300 
42470 
37800 
38240 
37830 
35790 
38860 
38880 
37100 
35790 
36880 
35010 
36390 
36730 
40690 
37690 
35070 
38070 
36240 
39940 
37590 
36950 
37300 
37970 
38270 
36750 
35840 
37760 
36930 
38020 
36510 
39210 
36800 
37890 
37550 
38510 
36590 
36020 
38820 
36150 
38300 
36570 
36070 
36100 
37810 
38210 
36760 
38080 
37800 
35080 
44210 
39290 
38050 
38130 
38380 
37610 
34790 
37290 
35680 
36930 
37420 
37140 
36150 
34880 
38280 
40470 
38140 
35920 
35350 
38160 
36140 
37250 
36790 
35700 
38630 
36010 
38100 
37100 
36280 
38070 
36610 
35910 
37610 
35100 
36830 
38110 
37330 
36930 
37640 
39320 
37340 
35040 
37060 
36530 
39230 
38200 
35290 
37770 
37030 
36540 
43220 
38230 
37730 
39090 
37700 
39500 
36970 
37040 
36940 
37060 
35740 
38090 
38340 
37760 
36460 
36330 
36140 
35530 
36140 
36790 
34710 
37120 
37110 
37110 
38640 
35180 
37060 
37010 
36520 
38690 
35550 
36950 
36830 
37060 
36000 
35730 
36060 
38170 
35700 
38250 
37120 
36500 
37400 
35980 
36590 
37270 
35670 
38960 
36220 
36360 
43670 
38020 
38320 
36210 
38710 
40280 
37760 
37480 
36700 
36570 
36650 
37900 
36970 
38170 
36430 
40350 
38400 
36940 
39340 
37090 
36840 
36970 
37680 
38000 
34570 
36540 
36750 
35420 
39470 
36110 
37730 
37390 
35310 
38430 
37550 
36690 
36790 
37830 
36420 
40170 
38680 
37160 
35610 
36480 
37710 
39280 
37030 
35580 
36330 
38250 
43110 
40720 
37160 
36380 
37930 
38870 
37400 
36650 
35750 
38120 
36140 
37600 
38000 
36650 
34380 
38080 
35170 
38240 
34440 
35670 
38100 
34700 
37090 
37920 
35780 
37030 
36270 
38320 
35710 
37030 
38780 
35550 
36940 
36920 
36100 
37500 
35620 
38370 
36370 
36390 
35290 
37350 
37960 
36820 
35730 
36390 
36030 
35530 
35880 
35420 
44860 
40390 
36920 
37650 
35920 
37390 
40970 
38210 
36260 
35760 
37770 
38220 
38270 
44690 
38640 
36840 
36090 
38190 
35200 
36360 
35420 
35990 
40970 
35960 
35970 
36720 
36190 
37060 
35660 
36720 
37720 
36070 
37640 
36710 
35810 
36960 
35900 
39150 
38090 
35490 
40850 
36770 
38230 
38350 
38440 
36200 
35720 
35490 
37400 
36600 
47800 
42050 
37810 
37920 
37110 
37960 
38020 
35840 
39430 
36640 
39920 
36870 
37020 
41810 
37100 
37220 
39560 
36270 
36030 
36870 
37790 
39620 
38970 
38160 
37200 
39990 
36880 
40190 
35920 
37340 
37070 
39790 
40320 
36790 
36010 
37510 
41050 
38460 
40410 
43130 
