71460
50340
49310
50100
49060
56320
49370
52330
52271
51210
46091
44850
46990
44400
53190
50490
121200
126561
136200
133050
110370
108500
117661
109760
129241
102180
145620
119630
115080
110000
113520
130961
122170
124451
127060
125451
134840
112200
120601
100730
128031
131020
118110
128240
105250
110170
116320
130871
120680
121471
108390
118841
136540
103730
134401
109560
123081
126360
110791
131620
110631
129830
135450
119761
94260
111491
139860
126961
131330
120840
117670
125660
108450
122810
131671
121900
110721
120480
128900
116080
116670
135761
127730
124451
125740
153650
132250
124140
120370
105400
102891
111730
140020
100950
117620
114470
134040
142331
95860
115871
118720
131871
117090
105330
108530
113130
111270
109480
142551
131340
129700
145491
108400
114440
102560
107581
134000
125501
111930
111700
123170
138900
109830
125250
116881
124380
119750
127080
123290
112850
123640
103850
115970
127091
112550
116700
115040
129970
111170
102940
133601
131980
113791
100140
120640
126490
132660
108990
126640
108821
120730
131980
118740
112560
122430
124040
111060
102730
122861
121040
120730
118160
109980
125730
112900
136591
113910
127871
115460
134900
116390
115040
101650
113590
113901
109400
126421
118390
105270
121550
109830
123661
121380
122291
121260
133360
129150
119810
110930
129220
132501
121180
118261
116110
118310
119920
138080
119011
106010
124551
128050
130491
123690
114830
124050
105580
116421
122510
109541
130860
127850
105490
115140
90000
119790
99000
124890
111621
123290
114480
106860
111620
126791
103580
109291
115540
123461
103240
117510
132440
103520
129641
114600
107331
111620
118310
123180
128690
101480
109550
114741
122530
125351
108000
143650
121330
107100
127191
107800
137291
124060
111411
129690
108150
115140
133110
113841
108440
100711
115940
125270
124040
104030
122780
123960
128851
116720
111351
118850
115961
129450
121150
87061
141090
112721
110730
132210
115340
111540
125740
124310
117780
115930
131510
112980
116560
116060
131310
112010
122550
123791
112310
117261
123110
94150
120840
119840
134671
102450
111271
117610
109321
147280
119040
119920
106350
113071
122760
113451
109590
107960
115380
128190
120510
94530
125821
109630
119981
119560
119090
127250
107470
128031
105790
131691
115060
118151
131380
122110
127000
133500
106650
105210
117791
126330
115331
120180
135420
120410
132760
128911
113410
130731
126860
116740
137430
113140
127131
132810
116361
120270
95941
109500
107270
118600
123300
111090
119610
118431
129090
112210
118330
122060
115090
116280
124881
113950
132201
117260
113990
110570
110650
117820
105640
95781
133870
105901
128210
120130
121470
119780
116811
121080
115011
114260
121911
94050
130960
115760
112890
132191
111520
122171
125300
127140
118210
108860
133461
112330
121591
112580
125801
129590
135530
125190
120060
111560
107480
115841
132060
111090
109250
108900
121050
113370
94600
114130
133510
118010
137180
118630
119550
103750
117110
102401
122760
114271
113040
113080
123160
123840
108890
123220
113091
140710
111561
111540
135490
117810
121160
120391
104790
132241
119470
128900
113940
110650
129351
121070
116851
128430
112111
128490
122300
122080
127230
107110
113780
126061
110560
118151
114210
134420
103530
112480
120561
179480
121411
129030
111740
123820
115860
114580
104270
116531
121410
103531
130690
137740
119990
116010
110340
125040
108941
111730
103611
122390
128000
127151
123530
118611
114510
118991
128760
117460
120170
110570
137331
120020
118751
126760
123141
121080
112150
122980
105350
110260
111080
132211
117350
122921
119720
124800
107340
100710
118281
98590
129071
114360
127630
127340
120800
146841
126390
126151
127800
108131
134520
119630
136000
134200
140871
119270
140781
129830
135650
129130
127370
128930
129890
136971
110140
126881
119630
112020
109880
120820
134191
102000
115201
125560
137051
104030
141060
114180
121330
115981
122690
120261
119550
108181
106000
115300
115220
123490
136981
112120
126821
110640
120990
121030
131300
134691
102900
124081
98690
124111
109220
115320
113110
113800
107990
122840
101721
113910
133640
107680
125970
130730
133740
120771
110950
127301
122130
113491
126990
122960
112680
127670
113811
111080
134180
118830
120650
110780
124510
120281
104450
128721
126030
128051
126610
116900
120390
122450
134921
118870
100371
112400
106700
113700
127230
119340
116910
117241
114470
124150
110830
118630
120670
120820
119661
111170
113921
111890
97551
103570
130480
111940
99330
128761
114600
123461
100550
115631
128450
115900
130851
117160
115871
130210
121851
116770
114820
121380
130670
123931
132700
116411
133240
133760
108260
128560
117550
125940
124611
135010
114291
126400
118321
136960
117780
117640
98450
129961
127860
134200
110950
118020
133120
120870
127361
125880
117011
125230
119881
125020
122340
107020
123110
105900
131460
112331
135060
126650
127900
129810
124921
120390
110971
131500
121450
111330
141210
128380
96400
128751
119470
119691
120620
120330
118820
126660
113760
122930
119381
115460
108491
104520
116720
125410
108020
104630
124210
118301
120340
111071
114530
126780
137431
124010
122511
114130
123441
119620
130011
121920
123730
126041
132180
126301
125600
129711
122170
125050
132430
120420
106490
122030
132251
114690
118941
106030
124430
115160
117690
122651
111240
98311
124590
122511
142890
115240
119650
126130
127031
135600
85510
111770
129930
109450
101710
122000
122590
114071
109990
114561
107740
105920
129260
122420
123501
105250
112521
129890
114621
128710
112550
101890
131720
122451
118060
121041
120790
109470
120510
131530
111860
128350
112431
103730
121181
100250
131530
117890
101170
115861
120150
120731
116190
104081
126370
104870
126790
134570
114001
109060
116991
129700
100931
114200
104880
101400
132590
124471
141580
107871
102400
114270
116400
144150
122201
116820
130521
108520
107861
125510
121030
118241
120640
114691
126020
117121
126220
129310
127100
109560
127291
124410
132041
103790
91051
101380
122290
108740
129680
111760
130130
119681
120670
92681
120940
120860
121661
132640
124781
113940
128341
133330
115820
119620
127450
111280
135730
108091
119860
126471
122230
127230
112060
127440
117451
112140
121521
119680
116841
118670
119090
128620
128540
115281
132760
123011
117770
124361
122800
124600
121550
132390
102441
111170
135211
128710
134880
128790
123030
111040
112370
128681
124070
124541
120100
119750
119440
119550
123861
127170
113351
136170
123171
98290
108650
102590
118080
134311
112040
116261
132660
118820
109200
116860
122950
115590
117031
118010
122991
122530
133220
109060
119230
108560
122300
95581
127160
127170
120810
126420
136801
111450
108371
110180
109701
121240
108330
130740
109270
119011
131170
115871
128720
121861
129850
115820
128670
106310
102060
128800
128231
108910
124160
111080
135760
111771
128170
101311
109080
111771
117660
127720
118920
106430
111640
130480
121951
123690
112281
133320
125670
111590
118090
117391
130780
115081
114630
118221
121360
112150
137200
126300
124241
110660
117121
117700
126820
121260
102020
128401
115350
123391
133770
118621
136830
122100
115070
128380
121120
133190
123581
127430
118320
106660
99180
115191
117780
116951
109780
130391
127480
112970
136860
105440
115740
137730
117241
126780
116611
118510
90460
104420
128980
113900
123210
136111
112980
122701
129360
110590
124031
120830
137381
108100
123631
112180
117081
121480
136010
121931
122320
119931
125150
101941
127000
132280
115380
134320
126721
128860
105311
119440
121670
120460
130820
127911
112530
99821
119690
124681
119720
137610
128501
116420
125761
113240
116711
119760
111591
126450
123940
103170
127670
129371
122010
132961
118970
129500
120650
126880
116410
106090
111301
131360
134451
140390
108830
109790
103690
119920
133720
104221
126810
130971
110420
127120
115560
118520
124331
129460
123311
119670
108881
130220
124320
94470
135420
111331
106560
124411
130490
112121
134960
101560
119630
130990
104281
121780
104251
103650
114770
96640
125330
118521
113640
119641
125090
127741
120200
109780
102730
114260
122421
127760
118431
123420
110041
114310
125590
109620
118740
117591
121380
137970
130000
108480
114720
122970
136431
108570
126871
110180
122430
135320
126270
133211
126980
122351
119020
138251
126400
104631
137940
124840
116490
128660
128491
118260
124870
116450
129800
99770
116830
103761
137620
124051
129970
127331
139610
131530
131220
129380
119101
115280
119181
144230
117200
113350
124510
110720
130300
115971
141150
122351
131770
121610
118460
127940
135141
118450
133651
141690
135930
116330
126620
132210
127840
117211
135190
104751
123140
135520
125410
134440
117570
121580
134041
123140
125641
113290
120620
122730
128350
115680
117520
131211
124940
135271
101640
112360
118210
132650
129561
127540
113111
115650
124181
111050
101870
114020
122910
127231
115220
131201
106690
110261
127670
136510
109730
109960
132171
116030
122870
109100
118250
141680
114300
129281
114980
122011
123550
109551
106860
119840
124641
110560
126261
104330
127521
104320
115350
132680
121730
127880
103220
100411
103090
128171
131790
108841
108270
113230
115010
122770
119471
117090
100441
122510
113170
142991
128490
115491
139790
122581
120080
112021
123830
110970
137681
106010
114741
142300
118761
118040
104340
128160
126700
98660
125110
115881
123040
117921
105730
126580
115710
126320
135271
101100
116271
108040
108220
126810
122660
121440
113960
120851
118280
133281
121220
121870
123370
116240
132441
108000
114471
124120
138910
105910
128770
110350
130760
113621
121180
132851
112960
121040
121070
121370
114050
105570
113811
121860
118891
121660
121790
104700
118170
127490
107160
126721
125960
144960
115590
120700
121460
107480
131941
121800
141461
117410
128791
129020
128880
121530
114340
117981
129520
134961
117870
113881
113720
110560
124561
117070
118691
102330
100921
117820
116980
132841
120650
118531
118810
137981
120750
113700
123410
117120
139521
127970
115251
134080
112621
141750
122160
116790
143090
128871
121640
124451
122740
120831
123010
129320
121801
135610
123171
128940
132531
121060
138450
133970
113810
116560
129370
130631
126240
110631
127270
117540
123960
124010
115920
111830
128121
130510
124280
100390
119640
116281
104510
127711
119310
120121
125900
110750
126170
111210
126550
120420
130431
126080
122731
133820
112690
125790
122980
121860
91770
108771
133400
104601
117070
112140
118480
96310
110311
121910
118091
121110
111091
121520
113660
114540
94010
114371
130840
124041
111340
133530
127940
101620
118960
121040
126251
121420
129521
127000
117760
123110
104390
121541
123920
129641
104970
117831
125930
113860
126320
126610
128681
120240
116581
117830
102880
120740
124540
124801
123190
115391
107240
117380
112160
122740
112470
113190
104690
123880
114971
120150
101200
107420
105420
115280
131140
116321
129000
115691
132620
119360
128080
106730
124770
122420
111851
115320
121491
116470
126090
128230
125890
132711
105190
99171
118020
116021
103690
111580
139171
129280
116051
121290
114571
123030
115240
107740
99780
109830
101230
118391
113510
121331
117190
121060
106450
126380
129681
108720
113391
103390
112940
133710
111140
137701
122140
114491
117850
117181
111290
120100
124220
137850
123401
124420
120771
119830
117311
123030
111000
124540
123050
127890
118160
127981
130290
111831
110180
130720
122020
137840
106170
119810
131451
120280
129300
130110
101720
129041
116070
133031
113890
104331
108450
141140
116320
111570
108780
119790
130181
130700
110931
121110
122010
120460
134800
121511
127880
118940
118410
132230
110980
114710
122211
122170
130111
105360
137291
129660
116400
132170
136830
118200
125850
121461
124490
116391
136070
113980
130770
122070
117321
132650
109631
119400
114080
130880
107250
118940
118310
119421
125000
139421
124290
106870
129530
115390
116360
138510
115991
102130
127351
119910
99680
131351
107370
111921
126710
125741
107190
128890
120590
117630
119550
118660
118211
121970
126911
126180
119260
134290
113270
121711
115580
119531
134150
122281
138540
124510
121510
129450
111260
124300
122211
143510
119350
117370
118540
112110
135120
128201
111580
125151
105680
111520
126091
110260
138061
120030
127461
114220
121490
133610
129020
112320
131420
115651
112240
125041
111710
134670
104000
121690
108850
101680
119111
120770
120500
135540
127890
114380
100410
100730
131270
127841
112830
109131
110650
124580
120280
119110
101630
122330
127231
127290
129800
114360
133140
129881
123030
96141
122940
113871
127730
119130
122020
94490
136881
122510
104251
135910
114581
123660
129680
111490
138270
107690
118710
92191
126340
121090
136020
120030
105610
96710
118591
107660
123251
110520
110880
118320
125920
134651
107050
124341
109430
123191
133860
129650
130350
106000
120881
117210
129771
109960
120850
90550
121960
121921
138630
124991
129680
122251
104900
121100
120660
118750
129421
136650
124351
95290
126271
126310
115500
124240
122400
125161
123200
128531
107560
123770
121370
136570
108261
124390
122931
128590
125401
127870
112510
124050
125150
136021
119590
139891
132800
135350
115740
124080
128400
113800
139211
119940
125030
111690
105810
119650
140660
130781
109360
106451
106410
127050
112790
118430
119160
132540
130961
137880
115081
117600
125420
117120
124880
115490
110890
121301
113430
122421
112760
122601
132050
105080
126881
111400
129281
123890
117681
118730
118640
125470
136840
122001
111120
123051
117750
123470
124740
102430
113220
119490
116161
136780
118711
114380
120570
127330
114350
100610
121320
116321
97720
134931
119660
90421
133290
111180
123481
134720
107391
121740
122960
104960
122640
110080
107210
98990
101100
117651
109270
124860
116750
106520
119740
95890
128491
112430
105721
116510
102050
103740
124910
123440
110490
106881
115880
130411
120720
109110
107770
135980
113871
109280
122311
119870
115811
109580
114720
124790
93790
91031
103490
125251
132580
120971
113400
120790
119521
126450
124811
122010
121041
126190
126550
132610
136510
127771
121410
122521
108560
131200
138870
110470
121820
