99890 
52760 
40800 
48080 
38590 
76530 
55660 
59820 
56890 
53280 
59180 
56360 
56820 
60200 
56570 
55370 
56960 
53260 
55630 
53700 
51180 
51550 
55420 
54270 
54060 
51450 
51650 
52990 
54480 
53780 
51430 
60160 
42450 
40800 
39050 
41430 
38320 
38710 
39860 
46530 
40490 
40320 
89460 
78020 
57110 
51320 
44340 
38590 
40930 
40900 
43970 
38040 
38330 
40720 
41830 
37960 
38130 
36250 
38600 
40480 
38780 
38170 
36920 
36190 
39840 
38350 
45200 
42670 
40730 
41340 
38790 
39030 
37950 
37910 
69220 
54680 
54730 
54740 
54480 
53480 
54590 
56260 
53220 
50190 
50380 
55000 
53830 
54730 
51710 
52950 
53700 
54990 
52310 
53410 
51120 
54920 
54420 
53030 
54390 
50700 
59120 
41920 
38190 
38290 
40260 
41780 
41760 
40640 
41390 
40680 
38790 
88350 
73250 
58330 
43370 
38820 
40650 
38620 
38180 
37130 
36290 
40480 
44980 
37710 
37260 
38040 
39740 
39880 
38330 
38220 
36610 
46250 
39260 
37050 
37890 
38100 
38900 
42860 
56120 
44740 
46120 
38020 
66560 
54200 
54850 
50250 
52600 
58150 
55490 
54010 
53470 
52580 
53710 
55240 
58360 
51770 
53620 
53540 
55600 
55200 
51510 
55960 
51670 
56230 
54040 
52520 
53900 
50790 
62560 
42090 
38160 
37820 
37690 
41210 
38710 
36480 
43530 
38890 
42410 
94170 
76800 
63950 
52140 
43870 
39760 
44170 
36520 
36200 
36710 
41230 
40860 
38060 
37190 
39190 
45500 
46970 
45590 
39360 
36570 
40150 
38220 
38030 
36560 
37760 
41990 
42970 
43580 
39310 
37770 
40960 
39810 
69680 
50930 
51850 
53020 
55830 
54600 
53880 
51350 
53690 
52380 
55520 
52800 
55560 
53950 
53260 
53520 
54270 
52470 
51550 
53250 
55750 
53690 
52250 
56060 
53820 
54680 
61310 
41090 
36890 
39980 
42330 
40530 
39290 
40940 
42660 
43750 
45660 
90920 
74900 
63760 
46860 
40310 
39810 
38670 
39250 
40860 
43850 
37440 
40870 
36930 
39080 
39340 
37410 
37330 
38300 
44230 
38710 
38340 
38850 
37490 
38400 
43390 
39600 
41520 
38570 
38210 
41780 
41460 
68370 
53140 
56880 
53810 
52570 
53420 
52760 
54410 
54390 
53380 
54800 
50150 
53390 
50700 
54080 
58280 
51500 
52520 
51970 
56040 
57860 
54000 
53710 
51810 
55070 
56650 
61100 
43030 
39790 
39100 
42000 
40850 
38040 
37640 
40990 
43490 
40150 
83820 
77280 
59040 
59030 
42710 
37010 
40220 
37170 
40390 
37460 
37090 
36640 
36200 
46490 
40500 
39310 
37270 
36330 
38550 
40020 
39040 
38930 
43170 
38410 
39160 
41000 
38720 
39660 
39000 
42490 
39980 
36220 
69600 
59080 
54180 
56120 
52090 
51390 
54400 
54790 
56470 
53750 
54750 
52590 
54950 
54890 
53590 
50990 
51340 
53140 
54970 
54630 
51900 
54430 
50660 
55020 
53970 
52630 
60070 
41300 
39480 
39020 
39870 
38850 
37610 
42320 
48640 
43250 
39670 
88730 
76360 
61030 
46450 
40160 
38860 
39360 
39640 
38080 
36520 
37410 
37410 
41360 
38960 
37750 
37570 
42160 
39740 
37860 
38020 
37500 
38160 
40660 
38210 
40760 
46300 
41830 
41910 
39720 
39160 
38910 
59170 
53700 
54570 
53020 
52570 
51550 
51130 
61000 
56470 
53530 
50670 
52690 
54750 
57360 
53620 
52950 
52480 
54880 
53880 
53930 
53470 
54820 
54400 
54530 
53290 
52110 
55060 
51510 
40600 
41420 
46160 
38760 
38490 
41640 
43900 
41430 
39490 
55600 
86490 
64300 
55580 
43050 
38810 
40520 
39280 
39220 
37890 
38330 
46470 
38670 
38030 
39410 
36970 
39480 
38050 
37950 
38690 
42700 
37490 
40150 
39790 
38840 
38500 
39530 
42060 
39950 
43820 
41070 
38480 
68230 
53980 
53010 
52410 
52470 
55210 
53610 
55540 
51950 
52060 
53870 
55640 
54510 
51840 
51570 
52830 
55740 
54790 
52030 
53300 
54510 
53910 
56360 
53910 
50810 
52090 
59580 
42980 
41130 
38130 
40580 
41070 
40960 
39380 
41980 
40420 
40720 
86340 
77580 
60230 
47580 
39490 
42230 
38890 
36920 
36350 
37370 
39770 
37330 
39930 
37630 
36560 
43350 
39320 
38090 
37970 
35520 
39140 
38990 
38770 
43020 
38480 
40580 
39730 
40260 
44300 
41650 
37840 
53260 
67250 
58050 
51920 
55230 
53250 
54460 
56120 
52410 
57000 
58160 
55960 
54330 
53720 
52490 
53150 
55340 
52580 
50900 
52730 
55760 
55200 
52870 
50490 
51890 
52120 
56990 
57330 
38940 
41140 
41900 
41890 
40310 
37410 
39500 
42120 
43140 
46810 
87950 
66610 
57540 
44440 
40410 
38710 
37330 
37330 
39330 
38060 
38580 
38060 
37410 
37510 
40740 
37920 
38380 
45290 
37580 
38600 
37520 
38830 
41260 
39340 
41540 
40370 
42790 
42380 
39850 
40970 
40400 
72120 
52680 
52820 
54620 
52740 
55300 
54710 
52220 
52680 
54910 
53010 
52070 
51030 
54310 
54270 
54910 
52420 
50570 
53360 
53050 
54810 
53290 
53010 
56850 
56330 
59770 
63470 
41990 
39730 
40160 
43940 
43230 
41020 
37690 
41150 
42600 
41390 
82290 
77720 
56720 
51770 
41430 
39700 
39690 
38100 
40060 
39890 
40090 
39070 
43220 
44510 
40100 
38400 
38080 
37390 
38260 
40140 
37840 
38020 
36650 
40970 
43550 
43190 
41580 
38530 
37250 
40810 
42850 
40840 
69800 
53460 
53950 
54930 
57740 
52410 
54520 
54560 
54250 
56680 
53080 
53270 
53180 
56430 
54960 
55510 
54850 
52890 
56210 
56850 
57440 
52910 
51600 
52940 
55910 
54790 
63140 
42710 
40930 
41900 
39520 
43560 
38110 
41390 
43500 
41040 
40020 
83720 
74760 
56620 
42750 
36890 
36930 
37400 
43040 
40000 
37660 
38670 
37400 
39430 
41950 
39810 
37510 
38500 
39280 
38560 
43510 
37320 
36870 
38030 
38870 
42000 
41930 
42270 
42460 
39240 
40010 
42310 
67200 
50440 
53900 
54440 
55820 
50820 
53110 
54460 
55190 
56170 
57630 
53070 
54960 
55080 
56150 
56080 
52230 
54240 
57120 
53990 
51220 
51690 
54080 
56580 
55460 
53980 
60420 
40630 
42080 
44340 
38510 
39760 
40000 
40870 
43510 
41160 
40290 
89130 
76550 
61470 
53390 
42110 
38120 
39940 
39720 
41830 
38980 
37200 
41430 
39310 
40140 
39030 
38900 
37930 
39960 
36700 
38470 
37400 
38570 
40300 
42630 
41880 
39020 
40400 
40490 
40200 
41050 
38180 
37780 
70430 
54680 
53540 
51850 
54850 
56310 
54230 
56290 
54040 
51640 
51700 
55380 
54580 
52960 
52370 
53040 
54860 
61610 
54040 
53110 
52660 
53670 
57730 
53000 
52660 
49640 
62500 
44180 
38760 
42290 
37910 
40350 
41090 
39660 
41330 
40730 
38000 
88660 
73270 
58040 
44520 
43700 
43170 
39340 
38500 
37550 
36660 
38390 
38870 
38780 
38120 
37720 
38940 
37510 
38060 
38770 
37880 
41230 
39510 
44340 
38110 
38870 
38210 
43750 
41480 
39130 
38590 
40540 
68850 
54010 
55480 
53670 
51300 
53600 
53160 
56070 
53250 
54610 
53050 
55910 
57770 
52890 
55520 
55480 
53990 
53910 
52040 
55110 
53590 
56460 
55900 
52990 
51790 
53720 
61680 
45510 
40770 
39270 
40240 
40900 
41640 
38640 
40300 
41600 
46680 
88590 
76580 
62890 
55210 
45100 
39050 
38530 
37030 
35800 
37550 
41630 
38210 
38010 
37590 
37830 
38990 
39210 
44780 
37660 
37740 
40040 
39740 
42550 
38350 
37800 
41480 
39590 
41720 
39610 
37240 
41530 
38640 
71080 
56490 
54680 
54110 
53940 
53010 
54580 
51530 
52420 
54020 
53480 
53940 
52050 
53630 
55170 
56240 
55170 
53430 
56200 
52700 
54740 
55030 
52270 
51240 
53980 
54210 
60820 
41680 
37020 
36380 
42480 
40910 
38330 
37720 
42400 
42960 
42120 
90860 
75220 
56100 
48030 
39880 
39590 
41560 
39440 
38770 
38920 
38970 
37680 
36420 
40170 
38190 
40090 
38870 
38070 
37320 
43570 
46310 
37360 
38410 
38330 
41520 
39950 
40700 
38470 
37940 
47320 
39500 
60870 
53340 
52300 
56200 
53790 
54830 
51080 
52610 
54410 
52720 
55670 
51000 
52560 
52080 
54790 
53970 
51440 
53230 
57570 
52510 
56920 
54710 
52930 
56110 
54080 
53910 
57610 
48280 
38960 
40440 
40750 
38550 
38970 
37760 
47050 
44140 
40130 
61890 
87250 
65590 
58780 
42190 
38660 
37350 
37390 
39440 
39930 
38460 
35930 
37350 
41160 
39220 
44480 
37560 
37740 
39440 
38880 
38360 
37310 
37860 
41040 
41870 
49370 
40750 
41560 
39760 
41880 
41750 
42910 
68160 
51930 
55490 
54890 
51660 
55230 
53060 
53570 
55590 
54120 
52140 
55720 
54780 
55940 
56820 
52980 
52770 
53260 
53400 
53200 
54820 
54020 
51140 
56560 
58810 
53130 
60370 
42720 
39680 
38620 
39970 
39600 
37890 
38790 
44920 
41650 
42860 
91910 
75660 
61000 
45410 
39110 
38180 
39980 
40650 
40160 
37870 
37530 
39110 
44730 
40070 
39210 
37470 
39510 
41380 
39960 
38450 
37110 
35700 
39090 
40250 
40750 
37850 
39470 
46420 
39760 
40000 
38730 
59920 
62190 
54690 
56090 
50650 
49690 
51020 
53990 
55680 
55240 
50380 
51370 
54680 
54880 
56280 
53720 
54500 
55110 
56010 
52650 
52630 
52730 
54440 
54080 
53060 
52820 
52680 
56880 
42910 
39150 
38900 
43780 
38580 
43750 
40750 
42760 
43290 
40660 
87700 
66070 
57170 
41530 
37320 
40040 
38690 
38190 
38140 
37310 
39890 
39490 
44210 
37320 
37100 
38960 
38560 
38160 
37760 
37730 
37970 
40750 
37340 
37500 
37670 
39710 
41210 
39950 
39110 
39350 
38350 
71430 
53840 
54670 
52210 
52360 
54810 
62830 
60740 
53430 
54890 
53220 
53380 
57570 
52600 
51900 
54280 
54140 
53820 
54010 
55120 
52850 
54800 
54740 
52360 
53450 
53320 
58350 
45000 
40240 
38000 
39250 
41040 
39580 
38370 
45550 
41050 
42410 
88440 
76580 
55950 
48000 
41670 
41670 
39130 
39360 
39110 
37920 
39510 
38490 
40820 
38240 
38800 
39370 
37160 
38780 
38090 
37030 
43020 
39670 
37360 
38810 
41020 
41690 
45760 
40370 
59150 
48570 
41350 
43060 
67790 
52210 
52040 
51000 
54170 
56110 
54940 
51000 
52430 
54510 
54310 
52610 
53500 
52690 
53090 
54740 
55870 
51680 
50950 
54470 
55570 
54610 
52600 
52890 
52290 
57410 
60480 
39960 
38310 
39520 
50890 
42400 
42320 
40900 
41480 
42280 
40170 
86640 
65730 
57590 
45570 
40630 
38540 
38500 
39880 
41540 
41220 
44730 
37280 
38140 
37660 
43800 
40310 
39020 
37270 
37510 
39790 
41290 
39900 
36450 
37970 
42100 
40810 
39650 
39500 
45210 
40840 
39210 
70690 
53760 
55860 
56980 
54120 
52520 
55560 
52850 
57960 
56450 
56290 
51870 
51640 
54580 
58990 
55540 
53000 
53460 
54080 
56010 
55510 
57920 
52180 
54520 
53830 
54380 
60880 
42600 
39170 
40930 
40300 
39780 
37490 
42980 
43520 
44860 
43940 
90740 
80570 
56980 
52610 
41150 
38890 
42820 
37280 
39560 
38590 
37920 
38800 
38460 
38510 
39250 
39610 
38940 
36740 
40490 
38930 
37400 
37580 
35960 
37830 
41960 
42230 
40060 
39280 
41580 
40890 
39420 
39800 
68190 
54120 
56220 
52160 
53680 
52840 
57640 
54260 
56150 
54410 
52770 
54090 
54400 
54560 
54120 
54240 
53010 
51650 
53820 
55750 
54070 
53100 
51900 
53950 
53830 
53300 
61750 
41330 
38580 
39370 
41350 
38680 
38740 
41230 
47410 
42110 
40820 
90720 
70270 
60000 
44290 
38710 
37490 
37430 
41290 
39400 
41750 
37940 
37270 
40420 
38070 
38620 
36440 
36540 
39680 
40860 
49600 
40620 
41370 
41160 
38320 
39730 
39600 
41960 
42040 
40860 
38800 
36690 
68310 
52730 
56550 
58930 
54110 
52150 
54290 
54550 
56110 
53990 
52560 
51670 
54800 
56120 
54730 
52960 
58580 
54520 
56360 
52950 
51140 
53900 
53840 
55640 
54500 
51260 
60880 
41810 
40900 
38620 
39710 
39020 
37840 
40700 
43800 
41740 
40740 
86760 
80810 
61210 
53110 
45270 
40480 
40210 
39050 
38290 
38180 
37520 
42720 
39550 
37280 
38760 
38520 
39110 
40330 
37620 
37030 
38010 
38120 
39370 
39520 
38400 
38970 
40580 
41130 
40620 
44950 
39870 
38590 
68010 
55710 
57580 
51590 
53510 
54880 
53420 
52770 
52310 
53760 
51800 
55920 
53970 
52680 
52740 
53020 
53810 
53610 
53500 
54370 
51260 
60460 
56820 
54190 
52760 
52650 
61340 
42620 
38540 
39080 
37490 
40060 
39780 
39180 
43360 
42200 
38820 
87900 
76140 
60110 
46020 
38700 
40890 
45690 
40320 
39180 
39620 
40890 
40260 
38740 
37240 
36480 
46330 
39080 
36900 
37360 
38090 
39990 
38570 
39100 
38530 
38390 
39530 
44850 
40410 
37410 
38280 
37340 
68370 
55360 
58650 
70380 
59500 
56750 
54740 
56370 
52980 
53540 
53500 
55270 
57520 
52410 
54390 
53900 
53310 
55740 
51910 
53150 
51260 
55260 
54140 
54350 
52090 
51460 
60690 
47690 
40130 
39670 
42560 
42460 
41800 
37950 
38960 
42970 
43930 
82320 
83820 
69250 
55610 
46640 
40110 
41560 
38970 
39490 
37830 
40700 
38580 
39260 
40190 
36620 
39730 
38870 
38820 
40020 
40190 
40560 
39440 
37920 
36260 
39360 
41710 
39930 
39650 
38080 
37740 
44130 
39930 
69560 
51390 
52160 
56710 
56230 
55930 
52160 
50500 
54400 
59460 
55840 
55390 
51900 
52650 
56910 
56090 
54930 
56420 
54110 
55690 
56120 
54200 
57210 
55870 
55080 
55150 
61440 
40390 
39080 
38130 
44040 
40430 
44270 
42450 
46060 
43450 
42840 
89620 
77800 
63770 
47460 
40330 
38510 
37470 
39950 
40170 
39790 
38610 
38110 
37990 
48730 
38270 
39020 
40370 
36660 
40430 
40640 
38130 
39300 
44040 
40520 
41140 
40610 
42380 
38120 
39230 
43590 
40510 
53490 
53870 
52100 
52400 
53920 
60800 
55230 
55070 
56040 
55220 
52900 
51010 
53270 
52490 
56590 
53520 
53470 
52370 
53450 
54090 
54830 
69350 
56850 
51850 
53740 
55310 
54640 
56000 
39000 
39660 
41270 
40960 
39610 
38140 
40560 
42540 
47610 
41210 
90770 
60720 
56710 
44580 
38240 
37800 
36490 
39490 
38580 
37540 
37380 
36650 
39050 
38640 
38410 
37660 
44270 
44220 
41000 
38530 
38670 
36390 
41180 
39900 
40770 
39520 
40740 
41780 
42670 
39570 
39640 
68500 
53220 
52200 
52590 
53650 
53640 
53240 
54710 
58600 
54760 
53140 
53530 
55230 
56570 
53510 
53620 
51890 
54190 
55550 
54500 
51980 
52210 
54860 
55240 
59190 
52060 
61820 
41250 
39260 
42290 
39700 
40130 
38810 
38830 
45220 
41830 
43200 
86650 
82060 
54610 
50370 
40560 
39390 
38860 
40510 
38040 
36220 
37370 
37360 
39420 
38980 
37770 
37250 
36740 
38940 
38440 
38160 
36880 
37660 
39930 
39840 
40100 
39840 
40430 
41840 
39710 
46420 
37740 
43250 
62630 
53850 
54320 
52380 
52120 
52320 
53630 
54920 
52840 
50560 
52570 
53800 
56790 
54910 
53950 
54430 
54770 
57990 
54510 
53340 
54910 
55790 
53870 
53700 
52060 
52810 
58640 
40490 
37760 
39990 
40890 
40100 
42540 
45830 
42550 
41160 
37190 
87960 
66930 
56750 
45370 
38700 
41400 
38850 
39710 
37560 
38020 
44000 
39530 
38410 
39860 
43530 
41110 
39860 
39040 
38780 
37640 
36560 
40280 
41220 
40110 
38260 
39280 
41880 
39810 
39000 
38230 
38510 
70370 
54230 
55540 
53500 
58720 
55650 
54780 
