51040
24540
24420
24060
23740
24210
22480
25040
22500
24540
22710
22750
23800
23400
23010
22570
59660
63600
60050
59240
58280
96100
82330
75810
76390
74970
71490
71180
82010
71820
74600
70580
71330
79470
73370
71940
72750
74780
74830
72750
73450
71270
72060
77560
74960
73960
71840
89060
67300
60580
61500
59600
61170
58380
62660
64660
60630
62210
119460
113600
87470
79610
62320
61110
61480
58300
58440
59370
58850
60620
58780
58730
60310
58720
60520
60420
59900
59410
58310
59680
62330
58480
58440
58680
59500
64510
59420
61930
58070
59240
103650
76890
74970
73530
72430
77740
73440
78200
71370
71570
76020
74450
73200
72450
72200
73740
76550
74690
75440
73510
71330
81130
75570
72880
72170
72310
87890
63230
59720
58510
59120
62480
61930
60660
63650
59710
62560
131290
102960
83370
66680
60680
62850
59550
58540
57610
57830
62410
58700
59970
56860
56180
60920
59220
58400
57180
58390
61720
59680
60900
58550
58500
61540
61610
61020
57660
58220
59580
104080
75260
71880
70290
76910
78740
72060
73370
71070
71300
77680
73100
73940
70740
72310
78540
75680
79770
78650
72970
76620
73220
72500
70040
70930
71560
93220
64290
57900
58860
59040
63830
58460
58120
58460
61390
64120
111030
112310
92020
79950
66180
59890
60640
58940
57360
62220
60000
58420
60890
60710
59420
64440
59800
58190
57900
60050
60540
57340
58320
57700
59580
61760
61120
60530
60740
60250
61310
61660
112740
82880
71840
76370
79430
75570
73630
72900
71490
79970
73380
73350
72410
70750
79110
71200
72440
70630
71310
75800
74520
75180
70150
69860
76660
77000
85290
62260
59580
60870
60870
62970
60560
58220
62850
68910
68110
124730
107090
86930
70450
59480
59820
60360
58640
62410
59090
61250
59540
57260
61490
59420
58480
58200
57080
60980
58580
60020
58580
56950
59900
64490
59730
60180
59510
59440
63270
59920
74500
75320
71920
77610
76510
74260
71870
73670
79790
73870
74070
72700
73820
77210
75640
76500
88720
79530
80980
82280
75490
72690
71650
70320
76330
73150
73980
76980
60120
59270
62620
59370
60930
61180
67950
65830
61290
59920
122950
98480
84300
65990
58630
58230
58960
61900
58690
58460
57230
57920
63710
58290
59490
58040
59740
60560
58850
59600
57850
57250
60460
58300
60570
57970
58120
63510
61870
60640
59090
99320
74260
78130
77400
71440
71500
72200
81230
73170
71740
73870
72600
78360
73900
76620
71860
71580
75200
74950
73360
71900
71800
76300
75610
74420
74490
84280
63910
62970
58820
58600
60080
60420
63390
63520
63370
61770
122260
110370
78130
70390
62510
60680
61300
59320
59900
58260
58850
63760
59340
61720
59880
57660
58270
61150
59400
59900
60760
57900
60340
58910
63190
58500
61130
61320
59700
59360
59750
65900
94270
72520
74710
71700
74070
76560
73390
73350
72110
73360
70750
78070
73450
73370
72370
70100
79180
73290
74450
71590
74100
78790
73790
75270
75170
74300
88090
66370
60600
60960
60530
60820
60580
60780
64090
61210
58770
125930
98780
75390
62750
57460
63760
59440
58700
58500
58500
61920
58780
58670
60310
57390
61170
60770
59990
57180
58000
61640
58880
57870
57190
58420
59480
64760
61720
59200
58210
60570
107770
76930
73240
75200
74530
77640
122000
79460
74820
73810
78470
77830
77670
72970
75810
79950
77150
77360
75280
75420
72710
83380
76170
71720
71220
73110
98850
65050
59930
58490
59840
62600
60090
59580
63250
61090
61160
124750
113110
86520
72050
64750
61100
59680
59550
57710
58260
61590
58270
58090
58810
58060
62370
59760
59690
58790
57540
60540
58020
59130
57740
59300
63030
60550
61040
52590
60130
62450
61660
95370
71500
72720
72460
78950
77180
74920
71950
70570
79000
72050
72080
71490
71570
77150
74860
74170
71630
71620
76870
74750
75610
72990
72740
76260
75390
84490
63800
59010
57960
63700
61680
58570
60150
65040
64220
60900
112240
100290
81700
65200
60010
59630
59110
58920
61420
59130
57730
57480
57600
61520
61720
58300
58670
56950
57550
63720
58690
58310
56990
58650
61980
58060
60530
58600
58360
62170
59850
100710
73210
72820
80170
72970
74180
71400
72130
74970
75500
74940
70980
72080
70840
77570
73870
70740
74660
72210
78330
72190
73710
70010
70230
76560
78190
87560
65060
59420
60390
61560
62100
60630
59550
67130
62810
64080
116220
108940
87480
78920
63630
60060
57910
57690
62700
59840
59640
57750
58410
62460
59470
59170
57560
57090
60580
59870
59830
58270
56900
62010
60580
61320
59220
60830
60320
63500
60300
58360
86950
74270
80750
71860
73120
70960
74470
77140
74250
73510
73450
73430
74890
74550
73710
69720
72270
76930
75410
73660
74810
71850
70810
79310
76660
73820
85330
63930
62810
59280
59730
58880
60360
63260
63160
63550
60450
122750
108830
80920
63840
59500
58540
59990
58110
59330
58510
55880
57870
62790
59110
58590
57460
57600
62770
57940
59780
57530
57530
60940
61200
60780
58940
60280
62930
59950
61090
60610
96130
82810
80460
74790
71800
72220
75090
78840
73860
73070
70230
75260
78400
73650
73140
73060
72810
80260
75250
73650
71720
73310
75220
74840
74100
71380
84640
67580
62780
59310
66780
64820
58680
63100
60090
62080
60730
121380
110290
85480
77990
64570
59550
61870
59660
59510
58360
57360
61720
61150
60270
58320
57490
62080
59590
58910
58820
57490
58230
62450
58110
58240
60480
60010
64870
60000
62870
60590
60460
105260
75770
74330
72410
73290
77650
73230
73850
71960
73160
78470
75310
76760
74290
72860
71110
78030
73410
71030
77280
73460
78290
72150
73100
73110
72200
80810
64390
58780
58820
58980
65030
61430
59920
63780
59630
61850
128430
106960
76010
64610
60970
63000
59900
57880
56730
57190
61920
57830
65770
60620
58360
60960
57990
58960
58750
59440
61830
58280
59540
59450
60060
62960
62670
61950
57810
59540
60360
97010
72600
72730
69950
71610
80150
73850
74430
71870
71230
76650
73440
74140
71120
72880
79500
74370
74940
72950
71950
78400
73740
72610
72050
73870
72000
88210
67930
59980
59000
56860
64780
59700
59330
59180
59430
63260
98340
119620
91300
79340
66070
60790
59140
59730
59430
61150
59220
57750
57570
58280
59350
61580
58450
58450
58700
57320
61790
57520
57630
56630
56830
61240
61450
59640
59400
59000
63530
60910
96750
77650
73580
78020
75110
73570
70860
70530
70170
78080
73830
70440
70800
73380
82930
73340
72550
68790
71390
77050
76850
74290
72650
75100
77030
75930
88610
66210
58810
59800
61140
59270
64440
63030
62090
65740
60730
121870
115300
88130
73230
63650
59230
58810
57910
61360
59030
58090
58060
60590
61310
59430
59250
58970
56950
60980
58360
59470
58150
56940
58440
61830
60310
61730
58000
59180
62380
58790
72570
76970
70460
77060
71650
73570
74940
70040
76020
76820
71940
81840
73510
77430
76680
75570
72070
70890
71190
77950
76100
72090
70050
71260
78630
74600
74330
79190
60950
62140
62470
63840
60760
58210
61940
63140
62170
61440
126470
101550
80440
64270
59360
58460
58660
62770
60290
58110
57430
57380
62560
58230
59490
57540
58910
60660
59830
57900
58240
57900
60750
60110
60930
59890
61670
62260
60530
59670
58030
96820
72980
78120
74890
73290
71280
72370
81770
73490
72490
72030
72520
76710
73370
76840
73810
74450
77090
73980
72550
71000
70140
76400
73760
72020
70050
83600
62470
64480
59950
58470
59400
58560
61990
64740
61240
59700
123870
112710
77180
70450
63540
57440
60600
58340
60100
58410
57620
62010
59740
58150
57980
58550
57680
59860
59210
58140
56720
60120
61970
57090
60550
59760
61340
60730
60410
60270
58170
61780
97840
73840
73780
71490
70430
74910
73660
72830
71360
72940
69140
78130
72940
71960
71690
71260
80210
72530
73850
72410
71240
76700
78530
74350
71600
73940
87090
63150
58060
57990
58240
62750
59130
59240
62570
61930
59960
123360
99740
79760
62800
56780
63970
59530
60630
57550
57360
61290
59660
57720
59140
57200
61300
58650
58630
58830
57790
60090
60410
60610
57130
58510
59810
65060
88770
73250
63520
60020
110020
78300
73680
73510
71850
77170
74460
74220
76640
73560
77170
85100
75920
73470
72280
77030
74450
73350
72050
72870
74770
81120
75540
73870
73080
73740
94370
66380
60160
59080
61060
65300
61290
59260
63410
60980
62420
123150
115130
84090
71760
65940
61990
61160
58450
57850
57130
64460
60770
58990
58320
58900
62390
60130
59910
60000
59410
61880
58790
60100
58260
58630
61760
63010
61610
58190
59630
63100
60900
96380
73770
70570
93720
88570
74690
73950
72280
74540
81210
74100
76170
74300
77090
78340
75720
74510
71460
75230
77380
76010
73440
72520
73770
77060
76300
85540
63460
59480
61030
64360
62410
60260
61180
62060
69030
60950
125810
106770
82110
67210
59550
59910
60520
57010
61330
60320
59730
60650
59790
61750
61130
59420
58700
58500
60650
61910
58950
61220
57930
59210
64360
60920
62520
61750
59800
61750
60660
101620
73140
72610
77030
76280
75120
72890
72920
75890
75590
74490
70380
72730
75400
81450
79410
76450
74430
76510
85070
77280
75850
73480
69600
77180
74300
88370
64060
59410
62030
71780
65510
60950
60840
68500
63160
62640
118620
113250
84260
83780
69300
62690
60390
60710
66670
61810
60660
60850
60560
63780
62200
59080
58590
56430
63140
59510
59480
58730
57510
61480
60480
61270
60990
60930
60400
64020
61720
58390
105400
80950
82890
73490
73770
74380
73420
77330
75410
74400
70750
72610
80310
76890
75690
69880
72930
78490
75670
75140
72780
72190
72680
77380
75090
73690
89240
62750
63150
59750
61450
60200
59260
62720
64140
62750
61450
130950
108600
78270
66660
60390
59540
62110
60800
59700
75660
67020
58760
62700
59610
58840
59570
58090
61510
57670
58610
57360
56600
61470
58850
61090
58830
59430
63840
59080
59660
58300
91610
78860
73720
74040
68880
71490
76000
79750
76100
72560
71050
71470
79060
74400
72870
71680
71240
75930
74700
75360
72300
58790
77630
75350
73660
73440
87390
68890
60260
58540
60930
59830
59290
62940
63490
61860
60800
116450
114140
79280
79840
63000
58040
61200
59540
58470
57540
57810
59780
58030
58350
59120
58130
62440
64070
62060
59160
59170
60130
61550
60470
59270
57690
58590
67020
58960
59640
57660
57580
105650
76080
73840
71220
71890
76420
73640
73320
73220
73830
77840
75090
73710
72210
76720
70710
76320
75670
72220
71930
71380
79070
70850
73010
72720
71860
95680
64930
59860
58770
59770
61140
60780
59620
62880
62910
67400
125890
106730
88120
67680
59430
64270
59430
59020
58220
58840
63580
57970
58940
57270
57620
60470
60870
59480
57130
59400
61210
60290
58330
56970
57900
61960
61050
60870
61800
59290
57780
91610
73790
71220
71030
71800
80440
73770
73340
73200
72780
74430
74350
73800
70520
70180
77290
75990
72750
72080
76760
76280
73670
75800
70600
71950
71320
79960
73720
59420
58700
58650
64430
59760
57940
59470
61490
62660
81210
119170
95880
79360
68480
60660
59440
59030
60160
61770
60600
57420
59030
57300
59390
63250
60260
58300
57260
59960
61600
57810
59910
58140
56730
62080
59580
62030
60690
58860
61780
61960
99270
76650
73020
75270
74670
74220
71520
70880
70610
79310
72790
71870
72110
72540
79980
74090
73490
70580
74110
77040
74060
73740
71520
74920
76840
78550
85610
65210
63600
64380
61570
60100
69430
58990
63920
65810
62240
121200
112920
84150
72880
61180
59250
60080
56430
61190
59260
58570
58670
58370
61020
60640
60680
59150
58100
60520
58310
58460
58900
57190
58370
62420
59540
62560
57450
59000
62280
58920
69730
79100
72260
74880
75130
73180
72340
72620
77140
75470
74260
89530
76430
77230
74570
73660
71760
71300
70360
79130
75380
72290
73510
74080
79090
73960
71370
78620
60750
62340
60220
59840
60090
59280
61490
64570
63060
61240
123060
101600
80920
65170
59310
57660
57860
62710
59700
59160
58210
56410
60040
57600
60240
57300
58240
60500
58560
58270
58380
58760
61150
59780
61330
58110
58430
63020
59960
59080
59880
98400
72300
81260
74570
72330
70870
73200
78400
73460
72540
69950
72870
76410
76080
75590
75350
71890
73920
78110
72410
71220
71340
77160
73550
71690
72020
84120
64370
64090
60760
58740
61950
58440
61600
63510
61010
60160
121290
97260
78370
73800
63660
59260
61800
60410
58670
58910
56790
59840
59170
59500
59640
58180
60550
62970
59250
57870
56350
58060
60900
57840
60600
58430
62080
61890
61980
59580
58160
63390
101180
74560
73830
70560
73110
75090
74360
73800
71280
73350
74640
79720
75660
71300
71860
71000
76970
72930
73450
70960
74460
76280
75650
72150
76450
70850
85080
62840
59350
59410
58230
60940
60570
60920
61740
61360
60550
124910
90880
74120
62170
57820
63260
58480
57100
58340
59500
60730
58550
59440
57340
56200
60210
58730
59550
58610
56730
60300
59780
