63920 
48830 
41400 
46480 
40450 
41030 
41420 
42310 
44600 
40520 
43420 
39000 
40450 
42010 
41820 
41810 
37170 
42160 
43030 
42070 
39610 
37930 
75660 
60260 
55540 
58020 
55300 
54810 
53220 
58020 
60760 
55680 
52640 
55140 
56260 
54170 
55190 
54470 
56960 
55010 
56610 
55040 
52500 
53410 
57930 
53320 
54940 
51490 
61320 
42130 
40290 
37680 
40500 
39930 
38480 
43120 
44320 
40370 
40900 
95770 
88650 
61990 
55450 
37680 
41340 
40240 
38860 
39050 
38780 
37620 
39400 
38990 
36560 
38870 
36770 
39190 
40420 
38060 
38370 
38340 
42380 
41600 
38920 
38560 
38650 
38060 
43390 
39700 
40760 
38070 
38330 
75500 
57570 
55180 
53290 
55150 
56430 
53860 
57180 
52940 
55030 
55750 
55210 
55990 
53930 
53630 
54470 
59720 
54120 
56640 
51950 
53740 
58920 
55920 
52950 
54630 
52090 
58730 
44210 
36980 
40020 
38160 
43630 
41120 
43250 
43760 
40200 
42010 
93750 
77500 
55290 
45510 
38390 
41580 
38570 
38180 
38520 
38860 
42360 
38980 
39110 
37450 
38090 
39700 
40220 
39480 
37440 
36420 
40430 
39930 
38020 
38370 
39960 
42140 
43660 
39870 
38010 
38850 
38860 
73710 
59240 
53590 
52390 
56160 
57940 
52910 
55000 
58390 
54770 
58390 
55420 
54170 
52840 
53670 
55900 
54550 
62290 
56480 
56580 
56810 
55670 
54880 
56030 
52650 
53320 
62580 
42470 
39170 
40770 
40230 
43860 
37730 
37590 
42070 
42210 
43690 
108090 
89080 
61100 
53970 
43950 
39870 
39800 
39020 
38080 
41010 
38050 
41800 
39120 
39290 
37360 
42660 
44020 
38690 
39680 
41760 
42130 
38080 
38930 
40330 
38910 
42810 
42820 
42030 
41710 
40050 
43070 
42290 
84270 
54830 
55370 
55270 
58470 
53820 
55070 
53040 
51260 
56260 
56010 
52460 
53350 
53500 
56720 
52490 
53950 
52810 
53690 
56400 
57240 
55360 
54790 
51970 
54870 
55900 
60900 
39710 
38280 
39490 
41360 
42930 
40890 
37920 
44080 
49350 
55880 
91720 
79840 
55340 
48850 
39230 
40130 
39430 
38610 
42060 
38930 
43180 
38020 
37840 
41410 
39570 
38290 
37380 
36790 
40090 
42450 
40190 
37450 
38630 
38840 
44170 
38880 
41250 
38620 
41590 
43110 
38650 
59000 
60590 
53980 
57870 
55860 
55690 
52550 
54800 
59170 
54610 
54160 
58190 
55260 
54320 
62880 
62860 
79640 
58890 
58440 
58910 
55940 
54160 
55140 
52480 
59180 
56790 
57180 
56720 
39820 
40580 
42810 
42000 
40310 
44260 
50000 
43880 
41670 
39990 
95040 
63230 
57070 
39030 
39060 
38370 
38370 
42120 
39860 
38110 
38330 
37630 
43180 
38470 
40220 
37630 
39930 
40690 
38610 
37810 
36830 
36510 
41530 
39220 
40580 
38350 
40030 
43120 
41600 
39860 
38530 
79780 
57050 
61100 
57740 
52110 
53200 
55150 
57860 
54550 
58330 
55800 
55150 
58420 
57940 
56400 
53840 
54380 
54780 
55220 
54130 
51650 
55000 
57080 
57350 
55380 
53550 
62470 
39330 
40170 
37950 
38980 
39190 
39470 
41770 
48670 
42440 
42360 
95300 
82130 
55850 
49380 
39360 
41900 
41730 
38730 
42020 
38410 
43570 
44000 
37190 
43210 
40560 
38230 
40440 
42860 
39780 
41770 
38810 
39740 
42390 
40240 
46410 
40330 
42370 
42930 
39910 
41280 
42950 
46790 
64560 
55420 
56160 
57300 
55660 
56900 
56130 
56690 
58260 
52890 
57990 
60910 
55990 
54810 
54240 
53840 
56370 
60490 
56390 
55020 
55330 
55960 
58940 
55150 
54830 
53750 
57330 
41200 
41950 
40580 
42680 
43010 
40560 
43070 
45670 
41590 
40220 
94040 
68320 
57820 
42370 
39380 
44780 
38690 
42960 
39370 
37850 
43120 
41180 
38930 
42670 
37840 
40750 
38500 
38700 
38140 
36090 
42650 
39860 
38880 
36490 
39450 
39270 
42430 
38840 
38860 
37520 
41540 
79600 
55140 
54320 
54400 
55090 
55120 
60700 
56400 
52110 
54000 
54370 
56410 
56880 
52650 
56530 
56880 
55770 
56120 
53150 
55610 
60230 
57180 
56450 
51950 
53800 
52780 
61990 
41330 
38660 
38090 
41590 
42930 
40100 
38710 
46450 
41770 
43100 
93970 
83890 
57520 
50640 
42990 
40170 
38150 
37770 
35610 
37310 
40470 
38830 
37720 
39930 
38870 
43170 
38680 
38810 
37860 
38500 
39720 
38310 
39610 
37500 
41670 
44000 
42010 
40770 
40950 
39120 
40410 
41010 
75510 
53730 
53480 
54130 
56170 
57800 
54630 
53750 
52410 
57290 
51620 
54120 
52180 
54880 
55980 
56780 
53480 
52650 
54050 
55860 
55540 
56540 
52280 
52740 
55630 
56660 
59380 
41060 
36920 
39580 
45300 
42960 
37040 
39180 
45990 
46510 
39720 
88940 
76290 
51990 
43830 
38330 
38450 
39260 
39350 
41800 
40920 
38200 
38440 
38740 
42340 
40220 
42730 
39200 
37110 
37380 
42250 
37860 
37910 
37010 
38960 
41530 
38390 
40050 
38350 
38000 
41620 
38610 
77050 
55140 
52960 
57170 
55110 
56300 
54110 
54140 
56450 
52540 
55780 
53300 
55190 
53050 
57990 
55140 
54130 
56100 
51790 
56240 
54710 
55690 
54470 
52700 
58560 
57310 
60530 
41510 
39940 
39830 
42460 
41790 
40550 
37710 
46950 
45430 
45430 
90700 
82950 
60760 
56210 
38710 
39090 
38860 
37400 
42440 
39730 
39310 
38320 
39590 
41550 
38280 
39730 
38550 
37150 
41880 
40730 
39410 
38050 
38270 
42480 
40190 
41200 
39410 
41820 
40390 
43130 
39980 
39850 
74310 
57070 
56560 
52960 
52990 
52960 
54540 
56250 
55590 
53350 
54130 
53780 
58230 
55230 
54580 
51620 
58390 
56220 
55900 
54340 
54170 
53420 
51510 
57540 
54590 
52310 
57800 
39320 
40820 
40880 
39570 
41060 
40520 
42300 
44870 
42760 
41020 
96090 
77990 
55360 
41480 
38070 
37880 
40730 
39670 
40390 
38820 
36900 
37520 
40900 
38730 
36830 
36940 
38870 
41600 
36030 
39070 
37380 
38510 
41100 
43060 
42150 
38510 
40730 
44490 
41080 
39160 
40630 
72100 
61720 
57810 
59030 
53900 
52270 
55590 
57200 
54810 
53350 
53340 
56240 
57470 
54210 
55970 
54160 
54330 
56890 
55300 
56110 
54050 
54480 
54880 
55930 
53220 
52490 
59700 
43200 
41870 
37750 
50000 
44680 
42760 
42870 
43650 
40910 
40390 
97000 
80010 
60820 
56300 
38140 
38960 
41640 
38880 
38440 
39060 
37200 
41300 
43380 
40670 
39070 
38050 
44240 
38800 
38810 
38980 
36910 
39200 
43350 
39130 
37410 
40510 
39030 
44740 
37840 
45110 
38660 
40630 
75130 
56430 
56700 
55060 
53030 
57480 
54400 
57570 
52550 
57530 
55630 
53550 
56760 
56810 
54290 
51410 
56700 
54140 
53960 
57140 
51040 
57550 
53660 
52960 
56000 
52560 
59820 
41410 
37860 
38390 
38760 
43340 
41740 
37930 
46010 
40870 
40040 
96430 
77350 
57430 
44340 
39040 
44490 
39700 
38970 
38200 
36790 
41510 
37610 
52190 
40090 
41230 
42670 
39700 
38770 
38410 
37960 
41090 
40210 
39180 
40790 
40610 
41780 
43610 
43640 
38660 
38920 
42260 
70940 
57920 
53890 
52990 
51300 
56210 
55830 
55510 
53320 
54640 
57350 
56620 
55300 
58000 
55700 
57470 
55270 
56280 
52540 
55490 
58770 
56440 
54730 
53410 
56490 
52810 
64580 
42250 
37110 
38120 
38470 
45470 
37710 
36640 
43450 
42970 
43010 
93420 
87520 
63040 
51620 
42030 
42820 
37920 
38060 
37790 
40640 
39890 
38890 
38370 
39340 
38490 
41590 
38380 
37520 
39450 
38410 
41420 
36910 
37460 
36200 
37930 
41190 
40530 
42520 
39440 
39890 
41990 
39990 
76600 
57330 
54160 
56600 
54850 
55840 
52980 
55180 
53950 
56620 
53520 
53050 
53270 
54000 
58270 
53290 
53020 
51240 
53970 
54490 
58710 
53800 
54720 
55380 
60490 
55920 
61960 
48930 
38550 
40260 
41930 
41180 
52310 
41700 
45100 
45570 
40750 
93370 
85300 
60270 
48850 
38950 
39640 
38780 
38720 
48110 
40480 
38540 
39550 
40590 
41210 
37750 
39650 
37430 
36220 
41410 
40140 
39540 
38430 
38150 
37550 
42550 
39240 
42320 
38480 
42510 
42280 
39650 
53570 
58320 
54670 
57080 
54320 
55500 
55850 
59270 
58220 
56120 
56260 
63870 
56020 
56680 
56360 
56290 
52170 
55320 
51600 
57210 
56960 
54040 
52940 
53450 
54250 
55330 
54980 
54440 
40340 
40450 
41460 
43970 
41810 
37960 
43440 
44190 
42470 
40760 
94390 
65260 
55720 
40350 
39170 
37800 
38290 
41530 
40210 
38950 
37790 
38730 
41630 
38020 
39200 
37800 
39490 
41180 
39840 
42630 
38750 
42050 
42170 
38760 
39760 
38680 
43930 
43140 
40720 
39550 
37860 
74920 
55650 
55120 
55870 
59860 
54130 
52920 
56840 
54300 
57510 
52270 
55100 
57430 
53680 
56590 
53570 
54640 
55500 
57010 
54270 
54520 
53790 
55950 
56660 
54970 
52270 
59810 
44060 
43490 
39430 
39710 
41800 
39370 
41870 
47650 
42050 
40820 
91140 
84690 
59540 
49910 
39490 
38510 
42680 
39690 
39890 
37410 
37320 
40100 
40840 
38350 
38170 
41670 
39500 
41280 
39160 
38740 
36590 
39720 
41110 
36760 
39850 
38700 
42280 
45320 
42100 
41410 
38950 
46640 
68920 
54420 
54650 
52070 
53710 
56530 
53830 
55010 
56520 
55580 
52640 
56250 
54480 
53200 
52960 
54920 
55040 
54960 
53720 
54360 
56880 
58940 
58680 
54040 
51620 
56640 
57540 
39110 
38770 
39750 
38870 
42070 
40540 
40660 
44520 
42060 
39940 
93180 
67180 
53730 
39850 
40800 
42240 
38590 
42310 
37010 
36960 
41390 
42530 
39100 
40990 
38100 
40550 
38960 
40000 
39110 
37530 
41220 
40690 
41100 
38580 
39930 
39400 
42860 
66370 
45950 
40780 
39660 
77470 
57440 
59610 
52990 
53430 
56350 
55460 
56210 
58170 
55810 
57330 
55900 
54010 
54180 
53230 
54000 
56050 
52990 
52650 
55880 
55040 
59800 
55790 
55070 
54080 
52030 
63720 
42430 
38680 
37530 
42210 
45360 
40740 
37110 
45680 
39210 
41810 
95080 
81710 
52610 
47510 
43400 
38890 
39040 
38820 
37980 
38350 
41410 
39000 
38080 
39050 
36650 
42320 
39900 
42740 
38880 
39200 
40630 
37750 
39720 
36340 
39730 
42270 
43360 
40950 
38950 
40360 
44300 
41670 
76470 
55240 
54760 
76240 
60010 
59950 
56940 
53050 
55960 
55930 
54760 
55910 
55880 
55630 
56140 
55520 
52980 
56280 
54550 
57150 
56350 
53720 
51260 
54840 
56270 
55600 
60160 
38730 
39380 
40850 
47720 
40180 
38700 
41410 
42860 
45850 
41030 
90840 
74210 
54590 
42600 
39180 
41300 
40520 
38520 
40470 
40060 
39010 
38710 
37320 
41240 
40480 
37210 
38910 
38290 
41720 
40300 
38930 
41790 
37490 
40010 
42090 
41070 
41050 
40020 
40310 
42840 
44450 
73810 
55580 
55680 
56210 
53690 
56510 
58510 
56160 
56260 
55330 
53520 
56510 
59940 
52860 
57460 
57420 
54130 
61070 
54660 
58090 
54890 
55020 
58580 
55120 
55940 
58550 
59480 
39910 
40130 
41400 
60100 
41590 
38870 
40480 
48990 
46720 
40450 
91530 
84220 
63240 
55980 
40670 
39170 
37210 
43730 
43940 
37750 
41760 
39710 
39490 
40830 
39710 
40890 
35740 
36420 
41050 
38950 
38840 
39950 
36700 
43090 
41090 
40610 
42660 
38580 
40180 
43120 
40830 
38390 
79010 
60730 
59300 
59250 
52960 
58620 
54470 
55580 
53970 
54060 
52140 
57980 
58070 
56860 
56130 
51250 
55350 
54140 
56370 
54070 
54420 
52410 
58860 
57370 
54450 
53290 
60510 
39010 
43460 
41220 
39700 
40860 
39490 
41680 
44870 
41390 
41080 
93210 
80910 
60560 
46620 
37810 
40460 
39930 
39060 
38900 
59220 
40220 
41540 
41650 
39130 
38960 
38550 
38630 
44280 
36830 
38990 
38070 
37060 
39590 
38930 
41270 
39150 
40660 
45990 
40410 
40870 
38510 
68560 
59850 
58060 
56850 
51700 
54980 
56200 
56510 
54600 
53360 
53210 
54780 
58340 
55900 
55160 
54640 
55450 
56200 
55120 
55690 
53200 
59120 
55900 
57460 
53630 
52110 
63310 
44490 
41320 
38140 
40910 
42040 
39530 
41880 
42400 
44140 
39930 
94250 
85150 
63090 
54230 
39800 
37230 
41330 
38930 
38420 
36770 
38920 
42300 
39730 
37880 
38190 
37010 
41580 
44520 
41490 
37810 
38940 
40140 
41320 
38870 
37520 
39150 
38460 
44620 
39390 
40200 
39090 
39530 
77520 
57140 
54890 
57000 
54930 
57880 
54460 
60150 
54210 
54630 
56150 
59830 
55460 
53870 
58840 
53650 
58310 
59910 
54270 
54110 
53740 
57520 
53310 
53970 
55780 
52630 
61990 
42320 
37890 
38890 
39360 
41560 
40720 
37760 
57140 
42100 
50840 
96650 
82930 
57720 
45940 
37830 
41600 
37670 
39170 
36770 
38480 
42760 
37340 
37700 
36800 
37420 
41170 
43330 
40900 
37630 
38680 
40140 
40880 
38750 
37130 
38670 
44660 
41810 
39960 
42840 
38120 
39850 
64200 
59170 
55150 
52460 
55030 
55450 
54570 
55880 
54200 
55910 
57050 
53620 
53200 
51990 
54740 
58470 
54430 
53350 
52030 
58320 
56580 
56300 
55280 
52380 
52690 
51000 
61360 
42530 
38680 
37960 
39540 
42830 
39970 
37810 
41400 
41000 
47260 
72070 
90420 
64740 
53740 
45060 
41480 
39280 
44740 
39700 
41760 
39060 
39980 
37050 
36460 
37120 
41550 
38550 
38410 
36510 
39350 
41440 
38820 
38940 
38230 
41000 
43610 
39260 
41890 
39910 
39350 
42170 
43990 
76690 
55260 
54640 
55640 
57870 
54450 
52740 
54260 
52310 
56030 
54710 
53060 
54500 
51020 
56350 
56050 
55220 
56750 
54410 
56110 
56460 
54370 
54780 
56970 
56700 
57750 
59160 
42770 
54090 
43880 
43380 
39880 
38750 
39880 
47210 
45990 
41060 
95970 
84180 
58040 
50560 
38440 
39740 
39420 
38710 
41420 
40380 
38400 
38790 
39300 
41800 
42110 
39070 
38900 
39690 
41990 
39860 
38340 
40320 
37170 
37340 
43630 
39150 
42530 
40280 
39200 
42210 
41140 
52630 
59980 
54770 
56340 
55220 
55360 
53170 
59160 
56430 
54550 
55080 
66810 
54800 
56400 
54130 
54560 
52720 
53240 
53860 
58970 
55610 
52840 
54510 
54340 
57300 
54130 
54610 
53130 
38410 
40740 
41450 
40980 
41810 
41420 
43100 
45220 
43320 
40220 
92430 
68080 
55880 
38410 
38090 
37700 
36580 
41770 
39810 
37700 
39510 
36270 
42570 
37330 
39550 
37040 
36720 
40450 
38700 
39570 
39870 
38980 
40610 
38800 
41300 
39520 
39980 
43270 
39910 
38990 
39180 
76340 
56390 
57960 
56730 
56230 
55840 
55010 
58250 
53420 
54900 
50290 
54840 
56990 
55370 
56730 
53000 
52690 
54470 
56050 
54440 
52850 
53660 
57170 
56500 
54380 
52980 
61080 
38710 
42210 
39980 
39230 
46590 
39800 
41060 
46470 
41190 
40600 
92150 
80740 
54310 
52960 
41340 
39200 
42130 
39750 
38570 
39870 
37580 
41220 
39570 
38400 
39610 
37450 
39250 
40870 
38780 
36460 
36880 
38860 
40690 
38670 
40810 
38840 
41090 
44150 
43020 
39860 
38430 
44490 
71600 
53580 
54900 
51990 
58650 
56630 
53900 
54740 
52350 
58340 
55760 
57900 
54460 
54250 
53680 
52630 
55960 
54940 
53050 
55250 
54210 
55070 
55790 
54280 
55730 
50750 
57220 
43990 
37350 
40300 
38520 
41630 
41130 
41190 
42650 
43210 
41290 
89750 
69410 
58370 
39420 
37890 
46000 
37930 
37860 
38100 
39540 
41450 
39690 
40060 
36170 
36750 
38820 
38350 
38160 
35970 
36310 
40710 
