106110 
67710 
67460 
77450 
77940 
62620 
63260 
51700 
51760 
57800 
62940 
54180 
56320 
57890 
51070 
100140 
2388540 
76170 
66270 
54400 
56160 
50410 
50090 
50700 
51840 
55290 
54230 
46930 
53900 
50480 
51040 
53080 
53240 
56520 
50030 
52350 
55640 
57850 
52000 
50870 
44690 
32430 
54480 
52190 
48900 
55790 
55420 
45340 
76040 
37910 
69280 
34610 
73600 
72460 
78110 
71530 
70950 
35220 
69500 
35260 
103020 
69810 
63750 
1119630 
68950 
71270 
35400 
76260 
67670 
67770 
37870 
73840 
76680 
87150 
27860 
56030 
55150 
52770 
49790 
54160 
55110 
53980 
31720 
61520 
89950 
87580 
39010 
78290 
59030 
46220 
49940 
54330 
49840 
51950 
26740 
54000 
49370 
48230 
59060 
54750 
50980 
54200 
48550 
56730 
50520 
53400 
53460 
58580 
54910 
55560 
56110 
51000 
55550 
49570 
58340 
54990 
80810 
71690 
68030 
79910 
73980 
68550 
34090 
69440 
72100 
75450 
66550 
71140 
68140 
71540 
37230 
81260 
80560 
70500 
72120 
79040 
74410 
72810 
35480 
76850 
75870 
73800 
70910 
71870 
59570 
57450 
47940 
54720 
60870 
59530 
54240 
56720 
55610 
54460 
54670 
94060 
1622450 
59700 
63050 
54980 
56180 
54130 
50950 
50600 
57940 
52510 
57210 
50350 
52400 
51880 
56170 
56270 
53870 
49790 
47380 
53000 
58630 
50410 
51120 
54760 
55380 
53510 
30040 
57290 
56840 
54150 
87870 
74690 
71590 
65100 
73640 
73310 
73790 
68660 
66540 
74970 
71600 
67850 
68280 
69020 
76480 
67610 
37750 
72630 
71280 
62650 
67790 
77520 
77320 
58300 
69140 
70280 
76850 
53700 
52660 
26850 
58460 
54210 
26610 
53320 
58770 
62090 
55120 
79890 
52470 
77400 
36820 
57590 
56220 
50370 
54010 
55670 
24820 
50610 
53120 
74010 
56470 
47710 
52100 
53610 
53290 
53080 
44740 
58150 
55250 
51370 
54040 
52850 
58320 
55440 
54730 
54200 
52340 
54890 
60130 
73830 
77110 
76980 
70950 
68090 
74650 
77000 
72650 
70380 
76640 
75710 
66940 
79080 
38350 
39460 
74440 
70870 
72960 
73030 
72810 
71270 
130190 
66260 
72750 
76750 
74940 
86470 
117720 
51760 
56780 
52570 
54720 
47820 
79420 
48670 
50940 
1105070 
58160 
89000 
83160 
75080 
71030 
53880 
46220 
54760 
98490 
55220 
43340 
56330 
60540 
51990 
26810 
55620 
53060 
58190 
40040 
53500 
56670 
52340 
67780 
40060 
55320 
55540 
56480 
45370 
61330 
53810 
57520 
48680 
27770 
81690 
71260 
69280 
70610 
65740 
75530 
69880 
72770 
71670 
66110 
75610 
31810 
75720 
72930 
73650 
36450 
68990 
74380 
73240 
64810 
86960 
69870 
35690 
36260 
57840 
35260 
73570 
80760 
48150 
53240 
57010 
101300 
53310 
123150 
55000 
49890 
1092250 
54030 
98910 
88310 
72860 
57030 
47770 
26440 
59010 
44980 
60390 
56450 
51050 
53970 
75520 
52870 
54340 
1089610 
55560 
51360 
44910 
60150 
51210 
47890 
51180 
52810 
59460 
51230 
55230 
58620 
53640 
52350 
47530 
66160 
86650 
73840 
74120 
74940 
75800 
76220 
64940 
76340 
70930 
76010 
66350 
76420 
128710 
77670 
1116210 
107230 
82890 
63090 
80760 
72670 
69030 
71220 
73830 
76250 
61200 
70210 
82760 
55510 
50400 
51190 
54550 
58720 
44970 
45520 
64430 
57710 
54940 
50920 
94820 
70330 
69840 
51350 
50660 
55780 
55020 
49140 
51730 
53520 
52070 
50790 
50230 
51970 
57010 
54280 
53920 
49540 
51100 
52600 
51930 
43050 
56240 
52000 
87070 
56380 
55670 
55270 
75660 
54960 
55090 
1124290 
74230 
73310 
63230 
1112890 
73630 
69660 
70090 
75010 
72710 
70020 
69630 
75590 
61530 
78860 
63020 
72110 
68900 
70090 
70760 
74910 
72040 
72140 
69190 
78260 
69230 
56850 
73930 
55270 
48180 
54020 
52480 
81510 
55720 
50000 
55110 
84370 
54980 
90660 
1134570 
99080 
61650 
50630 
61960 
46150 
57100 
48230 
58910 
55850 
49740 
49640 
54310 
49830 
53680 
50110 
57920 
56000 
49780 
58330 
55870 
54840 
53710 
57090 
54870 
57470 
47150 
52890 
59240 
61530 
51810 
93290 
76200 
62220 
72040 
73720 
71910 
73850 
29290 
70090 
70510 
76980 
69300 
70700 
92070 
64200 
69240 
1126650 
75960 
74870 
34170 
77860 
71570 
72800 
73560 
72450 
66580 
77660 
49810 
55160 
49460 
51450 
54620 
58060 
51080 
61790 
60970 
53010 
93290 
90890 
73880 
81530 
50490 
55400 
58050 
52120 
52710 
51700 
48830 
56680 
50890 
57420 
52750 
49470 
59300 
51670 
53160 
51850 
51360 
57500 
52910 
58930 
53090 
50710 
61630 
62220 
53210 
55300 
55280 
53400 
79310 
71470 
72860 
78370 
76050 
71620 
73760 
74480 
55120 
72900 
75910 
70660 
61880 
67020 
72940 
71460 
66670 
69280 
68990 
66970 
81480 
37850 
100860 
68460 
70230 
69430 
66260 
75920 
57840 
25300 
49400 
56400 
55320 
52280 
53220 
83190 
58130 
55660 
83050 
86590 
71440 
68630 
49740 
49150 
52630 
56380 
54940 
54850 
66930 
51580 
50870 
48440 
78170 
55410 
58460 
24970 
52710 
54030 
51310 
50860 
51760 
50500 
57080 
56140 
58310 
57430 
54160 
58170 
51330 
51880 
40960 
76450 
36040 
73530 
68700 
74770 
69590 
1117260 
69080 
64400 
80740 
71600 
70970 
76730 
73710 
75550 
71020 
30220 
79980 
78760 
72780 
65120 
72420 
75640 
73870 
73230 
80970 
55550 
54890 
25230 
79300 
57850 
50400 
45020 
82780 
63930 
55440 
1156330 
120980 
82530 
68980 
59540 
55270 
53940 
56130 
54840 
50370 
53160 
51520 
53070 
53080 
50510 
25060 
58640 
51570 
56360 
45770 
56740 
56570 
53670 
27020 
55250 
52770 
50960 
59120 
55340 
52380 
52230 
27090 
114610 
76180 
72330 
1103650 
68250 
72060 
71970 
77110 
71620 
73300 
62040 
74360 
70960 
71100 
62610 
76970 
40020 
78070 
65100 
73490 
71910 
37460 
73530 
74460 
73590 
72960 
68060 
42320 
63050 
52760 
45450 
80200 
64510 
50120 
1104380 
64340 
52510 
50320 
90840 
86220 
76450 
111080 
58910 
57650 
51820 
45120 
52980 
57910 
58870 
74080 
47010 
54640 
51020 
49330 
32480 
58740 
1093650 
54740 
56180 
55140 
48980 
52000 
47720 
59870 
55830 
46480 
62420 
25310 
57990 
56340 
80680 
74050 
74270 
69320 
35370 
75550 
72390 
70860 
68560 
73440 
78000 
74270 
76260 
101350 
76510 
66340 
1625980 
74180 
76000 
63470 
74140 
72980 
97180 
71750 
76290 
76720 
67380 
62420 
54500 
47130 
54360 
56420 
55260 
56600 
48640 
59520 
59070 
52530 
92600 
79670 
77750 
55280 
45690 
56580 
79990 
56610 
52650 
1089410 
53950 
45030 
52360 
55160 
51920 
47360 
52450 
50830 
58780 
44250 
54610 
49120 
49620 
56470 
46100 
58970 
58700 
59400 
49970 
51620 
56370 
72850 
69070 
81100 
77760 
65570 
69910 
72530 
72780 
75650 
63730 
75450 
72700 
65750 
76170 
97860 
76300 
69570 
1624160 
75000 
64900 
75320 
79960 
74630 
76850 
69240 
74830 
73140 
75860 
55180 
58500 
49510 
46030 
52240 
56540 
61510 
51040 
50640 
58380 
89470 
92430 
65970 
93900 
45210 
54460 
1101170 
53170 
45150 
56410 
53470 
56970 
52260 
49920 
60530 
52920 
79990 
54080 
52210 
1090240 
21840 
56550 
112620 
50880 
45340 
60760 
52740 
57670 
53360 
54590 
51940 
53070 
82410 
74580 
73840 
71570 
65200 
72900 
64340 
73260 
74780 
75000 
66840 
69260 
68520 
73370 
62480 
70480 
75040 
90260 
65230 
67150 
1120790 
94830 
71900 
68350 
1118960 
70540 
70080 
68840 
1092220 
48800 
51090 
58700 
55400 
49510 
53620 
54430 
59230 
52230 
86430 
80770 
67020 
54030 
50530 
54280 
51870 
51220 
50580 
57620 
51560 
47480 
53200 
55470 
54970 
51360 
42980 
49360 
56170 
64220 
47670 
42070 
53960 
49050 
30440 
55500 
60730 
58170 
51990 
28520 
55600 
69580 
87720 
78070 
77820 
79000 
67530 
76100 
64490 
1129310 
79570 
74010 
74290 
36700 
71550 
79700 
74450 
73400 
74260 
74880 
73630 
72730 
73630 
75050 
64770 
68610 
72720 
71200 
68920 
61170 
58230 
50640 
59500 
64860 
61800 
48350 
63430 
60250 
51420 
94540 
85190 
79580 
64690 
59980 
48980 
83690 
45230 
59980 
1089430 
52580 
45950 
55070 
27090 
49370 
49870 
55120 
47750 
55230 
58850 
52810 
1095300 
52010 
52550 
57150 
51950 
56400 
55410 
57990 
48500 
52990 
57430 
82810 
69690 
67480 
70790 
70530 
71660 
72530 
1126720 
84550 
71490 
73450 
1121000 
72240 
74370 
73060 
72520 
67920 
87440 
70240 
74160 
76690 
70660 
73120 
71970 
63810 
75810 
69290 
81230 
49760 
48750 
56660 
51140 
55890 
52220 
52670 
58130 
52350 
54230 
90730 
83700 
64730 
61710 
53690 
56590 
47350 
51170 
52760 
53940 
51650 
52540 
78000 
51710 
42570 
1102760 
51390 
47210 
27760 
1092720 
54790 
50720 
53690 
55400 
56910 
49610 
57080 
58600 
49280 
53880 
54980 
59020 
1634510 
72570 
73320 
70690 
78890 
102260 
74540 
63050 
76670 
72630 
76740 
63110 
68810 
76380 
77950 
69740 
76720 
78690 
74410 
129280 
73590 
79560 
73580 
78460 
78060 
74490 
42750 
29280 
54700 
53220 
58890 
25140 
57950 
55450 
22280 
60030 
55000 
110890 
96400 
80170 
69640 
58450 
48560 
58000 
53170 
52980 
47980 
26960 
55270 
55150 
48640 
72940 
56230 
53050 
47170 
53910 
54810 
49860 
49430 
53900 
51710 
52640 
55310 
54740 
54170 
51200 
52730 
31160 
55240 
82500 
75460 
66360 
68110 
70520 
72800 
1118280 
65590 
73800 
78830 
68110 
70090 
73990 
68670 
73730 
68630 
74300 
34160 
73410 
75840 
71300 
35030 
74950 
73540 
79740 
34370 
72760 
76880 
52460 
54180 
46190 
57720 
58190 
51500 
58320 
59310 
53800 
55080 
87090 
90640 
61740 
67490 
55740 
55700 
55470 
51500 
69930 
52590 
50560 
1605840 
26090 
54990 
52980 
51910 
54580 
73920 
50360 
50410 
25490 
51770 
49560 
53140 
116120 
53520 
46070 
60320 
1098090 
55690 
45010 
57550 
89570 
70700 
62730 
70060 
77540 
78420 
78770 
78340 
68280 
65900 
66340 
74370 
70840 
68180 
66060 
75860 
73200 
63580 
34200 
78570 
76840 
61720 
71470 
73150 
67200 
69490 
76010 
61050 
51770 
49020 
51960 
83830 
52640 
50840 
52640 
57530 
54880 
52200 
85390 
74190 
64150 
61090 
57980 
50300 
49680 
45900 
54470 
52890 
44370 
45160 
51600 
57310 
42060 
53610 
53620 
58020 
47880 
50550 
82490 
55040 
49760 
1107220 
55240 
62040 
52250 
57110 
52890 
49460 
49850 
76090 
76650 
71370 
68160 
69730 
74110 
71720 
69700 
72880 
73940 
74940 
70730 
71890 
70200 
78920 
71170 
78440 
71410 
72840 
67140 
77690 
67750 
73830 
1632610 
72780 
74740 
66800 
75680 
52380 
45210 
52490 
53940 
54090 
45400 
49680 
59140 
61420 
57720 
88090 
93360 
71490 
69160 
51670 
52020 
51500 
46750 
51130 
54480 
52190 
45970 
49690 
79540 
56050 
55340 
53700 
52260 
48520 
48420 
53940 
54210 
48270 
52210 
56460 
52670 
52090 
57220 
58230 
60470 
47990 
48270 
86660 
73300 
102240 
71000 
71840 
77020 
67990 
75640 
77060 
76070 
70870 
67360 
71670 
75380 
67120 
72700 
72530 
74700 
73280 
71750 
73310 
72870 
71870 
73640 
71190 
69070 
73610 
68620 
63880 
49540 
55470 
54650 
57490 
58850 
50930 
56350 
98510 
58990 
89100 
92440 
64900 
57270 
52730 
59390 
49110 
52200 
57200 
51400 
50250 
53750 
52920 
51950 
52350 
49600 
50630 
54570 
54070 
49020 
52460 
54530 
49740 
46710 
52210 
55570 
61300 
49440 
52110 
56930 
56610 
50260 
86470 
103360 
72330 
69510 
73970 
76380 
66620 
65930 
1621950 
73860 
77390 
64630 
66640 
70600 
75200 
75180 
72780 
66490 
72140 
63760 
75930 
71580 
62600 
76260 
74170 
61330 
83480 
55750 
54400 
38730 
53890 
59070 
53150 
1088580 
61000 
57900 
57070 
95390 
88900 
66300 
68160 
59650 
54060 
45320 
55990 
53450 
56790 
45360 
52480 
55090 
51200 
45210 
53590 
57080 
52500 
42600 
53750 
58780 
54190 
44650 
50330 
56290 
54640 
45990 
54840 
77910 
56900 
55380 
1093770 
77550 
41420 
75470 
73230 
68440 
72010 
75430 
72090 
63310 
73040 
71190 
70270 
62390 
70900 
73960 
69680 
67740 
1625330 
65010 
71200 
72400 
65980 
68730 
66640 
69930 
75850 
67780 
34570 
55320 
55610 
52510 
50220 
61910 
55550 
56640 
57080 
53920 
58750 
87600 
85480 
70860 
55170 
51750 
49660 
50600 
61790 
46980 
46750 
1103200 
51470 
51040 
49640 
53170 
44610 
25300 
57170 
57120 
47680 
58200 
50790 
52280 
56030 
54720 
53360 
42960 
56240 
61100 
53440 
54360 
48220 
81390 
1123790 
72440 
66120 
35670 
1119110 
99920 
71930 
63840 
72020 
73550 
70610 
57530 
73770 
72150 
72300 
67870 
75370 
65380 
72190 
73830 
70830 
73400 
67310 
64030 
70350 
77750 
54600 
50760 
42890 
57660 
51490 
1117670 
54530 
60790 
58280 
59280 
1145980 
86300 
38990 
74260 
53900 
46130 
53190 
52160 
58370 
50930 
46560 
58220 
51470 
51350 
51360 
57440 
55810 
52450 
51010 
56490 
44370 
56630 
46910 
58080 
51490 
49790 
1618310 
55730 
52760 
52940 
49730 
57900 
115830 
64090 
77760 
69100 
70880 
78130 
73140 
74410 
65050 
72530 
75820 
71470 
69880 
66600 
75100 
78610 
71250 
37110 
79870 
68640 
72030 
38030 
100380 
67310 
69590 
71990 
98500 
73980 
49500 
47690 
60350 
57370 
56410 
55680 
53740 
60990 
57790 
61080 
96100 
91550 
72360 
65060 
58040 
76720 
59870 
45710 
53200 
53520 
56110 
50680 
51440 
48780 
46790 
58610 
55930 
47300 
45830 
55060 
56800 
51950 
49250 
52860 
55140 
47630 
56640 
57480 
55550 
53500 
59450 
75430 
82530 
81190 
1113390 
98010 
69170 
77790 
72670 
72690 
70090 
74750 
74960 
68080 
104320 
75190 
69560 
73600 
31440 
66960 
75400 
71030 
72600 
73230 
72630 
73580 
73370 
31960 
75740 
49700 
58210 
49310 
55430 
52030 
22950 
57430 
83950 
58530 
51110 
1163550 
119850 
81670 
61580 
60510 
52570 
78200 
27630 
51700 
52090 
54300 
50500 
55230 
51360 
23550 
53150 
56160 
56870 
47160 
26250 
55290 
53870 
53710 
48300 
74110 
56650 
48240 
56630 
82210 
52910 
29280 
1599620 
107420 
79030 
58350 
76800 
74680 
69230 
73990 
69910 
69730 
66080 
65260 
75620 
71590 
73170 
69050 
70180 
75920 
83090 
80310 
73270 
63280 
68970 
69290 
74470 
74170 
72760 
67380 
74760 
61020 
23570 
50780 
84050 
53890 
52080 
48110 
63410 
57070 
54480 
1144670 
86360 
69830 
62170 
59030 
53060 
74590 
51620 
50260 
50730 
47430 
53600 
59690 
43040 
53330 
53620 
56260 
61110 
54610 
49520 
78160 
42670 
52140 
49760 
51790 
47130 
51930 
52210 
58400 
48610 
58400 
73200 
83930 
73410 
68700 
71420 
72420 
62610 
77640 
66910 
73580 
105750 
71990 
74880 
1141360 
65040 
40640 
38380 
72410 
62030 
64670 
38670 
76680 
69710 
38730 
74430 
69120 
71760 
39790 
61610 
51710 
54700 
52790 
58180 
51500 
58590 
58580 
67500 
69920 
62060 
89300 
80980 
72520 
53050 
51940 
54330 
52370 
59740 
2583040 
55700 
50790 
53240 
52900 
52720 
72470 
54030 
52260 
52430 
82740 
46740 
55780 
53920 
78310 
51800 
56360 
50850 
53030 
58890 
62870 
55050 
57050 
69360 
77100 
75710 
73480 
70670 
75670 
