143360 
59820 
55170 
76650 
51960 
50080 
48900 
52250 
53100 
53700 
50590 
50370 
46650 
50770 
45100 
48390 
54300 
48780 
49800 
72520 
60900 
53440 
51030 
53850 
53550 
50280 
53720 
60100 
98610 
94720 
89950 
91990 
68970 
68920 
66130 
81510 
76510 
68560 
64860 
66070 
63250 
65830 
73890 
64810 
69050 
64890 
65410 
73300 
67310 
65010 
64520 
64260 
72270 
70960 
71020 
51290 
48260 
49100 
56360 
56160 
48790 
49570 
55140 
56780 
52360 
88110 
87060 
63770 
61440 
51150 
50250 
48060 
45130 
50600 
51750 
47510 
49090 
46830 
48980 
49560 
50430 
48370 
46210 
48040 
50070 
52820 
50260 
44880 
47270 
49010 
49430 
52610 
51250 
48570 
52060 
48040 
51700 
78500 
65040 
66230 
93300 
86820 
97660 
87010 
99310 
87520 
66300 
70080 
64380 
65350 
65950 
66770 
65370 
65430 
65890 
64020 
62920 
65470 
67740 
61820 
67620 
64770 
67280 
71320 
49970 
52160 
47100 
51300 
50890 
47250 
47990 
52930 
51930 
48800 
92370 
87020 
70560 
77080 
50420 
47620 
47120 
52190 
49460 
49040 
46830 
48610 
50230 
45630 
49100 
45980 
47780 
47490 
47550 
48520 
45110 
46290 
47440 
48240 
51210 
49630 
50270 
50470 
50150 
52120 
47570 
45570 
78920 
63480 
68490 
66640 
66500 
66240 
65610 
66210 
67780 
64020 
64810 
93040 
92150 
84090 
88430 
89150 
73610 
66040 
68970 
65010 
67030 
63580 
72540 
76200 
65010 
65180 
71050 
57650 
51430 
46970 
49300 
49330 
48470 
47810 
53630 
51850 
50400 
101460 
87120 
75460 
65120 
53340 
49070 
48780 
50230 
50400 
47980 
48610 
49500 
51540 
54070 
48260 
47550 
48250 
49680 
50620 
45650 
49440 
47510 
62480 
52430 
48890 
49390 
47590 
48640 
50940 
49660 
52290 
49180 
76960 
71740 
63370 
65310 
61780 
61860 
69000 
67080 
67230 
67390 
66200 
69420 
63630 
66190 
65750 
63140 
66490 
63810 
89590 
90010 
87280 
85430 
88690 
66390 
67900 
67520 
69450 
64510 
51950 
47370 
50880 
49600 
50800 
47870 
50340 
51050 
54820 
50200 
87790 
78000 
61200 
56110 
46580 
48330 
50860 
47160 
48560 
46810 
48430 
47410 
47300 
50740 
47560 
46900 
51210 
52180 
48540 
47910 
46700 
45390 
48830 
48940 
50690 
48590 
50390 
50090 
48460 
49270 
47540 
67640 
69520 
66180 
66140 
62990 
64810 
62760 
65410 
68260 
64350 
62750 
67650 
69550 
63810 
65300 
63520 
64520 
70370 
64740 
68450 
66380 
62520 
68520 
66310 
67010 
95660 
84460 
94380 
67070 
75280 
68630 
49630 
47200 
50630 
51700 
55840 
50960 
47880 
87900 
84600 
69600 
53120 
45980 
51000 
50420 
49530 
45300 
47460 
48260 
51000 
48180 
45500 
46520 
47940 
49280 
51720 
45490 
48270 
46810 
48660 
49910 
49280 
50800 
47230 
52520 
50350 
49170 
48170 
49750 
48530 
79030 
66070 
67580 
63510 
66180 
71260 
66870 
66720 
5110110 
5127170 
5132770 
34040 
35200 
34220 
34440 
34820 
33760 
34370 
33530 
32950 
65660 
65210 
65430 
68320 
63880 
63760 
72670 
54330 
49580 
47420 
47350 
50280 
50570 
45900 
54560 
51870 
49960 
108650 
87190 
77450 
67770 
53780 
49690 
48330 
48380 
46470 
48450 
49300 
47290 
49430 
49400 
45410 
46970 
49240 
48760 
48160 
46530 
48310 
49600 
47390 
48250 
46050 
46820 
51180 
52470 
50520 
48800 
47690 
51680 
82380 
67830 
65280 
63590 
66710 
65790 
65860 
66160 
62020 
67480 
68500 
64510 
64500 
62870 
64910 
65470 
68300 
67010 
62170 
62940 
69150 
64020 
65500 
62080 
62480 
63480 
69570 
67070 
52600 
47280 
49340 
55410 
51920 
47370 
48330 
51280 
54740 
53170 
91570 
79950 
66720 
56610 
52550 
48730 
45340 
47050 
48530 
48810 
50090 
46910 
45850 
45760 
48260 
46760 
47090 
47140 
45890 
49720 
47450 
47650 
46520 
46750 
51350 
48480 
55660 
50010 
48450 
48780 
49750 
70640 
66490 
66860 
64650 
64950 
66480 
65880 
65790 
63280 
68840 
71740 
69080 
66650 
61690 
66020 
66610 
67850 
66660 
63280 
64380 
67020 
64870 
64790 
64530 
64540 
64760 
64960 
71100 
50250 
46070 
52100 
50030 
50010 
50270 
49200 
54990 
49710 
49500 
90880 
84080 
77080 
58640 
46970 
48280 
45480 
47070 
48840 
50520 
49030 
46780 
48740 
48770 
49300 
47330 
47120 
47240 
47870 
49040 
50520 
49570 
45850 
50470 
51450 
50470 
50640 
47560 
50950 
52350 
47720 
48800 
80420 
68470 
67330 
67690 
68050 
66970 
65050 
66410 
65270 
62080 
64860 
64350 
67920 
67570 
65000 
68290 
65280 
68410 
69860 
69130 
68800 
65600 
67420 
69460 
64520 
71810 
69420 
51580 
46600 
48650 
52420 
52430 
50220 
47730 
55890 
52410 
52150 
90480 
84380 
65320 
63640 
52560 
51270 
50210 
48730 
47310 
46460 
50350 
49540 
46970 
49060 
48370 
48970 
47030 
44630 
50290 
47790 
48150 
52050 
46670 
50740 
51480 
49850 
73970 
69810 
70980 
52780 
54330 
53220 
79330 
66850 
68120 
67770 
67510 
67210 
63520 
68280 
68560 
64500 
66970 
63040 
65880 
68400 
66980 
65450 
63860 
66890 
67910 
66370 
68580 
64530 
64750 
70910 
72390 
65330 
74920 
50160 
51580 
47830 
52810 
53140 
51370 
51190 
54400 
51540 
53750 
96690 
89420 
72660 
64890 
50640 
48980 
46570 
48810 
48700 
49980 
47680 
47900 
49510 
48770 
49600 
48300 
49900 
49160 
47800 
47500 
48100 
49760 
47170 
46910 
47180 
51340 
49490 
52510 
53750 
49580 
50290 
48170 
109460 
96420 
88580 
71820 
68780 
66510 
69900 
68150 
67990 
68680 
67060 
71680 
67420 
63140 
69770 
65650 
67210 
63060 
64160 
67840 
65350 
66130 
67140 
67820 
66540 
66640 
62570 
63670 
52930 
50490 
50580 
50940 
51630 
45180 
50820 
54740 
51240 
49930 
90200 
77760 
67490 
51210 
46730 
46910 
45940 
49450 
48450 
47120 
48320 
48720 
49410 
46480 
47300 
45940 
47730 
50530 
48710 
49090 
47280 
47030 
51040 
48390 
50980 
46580 
49730 
52440 
49730 
49870 
47160 
67010 
65660 
65270 
67950 
64480 
91470 
90240 
85810 
85940 
89510 
66800 
67520 
67700 
63720 
65470 
61720 
71080 
70210 
65340 
68390 
64890 
64020 
65900 
64560 
64410 
63070 
60970 
67080 
53490 
46600 
50040 
50800 
51040 
49140 
51310 
55240 
52340 
49000 
90650 
84360 
67860 
56260 
45420 
53100 
48210 
45830 
47850 
45100 
48130 
48990 
48520 
47480 
45490 
50070 
50420 
47510 
48010 
46360 
45440 
46970 
47050 
47600 
48020 
48800 
54430 
49760 
52540 
46210 
47310 
50070 
79590 
68440 
63560 
64790 
65880 
65370 
66410 
65550 
65250 
65180 
85740 
89190 
90170 
91430 
88120 
64890 
65290 
65480 
66790 
63920 
66410 
67920 
67150 
64930 
62910 
66490 
67600 
51740 
46790 
46250 
48910 
51950 
49300 
48540 
55730 
48660 
51800 
88670 
84340 
63130 
56040 
52340 
48180 
50930 
46470 
46190 
50030 
48250 
50380 
46560 
48200 
47720 
49120 
47380 
47280 
46050 
45760 
50020 
47750 
50910 
45960 
46030 
50500 
52340 
52170 
49400 
48080 
47890 
50440 
79760 
63500 
63060 
66660 
67240 
67520 
64860 
65990 
64840 
69490 
64160 
66660 
67020 
63850 
64290 
95570 
65910 
95730 
84570 
97330 
89410 
66800 
64670 
62820 
65050 
69050 
72870 
51220 
49910 
47410 
50370 
53580 
46750 
47010 
54690 
49740 
50320 
101280 
87620 
70600 
62070 
54270 
51410 
46710 
46010 
47910 
48440 
62460 
48920 
48720 
49350 
47880 
48220 
49220 
47900 
46900 
45440 
49350 
49050 
47650 
47540 
46430 
52690 
48060 
53440 
49320 
49930 
50320 
47790 
80820 
5109240 
5104990 
9244480 
61440 
60710 
62610 
59300 
60350 
60860 
62100 
61470 
61670 
59870 
60540 
60140 
62050 
58320 
60070 
61270 
64010 
62640 
61920 
63800 
62160 
61810 
60170 
64320 
52190 
45640 
48250 
47480 
49160 
49610 
50150 
52290 
49660 
49920 
86350 
78530 
62610 
52640 
43850 
46030 
45560 
46590 
45410 
51340 
48250 
46560 
47830 
46540 
45570 
46790 
49670 
46160 
50300 
61950 
26280 
27650 
25430 
27270 
27250 
26540 
28200 
26850 
50960 
53610 
50380 
51280 
44910 
66860 
68510 
66300 
65350 
66270 
67190 
64640 
69840 
66200 
65440 
63550 
65480 
69190 
66080 
68400 
66850 
66030 
70480 
70650 
70160 
66070 
64170 
68900 
69820 
65280 
72520 
68390 
54320 
50940 
50370 
53220 
50350 
46760 
55060 
50390 
50020 
90160 
94280 
65850 
61890 
53580 
49420 
46650 
45490 
49770 
49440 
47220 
46910 
45550 
47230 
46280 
48170 
49130 
47150 
47890 
48080 
48380 
46320 
45010 
45990 
49120 
52150 
50320 
49970 
47330 
50610 
49480 
51280 
79880 
63430 
65450 
63750 
68260 
68620 
63780 
63670 
66710 
71100 
65810 
64840 
65480 
67590 
68550 
67240 
66050 
65300 
64870 
71550 
65540 
67820 
64390 
66140 
69900 
70390 
72950 
49650 
55700 
53300 
52560 
50450 
51480 
48670 
54290 
53890 
51840 
103050 
89330 
76300 
69250 
52310 
47120 
46330 
49320 
48270 
47880 
46410 
45870 
48320 
49840 
50510 
47030 
46520 
46650 
48080 
48970 
49510 
46300 
47670 
47960 
48730 
51010 
46890 
48740 
51430 
49880 
52340 
47080 
77060 
69070 
66460 
68900 
65720 
61830 
67610 
64610 
67460 
65640 
64090 
63760 
68560 
69120 
67360 
64320 
67660 
66930 
66390 
66730 
65340 
62670 
66710 
66300 
65430 
63580 
65050 
63020 
58020 
50140 
52000 
52630 
49730 
53790 
51470 
53310 
49390 
48190 
89820 
80310 
70590 
56620 
47530 
49560 
50760 
50240 
46800 
44710 
45440 
49120 
48880 
49500 
47200 
46450 
51090 
46760 
49450 
45510 
45870 
48920 
50740 
49520 
51030 
48830 
51400 
51900 
53460 
50100 
47200 
63000 
64970 
65900 
64350 
65060 
60540 
66420 
66160 
65590 
66370 
67910 
67020 
65490 
65520 
65270 
65130 
64420 
66030 
67860 
65320 
63930 
68000 
63570 
70180 
67700 
61730 
64160 
69210 
53000 
48920 
49330 
47870 
52370 
53100 
53840 
53830 
47160 
50580 
89860 
84210 
71950 
53290 
50650 
49980 
49140 
49810 
51800 
48020 
52480 
50260 
50030 
47550 
46860 
50490 
49150 
48170 
45640 
47540 
50360 
49700 
49830 
48310 
48660 
51450 
51730 
51880 
49420 
48890 
48620 
51780 
81760 
69830 
65490 
69550 
68570 
68210 
66580 
67300 
66740 
66270 
69320 
67480 
66890 
70520 
67110 
72540 
68050 
68990 
91420 
96410 
92850 
85310 
90660 
70260 
68000 
69720 
74560 
52070 
48280 
51610 
47910 
51270 
50180 
46990 
54700 
50170 
52250 
94130 
89500 
68560 
60060 
50350 
52150 
50220 
47910 
49390 
47170 
49740 
50400 
47900 
47610 
46470 
52640 
49910 
49230 
49850 
46540 
47990 
47590 
49020 
47240 
46950 
49030 
49630 
53230 
47200 
49730 
52530 
50490 
79890 
65320 
65650 
65600 
64900 
68400 
65590 
69390 
65230 
68880 
68190 
66400 
71280 
64960 
65060 
65660 
66060 
64050 
69060 
68570 
67650 
66510 
90780 
97080 
94970 
90850 
94370 
69970 
49690 
46680 
54940 
54930 
51150 
47510 
46990 
53500 
50730 
102160 
92720 
69880 
63200 
47930 
44840 
54420 
47990 
50850 
47520 
47300 
54480 
47510 
48130 
48680 
47530 
48050 
47600 
48970 
54570 
47670 
47400 
47850 
49050 
49380 
49540 
47610 
55120 
49060 
50800 
49410 
48190 
80060 
68600 
65630 
71530 
65780 
64450 
65690 
62810 
68130 
64210 
65880 
66850 
65260 
62850 
66590 
64660 
65490 
68840 
63340 
66100 
62810 
65360 
64930 
62640 
68510 
70870 
70660 
67700 
50830 
47360 
49560 
48650 
73070 
63740 
68550 
72090 
52450 
53650 
87320 
77570 
64850 
56100 
52100 
45330 
45990 
48690 
50010 
50500 
46960 
46480 
45310 
47180 
48980 
47800 
48330 
43640 
47240 
49800 
48060 
45910 
45090 
45530 
50220 
56500 
53540 
51630 
47200 
51340 
51370 
65340 
66670 
61340 
65980 
68400 
63350 
65450 
61660 
65010 
66650 
69330 
63830 
61530 
64230 
65120 
65290 
65300 
63610 
63990 
63710 
67950 
67560 
63010 
62390 
67880 
67610 
65550 
67010 
49040 
47420 
48290 
49250 
48970 
46810 
50720 
57370 
52270 
49380 
118070 
112100 
88080 
81630 
48480 
47310 
48980 
49760 
46980 
48140 
44800 
46860 
53150 
47210 
49840 
46200 
46190 
48590 
46620 
48260 
47130 
47720 
50970 
49460 
48460 
50990 
49240 
49440 
51240 
48510 
56090 
51200 
77040 
69510 
65960 
67270 
66710 
64410 
67110 
65350 
64180 
65870 
63060 
60800 
66910 
66020 
65980 
65830 
62990 
66270 
66210 
69450 
64800 
61270 
65200 
64990 
70470 
66560 
64760 
50270 
49970 
48460 
51410 
48640 
45840 
48670 
53640 
52130 
48370 
91110 
90420 
65520 
60250 
48320 
47220 
48120 
75300 
72950 
71150 
64710 
46970 
51580 
52050 
48270 
46440 
44950 
50480 
51250 
49610 
50030 
48530 
47360 
49940 
49050 
47560 
47680 
50560 
54710 
53090 
46760 
47030 
81170 
71500 
66510 
64280 
63490 
63010 
67200 
69350 
64080 
65140 
62470 
67200 
71630 
67390 
63650 
67330 
65780 
69920 
67820 
64330 
62640 
68030 
67360 
68020 
66050 
68750 
5120060 
5088690 
9974640 
5147170 
58780 
26020 
28870 
27790 
28970 
41310 
30490 
28240 
49960 
40510 
35570 
26570 
53220 
49720 
46480 
48130 
49840 
50500 
49280 
47720 
49870 
47850 
45270 
49700 
49750 
52200 
52240 
48560 
47880 
50020 
48700 
47820 
50810 
50770 
53880 
49200 
50140 
50080 
48710 
76900 
64700 
64300 
68120 
67110 
65360 
66300 
64880 
65470 
64780 
67320 
70650 
65440 
68380 
64580 
64180 
65190 
63730 
68050 
64320 
65490 
63820 
66570 
68230 
63240 
65170 
63130 
69600 
54030 
51620 
49860 
47900 
51670 
47130 
49370 
51040 
50440 
50150 
92050 
84310 
70340 
55310 
48830 
49460 
49360 
47040 
50000 
47510 
51400 
49870 
48570 
46750 
45210 
47680 
52370 
49750 
48740 
46200 
46660 
47960 
48770 
48810 
51910 
50480 
52220 
51460 
48670 
47030 
46650 
48870 
79850 
65000 
64730 
66180 
63960 
66750 
65350 
65160 
65090 
65880 
66520 
64530 
64760 
64660 
64210 
68700 
66160 
64600 
65480 
63610 
67140 
67140 
63850 
65670 
66920 
68600 
69420 
52840 
48010 
47280 
52370 
48410 
48510 
47210 
55330 
51260 
50090 
90090 
85770 
67310 
61210 
49630 
47490 
48260 
49110 
46590 
48090 
44540 
47230 
49620 
48100 
49610 
45330 
47790 
48590 
48320 
50050 
46550 
47910 
49650 
47120 
47300 
50910 
47050 
52840 
50430 
48220 
50060 
48780 
78720 
68630 
63240 
64790 
63760 
64570 
71360 
66070 
62790 
66360 
62680 
66860 
64770 
63170 
67800 
65740 
71200 
64290 
62400 
66340 
64760 
71230 
65840 
69120 
66150 
67980 
74900 
50380 
45390 
44670 
50920 
54640 
51810 
46780 
51620 
50800 
48290 
106540 
87500 
76870 
67130 
54780 
51450 
45670 
46690 
48760 
49640 
49260 
49070 
48320 
45010 
46910 
46340 
49650 
47890 
46870 
49960 
47320 
49910 
49630 
45770 
46570 
50150 
50530 
49780 
48880 
51330 
47830 
50490 
78010 
64890 
64060 
65960 
68720 
68350 
65270 
62350 
66050 
64430 
67250 
66890 
69290 
68000 
71000 
66430 
68190 
64290 
67000 
66160 
69520 
66820 
65700 
67500 
65880 
63630 
65490 
63120 
50520 
49280 
51250 
50240 
50960 
