59391
50340
42960
35250
28450
26130
27180
24840
23911
23710
29350
25980
24710
26460
23941
25160
69700
75570
72760
72100
77411
78340
78041
75080
76311
74931
78541
79161
81600
82360
80201
76900
77891
96830
99600
91040
98270
104311
105581
103480
90471
95520
99881
103201
95091
97261
103740
102910
96451
98501
96891
105670
94310
92420
100790
101121
93350
92400
92660
104970
81351
71000
69010
69981
79880
74611
68641
76271
69740
76510
137120
110530
102810
139671
85850
94120
101870
73811
77580
76920
76850
75300
76500
78631
79730
80531
78550
80011
73511
75191
74811
121621
78700
79721
74250
80121
87760
81550
76380
80450
77121
84061
126661
101181
92760
101821
95031
100791
96601
97790
99840
97651
101401
95261
98830
94540
96780
97550
100191
96251
96910
93430
167830
98881
92020
92721
95541
100240
112911
80471
74311
75640
80210
80521
77741
75170
88351
78960
82600
145561
110201
107311
88200
74550
74340
73150
77491
84530
79111
76510
80961
74551
78291
77121
91370
85870
78291
76300
72791
80810
81260
76210
73190
74521
84541
80740
79530
75360
79991
80790
72480
95381
91670
84540
89541
87951
90091
89410
82730
89370
217971
94901
88240
85510
86490
92150
90091
89190
88211
88311
93900
87541
88771
88241
84520
96970
86931
96891
84390
73430
81670
81990
79120
77421
80000
90730
81280
79130
151121
122581
110001
96511
80280
79891
77761
73821
82161
78600
80440
77291
75810
78061
78150
78320
72430
70400
76111
77531
68540
77090
74470
78751
73960
76251
78761
79560
70880
76241
81291
76840
123781
91790
97810
81890
93991
102061
101300
101300
92401
100001
94540
96060
94381
99270
96281
94181
103641
100010
108400
97071
91431
95920
101241
98980
97250
98660
94591
97121
74060
73840
75250
82740
85601
83470
82221
81730
85320
101561
117401
114191
105211
89120
71551
81100
78121
86140
77840
76850
79600
156911
82181
77340
74510
70140
72971
69890
70620
69931
82760
73720
71511
69421
69580
71300
85210
73620
75140
75501
83560
84220
112701
97591
96821
98151
97981
100371
104560
97911
94691
96251
97170
102870
92581
94011
100710
101631
95000
96440
95190
104101
100361
102210
96270
97710
100010
105961
102351
80661
75300
80920
79131
80971
77821
74080
85290
82141
82160
126661
122981
97990
83720
213951
74841
76291
76860
81780
79960
80871
74680
76610
75061
75090
74650
76511
76901
74220
80570
74990
78241
73900
76551
76320
83550
84060
80291
80241
74610
80540
76010
118430
102320
100061
101911
97810
100180
98101
96351
94570
99451
99730
97570
93540
91141
99951
94000
97060
97370
101650
101571
98381
100761
97610
96190
99451
97991
100751
88490
82910
79650
84410
76881
81420
75440
81780
80570
73861
130291
119111
99631
85980
77101
75380
79060
73431
77730
75040
76121
79841
72840
79070
76600
76891
75770
70801
79500
76750
77950
76241
77251
75760
76390
78330
85450
80061
79891
81291
75800
81790
112730
94861
95991
101521
96600
95630
93290
96491
95881
110231
98190
97010
104040
98261
96621
94761
93750
100740
98291
86811
89611
90390
90820
223701
89600
91121
99761
74240
73060
66680
75361
78361
76680
78100
79701
82801
78621
145341
121621
114381
89820
77341
75731
75390
81090
70791
73071
66350
73761
77690
76280
76960
75091
76681
76000
75000
76230
74790
73191
75251
80531
80490
82400
73141
80881
81311
81381
78620
77630
128321
89041
92701
94140
97490
95390
104730
87821
94521
95441
94720
100690
95221
95661
92431
94030
99700
94320
93400
93661
96901
95970
93700
96290
99381
102811
108561
86570
74551
74691
74291
74910
63580
73820
73080
70421
77161
131921
118381
87040
86161
75030
73121
84950
78350
70130
72291
68441
66590
70180
69680
73110
68081
73051
70191
71270
74190
67931
69681
70071
70921
78910
82900
78600
78711
79461
76920
81720
76060
126330
96911
98001
101461
97510
97520
95231
95691
101041
104081
94110
96900
98050
97181
97431
98190
235871
92770
99171
99541
93960
93481
92260
98231
96441
112071
88281
99660
76200
79361
81321
74970
81670
76450
79251
81911
83701
120091
125881
112281
95491
79151
72500
75550
81340
76850
76591
73361
76631
75720
84430
80351
68841
71761
74641
75910
77920
82540
73521
76901
77370
78620
81510
72960
82071
79990
79461
81390
76901
90641
102051
95111
103591
97060
84720
97050
98641
101831
96440
93420
94900
91510
106651
98370
91661
94141
99401
104631
96970
95341
101060
97900
93921
102250
92260
113270
82200
79971
79121
76281
79160
79610
79290
76711
79881
76310
78390
133221
128180
104140
79181
80511
72710
80630
76861
78661
73821
77311
79650
79990
75730
75121
72790
71080
73160
66840
70960
79421
81481
83231
75270
158360
77001
80010
86321
76880
80390
76220
76710
113601
104701
96780
91880
92080
105020
99511
96200
95771
90941
103611
98221
99120
94141
95540
103040
104481
98920
94160
98470
93160
97311
97860
106311
93701
93040
97500
81571
75321
74390
75860
74570
83330
87391
87501
82071
76600
132841
117930
95221
90001
79881
86130
83370
81730
75441
86081
78100
75560
76710
78090
77041
79951
82511
207911
82240
77461
77480
74401
80690
77590
77720
81760
78960
85210
77960
75221
71320
81501
115201
98381
98631
90561
99740
94401
93530
96151
94380
95840
103230
101810
93430
94590
94920
90201
100541
100111
101491
96570
94881
86231
99881
98871
90680
98220
106190
82560
79461
76991
76520
80600
73971
77501
81711
76981
78080
148321
122571
92911
87751
78930
80030
72880
82050
74811
75891
78331
77500
78320
90111
81070
76711
75101
82470
79630
76280
76520
77780
75880
75641
71220
76741
79071
81520
81390
77141
79571
75571
118441
101381
101831
95910
96841
94490
95570
91790
89230
91041
85061
96391
91431
88190
87580
87751
89521
90921
89530
85140
89960
92600
90961
91111
89010
91420
98770
71560
68381
72561
83940
82830
81350
77480
91851
75950
213391
144851
130920
102181
77991
79131
74211
77510
77421
75700
72080
79151
82580
83890
80490
73120
94831
82150
78091
81260
75401
81161
78100
75450
79931
68811
71951
72460
77730
85200
75810
78851
78531
102690
102980
94340
91981
102521
92251
102351
100740
90620
96291
83661
97701
102990
97480
99910
106110
93731
92961
86060
93410
86940
88551
91281
90481
86180
89090
97260
77970
75721
66940
75300
69290
72360
82141
81921
90081
78761
150661
121331
102370
92791
80760
80920
81920
77570
74840
79350
74010
78931
73301
75951
78491
74680
78381
76781
84941
72681
76040
75090
78080
80000
76221
77540
78000
90940
78850
81081
73841
82011
100451
96270
93700
95081
96091
97761
86490
87670
87440
87460
85801
93221
87610
92080
92790
90731
84511
105161
93330
92240
90240
90120
86991
87590
89070
212531
104790
75701
73371
70021
69761
73340
69801
72970
69600
78700
79340
70210
119570
103860
91620
74380
75421
70461
73450
82471
77370
77260
75431
78141
75321
75730
72870
74400
78180
79351
77921
74930
76520
74280
74371
77671
82911
78360
82560
80490
77321
90001
84441
78910
116400
105010
97200
100111
94151
94260
101480
92250
96801
97941
100751
99120
97410
96490
95680
98161
96210
98441
92660
102440
97221
94331
97671
92151
103120
99921
96620
79110
72850
81350
79120
81680
73630
82210
82720
79681
74791
135300
114201
101741
80420
77111
79171
74361
71200
68360
73510
81260
76051
84490
81540
79590
74560
76921
73621
75001
69900
70170
77770
74420
77951
73410
76410
78050
76710
82890
77591
78991
76600
118480
100170
93041
95011
100431
99871
95180
101440
94410
96511
93890
96171
96230
98600
96951
97361
232401
93591
97100
93411
92280
94821
106011
101600
95210
100170
104470
81340
80750
76011
78341
86810
80621
79540
84001
78801
81361
127401
113750
98370
91290
77220
77401
81330
74720
78860
72550
75290
77701
76961
79860
70140
76310
77640
70311
69390
72860
68390
71180
79441
77351
74621
79301
82340
78291
76530
84031
74461
82250
122810
91510
96040
95011
102010
99661
94320
107260
98461
101761
110571
94471
102460
97481
93710
98051
98101
95280
94420
93480
94360
99471
92920
94861
91291
97630
104251
74190
79010
73391
81640
80291
77750
71410
84440
78720
82051
147221
113030
101770
78330
74690
71341
70051
80471
76330
77290
77620
78461
73810
77790
75610
75010
77160
76951
77811
75921
81140
74661
74630
75880
87111
84270
158541
84170
73920
82201
76390
81321
115880
83960
100741
97211
100441
94761
96150
96141
94680
99250
96271
101250
97000
96470
97010
101411
94620
94331
99961
97950
107211
98641
91661
93871
99571
105541
113750
80120
77880
79060
82341
81210
76090
75380
82470
83410
84051
152830
119471
105970
92180
83090
77661
80290
77841
74490
81020
76320
77271
76871
85701
81120
76661
68770
67450
70271
216051
80390
75970
71510
76891
78710
79271
76941
76940
78121
86731
79791
75621
125640
95561
94970
103150
93721
99690
94330
94990
97790
100881
94790
92291
94201
107200
98791
97221
95071
89851
107170
96811
97020
95880
98560
102460
95751
95240
107540
86370
69510
71490
70351
82071
79341
78620
83820
85030
82721
147801
112270
108770
99930
85750
80121
78041
77121
78760
74211
77300
74790
80981
80110
81470
80570
76030
74681
71520
79591
77831
79190
77321
79311
79361
81161
74850
68321
77810
72100
82971
85350
79030
120010
93850
99411
99400
95281
98861
92830
100681
103711
97621
86021
98381
102841
95990
95490
101931
97910
94381
100690
96510
97270
96050
96991
100551
99071
98471
93460
77160
76630
89901
77310
76001
75010
86310
86680
80821
81361
124041
116860
94470
82090
216991
80781
78280
77410
75240
75880
77061
75780
79391
75681
75400
79641
80611
79301
78481
79370
77261
77380
79470
80751
82510
81620
76500
78280
75610
73700
73460
69111
107290
93061
92061
89961
89641
93130
86551
90600
91500
94410
89310
92640
87860
93640
90710
87430
91831
89451
91101
94571
88330
90810
88110
92501
88941
89971
90750
74590
73310
73991
75951
69621
74280
71050
80050
77820
74041
119741
109040
96710
90660
78251
74760
80161
74761
78890
76351
80971
78751
75651
79520
76231
76230
70850
82851
74720
79840
78540
72950
80070
76660
73980
73091
72420
83951
79570
83571
75320
74001
116651
94060
95240
101061
99350
96350
94330
92251
101790
92140
88280
102341
92210
104401
95440
87910
96520
95861
102021
98241
98260
102300
100800
98131
98001
93551
101260
78651
75490
76420
78441
78220
75820
214311
86860
80941
79030
145191
120571
115290
87131
80531
78831
75421
80200
79381
69460
68260
72240
84610
80940
76160
71200
81420
77790
76650
75801
76940
77981
77630
80131
75580
82971
75621
82450
82720
78490
81180
80341
124180
92911
101301
100940
136661
104591
107231
96491
98710
95641
90840
108721
96721
91061
84900
92870
96540
98711
98261
93381
98690
94410
91870
97600
99271
88351
107500
77730
73820
78141
76480
79181
77681
79760
87901
84771
79721
133401
124670
98981
87350
73330
79701
80590
76380
79150
75510
78870
79110
74970
67841
77960
81421
81320
74271
76380
77651
68051
71691
67190
71460
82760
78491
81720
76241
79990
78480
78550
76290
121351
98571
97280
97171
96300
100331
96691
91251
97920
102890
102610
97421
96661
95991
98790
95850
86010
88600
89961
95771
86200
88850
85330
91891
92821
90851
236202
80900
71881
72971
77161
72680
70290
68251
73220
81900
74821
155451
119890
100980
88200
87630
77080
76000
74321
80250
83991
77530
75731
73680
80290
74951
73671
76410
75730
80380
78931
77880
77341
76670
73950
76730
79170
78311
81071
77050
78970
81980
77031
114931
91361
95671
103330
97820
94161
97381
96471
95830
101510
98330
92690
99881
97971
92610
104610
93750
106591
98761
98671
101741
98730
96171
100411
98721
90881
110890
79601
74700
74800
80581
84820
79230
78030
77521
87350
80440
78990
121471
112710
97061
80510
78521
76250
70381
68461
69621
65740
74440
69430
70901
74560
66831
72680
66910
70400
73800
69331
72721
70730
70590
73260
71541
68260
75781
71171
77540
73140
91831
79801
102671
102370
93780
91480
95770
98151
101741
94800
91390
92340
94871
102531
99021
91561
101340
96311
95991
236012
93561
84990
92951
92380
98170
96131
97060
91540
93190
79671
79090
76910
76130
73900
82690
80711
83491
83241
76240
131920
108291
93711
82991
79440
76660
84361
78480
74431
77380
76700
78850
74620
79441
78901
76810
83090
81070
74401
75510
75831
76891
80000
76670
76441
82511
77491
85550
72270
72210
68780
74491
114831
97760
96540
93190
102401
98711
97481
94331
94550
97871
97591
100341
95521
96340
98231
96271
96500
96831
101990
101900
91060
94961
98791
94930
93270
98551
104270
74221
75260
76261
79880
78701
76681
76971
79611
87840
80840
132130
120420
98741
86470
78210
79240
81560
78891
77651
77090
74710
73350
71001
65110
71711
68881
72090
80640
79181
82821
75641
78220
75060
78070
72160
77011
79030
88530
77790
74060
84351
76720
110591
98841
99290
100130
98101
98191
233471
96430
96491
98000
85050
100561
98120
90860
98450
93931
102191
98100
94620
92341
101660
97261
94471
97181
95380
100960
100121
80191
76021
83400
