120060 
1094790 
49770 
55130 
53950 
45770 
45330 
47570 
47840 
52410 
48250 
51070 
48840 
45160 
50010 
53720 
48080 
45230 
45940 
47290 
43970 
47640 
47790 
43110 
43950 
49010 
44190 
51510 
42090 
45310 
47000 
61320 
1101370 
48250 
46190 
48380 
48740 
44410 
60190 
42960 
55370 
47810 
46010 
45920 
44560 
50140 
48040 
43700 
45710 
46520 
46960 
45770 
52980 
46870 
43240 
40650 
49580 
49910 
44100 
1087130 
44370 
46650 
44030 
45640 
44200 
42770 
46070 
46200 
46370 
42950 
41210 
48400 
51330 
44590 
45040 
47210 
47150 
47900 
49250 
46440 
43700 
61610 
1103390 
46340 
45800 
45380 
43580 
47880 
45320 
44140 
44710 
43590 
47680 
43680 
23940 
63390 
46490 
46170 
47360 
49430 
44430 
39630 
48500 
49950 
44650 
41920 
44650 
42770 
48690 
1086250 
48130 
44050 
41610 
49470 
46840 
45470 
41860 
42650 
49290 
45360 
43540 
41750 
43860 
45740 
43950 
44990 
43880 
44620 
43660 
49180 
45080 
42510 
1087830 
46160 
47900 
22950 
49340 
44450 
60480 
46590 
45890 
45090 
45360 
41650 
49230 
48730 
45220 
41920 
43690 
51100 
45640 
42500 
46260 
43780 
45440 
45380 
47910 
45750 
49280 
1089280 
48950 
45420 
43880 
46570 
43220 
67380 
45770 
45920 
63780 
47820 
46450 
47220 
49060 
47340 
42500 
45410 
51200 
45400 
48440 
47240 
46170 
46910 
44360 
43140 
42000 
41460 
47780 
43400 
65710 
22390 
46530 
25080 
23670 
23150 
47820 
43510 
46820 
23290 
47120 
47040 
43560 
23920 
23400 
58750 
25290 
43380 
45970 
23430 
24080 
46800 
43830 
28800 
26880 
52860 
23400 
41390 
21900 
48620 
62310 
49600 
45120 
45670 
51060 
45230 
44710 
45280 
47900 
44840 
51520 
41660 
45220 
46420 
49020 
62060 
46060 
48670 
44830 
42090 
49080 
50430 
41130 
43760 
44940 
54670 
44740 
44780 
46870 
48040 
45490 
46520 
47940 
49460 
43970 
48560 
51780 
47100 
40920 
43540 
49740 
58870 
63330 
46770 
47220 
47810 
47160 
45360 
47920 
46190 
63070 
55380 
50730 
47320 
49200 
49780 
54540 
45240 
46420 
47740 
49850 
50370 
48690 
1090500 
49690 
42340 
46950 
73240 
49000 
41510 
43860 
46680 
53290 
40170 
50390 
48980 
49930 
48100 
50820 
50190 
44050 
46700 
49400 
48530 
43990 
41920 
45710 
56800 
45390 
43690 
47130 
48300 
45080 
44900 
1112560 
49230 
41310 
44530 
53510 
47120 
65090 
44040 
41890 
46390 
44650 
40150 
43570 
40530 
49370 
46780 
46650 
44600 
40190 
51770 
49490 
47650 
41210 
44100 
46840 
44600 
43910 
44710 
44400 
40500 
46270 
1105220 
46430 
40670 
39280 
48940 
45600 
38350 
45840 
46430 
45290 
45040 
29550 
56110 
44780 
44620 
47580 
46840 
48940 
44100 
47110 
47840 
42310 
43340 
1098700 
45140 
45450 
40900 
46850 
45990 
58730 
45750 
48160 
43120 
42150 
39110 
49570 
50920 
48590 
41820 
45690 
47380 
46590 
42160 
48060 
39580 
45110 
45190 
46480 
43140 
41610 
43640 
54230 
41670 
40820 
46170 
45330 
65260 
43020 
49880 
44950 
41180 
61690 
52160 
44110 
45410 
40010 
47400 
43000 
45520 
44220 
43350 
47560 
47560 
44510 
56880 
45360 
44390 
47660 
46060 
41020 
44630 
43040 
48080 
47020 
45540 
44020 
46410 
46040 
45920 
48610 
44190 
41330 
44710 
47280 
44830 
43640 
43260 
44960 
47140 
1088990 
45980 
42190 
44420 
50610 
44470 
46230 
43870 
45380 
52890 
47310 
44280 
64220 
51940 
51020 
46260 
45900 
47860 
44740 
52440 
47660 
50650 
45020 
44000 
47330 
47410 
45610 
43130 
40680 
42980 
47480 
49860 
47200 
62770 
43240 
50160 
45130 
50590 
44630 
44290 
52370 
46050 
23530 
45010 
41990 
46330 
24920 
46920 
44240 
45270 
62130 
47010 
53650 
44650 
41460 
44700 
48550 
43510 
47500 
47740 
69520 
47280 
48300 
45790 
44440 
41300 
47560 
48590 
45910 
43090 
46060 
47290 
48840 
44460 
45860 
44720 
44230 
47720 
44750 
44110 
41810 
48850 
45690 
76870 
59180 
50810 
43180 
64230 
45870 
46120 
41420 
42500 
47950 
47170 
48290 
45010 
42590 
45630 
50740 
63730 
50610 
46350 
44110 
47440 
45610 
61930 
46960 
42320 
49810 
41700 
50490 
44300 
40890 
46910 
44710 
42840 
43240 
21240 
48850 
42560 
52890 
44040 
49290 
45670 
48130 
49380 
44970 
43680 
47320 
48410 
45190 
46590 
44590 
46030 
58510 
47900 
52130 
46210 
49990 
1096540 
46450 
45140 
48950 
45640 
47520 
68240 
45670 
43870 
57210 
58240 
51980 
47920 
49990 
55480 
48310 
47500 
47570 
45300 
43430 
49890 
49780 
48530 
43680 
45580 
44900 
48400 
46970 
46030 
45630 
44090 
51460 
47100 
76820 
47380 
45670 
46460 
48930 
46070 
44700 
47480 
46080 
46310 
44550 
43830 
46580 
50320 
51160 
51770 
46600 
44820 
43640 
46610 
46820 
50440 
90990 
45040 
52640 
49160 
55110 
55540 
49710 
48990 
51810 
54120 
51440 
41220 
45890 
44460 
46420 
43070 
41790 
46120 
48610 
40140 
41890 
46120 
43650 
66600 
45160 
48990 
44750 
45200 
47000 
47960 
45080 
44100 
39460 
48360 
46170 
44870 
40470 
46220 
42840 
45260 
43890 
47200 
41990 
49380 
1129330 
52820 
45880 
42450 
43450 
45560 
89410 
45380 
44690 
47340 
24150 
46820 
44180 
42410 
41480 
57950 
54820 
45760 
43740 
43390 
48800 
44450 
42970 
46470 
46630 
42350 
48890 
1102080 
43920 
42140 
42360 
48550 
43070 
39090 
42880 
42960 
44880 
46190 
43900 
43580 
37820 
22800 
48730 
44650 
41960 
42380 
46790 
61050 
41540 
24060 
1098840 
46370 
47860 
45910 
47820 
42090 
59060 
47600 
47200 
44010 
42910 
42360 
50630 
45240 
52760 
53820 
48700 
44660 
45240 
44080 
46640 
40470 
44900 
43880 
48670 
41760 
42390 
52570 
43700 
40180 
43980 
47560 
41270 
44020 
50280 
48550 
40130 
42760 
44260 
45630 
47560 
42750 
40410 
46180 
43270 
44420 
44850 
62070 
44020 
47600 
1124000 
44470 
41340 
46580 
51840 
41770 
39150 
43060 
44760 
44430 
49520 
43770 
48820 
38170 
45890 
47110 
47710 
39830 
40860 
43340 
48090 
41580 
43530 
42960 
46790 
43730 
45190 
48330 
41930 
39490 
46330 
47030 
40570 
40080 
40870 
50320 
43640 
39080 
42070 
43750 
44140 
45160 
43980 
46280 
40300 
43290 
46190 
64080 
43400 
41230 
1133860 
84220 
43960 
45810 
1103270 
48060 
42730 
42750 
47260 
42180 
55540 
48800 
47810 
42680 
42650 
41570 
52530 
42410 
43450 
42200 
44930 
42710 
64000 
52970 
50090 
40870 
45230 
45350 
51160 
44030 
48480 
47300 
48620 
41220 
42720 
53750 
45150 
41810 
46580 
47320 
39050 
48690 
47830 
49630 
43730 
43220 
23480 
50100 
43640 
44790 
51540 
44410 
47350 
47030 
1107480 
42060 
37100 
41510 
47340 
41450 
37750 
44200 
42750 
42800 
45830 
44120 
50470 
38950 
46080 
46150 
47000 
39990 
40870 
43640 
52970 
43130 
43860 
45290 
46630 
48150 
52000 
58100 
41800 
52640 
59480 
56390 
46210 
39100 
40210 
48690 
43740 
45230 
42440 
41640 
44530 
44490 
49630 
46510 
44300 
46060 
50340 
44630 
46850 
49030 
54880 
48680 
40600 
48190 
45040 
50240 
44640 
45770 
46440 
48660 
64720 
55520 
48620 
42990 
40930 
45300 
56310 
43030 
43470 
43510 
41950 
22790 
25590 
24700 
51190 
23120 
25120 
26870 
53000 
30840 
26820 
52750 
56720 
23130 
21440 
49500 
43340 
22060 
24480 
48430 
22080 
36790 
29670 
51870 
19880 
22100 
24480 
49440 
22550 
22690 
29190 
50830 
22050 
24360 
1104750 
45170 
19620 
22400 
54350 
44620 
21660 
22150 
48160 
44010 
23080 
21490 
49810 
38920 
24610 
22610 
48130 
20060 
47130 
47070 
51180 
44030 
45380 
21300 
50540 
60740 
54990 
49890 
44340 
40820 
47520 
48700 
46380 
43650 
43900 
54330 
48280 
44500 
22750 
45990 
47310 
47010 
21560 
47040 
43130 
46890 
24630 
67180 
40930 
42310 
22000 
51370 
41300 
45380 
46320 
45630 
45840 
45760 
45370 
50200 
65890 
47590 
48490 
44140 
42910 
45240 
52470 
44520 
43900 
21270 
47120 
42730 
55060 
21260 
48630 
40380 
47010 
57490 
49440 
46160 
45510 
47070 
49540 
40900 
43520 
46310 
43910 
43500 
45230 
48790 
40430 
42880 
45890 
58640 
46910 
45370 
43800 
47450 
44160 
44330 
21900 
46270 
41440 
47320 
1111700 
59300 
40720 
43570 
53950 
47050 
64590 
44060 
65760 
52180 
77780 
45380 
47070 
50270 
48680 
46840 
47280 
47990 
44980 
46400 
49900 
46160 
46220 
44460 
45950 
49690 
39340 
50390 
98620 
89470 
55800 
21900 
49030 
47710 
45170 
23320 
48550 
43910 
44300 
21910 
50340 
45180 
45550 
47560 
42740 
65280 
44220 
46080 
45390 
44920 
47360 
46200 
53160 
45820 
44260 
42510 
46670 
45060 
63420 
49520 
43310 
49010 
46050 
42890 
44510 
43930 
48230 
45360 
46220 
45340 
22670 
46680 
50840 
41820 
1103130 
42040 
53360 
44170 
45000 
44570 
45950 
40700 
24980 
1098060 
47560 
42970 
21750 
50360 
22260 
53310 
26000 
45240 
23650 
46000 
21540 
47520 
39000 
44130 
47160 
45850 
42690 
41660 
44340 
48640 
43910 
42970 
52240 
48470 
67100 
48460 
48130 
48610 
42910 
48110 
44290 
47820 
42700 
42290 
54420 
51540 
47680 
42050 
47250 
44590 
44300 
43440 
49780 
46060 
44180 
46900 
49460 
46250 
42120 
44460 
48340 
47060 
42600 
62950 
43850 
44330 
44420 
48660 
43070 
44550 
50080 
47000 
64360 
46320 
43070 
44870 
47120 
42810 
46140 
46450 
46220 
47340 
43840 
44870 
43810 
43550 
47060 
43240 
42530 
44980 
45150 
49360 
46100 
49650 
50920 
45180 
47630 
45650 
45770 
43600 
41490 
43710 
44990 
51250 
46020 
41530 
44180 
49110 
21960 
44370 
41960 
41910 
25900 
46490 
45900 
47200 
49000 
47140 
46230 
43850 
63370 
45670 
79180 
48490 
45760 
1095130 
42790 
42110 
45580 
50700 
43450 
58700 
42240 
51790 
44820 
42740 
38720 
47660 
45170 
44380 
41760 
47760 
45260 
52210 
53570 
46840 
45560 
46360 
47000 
69080 
47350 
43990 
44040 
41800 
48660 
45230 
48970 
44710 
44090 
46570 
45370 
46410 
43880 
44340 
49950 
45900 
44340 
43490 
44430 
49310 
64090 
97770 
85480 
51490 
49170 
52610 
49650 
47420 
23700 
48670 
44360 
44580 
51340 
48030 
45320 
47600 
45000 
44240 
42160 
43040 
48890 
44330 
43250 
44540 
48590 
27180 
24400 
24930 
22680 
23990 
26790 
23760 
21430 
24730 
22570 
26630 
28200 
25870 
28120 
53630 
49550 
49710 
43350 
42880 
45460 
50270 
44990 
43480 
50370 
41370 
61080 
28670 
53370 
44990 
46940 
21330 
56420 
41240 
47450 
20220 
45990 
41640 
49330 
25490 
46770 
42410 
45190 
48330 
54340 
60970 
40800 
44520 
47190 
46530 
21480 
45800 
44470 
47390 
21390 
46640 
42290 
42570 
22840 
53310 
49180 
44050 
19960 
47960 
46240 
44130 
1083790 
40910 
61190 
47620 
47310 
53620 
46330 
43470 
50270 
49570 
43890 
20810 
45900 
47200 
52440 
25880 
58540 
54130 
50720 
24020 
47240 
44800 
47160 
21570 
49040 
42590 
44180 
19440 
43410 
47160 
44130 
42590 
40210 
58430 
55210 
52030 
44920 
42030 
19740 
48690 
41760 
42110 
20490 
39970 
45200 
47950 
22020 
66020 
49350 
44760 
22930 
43240 
43100 
41310 
23380 
44950 
73790 
43890 
44030 
42840 
52820 
21350 
48140 
38610 
39870 
22000 
54170 
67640 
46180 
21110 
50200 
41770 
43180 
19470 
42880 
41830 
45660 
22040 
24580 
39430 
53770 
48220 
22440 
41230 
43120 
44290 
43630 
42100 
20080 
46300 
39080 
45510 
21560 
46980 
42710 
38860 
26190 
55000 
47350 
44340 
42720 
44420 
67080 
43340 
43450 
39770 
108050 
45260 
43200 
43130 
46530 
42050 
50080 
41220 
41320 
20570 
44020 
46890 
49580 
22230 
46750 
38930 
46890 
20250 
47130 
43510 
39580 
1079730 
22680 
23290 
42680 
40570 
43840 
74590 
43220 
44920 
41500 
44770 
23010 
45270 
44890 
42530 
19210 
48460 
44600 
42440 
30020 
57650 
52090 
45730 
22030 
45420 
42900 
46240 
47040 
46210 
66870 
42210 
44990 
47710 
45240 
20190 
41990 
43750 
45730 
21410 
42230 
40250 
40210 
26160 
52130 
44050 
42300 
21030 
45380 
44480 
42950 
19180 
41400 
41690 
54320 
47230 
39960 
59720 
21330 
49850 
40270 
42680 
19870 
45430 
44090 
41700 
19670 
59710 
19620 
45850 
22740 
24770 
21050 
21690 
24250 
49480 
41070 
42670 
63920 
269850 
59620 
22910 
46900 
41590 
41910 
24430 
46940 
45090 
39750 
20470 
50820 
89280 
50330 
43850 
56090 
52380 
44730 
42300 
43930 
38640 
45720 
39530 
45370 
40870 
40160 
45080 
43530 
75910 
25310 
47290 
43890 
43960 
21990 
51180 
39710 
41860 
42880 
43360 
43090 
42460 
44180 
52760 
45760 
45880 
43100 
44400 
49320 
48300 
46520 
45110 
48550 
44940 
49080 
44550 
45270 
43400 
45140 
47070 
45700 
46460 
41680 
41520 
56340 
47140 
64290 
43600 
41920 
46160 
43880 
45650 
41710 
41540 
21510 
45500 
44090 
43650 
42010 
60830 
52650 
47990 
46660 
44140 
43910 
49020 
43890 
45460 
42370 
41660 
46450 
44160 
44950 
43840 
40630 
49900 
45600 
69360 
43640 
41500 
55250 
70770 
45370 
45050 
41530 
50490 
49010 
45010 
48210 
42420 
45750 
48000 
50330 
44360 
46050 
43540 
55290 
43680 
46040 
44180 
42060 
45000 
46390 
46660 
42450 
46910 
48020 
44330 
68290 
62250 
49580 
47410 
46760 
48620 
42120 
21330 
46740 
50030 
46450 
23540 
44250 
46980 
48440 
45100 
48640 
45010 
45000 
45520 
44920 
48510 
38520 
52180 
53050 
49720 
41920 
63940 
55300 
52030 
44780 
44820 
48830 
47420 
60820 
46510 
47180 
46930 
40990 
52650 
55290 
44390 
44250 
42830 
43730 
46180 
45920 
44100 
46760 
51440 
50220 
47750 
49380 
41510 
43970 
49840 
49490 
40870 
44500 
45970 
46050 
67180 
47740 
51630 
43240 
40470 
47170 
47080 
47690 
44340 
40320 
49140 
43550 
52420 
46120 
45110 
44410 
45110 
44160 
46830 
41250 
45310 
50400 
49090 
40340 
20950 
51790 
64100 
72780 
45460 
48850 
48950 
45870 
22260 
50220 
43180 
44320 
22420 
49010 
46620 
43420 
43040 
50330 
44010 
45530 
22960 
45180 
42300 
45380 
24020 
47790 
41660 
23490 
49610 
45080 
55980 
21720 
49860 
47950 
44000 
24200 
47520 
42250 
49300 
25090 
54050 
41230 
42780 
25850 
48940 
43580 
43570 
21090 
52360 
44480 
44630 
44120 
69320 
57290 
48620 
45500 
48710 
40220 
42480 
25620 
48020 
51870 
24210 
44970 
53710 
42210 
1448030 
1102390 
45560 
57960 
25270 
52380 
53130 
61900 
22200 
51160 
47820 
44810 
51080 
52720 
45400 
44520 
46070 
57870 
43850 
52120 
43350 
46270 
42510 
51680 
51920 
52150 
51270 
45140 
82160 
52870 
48380 
46060 
46640 
48880 
25450 
25900 
64090 
59690 
21860 
23180 
47720 
54400 
21610 
21670 
50650 
50560 
52090 
24740 
50700 
43160 
23510 
23840 
56440 
41870 
21130 
49120 
47100 
45480 
23430 
46090 
44620 
46800 
22100 
46290 
41930 
43490 
1102910 
51860 
43540 
40280 
47020 
48990 
40240 
21870 
49690 
42660 
46500 
23150 
46630 
44060 
42910 
23840 
47340 
43430 
44410 
20370 
53860 
48240 
41940 
22920 
44680 
