101270 
43150 
40700 
41800 
38970 
37400 
39340 
37660 
36960 
38470 
39930 
40780 
38910 
36460 
39090 
36300 
39310 
34630 
35150 
37140 
35520 
35960 
36710 
36400 
37410 
36140 
35920 
35560 
34910 
38030 
36180 
36140 
34210 
38690 
37180 
36840 
34400 
36660 
35050 
36700 
36440 
37760 
36640 
35290 
34630 
37120 
39340 
38660 
38170 
36760 
37760 
36480 
36910 
36410 
35520 
36850 
39320 
35760 
37750 
37980 
37750 
38590 
35450 
36230 
35060 
35780 
41690 
39540 
36270 
36850 
35270 
38440 
39010 
37050 
36430 
34690 
38520 
35350 
36120 
35110 
35690 
36820 
36320 
36310 
36740 
34480 
36840 
36890 
35890 
36030 
34710 
38340 
36580 
35790 
35830 
35440 
36860 
37370 
36260 
36510 
34880 
35490 
41970 
37680 
35550 
35360 
39970 
37010 
36570 
36730 
35870 
38380 
37660 
35750 
35210 
36130 
35620 
39030 
38220 
35730 
35750 
35490 
35980 
37640 
35640 
36280 
36800 
35650 
45660 
37890 
35290 
36570 
36810 
37750 
36630 
36140 
36980 
35410 
36720 
36760 
35830 
36470 
36320 
36220 
36740 
36330 
36600 
36120 
35420 
37170 
37610 
37880 
37100 
34790 
38850 
34730 
39390 
37890 
36410 
35690 
37270 
35360 
36300 
36480 
36730 
35540 
37090 
36770 
37660 
36710 
37180 
36260 
35700 
35280 
35170 
37680 
38930 
36790 
35750 
35540 
38000 
35660 
36500 
36550 
36730 
37140 
37500 
35010 
36540 
36320 
35330 
36930 
36230 
36900 
35880 
35380 
38260 
35860 
36510 
35800 
34870 
38580 
38800 
36190 
36300 
35390 
38320 
36250 
35590 
36130 
36770 
37830 
38590 
36380 
37880 
36690 
36760 
38860 
37940 
36450 
35500 
37430 
36860 
36180 
35610 
34970 
35400 
36670 
35530 
35630 
34210 
36240 
36630 
46250 
38300 
35740 
35820 
36950 
35200 
36420 
35950 
36130 
38470 
37880 
36320 
35620 
35530 
36120 
37470 
36170 
36260 
39980 
37560 
40620 
36260 
36920 
35480 
34730 
37860 
38830 
35850 
35750 
35130 
35590 
37100 
35340 
36030 
34630 
38060 
40900 
36410 
35730 
35600 
35790 
37790 
34670 
36070 
34390 
36030 
37320 
38830 
37200 
37320 
35660 
37820 
36660 
35490 
37010 
36780 
36930 
35730 
35580 
36470 
36230 
38380 
36870 
34500 
35760 
35620 
36050 
38320 
40250 
36820 
38220 
36510 
38130 
36330 
36100 
34820 
35540 
38790 
37190 
37880 
36740 
35930 
36980 
39040 
36390 
37790 
35040 
36810 
36800 
36010 
36010 
34450 
36950 
38270 
37690 
42760 
36790 
36230 
38460 
34320 
35220 
36350 
47340 
41330 
35860 
35230 
35630 
35440 
41030 
36100 
36850 
37580 
36370 
36160 
36600 
36110 
37100 
36060 
35890 
38580 
37050 
36000 
36110 
35760 
35920 
36480 
35770 
35830 
37580 
37560 
35450 
35610 
34740 
35090 
36540 
37210 
38110 
38490 
39320 
38140 
37280 
36230 
36190 
36620 
38340 
36990 
37440 
35560 
35530 
41110 
40860 
37240 
36910 
36680 
35340 
39290 
37610 
35630 
39210 
38430 
39820 
39250 
36240 
37270 
35570 
37780 
39690 
37740 
36490 
35070 
39220 
40500 
37090 
36580 
35820 
34790 
41970 
39770 
36880 
39130 
37080 
40130 
36460 
35790 
35590 
34430 
37380 
38110 
36700 
34910 
34950 
36240 
39630 
36310 
36280 
34770 
34800 
37380 
38950 
37050 
36200 
35830 
39120 
37260 
36810 
35450 
36990 
36940 
34970 
35160 
36100 
36970 
36940 
37480 
35330 
35830 
34790 
35750 
36830 
36790 
36590 
36150 
35250 
38150 
38710 
38800 
35430 
35050 
38840 
35400 
35930 
35680 
35550 
36870 
36170 
35390 
37060 
35800 
38640 
37880 
35360 
35830 
35950 
36760 
36780 
35580 
36380 
35490 
35380 
37430 
35370 
35870 
36040 
38590 
38130 
35560 
36350 
36840 
37580 
38450 
36320 
37530 
36600 
35820 
36220 
36510 
35780 
35050 
34730 
37510 
37790 
37370 
37020 
35810 
36720 
38310 
37780 
36670 
35860 
38500 
37540 
36190 
35460 
36450 
35290 
37500 
35490 
37850 
37240 
35650 
37010 
37610 
36120 
36500 
35690 
35970 
35920 
35190 
35770 
35840 
35490 
39330 
35020 
35470 
36060 
35350 
37890 
35520 
35820 
36320 
35810 
37180 
38880 
35170 
35710 
35640 
35650 
37050 
36520 
34950 
35060 
36520 
35330 
36530 
35680 
34670 
35110 
38440 
36360 
35890 
35640 
35120 
37660 
34530 
34330 
34330 
35680 
38450 
38590 
38250 
36350 
35970 
36870 
36300 
36070 
35200 
36320 
37750 
37040 
36420 
38690 
36610 
35190 
37430 
36040 
35560 
36360 
36350 
39280 
37610 
35930 
36000 
37750 
37650 
36990 
35580 
35640 
35440 
36200 
38310 
36130 
35000 
36460 
36560 
37140 
37100 
38830 
36320 
35750 
38470 
38630 
36690 
36350 
35290 
37430 
35520 
36480 
36860 
36710 
40580 
36900 
36720 
35850 
34910 
36960 
37770 
36290 
37000 
34500 
37550 
35260 
36140 
38750 
35540 
36070 
37400 
36210 
35140 
35200 
36260 
37980 
36200 
38010 
37820 
36630 
37280 
35930 
35480 
37980 
37040 
38120 
35320 
36710 
34600 
35720 
36760 
37300 
36480 
34820 
35810 
35950 
37890 
35970 
35500 
35630 
35850 
37960 
35830 
36620 
36410 
38040 
39530 
37740 
35520 
36330 
36380 
37750 
36190 
35190 
36600 
35040 
36240 
36670 
35020 
36400 
36010 
37280 
37630 
35930 
35410 
34500 
35780 
37340 
39040 
35170 
36060 
34900 
37280 
35680 
34790 
35000 
34690 
36970 
37640 
37330 
36100 
36360 
37860 
35700 
46170 
40980 
36870 
37380 
38120 
35890 
36080 
35670 
35050 
36110 
36110 
36050 
35470 
34320 
38030 
35460 
35880 
36710 
35290 
36860 
36390 
35220 
35930 
35980 
36190 
37840 
34490 
36800 
35910 
34890 
37860 
35240 
36610 
36380 
37240 
37450 
37080 
36720 
35210 
36590 
38580 
35800 
35240 
35880 
36090 
38380 
38500 
35780 
37090 
36110 
36520 
36380 
35990 
36480 
34780 
36440 
37520 
36940 
35720 
35380 
36860 
36990 
37760 
36700 
36740 
34760 
38830 
35670 
35140 
36910 
35380 
36950 
35830 
35930 
36160 
34650 
36850 
36780 
34720 
35840 
34970 
36150 
37150 
35760 
37430 
39240 
34880 
38500 
37030 
36240 
36020 
34850 
37530 
36380 
35450 
35740 
35020 
36820 
38120 
35000 
36300 
36960 
36900 
36300 
36350 
35790 
34340 
35440 
39240 
35510 
38200 
35000 
36500 
38170 
36270 
36510 
35960 
33900 
39250 
36370 
35390 
35080 
35020 
36160 
35080 
35970 
35540 
35120 
37260 
35450 
36630 
36130 
34920 
35470 
37180 
36890 
37210 
36350 
36050 
37170 
37300 
36070 
35110 
36520 
37550 
35520 
36750 
36290 
35470 
36930 
36090 
36690 
36210 
36620 
36000 
36840 
37900 
36560 
37300 
36610 
52150 
40570 
38040 
37900 
36900 
36620 
36690 
34840 
37880 
35740 
38900 
35990 
36130 
35210 
35270 
35720 
35400 
36650 
36820 
35840 
37150 
39120 
35870 
35910 
36050 
36260 
38520 
36980 
36430 
35010 
34730 
37250 
36350 
39030 
36350 
36760 
37880 
37190 
37380 
35620 
35910 
39230 
36690 
37190 
35260 
36540 
40110 
37590 
36330 
36610 
35770 
38540 
38270 
35790 
35150 
35650 
35360 
36300 
35820 
36380 
36140 
36120 
37400 
36040 
34930 
37120 
33830 
36360 
37410 
36250 
36490 
36140 
35390 
36780 
35700 
36390 
37370 
36470 
37780 
36780 
36200 
36020 
35200 
38510 
36480 
36340 
35720 
35470 
38310 
37000 
35080 
37020 
36430 
37190 
35860 
35580 
38620 
38290 
37930 
37830 
35340 
36730 
36280 
36670 
39400 
35160 
35730 
35530 
36200 
37150 
35640 
36580 
35190 
36480 
37460 
36460 
35470 
33950 
35710 
36220 
37510 
34770 
36120 
35750 
36970 
37260 
37250 
37310 
36440 
35620 
38800 
36590 
36730 
35590 
35540 
37350 
37160 
37640 
36710 
35690 
38360 
36320 
37950 
36880 
34300 
36220 
36060 
35240 
36510 
35920 
37340 
36050 
37670 
35420 
35550 
35920 
37490 
36230 
34710 
35180 
35870 
36890 
37550 
36380 
35700 
35430 
36400 
36140 
36470 
35130 
35310 
37370 
36380 
36530 
34860 
34810 
36240 
37330 
35870 
36010 
35460 
36320 
37250 
36830 
35160 
34820 
36790 
38450 
36920 
35100 
35150 
35930 
37690 
36290 
35240 
34360 
35080 
39720 
38320 
35670 
36870 
35830 
38110 
37930 
34920 
37680 
37520 
35500 
37620 
35300 
35460 
36420 
34990 
49330 
39730 
34670 
34710 
36160 
37640 
36730 
34080 
35980 
35970 
36590 
35980 
35940 
36230 
37450 
37260 
36470 
35600 
35750 
35200 
35690 
36970 
35390 
37360 
36420 
36990 
36940 
36210 
37510 
38010 
36430 
37970 
36570 
35710 
36220 
36220 
36070 
36820 
37660 
36840 
36770 
37690 
36150 
35310 
35130 
36070 
36770 
35980 
35400 
35550 
35880 
34110 
38120 
37990 
36160 
36050 
35090 
37300 
36190 
35590 
36170 
35920 
35250 
35540 
36650 
37830 
36590 
36980 
35980 
35910 
35610 
35380 
36720 
40660 
36330 
36910 
37520 
36300 
38560 
35070 
36010 
36380 
35400 
38250 
35310 
38110 
35930 
35880 
36420 
35950 
37420 
36490 
37920 
52390 
39080 
36090 
36980 
37240 
36660 
38290 
35420 
36450 
36060 
35650 
38290 
35250 
36420 
35540 
36120 
37750 
38280 
34910 
36400 
34970 
36550 
37730 
36910 
36000 
42580 
42070 
38180 
36640 
37510 
36300 
36300 
38460 
36210 
35970 
35210 
37900 
39220 
35050 
36590 
35200 
36650 
38820 
36180 
35790 
35260 
35760 
39400 
38850 
36120 
35570 
34790 
37120 
38490 
37770 
55440 
39790 
36790 
36470 
35910 
36190 
34930 
36450 
36980 
36090 
35040 
36110 
36260 
38110 
35410 
35700 
35890 
36640 
38140 
37640 
37000 
39950 
36330 
36400 
36440 
40510 
37460 
35680 
36320 
36360 
36110 
35020 
35480 
35930 
37440 
36270 
35840 
35270 
34110 
37000 
36660 
35310 
36330 
36340 
37500 
37030 
37810 
35660 
36560 
36070 
36490 
35070 
36580 
37020 
36040 
39110 
36560 
34990 
34940 
35540 
37830 
34550 
36850 
36910 
36410 
37780 
35090 
35770 
36680 
36620 
36880 
37290 
35960 
35410 
35370 
36380 
38290 
37070 
36710 
35770 
36520 
40020 
35750 
36840 
35480 
36920 
37330 
35970 
36970 
35810 
36100 
36600 
35870 
38340 
35700 
36540 
37250 
35890 
35550 
36500 
35120 
37070 
38310 
35830 
35670 
36300 
38950 
37440 
36410 
35450 
35940 
35420 
37320 
37540 
36460 
36320 
35460 
37990 
36160 
37230 
36790 
34750 
37390 
37060 
35390 
38100 
36340 
40530 
37740 
36040 
35810 
35340 
35100 
37530 
35400 
35960 
34380 
36030 
40700 
36470 
35490 
36760 
35760 
37150 
38990 
36170 
36740 
38620 
37070 
38370 
37560 
37050 
36040 
36870 
37300 
38410 
36190 
35800 
35760 
40320 
38420 
36930 
36690 
36080 
36910 
38560 
39600 
36920 
35760 
38500 
39570 
39120 
37450 
36690 
37350 
38700 
39110 
37300 
37380 
35800 
37770 
38530 
37920 
36610 
35340 
37540 
35760 
37790 
34580 
35770 
37410 
36230 
38760 
37190 
37360 
39360 
36720 
36060 
38710 
36110 
38720 
43800 
39330 
35600 
36040 
37590 
36620 
34660 
36430 
35750 
36610 
36760 
36210 
36430 
37710 
35960 
38890 
38170 
37640 
37170 
38420 
36750 
35980 
36290 
36280 
35080 
47750 
45260 
38030 
36930 
35810 
36360 
35480 
36380 
35020 
34920 
36190 
37950 
35680 
38750 
35860 
35140 
38000 
35690 
38200 
36580 
35550 
38180 
40240 
36570 
35410 
35580 
38340 
37050 
35700 
36640 
35410 
36500 
37090 
35210 
37460 
36510 
36610 
37930 
37650 
37490 
36340 
35010 
38300 
37290 
37780 
35400 
35910 
38760 
34830 
34770 
36900 
37970 
37600 
37460 
35590 
37030 
37090 
36740 
36500 
35640 
35120 
35570 
34840 
37200 
34950 
35200 
34390 
34940 
36690 
36750 
35760 
34420 
34980 
36520 
36900 
35130 
35180 
35690 
37190 
36970 
35050 
35420 
37300 
37210 
36290 
35320 
36370 
35400 
36540 
40460 
36850 
36170 
36010 
36060 
38620 
35900 
35610 
36160 
34310 
39170 
35480 
36440 
37280 
36170 
37980 
36930 
36830 
35290 
35510 
36560 
37570 
36180 
36360 
36460 
35960 
37150 
36280 
35340 
35410 
37210 
37350 
35650 
35290 
38010 
35880 
38710 
36890 
36350 
36070 
36000 
36740 
36890 
37040 
36480 
35690 
37040 
36970 
35050 
36450 
35560 
36200 
38170 
35930 
37170 
36010 
37630 
37830 
36270 
35850 
35990 
36960 
39540 
37810 
35880 
36590 
36190 
38770 
38620 
35220 
34780 
35570 
35360 
37140 
36770 
35880 
36960 
35670 
38070 
36550 
37620 
37090 
35880 
38040 
35730 
37110 
35970 
36340 
37670 
36630 
34990 
37800 
35850 
36540 
37280 
35120 
36780 
35340 
36780 
36900 
38410 
35100 
36310 
35770 
38230 
37480 
37920 
36450 
35980 
37660 
36490 
35750 
35020 
36270 
37190 
36460 
34820 
36220 
36280 
37510 
36840 
35250 
36480 
34340 
36770 
35510 
36540 
34940 
35890 
35840 
36150 
37700 
35530 
36770 
34550 
39170 
36580 
35340 
37260 
36000 
37550 
36990 
35200 
34850 
34980 
36330 
41700 
36450 
35680 
35940 
37520 
36700 
35410 
39230 
38120 
37660 
38480 
36490 
36470 
36290 
35570 
39940 
36190 
35890 
35440 
35840 
38970 
38880 
38890 
36580 
40460 
38320 
36210 
35870 
35460 
35600 
36230 
37900 
34990 
35680 
34220 
37200 
38250 
36090 
37760 
36490 
34700 
38960 
35780 
36760 
35900 
37800 
38580 
36710 
34920 
34660 
36500 
39020 
39790 
36350 
36230 
39190 
36240 
37870 
35890 
35410 
37280 
36160 
37100 
36170 
37240 
36960 
37380 
38410 
34980 
34960 
36780 
34910 
43130 
41340 
35950 
36460 
37380 
36770 
37060 
35090 
36220 
35570 
36490 
36640 
36580 
37430 
37380 
35060 
37430 
38180 
38990 
36650 
35980 
37840 
35700 
37990 
35160 
35310 
37720 
35800 
35420 
36130 
35760 
36290 
36130 
35970 
36430 
35920 
37610 
36050 
38400 
36560 
36850 
36110 
37910 
36940 
38630 
37090 
35650 
36080 
36050 
38890 
35760 
36100 
37730 
37590 
36520 
37020 
35440 
36030 
36100 
34720 
36930 
36160 
38700 
37570 
37210 
36540 
34970 
39560 
38930 
49340 
40680 
35850 
35390 
38320 
37550 
36840 
35980 
35730 
37680 
36260 
35160 
35510 
36750 
36490 
36920 
36190 
34840 
36960 
36980 
37100 
37700 
36340 
34150 
38490 
38090 
36440 
36460 
35920 
36140 
38800 
36500 
35460 
35500 
35610 
38240 
36090 
35810 
35550 
35950 
36990 
37820 
35850 
36670 
36030 
39060 
36310 
36940 
36720 
37110 
38440 
37560 
35520 
35160 
36300 
36470 
38830 
37550 
35050 
35450 
34160 
37760 
36290 
35570 
36330 
36580 
48190 
38920 
36000 
35430 
36290 
37960 
38150 
36160 
35690 
37590 
39760 
38700 
35650 
36490 
35890 
38380 
38680 
36530 
38270 
35870 
35400 
38570 
36370 
35250 
35400 
35910 
37170 
35960 
35530 
35840 
35720 
37760 
36310 
37240 
36100 
36020 
36480 
37910 
35550 
36570 
36450 
35860 
39090 
36910 
35600 
34930 
35360 
38110 
35930 
35270 
36660 
36120 
36770 
37000 
36020 
37600 
35740 
37090 
36910 
35050 
37050 
36550 
36570 
37360 
36730 
35510 
36450 
35870 
38590 
35620 
36550 
34240 
36450 
38250 
37310 
35400 
36030 
35220 
38040 
36770 
37980 
39000 
36440 
36510 
36320 
36740 
36100 
35140 
36190 
37090 
35860 
35870 
36240 
36330 
37080 
34840 
36300 
36100 
36290 
