120430 
42660 
37820 
43960 
37710 
36210 
40240 
37660 
39160 
38430 
39240 
43100 
37800 
37360 
38830 
36290 
38220 
35820 
36390 
38860 
36350 
36430 
36970 
37020 
38240 
36860 
36060 
35950 
35960 
36490 
35960 
37380 
36730 
40570 
37040 
36800 
36330 
36090 
35220 
36520 
36550 
37880 
37070 
37970 
36670 
38290 
38920 
38390 
39080 
35670 
38750 
37450 
38270 
37280 
36560 
37470 
40910 
36770 
38360 
39840 
38460 
37420 
35620 
36900 
35340 
36430 
42160 
40040 
38140 
37020 
36480 
38420 
39070 
36060 
36890 
36670 
39810 
36530 
36480 
36640 
36350 
37200 
37440 
36610 
35610 
36480 
38530 
37250 
37150 
36150 
36630 
36450 
37720 
38410 
36840 
35750 
35590 
38960 
37090 
36450 
36390 
36390 
41150 
37940 
36710 
36180 
40660 
37660 
36640 
37270 
36420 
38740 
37650 
37370 
36360 
34690 
38230 
39730 
38230 
37200 
35280 
35900 
36970 
38240 
35990 
35700 
36920 
35380 
49010 
37680 
36720 
36890 
35240 
38610 
36840 
35800 
36530 
34790 
37550 
36580 
34640 
36420 
37360 
37200 
37650 
36360 
36390 
35620 
36270 
38430 
36820 
38710 
36220 
36300 
39070 
36860 
39710 
36660 
37270 
37820 
40080 
36440 
36550 
36150 
37920 
38030 
36040 
37430 
38800 
37780 
37490 
36720 
36640 
36020 
36480 
38270 
39430 
36930 
36560 
35420 
38570 
36780 
34970 
35510 
36880 
37200 
36680 
36000 
36220 
36230 
36320 
36660 
37370 
37950 
36460 
36600 
38280 
36290 
35750 
37070 
35810 
38650 
39090 
36160 
36090 
36050 
38700 
35890 
37670 
37210 
36100 
38660 
38710 
35280 
37680 
37090 
38140 
39570 
38590 
37310 
35450 
36300 
37130 
36230 
35140 
35700 
36190 
37630 
36550 
35530 
34660 
36740 
37780 
45640 
38490 
36440 
35650 
36280 
37270 
36180 
35080 
36720 
37960 
38190 
35860 
35540 
35290 
36430 
37770 
35640 
36260 
39780 
37630 
39930 
36790 
37230 
36310 
34820 
38300 
38710 
36000 
37020 
36290 
36360 
37370 
36090 
37370 
35740 
39630 
42000 
37110 
36720 
36000 
34850 
37970 
36960 
35790 
36110 
36350 
39190 
39970 
37100 
36410 
35530 
38400 
36290 
35830 
36950 
35290 
39280 
36990 
36600 
36110 
37760 
37760 
37030 
35340 
35670 
36040 
37290 
38270 
40360 
37150 
38290 
37110 
38890 
35780 
36460 
36740 
36480 
40010 
38100 
40100 
35850 
37380 
36580 
40650 
35310 
38180 
37270 
38530 
36670 
37220 
37380 
36970 
37620 
38490 
36960 
44570 
37290 
37050 
37230 
36360 
36820 
36820 
49430 
42270 
36700 
35520 
37020 
36410 
40270 
38660 
37600 
36910 
35530 
37550 
36980 
35950 
37340 
35430 
36240 
38290 
36440 
37560 
36760 
35150 
38110 
37660 
37220 
36420 
36810 
38670 
35750 
36520 
35780 
36770 
37140 
37080 
38960 
38770 
39760 
38770 
36580 
35760 
35290 
36960 
38670 
38900 
38310 
36900 
36190 
40480 
40330 
37010 
35550 
36340 
34990 
39630 
38260 
36400 
38800 
39640 
39830 
39890 
35530 
36560 
35890 
39220 
39480 
37470 
37270 
36220 
40340 
43640 
36830 
37430 
36550 
36470 
42450 
41840 
36560 
38980 
36440 
41110 
37480 
35830 
36410 
35470 
37900 
40110 
36950 
36060 
36240 
38350 
40670 
37760 
36010 
36640 
35530 
39140 
39010 
37700 
35310 
36600 
39360 
37130 
35780 
35520 
36610 
38900 
37330 
35300 
35170 
37770 
36470 
37900 
36500 
37330 
36180 
37300 
36850 
37380 
36060 
36860 
35930 
38020 
36780 
39210 
36610 
35680 
38140 
36160 
36470 
36600 
35490 
38400 
36920 
35380 
37830 
36820 
40730 
37810 
36980 
37720 
37040 
36560 
38090 
35760 
37300 
36510 
35650 
36840 
36200 
36780 
36610 
39410 
38560 
36250 
36780 
36880 
38170 
39510 
36670 
35590 
37510 
36820 
37260 
36010 
35890 
37130 
35550 
38440 
37050 
37910 
36900 
35520 
36780 
38310 
37340 
36270 
35120 
38230 
40490 
35950 
37140 
36510 
35410 
38320 
35510 
38660 
36040 
36680 
37400 
38770 
36000 
36920 
36310 
38560 
38370 
36070 
36090 
36920 
36350 
38410 
36590 
36540 
36420 
35560 
39250 
35880 
37080 
37000 
36000 
37460 
39160 
36870 
37760 
36120 
37620 
37320 
36690 
36340 
35060 
38100 
36570 
36260 
36420 
37420 
36930 
41500 
36520 
38280 
37620 
37070 
38640 
36400 
35330 
35050 
36590 
40630 
39950 
39400 
38110 
37470 
37190 
36840 
36710 
35680 
37890 
36690 
37650 
35820 
38920 
36430 
35090 
37320 
37110 
36270 
37090 
35830 
37780 
39290 
36660 
37380 
35560 
38640 
36280 
35620 
36830 
36070 
37590 
38230 
37040 
36750 
36350 
37540 
36700 
38140 
38690 
36040 
37940 
39810 
37090 
36920 
34660 
35000 
37650 
35700 
37260 
35730 
37580 
43510 
38590 
37540 
37570 
35780 
37740 
35560 
36070 
35920 
35230 
37390 
37200 
36760 
39350 
35720 
36670 
38510 
38220 
36610 
34940 
35510 
38850 
36980 
39240 
37110 
37690 
37750 
36780 
35530 
40280 
38360 
39640 
38920 
36750 
36550 
35630 
37480 
39270 
37010 
36740 
37240 
35900 
38640 
36990 
36120 
37000 
36730 
40490 
35220 
38550 
36060 
39460 
40240 
37510 
35850 
36780 
35430 
37450 
37740 
36200 
37030 
36020 
37300 
36650 
34720 
36050 
35580 
36870 
38130 
35740 
37180 
36500 
35860 
37750 
40480 
37040 
36520 
35920 
38020 
37170 
37350 
36970 
35920 
37980 
37560 
37130 
36540 
37070 
37390 
36360 
47240 
42480 
38030 
37760 
37460 
36270 
36790 
36350 
36650 
38480 
36760 
36590 
35600 
36270 
37280 
36310 
35920 
37140 
36130 
37110 
36600 
36940 
37030 
36880 
37000 
36950 
37230 
38200 
35980 
35530 
37260 
37130 
36020 
36800 
36510 
39880 
37690 
36670 
36070 
37910 
39090 
36380 
35730 
36830 
36270 
37140 
36780 
37130 
37040 
36230 
37540 
35130 
36430 
37420 
36490 
35380 
37790 
36520 
36810 
35200 
37840 
39050 
37480 
39220 
38260 
37180 
39460 
37180 
36190 
37330 
35960 
37050 
37180 
36060 
35840 
37020 
38000 
36810 
36730 
36800 
36680 
36620 
37970 
35520 
38680 
39470 
36810 
38690 
38380 
35650 
37450 
35360 
37670 
37040 
35740 
35810 
35780 
37650 
38260 
35810 
37160 
38240 
38470 
37890 
37910 
38100 
36530 
36210 
38290 
36460 
36780 
36010 
35090 
39570 
36140 
38440 
36590 
35300 
38410 
35600 
36720 
37000 
37560 
38960 
36800 
38420 
36830 
36020 
39220 
36950 
36700 
36350 
36700 
38300 
38020 
37900 
38280 
35680 
36250 
38200 
39040 
35990 
35860 
37450 
37880 
37350 
37360 
37380 
35270 
37380 
37480 
34700 
34920 
36800 
36580 
38900 
38480 
38180 
37340 
37020 
54120 
39850 
38220 
38030 
36870 
38300 
37640 
35770 
38900 
36330 
39250 
37320 
37410 
36930 
35850 
37500 
37070 
36630 
37450 
35420 
38480 
39090 
37610 
36720 
36060 
38800 
40690 
38390 
37790 
36420 
36110 
38910 
36230 
40720 
37540 
37650 
38870 
38040 
36260 
36880 
35940 
39980 
38260 
35870 
36820 
36320 
42100 
37780 
36080 
36180 
36710 
38730 
38000 
37040 
36250 
35930 
36170 
39410 
36510 
36520 
36820 
36080 
38270 
36820 
36110 
36640 
36100 
37290 
37890 
36260 
37400 
35780 
38370 
37370 
36440 
37080 
37240 
36560 
39810 
38300 
36360 
36270 
37120 
39280 
36310 
36700 
36890 
36680 
39750 
36180 
35720 
36140 
35570 
37180 
36060 
36140 
38190 
38140 
39400 
36960 
35920 
36890 
36670 
36770 
39960 
35800 
36270 
35120 
36150 
38520 
36450 
36060 
38450 
37650 
36880 
35950 
35860 
36950 
37870 
37660 
38120 
36520 
36440 
36870 
38080 
38260 
36890 
37590 
36640 
36650 
38110 
37000 
35460 
37490 
36630 
39360 
39020 
37590 
36660 
35840 
38200 
36450 
38810 
37100 
35270 
36220 
37580 
36720 
36200 
37160 
38910 
38560 
38460 
38320 
35970 
37740 
38620 
36350 
37520 
35890 
36480 
40540 
38320 
38110 
36610 
35820 
38960 
37600 
36480 
36370 
34690 
37410 
36420 
37500 
34880 
35680 
39500 
38370 
37420 
36550 
35750 
37750 
37120 
35910 
34900 
36330 
36070 
40180 
37120 
37990 
36180 
37320 
38040 
36410 
35430 
35680 
36380 
39370 
36740 
35960 
36090 
35710 
37640 
38180 
35740 
37820 
38800 
37260 
37280 
35800 
36290 
36730 
36080 
52300 
38740 
36900 
36030 
35900 
38370 
35370 
34610 
37500 
35410 
37730 
36940 
36070 
37730 
37180 
38370 
36650 
35380 
35350 
36290 
35160 
38010 
35490 
36980 
35360 
37180 
39140 
36820 
36480 
37850 
36730 
39020 
36070 
37010 
35040 
36660 
36770 
37210 
36810 
36740 
36890 
38010 
37200 
35290 
35630 
36370 
36120 
38870 
35630 
36080 
38000 
36660 
38490 
39180 
37160 
36670 
35860 
37340 
36710 
35890 
36790 
35860 
38100 
37590 
38700 
39480 
35980 
38730 
36970 
36670 
38060 
36360 
36830 
42800 
38260 
37170 
37140 
36060 
37630 
36240 
35980 
36220 
34590 
38530 
37210 
38620 
37070 
35750 
37180 
38640 
37890 
36500 
38560 
57000 
38680 
37110 
35140 
37170 
36790 
37520 
36590 
34950 
36120 
36370 
37950 
36080 
37150 
36590 
35430 
38520 
39080 
36140 
36390 
34760 
37270 
38650 
37230 
35870 
44730 
43290 
39840 
37250 
38150 
35590 
38240 
38520 
36650 
36580 
37330 
39260 
39460 
35690 
36190 
35340 
35770 
39240 
36070 
36470 
37720 
36930 
39370 
41160 
35640 
37770 
35810 
39340 
39820 
38240 
58080 
38500 
37990 
37110 
35530 
36510 
37320 
36270 
38650 
35720 
37980 
36340 
36460 
38590 
36410 
35660 
35650 
37200 
37080 
38560 
35660 
41180 
36500 
38580 
37330 
41650 
36930 
37570 
36730 
38300 
37140 
37200 
37800 
35820 
36980 
37670 
36090 
35710 
36010 
37230 
37170 
36890 
36440 
38390 
39530 
37590 
37550 
39070 
35840 
36330 
37370 
35730 
38420 
35480 
37440 
39620 
37500 
36180 
35970 
35210 
39170 
35130 
37590 
34540 
35840 
37950 
36710 
35740 
38070 
35900 
39260 
36640 
36430 
36670 
36650 
37340 
39260 
38550 
36920 
36050 
38150 
39980 
38130 
36810 
37060 
35660 
37860 
36050 
38160 
36510 
35750 
37140 
36810 
38390 
36540 
37190 
37400 
38420 
36430 
37240 
36500 
36920 
37810 
36790 
36240 
36740 
38900 
38390 
36340 
36390 
36870 
35640 
36960 
37020 
35980 
37250 
35210 
37140 
36910 
37190 
37040 
36170 
37880 
37470 
35280 
39650 
35360 
40740 
39080 
35220 
37140 
35150 
37670 
38530 
36200 
38160 
36550 
35860 
42310 
36300 
37320 
35060 
35480 
39100 
39820 
37580 
36940 
39520 
39030 
39510 
36220 
36870 
36170 
38370 
37290 
39330 
36800 
36070 
35960 
40790 
39860 
37550 
34900 
37100 
37410 
38800 
40360 
36430 
35540 
39420 
38790 
38450 
37540 
36860 
36500 
37890 
39800 
38530 
36790 
37450 
37670 
38350 
38780 
37230 
35940 
38170 
37180 
37840 
37450 
35760 
38570 
36030 
38900 
38140 
37690 
40760 
35960 
37910 
38770 
36580 
39780 
45170 
38100 
36700 
36350 
37260 
36760 
35180 
35720 
35470 
36430 
38600 
36730 
36230 
38280 
37140 
40640 
37560 
36550 
37200 
38820 
37060 
37080 
36890 
36180 
36810 
52560 
45870 
38430 
37310 
37490 
37830 
37560 
36650 
35000 
36270 
35960 
38000 
36710 
39300 
37150 
36760 
39590 
36350 
38430 
38040 
36050 
37380 
39950 
37910 
36510 
36890 
40010 
38290 
37460 
37540 
36160 
37720 
37740 
35870 
38070 
34930 
36760 
38750 
38690 
35200 
36130 
36270 
39530 
37530 
37830 
35910 
36110 
38590 
34740 
36500 
36640 
37460 
38280 
37510 
36760 
36670 
37620 
36250 
38060 
35350 
35800 
35470 
36800 
37170 
37710 
35480 
36600 
37230 
37190 
39600 
36910 
34850 
35590 
36900 
38860 
35100 
36650 
35070 
37950 
36800 
36470 
36280 
37260 
37270 
37320 
36680 
36250 
35440 
36170 
40740 
37550 
35390 
36250 
38390 
39240 
35970 
35640 
37620 
36520 
39130 
37560 
37210 
37600 
36020 
37630 
36480 
36640 
37540 
36240 
38630 
36130 
35960 
37400 
35680 
37170 
36610 
36110 
35930 
35030 
36750 
38920 
35920 
36370 
38930 
36880 
39650 
34840 
35040 
35780 
37210 
37870 
37330 
36650 
36050 
36450 
36450 
37140 
36660 
35800 
36260 
36890 
38520 
37460 
35660 
36810 
37720 
37330 
35200 
35510 
35990 
36040 
40160 
36670 
35310 
36660 
35780 
39510 
37910 
35490 
35270 
36580 
36170 
36660 
35090 
36470 
37380 
37340 
38240 
36670 
37120 
37170 
35430 
36990 
36300 
36210 
35390 
37730 
39130 
34940 
35130 
36060 
35600 
37400 
37340 
35420 
35450 
34930 
37040 
38110 
38310 
36690 
36330 
36580 
37830 
35590 
39470 
36820 
37170 
37700 
38120 
35930 
35990 
36900 
40360 
36910 
37080 
36930 
37750 
37910 
37080 
36800 
36770 
36130 
36310 
36160 
35860 
37080 
36710 
35590 
37880 
39590 
36740 
36090 
36140 
40960 
36670 
35870 
37340 
35930 
39810 
38040 
35820 
35450 
35940 
37700 
42640 
38660 
36740 
36910 
35970 
36180 
36040 
39400 
39190 
38290 
39530 
36230 
36160 
35740 
36610 
38980 
36450 
35250 
36050 
36750 
39460 
39540 
38180 
36830 
40360 
39420 
37870 
36980 
35180 
36200 
37580 
38620 
36000 
37540 
37210 
37290 
37700 
36640 
39260 
36320 
36060 
38970 
35240 
38410 
37620 
39950 
38450 
36930 
35900 
36090 
37870 
40820 
39990 
36310 
35990 
39730 
37480 
37770 
35580 
35750 
37540 
37320 
38500 
36440 
37560 
36900 
38080 
38180 
35110 
35940 
36190 
36170 
44350 
43700 
36580 
36370 
38860 
39390 
37670 
35760 
36350 
35390 
37640 
36040 
37790 
37550 
38100 
36090 
37510 
37340 
39450 
36780 
35720 
38400 
35030 
36830 
36600 
35950 
39200 
35300 
37210 
35930 
37230 
36580 
35760 
36770 
37290 
35830 
38870 
38010 
38220 
39770 
37720 
37220 
38550 
36130 
40990 
37430 
35960 
37290 
37810 
40190 
37970 
36390 
39000 
37390 
36730 
36000 
36760 
37250 
37840 
36600 
37190 
34620 
39640 
37550 
38330 
36310 
35110 
38720 
38870 
50990 
39820 
36360 
35310 
38710 
37380 
36900 
36950 
36960 
39470 
36870 
36680 
36000 
36870 
38440 
36220 
34970 
36380 
36020 
37500 
39030 
38710 
37000 
35840 
38340 
38840 
35760 
36640 
37190 
36680 
35450 
36160 
36830 
35090 
35790 
38330 
36380 
37350 
35790 
35830 
37380 
37290 
37030 
35800 
37540 
38990 
36610 
36340 
35920 
35890 
39710 
39330 
35600 
37000 
35850 
36620 
37450 
38590 
37300 
37810 
35770 
37340 
37290 
36350 
37840 
35160 
50580 
40140 
36450 
36450 
38700 
39660 
38410 
36670 
37090 
37210 
40160 
38150 
37040 
36160 
35990 
38560 
40280 
37590 
36560 
36410 
36260 
39580 
37880 
36500 
36360 
35760 
36790 
37560 
36960 
37240 
39300 
36760 
36420 
38980 
37610 
36890 
37600 
38290 
36230 
36030 
35360 
38010 
37260 
35920 
36080 
36190 
36010 
39510 
37480 
35520 
37070 
37660 
38220 
38220 
36450 
38470 
36920 
36760 
37150 
36050 
37810 
37370 
36270 
38040 
36420 
36700 
36480 
35910 
38790 
35360 
37590 
38050 
36810 
39250 
36680 
35960 
37000 
36210 
37390 
37160 
37630 
38020 
36770 
38120 
37530 
39450 
37260 
37100 
36710 
38260 
36640 
36220 
37500 
37480 
38560 
35810 
36880 
36180 
37790 
