103460 
59300 
48770 
55390 
61890 
70290 
46470 
40290 
39400 
46760 
46030 
41760 
41380 
50730 
43960 
43510 
102420 
78830 
58860 
46000 
44270 
42110 
39840 
42300 
38970 
41230 
38720 
39340 
40150 
39920 
41150 
40210 
40360 
38950 
38030 
40830 
41950 
39810 
38850 
37650 
42600 
41570 
44900 
38980 
38670 
42530 
38770 
66730 
70320 
57860 
56300 
55280 
57550 
54950 
55940 
55670 
55710 
54610 
55540 
53090 
53230 
56680 
56210 
57650 
54480 
54680 
54160 
58340 
54780 
52770 
53370 
53360 
54670 
58680 
50250 
41720 
38550 
41560 
42870 
38410 
37330 
39770 
46160 
42080 
59370 
83340 
63890 
60760 
44370 
40150 
38770 
38980 
41270 
39750 
39450 
38510 
40030 
41590 
37950 
42680 
39560 
36730 
39010 
41820 
42010 
38290 
38400 
38170 
41160 
43180 
39240 
41200 
42000 
43520 
42190 
40820 
71980 
54500 
54880 
55750 
54260 
52690 
52540 
55240 
53080 
57000 
52950 
52160 
54070 
57600 
58150 
54530 
52350 
52900 
51980 
55330 
53970 
53820 
54710 
56050 
54720 
55370 
60720 
45930 
42250 
40910 
41630 
43090 
40840 
39930 
47280 
43480 
40800 
85300 
74910 
63170 
48280 
41890 
38910 
38200 
40030 
38140 
38710 
41180 
38540 
40810 
38330 
41690 
40430 
37350 
39980 
38960 
38150 
38710 
38390 
40260 
40650 
41020 
40850 
42170 
40070 
39820 
41480 
39760 
51190 
55890 
53870 
54510 
54340 
54170 
53740 
54870 
63940 
65020 
54840 
52170 
55110 
55520 
56420 
71280 
55820 
54410 
53670 
55250 
63240 
57210 
54490 
55590 
54800 
54270 
54050 
56250 
45030 
40240 
42260 
40560 
39280 
40070 
44750 
43760 
43920 
40250 
83860 
68180 
58150 
43650 
38410 
39550 
41140 
42050 
41040 
39330 
38210 
41990 
38880 
39620 
38630 
39020 
40400 
40420 
38720 
40430 
37570 
41990 
39240 
40250 
40010 
40170 
42690 
42510 
43850 
42950 
40850 
70710 
53350 
55390 
52730 
54040 
55260 
57210 
55930 
53980 
57100 
54540 
55000 
57400 
55400 
53470 
53890 
59160 
56310 
56160 
53910 
55630 
54440 
56400 
53730 
54810 
54150 
58910 
43790 
41750 
40410 
40590 
41010 
42080 
41700 
44690 
41650 
40710 
84820 
76360 
57570 
50970 
47630 
42170 
39890 
40180 
40190 
39030 
40460 
40910 
39780 
38970 
37190 
39770 
41340 
41080 
39460 
38220 
39520 
40850 
41110 
39720 
41280 
40940 
43000 
40450 
43320 
44720 
41320 
42300 
69350 
58640 
53840 
52990 
54490 
54250 
55580 
56410 
57330 
57670 
53650 
55790 
55380 
53920 
52150 
53890 
56320 
54570 
56840 
54200 
54670 
57370 
54480 
54290 
53140 
54850 
60140 
43700 
38400 
40310 
45590 
43590 
42160 
40600 
42110 
41690 
40520 
85360 
68580 
56430 
39850 
43530 
40500 
38520 
39240 
37610 
38780 
41070 
39120 
39230 
38570 
41090 
39120 
39560 
38070 
38270 
40840 
39110 
38100 
39870 
41500 
43370 
41330 
43610 
40140 
39260 
39530 
40290 
71860 
55340 
52300 
56900 
56090 
56240 
59390 
53210 
55270 
54740 
55970 
55020 
53440 
67560 
60160 
53260 
53790 
52940 
53930 
54580 
54250 
54570 
54340 
55820 
53770 
54700 
61530 
41950 
38300 
37040 
43230 
41970 
43600 
48360 
48610 
45860 
41810 
86120 
75800 
64250 
54310 
42320 
41020 
39330 
39010 
40730 
40460 
40140 
37510 
38350 
38090 
40950 
40730 
39770 
40090 
38830 
40720 
38440 
41660 
40160 
37120 
43020 
41300 
44510 
39460 
40170 
43220 
41030 
39900 
70520 
54250 
54360 
51860 
55700 
51720 
52330 
55000 
55800 
57400 
52330 
54600 
53890 
52360 
55230 
54240 
54050 
54000 
54050 
55070 
55600 
52810 
53660 
66320 
58860 
56990 
60650 
42570 
39940 
41440 
43490 
41680 
38830 
40150 
44890 
45800 
42780 
82890 
71000 
61430 
47350 
40300 
38950 
37870 
40230 
38320 
38840 
40250 
38170 
40880 
38740 
40130 
37910 
38830 
41180 
38180 
40080 
38790 
39740 
38450 
40130 
40280 
41310 
42050 
42180 
41130 
40550 
40510 
65910 
54930 
54840 
57670 
55060 
54180 
53630 
55650 
55390 
57250 
53260 
51860 
52440 
52230 
56690 
55170 
55850 
53420 
60070 
58010 
56490 
54660 
54130 
54760 
55050 
54980 
61750 
45050 
40990 
39600 
42550 
40980 
37550 
47490 
49370 
43760 
42160 
84410 
85280 
63890 
56680 
43190 
40020 
38940 
41160 
42230 
40650 
39010 
39480 
43370 
41350 
41830 
38710 
38210 
41740 
38450 
39160 
38810 
39410 
42640 
42150 
41030 
39150 
39990 
43430 
42190 
41820 
39300 
39320 
73960 
57050 
57130 
54500 
52600 
54540 
55160 
54280 
56900 
53760 
53830 
53820 
56130 
54190 
52440 
55620 
55890 
53430 
52880 
53810 
55300 
58180 
54950 
55670 
56210 
56140 
60160 
44640 
41230 
40830 
42540 
39000 
40530 
54560 
46370 
42790 
40050 
86940 
74990 
60360 
46850 
40430 
39710 
38480 
41350 
38590 
38600 
40710 
38630 
39990 
38790 
39530 
38700 
40710 
42430 
39760 
38140 
38340 
40370 
42580 
39350 
40450 
38820 
43880 
42010 
40720 
40580 
39340 
67270 
53060 
53810 
53580 
54540 
54910 
52040 
57020 
55100 
55840 
54830 
55340 
55570 
53930 
53130 
53990 
57440 
56390 
54310 
53540 
54620 
55560 
56490 
55730 
54260 
54960 
59820 
48330 
41910 
37680 
41620 
43990 
40900 
41430 
40570 
41820 
39470 
98860 
85030 
65760 
58030 
41900 
43080 
40040 
39710 
39110 
40030 
41320 
39710 
57770 
46320 
40420 
42900 
39440 
39360 
39140 
39020 
39540 
39340 
41070 
41510 
38550 
42320 
41400 
43350 
40020 
42270 
41190 
42530 
71430 
56140 
53560 
53740 
55710 
54300 
55130 
57190 
55020 
55030 
54480 
55540 
53750 
55270 
55110 
53600 
56340 
53620 
54990 
52750 
56940 
55190 
53120 
55650 
52630 
54070 
62060 
43860 
37910 
40440 
42880 
42400 
40280 
39350 
45340 
42040 
42070 
87030 
77770 
61810 
48290 
41500 
42250 
39710 
37070 
37280 
41080 
45370 
42720 
39340 
39210 
40390 
41590 
40290 
40030 
38490 
40340 
41250 
38950 
38350 
38390 
41870 
41410 
45730 
41520 
41410 
42660 
41870 
58910 
56250 
51640 
56010 
54830 
55950 
56050 
53740 
53640 
56080 
54620 
59110 
56720 
55800 
55940 
55040 
55770 
57420 
55450 
54770 
59970 
57580 
60490 
56280 
51990 
52350 
55810 
54810 
40740 
41300 
45080 
44380 
39090 
39290 
40460 
58890 
43480 
41080 
85520 
63860 
57120 
49340 
42960 
39740 
38050 
40940 
43620 
43520 
41630 
38930 
40400 
39310 
43480 
39310 
37440 
38800 
42590 
41960 
40280 
41170 
39110 
41130 
43040 
44360 
43630 
40470 
43740 
42460 
54310 
73730 
51850 
55260 
54550 
56380 
53740 
53830 
55110 
54360 
57420 
53190 
52850 
52790 
54440 
56350 
54070 
54250 
55980 
59020 
55390 
56450 
68020 
56080 
55610 
56150 
54390 
58950 
43900 
39870 
41340 
41000 
40490 
41840 
40340 
57710 
45520 
40730 
86500 
76370 
62560 
51530 
41300 
41500 
39500 
41850 
39690 
36700 
41290 
38410 
40410 
38970 
38900 
39460 
41760 
42300 
39540 
38390 
39060 
37980 
40380 
42370 
43500 
40300 
41390 
39540 
40810 
42850 
42560 
48370 
61890 
55480 
56560 
59200 
54010 
55570 
55120 
54730 
56310 
52790 
54700 
54350 
54290 
56340 
67610 
54940 
54570 
53210 
56560 
56500 
54650 
55070 
54320 
57140 
56150 
56370 
57490 
48470 
42330 
41830 
40040 
43010 
40870 
43240 
46150 
44370 
40480 
87030 
68870 
57860 
46440 
40760 
40280 
40070 
39770 
39210 
36810 
38470 
43360 
40240 
38790 
37460 
38090 
45840 
41740 
39830 
38160 
39190 
40710 
37720 
40640 
41800 
38330 
42690 
41390 
39990 
40010 
38330 
68190 
54580 
55040 
53340 
54430 
54320 
53070 
57530 
53540 
53860 
55150 
56710 
55870 
55180 
58750 
55360 
56440 
55720 
57040 
52780 
54970 
52050 
55680 
54830 
57280 
56920 
58070 
44120 
39380 
36960 
42610 
43380 
45150 
40250 
44570 
44720 
40420 
85040 
78540 
59610 
52010 
41540 
41410 
41570 
37510 
39070 
40110 
39850 
39700 
38930 
39310 
37870 
42300 
39640 
40190 
40560 
40510 
38040 
41470 
40420 
38920 
40280 
40790 
43850 
41970 
41160 
38570 
39920 
41880 
69660 
56110 
55520 
54240 
55810 
55550 
55850 
53260 
53870 
54070 
53450 
55370 
55150 
53090 
54870 
53930 
56190 
52550 
52160 
57240 
55400 
56800 
55660 
54370 
54960 
54160 
60810 
41210 
38450 
38480 
43140 
41440 
38680 
40840 
44520 
43140 
41340 
82590 
73660 
58420 
41760 
42530 
39670 
38200 
39450 
37600 
40430 
40230 
38950 
39790 
38560 
39590 
39770 
39900 
38320 
40150 
41240 
39510 
37930 
38510 
39190 
42000 
38830 
41610 
42380 
38540 
39300 
43870 
74330 
56610 
55820 
55670 
53970 
57500 
53030 
56010 
58120 
66340 
59990 
55020 
52520 
55280 
58810 
56440 
56370 
53310 
54340 
53880 
52670 
54030 
53400 
54450 
52570 
51810 
61730 
49540 
39710 
37390 
41500 
41230 
42090 
39050 
43530 
44240 
42680 
84520 
79750 
75830 
56720 
43140 
40090 
39770 
37820 
41300 
39560 
41810 
40550 
38210 
37950 
41150 
43900 
40450 
38950 
38450 
43160 
42990 
41190 
39220 
37870 
41910 
40640 
42770 
41240 
40010 
40940 
40840 
40790 
71300 
53170 
54360 
54830 
56270 
52920 
57920 
54670 
59870 
58220 
55130 
53790 
55780 
56160 
57680 
55360 
53990 
54150 
56980 
57560 
53920 
53910 
55220 
53950 
55640 
54070 
61050 
42790 
40460 
41750 
41260 
38750 
39050 
41260 
46640 
45950 
42690 
86680 
74700 
61470 
48660 
42530 
41690 
38350 
40830 
40860 
40210 
38410 
41350 
41040 
41090 
39060 
39480 
38750 
40520 
39510 
40760 
39400 
37910 
38150 
40870 
43480 
40720 
41330 
40920 
40960 
40530 
40500 
64110 
53740 
55460 
54030 
54730 
52730 
51850 
55520 
54950 
55610 
53820 
56170 
52900 
54400 
55540 
55480 
53660 
57020 
56780 
58090 
55680 
55530 
54850 
53040 
55220 
54770 
60660 
41560 
41860 
39950 
41640 
41110 
39540 
39690 
41590 
42960 
41540 
84260 
135460 
63300 
58820 
42170 
38920 
37200 
42020 
40940 
39940 
38390 
38130 
40580 
39930 
43220 
38480 
39310 
39480 
39350 
39860 
38100 
37710 
39610 
40390 
39230 
40990 
43250 
49390 
40930 
46450 
42540 
41110 
71490 
55310 
58950 
55100 
54450 
52890 
56880 
55430 
54370 
52470 
67040 
57540 
55770 
57320 
55900 
54950 
53900 
56180 
55350 
53540 
54100 
53320 
55440 
56010 
53850 
54220 
60730 
45620 
42870 
38370 
40050 
40590 
40690 
39870 
43750 
41030 
39410 
90710 
76740 
59150 
46790 
39990 
41540 
38740 
39910 
39520 
38740 
39080 
39230 
41720 
40450 
37310 
37400 
41480 
40190 
39250 
38880 
37920 
42460 
40270 
39320 
40890 
39270 
43880 
40980 
42450 
39630 
39570 
57050 
55980 
55140 
56810 
52780 
54450 
56020 
56600 
54180 
56280 
57090 
55590 
54470 
53380 
56530 
54720 
69140 
58260 
55620 
52780 
54610 
54680 
56680 
54680 
56750 
56420 
55490 
56410 
42220 
38090 
41350 
42940 
41750 
39670 
41960 
46070 
41570 
45430 
86470 
64100 
57120 
43960 
42920 
38530 
39810 
51190 
39980 
41320 
39190 
51880 
41600 
38880 
42320 
39970 
40140 
38220 
37530 
39530 
38390 
39030 
40770 
37780 
42940 
40550 
43180 
41450 
41460 
39520 
41880 
69840 
53550 
54190 
55260 
54560 
56260 
56510 
55890 
55980 
54250 
52700 
54870 
52590 
55470 
52400 
53000 
57480 
54290 
54280 
54110 
55180 
58960 
54700 
54920 
52680 
53860 
62750 
44470 
39640 
37840 
42760 
41480 
39970 
38140 
42350 
43900 
41600 
86940 
78260 
56530 
50190 
42640 
42510 
40150 
40270 
41990 
41230 
40430 
39070 
38490 
38180 
39990 
39320 
39700 
38870 
39430 
41350 
39560 
37940 
37830 
37840 
42250 
41830 
41840 
39380 
39810 
41760 
40580 
47270 
64300 
52920 
56250 
56260 
54680 
56150 
54060 
54650 
57960 
57870 
54140 
52800 
56290 
55620 
54840 
55240 
51950 
53980 
54430 
56740 
55340 
53130 
54290 
54330 
55100 
55790 
57780 
42880 
38460 
43070 
42220 
40160 
39970 
39920 
44300 
44840 
41990 
84340 
67590 
59000 
43070 
40240 
38660 
38190 
50640 
48620 
41720 
37980 
40380 
41210 
38490 
39330 
39760 
38510 
38740 
41740 
40000 
38390 
38650 
37870 
39550 
40250 
39520 
41540 
39260 
45680 
42930 
42280 
67310 
53480 
55160 
54400 
54560 
53340 
53640 
57660 
54360 
60690 
53680 
52270 
55310 
52570 
56680 
52960 
54130 
53050 
57810 
56910 
54880 
53910 
53750 
53230 
58930 
53290 
60390 
42850 
43400 
41160 
42100 
41540 
40160 
40280 
45740 
44840 
40570 
86020 
75850 
60770 
56600 
41480 
40800 
37750 
41440 
40140 
40390 
38430 
37440 
40880 
40540 
38280 
38890 
38930 
39940 
38930 
40070 
38600 
37780 
42260 
40160 
41890 
39240 
41150 
38830 
41600 
41270 
40470 
39060 
71450 
56980 
56830 
54730 
52870 
54360 
58290 
54930 
56190 
53940 
58430 
60490 
63850 
57090 
55160 
53650 
55960 
54840 
57480 
57520 
54090 
54740 
53750 
55230 
56420 
55290 
58510 
47070 
42110 
42010 
41130 
37960 
40650 
45910 
45260 
48530 
41760 
90310 
71350 
60150 
46210 
41780 
41300 
39770 
40540 
39620 
39010 
39130 
45320 
40860 
39030 
37490 
37520 
41410 
40610 
40480 
37900 
38480 
41180 
39620 
43620 
42570 
42030 
43760 
39610 
40420 
39640 
39450 
66740 
53910 
58100 
55770 
56370 
58060 
58010 
57760 
52520 
54480 
54650 
54190 
55540 
55500 
53140 
53050 
55570 
59570 
54900 
53750 
54480 
54290 
57250 
54000 
57750 
54320 
60150 
42990 
40600 
40120 
40230 
40570 
43510 
40590 
44900 
44570 
40820 
86620 
77870 
61740 
57450 
42940 
40250 
38850 
38660 
41290 
41360 
40690 
42090 
39910 
40110 
40540 
41440 
40030 
41970 
38660 
42500 
44260 
41620 
39820 
39450 
42790 
44190 
43030 
42780 
42320 
40350 
42650 
42720 
69530 
60340 
53880 
57000 
54990 
54740 
59380 
57090 
56870 
53780 
53970 
54910 
56790 
55300 
55240 
55040 
56510 
56050 
57710 
54050 
56290 
55750 
53690 
58550 
53550 
54590 
62490 
42840 
40630 
41130 
43700 
41450 
41320 
41230 
45530 
44360 
41400 
85190 
74930 
63950 
48600 
45490 
41350 
40260 
40240 
38710 
41050 
38170 
40020 
38160 
37900 
41200 
40320 
39580 
38560 
39770 
40890 
40180 
38530 
38490 
37010 
40950 
41310 
45070 
41730 
39730 
42540 
43820 
66450 
54340 
53810 
54760 
54450 
65280 
60320 
55240 
54800 
56300 
63850 
57450 
55820 
55280 
54800 
54400 
54180 
51780 
51590 
55700 
53040 
55900 
54190 
54170 
52440 
54940 
62660 
43450 
39650 
45070 
48600 
47060 
42290 
39400 
42860 
47200 
43200 
173770 
81580 
67170 
57480 
44790 
40260 
38530 
38440 
39740 
39440 
39390 
40230 
39690 
38430 
41570 
41320 
37550 
39450 
38750 
41050 
39630 
39560 
39910 
38620 
40790 
40380 
41230 
40830 
39880 
41770 
39670 
39390 
69640 
55360 
56320 
52520 
56030 
55960 
53430 
54640 
53780 
57600 
53840 
53640 
54940 
56140 
57570 
56070 
53900 
64910 
57700 
59070 
59590 
55440 
54790 
54940 
57050 
53190 
60080 
43340 
44460 
40680 
42680 
43710 
40800 
