108580 
65870 
84350 
64100 
52500 
51430 
49670 
134230 
87990 
99770 
69400 
102720 
94170 
64170 
66340 
65870 
89090 
88470 
86950 
65030 
41770 
37280 
34570 
67180 
30940 
38920 
86940 
84760 
67970 
41490 
38000 
36030 
69570 
38360 
92980 
56030 
51600 
52810 
30940 
31070 
68660 
58840 
22940 
88430 
124700 
107840 
71080 
40530 
28800 
27180 
50940 
18850 
90530 
51820 
48560 
49780 
29790 
28760 
27570 
51250 
20550 
27380 
53090 
52860 
47800 
30450 
25090 
27040 
52500 
21130 
95410 
56570 
53940 
54090 
30340 
27900 
71860 
64880 
32710 
36790 
87090 
84450 
65820 
40360 
38900 
34230 
67720 
28810 
36860 
91820 
87250 
65130 
61550 
37390 
34930 
66100 
27750 
36810 
87570 
88930 
70020 
42060 
41880 
28610 
50880 
22060 
34650 
59380 
51960 
54310 
38040 
30290 
28020 
75900 
45930 
119790 
65460 
54640 
50360 
29500 
30090 
29910 
58380 
27510 
146320 
55070 
53420 
50930 
29830 
26620 
90410 
53400 
23370 
89260 
49780 
48210 
52720 
28840 
28220 
27820 
55340 
22700 
91650 
52760 
51400 
57420 
45090 
37270 
35240 
66410 
32200 
150010 
88790 
86340 
64270 
68240 
38050 
35640 
71520 
31090 
37160 
90230 
86880 
67370 
39680 
38550 
35700 
67980 
32150 
37580 
89560 
92210 
67070 
33860 
26420 
27890 
55250 
21220 
85770 
54970 
55100 
55130 
49510 
75980 
41740 
68020 
25550 
90940 
51900 
48640 
49270 
29890 
26660 
28220 
49710 
20730 
29220 
53750 
52420 
49300 
28000 
27120 
26230 
52970 
20790 
89700 
51050 
52420 
54380 
33790 
27100 
97490 
52850 
23860 
38090 
96050 
86790 
68070 
65870 
37140 
117030 
71520 
31940 
145180 
99180 
88530 
67490 
40510 
39150 
36430 
65070 
29830 
37980 
100100 
90880 
67920 
40340 
38420 
35870 
67530 
34100 
100810 
55380 
50780 
51950 
32310 
27300 
66300 
52170 
23860 
95930 
57880 
108480 
81010 
39790 
28850 
27760 
54260 
22890 
92870 
53820 
53110 
50210 
29940 
26790 
27080 
54080 
21820 
87300 
53610 
50230 
53770 
30350 
26130 
24810 
50520 
23080 
89060 
57080 
53980 
52210 
32740 
29530 
28020 
77840 
32180 
38730 
94470 
88440 
67680 
69940 
38950 
35130 
68190 
30860 
36190 
88800 
84390 
67630 
40350 
39120 
35440 
69180 
32530 
115390 
91110 
85630 
64690 
66860 
36650 
36930 
54210 
20420 
94580 
58000 
51670 
52260 
31780 
31520 
30310 
59220 
49010 
133510 
87770 
58640 
51060 
29020 
26830 
28380 
53640 
23250 
83990 
55810 
52600 
53120 
31280 
27090 
67020 
51340 
23640 
88930 
56290 
49220 
50550 
28490 
27770 
28600 
55030 
23530 
103460 
88770 
54530 
52260 
77700 
39910 
35210 
66040 
33460 
35800 
94790 
86480 
66210 
63570 
38410 
34570 
67740 
30280 
36900 
89310 
87870 
67380 
41060 
38950 
33540 
63840 
31370 
41380 
92100 
89280 
71050 
31810 
27230 
28150 
55420 
24520 
92190 
50270 
57170 
57020 
30550 
76760 
73990 
69700 
30240 
88210 
57630 
52550 
48660 
31780 
26890 
91490 
54350 
22940 
86680 
56100 
50710 
53800 
29600 
27460 
29210 
54230 
20640 
87890 
55600 
55880 
60820 
31950 
32070 
28750 
55560 
22990 
90480 
113780 
87970 
65670 
68160 
38510 
110740 
67330 
30740 
111620 
86520 
86410 
68410 
42290 
38310 
34970 
64630 
32810 
117300 
92440 
87790 
66870 
68130 
37100 
36770 
66380 
30140 
38650 
58280 
52360 
50770 
34110 
31170 
93270 
50200 
28590 
99590 
58020 
113560 
83470 
46320 
36430 
87660 
50770 
26900 
31130 
53980 
50100 
51980 
29650 
27530 
27070 
51730 
22720 
88310 
50630 
50510 
53120 
30140 
27540 
27630 
52090 
21680 
95820 
58070 
53030 
51260 
31530 
30170 
27780 
71680 
32090 
37410 
89210 
92790 
67740 
40550 
37890 
35520 
67590 
32670 
115150 
86770 
86700 
67290 
69160 
38220 
34800 
66560 
33820 
37460 
85890 
83180 
65160 
68420 
37810 
39240 
56900 
22900 
85100 
59520 
52330 
50730 
29330 
32270 
29960 
55470 
30210 
67740 
88590 
85130 
54710 
29250 
26800 
28260 
55700 
20430 
94030 
50200 
52310 
49260 
30560 
28050 
27140 
51620 
21980 
89710 
51250 
48930 
49710 
29720 
28340 
28320 
51530 
22760 
30230 
58490 
51720 
51940 
87020 
38610 
34970 
65390 
32930 
36910 
87740 
82750 
67790 
41620 
38200 
34860 
66810 
32310 
112280 
92880 
86760 
66090 
68480 
36750 
34960 
68610 
29870 
37850 
89600 
89690 
69100 
40150 
29180 
27740 
52950 
20690 
89240 
51360 
53580 
54930 
33570 
35420 
43470 
79120 
31260 
92020 
53590 
49040 
51840 
29760 
27080 
26480 
50520 
22040 
92410 
52240 
51090 
51410 
30610 
29900 
92240 
49820 
23410 
96040 
52550 
54820 
51990 
32310 
28730 
28380 
54670 
20410 
91030 
53010 
97700 
65210 
66620 
38250 
39610 
73900 
37570 
37590 
90770 
89210 
67240 
41900 
37270 
35260 
68140 
31710 
40240 
90680 
86520 
64980 
41900 
38910 
33910 
66900 
32560 
37680 
89310 
55130 
50080 
34700 
31070 
31030 
49320 
26930 
157720 
60070 
55570 
84790 
79900 
38300 
93280 
49800 
32310 
88980 
49850 
75070 
53160 
31110 
27740 
141640 
49540 
25430 
93800 
51150 
50940 
48370 
30570 
30460 
26640 
52740 
23670 
112620 
60260 
53450 
52260 
30700 
28690 
96980 
53780 
37290 
113610 
88570 
88990 
70780 
40910 
38440 
36250 
65670 
34360 
111990 
87040 
90270 
64890 
42690 
40860 
111530 
65800 
32550 
39230 
90850 
86970 
67060 
65570 
39150 
36640 
70000 
23320 
90910 
85050 
55320 
54170 
29940 
28730 
28970 
55110 
23590 
72040 
113390 
93740 
58320 
33020 
28070 
28010 
50070 
21180 
29250 
56440 
50580 
52590 
30280 
28030 
27710 
54770 
22910 
86070 
59110 
53400 
53820 
31900 
26100 
28050 
53380 
24610 
94270 
57690 
53850 
52660 
30320 
41310 
36030 
68510 
29000 
37420 
88720 
88900 
66850 
39940 
37470 
36340 
66820 
31700 
35410 
93150 
86670 
64220 
40520 
37720 
34400 
64860 
28140 
35850 
90930 
85820 
67140 
43110 
29020 
26750 
51020 
22840 
91740 
52830 
51160 
59760 
35200 
31390 
78840 
80940 
35860 
104360 
51320 
49720 
52610 
31010 
30240 
27740 
51350 
21810 
104200 
53950 
57040 
52390 
32050 
31250 
28270 
55710 
21860 
30060 
55320 
56500 
52980 
34550 
29610 
28780 
55990 
23160 
93670 
53900 
94890 
69030 
41440 
73860 
35940 
68590 
33910 
113860 
96630 
98930 
67710 
69700 
38780 
36130 
67690 
30110 
37370 
89850 
89900 
69530 
70430 
38890 
36010 
67520 
30890 
112470 
96250 
56920 
50700 
29450 
29350 
28610 
53160 
21840 
148520 
56010 
50740 
89260 
83030 
37060 
35680 
53940 
26450 
90890 
53030 
50930 
51540 
30660 
27550 
28020 
52350 
22530 
90530 
55390 
52000 
52060 
29270 
28280 
27250 
54730 
22520 
90000 
55550 
52610 
54400 
34240 
31080 
28850 
53540 
32350 
112920 
86340 
86920 
66880 
65940 
38660 
36360 
67320 
32390 
41390 
92070 
88100 
70370 
75640 
39080 
116290 
68560 
32690 
36760 
92680 
84340 
64330 
42620 
40150 
35820 
67740 
29860 
90590 
55850 
53520 
54490 
33500 
27860 
28730 
60000 
24690 
78440 
98780 
100770 
68780 
35100 
28060 
27420 
49980 
21800 
91410 
52620 
53080 
53240 
29720 
29460 
27280 
52090 
22550 
86500 
51750 
51070 
50780 
29230 
26610 
92490 
52450 
21240 
91930 
54420 
56310 
56800 
29780 
37570 
114020 
65180 
33830 
111100 
90200 
87480 
65200 
76660 
41370 
35770 
71130 
30250 
37280 
90220 
83150 
67610 
96260 
42080 
42370 
66910 
33870 
124560 
67530 
94870 
68450 
35100 
39190 
33580 
54200 
24170 
33330 
56150 
52840 
54300 
29640 
30810 
30490 
86460 
43020 
39170 
58550 
52380 
52290 
25010 
31140 
28620 
56520 
26060 
86640 
53120 
53590 
52850 
26270 
29410 
29200 
54230 
23480 
90260 
76790 
51450 
57060 
27090 
35340 
32050 
57500 
24210 
88480 
52250 
52790 
76530 
37230 
41640 
39580 
68660 
34420 
36690 
91640 
88730 
64810 
37620 
40400 
40480 
69050 
30350 
36830 
89170 
89250 
69610 
35450 
40110 
38960 
69180 
32560 
72160 
89360 
86180 
53990 
26980 
30030 
30080 
55530 
25040 
92100 
60740 
54690 
53890 
50530 
48010 
39120 
59210 
22750 
92190 
53460 
51460 
51230 
25850 
30620 
31220 
53020 
23380 
30650 
58800 
55160 
51470 
25770 
28220 
29970 
56320 
22860 
28190 
53970 
52270 
56710 
27250 
30340 
31550 
53080 
24220 
65470 
93380 
89340 
65190 
34380 
41890 
39560 
68540 
31060 
116040 
90910 
86020 
68610 
36410 
44940 
45200 
68750 
31780 
154430 
67510 
87850 
68550 
34790 
40000 
38940 
68190 
39920 
93790 
52830 
49640 
52730 
27520 
31520 
29520 
60930 
21580 
33040 
106550 
101110 
69630 
33260 
31150 
31400 
55350 
23580 
93300 
54040 
50950 
49810 
24380 
28970 
28580 
56170 
23900 
90690 
53730 
51790 
51280 
27310 
30640 
29220 
51740 
25060 
94610 
57390 
54350 
55360 
26870 
35390 
45830 
67620 
34380 
55840 
94700 
86450 
66320 
36690 
39290 
39850 
67460 
34830 
35910 
89640 
83380 
73270 
39180 
41310 
38800 
68830 
34210 
38440 
87430 
86230 
70180 
36260 
43330 
31650 
52790 
23310 
87780 
54810 
54580 
51590 
30530 
31770 
30940 
87860 
47350 
103910 
67560 
53530 
51570 
31940 
28650 
100160 
52550 
22710 
85550 
53350 
52500 
51570 
30080 
27700 
93440 
53880 
21900 
89770 
52130 
49270 
50600 
29600 
30320 
29230 
55360 
25250 
31080 
55440 
51510 
72450 
67130 
36740 
34940 
68380 
29610 
37520 
91460 
82540 
65760 
65490 
37260 
36140 
68180 
33410 
36340 
91360 
88500 
68220 
42380 
38000 
110750 
68740 
35040 
41600 
92760 
93040 
53430 
31170 
27380 
119930 
55450 
23100 
93970 
54200 
53700 
53300 
90010 
76160 
38760 
64720 
23490 
89550 
56070 
55910 
49440 
31110 
27770 
27280 
54530 
22050 
100300 
53180 
50450 
54300 
30320 
28370 
29080 
50900 
22980 
87930 
52100 
54040 
51030 
36320 
29790 
29070 
55990 
23930 
136000 
91700 
89510 
65780 
152420 
42130 
35710 
66510 
33090 
113520 
90070 
89690 
68320 
41510 
38170 
40270 
68120 
34050 
111130 
89700 
88840 
65340 
68920 
36800 
36200 
69130 
30510 
99520 
52720 
50060 
53150 
31720 
29410 
28340 
55110 
24730 
99770 
57460 
104170 
78630 
39770 
28660 
29600 
48800 
23180 
30950 
54070 
52890 
52600 
29610 
27420 
26940 
52600 
22770 
86800 
50460 
51280 
51080 
29850 
28060 
27230 
51650 
25690 
92420 
60940 
54240 
52530 
34130 
29680 
146630 
79950 
30730 
35800 
92640 
89700 
67540 
41030 
37100 
35680 
69170 
32210 
36420 
86070 
88950 
69350 
40450 
38490 
33690 
68210 
33350 
108540 
89990 
91000 
63910 
68840 
37550 
35890 
54270 
20170 
30680 
56310 
85370 
60040 
36350 
31710 
29490 
50920 
47280 
134150 
89160 
57870 
50830 
32450 
30460 
27760 
54600 
20190 
85350 
54280 
49370 
50660 
32460 
27170 
27730 
52430 
21240 
89480 
52180 
50330 
51160 
30850 
27230 
29260 
51710 
24260 
31940 
60000 
51440 
51560 
83280 
38540 
35170 
65310 
32150 
118040 
90340 
86110 
66930 
41260 
38110 
35980 
68700 
32580 
113250 
92410 
89110 
65620 
66960 
37210 
39890 
67870 
31790 
36500 
90990 
90290 
70250 
31190 
30740 
29620 
51310 
22500 
93580 
52890 
56330 
51350 
30370 
75370 
77060 
71140 
26870 
85970 
54210 
49450 
51800 
29260 
26610 
27820 
53440 
21570 
89950 
51880 
50260 
51770 
30240 
27880 
28040 
50930 
23260 
92580 
54290 
53610 
53390 
32590 
33110 
92510 
54540 
19800 
89550 
97980 
91040 
67590 
62540 
38070 
42150 
72140 
33100 
36220 
87430 
83540 
68880 
66500 
38440 
36020 
65370 
33560 
40420 
88470 
86280 
66270 
69760 
38780 
38060 
70040 
29230 
38930 
58590 
50640 
50690 
33060 
29460 
28430 
51690 
25320 
94030 
56130 
108790 
85610 
75210 
31980 
28570 
54940 
21370 
89960 
51740 
51930 
51340 
31090 
27230 
97600 
49070 
20170 
88340 
52200 
50000 
53490 
29550 
27330 
30440 
51690 
23050 
100530 
57110 
53690 
52660 
30170 
27590 
28600 
80200 
34310 
37120 
90880 
89070 
67960 
41880 
38430 
40130 
69930 
30870 
115250 
89500 
86420 
66570 
67510 
36080 
36140 
68250 
33380 
160130 
87220 
87310 
67260 
64850 
39020 
39850 
55910 
26910 
86460 
56200 
54260 
52100 
30220 
31560 
28650 
55960 
45130 
68920 
88670 
84570 
53890 
30330 
24930 
32590 
51850 
23920 
92830 
49780 
49790 
52140 
28740 
26750 
25680 
51030 
23960 
94960 
55530 
49860 
47700 
33430 
29040 
32440 
55940 
22420 
91270 
57710 
52040 
52810 
161040 
38590 
40040 
67000 
30640 
153360 
65810 
86530 
72340 
41500 
38870 
33550 
67990 
32160 
36030 
92460 
86290 
65310 
41630 
37010 
35510 
67200 
28440 
37280 
89210 
93500 
70490 
35540 
26930 
31080 
56650 
23370 
28280 
52000 
55070 
54710 
31880 
82820 
73210 
75520 
27840 
86730 
52980 
47680 
49700 
30640 
26530 
31510 
50020 
19710 
95900 
52200 
53770 
46710 
29240 
27190 
26010 
55520 
22050 
31200 
55700 
51090 
53140 
32630 
29940 
29480 
56010 
22380 
144710 
62120 
87770 
66030 
65680 
38430 
34520 
66420 
32330 
37440 
92060 
85670 
65160 
42290 
36000 
39860 
66890 
29310 
37600 
89360 
89180 
65760 
40270 
37190 
37550 
65950 
31310 
39190 
57460 
52820 
48880 
31090 
27710 
30840 
53590 
24380 
30290 
56530 
49800 
79690 
77910 
33030 
94640 
51710 
21810 
93100 
52610 
50290 
52400 
29710 
26940 
27730 
55150 
22580 
91330 
54610 
52410 
51210 
29930 
25420 
29420 
51380 
21990 
28300 
56570 
53910 
53770 
31010 
27120 
31500 
52900 
40810 
126130 
87180 
88750 
66930 
41780 
37790 
112690 
64260 
32020 
40330 
100390 
91560 
69320 
69460 
36990 
38620 
68590 
33830 
36200 
91330 
81980 
68170 
40980 
36660 
35840 
65780 
23870 
93160 
61130 
54790 
53450 
30550 
28250 
113940 
54490 
21510 
68250 
96580 
91840 
62110 
30720 
30670 
87700 
49820 
19660 
90500 
50860 
47870 
49570 
26420 
27370 
29840 
52090 
25660 
27620 
53250 
46390 
50580 
28900 
26160 
68780 
51570 
22000 
91200 
52420 
52140 
55690 
29950 
42870 
39920 
66350 
30340 
37560 
90540 
64490 
68970 
40830 
35580 
37260 
67060 
28980 
36250 
88270 
82990 
63770 
64590 
36680 
35370 
62800 
30180 
120000 
87660 
85160 
63910 
42370 
26850 
27670 
51210 
23310 
32320 
54090 
50330 
58750 
30740 
25890 
73920 
83060 
36680 
99020 
50840 
50050 
52110 
30770 
27520 
27600 
50090 
24620 
107960 
58510 
49770 
47460 
32060 
27510 
30880 
53800 
20800 
143910 
51400 
51400 
53200 
31880 
27590 
28990 
52400 
22160 
145070 
50970 
101620 
66320 
67860 
36520 
106810 
65230 
31050 
37010 
89450 
83570 
66080 
38680 
37330 
35730 
63770 
32700 
35240 
91120 
65060 
68620 
40460 
36510 
40470 
68280 
32420 
35430 
90100 
54700 
53790 
30790 
26990 
27710 
53250 
21500 
93220 
55190 
52710 
85650 
75890 
36260 
35940 
52660 
21240 
27990 
52270 
47490 
48530 
29430 
27570 
28920 
50560 
22640 
30400 
52110 
49780 
49340 
