52760
27471
25380
24100
23250
24340
23850
23590
30750
23570
23950
24920
23460
23170
24380
24410
64320
62910
60400
61760
62890
62470
63500
62461
63821
63681
61510
72610
61780
62000
63730
62230
72510
64010
60220
64650
61190
63660
61500
59800
63530
70000
65550
62530
60580
61560
70851
64201
61301
60390
62410
62730
61500
81390
63330
71920
73780
67920
65120
61180
67110
62330
58920
60750
60000
61200
62820
61081
57571
70151
60311
57810
62800
58800
62320
59660
59780
63710
66900
61000
62230
62950
63450
70150
60960
63950
61410
72700
62450
59911
63990
63151
69441
60931
61900
63770
60380
59280
62680
61550
63540
63180
63390
60860
60130
62620
71180
61180
63390
60720
60280
62140
62231
61261
58141
60331
61030
60700
58560
59220
66900
59020
59340
59040
60700
67120
58990
75520
58820
61740
59800
58780
62100
63530
61830
59271
57751
61411
60050
68000
58380
59150
59860
61250
66270
59210
59090
61490
58990
66690
61840
58640
57050
61770
59400
60350
58510
57301
62961
68531
62971
58400
58480
69760
57900
60650
59460
57750
73860
60990
63790
59830
57050
60560
62480
58690
58770
57910
58690
60151
63321
62431
68571
63041
63390
61880
61270
69000
60200
62920
62140
63060
68070
60840
63010
61370
62720
61890
61200
64960
61960
70730
60951
59921
57431
60471
68610
59940
59400
58220
64430
57910
61020
59290
56550
61330
60470
62180
59690
61400
71380
60030
58550
59860
56650
69871
58151
57391
65951
58370
66020
59630
57270
60760
59400
59230
61980
57870
60620
57730
60430
60600
60590
62110
66560
57750
60440
58501
60131
69581
59540
61700
57930
64930
60690
59130
57600
59910
60860
59980
61310
57580
60530
69180
61070
59100
57750
61010
68940
63000
59910
59071
59591
60810
58580
62810
59900
71160
60820
61270
61070
59670
68910
61260
59640
64460
59540
58420
64320
60610
63640
58810
57370
63691
57141
61201
65001
58730
64990
60710
58910
59610
57240
60160
59280
66050
59020
57540
57960
60200
68430
60800
59640
59500
59400
59570
60881
59121
57870
59941
59890
61730
59200
59770
67630
59510
58070
58660
57180
67550
60310
57640
59890
59720
57930
62610
58310
59750
57881
59231
60791
58181
61430
65470
58620
61570
58580
58920
65940
57690
62120
59620
57720
72580
60090
62160
58030
56800
60280
59020
60780
63051
60551
61920
60750
60440
64050
68520
63260
60220
61130
64720
71080
63690
60230
60200
61350
68400
60660
62710
58360
58740
59071
59241
60311
59991
58591
59140
58980
59990
60210
66970
63100
59860
61460
67500
67140
60240
59260
59700
58110
59140
59880
59830
59320
69001
59421
60651
60080
58231
69060
62680
57870
62250
58930
61010
59620
57610
62770
60550
60780
58960
57710
61710
69540
60310
59980
58061
61551
69351
59841
62040
58050
62460
59050
58010
61070
58150
57990
61230
58230
60000
58030
68640
60430
58060
61010
58750
67950
59491
60241
61311
58911
58310
60940
59690
60800
58530
56330
61170
58540
59870
68320
58080
58170
61760
60010
70220
61460
57860
59260
58320
70270
58721
58431
62791
60080
59870
58260
58370
59690
68620
57870
60510
57240
59140
70420
57820
59670
57180
57890
71170
59320
67970
60150
56111
62591
57811
60630
58790
66170
61390
58440
61730
57970
68500
61630
59460
58530
58620
66000
63170
59610
61180
59670
58770
59110
60041
59291
70041
58931
58811
60870
60120
69230
60620
59710
62370
59140
68970
57950
60540
65020
59540
58340
59780
58160
60870
60010
58441
60761
60051
57321
71211
58410
60950
58750
57870
69910
58480
61100
59800
56920
69280
58450
59690
59490
58470
61970
60250
58060
60030
57571
61201
58691
58731
59480
66580
58100
61370
58100
60330
67520
58810
61770
57690
60760
57970
61170
61870
57110
62700
59210
58550
60410
60301
66961
59861
58761
60930
59460
69190
59250
58120
59510
62420
62020
62650
60180
57450
60900
58690
60350
58420
59080
70420
59420
58711
57781
56931
68941
58850
57940
60150
56780
68300
60680
57150
60880
58510
56700
61440
59850
61370
58280
57730
61650
58270
60660
65801
57961
61271
58911
60821
68470
56630
61500
58210
58830
68690
57350
63080
60160
59200
60240
62730
60150
60620
59090
60180
59200
60220
62070
67641
59061
61280
58560
60760
65740
59760
57340
57950
60040
57930
59530
59870
61480
69360
60000
58710
59800
60560
65580
61320
59031
62101
60841
66891
60830
59780
59370
59350
60130
60950
60240
60670
66720
56810
58910
59490
57020
69530
57730
59710
60480
58940
60130
57191
57111
63381
67701
61290
59260
58210
62800
65900
60460
58740
56890
60330
67430
60970
58970
57980
68240
60540
60350
61710
59740
63660
61911
61191
64021
59300
70400
62680
61280
61980
59830
70900
62920
62130
65490
62100
60460
62730
60960
62460
59720
61550
62700
61010
60361
69371
62221
62321
62750
59980
69540
62180
59510
63320
60280
63160
59330
59310
63520
63080
63110
62300
60170
63500
68110
61800
58181
58751
59491
68431
56900
60501
56940
61680
59450
56420
60210
58250
58160
60210
58660
61100
58400
67080
59530
60600
60950
61060
68210
61990
58881
60841
57730
57780
61990
58940
58230
59160
60300
58510
58120
60450
68280
57970
56380
60200
58580
68250
58360
57940
60080
59910
59031
59241
57531
61240
60580
60700
60080
59100
61630
68710
56540
60890
57970
60650
70020
58620
59710
63100
59070
71480
60360
62691
60070
61861
72031
60550
61870
59870
59360
64010
61320
62670
60360
59990
62520
61680
61500
59710
66300
61990
59450
58780
59900
67190
58731
59831
61521
60250
59730
58180
61720
59150
61770
57880
58870
61920
62170
69510
60560
61420
61460
60540
68120
58600
58960
59611
59631
65101
58701
69080
62720
60860
60460
60810
59360
60410
69440
56500
59810
57650
59030
69910
57840
60170
59090
56090
68780
59030
57321
60581
58271
60521
60790
56940
59160
57440
58100
60590
57710
60880
65360
58450
61140
57210
59540
66720
58610
61100
59100
60050
66461
57631
61581
59770
59300
60080
58610
62130
58780
58410
59500
57900
58430
60440
65580
60010
59930
58700
59650
67680
59850
60131
58361
62951
68671
59870
71750
60240
60200
127540
64140
61370
59930
59560
60680
58770
60060
59880
66300
62950
60700
60030
59920
65870
60511
56621
61271
59380
67460
61830
59620
59810
60630
57790
60910
58620
57540
62700
60110
60260
58560
57250
73590
61570
63150
63040
59801
73821
61781
58390
61180
57470
62160
59220
60780
63870
66880
62160
59870
57960
60920
67790
60300
60940
58760
59160
59810
60740
63670
60551
59631
62660
60590
62100
60960
65730
63020
62990
62240
62250
68110
62550
65540
64390
60080
59800
62020
63090
59900
61950
59341
60481
63101
60530
70220
60400
60790
63880
61670
72280
59920
61080
64450
60460
71040
61880
59750
61940
61340
63540
60780
61110
64321
68041
60201
60570
57730
60910
66630
58570
60730
57850
58640
60260
59190
60470
59630
59320
61920
59340
60410
58270
67070
61800
60811
60971
58781
71111
62750
61510
59710
60830
71040
60130
58550
59840
59890
59340
57280
61010
59570
59720
59560
58460
62060
58840
67800
58761
58761
63911
57061
67640
59020
56960
60610
60800
67920
62220
59230
61000
63950
60100
62840
58820
60680
62870
59500
62000
58681
57631
71451
58461
61760
58820
59390
68030
57720
61190
59220
57710
60400
58120
58480
60340
60390
61080
59600
61910
62690
68810
58750
63551
61161
62791
69941
60120
63000
60200
63120
61740
58890
63750
61790
62820
58520
56160
58950
59480
65090
59350
57740
59900
60960
66241
58671
60241
57551
59810
56920
60140
59060
57600
61020
59860
62540
58200
57800
71510
58810
60860
57010
59290
70290
65170
60850
63291
62281
71041
62590
61770
63020
59390
60190
63300
61180
62680
69240
62070
62920
62270
62460
69510
60010
62180
61400
62660
68571
60371
62691
61531
60031
62420
59760
60470
62340
60420
61330
60780
61040
74750
69750
61770
60670
59780
63830
70740
62070
60680
60051
61671
67851
61471
61071
61390
61330
62020
61390
62130
60900
61290
62700
59650
62430
62330
69220
64150
61180
62010
61530
67870
63170
61601
63411
59281
67901
63110
58420
61530
56500
76230
64460
61610
59220
60170
59100
61760
60520
57580
66340
58280
58620
60940
60670
69161
57831
63811
62921
62160
70170
60380
58050
60470
60190
58940
63710
61050
60940
60650
57640
60040
59610
60510
68250
57400
58860
60301
58921
72681
58491
61800
64660
61260
69770
60410
63160
61900
58750
64140
59510
62970
60470
68120
63980
62210
60100
63550
68620
61690
62371
60701
61161
65360
56970
61150
57320
60840
59330
61380
63010
59960
70540
59170
61630
60670
58740
69950
56950
59340
59850
58291
67201
60771
58041
62030
58060
66460
61410
59270
58110
61180
61350
62060
58570
57900
59920
58660
60480
58300
57520
68340
58860
59881
60161
63501
69461
60300
58140
60220
58140
60020
59130
56730
60290
56310
56990
62290
60460
61420
68070
58250
62500
57710
61400
71370
58181
64611
61071
63171
60130
58820
63010
60470
60360
61890
59880
61310
58000
68460
60150
56570
60030
60020
67150
60360
58370
59040
61471
69551
60261
58160
58200
58670
59280
65740
60220
60160
63060
60230
59970
61780
60460
62350
62880
61140
61920
59350
69030
63690
60211
62111
60111
67471
63760
59200
61920
61750
59040
63940
60210
70220
62390
57570
61910
60000
58940
68070
57580
61130
60220
57900
66701
59521
58431
61491
57110
60250
58530
57050
60040
58150
59260
57990
59170
61410
66050
59960
57430
56960
60080
66880
57630
59010
57290
58781
58961
59321
60250
56750
66090
59750
58850
58550
59790
58340
58710
59920
58460
58920
57930
57280
60000
59500
117590
59620
59481
60061
59051
66941
59760
61210
61690
59090
61680
59460
56580
61120
66250
59550
57900
58070
61050
66100
58240
60780
58070
59940
61180
59521
60431
59071
66990
59990
59440
62460
57100
68090
58890
57950
59580
58510
58300
60320
58440
59270
67980
58520
60750
59210
60940
66991
60541
58401
60061
62550
60200
59690
60280
59850
69140
57850
59410
60660
62560
69910
59090
60190
57710
60690
61320
59120
59001
59911
67391
59631
59610
58420
59440
68800
60990
58960
58180
57950
58630
64490
58180
59980
66880
58100
60120
58110
59130
57660
58471
62141
60881
61841
57840
59150
59110
60290
67830
56930
59710
58560
60080
69770
60410
58550
59060
60240
63390
58600
60340
60340
58220
60311
59191
57361
59521
67250
60660
59620
59310
60910
69520
61910
59660
58020
58120
59170
60060
60010
56910
57130
60480
59950
59701
58791
72541
59551
58740
60240
58780
67890
58580
59730
60580
59480
67620
59820
58380
60170
59400
59760
59350
59860
63650
60110
59020
58311
59491
59611
66811
61780
57950
59450
58400
69810
62880
57770
58320
57530
67970
62500
58020
59180
58210
58470
63410
60030
59380
62860
57701
61061
59021
58020
66310
59060
65630
59450
59010
67400
57150
60690
60600
59850
58840
57960
59980
63140
58130
59380
57350
61100
59961
75531
60651
59060
58750
60520
65550
59150
58600
61730
60290
59160
58910
60170
57750
69630
60400
59130
58990
59160
68950
61190
58051
57371
59181
61410
58970
59220
57740
60610
60120
60650
58360
57880
67510
60490
60220
60370
59660
67120
56970
59800
59560
58131
58581
57631
60541
59290
57940
60110
57670
58030
59970
65710
58220
58470
59440
62020
66230
58040
61680
61370
60150
58710
58430
60030
57851
61051
58301
58921
58590
68290
68540
61000
58430
59200
57710
71790
59790
59000
60270
59930
60510
60490
59960
61040
59300
60700
59060
60951
58061
66810
58820
60090
59350
58240
68360
60920
58350
60290
59730
58200
61230
60350
61410
58390
59670
63450
61110
62120
68821
59281
61601
62000
63100
70330
59120
62580
59150
62050
61300
59640
63670
61040
63290
61950
59060
63050
61450
71130
62110
61961
61511
60961
72241
65171
57590
58270
59070
67850
60900
58530
58760
59540
58570
60580
58520
60380
60590
57110
60260
59020
59420
67091
57421
58631
59801
60510
66720
58980
58540
59460
59330
57510
59930
58730
59480
61020
57690
58920
57400
60910
69280
58350
60600
57920
60011
68351
56941
59650
57890
60050
60750
56820
58030
56870
67490
61150
59950
60180
59470
67620
59900
58430
58100
58970
59070
61560
59431
59221
58171
58691
60220
59260
58710
74030
56830
61720
59640
59330
57850
60300
60260
59580
58740
58480
59700
61120
59450
67840
58250
58331
59471
61371
68881
56720
58410
60900
59670
60110
58200
70130
61160
61230
61490
59420
59710
59710
67260
64290
60510
58160
61471
67550
61081
59371
57900
60660
59080
61200
62890
58930
60430
58180
61720
59470
57070
69940
60410
60870
60390
58880
68350
61220
60251
60221
60771
58751
60111
60410
62020
59360
57530
59080
59480
60580
68880
57920
58840
60790
61440
69640
59730
60330
58220
66050
60880
59551
58171
60111
58910
62490
58680
58800
58730
68090
59540
60620
60860
59500
67220
61490
60440
58630
61740
57200
