102440 
51690 
47850 
51420 
49460 
47050 
50090 
46410 
47620 
53590 
48710 
44070 
47830 
46080 
51610 
45530 
41800 
46400 
45710 
53210 
47450 
45720 
46080 
43810 
48280 
74750 
58510 
57700 
58460 
59730 
59420 
59350 
62240 
56130 
65370 
60470 
58370 
55010 
59380 
60740 
63000 
56020 
66590 
58940 
62060 
61290 
55810 
56400 
58590 
57450 
59680 
65390 
47930 
48880 
59140 
48180 
48290 
43360 
45480 
48950 
50630 
46520 
83970 
72300 
60650 
44100 
45950 
43090 
43300 
45620 
45070 
47050 
43940 
41730 
44920 
42190 
46750 
43840 
41770 
42480 
45120 
43990 
45340 
42020 
44400 
45990 
48000 
45330 
46670 
44690 
46470 
45470 
47470 
71450 
57250 
57210 
59320 
61920 
55880 
55530 
59250 
57760 
62990 
55270 
59490 
57000 
56550 
59680 
59330 
57420 
58870 
60140 
58120 
59840 
56270 
55660 
59840 
56980 
63030 
65380 
47060 
44980 
42320 
48160 
44300 
41860 
44510 
48960 
49080 
44810 
84770 
81330 
61800 
58210 
46780 
47200 
47580 
43320 
44740 
44620 
43770 
42530 
43800 
44940 
45190 
44810 
44750 
49940 
45360 
47480 
45680 
43850 
48250 
46320 
49740 
44230 
46870 
47500 
44470 
47750 
45490 
45500 
74610 
58630 
60190 
60490 
57290 
55210 
57900 
57540 
61050 
58260 
64910 
68570 
58760 
60520 
57330 
56570 
59250 
59140 
60030 
57770 
59970 
56560 
59110 
58550 
62420 
55730 
63590 
47830 
46400 
47270 
48160 
44290 
48980 
45660 
52840 
46260 
44990 
82680 
75750 
59700 
53920 
44190 
49580 
44970 
48090 
49200 
45730 
47000 
46380 
48740 
47450 
44090 
47390 
44950 
47090 
47090 
44850 
45470 
45640 
46110 
48940 
47130 
47080 
51770 
47640 
51160 
47280 
46690 
71960 
61380 
63360 
59740 
62420 
59720 
59760 
62600 
63440 
61580 
62880 
61250 
60340 
62510 
61380 
59880 
67470 
60170 
65860 
58860 
61060 
62220 
62640 
69540 
64230 
57350 
71400 
50560 
50370 
45370 
47420 
48610 
50630 
46710 
50990 
48250 
46570 
81470 
80690 
69340 
62780 
45820 
47980 
44360 
50940 
46750 
44350 
47910 
45070 
48420 
45210 
46020 
47040 
44600 
47210 
43520 
45090 
46240 
44570 
45230 
45460 
43100 
48230 
47700 
51810 
49540 
46230 
47530 
48880 
77570 
68610 
63460 
64670 
62970 
65160 
64080 
62520 
63490 
64730 
65370 
69570 
59310 
66610 
62930 
65310 
64220 
64310 
60660 
61170 
62890 
64370 
64110 
62120 
60970 
63290 
68690 
51900 
46160 
43520 
51850 
48360 
49720 
44620 
51860 
51970 
48970 
83040 
79030 
64990 
53100 
45900 
47650 
47140 
46560 
46320 
47340 
46660 
50330 
46210 
47370 
49610 
46230 
50100 
47420 
48660 
47750 
46860 
51570 
47890 
47140 
49920 
46960 
53010 
50270 
47080 
47280 
47960 
68570 
67230 
62210 
62460 
62420 
67010 
61780 
63520 
59940 
62820 
64850 
66540 
61560 
64060 
62460 
64410 
67680 
63940 
62600 
62550 
65220 
67810 
61760 
62290 
61410 
65200 
61810 
60960 
47520 
46120 
49540 
49580 
49230 
46450 
46690 
53460 
50630 
71460 
82890 
68740 
65400 
50930 
52870 
47840 
44930 
48030 
49280 
48490 
45060 
45310 
46780 
47270 
46780 
47080 
44750 
46210 
44920 
47830 
46930 
44140 
44690 
47350 
48770 
51910 
48160 
49210 
48770 
48170 
48420 
75840 
63380 
66860 
64080 
68310 
61750 
62830 
63800 
63270 
62390 
65600 
63400 
65170 
61710 
65060 
65860 
63510 
65060 
64140 
62850 
67020 
63860 
63190 
62770 
67530 
68210 
67940 
48730 
48130 
46730 
50380 
46550 
45850 
44850 
54730 
49750 
49820 
87490 
84680 
66380 
54030 
46620 
43890 
44430 
47080 
45620 
47940 
44390 
44100 
48000 
45810 
48270 
45690 
45780 
47280 
43630 
48720 
44270 
43300 
44940 
47680 
48090 
49280 
47590 
48240 
46810 
54200 
49570 
57590 
66190 
65300 
64040 
64720 
59750 
64610 
63740 
66960 
68870 
68250 
64410 
64510 
64880 
65830 
61430 
61700 
60300 
63060 
61810 
63040 
61160 
61060 
65540 
65490 
63590 
62740 
64040 
50670 
57050 
51840 
49000 
46420 
47070 
49590 
53320 
52340 
46480 
88180 
75850 
64990 
46140 
45650 
44490 
44790 
48660 
48880 
43210 
48080 
50840 
47570 
46440 
43940 
45600 
47870 
48330 
50030 
43940 
44570 
47260 
48930 
48800 
50550 
46720 
51370 
47780 
51720 
46160 
46580 
79030 
65310 
64570 
64840 
61460 
68850 
63820 
66360 
63440 
65550 
60790 
63810 
63420 
67810 
62200 
61170 
65910 
64070 
66460 
62750 
62650 
61880 
62740 
65350 
64220 
59820 
65180 
49480 
46690 
46730 
49040 
47070 
45760 
44970 
56340 
47030 
44080 
92780 
81010 
64820 
55480 
49690 
49710 
45740 
47760 
44910 
43190 
46970 
44800 
48400 
44590 
44540 
45770 
47630 
47390 
47120 
46900 
47320 
45360 
47910 
46080 
49980 
45870 
66620 
49070 
51190 
47530 
48190 
48500 
77770 
64530 
62420 
60740 
65620 
63290 
65910 
60850 
67170 
64010 
66330 
63210 
69150 
62170 
62890 
61920 
66860 
66740 
60350 
61130 
65070 
60220 
68920 
67700 
63890 
64160 
65710 
50520 
48220 
49380 
50410 
49450 
49460 
47390 
52000 
53120 
48350 
92260 
77220 
66720 
48970 
47960 
48570 
47860 
46320 
48080 
48010 
46930 
51050 
45900 
49220 
47380 
46140 
49680 
47200 
45560 
47190 
44900 
52080 
44450 
45500 
49050 
49630 
49870 
51760 
47010 
48030 
50150 
94820 
96660 
85950 
62450 
64870 
65660 
66680 
65090 
62750 
63320 
63890 
65840 
63880 
61800 
66100 
62850 
68840 
60620 
68110 
68290 
66380 
61090 
63920 
65080 
64150 
63280 
68580 
50720 
48390 
47010 
52640 
50980 
50500 
47950 
52610 
53810 
48030 
93480 
86750 
66900 
64040 
50030 
52330 
46480 
51830 
47790 
49400 
48280 
49990 
46340 
47680 
46890 
48770 
47660 
45960 
50020 
49710 
47570 
52160 
46190 
44560 
46130 
47820 
50930 
49050 
46870 
49140 
46440 
54540 
79950 
68230 
65740 
67000 
67210 
65160 
62040 
63500 
63180 
64990 
62010 
67690 
63170 
63610 
63910 
69510 
64950 
63990 
65250 
63510 
66980 
64320 
59330 
63680 
69620 
77670 
70970 
48950 
44740 
49470 
53150 
51290 
44880 
47180 
53480 
50180 
50960 
89630 
83330 
68070 
54720 
52110 
47070 
44480 
48240 
46170 
49600 
45270 
44320 
47830 
45250 
50590 
45000 
46610 
50060 
46120 
49720 
45690 
43500 
47910 
46960 
51150 
49100 
50250 
46990 
46150 
51850 
50830 
66360 
63630 
64660 
64030 
66410 
64850 
64380 
69280 
63930 
65780 
62380 
66030 
62230 
64390 
62810 
61640 
62040 
62010 
63160 
65700 
66890 
60240 
59490 
67130 
63490 
66300 
61560 
56680 
48970 
45060 
51420 
47610 
44460 
48150 
47790 
54420 
46250 
70030 
86760 
71360 
59900 
50930 
44460 
46630 
46700 
48970 
49270 
43680 
46420 
47650 
45500 
48300 
45690 
44440 
46240 
46050 
47590 
46870 
43450 
46750 
44990 
52280 
45790 
46750 
47890 
47880 
49810 
45960 
44370 
80200 
65100 
65050 
63510 
62790 
61340 
63580 
64680 
66150 
62640 
59850 
62380 
60390 
64460 
61290 
61940 
63550 
62470 
65580 
61610 
60300 
61720 
65140 
62090 
65090 
60270 
67410 
47280 
46980 
48150 
52480 
45850 
47910 
45410 
56380 
48840 
47450 
92190 
87620 
67940 
52620 
42420 
47300 
46290 
46980 
45260 
42920 
45060 
47350 
46190 
44640 
44680 
48340 
44440 
47890 
49470 
45170 
44320 
50020 
45330 
48850 
45640 
46070 
48020 
48110 
49750 
47990 
46640 
62790 
68430 
66270 
61410 
60570 
64640 
62000 
62130 
63980 
62690 
62210 
61960 
68880 
66460 
63110 
60040 
63080 
64190 
65540 
62670 
62420 
63860 
61760 
64980 
61870 
62200 
63540 
63240 
50900 
43200 
47830 
45220 
47800 
47690 
49890 
48320 
47010 
46840 
87310 
75580 
58450 
44630 
47500 
44500 
47700 
44350 
46940 
47090 
47060 
46990 
67060 
46520 
47990 
45130 
49400 
45480 
43980 
45960 
50250 
49240 
46000 
43380 
51120 
46290 
52010 
47940 
45740 
45260 
49730 
78390 
69630 
62890 
66060 
63430 
67490 
67710 
60810 
62120 
65510 
63020 
67970 
59540 
60250 
61000 
67460 
63870 
62830 
61180 
61360 
63110 
65680 
66510 
61680 
59220 
63490 
67240 
52370 
45820 
44170 
49960 
48240 
48280 
45200 
51270 
49140 
46230 
90840 
83820 
61070 
59580 
48970 
46500 
46950 
44010 
44470 
48370 
47780 
47330 
45340 
48110 
46950 
43530 
48050 
43490 
44240 
47820 
44850 
48330 
45380 
44750 
48110 
51270 
52210 
43630 
46330 
47410 
47520 
51030 
76660 
60800 
61550 
60070 
65970 
64390 
63750 
64420 
63730 
62850 
68870 
60230 
59740 
62520 
63970 
65390 
62880 
59520 
66950 
63000 
66400 
63470 
64250 
60950 
66960 
63260 
66790 
44280 
45110 
50770 
49940 
48160 
44370 
49050 
52810 
50820 
51590 
89930 
72730 
63500 
46500 
48440 
46250 
43920 
46380 
45180 
49020 
46360 
44180 
45400 
46020 
46580 
45740 
42570 
45550 
46860 
47600 
46840 
46010 
43190 
44880 
47710 
49700 
47220 
50190 
51420 
48010 
49400 
77760 
68180 
65590 
62020 
66980 
59470 
62600 
60680 
62420 
63870 
64000 
61090 
62910 
64400 
62930 
64670 
64930 
60020 
67620 
63190 
64860 
61820 
60730 
61850 
64050 
64310 
68740 
46230 
45070 
46090 
52360 
47160 
45040 
43380 
53800 
50930 
49330 
87560 
85420 
63110 
58060 
48400 
46530 
44010 
47150 
44890 
48360 
45240 
43230 
45880 
44090 
48120 
43370 
43600 
45950 
46880 
46110 
44230 
44150 
45330 
45580 
49000 
47560 
47730 
48620 
49910 
52760 
47890 
47460 
79470 
66920 
64450 
65990 
61840 
61620 
62670 
65250 
64770 
60480 
63670 
68980 
62520 
66540 
61410 
63540 
64810 
64450 
65970 
65560 
65430 
66060 
65370 
64290 
64310 
61530 
64820 
49450 
45440 
50680 
46740 
44590 
50730 
48690 
53450 
49580 
46610 
86040 
76110 
64430 
59730 
47640 
44610 
47720 
45120 
46100 
43520 
45600 
43750 
47370 
48550 
45440 
44320 
45940 
45930 
49330 
43730 
45490 
45390 
45550 
48230 
48990 
46480 
49910 
46750 
49850 
44550 
45850 
78670 
65410 
65500 
62890 
67170 
63580 
62820 
66000 
65720 
61690 
60180 
65530 
62780 
64670 
62820 
62500 
64840 
62960 
67670 
63330 
60870 
62970 
63320 
64610 
60500 
60540 
68140 
49900 
50840 
47450 
49530 
48780 
49380 
45160 
52980 
47880 
45900 
93330 
86040 
68820 
58380 
46140 
51860 
47870 
50710 
46810 
44320 
48490 
47600 
50210 
47910 
47090 
45250 
47800 
48520 
48700 
43570 
45120 
44630 
48540 
46170 
47610 
46670 
53160 
48880 
50980 
46500 
46860 
47110 
79210 
67230 
61890 
60500 
64870 
64320 
67020 
65030 
62300 
63800 
67470 
68390 
63160 
62260 
62710 
63780 
66070 
65600 
63270 
59660 
65040 
62820 
67900 
65650 
65280 
66260 
65250 
49320 
44370 
43120 
46420 
63040 
51350 
47550 
51480 
49170 
48940 
87960 
81300 
61330 
51330 
44570 
47760 
46800 
42920 
42350 
47580 
43890 
50960 
42920 
47580 
46940 
45050 
46940 
48510 
46510 
47580 
46600 
51810 
43030 
47470 
47860 
52510 
52180 
48060 
42980 
48450 
46210 
79770 
67550 
62900 
61960 
63840 
64440 
64970 
61760 
62810 
63140 
67300 
67280 
61600 
61880 
63030 
64620 
67830 
64670 
63990 
62740 
64630 
64850 
60470 
60570 
60730 
68060 
71390 
47960 
44250 
43230 
51550 
47110 
50770 
46570 
49350 
51340 
45380 
93100 
84390 
67560 
65490 
47160 
46870 
44380 
42410 
47560 
45380 
47030 
45150 
44190 
45410 
46070 
45340 
45300 
44300 
42610 
45930 
44740 
48530 
44590 
43280 
45840 
47130 
50260 
46700 
48080 
46590 
45590 
48060 
79480 
58940 
64430 
62160 
64190 
62490 
62690 
61770 
60720 
63980 
64170 
62350 
59390 
63180 
61690 
64340 
60880 
60430 
63520 
63580 
67420 
75310 
76990 
66600 
64410 
61010 
67570 
46380 
43710 
45760 
49210 
47560 
47780 
46850 
52850 
50350 
47370 
89580 
80640 
66380 
51130 
48030 
43640 
43220 
46710 
44660 
46900 
46400 
44040 
44710 
42930 
46510 
42970 
44220 
46860 
45070 
45560 
44070 
42360 
44300 
44830 
48680 
47850 
47820 
47480 
49930 
46220 
48010 
64260 
62170 
61090 
61190 
64890 
60780 
58690 
63140 
61570 
62660 
59270 
58490 
60820 
61040 
61550 
60350 
59900 
59660 
62510 
61260 
63220 
61520 
59690 
62100 
58820 
64650 
58550 
53410 
46850 
44620 
47960 
48060 
42710 
45190 
48270 
52800 
46340 
81830 
84150 
70180 
61930 
47010 
43920 
49730 
43880 
44290 
46920 
44750 
43710 
43940 
42980 
48240 
45100 
47620 
47200 
48870 
60480 
43060 
47030 
51000 
44560 
45820 
44310 
44420 
49720 
47360 
47980 
45910 
45970 
77760 
61920 
65410 
63820 
60870 
59340 
66410 
65080 
64990 
59930 
64030 
65790 
63200 
71620 
61690 
60270 
63460 
66090 
65310 
58460 
64140 
59580 
66830 
64280 
66220 
58840 
63960 
47760 
49140 
44830 
49040 
44570 
46380 
45930 
55730 
48090 
47400 
86030 
80020 
67740 
50610 
46570 
45950 
44030 
45840 
46120 
42590 
46930 
45300 
45660 
48370 
43980 
48090 
46830 
47520 
46330 
41990 
44270 
48520 
45300 
47560 
48020 
45280 
50920 
47410 
49480 
43910 
50430 
60700 
69170 
67070 
61260 
57470 
61340 
59690 
67510 
61450 
60970 
62170 
61990 
62630 
61710 
61640 
58620 
60440 
59820 
67670 
59420 
57030 
64670 
60010 
66060 
59260 
57640 
62080 
59410 
47800 
42060 
45710 
46500 
47940 
47210 
47690 
50370 
48700 
46110 
84570 
73310 
58790 
48920 
47540 
45250 
49520 
43800 
43210 
45400 
43550 
50640 
43630 
41560 
45100 
46660 
47390 
43520 
41460 
48120 
44830 
47170 
45190 
45380 
46880 
47220 
49980 
49860 
45870 
45640 
46580 
78980 
64900 
59810 
62500 
61690 
59570 
62880 
58560 
58310 
63280 
60250 
64150 
58430 
61000 
61850 
63300 
61880 
63500 
59130 
59850 
60820 
61150 
62440 
63220 
61010 
62300 
64750 
50710 
43710 
41830 
52590 
48770 
48910 
43380 
50950 
49040 
47390 
85890 
80100 
59720 
55340 
45780 
48010 
46240 
44040 
45160 
45270 
45010 
45550 
45100 
48040 
47530 
45900 
47970 
42450 
54360 
46770 
43670 
47210 
43850 
44260 
47860 
46000 
49960 
46570 
43470 
46020 
48950 
51790 
76510 
61230 
60930 
66040 
67050 
65200 
63040 
59190 
60330 
61350 
65470 
60610 
63130 
62600 
61200 
69010 
61690 
60900 
61220 
62460 
66200 
62030 
59500 
61620 
63910 
60710 
64760 
46410 
43470 
46040 
47650 
50340 
44110 
49100 
49750 
47220 
48670 
85680 
69880 
63010 
44890 
49320 
45420 
43910 
46320 
44310 
46730 
43610 
44460 
45430 
44030 
45260 
45430 
46030 
44480 
43980 
45840 
45080 
42430 
43350 
44700 
46070 
50270 
45690 
45570 
45850 
45170 
48310 
75900 
63290 
63160 
62510 
64220 
57670 
65960 
64240 
62390 
63300 
66150 
60500 
61120 
64780 
64420 
63050 
61060 
61300 
62150 
62070 
68850 
60160 
58440 
60320 
63090 
61230 
64830 
45370 
46430 
44970 
52510 
47280 
45260 
43460 
53460 
48800 
47200 
83640 
82110 
62360 
58140 
46220 
47380 
42710 
45740 
44190 
47930 
42370 
41440 
46210 
44500 
48340 
44830 
44330 
46600 
46260 
