54083
28241
25561
24531
24471
49812
37352
35862
26851
23721
24781
25011
26071
23321
23271
25581
67873
61393
63523
63473
67163
63433
59272
60502
59502
63963
62312
62463
58242
61913
62473
67533
66373
63843
66803
60633
101635
87154
75974
74694
77514
85504
78773
79614
74153
73073
80883
78083
78613
74773
77133
77553
79984
80384
74473
76294
76843
80844
79744
75094
76474
75334
96295
68643
63223
60133
66793
65793
62003
62953
65173
63153
64013
119726
105325
84054
73413
68213
61993
64013
60412
59672
63593
65103
63183
59633
60093
58973
65943
65003
60763
64723
60663
62883
63673
65243
61183
61873
64743
64233
66264
60303
61742
62283
64453
102515
77743
76724
78334
78594
79284
75054
75354
78314
81114
80223
82224
81654
75414
84344
78103
78743
77874
74613
78873
77013
80673
78214
74873
78603
78104
86714
63913
62083
62303
66893
68723
63713
62523
65163
68033
63393
126186
101795
76914
71544
61793
62883
60243
63553
63793
61592
63802
59723
59202
62713
61763
61322
61013
59452
62953
62223
62883
61863
59783
58973
66613
66803
65083
62573
64153
64883
63183
99865
74574
73563
84734
80513
78483
75363
75863
84704
78013
79064
75433
78054
77504
85774
97835
81684
79464
85064
90324
78504
80944
77204
77154
87104
80843
94394
68824
60823
63843
66103
66383
64023
61852
74203
65543
69023
127676
109065
93664
81294
69763
63583
61263
67953
65613
63203
62333
61123
60803
68063
64663
65463
61633
61973
62133
61313
63263
60743
59303
62542
63683
66963
60303
62343
60413
68573
64023
60313
103185
76254
77754
79284
77144
74784
74044
82334
79814
80503
77244
75174
80134
79994
82193
75103
76623
79133
78294
80734
78073
73903
80574
86904
79364
77514
87915
65243
64603
65983
63243
60893
59893
64823
63613
65663
63313
120015
100705
83314
68324
59383
63403
63002
62833
62662
59952
61542
63613
63203
63443
63933
60683
59173
63713
62983
60753
59673
58253
63053
61853
63673
61343
62863
66473
63753
64583
62433
96044
79404
79533
82484
100695
79854
80604
82374
83184
75863
76914
73223
83194
81604
77574
73644
73024
77224
77973
80164
75234
75463
79064
77993
76154
75023
87344
71753
62302
65353
62513
62753
62523
66253
67223
66543
63563
132686
116156
90574
77024
65513
63433
65703
62943
62863
62043
58203
62093
61253
64023
59413
58603
61302
63423
65933
59212
60452
63343
62803
62113
60033
63543
63253
67983
62833
64873
61813
61773
103775
79963
80764
72924
76034
80573
80734
80203
73263
74273
78563
79014
83424
83124
77323
82864
83224
82714
77243
77764
73754
84344
83604
77554
76794
76134
99715
68283
65403
62633
61263
68414
64833
68274
67043
65043
69973
133926
104005
84694
73603
64303
65983
66213
64003
62773
64273
63963
62043
63043
60843
64213
66173
65103
60883
58853
60423
61383
63903
62713
60193
65153
64033
65213
66363
64363
61373
63993
104664
82744
76824
73883
76004
78734
81454
77274
75974
74604
78994
77523
79644
76614
75764
78744
80334
82933
78873
76703
80393
79524
85594
76493
74703
76973
92584
70423
62193
61333
63053
65623
66043
62453
65783
67303
67613
130726
110895
93514
80514
72584
64163
64183
64313
62423
64133
67333
67033
63263
61662
63123
62473
65393
61743
61843
62283
63993
66233
62383
60193
59613
68503
66593
65593
64563
63083
68113
69324
109185
75773
78913
81484
83864
82234
78943
80354
83174
82564
84314
79824
75524
78714
83464
82584
81384
71164
74534
81304
80554
79874
77224
76034
83743
80003
89554
64153
58112
62002
64763
67423
64893
63733
70403
67703
67833
125415
104665
82764
73974
68243
63773
62713
63893
62893
64393
66023
61503
63273
66764
64443
65363
62023
62473
63053
63452
63743
62572
62062
64433
65643
68803
63413
61633
65513
64813
65143
98765
73844
74374
83024
81073
79094
74744
80594
80944
77533
80114
82604
75793
80903
79743
83204
76634
75253
75473
77434
83234
75973
77094
75013
81694
84134
89454
65323
68813
65963
66633
68083
61043
60263
75453
64833
67003
119005
105555
81784
85074
69003
63203
68193
62483
66773
74443
68933
64263
67063
64003
62653
67713
58863
61493
72783
66493
62583
68083
61993
62633
67573
72044
63483
69173
69334
65684
71013
61782
104815
86034
80574
82864
82844
82124
77284
89804
77164
80414
82924
76334
80364
87414
87165
78093
80544
78564
83054
89575
76894
76013
86344
85364
80474
81444
85964
68603
66003
65563
64403
64323
65723
67383
73494
66573
66023
131656
109605
88244
73944
63113
61463
65823
61953
65983
60933
61083
63163
65173
67613
62192
61042
60412
64533
65243
61583
62013
61253
65063
65113
65713
64323
64763
66633
63553
66033
63653
113575
81334
79544
77763
79944
76333
80233
80463
86174
78333
76823
80524
79984
86764
78053
78044
76844
85794
82994
82134
79754
75294
83324
79334
75624
81933
85134
70974
63283
64683
61693
60603
62773
65063
67713
65413
62492
128135
118885
93604
78514
64063
59143
65793
62463
63063
58433
60753
63243
61063
61703
63233
60183
61153
63903
64433
59513
59513
61922
61463
78873
62232
62912
64023
66423
70923
60973
62583
64623
100745
78474
83074
80204
75594
79314
78104
84234
74484
75464
81784
78104
84824
76764
75753
79043
79343
83744
77393
74513
77543
80594
85194
76683
77373
75503
93834
66883
64203
61753
61693
65173
66053
65173
64313
61163
64973
123246
108925
85144
67653
65043
63202
69454
63423
60873
60462
63553
62952
63343
63913
59313
63333
62443
62953
61023
59753
64623
61703
64443
60243
61343
62573
63613
65293
62433
61033
62203
98785
82793
76014
79914
81054
79843
79133
77163
77964
80434
84164
76194
80074
80194
80584
83804
75334
82074
77274
75774
79374
78254
83164
80143
75744
77994
89734
74754
65093
60253
65174
64683
63372
62703
64623
66483
66293
119945
111515
86734
82084
68393
63483
68383
62333
60653
63323
63193
64733
61683
59933
60403
61493
62303
59893
60253
62393
64713
63182
61512
58562
60152
66463
60773
64963
67893
62573
65633
63683
108345
78684
76344
75944
77504
83074
75444
75754
77273
82434
79763
76824
76224
76813
80304
78823
77083
77113
75133
79164
75404
77664
74753
78144
82794
75494
92194
66343
59523
86854
65183
66083
62413
60333
69204
66914
68593
126846
106535
86714
72113
68344
64733
61572
60932
64713
65003
63093
60582
60903
64423
63013
65543
59803
61363
63823
61063
62993
61903
63243
62523
66253
65263
62883
64813
62573
65983
64373
88024
77303
78544
85374
76493
75334
75633
77174
81484
78064
83684
74924
77484
81234
75954
82714
74754
75634
79774
82584
83653
77024
74663
79553
80524
83954
79374
67613
62212
67083
63263
66863
62793
60892
64783
65243
70233
108645
107145
97164
82344
69743
61863
60353
62783
65513
63503
64893
62533
61843
64113
62473
62272
59643
67103
64473
61292
62923
61062
59563
61563
62353
65743
64693
62093
65753
63943
64503
62653
102005
78373
78394
83694
79964
77583
81644
76823
82453
77683
82074
74453
82174
78433
81934
79574
75704
81964
77524
81564
77254
73834
83554
78534
76894
78184
91275
67173
63993
62213
65423
62673
63393
64453
69964
66863
63312
120955
110815
85684
72373
62843
60223
65833
63073
65953
60773
60893
64423
63613
64553
60203
60533
61453
63113
64323
61343
62063
64263
64013
67984
61553
60843
61692
67993
64433
65553
62163
83384
82234
80324
83684
79834
76324
83474
84624
82494
87604
80494
82433
84444
83674
76004
76724
78483
82154
82693
80263
78793
79243
83054
77593
81684
77974
75673
80364
64433
64753
62673
63843
67693
62313
67033
68023
62133
84134
117605
94635
75664
63993
62853
66523
63003
62693
60533
60273
65023
61662
62473
61483
61063
65873
64683
64153
60053
61763
62563
63073
65613
64193
64733
63403
68073
67613
64563
64973
66993
103615
84864
82303
77523
77913
83194
75653
79884
77713
75253
79994
91735
85804
77054
76234
81434
78684
78854
76694
73734
81664
81494
82184
81754
83384
81264
95705
71314
64733
61453
65223
63043
60432
64123
66873
62063
68363
119035
104445
88604
67533
66613
62433
64873
59653
59263
62443
62443
63363
63873
60723
61603
63193
62933
61243
60253
58963
64673
59973
62203
60282
60622
62083
65183
63993
63083
61993
63753
79164
84304
76724
77984
76914
80764
81354
81604
75384
75963
80644
79153
77464
76923
75963
81774
76743
77163
73833
86374
80024
81794
81124
78984
75634
80444
80044
69483
64693
59693
63453
65233
68713
61713
62093
67933
65033
62783
117655
90194
77623
67633
62492
63023
59532
60962
63693
60062
60763
60803
60223
61423
60663
63943
62893
59583
60433
65713
61573
60773
60773
60603
64603
63453
63843
62863
60313
64683
62072
87074
79543
73653
82324
75964
83134
77104
74714
80974
77204
85734
80734
76994
82154
82454
81684
80414
78414
88284
83814
83723
79054
76273
76393
85684
78884
93614
67773
61302
66773
66773
67643
64073
60943
72203
67603
66913
134416
120876
89314
74774
68633
63803
62713
65704
63473
63793
62603
61193
63052
63552
59243
60722
62103
61443
61743
60042
62203
58693
63273
63573
62363
64583
62973
65313
62393
65273
63063
74744
81113
77553
79484
79614
79053
75343
74693
84434
73923
79513
79484
77974
80134
78964
83104
81244
78634
83484
77194
80664
81783
75364
78144
80404
82044
78654
78244
63003
64153
64573
63423
62033
59133
63753
63183
69193
62133
114215
99065
80894
63103
63883
61013
62333
60943
62393
61163
61333
60633
61673
62223
59273
60163
59563
63133
61823
60153
58103
61333
61822
60523
65503
62992
61902
64433
62903
63713
61933
100585
79604
84794
79714
77744
76904
77314
78004
81054
74314
77064
80334
81653
81054
73834
82244
76623
81763
75943
77303
76453
74603
78913
77364
79814
81364
89415
70673
63033
62723
61023
62753
62953
63833
69083
65023
63143
130726
114116
82534
70843
63193
61123
62092
63183
60592
60162
58402
62753
64023
61223
60303
59813
64173
60753
62353
61193
60833
60213
63463
64593
60523
62663
65753
65153
64033
64423
62673
65223
98454
86894
81614
75063
75833
82184
76093
80934
78263
82824
78354
78744
80974
77754
74744
74164
80724
79424
76164
75674
82144
79833
75663
73434
77813
74934
80884
61582
63293
65343
64113
64523
60462
63983
72373
64263
64013
116096
98405
84524
67053
64723
62643
61793
60433
65483
62373
62233
64293
62033
60023
59133
63853
59983
62363
59773
60752
62843
63243
65883
61852
62463
63593
67953
64273
61973
63693
63423
105005
80484
74564
75123
79683
78734
79714
76614
78123
75503
80873
74923
78413
82304
75213
82764
83183
82154
77144
79304
80834
77204
80634
77244
77424
87554
91664
68423
64083
61283
63853
65753
63883
62383
72564
63273
68733
126906
113075
84974
75793
71543
65053
72333
61723
64223
64933
61813
64753
63423
63503
63193
73614
65974
61273
63683
61403
62843
65793
60732
63873
72973
66503
66783
65823
64363
61872
66613
67613
95134
88614
80434
82384
81223
80344
75444
80803
79583
83314
86014
87104
80454
87215
82764
81074
84414
85044
76233
93335
87804
82283
87494
83614
86444
85374
91964
64093
67923
72303
63413
73483
60623
61193
75834
73934
64083
133886
101375
85534
76454
64213
60233
71364
71814
64903
69464
70563
64443
67634
61583
63123
72873
68093
61013
72423
69563
61763
68213
60733
59733
71843
74254
64203
73804
70684
64943
70444
102785
78324
84594
89304
77903
90334
84404
77453
88344
79574
78894
83814
86344
80444
89584
88194
76544
84414
77944
79404
87584
69863
77874
87124
87954
79994
95144
67214
60173
64393
61642
66413
63472
60262
69433
63513
66473
122365
113385
83224
73013
65683
63693
63383
59943
65793
63143
62193
62193
63123
65853
67373
63193
62963
60113
62583
61713
63272
64623
63533
64983
65943
66813
63083
63043
68773
66163
68223
67353
88624
83414
84684
82734
77124
80204
78874
81754
87294
77704
78473
82214
78363
78993
83563
78243
80144
87654
79164
82713
78154
81424
82744
78704
82204
79414
82254
68023
67093
67893
61683
63913
63503
64563
83124
71584
63813
122056
97314
82703
70564
63673
63983
62402
63923
67293
63573
63713
64433
64163
65013
59883
63613
62773
65063
67043
64313
60793
62433
65553
64253
63293
64823
62913
65163
63533
64943
61493
105345
79583
82214
83584
78714
77344
84014
77844
80984
77013
80324
78774
81514
81484
75614
75824
82154
82213
80684
75034
78114
79824
80774
81203
79954
75773
93034
73183
62422
63242
62913
63343
65913
61163
67543
63633
62573
130416
106675
85864
72683
66393
65203
63833
63333
63923
61693
60753
62183
61623
61143
59043
63073
63633
62693
64102
59762
61893
62623
59052
62973
62603
62533
67783
66713
65343
65333
65473
66833
95955
87574
75344
81344
75813
82054
78674
81003
78713
81834
82383
81304
83374
78983
79674
80724
78714
79454
76843
79354
79074
81484
80054
78484
76344
77854
85084
66303
60033
62073
62773
67283
61963
66533
61083
68444
67373
126656
96214
78364
65523
64193
63323
65493
63103
