96920 
44010 
36490 
39260 
38240 
36470 
36970 
36110 
36700 
40140 
39190 
38360 
37580 
35860 
39830 
36710 
37830 
36530 
37240 
38470 
36470 
36750 
35810 
36030 
40190 
38050 
35880 
36220 
34570 
37480 
36650 
36950 
34750 
37930 
40020 
37120 
38170 
34520 
36530 
37070 
38280 
34770 
37410 
34970 
36900 
37330 
37720 
35120 
35860 
35120 
37330 
37090 
36710 
39440 
35770 
36510 
37490 
34840 
36060 
37720 
36260 
37080 
39630 
36240 
37340 
48600 
42550 
37200 
35230 
37670 
35550 
37690 
37160 
35080 
36440 
36800 
39210 
36260 
36220 
37190 
36440 
37780 
37550 
36470 
39460 
35730 
36620 
38170 
35520 
35390 
35500 
35230 
37940 
36970 
36520 
36120 
36170 
36840 
35840 
35780 
36080 
36510 
37510 
37330 
36610 
36820 
39970 
38370 
37690 
36700 
36470 
38750 
37400 
38430 
36530 
36090 
37390 
37790 
38690 
36650 
36840 
35340 
38210 
37800 
36070 
39720 
40500 
36990 
41350 
37210 
35270 
37040 
38750 
40230 
38160 
39210 
37170 
38960 
36420 
42140 
36040 
37140 
35970 
37000 
41810 
38470 
35440 
35820 
37790 
38200 
35900 
36610 
38750 
38370 
40510 
36680 
35550 
35760 
36280 
39210 
38510 
35410 
36530 
36010 
39430 
39160 
36570 
39650 
35880 
36830 
39070 
36530 
36710 
38640 
36880 
37990 
35030 
37440 
35600 
36580 
37260 
36850 
36350 
35490 
36550 
38020 
37490 
38180 
35360 
35460 
36420 
36880 
36430 
36800 
36760 
37610 
38510 
36870 
36550 
36460 
34470 
38190 
36790 
36340 
37140 
36550 
37460 
36720 
36560 
37610 
37190 
38140 
38450 
35810 
36810 
38980 
38450 
37790 
41880 
42350 
37040 
36420 
38860 
35900 
36430 
35650 
38090 
37690 
36510 
35940 
36680 
37040 
38770 
36220 
36490 
36720 
36740 
37270 
38080 
36310 
36600 
36140 
36630 
37450 
38450 
36890 
36200 
36830 
37880 
35540 
35600 
36740 
35270 
39550 
37730 
36080 
36570 
36170 
38250 
36750 
35940 
36860 
36810 
36930 
37700 
36420 
37910 
37560 
36800 
36590 
37170 
35520 
36290 
34470 
37740 
35820 
36100 
36440 
36590 
37630 
36120 
35000 
35760 
35340 
37400 
36010 
38610 
36670 
36780 
37100 
36270 
34920 
36530 
35240 
36650 
38600 
36510 
35890 
36290 
36050 
36370 
35940 
35740 
36130 
36630 
38320 
36690 
36080 
37290 
36100 
38080 
38600 
37460 
36030 
35280 
39770 
38290 
37080 
36510 
35480 
38240 
37340 
36770 
36120 
35990 
35220 
37180 
39600 
36730 
36620 
37230 
40060 
37940 
36320 
36580 
35510 
37980 
38910 
36360 
36490 
36400 
37180 
37790 
36320 
36310 
36140 
38030 
38420 
34980 
35810 
36550 
36750 
38110 
36110 
37660 
36980 
36230 
38090 
35960 
35570 
35810 
36430 
37620 
36280 
36230 
35260 
36770 
37690 
37370 
36820 
36040 
35840 
38280 
38030 
36630 
36120 
35830 
34910 
37130 
35750 
35160 
36440 
35870 
37560 
37210 
34610 
36240 
38060 
38090 
37640 
35740 
36490 
36450 
35930 
38500 
35810 
36780 
35550 
36810 
37720 
39210 
36820 
40180 
36420 
38300 
35490 
36100 
37370 
36610 
37800 
37040 
36320 
38820 
36030 
36940 
36340 
35070 
37810 
36740 
37840 
37130 
36150 
36880 
36190 
36270 
38240 
35200 
35810 
39050 
37030 
38270 
39620 
35930 
36010 
35960 
37920 
37170 
38100 
36140 
35540 
37430 
36940 
36530 
39260 
35720 
37800 
36440 
37740 
37140 
36210 
37440 
38340 
38090 
36550 
38820 
37300 
40830 
37920 
36120 
36740 
36850 
37850 
37440 
36700 
35810 
36360 
39180 
37040 
36280 
36950 
37250 
38230 
38000 
34810 
36950 
35110 
36460 
37430 
35680 
35230 
35410 
35200 
37610 
35410 
36550 
36560 
35860 
39720 
37440 
35470 
36640 
35760 
37350 
36520 
35680 
36350 
35270 
38290 
37360 
35430 
35740 
36590 
35910 
38030 
35450 
35580 
39230 
36080 
37460 
34610 
35960 
36010 
35990 
39230 
35800 
35970 
36120 
36190 
36910 
37100 
35820 
36520 
37750 
38000 
36670 
35830 
36110 
35920 
37610 
39380 
37150 
35840 
37240 
36700 
37490 
35710 
35940 
36590 
37000 
38670 
36590 
34940 
37360 
35620 
36530 
38090 
35410 
36980 
36160 
37130 
37530 
37190 
37810 
35730 
40410 
38260 
36890 
37040 
36280 
35980 
40600 
35450 
35860 
37700 
37070 
37490 
36200 
35900 
37640 
36620 
37600 
35290 
36360 
36150 
37890 
36940 
38230 
36070 
36540 
35850 
37320 
36060 
36320 
35900 
37350 
36200 
37780 
36680 
37550 
35870 
36060 
37650 
36810 
36290 
35770 
36310 
37310 
37880 
36840 
35980 
37390 
37730 
38660 
36470 
36560 
34870 
37530 
39380 
36440 
34940 
37400 
34140 
38520 
36840 
37740 
36030 
37100 
38350 
36470 
36130 
36600 
35790 
38150 
38250 
36000 
36250 
35750 
37040 
37620 
35490 
38570 
36110 
37900 
36250 
37100 
36230 
36520 
36700 
37940 
37650 
36530 
36730 
35220 
38320 
37470 
35980 
35800 
37600 
38060 
37060 
35960 
35420 
35970 
36580 
38200 
37550 
35330 
37040 
36870 
36550 
36380 
35480 
36650 
35030 
39050 
37420 
37080 
37140 
36390 
37740 
36260 
35650 
38850 
37880 
37940 
37990 
36850 
36580 
35020 
36190 
37490 
35110 
37110 
35240 
35710 
39500 
37570 
37140 
36670 
37670 
38680 
35340 
38530 
36980 
35720 
39570 
36700 
35840 
36100 
37590 
37150 
36650 
36620 
36770 
35970 
37890 
37550 
36400 
36010 
36650 
36390 
37230 
35600 
35990 
36920 
36820 
39730 
35770 
36820 
36120 
36120 
37170 
36760 
35880 
37110 
37010 
37510 
38410 
36600 
40510 
35950 
38710 
39470 
37320 
36380 
35950 
36790 
37700 
35760 
35420 
36020 
36800 
37900 
38460 
36290 
37110 
36100 
40140 
37540 
37430 
36510 
35390 
38020 
37260 
38520 
39170 
37030 
37360 
37100 
36450 
36430 
36020 
36490 
38290 
35300 
38640 
37190 
34600 
38850 
35480 
36390 
35220 
35880 
37700 
36680 
36610 
37700 
34910 
38000 
36930 
36210 
35930 
37440 
37040 
37760 
36540 
35500 
36520 
38460 
37050 
37590 
37050 
36140 
35810 
40650 
36220 
36350 
35910 
38290 
39360 
37030 
36410 
35540 
36600 
37010 
37940 
35100 
35720 
36070 
36920 
37490 
36500 
39700 
37150 
36790 
51420 
40860 
36200 
36710 
35540 
38870 
35720 
35480 
38110 
35680 
37310 
36250 
35340 
35240 
37120 
38330 
36900 
39080 
36570 
35910 
37590 
38580 
35930 
35200 
34780 
37410 
37940 
37250 
36490 
35930 
38050 
39090 
36480 
35530 
35770 
36570 
38300 
36600 
35600 
37160 
38790 
37190 
37050 
36220 
37380 
36670 
37340 
36540 
36640 
35040 
37130 
37950 
37450 
36690 
34880 
36920 
35060 
37480 
36780 
35400 
37650 
35950 
36910 
35420 
35950 
35760 
37200 
38360 
38290 
35860 
35730 
35900 
38180 
38070 
36340 
37390 
37430 
37190 
39740 
36840 
35960 
36600 
36340 
39710 
36040 
35240 
37420 
36040 
38070 
36160 
36640 
35690 
35840 
38010 
36180 
35750 
36310 
35650 
38410 
37860 
36270 
38190 
35040 
36930 
36780 
35740 
35560 
35820 
35850 
37970 
36620 
37170 
36420 
36760 
37540 
36180 
35910 
38270 
38460 
38190 
37650 
36430 
37600 
38230 
36750 
36580 
38840 
36530 
36660 
38540 
38690 
36080 
36110 
35750 
36440 
37920 
36090 
35690 
36840 
34920 
40970 
36560 
36080 
36830 
35920 
38490 
35270 
35790 
35950 
35530 
37550 
39150 
35860 
51610 
38480 
37740 
36330 
36790 
35720 
37000 
36570 
38410 
35690 
37140 
36190 
36040 
37520 
34670 
36690 
35150 
36440 
38100 
37950 
37590 
35690 
36410 
37830 
39530 
36580 
36850 
36390 
37430 
36600 
35780 
36020 
35990 
36920 
38370 
36030 
36000 
36080 
37130 
36800 
35700 
35690 
36500 
36020 
36630 
37040 
34810 
35450 
36040 
37300 
37730 
35690 
37260 
36180 
37500 
38360 
35480 
34800 
37050 
35820 
38270 
36570 
34980 
37320 
35100 
39770 
40070 
36720 
37190 
35810 
38730 
37960 
35970 
36750 
37550 
37130 
39510 
37250 
37450 
35240 
36970 
36530 
36220 
36780 
36610 
36470 
38350 
38760 
35220 
37540 
35880 
38430 
35370 
35610 
35130 
35910 
38320 
36350 
37470 
38450 
36610 
37970 
36060 
35660 
38530 
36360 
36250 
36490 
35870 
35600 
35380 
35770 
38160 
36660 
34270 
36350 
36290 
37430 
38660 
35910 
37000 
35000 
36850 
37300 
37090 
35380 
35490 
38470 
38000 
33910 
35790 
37970 
37240 
37350 
37120 
36730 
36870 
36020 
41730 
35560 
36580 
35310 
35830 
40150 
36410 
36530 
34880 
36450 
36340 
39190 
37800 
37390 
36180 
36840 
39290 
36320 
35870 
36800 
40520 
37050 
39710 
38420 
37570 
37010 
41110 
40160 
37310 
38800 
37530 
41470 
37760 
38340 
36000 
36660 
36160 
39770 
36500 
37350 
35530 
37660 
41270 
36780 
35920 
35650 
37710 
37900 
37390 
35090 
38870 
37170 
37810 
37990 
36090 
36040 
36670 
37860 
36400 
37430 
36460 
35910 
37810 
37900 
34910 
35980 
36470 
37620 
37120 
34750 
36220 
36080 
38210 
38180 
36030 
36190 
36530 
35880 
38960 
35100 
36670 
35790 
39470 
38490 
36950 
40270 
36200 
38700 
39400 
37050 
35960 
36220 
36600 
37130 
36950 
36210 
36930 
36480 
35710 
36520 
36450 
35890 
36370 
36980 
38200 
37510 
36540 
36920 
36160 
36670 
36660 
38670 
38010 
35480 
37870 
37070 
36440 
37430 
35840 
36570 
38230 
35910 
37530 
35190 
35940 
36710 
36750 
35660 
36740 
36340 
41430 
37270 
36030 
36620 
36380 
38500 
36620 
36500 
37330 
35830 
38230 
35350 
36430 
37100 
35630 
36420 
37750 
39510 
36830 
36710 
39640 
38180 
36170 
36680 
36230 
37220 
37730 
37750 
36170 
38150 
36720 
39070 
36960 
38390 
36860 
37600 
38210 
37620 
38670 
36980 
38710 
37800 
39180 
36570 
37580 
36920 
36710 
39880 
36200 
35680 
36220 
36580 
39080 
36530 
36750 
35990 
36230 
36930 
46300 
40850 
41620 
38010 
37750 
37070 
34980 
36000 
35360 
36380 
38240 
36810 
36220 
35430 
38800 
37470 
36410 
36370 
35490 
36140 
37430 
36040 
35120 
36300 
36110 
38320 
35440 
38340 
36980 
37140 
38040 
36960 
37100 
36310 
34740 
37810 
38190 
35600 
36370 
36350 
38270 
51230 
37760 
37820 
36180 
36580 
37170 
36600 
36400 
35560 
38240 
38040 
38390 
35130 
36420 
36400 
36210 
36590 
34510 
36460 
35780 
36950 
39440 
36560 
37310 
36510 
37720 
38630 
37640 
35130 
36340 
36450 
39190 
35800 
36270 
37380 
37160 
40570 
36310 
35120 
36680 
36280 
39380 
37450 
35890 
37550 
35320 
36870 
37130 
36870 
35970 
36110 
37730 
37360 
35620 
35730 
35470 
36580 
37800 
37360 
37370 
57010 
41990 
38780 
35970 
36620 
36320 
36210 
37580 
36870 
36680 
35640 
36960 
37640 
36680 
35540 
34430 
36550 
37170 
37440 
35360 
35160 
36970 
36860 
37760 
37800 
38210 
36920 
35710 
37700 
36090 
37510 
37190 
35170 
37750 
36650 
36230 
35540 
36500 
36860 
38040 
37520 
37350 
37370 
41360 
39490 
36100 
34720 
35800 
35320 
39190 
38670 
36270 
42290 
37530 
39630 
34630 
36040 
34970 
36160 
37280 
37820 
37530 
35960 
35360 
36610 
37990 
35620 
35780 
35020 
36980 
38200 
35810 
36240 
35890 
37580 
37520 
36170 
37740 
36590 
36600 
37510 
35340 
35820 
36020 
36430 
39020 
36640 
35510 
35590 
36130 
36650 
38370 
34990 
36850 
35840 
37330 
37650 
35780 
36230 
36560 
39390 
36790 
35360 
36320 
36070 
34510 
37150 
35710 
35630 
35780 
35720 
36240 
36450 
35310 
35050 
36460 
36400 
38120 
35680 
36880 
36390 
38300 
36400 
36360 
37750 
37240 
37110 
39370 
36320 
35390 
36450 
37410 
38670 
35740 
36650 
37040 
35520 
37840 
36460 
36900 
35890 
36570 
38280 
36540 
39840 
36160 
36010 
36760 
39680 
36880 
35350 
38690 
35930 
38220 
35850 
47810 
41090 
35250 
36500 
36540 
34880 
40990 
37600 
36700 
37260 
35900 
36830 
38260 
36850 
37150 
47920 
41080 
37000 
40370 
38780 
36970 
37620 
37800 
36050 
38130 
36200 
34160 
36640 
35560 
38520 
36450 
38820 
38040 
35330 
36840 
35940 
36300 
36410 
37330 
37480 
37330 
35680 
35030 
37790 
38120 
38350 
38840 
36110 
37090 
35690 
38130 
38870 
36540 
36280 
36840 
38210 
39680 
36760 
36700 
36340 
37410 
36650 
35990 
35590 
36770 
36970 
38080 
37060 
36650 
36410 
36550 
38400 
36990 
36800 
35870 
36100 
38060 
35560 
36160 
36280 
35790 
37720 
36060 
37480 
37310 
36150 
39220 
37400 
35170 
36840 
38470 
38480 
37260 
35620 
36850 
38090 
38440 
39860 
35510 
37390 
36510 
36130 
37410 
36030 
36040 
36530 
39330 
41900 
36870 
35430 
37050 
35290 
37970 
37080 
37580 
38080 
37320 
36360 
37930 
36590 
37410 
36870 
38070 
37570 
37440 
35870 
36330 
36360 
39460 
36410 
35400 
36530 
36210 
38800 
37120 
35790 
36100 
39070 
39770 
37630 
36420 
37070 
35800 
36420 
38360 
35760 
35250 
38790 
36620 
38330 
36170 
36550 
37320 
36540 
38240 
35210 
36060 
38370 
35680 
38600 
36590 
35980 
36040 
36580 
37610 
38130 
36840 
36600 
36010 
37780 
36860 
35530 
38360 
36080 
36280 
37590 
35720 
36950 
35680 
36680 
37230 
34990 
37180 
37020 
37250 
39110 
36840 
36420 
37510 
36350 
37000 
39360 
36770 
36090 
36140 
37440 
37490 
36280 
36440 
35450 
35830 
37000 
37130 
34890 
36240 
36100 
37690 
39660 
37330 
37590 
36450 
38860 
36560 
34870 
36560 
35230 
37580 
37850 
36000 
35770 
36990 
37450 
37350 
37880 
37150 
36040 
36300 
38210 
35950 
36480 
36330 
35990 
37730 
37100 
37180 
35310 
34840 
39090 
35020 
37330 
36090 
35690 
38230 
37090 
36140 
36160 
36900 
37600 
37990 
35940 
37490 
35240 
38550 
37440 
35450 
36700 
39870 
37330 
39100 
35970 
36500 
36080 
36090 
37620 
36030 
35360 
36770 
35250 
37580 
37510 
36140 
35780 
36040 
37510 
37720 
38280 
36280 
37240 
35840 
37770 
35530 
35530 
36400 
36590 
37710 
35610 
35720 
36200 
36490 
38740 
38110 
36220 
39350 
37090 
38370 
37590 
35100 
36830 
37270 
36920 
37970 
35740 
38990 
36670 
38220 
37620 
35560 
46570 
39990 
36140 
40280 
36110 
36510 
37590 
36440 
41360 
36200 
36610 
36560 
36270 
36580 
36610 
35980 
37110 
37200 
37110 
37780 
38750 
36660 
35720 
37330 
38120 
36440 
37190 
37360 
36770 
39040 
37160 
35470 
36140 
36340 
37900 
36850 
34720 
39880 
39060 
37700 
37200 
35710 
38980 
37350 
36650 
37050 
36320 
35890 
37540 
36050 
38460 
37180 
35750 
36060 
36850 
38800 
35820 
34450 
35860 
35520 
39180 
36610 
36130 
36650 
35120 
37790 
37590 
37200 
37220 
36750 
36450 
39450 
35330 
37290 
37050 
37340 
36980 
36880 
37140 
36080 
38570 
38940 
36130 
36980 
36060 
35970 
41850 
36740 
36020 
37710 
36540 
38680 
37040 
37030 
35360 
36640 
37270 
36600 
36960 
37000 
39470 
36450 
38550 
35030 
36590 
36970 
36430 
38020 
35960 
36290 
36420 
36160 
36840 
36690 
35250 
36860 
35000 
38190 
37810 
36320 
36540 
35760 
36580 
37500 
35660 
35590 
36440 
36700 
37200 
36130 
37130 
37940 
35100 
37360 
35320 
35330 
35300 
36860 
37740 
35400 
35770 
35940 
35750 
