119760 
59860 
39380 
56220 
54410 
38230 
62130 
53500 
53530 
53460 
40510 
54870 
54110 
38600 
52020 
38530 
54180 
38120 
38890 
38310 
41040 
40950 
38040 
39520 
37810 
38160 
39640 
39090 
39490 
39660 
39700 
38390 
39490 
39330 
38310 
37710 
39210 
38030 
38340 
37760 
40490 
41100 
39360 
38370 
39600 
37720 
38900 
40440 
39100 
38810 
38150 
39140 
40590 
40290 
43020 
40330 
38810 
38510 
40320 
40440 
39920 
37900 
39250 
40050 
39390 
38030 
38330 
39380 
40270 
38080 
38650 
39620 
36690 
38670 
39520 
39820 
38320 
38980 
39150 
39470 
38630 
38480 
37420 
39930 
44410 
40400 
38490 
37190 
39330 
38730 
39860 
39080 
37630 
38290 
40700 
38410 
39550 
38500 
38090 
38780 
38240 
38820 
40150 
38070 
40800 
40440 
39440 
37880 
43950 
39760 
39980 
40800 
41450 
41250 
43030 
38310 
40810 
37460 
38660 
41340 
40050 
38370 
40810 
38090 
38790 
42450 
40010 
40390 
37950 
38860 
41370 
40000 
38720 
41380 
41110 
38310 
41840 
39950 
38090 
38270 
38710 
43590 
41670 
37710 
38800 
38500 
39680 
41080 
40450 
38340 
40780 
40650 
39160 
39420 
39730 
37360 
58360 
40620 
40900 
42150 
42460 
40470 
42100 
39680 
37330 
36880 
38590 
38740 
39880 
38730 
38720 
38660 
43330 
41140 
39990 
37790 
36960 
38430 
37840 
40110 
36990 
38550 
41980 
39180 
58950 
40380 
38870 
38780 
40890 
39910 
38860 
38330 
39120 
38710 
39060 
38320 
38280 
39080 
38860 
38530 
38140 
39880 
39050 
40910 
40300 
39710 
37480 
60140 
57810 
41400 
38890 
37180 
39980 
38140 
41520 
39220 
38670 
38230 
38630 
40180 
39500 
40290 
37850 
38250 
40410 
40830 
39280 
37690 
40010 
40740 
40500 
40060 
38170 
40000 
39670 
40920 
40060 
38660 
39450 
38380 
38360 
38600 
41200 
37330 
40110 
39540 
38200 
38950 
38260 
38400 
39140 
39720 
40390 
39100 
37300 
41140 
39420 
37610 
37560 
39300 
39840 
38610 
38460 
38290 
40080 
39180 
40390 
38750 
37720 
38900 
37600 
38470 
40560 
42440 
38560 
38800 
38130 
38710 
38420 
37550 
39460 
40450 
38480 
38830 
38340 
42190 
40050 
39270 
38620 
39370 
38180 
37650 
40170 
38200 
38530 
37980 
39910 
38960 
39580 
37400 
38780 
39680 
38760 
39970 
40000 
39560 
39520 
40780 
38110 
39770 
39760 
38290 
40620 
37310 
38660 
38330 
37850 
39550 
40080 
38410 
39070 
36930 
38650 
37810 
39420 
37960 
37440 
38360 
39410 
40180 
39450 
38660 
39000 
39870 
40210 
41760 
39210 
38470 
41110 
37810 
39240 
38060 
39610 
41920 
40110 
38770 
38670 
38720 
39310 
39270 
38820 
39170 
40130 
39320 
39110 
39720 
38940 
38490 
38490 
41150 
40600 
58450 
38330 
39220 
41370 
37850 
39710 
39140 
38270 
38010 
40200 
39250 
39490 
39510 
39780 
40240 
38470 
38640 
37720 
40120 
39450 
39210 
38930 
38700 
38820 
41660 
38400 
39860 
38040 
39150 
40000 
39240 
39430 
38690 
39430 
38810 
41100 
38900 
37160 
37280 
39210 
38040 
38940 
39960 
38960 
38580 
39440 
37770 
38360 
37550 
39320 
38400 
38290 
39550 
37470 
38650 
39310 
38090 
39290 
39180 
39850 
40910 
40450 
39120 
41570 
37550 
39580 
41860 
40470 
39810 
38390 
39470 
39760 
38530 
39200 
38120 
38470 
38980 
40040 
37480 
39490 
39030 
39700 
38920 
40540 
37310 
39810 
38890 
39890 
40010 
38390 
38180 
41940 
39390 
39860 
38020 
38430 
40140 
38490 
37780 
38210 
39700 
37700 
39630 
38670 
40830 
38730 
39940 
39560 
38670 
42050 
39740 
37480 
38660 
39890 
40850 
39090 
37910 
39390 
38550 
40320 
38810 
39250 
39180 
38360 
40310 
41520 
39030 
38100 
41170 
39380 
37850 
38860 
37570 
39480 
38060 
38040 
38720 
37970 
38650 
40450 
39800 
39820 
38770 
38840 
40060 
39520 
39730 
38320 
39090 
39270 
39080 
39150 
38850 
38750 
39380 
40520 
39720 
41840 
39010 
40280 
38990 
40080 
38490 
38850 
39440 
38920 
39130 
37910 
37640 
37460 
38570 
39210 
37820 
37720 
38990 
39600 
40540 
40440 
38050 
38270 
40230 
38860 
37840 
37970 
41320 
39030 
39360 
40720 
37240 
41560 
40100 
39400 
39020 
37240 
38180 
38250 
41610 
38840 
38480 
38260 
39380 
39690 
38700 
38080 
38300 
37940 
41660 
38510 
39340 
38700 
39110 
42610 
38970 
38970 
39720 
39380 
39060 
40000 
38910 
39290 
37780 
40130 
39520 
39660 
40520 
38840 
41130 
41540 
39600 
39100 
38090 
39600 
40050 
38830 
39950 
37610 
39900 
38260 
38320 
40350 
39750 
40160 
38800 
39780 
39950 
37960 
37520 
40390 
38200 
39360 
39080 
39480 
39360 
39940 
39460 
41620 
38810 
38480 
39180 
39280 
39390 
40400 
38710 
39800 
39960 
39750 
38810 
37750 
39990 
40350 
39020 
38240 
38330 
39740 
38710 
40680 
39300 
39220 
38450 
40600 
39960 
38870 
39050 
38690 
40750 
41020 
41440 
38860 
38310 
40440 
38510 
41460 
39310 
37600 
38840 
37620 
39670 
39660 
38340 
39420 
38860 
39850 
39260 
38350 
39390 
39070 
39070 
38350 
39620 
38790 
41190 
38600 
41700 
39800 
37990 
40880 
38950 
38430 
38870 
39540 
38110 
39540 
39550 
37730 
37620 
41500 
40770 
42430 
39240 
39570 
40320 
39360 
39700 
41460 
42320 
37710 
41900 
37190 
38680 
40240 
37530 
40860 
39070 
38920 
37500 
40300 
68450 
43450 
38900 
38180 
37530 
38890 
39690 
40710 
40980 
38190 
37960 
38770 
39170 
39280 
39120 
38430 
39160 
41160 
40080 
39910 
39770 
39490 
38870 
40710 
37570 
39810 
40070 
40800 
40770 
41840 
42550 
41650 
66500 
59160 
68180 
38850 
38030 
39120 
38650 
38440 
40750 
40370 
42950 
38550 
38830 
40620 
39100 
39840 
38180 
38020 
37970 
37850 
39400 
40900 
38330 
40500 
39560 
38720 
39410 
39860 
37990 
37370 
39110 
39030 
38410 
40350 
39150 
39300 
41340 
39650 
41860 
39400 
39420 
40610 
37930 
38710 
38170 
38810 
38970 
42140 
40040 
40710 
40100 
39690 
60210 
42490 
38400 
37410 
38850 
40020 
38370 
40210 
38300 
40000 
39710 
38420 
38750 
37730 
38300 
38960 
39150 
39690 
39550 
39170 
37500 
40710 
41300 
40160 
38790 
37470 
40150 
39930 
38840 
37870 
40030 
39880 
40180 
39720 
39370 
38860 
40960 
38860 
38660 
39700 
38820 
41210 
40210 
39080 
39110 
39400 
39520 
42060 
40130 
39050 
37800 
37760 
40800 
41120 
38940 
38610 
39470 
42180 
39590 
39590 
38660 
39600 
39940 
38400 
37880 
37600 
38890 
41110 
39070 
40530 
38270 
39060 
38740 
40470 
38190 
38450 
37230 
38120 
37820 
37870 
38370 
37640 
38920 
40030 
37910 
39670 
39170 
37460 
40340 
39650 
38470 
38600 
37340 
40860 
40500 
41710 
38590 
39690 
40630 
41000 
37210 
37260 
37420 
38980 
38350 
40570 
36890 
38700 
37790 
38830 
38400 
40150 
64620 
39410 
41340 
39530 
38830 
38930 
38140 
41020 
38280 
38490 
41350 
38150 
39910 
39960 
38250 
38280 
37170 
40890 
39310 
41830 
38850 
37150 
39270 
42000 
38980 
40870 
37720 
38550 
58570 
38580 
40350 
37490 
39380 
41510 
39930 
40320 
37970 
40560 
38900 
42700 
39870 
37010 
38100 
38090 
40010 
43360 
41440 
40480 
38510 
38640 
40660 
39590 
39060 
38510 
39650 
40170 
41280 
39140 
39120 
39510 
39090 
38430 
39700 
39930 
37490 
41700 
39390 
40400 
39590 
39050 
41040 
39680 
38940 
38210 
38720 
40650 
39340 
38560 
39130 
39260 
40790 
38280 
39910 
39870 
41690 
42790 
41380 
41160 
37650 
39200 
38840 
39710 
39680 
39220 
38260 
39370 
38520 
39280 
39540 
36530 
39200 
40580 
39390 
38790 
38710 
39080 
39680 
39810 
41520 
39490 
39360 
40100 
40900 
41720 
38660 
39740 
39110 
42130 
39860 
38490 
40680 
40430 
41000 
40280 
38380 
37740 
38610 
38210 
37940 
38670 
39620 
39820 
40730 
42580 
40230 
37920 
38270 
38550 
40380 
38720 
38240 
38430 
37960 
40770 
38760 
39150 
38630 
41210 
39610 
40630 
39230 
38290 
39060 
39310 
38940 
39060 
39140 
39710 
41230 
39480 
40390 
39360 
38670 
40710 
38300 
39610 
39040 
38420 
39100 
40280 
41830 
38990 
38550 
39390 
39240 
40830 
38000 
37840 
39250 
39070 
40160 
40200 
37390 
39760 
59590 
40720 
38450 
39140 
39430 
38460 
39400 
38070 
38120 
39140 
38730 
39760 
41900 
41120 
38750 
39120 
39130 
39650 
37550 
36890 
38110 
42110 
39580 
39340 
38790 
38960 
41260 
41440 
38470 
39380 
38320 
40590 
40180 
39460 
39430 
39320 
40100 
41080 
42260 
39710 
37440 
38150 
39360 
42170 
39780 
37020 
38860 
38940 
38860 
41620 
39120 
38120 
40250 
37890 
43610 
40150 
39000 
39040 
38780 
38470 
40160 
38650 
39180 
38460 
41100 
37770 
38270 
38080 
39070 
40770 
39660 
40430 
39580 
38450 
38420 
39290 
39040 
38210 
40700 
38680 
41540 
39140 
39320 
39200 
39860 
39610 
38180 
39960 
42700 
40260 
38340 
38580 
37100 
39360 
39180 
38330 
38380 
36690 
37750 
40570 
41770 
40790 
39160 
38080 
40510 
41530 
40150 
38830 
38550 
40140 
38210 
38970 
40760 
39860 
39030 
39440 
37880 
38990 
38870 
38680 
38920 
39610 
38310 
37040 
38970 
40150 
39700 
40800 
37600 
39590 
39990 
39320 
39290 
40140 
39760 
40470 
40830 
40120 
40300 
39540 
38770 
40640 
39120 
38780 
38610 
38550 
39660 
39170 
38730 
38300 
38610 
42600 
40580 
40270 
38030 
39120 
40730 
38250 
38850 
37760 
37540 
40710 
39360 
38300 
39630 
41470 
40120 
40650 
39040 
37760 
36940 
40880 
39310 
41550 
38680 
38360 
41140 
39770 
38490 
42320 
40840 
40410 
40660 
38690 
39680 
38630 
39150 
41750 
38850 
40030 
37120 
38430 
38620 
42100 
40830 
37840 
37840 
39930 
39420 
42280 
40400 
41840 
40890 
40930 
38680 
39680 
42530 
38850 
41410 
38540 
40150 
38050 
38450 
40760 
38320 
39890 
39120 
38140 
41180 
40440 
38990 
39140 
39040 
39020 
40100 
40940 
42850 
39420 
38390 
41370 
39580 
42410 
40060 
37400 
39560 
40830 
40040 
38710 
39020 
40550 
38050 
37680 
38820 
39160 
43550 
59170 
40240 
62420 
41730 
40940 
39420 
39300 
39110 
37960 
38530 
39300 
39820 
40760 
38310 
39730 
40680 
39220 
40970 
38530 
38620 
39370 
40490 
41250 
39390 
39810 
38840 
39520 
38940 
37520 
37630 
38140 
38980 
41160 
39690 
37810 
40510 
38950 
38220 
39910 
38250 
37950 
40770 
40110 
40090 
40090 
38460 
39760 
40560 
39220 
42690 
40950 
39590 
40760 
39000 
38030 
39850 
39920 
40900 
39780 
40050 
38680 
38310 
39750 
38000 
39690 
38160 
37530 
39060 
37400 
39890 
38230 
39060 
39900 
39080 
39120 
39930 
38630 
39300 
40690 
39270 
39230 
39100 
41230 
40970 
40500 
38080 
37750 
38470 
39490 
39730 
39360 
37590 
38080 
42650 
38240 
39930 
38290 
39350 
39400 
42230 
40190 
37190 
38980 
37830 
38260 
38730 
37830 
39640 
39430 
40110 
39540 
38560 
40800 
39060 
38080 
38520 
37890 
39150 
39330 
40260 
40370 
38890 
41500 
38400 
40810 
39010 
39810 
38750 
37890 
40350 
40400 
40070 
39400 
40270 
39790 
37990 
40260 
42330 
37770 
39580 
39170 
42400 
38690 
39480 
38190 
40310 
37480 
40960 
36650 
40800 
42780 
39710 
39320 
37970 
42290 
39490 
40800 
68280 
60520 
38890 
39100 
39620 
41270 
38480 
38170 
38170 
38750 
38160 
39570 
40100 
37650 
40870 
40350 
38600 
39070 
38110 
40540 
39780 
39960 
39320 
39010 
39310 
41130 
42170 
38240 
38320 
37890 
41240 
40450 
39120 
38600 
38810 
40840 
38100 
39400 
37800 
36890 
41180 
38880 
40730 
37530 
38480 
42450 
40220 
38360 
37630 
39460 
38740 
40780 
39360 
38510 
38320 
40360 
41650 
39710 
38200 
38210 
40310 
39190 
39330 
39570 
37240 
39120 
41760 
39100 
41650 
39150 
40320 
38640 
39270 
39440 
37250 
68460 
42070 
41900 
39440 
40490 
40040 
40890 
39380 
39780 
37640 
36510 
39730 
37960 
42270 
39040 
39200 
39070 
41780 
38700 
39870 
38580 
38420 
39290 
39080 
40920 
39650 
68520 
42640 
40690 
38370 
42170 
40430 
40610 
39180 
39570 
38680 
39660 
40460 
39400 
39120 
39290 
38840 
37890 
43740 
40490 
39490 
39690 
40250 
41820 
39910 
40560 
102400 
104340 
100930 
60530 
41840 
41500 
37750 
39240 
39630 
39050 
38190 
37220 
38780 
38480 
38910 
38250 
37810 
37970 
39760 
41090 
38480 
37400 
38550 
40730 
38380 
38140 
39970 
38610 
39360 
40790 
41600 
38730 
39820 
40770 
41170 
39940 
39600 
38110 
39050 
38410 
39330 
40350 
38170 
37870 
40700 
38110 
40180 
40120 
39280 
42590 
38910 
40220 
37800 
39160 
38510 
42140 
40400 
38530 
38670 
39430 
40010 
40770 
39320 
37340 
38770 
41730 
38550 
38390 
38640 
38520 
40020 
39470 
40020 
40640 
40560 
40810 
39330 
39000 
38890 
38410 
39690 
40010 
38990 
39040 
38900 
40630 
40420 
42020 
39010 
39280 
38830 
39390 
39710 
40260 
38310 
37900 
41050 
39460 
38480 
39590 
38700 
40990 
39420 
38630 
38620 
38470 
40320 
43020 
39950 
38720 
38820 
40140 
40360 
38950 
38880 
37280 
38550 
39870 
38030 
39600 
37990 
37430 
40090 
39570 
39000 
39160 
38690 
40470 
39200 
39800 
37730 
40040 
39840 
39690 
40060 
40170 
39220 
39190 
38970 
40680 
37740 
37760 
41530 
40230 
40370 
39610 
37430 
39140 
39060 
40350 
39180 
38300 
39570 
38870 
39820 
42270 
38040 
41080 
40310 
41750 
39290 
37810 
38140 
39250 
37650 
38810 
38370 
37690 
38570 
38270 
39450 
37140 
38750 
40850 
42830 
39820 
39570 
38640 
38490 
40940 
38220 
40290 
40680 
37610 
39380 
39270 
41610 
38970 
36200 
39290 
38760 
40300 
38430 
38640 
38800 
40470 
38900 
39900 
38500 
38960 
40250 
38910 
40400 
38590 
38010 
61900 
42430 
40970 
38690 
38900 
40580 
40020 
39630 
38990 
38040 
38350 
37920 
40000 
38770 
37640 
39270 
39860 
38790 
39050 
38930 
37480 
39020 
40390 
39610 
38730 
37570 
40620 
42250 
39680 
37660 
39020 
38310 
41920 
39320 
36700 
38150 
39070 
37890 
41930 
39980 
39020 
38610 
40060 
37800 
38380 
37850 
37600 
40880 
39750 
41480 
38910 
41820 
41210 
40780 
38220 
37460 
39880 
39060 
40880 
40060 
38490 
36790 
37930 
38930 
41100 
38560 
37900 
37940 
39290 
40980 
40060 
39540 
39280 
41640 
39060 
39000 
39090 
65820 
43040 
39060 
40790 
37550 
40270 
38920 
40810 
40930 
38650 
41270 
39080 
40540 
39560 
40030 
37610 
37610 
40180 
38770 
39020 
39160 
38650 
41190 
42800 
41140 
39830 
39840 
38830 
40450 
40750 
39380 
37190 
38050 
39350 
41300 
38670 
38250 
38070 
40620 
39740 
40930 
38650 
39830 
40480 
39080 
41760 
39580 
38820 
40100 
39720 
41770 
42040 
39710 
40840 
39020 
41490 
40910 
38760 
38790 
39790 
38980 
38660 
42040 
40250 
39680 
40340 
37740 
36480 
38130 
38810 
39570 
38750 
39000 
38790 
39410 
41840 
40350 
37720 
39730 
39150 
38580 
38530 
38950 
38110 
39890 
40500 
40410 
39200 
39280 
39440 
39010 
38220 
41670 
40320 
40450 
40800 
38500 
39480 
38100 
37680 
41330 
40640 
38750 
