111370 
60580 
51590 
61540 
59330 
83570 
66900 
57850 
59400 
41370 
45010 
44220 
42520 
37680 
38600 
43270 
39670 
90780 
86030 
63700 
54810 
42230 
39720 
39690 
36700 
39200 
38010 
40400 
40520 
45590 
40970 
39690 
38270 
40370 
40890 
39640 
38900 
40500 
39450 
43330 
40170 
40230 
40860 
38920 
41990 
40390 
39450 
38750 
42480 
69890 
55050 
51430 
52990 
53840 
54460 
57110 
57560 
54400 
61840 
56760 
56400 
57430 
54860 
53270 
54110 
53110 
54900 
54640 
57250 
54330 
54610 
57010 
53990 
53650 
53420 
64160 
40990 
40290 
40600 
41160 
44300 
40450 
42730 
42440 
41710 
41580 
91470 
76140 
59760 
44680 
41720 
42260 
37390 
42380 
43160 
37140 
38100 
40490 
39290 
37790 
39560 
40120 
40250 
39900 
39800 
38870 
41110 
41010 
42250 
37560 
41200 
42000 
41450 
42370 
39710 
39710 
40190 
67090 
50530 
57470 
54700 
50500 
55660 
52500 
58520 
53920 
52240 
56190 
50510 
54900 
57520 
54790 
57400 
66840 
60740 
51690 
55930 
55160 
56150 
52550 
55240 
53730 
54670 
61080 
42490 
39390 
38810 
39830 
41370 
38500 
40270 
43550 
43680 
41620 
95000 
80940 
60290 
55360 
41980 
42950 
40380 
37430 
41280 
39900 
38700 
38490 
38590 
39440 
39610 
40710 
38630 
40090 
38030 
36570 
39490 
37960 
38970 
38420 
39540 
40930 
41500 
42840 
40530 
38530 
48540 
45390 
73560 
56190 
52880 
56170 
53640 
54010 
53290 
54100 
53280 
57000 
53340 
54950 
52240 
51440 
53970 
52480 
53180 
52640 
53120 
54540 
55110 
54870 
52980 
53040 
55610 
50270 
61850 
42010 
37800 
43900 
40830 
38770 
39800 
40440 
45300 
41860 
41160 
91770 
71250 
55860 
44690 
38110 
39390 
38270 
41200 
40270 
38000 
38040 
37760 
40260 
37610 
40270 
39400 
37600 
43640 
40640 
38840 
38340 
38670 
39490 
38150 
41950 
38560 
40590 
39870 
38540 
40550 
39620 
71880 
55770 
52790 
55570 
51240 
52840 
52870 
53980 
55220 
54150 
56030 
50370 
53020 
55490 
53810 
53480 
57490 
54430 
52720 
51580 
54670 
52180 
52960 
53010 
53750 
52950 
64380 
41000 
38040 
40040 
38880 
40950 
38200 
38280 
45470 
41170 
41680 
92310 
83110 
57480 
47650 
40170 
40150 
36960 
39140 
36990 
37130 
37880 
38880 
38670 
39530 
39120 
40130 
38490 
39940 
39930 
38200 
39100 
37560 
41550 
40380 
40850 
40950 
40830 
39310 
40810 
40310 
38630 
39370 
75390 
54230 
54150 
51460 
52230 
55430 
51270 
58460 
50390 
53600 
51850 
51820 
54850 
50850 
53050 
54370 
55210 
57680 
52680 
53040 
50720 
53920 
57390 
51710 
52290 
55850 
58460 
42550 
37480 
39110 
39260 
39220 
37470 
51450 
44250 
46430 
38730 
94200 
65120 
54620 
45040 
37920 
39060 
38170 
37150 
37480 
38190 
38390 
40600 
38420 
38830 
37900 
38910 
38340 
36320 
35870 
39020 
39430 
38610 
39490 
40740 
41340 
38780 
40300 
40420 
40760 
39460 
38770 
76310 
52830 
52250 
52860 
51550 
54710 
57560 
54070 
52900 
53200 
50550 
54760 
53390 
54120 
55200 
54670 
52380 
53390 
53620 
54060 
52010 
53490 
54570 
53670 
54250 
53850 
58950 
43790 
37600 
39190 
38180 
40070 
40350 
39100 
45000 
42290 
40050 
92400 
82250 
63350 
48500 
39520 
38330 
38950 
39510 
38750 
37790 
38850 
38870 
42060 
39840 
37320 
38280 
38460 
37240 
40020 
37340 
40620 
37990 
37620 
37970 
39690 
40110 
40680 
39960 
41060 
40230 
39600 
53360 
56630 
52350 
51890 
51250 
53250 
55800 
51780 
54410 
50340 
52300 
54480 
51920 
55360 
53150 
51560 
54160 
48600 
51060 
51180 
52750 
55680 
53310 
56520 
52930 
53930 
58300 
47820 
38090 
39140 
40940 
42780 
42400 
36010 
40960 
40810 
39430 
90990 
82090 
65900 
51600 
43870 
39340 
37330 
39100 
38280 
39230 
39460 
38030 
36870 
38700 
39870 
37370 
39070 
37500 
39350 
38200 
37780 
37810 
38670 
39020 
37040 
41190 
40230 
41190 
40580 
38020 
40390 
39290 
72600 
53110 
55270 
52490 
55930 
53720 
50780 
53620 
54320 
51170 
52450 
51650 
56300 
56610 
53820 
56110 
51430 
52620 
52590 
57710 
55170 
52020 
53720 
52740 
53990 
54140 
59830 
42030 
40960 
40910 
41300 
39790 
36910 
40570 
42760 
40530 
42650 
95230 
74900 
62520 
45480 
41360 
39900 
39580 
39310 
39100 
38040 
38770 
39170 
37040 
38620 
38500 
38570 
37760 
39860 
39430 
39390 
37390 
40570 
38830 
42150 
45590 
40850 
41800 
40500 
41150 
39330 
39890 
70470 
53300 
53000 
56730 
53030 
52470 
52530 
52250 
51740 
54500 
51180 
54440 
54620 
53080 
52870 
52500 
50270 
52050 
56780 
55000 
55740 
52670 
54090 
51400 
50290 
54790 
58860 
45130 
38280 
38020 
41940 
39930 
40530 
37480 
43870 
44010 
41210 
92180 
82360 
63740 
55530 
39820 
37070 
37420 
38750 
40610 
38730 
37740 
37250 
38530 
38230 
39410 
38660 
39160 
37750 
38950 
39390 
38070 
39200 
38130 
38350 
40760 
39940 
40810 
39900 
40490 
39820 
39350 
37830 
69730 
59000 
52580 
53710 
50550 
51860 
52500 
50710 
55590 
52050 
53730 
52510 
54850 
55040 
54780 
52820 
51930 
50380 
57590 
52530 
52720 
52100 
54740 
56520 
53200 
51530 
62600 
41510 
37060 
39240 
38400 
40130 
39950 
41830 
42100 
41540 
41550 
95390 
71870 
57730 
43730 
39560 
38540 
40490 
39950 
38290 
37090 
38940 
38830 
40740 
38220 
40410 
40270 
39710 
36700 
38830 
38470 
39220 
38450 
38020 
38160 
39160 
44120 
40850 
40940 
54590 
43790 
38980 
70980 
54260 
53580 
53430 
51300 
56580 
53190 
55310 
60380 
53050 
53870 
51660 
53570 
55320 
59140 
56760 
50630 
50470 
53730 
53570 
54430 
51100 
51640 
55570 
51430 
55120 
62280 
40610 
39710 
37750 
40670 
40770 
38480 
40500 
42220 
41710 
41160 
92790 
80000 
57510 
51610 
41130 
41450 
38810 
39440 
39750 
37700 
36330 
38250 
39760 
37610 
39920 
37560 
38140 
39460 
37970 
38490 
38490 
39950 
39830 
37370 
39210 
39610 
41060 
39280 
41160 
38210 
39770 
42140 
73060 
55190 
55570 
52440 
51130 
52160 
55350 
52390 
54520 
53410 
52120 
54000 
52070 
51660 
53030 
56100 
54680 
51720 
52720 
52630 
53320 
50860 
56840 
53820 
52960 
52590 
56200 
44320 
39660 
40330 
38490 
38820 
42020 
39570 
44070 
39850 
43020 
93080 
65700 
61340 
45440 
41310 
38970 
37600 
38310 
37840 
39480 
37890 
42180 
39050 
39530 
37250 
38840 
39300 
38630 
39270 
36760 
41810 
41950 
39250 
42250 
39480 
42630 
42270 
41580 
43610 
40810 
43070 
74570 
57110 
52020 
56910 
56700 
52390 
57020 
51570 
56750 
51540 
55770 
58430 
49270 
58160 
52600 
55630 
55290 
53350 
54990 
54600 
59870 
57440 
58220 
53220 
56270 
56470 
61880 
45540 
38020 
40620 
39030 
41660 
46000 
36760 
46870 
40140 
43870 
88900 
85800 
63210 
46760 
45670 
40460 
39400 
39660 
38800 
41680 
40950 
42640 
38840 
41200 
38280 
42170 
40000 
36700 
40410 
39360 
37640 
37500 
38700 
42260 
40390 
42810 
41910 
42550 
41130 
42260 
41510 
60260 
59230 
53070 
58370 
53040 
61820 
57520 
53630 
58240 
52410 
58730 
51520 
55060 
55510 
61820 
57300 
54510 
56790 
53330 
54760 
55400 
54940 
54880 
53210 
53740 
50140 
62250 
46430 
40170 
39090 
43110 
43120 
38530 
40690 
43230 
42900 
44300 
90030 
88230 
62930 
59840 
43610 
39980 
39530 
37500 
38940 
40100 
41660 
41200 
40180 
39770 
41490 
41970 
38390 
39870 
42300 
39930 
40210 
38810 
40710 
38530 
40110 
42960 
39180 
40780 
42180 
42400 
40000 
43590 
75100 
52960 
55800 
52860 
59380 
51560 
58380 
55970 
53660 
59610 
49830 
59510 
53470 
56390 
57980 
50060 
56040 
53610 
55960 
54360 
55500 
54580 
54440 
57190 
53740 
56980 
58920 
46450 
39670 
42210 
44300 
38580 
42970 
41510 
47310 
48400 
39590 
93210 
78090 
63120 
45690 
42990 
40830 
38560 
40630 
39590 
39540 
38000 
48570 
42370 
40460 
40930 
38820 
42730 
39010 
41460 
42080 
38630 
41420 
38680 
41650 
40380 
45050 
45250 
42740 
43250 
40420 
43300 
68850 
57740 
61350 
55570 
58430 
48740 
56370 
57820 
53790 
55120 
50010 
53320 
51670 
58400 
56120 
53450 
56860 
51380 
55860 
54220 
52740 
53740 
56960 
54480 
55090 
51190 
59510 
46450 
39300 
41870 
42180 
40880 
42350 
41070 
44560 
42340 
40400 
91520 
84970 
66970 
51750 
40030 
38950 
37380 
42400 
38330 
38400 
38490 
36950 
39470 
39940 
36960 
38090 
38860 
37710 
43770 
38850 
37740 
38300 
38210 
36710 
38990 
40640 
38260 
39660 
42420 
39190 
42180 
39830 
71450 
54620 
53540 
55120 
56930 
54260 
51990 
54480 
51660 
52570 
52830 
52900 
55610 
52550 
52820 
51860 
51870 
49910 
55280 
51740 
53400 
51630 
48800 
52290 
50690 
52120 
61970 
42380 
39430 
40130 
40330 
38900 
38890 
40530 
40090 
41150 
39750 
92150 
76450 
56680 
41340 
39250 
39140 
40210 
37860 
38030 
37560 
38960 
37390 
39560 
37310 
41820 
39060 
38630 
37550 
38360 
40210 
36900 
39710 
39060 
38970 
43740 
40270 
41110 
41540 
39590 
37980 
39840 
76590 
52340 
54150 
49960 
54880 
51440 
51340 
56280 
52190 
53570 
49990 
52170 
56710 
52210 
53330 
52930 
52370 
53940 
54760 
53240 
52750 
53150 
56230 
52330 
50800 
54720 
62390 
46400 
40810 
36130 
41880 
38240 
40640 
40390 
44550 
41540 
39280 
91690 
81780 
55580 
52010 
39220 
40190 
37770 
38300 
37970 
37700 
38940 
37350 
37100 
38650 
40130 
38900 
39020 
39460 
38950 
37590 
37110 
40370 
39720 
39760 
40950 
39830 
41480 
40740 
39470 
39640 
39300 
39330 
73550 
53960 
50940 
53790 
51470 
51490 
54060 
54240 
54290 
54930 
51350 
51970 
50500 
53390 
50460 
55530 
54780 
51180 
52110 
51400 
55690 
54230 
51830 
50930 
51720 
55220 
65880 
42420 
37730 
41280 
46340 
61500 
39930 
38690 
42000 
41560 
39670 
93600 
66970 
55130 
45070 
39880 
41120 
38370 
38520 
37290 
37980 
39540 
37130 
39070 
36870 
40400 
40140 
38220 
38860 
38580 
38990 
40350 
38260 
37690 
38710 
42970 
40000 
40420 
40650 
41230 
40560 
38340 
72940 
54350 
51800 
55660 
52180 
55860 
55870 
53570 
52500 
53560 
53640 
52730 
53090 
53760 
53890 
55240 
53630 
49700 
52480 
51900 
51110 
57540 
56260 
53520 
56330 
52670 
69480 
41100 
39940 
37790 
40140 
41760 
38310 
39430 
43840 
40500 
40660 
89440 
82750 
61430 
47140 
41960 
37420 
38780 
39620 
39150 
36300 
38000 
38510 
37560 
37480 
39330 
37560 
38130 
39650 
35590 
39000 
38760 
41070 
39960 
36970 
40050 
40650 
41620 
38410 
39460 
40620 
40560 
53990 
56910 
53890 
53590 
50440 
55100 
51310 
53450 
51960 
53520 
55030 
50230 
52690 
52130 
54700 
54890 
50770 
55210 
50470 
52230 
54040 
51890 
53090 
57430 
53030 
53540 
56840 
59060 
43910 
38810 
47630 
43020 
39920 
42380 
38620 
46340 
41240 
90900 
91400 
65010 
62940 
43310 
40890 
40220 
37680 
38310 
39780 
41540 
39050 
37750 
39070 
39240 
37720 
37550 
37890 
40650 
37810 
39430 
38040 
39940 
41100 
38470 
41140 
50950 
52080 
41300 
39970 
39850 
38430 
69820 
54040 
53310 
54890 
53390 
50770 
53800 
52470 
54130 
51510 
51210 
56860 
55450 
53000 
52680 
52930 
52730 
52320 
52020 
54100 
54630 
53680 
55520 
52370 
53290 
52670 
58470 
40590 
39660 
41330 
39900 
41110 
40230 
39650 
47080 
40200 
42120 
95610 
78960 
56540 
60680 
42100 
38920 
38250 
40230 
40160 
38480 
38230 
46610 
40370 
37970 
38490 
38990 
38400 
42170 
39630 
37950 
41190 
38500 
38100 
40550 
40420 
42970 
41570 
42520 
38750 
41050 
38900 
74130 
66180 
54780 
58610 
51650 
52040 
55000 
52940 
54150 
53340 
53450 
52800 
53080 
55130 
53580 
51470 
53450 
52210 
52800 
55780 
54190 
53510 
52010 
49080 
54900 
50990 
59470 
42950 
39820 
40250 
38870 
40330 
39110 
39970 
45000 
41510 
41750 
92680 
86090 
66130 
53330 
41560 
38320 
37960 
40220 
37840 
35880 
41970 
41430 
38760 
41690 
39130 
41480 
36140 
41770 
41600 
39310 
40790 
38490 
39940 
39290 
42930 
44390 
37910 
44220 
41140 
42070 
38570 
39750 
77270 
56440 
57190 
49860 
54180 
53770 
52010 
57080 
52310 
52340 
52720 
52770 
52800 
51940 
55380 
51820 
54300 
53680 
53870 
51510 
58560 
55710 
52440 
52470 
53020 
56480 
61560 
44190 
38310 
37890 
41120 
39960 
38600 
41410 
40620 
41690 
40070 
93810 
69670 
54070 
41780 
38300 
37980 
40130 
37450 
38230 
37990 
37810 
38110 
37940 
38300 
39780 
40940 
40130 
37680 
38390 
38720 
39230 
38670 
38620 
37850 
39620 
39650 
40870 
39530 
39240 
39460 
39900 
74210 
54630 
60260 
54410 
52070 
52410 
54280 
52400 
58710 
54020 
52320 
50940 
50920 
50870 
52460 
53160 
51690 
52410 
52380 
56010 
53080 
52790 
54580 
51640 
53160 
53910 
60260 
45630 
38040 
45260 
45760 
41620 
41120 
40590 
45670 
40920 
40220 
90780 
83290 
60150 
49190 
41810 
39030 
40290 
39330 
39270 
37710 
41510 
39810 
37220 
40010 
38930 
41350 
39030 
38450 
39770 
40790 
39460 
39610 
38000 
38610 
38790 
39490 
42590 
41010 
38620 
38910 
40040 
39010 
76780 
53320 
55700 
53750 
53740 
54120 
52170 
56360 
52590 
53920 
54160 
51330 
52420 
52600 
55150 
55830 
51780 
50440 
51910 
54440 
54770 
51760 
50650 
55190 
52980 
53160 
60370 
40140 
38670 
38810 
40030 
42750 
39900 
42910 
42230 
41730 
40200 
92870 
65900 
55140 
48590 
41000 
37060 
38030 
38800 
40160 
38730 
37660 
36010 
37970 
37810 
38870 
39020 
37790 
38460 
37280 
38930 
39200 
39260 
38790 
36550 
41200 
39830 
40910 
40720 
40770 
39640 
39980 
69980 
52180 
54820 
53080 
53720 
52190 
51400 
54260 
54670 
50440 
54450 
51130 
55290 
52600 
53230 
56070 
54930 
52450 
53340 
53810 
53960 
57670 
54710 
52520 
51350 
56150 
58680 
39490 
37300 
36800 
50380 
41430 
38660 
39450 
43670 
40390 
41610 
92720 
80590 
60770 
45410 
40950 
38580 
39260 
37440 
39820 
39820 
38430 
39380 
39130 
38050 
39470 
37310 
38370 
38240 
38170 
38370 
36760 
37640 
38800 
40130 
39190 
39430 
40220 
39550 
40480 
38730 
39800 
52370 
55210 
52280 
53120 
52470 
52310 
53830 
53170 
51440 
55280 
52700 
53280 
51590 
53270 
54710 
57190 
55480 
56520 
54270 
53600 
55460 
53060 
54840 
53190 
50310 
54600 
54100 
51070 
39960 
38110 
41290 
38310 
40170 
37190 
41690 
44410 
39490 
97440 
85790 
65830 
57200 
41540 
38350 
38720 
40260 
38480 
39450 
38130 
40960 
36340 
38450 
38830 
40190 
40330 
37590 
39820 
39360 
36280 
39620 
36780 
39500 
38200 
40560 
39000 
40480 
39530 
38900 
38880 
37160 
77040 
59330 
54320 
60740 
49740 
57400 
52550 
57150 
58750 
51140 
55570 
55230 
58880 
54920 
62970 
57240 
52850 
57320 
53980 
56640 
53170 
55390 
55790 
53590 
53880 
54700 
67460 
41750 
41520 
43480 
39670 
44460 
38210 
44790 
43180 
