111040 
43650 
42500 
40570 
37250 
38280 
39940 
39030 
38540 
38050 
40770 
40330 
41750 
39390 
35650 
37050 
34370 
35300 
38120 
36060 
41000 
36760 
36900 
39240 
36790 
39910 
38000 
36350 
37640 
36310 
37190 
36500 
36190 
38220 
37630 
36740 
38530 
35620 
38930 
37660 
36630 
36400 
36400 
37830 
37490 
37940 
36670 
36280 
35010 
38690 
37770 
36220 
36570 
36680 
37260 
36400 
35710 
35340 
36210 
37850 
36830 
37760 
37400 
38070 
38720 
38710 
36470 
35060 
36170 
36690 
39070 
36650 
36410 
36310 
37300 
39690 
38250 
36450 
36280 
34410 
39020 
35840 
36900 
36530 
36840 
37840 
39100 
35460 
37500 
36270 
37600 
36650 
38110 
37580 
34890 
38510 
37980 
36630 
36900 
35940 
36350 
39110 
36560 
37570 
36350 
36920 
37210 
37020 
35730 
39510 
36500 
39400 
37750 
36020 
38570 
37740 
37970 
36850 
36330 
35790 
39770 
38520 
37470 
35220 
35900 
39940 
36390 
39300 
39610 
38130 
36650 
35990 
37950 
37750 
37660 
37650 
36950 
38640 
37630 
36330 
36550 
35250 
35920 
37280 
36920 
36450 
36640 
35900 
38420 
34670 
37580 
35930 
35880 
37770 
36850 
37450 
40370 
36120 
38290 
35690 
36510 
37800 
39940 
40080 
36560 
36850 
37900 
34760 
36980 
36690 
35750 
35680 
35910 
37470 
39150 
36630 
35590 
35110 
35900 
39510 
37240 
41900 
44150 
36520 
39050 
38380 
36160 
38020 
36840 
37690 
37220 
36800 
37210 
41250 
38010 
37070 
36280 
34800 
36150 
35350 
36790 
35970 
36140 
37010 
40640 
42430 
37800 
36820 
36260 
34610 
38910 
35790 
37270 
36760 
38140 
38490 
37480 
35500 
39660 
35300 
40190 
39740 
36490 
37800 
36520 
35230 
38860 
36560 
36800 
36600 
36950 
43650 
38150 
36930 
35940 
36720 
37820 
36770 
38840 
38000 
36020 
37540 
37060 
35800 
39480 
37270 
37700 
37190 
36340 
37270 
35070 
36680 
38300 
37270 
35840 
38520 
37270 
38650 
36700 
36240 
35660 
35220 
39230 
38390 
35290 
37400 
35150 
37290 
37450 
36700 
36510 
36250 
38980 
36530 
37340 
40460 
37800 
36630 
38060 
35620 
39800 
36970 
35080 
39070 
36490 
40290 
39700 
38010 
40480 
35480 
36690 
55820 
37780 
38080 
42860 
38920 
38160 
39480 
39420 
38190 
35180 
39700 
39510 
38080 
39570 
35950 
40790 
37710 
38870 
39110 
37620 
36680 
39880 
44240 
39840 
35810 
36040 
38560 
36980 
37830 
39800 
37950 
37860 
40240 
39060 
37400 
37730 
36230 
40230 
36600 
38940 
37030 
36860 
38420 
39470 
39240 
37050 
38270 
38170 
36120 
37330 
37170 
36670 
37230 
36810 
37170 
37880 
35630 
37170 
36000 
37240 
37720 
36760 
36480 
36240 
38330 
38600 
38060 
38720 
35170 
35440 
40550 
37710 
36900 
38930 
36790 
39710 
37680 
37480 
37580 
35150 
39050 
36300 
37100 
37580 
36630 
38430 
37330 
36250 
37650 
35300 
37600 
38470 
35820 
35030 
35840 
36050 
38520 
37190 
38570 
37060 
37200 
39080 
37350 
35790 
39750 
36600 
37300 
38080 
35220 
35090 
35360 
36930 
37140 
35670 
35090 
36470 
35760 
39250 
38020 
36420 
35830 
44350 
40100 
38080 
37150 
35790 
36310 
38010 
37600 
38470 
36930 
36070 
39110 
37530 
35390 
36480 
34420 
37550 
36240 
35490 
36630 
36820 
37600 
37300 
35920 
37610 
37500 
36690 
38990 
35890 
36760 
35030 
36530 
38360 
37070 
36430 
38010 
37760 
38210 
37560 
37860 
36170 
36150 
37640 
37410 
36780 
36040 
37290 
36820 
40140 
36720 
36810 
39580 
37610 
39330 
36770 
36900 
37090 
35930 
37070 
37880 
35810 
38480 
37220 
37530 
37850 
36440 
36340 
36760 
37570 
40250 
35550 
36890 
38430 
35660 
39450 
36080 
54200 
39550 
36140 
38280 
36940 
37340 
36860 
35950 
43080 
36960 
34930 
37030 
35550 
40170 
37940 
35200 
37960 
39810 
39160 
37120 
37040 
37670 
36740 
39670 
38530 
38220 
39570 
38320 
41330 
38980 
37820 
36580 
34370 
40850 
39050 
37030 
37520 
36630 
36200 
37810 
37740 
40170 
38030 
36810 
38260 
37980 
36340 
37070 
36240 
39080 
40240 
36450 
38700 
39990 
36470 
39720 
37260 
37440 
36740 
34740 
38390 
35220 
36120 
36340 
35420 
35350 
40270 
36400 
38080 
36720 
38600 
37500 
35430 
36020 
38240 
37710 
38000 
37950 
36820 
35350 
34780 
38640 
35980 
37220 
34770 
35260 
39760 
37780 
36420 
35370 
34900 
38780 
37560 
38490 
37550 
35550 
37160 
37140 
35640 
35720 
34800 
37100 
39830 
36910 
35860 
34610 
38090 
38550 
37380 
39550 
35320 
37450 
38230 
36780 
35690 
36540 
40620 
38340 
38550 
36130 
36550 
35900 
38140 
36460 
36770 
39600 
38570 
37040 
38990 
36940 
37630 
36110 
35230 
41930 
36610 
35660 
35940 
35380 
38980 
36270 
34560 
36100 
36640 
39510 
35930 
36040 
36040 
36920 
37490 
37170 
36550 
36840 
36030 
38680 
39440 
36010 
37590 
36360 
37230 
39560 
36920 
40150 
37390 
37420 
39430 
36420 
38280 
36310 
38010 
37820 
36730 
36650 
37110 
35310 
38100 
36970 
36700 
38090 
39220 
37780 
37780 
37120 
35290 
36680 
34510 
38270 
37620 
38570 
35590 
36570 
37400 
37370 
34640 
37000 
35620 
38640 
37190 
36220 
37900 
35850 
38680 
37360 
35700 
38580 
36970 
36940 
37880 
35950 
36830 
36990 
39160 
38890 
37960 
36800 
36730 
35570 
40000 
39350 
36140 
36110 
36560 
37570 
37570 
37250 
36920 
36930 
37890 
37750 
39300 
37590 
34900 
37790 
37560 
39290 
36100 
37300 
36390 
38580 
36140 
36750 
35660 
36710 
37310 
35390 
34680 
36600 
34890 
37550 
38280 
37120 
36460 
36340 
37910 
37930 
41380 
37710 
36530 
36550 
38910 
36280 
36900 
36430 
36920 
40830 
36050 
35640 
37230 
38240 
40660 
37860 
35910 
37420 
35890 
39780 
37660 
35840 
40860 
36300 
40000 
42370 
36900 
37260 
36030 
37280 
38300 
36390 
36870 
40370 
37290 
39060 
38380 
37580 
37130 
36250 
39610 
36590 
37560 
37450 
35980 
37110 
37390 
37280 
39260 
36160 
38560 
37810 
36740 
40870 
37410 
37080 
37090 
39470 
36040 
37820 
36390 
40750 
36780 
35710 
36910 
35450 
39040 
36620 
34730 
38160 
39490 
37870 
38550 
38520 
37280 
38170 
38120 
36160 
36340 
40300 
35830 
37900 
38730 
34520 
37370 
35870 
39540 
39240 
36220 
38150 
36440 
36150 
39280 
35420 
35230 
37120 
35850 
38720 
35190 
38780 
39100 
36280 
38160 
37750 
35360 
37920 
36590 
37210 
40340 
36490 
38360 
35720 
38200 
39310 
35180 
36700 
34260 
36230 
38720 
36300 
35450 
38290 
37290 
37240 
37240 
37250 
37680 
38200 
37420 
37090 
36260 
37770 
36470 
38150 
38630 
37880 
36010 
36430 
36520 
37550 
36820 
35870 
35800 
35100 
38960 
36040 
35710 
37570 
36730 
37070 
40430 
38320 
38750 
37890 
38880 
36820 
36180 
37040 
39590 
38380 
39750 
35970 
35410 
36520 
36310 
38410 
36040 
36470 
36520 
36900 
38520 
36640 
36670 
36630 
34690 
37750 
37290 
36750 
37340 
37330 
42120 
36730 
35730 
36310 
36360 
38230 
38800 
36580 
36770 
36880 
36920 
39580 
36540 
37320 
36420 
35580 
40110 
36220 
36270 
36680 
35450 
39340 
37470 
35980 
35950 
35790 
37430 
38240 
36370 
36800 
37020 
35550 
38700 
34950 
37350 
36560 
36790 
37420 
35450 
35150 
37530 
35680 
39200 
35490 
35690 
36830 
38180 
38080 
36380 
35280 
36200 
35790 
36660 
38210 
36430 
38620 
36390 
37940 
38160 
35350 
36450 
36270 
36210 
39570 
36230 
36400 
35280 
36910 
39760 
37040 
39980 
38680 
39840 
37930 
36780 
35820 
36250 
36720 
38150 
39600 
37750 
37110 
38450 
36760 
38740 
38120 
36150 
36340 
35970 
38700 
38010 
37190 
38410 
35480 
38060 
37360 
37060 
38810 
36100 
37330 
41080 
38420 
36560 
35550 
37220 
39590 
36830 
37020 
36170 
37310 
39040 
37360 
37330 
37380 
35520 
39040 
36200 
37660 
35100 
35780 
38840 
36560 
39530 
36560 
35810 
38400 
38110 
37660 
36980 
34760 
36630 
36890 
34960 
35120 
36420 
36280 
38330 
35880 
36810 
36560 
38000 
37200 
36920 
38670 
36240 
37650 
39610 
38090 
35690 
36060 
34830 
37840 
38210 
36920 
35950 
36020 
37910 
38110 
36250 
37330 
37030 
35220 
38180 
37160 
36950 
36570 
36680 
39370 
35500 
37070 
35690 
36040 
40470 
37040 
35710 
36990 
35900 
38300 
37120 
35660 
42000 
37490 
39490 
36550 
36430 
37960 
36390 
36860 
37790 
36300 
36260 
38150 
36010 
37550 
36160 
36720 
36010 
37070 
39370 
37480 
40730 
37380 
35550 
39800 
39150 
37330 
36470 
36580 
38410 
35490 
37160 
36560 
36990 
36060 
39060 
36370 
38690 
35910 
35940 
38100 
36530 
36990 
35710 
37490 
38700 
37130 
34550 
36040 
37530 
37930 
37640 
36400 
37720 
37710 
38380 
37690 
35600 
37780 
35620 
38540 
39470 
35840 
37810 
35640 
36070 
37520 
37300 
36050 
38150 
35340 
39370 
36200 
35200 
37150 
35820 
39070 
37620 
35760 
41640 
38730 
38710 
37940 
36580 
36910 
35860 
35780 
37990 
36390 
36420 
36520 
35700 
40310 
35610 
37780 
37690 
36980 
39200 
36240 
35750 
36280 
36620 
41230 
39420 
43800 
45240 
36930 
38680 
36170 
36650 
36920 
38860 
37700 
37960 
36480 
35740 
36280 
36150 
37810 
37320 
36500 
40020 
37120 
38860 
36610 
36040 
36700 
38800 
38520 
37860 
39360 
38440 
35820 
38590 
37670 
35710 
37130 
51760 
38930 
40060 
36310 
37440 
36330 
36260 
40240 
38440 
37970 
36680 
36380 
37900 
35570 
36680 
38140 
36930 
38210 
36860 
35920 
37170 
35570 
38980 
35450 
39500 
39470 
37150 
36220 
40090 
37390 
38400 
36250 
37220 
40510 
38150 
37610 
35930 
40730 
38370 
38100 
36760 
38000 
41100 
38700 
37700 
36630 
36290 
35470 
41690 
38060 
36390 
36820 
35500 
40330 
39690 
35720 
35900 
38990 
38520 
42870 
36390 
37530 
36360 
38960 
41320 
37220 
39620 
38830 
39480 
38760 
40160 
36460 
37500 
39030 
42070 
40500 
37180 
37350 
36820 
41060 
40160 
37050 
37620 
38010 
36850 
41640 
37210 
36160 
37470 
37310 
42420 
36830 
39080 
37930 
37780 
38100 
39520 
36070 
36620 
36930 
37060 
36030 
37070 
39070 
37320 
37890 
38050 
35820 
37860 
36380 
35940 
38610 
36630 
36780 
37030 
39340 
39460 
38980 
38460 
38400 
37580 
38130 
38280 
39310 
39950 
36150 
37170 
37420 
36850 
36260 
36430 
37080 
37810 
36120 
38810 
35660 
36320 
39980 
37940 
38580 
36820 
35300 
39080 
37320 
39410 
36520 
35160 
38360 
37060 
36100 
36230 
35810 
37190 
36870 
35760 
35510 
36130 
39900 
39540 
36540 
36890 
37580 
36220 
37900 
35830 
36540 
37120 
40040 
40730 
37020 
39300 
37530 
36730 
39540 
38000 
38540 
38780 
41030 
37580 
36960 
37310 
35520 
37130 
39460 
38630 
40070 
37350 
36610 
35330 
38620 
36680 
37860 
36490 
35410 
38040 
38040 
35790 
36330 
57770 
40700 
38450 
37060 
37130 
34830 
36820 
36930 
34950 
36740 
35540 
39810 
38220 
36550 
35980 
36580 
34790 
37300 
35540 
37500 
38480 
35980 
39090 
36470 
37420 
43700 
42820 
38880 
37160 
38030 
40170 
37750 
38070 
37320 
36570 
37290 
40080 
37530 
38310 
38890 
38910 
36570 
36780 
39200 
36420 
36760 
36790 
37620 
39700 
37200 
41480 
37020 
36970 
38780 
38090 
36470 
36070 
37060 
38530 
37430 
35860 
37730 
38000 
36400 
38550 
37180 
38170 
36120 
38600 
38700 
39960 
38790 
36630 
35570 
38270 
38320 
37430 
38210 
35750 
37460 
37700 
36640 
36920 
35630 
37410 
36350 
37770 
41240 
38170 
36280 
37950 
35430 
37750 
36180 
36670 
38020 
35750 
36620 
39160 
39760 
39610 
36630 
37910 
37070 
36150 
38640 
35630 
35190 
36660 
35810 
37420 
37420 
37960 
36330 
36780 
38070 
38750 
36710 
37270 
36610 
36650 
38910 
36900 
36650 
35310 
36730 
38070 
37110 
37930 
37660 
38760 
38640 
37670 
37030 
37290 
36730 
37470 
38460 
35310 
39300 
35450 
36160 
38930 
35040 
36800 
35960 
36630 
38880 
35050 
36570 
37470 
35270 
39970 
35420 
36040 
35080 
37000 
38210 
37730 
37510 
35660 
35920 
39270 
37280 
36250 
35230 
35050 
36800 
37360 
37330 
37480 
38890 
37550 
38060 
36960 
36560 
39000 
35980 
39130 
36130 
36060 
35590 
37200 
38200 
38290 
36660 
37550 
40690 
38330 
37320 
36050 
36330 
36200 
35350 
39540 
39270 
37450 
38760 
35870 
38540 
35270 
37290 
35400 
36550 
38990 
36950 
36770 
39900 
37750 
39020 
37140 
36570 
38940 
37290 
39320 
37570 
36610 
36190 
37170 
37330 
41090 
37820 
37370 
37050 
36450 
39150 
35090 
40080 
38470 
35610 
44170 
37350 
37710 
40670 
38220 
38090 
37440 
38070 
37720 
38330 
37950 
36540 
36230 
37310 
34930 
40040 
38830 
37140 
36090 
35690 
36560 
38430 
37790 
37490 
35810 
35890 
38620 
37060 
35460 
35950 
35330 
38600 
37240 
38580 
37140 
36160 
37810 
37300 
36870 
37950 
37010 
37130 
40960 
36640 
37870 
38920 
35690 
38730 
38820 
38010 
37150 
45130 
57950 
38610 
36640 
35780 
35500 
38360 
43090 
36880 
37850 
36470 
38990 
37810 
36930 
36150 
39410 
39040 
38930 
36630 
36650 
35490 
37850 
39190 
38140 
38170 
35910 
37950 
37740 
36730 
36900 
35950 
36440 
38540 
38120 
38150 
36310 
36110 
37880 
37130 
37200 
38060 
37420 
37160 
38620 
36950 
39560 
36840 
37020 
39880 
37020 
38110 
38320 
36550 
38090 
36640 
36260 
36520 
37340 
39160 
37070 
36650 
36180 
35330 
37410 
37650 
36850 
37650 
36960 
36760 
38640 
37010 
38450 
35250 
35580 
41140 
37980 
37790 
36660 
36190 
40420 
37220 
36970 
38350 
38120 
39280 
37570 
37620 
38470 
35520 
55430 
39000 
37060 
40640 
36970 
38500 
38770 
37820 
39900 
36630 
37140 
38500 
37810 
38160 
36780 
36140 
38350 
38790 
39570 
38850 
36640 
38130 
38520 
36270 
36080 
36330 
40350 
37720 
36620 
36280 
37380 
36910 
39450 
36200 
37320 
36440 
38320 
39900 
37400 
38100 
35460 
36700 
40020 
35750 
38250 
39220 
36560 
40110 
37290 
36740 
38380 
36890 
38620 
37500 
37370 
37140 
38230 
36720 
38180 
37860 
38010 
36400 
36730 
39320 
35630 
37010 
35260 
34600 
39740 
37860 
39230 
38600 
36870 
37670 
36810 
35610 
36170 
36430 
37660 
38580 
36410 
36010 
35750 
35130 
37520 
36650 
36110 
38560 
37810 
38280 
37730 
37060 
35910 
36630 
39780 
39320 
37050 
37880 
36630 
38480 
37530 
36970 
37340 
37040 
41920 
37880 
36790 
39510 
36310 
36380 
37670 
35890 
36850 
35580 
35970 
39400 
37690 
37330 
40420 
37280 
40990 
36480 
37060 
37750 
35860 
37620 
38510 
38850 
37460 
37190 
37810 
37770 
37550 
37280 
35910 
37010 
40390 
37760 
36460 
38810 
36920 
38580 
37310 
37090 
39620 
38330 
38980 
38900 
36290 
38870 
36470 
37680 
38430 
37190 
37790 
38170 
38990 
41510 
38020 
37620 
36830 
36840 
41670 
37470 
36530 
36590 
38570 
38560 
37440 
40810 
39300 
37660 
39280 
38220 
36410 
40230 
36410 
39560 
37490 
37200 
36220 
36310 
53540 
40410 
36930 
37610 
35840 
37060 
38720 
36590 
37990 
36360 
36080 
40330 
