1192420 
84260 
73960 
75770 
75610 
72750 
70990 
83840 
63970 
75780 
83810 
101310 
71170 
72330 
75430 
77810 
74920 
34860 
39100 
36870 
40410 
33430 
51520 
28440 
26590 
84240 
56440 
25840 
54110 
28100 
26550 
37820 
94880 
42580 
35120 
31590 
57110 
50710 
26580 
26970 
54460 
28380 
24070 
26240 
52620 
27050 
26280 
28490 
55720 
52950 
22660 
27510 
51620 
50670 
26880 
67550 
60580 
69170 
26690 
54320 
54980 
55620 
27410 
37030 
78990 
36840 
37370 
37480 
39550 
93740 
35460 
35650 
68880 
68860 
33550 
69700 
39480 
69470 
36970 
34730 
42900 
65730 
34240 
40570 
40160 
60920 
36780 
37590 
38280 
67340 
40790 
37530 
40600 
33370 
30150 
29470 
26780 
54120 
31570 
29920 
26640 
49450 
47870 
39230 
40590 
29660 
29810 
26010 
34290 
30230 
28280 
27640 
31530 
28980 
29740 
25400 
29630 
27580 
28640 
28260 
31740 
29270 
27750 
24440 
24980 
27500 
27880 
28410 
26220 
31090 
28890 
27550 
26440 
47040 
38890 
37190 
1093200 
36830 
35520 
39420 
41960 
37940 
36300 
33190 
38770 
38290 
38050 
36580 
1100080 
40710 
37660 
38850 
35990 
40030 
37290 
40220 
39420 
37550 
39090 
37930 
39610 
63420 
22410 
29490 
29250 
27650 
28970 
27510 
51070 
53730 
26450 
84800 
42750 
35660 
28440 
30190 
27410 
26610 
25180 
28460 
26750 
27280 
25770 
27350 
28380 
26760 
31000 
29090 
27590 
26670 
26110 
52640 
28610 
25640 
1124130 
50380 
27480 
27430 
28470 
27000 
26350 
24720 
63110 
76430 
67240 
71090 
66240 
68680 
68620 
34680 
70330 
67780 
34780 
39280 
38960 
35490 
39300 
33460 
70370 
34190 
35980 
33170 
40550 
36080 
33020 
37680 
76680 
33370 
38690 
42860 
58880 
27510 
27730 
28540 
31310 
28610 
27190 
1131410 
56270 
27430 
49570 
46040 
36980 
35240 
30020 
32350 
58780 
25530 
28680 
29300 
27670 
28890 
25940 
82220 
50010 
26620 
27220 
27610 
25460 
27910 
28920 
29590 
28770 
24380 
25870 
31120 
27020 
28060 
26350 
55740 
57940 
56750 
46360 
68940 
72620 
67960 
35880 
69850 
68760 
36570 
95990 
41570 
33270 
36760 
40470 
37730 
40630 
33220 
42950 
38780 
39890 
39200 
37090 
37200 
38010 
34490 
39380 
37220 
36050 
1092060 
29980 
28380 
26420 
30180 
31200 
27340 
30590 
65900 
29330 
55010 
47710 
85830 
38740 
50170 
25300 
47670 
50500 
26850 
27220 
53240 
49840 
21770 
40020 
62380 
25550 
46810 
26990 
58570 
47850 
53390 
25640 
26780 
27210 
28370 
26010 
29540 
31030 
30730 
1089370 
46420 
50630 
28170 
45450 
89000 
82020 
38070 
64460 
92750 
39710 
38530 
148010 
69970 
66510 
34370 
88710 
67660 
67000 
38610 
92960 
68720 
68370 
35700 
98360 
70600 
70180 
34060 
71440 
69390 
76750 
30520 
56700 
51010 
50510 
26350 
58090 
47640 
53680 
1124540 
55400 
50540 
45700 
40520 
59960 
29630 
28420 
85230 
48090 
25410 
24540 
31120 
27660 
45350 
27740 
51880 
25770 
27140 
23610 
28960 
45800 
33510 
29520 
29210 
27420 
26190 
28060 
54960 
30650 
27360 
27860 
53720 
50870 
44490 
34510 
37220 
58510 
69330 
72160 
65560 
73770 
67250 
72680 
74120 
68100 
70890 
95450 
70560 
35110 
63380 
68900 
68580 
36080 
38920 
72910 
69280 
68610 
36690 
70930 
74610 
71590 
28290 
101140 
69500 
53100 
56340 
54190 
50820 
56110 
76200 
49970 
53540 
85320 
109000 
65950 
25140 
50170 
74050 
59010 
51220 
26290 
49540 
52480 
54720 
26000 
54270 
26270 
47020 
24630 
49340 
54200 
46780 
26220 
50270 
28130 
49220 
25880 
55010 
52760 
28260 
29300 
52340 
54720 
78820 
37090 
69840 
35810 
36000 
1121900 
69960 
67370 
37140 
66720 
68670 
37050 
37390 
71060 
66600 
67190 
35990 
40880 
36290 
68390 
38320 
39420 
36320 
39350 
38160 
38070 
41820 
31150 
28550 
52630 
29570 
27900 
30230 
59480 
29630 
28090 
29130 
93660 
46920 
39620 
38440 
32480 
27610 
27200 
27820 
27050 
29310 
28580 
28090 
26500 
26710 
29060 
24140 
27490 
26850 
28620 
48870 
51040 
29430 
24110 
29840 
28340 
26270 
27430 
29910 
30270 
71010 
32790 
26900 
43300 
38730 
86520 
146360 
91940 
67880 
38940 
117450 
39580 
67620 
103170 
72600 
33740 
37590 
111100 
71330 
66750 
38470 
67660 
67600 
69320 
39370 
70200 
67140 
34020 
38160 
104670 
75280 
49830 
51950 
49310 
56420 
53300 
24070 
50390 
55640 
57120 
30730 
91600 
84100 
31590 
37970 
59590 
51790 
49080 
25950 
47810 
51590 
26850 
26160 
51800 
49210 
24140 
55070 
26930 
52620 
24740 
53810 
54050 
47760 
51680 
51510 
53280 
55190 
50320 
53640 
52350 
50150 
27690 
56880 
78570 
43570 
66960 
95980 
70660 
34970 
69760 
92320 
67810 
38690 
66530 
67730 
67820 
36110 
69130 
97480 
67690 
37560 
40550 
103040 
71180 
72360 
38660 
36380 
69150 
71890 
36660 
70580 
41610 
49360 
29120 
26920 
52510 
54980 
32290 
35260 
59470 
55730 
56410 
41580 
69100 
60120 
30700 
26320 
52460 
27320 
66920 
26870 
53770 
24410 
26360 
58230 
65960 
49130 
23070 
24830 
54910 
26030 
26570 
52690 
50450 
50580 
24580 
51660 
52890 
49790 
26760 
52880 
51820 
29530 
46950 
33910 
68410 
66790 
38810 
68010 
67090 
38530 
34530 
1584160 
1581080 
37540 
33760 
34470 
40920 
67190 
100950 
36760 
68210 
73750 
74040 
66100 
71900 
69070 
72610 
74710 
72910 
57820 
29520 
54060 
51350 
29180 
29270 
79530 
30090 
29300 
27940 
92110 
86680 
98660 
36900 
26750 
34400 
59190 
23620 
26140 
54140 
25790 
30780 
27100 
29220 
52330 
29540 
55550 
52810 
50010 
27720 
58680 
49730 
26330 
27040 
49630 
48510 
53620 
28980 
53000 
77410 
23220 
29200 
44300 
96620 
69480 
41440 
36880 
35780 
69120 
40070 
69080 
38550 
36950 
69350 
72000 
67500 
34770 
70110 
69390 
34830 
64850 
99210 
72560 
65380 
36100 
87400 
65900 
67280 
38980 
100180 
51380 
27510 
29300 
30110 
51520 
50830 
27490 
59070 
28830 
27050 
49260 
44760 
39410 
32630 
28340 
31470 
29070 
26750 
28260 
29330 
28080 
29900 
27270 
57080 
29230 
26110 
50330 
54740 
54180 
30470 
76460 
52280 
52330 
28160 
54550 
50280 
29080 
27920 
55510 
55170 
51070 
27760 
81060 
37710 
37690 
38300 
94030 
39090 
67300 
41540 
95590 
65320 
37720 
37040 
100730 
69460 
65800 
69150 
67780 
76870 
37760 
68890 
67960 
66800 
35570 
39850 
69880 
67330 
74970 
30500 
58880 
53650 
52570 
30340 
53240 
56930 
59190 
26620 
32580 
400990 
86040 
38680 
77800 
58140 
55040 
1113160 
50330 
49270 
47780 
51040 
49720 
47520 
50690 
42260 
25150 
48850 
29450 
27380 
26820 
26830 
26590 
24920 
52470 
26790 
29240 
29240 
30310 
28470 
27350 
26950 
27990 
45460 
36470 
36300 
91310 
34920 
35600 
37880 
35420 
37220 
36930 
79270 
37940 
38280 
1076050 
40020 
35130 
94180 
38230 
34870 
38660 
34850 
68160 
38910 
35800 
37710 
37000 
36940 
40160 
28750 
27900 
28490 
29850 
28560 
28240 
28000 
32500 
25220 
28800 
89190 
90320 
33570 
31450 
58600 
52460 
27270 
28880 
49900 
54650 
55020 
50330 
27890 
48010 
29590 
27500 
51070 
51360 
58040 
27820 
54300 
29070 
26700 
26860 
52180 
29930 
29280 
29900 
29070 
30940 
28500 
64000 
42950 
34680 
34960 
162630 
37870 
33110 
33360 
122510 
69370 
34850 
81620 
35710 
36150 
35720 
37570 
70880 
66310 
37780 
89020 
89410 
103440 
73080 
36530 
37540 
37050 
96270 
39460 
30890 
29990 
26240 
56530 
26470 
25550 
49710 
28950 
1623340 
26660 
37920 
51490 
79000 
34950 
32430 
28530 
27890 
28240 
25820 
29360 
78210 
1068580 
27940 
28770 
56090 
25540 
27740 
25840 
26280 
26500 
25530 
65500 
25020 
26780 
1083030 
69490 
30450 
26890 
118650 
29630 
29210 
30010 
38100 
43870 
39230 
109910 
35160 
38720 
40280 
38100 
38800 
36720 
39980 
35670 
38050 
39570 
37130 
35080 
38550 
69010 
40860 
37750 
39310 
40260 
33910 
36160 
39970 
37330 
36290 
40610 
31990 
29920 
26980 
30370 
31130 
27860 
1100100 
31960 
31720 
30160 
53100 
49430 
39780 
32370 
55130 
54440 
50300 
25220 
24460 
29590 
27350 
50640 
24010 
26900 
26780 
50320 
26840 
52820 
59640 
23480 
24520 
27320 
56700 
46490 
23940 
53190 
68750 
28920 
27520 
29830 
54800 
26420 
46800 
71600 
71060 
36770 
38710 
37820 
78800 
32080 
35340 
70190 
68350 
45150 
75070 
35620 
33490 
34590 
37260 
1107950 
65560 
70550 
62470 
38270 
66980 
32910 
66400 
92070 
35240 
37990 
28990 
49630 
26930 
27350 
1548740 
51310 
27790 
27620 
55830 
28910 
47980 
42450 
39970 
58750 
26010 
26790 
27940 
28090 
52020 
27300 
49760 
25540 
26900 
82150 
1101810 
46550 
47690 
52970 
24990 
25730 
27660 
54290 
27010 
24400 
27790 
61570 
21390 
28380 
28550 
53880 
53730 
24710 
43400 
77830 
27880 
38140 
125890 
70960 
67410 
38050 
75430 
65610 
34330 
72590 
77160 
31640 
37680 
35600 
101880 
1125140 
39030 
37940 
38520 
76900 
32830 
38750 
71270 
98500 
36690 
31920 
27880 
30500 
26440 
25980 
55610 
28090 
31620 
26180 
28220 
50940 
45460 
42970 
35770 
54550 
28360 
26960 
25840 
28970 
25340 
30050 
51770 
27640 
27450 
52410 
49700 
25770 
23340 
28610 
25060 
24930 
26490 
49890 
27060 
27210 
25130 
28180 
55180 
24950 
28650 
53120 
52240 
41410 
1148480 
37180 
67510 
33720 
36950 
37230 
38830 
34800 
39890 
34730 
38180 
40040 
37340 
1136520 
30250 
35600 
36380 
36070 
35220 
38210 
37620 
119560 
67450 
34750 
34590 
118130 
38600 
29610 
26800 
56300 
49230 
26640 
29230 
52630 
51400 
29030 
27180 
52650 
88930 
34600 
33890 
116970 
52660 
25000 
28910 
51850 
28810 
29590 
28510 
26870 
25640 
24730 
27660 
27780 
25280 
26930 
80260 
23790 
25850 
25170 
28620 
26340 
25840 
27350 
30640 
27680 
28960 
30010 
26050 
49790 
34840 
36610 
93930 
89520 
1622620 
88470 
88380 
67810 
36460 
35900 
38580 
40380 
35170 
41860 
36570 
49750 
33830 
1102070 
34970 
38320 
34110 
37510 
37690 
37790 
36180 
70470 
54310 
29540 
25540 
54720 
103130 
28990 
49440 
53270 
56260 
1680390 
45400 
46870 
96010 
76800 
24690 
26130 
27540 
29740 
1089780 
27920 
25450 
25170 
24980 
28300 
25920 
24770 
27900 
27130 
26300 
26050 
64850 
26420 
62850 
22930 
25480 
27500 
51640 
24300 
27250 
31930 
51140 
23320 
42170 
35170 
36080 
35230 
38310 
97670 
36320 
35150 
40040 
72920 
36650 
34290 
40280 
71450 
39810 
34530 
39170 
69870 
35640 
34930 
39190 
71770 
34260 
37070 
39300 
69640 
35300 
42080 
32310 
31750 
24810 
26780 
69750 
30980 
25850 
32580 
29900 
31220 
54590 
47710 
40160 
34180 
27250 
26340 
1117070 
29300 
25590 
26410 
27520 
28850 
26360 
24330 
30380 
50000 
24620 
28060 
27900 
26890 
25250 
28450 
31500 
27280 
24740 
27790 
53090 
52420 
25170 
26060 
31690 
26260 
43180 
41220 
37840 
35270 
33060 
37540 
38000 
32020 
34360 
35310 
90760 
34290 
37760 
38730 
34870 
40520 
39680 
35090 
37710 
37880 
36440 
35700 
39490 
34820 
37120 
34980 
78320 
62720 
35660 
29950 
31530 
29820 
29790 
27010 
29390 
30640 
28950 
31220 
52590 
42910 
39340 
1634980 
22590 
28950 
31060 
59280 
26370 
24500 
27090 
71790 
48610 
24240 
50700 
28260 
28000 
27500 
25790 
56220 
26310 
24560 
24300 
26950 
28120 
29060 
27890 
30930 
27670 
28530 
69570 
34710 
77550 
118440 
39140 
33890 
67320 
36540 
38360 
67550 
36530 
37290 
68510 
71110 
32630 
78280 
1126430 
60190 
36440 
38000 
71400 
71170 
32150 
75390 
94740 
71050 
39500 
36950 
71410 
31830 
28110 
27980 
54640 
53920 
1610350 
24890 
31210 
57030 
27880 
100880 
38630 
37730 
101320 
1110350 
46680 
25440 
71410 
59110 
22800 
26360 
30840 
27220 
49350 
23880 
25860 
25670 
53270 
27790 
109790 
67060 
60660 
23750 
26460 
55100 
52500 
24270 
27880 
29590 
52580 
25880 
26780 
43630 
39100 
135100 
35440 
87520 
36840 
66330 
38040 
36780 
34380 
36550 
68580 
34460 
37290 
35440 
70400 
33360 
37390 
39500 
104170 
34720 
35000 
69550 
37490 
36360 
38620 
86340 
69180 
30340 
26090 
29600 
52580 
27390 
27660 
28160 
26960 
29590 
29410 
56270 
48730 
37130 
31330 
53100 
53450 
27950 
25820 
51400 
22740 
24980 
28510 
50650 
29950 
25330 
30250 
81890 
46880 
46360 
25600 
63230 
29380 
23840 
26050 
60370 
28450 
25770 
56460 
26650 
28520 
27690 
73720 
1585970 
36060 
1137840 
36870 
73690 
68860 
34990 
37630 
74230 
35660 
38590 
68900 
34560 
35340 
38910 
70580 
68610 
32290 
70430 
93050 
64820 
34320 
68420 
89260 
64590 
36310 
42610 
57060 
53470 
25510 
54290 
105410 
54610 
27270 
30500 
27940 
28350 
47520 
46770 
37490 
63680 
63450 
1153820 
48820 
25740 
53120 
51130 
26030 
25240 
25350 
50920 
52810 
26220 
48920 
69900 
63290 
27440 
59800 
49720 
26700 
26490 
50760 
56680 
24790 
27150 
48900 
63340 
32470 
30940 
45260 
71860 
36640 
34430 
37620 
68040 
37060 
37100 
40230 
73290 
66160 
61410 
1116190 
40010 
36770 
35580 
35970 
36110 
38460 
1608220 
37170 
37080 
36680 
36410 
39800 
1145240 
66380 
74970 
30790 
51670 
54680 
54270 
54040 
50400 
51600 
53780 
28400 
72530 
49290 
42920 
38030 
62670 
28080 
27640 
25180 
29280 
96810 
48620 
52140 
103650 
68190 
104580 
47950 
26600 
69760 
35440 
30880 
29770 
27320 
25700 
31450 
24950 
27260 
31260 
28870 
29240 
28690 
53280 
29650 
28190 
43750 
37490 
98520 
35990 
37350 
38910 
100370 
37280 
37240 
35670 
36950 
36890 
1094000 
65410 
40490 
36750 
37780 
71750 
39280 
40330 
40070 
1128700 
40520 
36700 
36480 
39120 
41050 
32560 
51250 
52300 
29340 
29700 
28940 
29450 
29180 
66210 
57320 
48060 
47460 
46100 
72720 
28060 
74480 
1114560 
28320 
28690 
24210 
56440 
29090 
29110 
26620 
29410 
25610 
30470 
29450 
68940 
1093600 
29410 
28000 
65670 
24150 
64520 
106100 
30410 
1077980 
74340 
70280 
27750 
28340 
45100 
35060 
41570 
38530 
40960 
38950 
35070 
96820 
35670 
39900 
36760 
35530 
38060 
36280 
40290 
37450 
33610 
1123000 
62870 
35740 
71330 
69220 
32760 
38060 
71710 
71890 
33350 
39150 
61570 
27830 
24060 
27920 
26350 
29350 
29360 
29950 
26290 
67040 
123560 
46160 
69580 
62810 
59570 
55310 
53490 
52060 
74670 
54010 
51460 
25990 
57210 
56720 
52990 
24900 
53370 
50630 
50490 
24590 
50420 
47430 
64280 
25660 
54730 
50400 
48680 
1125970 
107250 
29130 
53170 
29140 
45300 
37130 
70320 
37440 
35780 
36030 
36200 
129000 
88790 
35520 
68070 
36800 
38980 
38010 
35820 
39280 
37250 
37710 
37790 
122200 
37150 
36910 
35600 
92850 
38530 
35890 
1145660 
109660 
68050 
49930 
28350 
29700 
73030 
53860 
98060 
71780 
28730 
51870 
48610 
107930 
86120 
30830 
138820 
27290 
28420 
27580 
28320 
27510 
28260 
27750 
29380 
26750 
29140 
27100 
28780 
28670 
29790 
51970 
