106640 
44480 
42650 
42060 
38520 
38050 
38250 
37410 
38420 
37820 
39630 
39200 
37760 
40320 
36830 
39220 
38600 
41420 
40180 
38020 
38490 
39710 
38780 
39120 
37690 
37240 
38180 
37400 
39460 
38530 
39370 
38700 
38260 
38240 
36690 
36790 
46090 
39340 
38020 
43760 
38170 
39850 
38740 
37220 
38500 
39030 
41880 
38420 
39470 
38300 
41230 
41110 
38690 
41000 
38070 
38830 
39040 
39860 
41460 
36930 
37380 
40700 
37330 
40680 
36580 
38450 
37410 
39130 
39390 
37800 
36280 
38040 
38190 
39060 
38590 
36360 
38810 
39820 
37730 
39320 
38120 
37100 
38370 
38610 
38720 
36720 
45170 
37700 
37670 
43840 
37830 
38300 
36370 
39900 
38670 
36930 
39390 
38650 
39830 
38200 
38540 
37210 
39440 
38840 
38770 
38150 
37800 
36690 
38110 
37170 
37990 
37300 
38810 
40250 
37460 
39580 
37810 
36180 
39200 
38170 
38320 
36860 
36920 
38040 
40680 
37110 
39570 
37740 
38640 
37780 
38350 
39830 
37370 
37780 
36510 
37710 
46160 
38540 
38070 
37150 
37180 
39420 
37920 
37130 
36160 
38880 
38960 
42070 
38470 
37670 
37830 
40370 
38460 
38950 
37560 
39340 
39900 
40980 
38190 
38470 
37800 
37370 
38350 
37210 
38250 
36520 
37590 
35930 
37090 
36150 
36430 
38280 
38160 
36020 
36600 
36720 
39450 
36700 
39970 
43590 
44620 
38940 
39070 
39600 
37580 
37840 
37580 
37530 
38740 
36490 
36620 
44490 
41020 
40580 
37170 
37060 
37440 
38880 
38880 
37620 
38650 
38380 
38950 
46000 
38110 
38340 
37790 
37470 
38620 
37280 
40690 
37760 
40490 
36460 
39590 
37920 
37260 
38340 
38980 
39280 
38090 
38690 
37690 
38860 
41360 
37980 
38110 
36110 
40260 
36470 
38550 
38420 
36990 
38650 
38250 
38630 
38270 
37900 
38980 
37970 
40000 
44460 
39190 
39450 
39300 
38170 
38420 
36940 
39440 
39900 
40490 
39120 
41360 
46040 
39980 
39110 
38920 
41900 
38940 
37980 
38230 
38920 
36900 
39780 
39460 
37900 
38210 
37790 
38640 
39150 
38180 
41090 
37070 
39780 
37880 
39180 
38300 
37040 
38040 
35880 
37060 
39040 
39410 
37500 
37830 
37590 
37700 
38390 
37030 
37940 
38260 
45280 
39630 
38670 
39540 
39270 
39170 
38560 
39090 
38190 
35810 
40120 
38010 
44740 
38490 
37220 
38530 
38890 
38830 
37780 
37500 
40600 
38300 
38260 
38610 
38240 
38690 
38590 
40060 
37600 
37530 
37040 
37480 
37440 
39700 
37400 
36980 
39030 
38290 
38000 
36990 
38020 
37780 
39090 
40010 
36800 
38960 
38970 
38630 
38900 
37980 
38980 
38960 
38500 
39680 
37420 
38060 
38090 
38860 
38800 
36550 
37520 
37730 
41730 
38400 
37330 
39390 
40310 
37490 
37720 
38060 
38520 
39570 
39090 
38010 
37660 
36670 
36940 
37990 
37570 
38130 
37990 
36140 
38970 
39770 
39770 
53730 
38020 
37350 
40130 
39290 
38890 
36480 
37570 
38740 
37800 
39270 
37050 
35610 
39020 
37900 
39500 
37480 
37060 
40340 
39960 
39340 
36920 
36890 
41010 
37970 
39330 
37860 
37940 
38680 
37670 
39130 
37450 
36170 
37320 
39310 
38020 
37910 
38620 
37880 
38890 
37690 
38230 
45690 
37890 
39120 
37170 
38650 
35780 
40120 
37800 
37300 
38820 
37720 
38870 
36780 
39100 
39130 
37740 
38550 
37170 
39560 
36960 
38840 
38830 
37110 
38180 
39190 
38470 
37300 
37590 
39960 
38850 
38880 
37320 
38680 
39120 
37770 
38120 
40730 
39270 
37170 
39670 
42430 
38960 
37970 
39730 
41450 
37080 
39600 
51900 
40550 
39100 
47340 
39650 
36410 
37840 
38710 
39920 
40680 
38470 
38410 
37940 
38290 
39020 
37340 
37960 
37700 
38080 
38480 
37660 
36990 
38810 
41170 
38250 
39100 
38550 
37450 
38710 
39370 
39630 
40070 
38740 
36790 
41470 
39670 
37410 
37820 
39290 
38580 
38660 
38810 
37320 
37610 
39100 
38660 
37010 
41470 
39770 
39280 
39170 
40020 
38050 
44690 
41490 
37660 
40090 
38060 
38450 
39900 
40830 
39880 
37760 
37330 
39060 
37150 
37950 
37460 
39170 
38240 
38940 
38370 
39270 
39480 
37350 
38990 
37600 
39070 
37790 
37290 
39430 
38280 
38120 
37160 
36870 
40050 
37980 
39670 
38620 
39120 
43980 
38880 
39850 
41290 
38480 
37090 
39320 
39300 
38630 
40060 
37100 
37290 
38060 
38510 
37850 
36710 
39440 
37240 
38030 
37410 
36710 
39320 
37790 
39860 
37870 
36710 
37890 
37030 
39180 
38300 
37520 
37500 
37930 
41200 
39070 
37880 
37190 
39130 
39500 
40040 
37580 
37950 
38760 
37400 
39530 
39530 
38500 
38810 
36790 
38590 
35670 
37910 
39430 
40610 
39650 
36770 
37130 
38030 
38560 
39510 
36810 
36590 
37080 
38060 
37940 
37490 
37040 
37930 
38290 
39430 
38050 
37120 
37890 
39790 
38970 
39370 
38260 
46610 
38570 
38540 
38020 
38140 
39340 
37770 
39750 
41160 
38340 
36420 
37960 
38730 
36690 
37960 
37300 
35940 
38880 
38140 
38280 
38800 
37050 
37320 
37280 
41670 
37380 
39900 
40220 
38790 
38670 
37210 
38880 
37500 
38170 
41290 
38460 
37600 
37750 
36950 
37900 
38480 
36510 
36260 
38300 
37700 
38860 
37600 
37450 
37420 
37720 
45660 
38890 
38380 
37640 
38280 
39040 
39480 
38480 
37940 
39160 
39100 
37180 
38000 
38090 
38630 
39080 
38410 
38260 
37620 
37700 
39150 
38590 
37780 
37640 
38080 
38460 
37750 
39140 
37420 
40790 
38670 
36820 
37160 
38230 
37440 
38530 
38510 
38240 
40230 
38030 
39970 
37600 
40200 
38610 
38040 
40750 
38770 
39210 
40480 
36800 
45390 
40230 
40830 
38690 
36960 
39580 
38070 
39360 
37720 
37070 
38060 
38770 
40040 
36600 
38030 
38520 
39280 
37970 
37960 
44980 
40320 
38980 
39320 
38300 
38410 
43790 
42360 
40150 
38970 
38130 
38650 
39050 
37160 
37710 
37680 
37670 
37250 
41270 
39340 
38490 
38080 
36960 
38500 
38040 
38920 
39010 
37420 
38840 
38140 
40930 
40140 
38420 
39420 
38470 
39060 
37270 
36490 
40050 
38050 
39140 
37840 
38280 
40420 
40340 
39390 
37860 
38440 
37270 
38650 
46130 
40720 
37840 
37290 
38480 
39670 
40220 
37000 
37680 
38010 
37500 
37190 
39130 
39090 
39510 
37150 
38550 
37700 
38770 
37350 
37760 
39730 
38100 
38840 
36900 
38040 
36250 
39150 
37810 
37480 
37230 
38830 
41690 
38500 
39990 
38120 
39050 
38640 
37770 
37330 
37760 
37180 
37190 
36600 
38790 
43500 
44180 
39900 
38410 
36320 
44190 
40740 
38850 
39220 
37190 
36680 
41660 
41320 
42350 
39460 
37980 
38130 
37920 
39380 
38220 
38070 
37950 
37770 
39470 
36920 
38410 
36780 
38060 
38920 
38440 
38510 
38560 
40260 
37330 
41040 
38000 
37460 
38460 
38290 
38960 
37250 
37310 
38100 
36040 
37330 
37650 
36300 
39000 
38090 
39530 
46240 
38820 
38000 
38280 
39580 
37100 
39120 
38120 
37390 
37910 
38680 
38070 
37990 
37570 
36870 
38580 
39240 
35890 
38150 
39800 
38180 
37150 
37040 
37620 
38780 
39170 
38530 
38260 
38600 
39870 
38610 
39120 
39840 
37480 
39760 
37530 
38550 
40920 
37380 
63410 
44170 
40300 
41220 
37370 
39350 
37730 
38710 
37480 
39950 
39760 
44570 
40260 
36940 
40530 
37380 
38310 
40240 
37210 
41910 
42630 
39560 
41250 
39710 
42640 
42340 
38180 
38750 
38120 
42920 
38240 
40670 
38870 
38660 
37030 
40320 
41480 
38020 
39660 
37900 
40850 
38200 
39500 
38330 
38390 
38530 
39910 
40320 
37620 
38610 
40030 
41350 
38380 
36960 
36770 
37400 
37590 
40620 
38450 
38570 
37270 
37070 
38950 
37370 
36400 
36590 
37150 
38400 
39070 
38740 
38950 
36850 
37480 
36560 
37680 
38980 
39120 
39200 
37600 
37080 
39950 
38140 
38360 
38760 
37250 
39530 
36540 
39310 
39270 
39220 
39670 
38200 
39420 
37210 
39610 
38850 
37460 
37420 
36940 
38640 
38860 
37890 
38980 
37410 
40600 
37790 
39340 
38300 
39100 
37820 
40140 
39050 
39870 
36980 
37930 
37620 
36210 
38560 
37590 
38710 
38940 
38670 
38080 
37140 
42530 
42230 
45920 
42140 
40010 
39170 
39370 
37700 
39270 
41580 
37190 
40900 
37630 
39810 
39500 
36850 
39690 
38620 
40500 
39230 
39820 
38630 
38080 
39290 
39220 
40370 
38770 
38170 
38700 
38070 
38030 
36850 
38460 
40710 
38320 
37930 
39470 
39090 
39330 
37960 
37870 
36210 
38000 
37640 
37980 
38830 
38820 
37390 
38380 
38460 
35950 
37910 
46100 
41260 
37770 
37310 
37560 
36910 
41370 
38580 
39380 
38940 
36280 
38850 
38430 
39710 
39810 
37920 
37540 
37380 
37740 
39310 
38410 
39070 
39270 
38410 
38670 
37400 
36840 
38920 
37450 
38620 
37870 
39180 
37880 
37290 
38570 
37550 
37670 
38560 
37780 
38590 
36650 
38030 
39620 
38090 
39040 
38370 
37160 
37480 
41240 
38440 
48130 
41010 
38490 
38350 
39330 
38160 
40260 
36890 
38160 
37000 
39350 
37700 
37160 
38860 
36730 
38350 
37550 
38120 
37990 
38660 
38910 
37270 
37580 
37250 
39580 
39290 
37050 
39770 
38210 
39810 
38270 
37810 
37720 
37050 
39340 
38480 
38810 
38390 
38370 
39500 
38210 
39140 
37370 
37400 
38950 
38310 
38250 
38100 
37460 
37230 
38350 
41180 
42150 
37810 
50420 
42850 
37950 
39860 
36590 
37320 
38110 
36890 
38760 
37070 
38610 
38710 
38630 
37330 
37020 
36800 
40490 
38040 
39390 
37860 
36760 
36300 
38210 
40360 
36740 
35990 
35510 
38300 
37420 
38820 
37880 
38050 
39400 
39240 
39120 
39120 
38320 
38410 
38470 
38220 
37980 
39120 
38860 
37430 
39040 
42580 
40030 
40170 
38950 
39280 
37670 
37890 
36260 
40610 
39250 
38640 
36450 
36850 
39790 
40660 
46490 
38860 
38210 
39290 
39190 
40260 
37820 
38090 
39740 
38300 
38960 
38210 
37070 
38680 
40140 
39810 
36880 
36010 
38500 
39800 
38480 
39820 
38440 
38170 
39420 
38780 
37810 
37550 
37790 
38650 
38450 
39360 
37510 
38430 
38670 
38470 
38060 
39520 
38720 
39390 
40830 
37090 
37420 
38040 
36230 
39560 
38510 
36390 
38950 
37910 
47740 
39660 
40100 
39510 
37150 
38720 
42630 
44700 
38520 
38590 
39030 
37440 
39580 
41240 
38900 
45610 
39980 
39920 
37970 
37670 
38190 
39520 
36570 
38600 
37980 
40740 
38300 
37580 
37560 
37650 
37830 
39030 
37260 
39520 
41310 
42050 
39130 
37470 
40520 
38640 
40070 
36750 
37380 
41750 
37830 
39710 
37990 
37960 
37140 
38280 
45790 
39150 
37910 
36700 
38000 
38410 
40310 
40330 
38300 
39060 
39310 
38530 
38790 
37980 
41260 
43900 
37700 
37460 
42730 
39750 
38300 
36970 
37650 
39310 
37430 
40030 
38000 
37920 
37640 
37990 
38530 
39430 
38890 
38270 
38150 
39180 
38110 
39880 
40160 
38110 
40390 
38680 
37330 
37890 
52060 
40570 
39230 
37120 
38430 
39910 
38910 
40280 
38860 
38870 
38770 
37840 
39440 
38360 
38090 
37200 
38480 
38690 
37740 
39170 
39750 
45840 
38970 
38270 
38110 
38040 
39350 
39060 
38460 
38390 
37190 
39220 
37870 
38390 
37440 
37420 
40190 
39450 
41500 
40400 
38120 
39020 
39550 
38710 
39510 
40350 
39850 
40430 
38940 
38340 
36900 
37530 
39620 
39180 
37430 
38280 
37810 
39990 
37040 
39050 
38280 
38250 
37960 
37890 
38790 
38810 
39430 
39060 
37250 
39500 
37100 
45270 
40770 
38520 
39320 
37650 
38260 
38120 
39190 
39890 
36450 
36470 
36700 
38760 
37710 
40180 
37450 
37950 
37850 
39490 
38250 
37200 
40160 
40320 
37010 
37680 
39010 
36830 
38810 
38590 
38660 
36720 
37800 
36890 
38420 
39160 
38300 
38550 
37880 
38200 
38380 
38700 
36960 
36880 
38310 
36570 
37890 
37850 
36730 
38920 
36710 
46040 
41480 
38670 
39110 
39070 
38130 
38190 
37780 
39820 
37890 
40570 
36260 
37490 
38320 
38730 
37990 
38810 
40050 
39590 
39610 
39560 
39070 
39850 
37690 
37710 
40590 
41000 
37630 
38010 
39190 
38120 
38260 
36190 
37840 
37970 
40180 
39160 
36600 
38270 
37280 
38880 
38440 
37810 
36320 
39500 
36920 
38410 
48070 
46710 
38500 
45820 
40300 
38150 
35930 
37610 
38310 
38380 
38610 
38000 
36830 
37110 
38660 
38780 
37490 
37200 
37310 
37800 
39310 
37900 
38230 
36700 
38370 
37370 
40510 
37660 
37490 
39100 
38700 
37920 
35740 
36720 
38760 
37100 
38470 
36520 
38070 
36970 
38880 
38750 
37110 
37130 
38420 
39510 
36910 
38640 
37400 
37610 
36910 
38490 
39770 
38090 
38900 
37850 
37800 
39110 
36460 
38630 
39020 
39110 
38310 
37320 
38080 
36860 
39120 
39040 
35990 
37010 
36780 
39130 
38700 
37360 
42550 
37890 
39490 
39030 
40280 
41230 
39780 
40510 
39260 
40330 
39730 
38230 
39320 
39040 
39870 
38450 
38520 
36540 
37330 
37830 
37260 
39260 
41530 
39360 
37760 
39910 
38130 
37910 
37040 
38610 
38920 
38760 
38350 
40000 
38150 
40200 
37250 
37910 
39230 
37460 
39480 
37140 
39370 
42880 
40940 
39660 
37110 
38690 
37710 
38890 
38650 
38830 
38950 
39780 
39530 
40060 
40730 
38340 
38070 
37780 
37740 
38200 
38960 
38140 
39390 
38060 
37220 
37370 
37670 
38080 
38490 
39840 
36950 
38540 
39100 
39270 
37100 
36690 
36520 
37110 
37960 
38470 
38800 
38270 
38660 
39850 
37580 
39230 
37720 
38020 
38800 
37900 
39490 
44600 
38440 
36550 
38510 
38790 
38920 
37980 
39620 
38670 
37640 
39380 
37990 
38410 
41530 
38240 
40570 
36870 
37740 
39100 
37890 
38090 
36550 
37630 
37550 
37090 
38430 
36340 
38380 
37030 
39330 
38120 
38350 
39520 
37780 
42460 
38950 
38310 
38180 
37960 
38470 
37450 
39020 
37840 
37100 
39190 
38030 
39530 
37270 
37650 
38780 
45460 
40350 
36360 
36860 
37720 
38730 
38690 
38190 
38410 
36380 
40530 
38930 
40150 
37880 
37120 
38850 
38720 
37940 
36440 
37230 
39740 
39010 
38380 
36400 
37370 
38240 
37100 
39090 
37410 
37430 
38310 
37330 
39450 
38550 
38160 
38130 
38330 
38050 
36750 
37440 
38930 
37420 
38930 
38270 
38750 
37440 
38000 
37660 
36600 
36700 
37950 
38910 
36560 
38350 
37720 
36800 
37690 
42950 
40120 
40250 
38540 
37120 
37830 
37770 
40300 
37270 
36780 
38660 
39070 
38240 
37640 
36730 
40880 
38310 
38010 
37790 
37550 
37700 
37340 
39710 
37970 
36800 
37880 
37750 
39410 
37110 
36110 
38050 
38370 
39240 
73080 
50440 
38420 
36980 
38660 
37730 
37500 
38100 
37190 
36620 
38160 
36030 
37480 
38430 
37550 
39500 
37980 
39730 
36360 
38030 
39210 
38000 
37900 
37060 
45000 
40980 
42300 
38290 
36620 
38530 
38040 
38710 
38870 
37000 
37140 
37140 
38230 
37760 
38080 
40540 
39410 
37500 
38500 
37420 
38870 
41110 
39120 
38090 
36830 
38710 
40680 
38350 
39500 
37390 
36830 
41550 
37840 
38480 
36670 
36970 
41440 
41510 
42230 
37840 
38420 
41880 
41920 
38200 
44520 
38520 
41340 
51800 
45940 
39430 
46320 
44210 
42970 
42930 
37750 
37750 
38840 
40520 
39060 
39220 
37090 
36330 
38560 
41650 
38440 
36070 
38520 
37730 
41710 
40100 
38750 
39240 
37350 
40310 
41980 
39300 
37600 
38750 
38170 
38370 
37710 
39060 
