66910
25850
23710
23230
22350
22390
23231
21960
23120
22180
23370
22300
23560
22110
22370
21920
76221
78671
75440
73910
75650
74420
74810
75810
73690
74891
75651
76851
75700
73650
73970
74380
76690
75670
74020
75441
73891
73821
73891
72650
71200
72540
73060
72530
73060
71821
71611
72251
72751
72310
72080
74930
71840
75160
73530
71770
71481
73541
75531
72000
71400
72400
72970
72850
72190
72150
70970
70791
74201
75221
73280
70950
71560
72670
74170
72050
74020
72071
73181
73361
75381
72400
74170
73950
75600
73610
71880
70500
72051
71481
79891
75120
73440
74120
75170
74620
73240
72560
72421
73071
74811
74621
73440
74340
73930
75020
73850
73820
73210
71901
76101
73171
72990
73380
72560
74030
73280
72970
73860
73101
73321
74571
71780
73550
71860
72810
73770
75050
73590
74580
73191
77741
73920
73490
71610
73440
75620
73910
74450
72890
73041
72931
72881
73400
74640
72480
74480
74180
72600
71800
75190
74181
76421
75131
72030
75620
72730
74240
75110
73560
72560
88111
83581
74751
72190
73160
76000
74330
77250
75800
73430
72441
73511
73401
73801
74040
72700
76800
77240
76090
76380
73901
73441
75991
74391
75131
72420
72980
75470
74700
73080
71950
71631
74771
73791
73631
71320
72110
74830
74720
75360
74620
76400
75341
74131
72751
73760
73240
73350
75860
74050
74200
73030
72630
78011
73011
73441
72680
74190
73150
72960
73760
72360
73210
73801
74361
72831
74841
74950
71770
74310
72790
72350
73260
71330
75201
73451
72711
73180
72610
74720
73310
72030
72170
71000
73021
75571
71711
72891
72290
73730
76570
74570
74910
72770
74520
76181
73531
73841
72971
72120
78120
73680
73940
72500
71780
75860
71821
72461
73531
72670
74590
74150
73270
71800
72500
73960
74011
77671
73151
72681
73750
73550
72810
72250
72600
74880
74410
73891
72831
72511
73460
75150
74910
72450
72250
74150
73390
75841
71551
72561
73990
73110
77890
73560
73000
74250
72540
75370
72730
72141
72311
75430
77890
73290
75500
73090
71460
77600
73260
72311
74771
72380
73600
75070
73460
73640
72560
77530
74710
73110
74121
72321
74891
74110
72300
73220
73510
74250
74660
76070
73431
72851
72861
75070
73280
73370
72790
73150
74240
76890
75930
74751
78101
76941
75960
76640
75750
74520
74660
77580
77240
74871
74921
75061
75811
75080
73310
73470
74320
76280
73650
72140
72521
71501
73851
75930
71820
77630
73870
73270
75910
73080
73070
72681
72941
77261
72610
73640
73200
72110
75490
74520
72070
72230
71691
75561
72411
71910
71850
71550
74900
74480
73700
74250
75901
74451
74141
74690
71350
70700
75170
74310
73630
72790
76490
74181
83051
73351
72000
71910
72490
75210
74390
71560
72710
74230
73031
74801
76170
72660
74110
73860
75210
73060
72170
73470
72171
75071
73391
74671
74250
72840
74770
72870
71710
74410
73190
74401
73581
72881
72960
72800
80100
76630
72860
73820
72580
74960
73731
73331
72631
74690
75860
74600
74060
74160
71330
74410
76501
73631
72281
72321
71860
74980
73460
72720
71160
72110
76751
74001
73391
73441
82250
76470
73680
73400
71630
72630
74760
74940
73891
72211
72291
75010
76220
74990
71480
71860
76730
75320
73921
71951
72371
74020
74550
74770
74770
74440
76290
77380
77700
74971
74261
76211
74860
77900
74460
74140
74290
74450
77950
76010
74341
75281
74411
76810
74550
73720
74820
78300
76530
77110
75520
74831
74071
76551
76440
74120
75930
74100
75600
76690
74350
75120
74321
74681
77421
74700
74330
74150
74820
76170
74620
75340
75501
74721
73941
74431
74320
72310
74330
72080
73370
73920
71460
73711
72721
73031
73901
72890
72160
73800
74230
73830
72130
72780
72931
74141
73801
76390
73340
72240
73940
76800
76350
75100
74001
75021
77341
73471
75500
75580
75520
78030
75540
74600
74290
74341
78481
76421
74961
73850
74180
78850
77330
76380
74370
72360
74540
73631
74501
71981
72500
73860
74050
74730
73370
72160
75230
74060
73851
72181
72961
73460
74710
74240
72690
72470
72950
77970
74571
71911
71981
72611
73290
74810
73190
72110
73990
73650
74080
72741
71631
73121
72660
74570
73080
72220
72820
71370
74630
72960
72621
72311
74791
75680
73510
71410
72680
72330
74900
75390
73300
72531
72071
73101
73560
72260
74280
72910
73510
73300
76280
74231
73031
73181
74231
72590
72470
73000
76010
75180
73420
73040
71730
72961
73821
76730
73730
70890
72660
72190
74670
75400
72160
72711
73731
73401
74201
72010
75550
72690
75250
73250
71840
76520
73561
76101
72011
70841
73750
73760
74790
74210
72880
72050
72870
71921
74331
73040
73890
72800
73890
74190
73510
72520
73340
74400
76081
73771
74861
73820
72720
74710
73230
72780
72520
71940
75100
73651
74061
72591
72000
74840
74810
75680
74420
74920
76190
75660
76091
74581
73171
76660
76560
76280
76530
75590
75560
77700
76251
73831
74591
74881
75250
75410
75920
73490
74710
77200
76561
77091
74041
75601
76321
75260
76260
74480
74700
75930
77200
79541
76411
74771
72061
75041
73620
72530
74840
72530
74270
76140
73320
73421
71801
72881
75451
73140
72460
72030
73390
74520
73100
72920
73301
73671
76451
73330
74250
71880
74330
76620
72170
72810
72560
71631
74171
73831
73580
73300
71940
74140
75190
72700
73420
71740
74121
74311
74861
75621
72750
76070
75500
73490
71930
73500
73831
74391
72931
78891
74830
73540
72510
72930
71380
72650
72140
72720
73211
73001
71541
72241
75320
76200
71910
71990
76020
71780
75171
71101
73021
74031
72790
74620
73470
72290
73300
71590
73700
74041
72671
71531
70411
71950
73640
71580
71360
71750
72360
72610
72871
74111
73711
74571
72670
71310
71340
70650
72550
73240
72420
72321
71561
72401
72581
72281
72850
70340
72380
72560
73340
72540
71640
73671
71991
72231
72760
74150
71630
73180
74150
72540
72790
74381
72381
74201
71901
71330
71910
73390
72680
73730
71140
71110
71571
70921
72551
72580
71350
71150
70750
73620
75080
72640
70910
70280
75411
72521
71151
70550
71900
73950
73540
71750
70290
70320
73820
73321
74301
71781
71550
75560
76200
73580
70460
70170
72090
74510
71541
70871
72571
71920
74200
73500
72590
73300
72830
74730
72261
72151
71101
72141
71760
74900
72060
71830
71960
71150
72990
71750
72091
71851
73661
93910
78610
73350
72460
71520
74310
71650
70770
72051
71161
74741
71590
70540
71900
71240
72760
72800
71260
72350
71811
75251
73841
94570
76710
73880
75310
75620
72560
73640
72060
72641
74071
74101
72200
72910
71520
73410
72780
73070
71990
72550
71771
72421
74181
71790
73440
73710
74380
73730
71590
77620
72541
73181
73461
72491
74180
71200
73780
72270
72080
72170
71820
71860
72701
71971
71071
71390
73290
73700
71860
80320
75770
72310
74860
72451
74201
74111
73210
74520
72620
72090
73700
72630
74210
72190
72591
73991
71851
75201
72990
71270
72700
71260
72690
74380
70790
75491
72671
73331
73891
75010
72210
72700
73640
73700
73530
72680
72281
73761
75521
72331
73050
71790
72690
74130
72060
73640
73130
71641
76201
73101
73271
72350
74060
73000
86570
76910
72790
75680
73560
73371
73001
72771
72910
72190
74660
73810
73180
73540
71440
76450
74171
71981
72931
71420
72680
77890
74930
73370
73780
77110
77330
72341
71851
72581
72530
76180
72390
72050
72740
66340
79160
74950
72341
71521
71671
75990
72300
72630
71670
74060
75570
73990
74040
71231
71511
76461
75800
73290
72110
71970
73130
74340
74910
75120
73581
73891
76111
73231
71930
71400
73500
73050
74570
73920
72970
75040
75171
76841
73311
72060
80330
74560
74740
71970
72700
72560
72510
75351
71991
71201
73050
72040
75900
73420
71320
71990
73010
73530
72961
71041
74781
72330
74480
77320
72550
73670
74340
73530
74810
72591
71801
70571
72530
72960
71770
74120
72100
70500
73890
71090
72751
72021
72181
74900
72010
72040
70730
73120
75220
73480
76100
73190
72881
72451
73491
73360
71500
72660
73340
74060
74840
72640
71910
71381
73321
73461
71420
72230
73660
74410
72390
71920
72350
74310
76921
79281
76010
81110
75150
72510
74610
72400
72370
71300
72020
75171
71891
71501
72310
70360
74020
72170
71950
71620
70780
74471
73461
71741
70821
70201
73170
77860
74350
71740
71820
72780
72770
71981
71391
71901
72141
74050
72590
71500
70620
72700
74300
71890
72290
72101
71821
73391
73890
73040
70770
74200
75190
75560
71230
73770
75391
73531
77371
73651
73190
74180
74090
77490
74290
72670
73180
73191
76681
74581
72860
73770
74360
76240
74510
73610
74740
77570
76181
76791
71551
71800
71150
72640
76110
72240
72430
70000
74430
74991
73031
72381
71040
72900
76270
72000
71720
70440
71680
76120
72901
70951
76541
73101
72481
77670
77730
74380
71700
73030
72940
72960
71451
70751
72111
73001
71500
70260
71700
72900
74520
71600
71320
70980
72021
73621
73341
74500
72230
73410
73020
75280
71900
71330
71560
72101
72961
71391
70551
71850
71470
74700
71820
71690
71830
71210
74761
72121
70951
71431
74030
75620
72940
74490
72830
71420
73850
75541
71871
71831
71010
73690
72550
71200
71140
71180
72510
73550
71340
72491
70361
71521
74430
70670
70570
71820
72120
74140
74940
72610
70931
72361
71901
73370
71450
71970
72350
72410
73230
72330
70860
71281
72441
72671
73061
71430
72710
72190
73670
72030
70350
72040
72620
74401
73601
72161
73530
71920
72190
74210
73380
74410
73900
74650
76051
74111
74151
72941
73890
76200
74210
73980
72060
71320
73760
72530
71011
71851
76901
74140
74020
72760
71250
69370
73390
73320
72911
71771
71221
72721
75871
72720
71750
71440
75630
71910
71460
70930
70461
72231
72571
72790
70430
76780
74980
74600
72010
72150
71550
72320
72441
74061
71581
71680
71410
72850
74390
71880
70830
72410
71260
75511
71151
70291
73190
71060
75530
74400
73010
75760
71590
74020
72750
72351
72791
71581
73630
73330
71890
72490
69970
74240
71880
71211
71861
74281
73191
73430
71020
72120
70650
73680
73910
71650
75360
72241
73111
73521
71301
72490
71000
73100
72710
73040
72550
71640
71710
71621
73381
73471
71440
74940
73220
71900
72210
70760
71610
70600
73741
75901
73451
78621
77470
79510
75770
73800
76330
72750
74810
76171
74481
75091
71480
71690
73290
72000
75930
72380
72390
72330
71530
71991
72421
71631
75670
71780
71580
70380
73320
75590
73930
89130
78441
73081
71801
73401
71020
72490
70710
72810
73330
71010
72510
71250
72871
73251
70591
71730
70870
73870
76070
72210
72040
71140
72090
73431
71921
72901
71980
71860
71780
73420
71730
71230
73200
72770
73170
73041
70461
72931
72040
74400
72060
72230
72160
73400
75900
76001
70901
72571
71781
74021
73290
72300
71390
71690
71990
73200
71980
71441
71661
71461
74731
72550
73060
71400
72070
74880
72550
71520
75180
70560
74381
72111
72670
71800
71170
74240
70690
71740
71310
70790
75121
72351
72121
71971
70861
71850
73080
70950
71350
71330
72490
73380
72211
73101
72481
71661
72990
73750
73540
75110
74960
74450
74420
73590
72931
73931
74731
75600
74510
75090
74300
73910
75810
74410
74060
73611
74141
76811
77261
74650
74070
74050
77520
74880
72550
72980
73240
75501
74361
74691
73810
74430
75720
74940
72770
72440
73850
74190
74721
74311
76281
73531
75010
75910
76590
74900
74000
73780
76350
74330
74581
71411
71761
72310
71210
71730
71320
72060
71310
71820
73120
70351
74361
71681
73081
73930
72730
71940
72710
74100
73420
74190
72860
71211
73901
72241
72040
71600
71250
74770
72060
71230
73280
73020
73081
73441
70941
71100
71620
72750
73920
73060
71360
71160
72420
76570
71321
71431
70441
71161
73810
72150
72590
73030
71290
75070
72250
72841
70461
71491
73181
71920
72160
72060
70750
73870
73940
72390
72080
73381
73121
72991
73151
71230
70430
72690
74260
72360
71660
71910
73560
74751
74961
73781
74910
74200
73890
76560
74130
72930
75780
73670
75061
72801
76061
76171
75190
77180
75750
73300
75760
72390
77420
75360
72921
72851
73271
77590
74690
73310
73170
71430
73920
73150
71830
71661
71671
74701
74251
71950
72580
71990
73690
73890
72100
70800
73190
72151
73631
71841
71971
70830
73030
75940
71330
71110
71700
71110
73231
72861
71851
71901
71281
72830
72080
75600
71540
71930
72750
72790
72521
70671
71881
73481
73140
72340
70360
86140
76490
74320
73010
71961
70601
72861
72681
74191
72820
72810
72040
71870
75750
72010
70840
71410
71611
72831
71141
70660
71180
71570
75610
70940
72400
73990
71300
74271
71461
70891
72691
73670
72540
73320
70910
72000
71830
74950
73640
72471
72381
71771
74141
72140
70910
72980
71020
72840
74280
73530
72581
71801
71801
73551
71291
72470
70640
71000
74270
73360
72900
71010
74371
71971
74231
72801
71610
72160
72990
74940
74670
