82840 
65990 
57420 
106190 
92470 
77890 
64230 
58300 
59930 
58090 
54770 
52810 
53950 
53210 
56130 
54380 
51780 
28680 
27410 
22520 
25510 
21940 
29530 
24860 
22750 
21050 
25670 
21720 
28500 
27660 
23220 
21670 
28010 
28830 
26370 
32480 
39190 
36670 
31490 
31390 
31030 
36550 
31950 
29850 
40420 
37800 
31220 
30060 
38210 
37020 
32430 
29300 
39510 
35430 
32400 
29740 
41500 
41130 
36060 
37030 
38210 
36450 
27130 
26890 
27670 
27670 
24930 
20660 
29730 
26870 
23940 
21370 
51660 
40680 
32700 
26860 
23010 
21490 
35790 
29900 
26010 
22160 
29160 
24260 
24220 
20510 
27460 
26880 
23680 
21430 
27560 
29010 
23370 
20560 
28590 
25840 
25780 
22790 
29000 
27030 
25270 
20690 
28810 
43960 
32300 
30060 
41060 
36930 
31900 
29130 
36080 
34590 
31700 
30690 
38170 
34400 
32030 
28400 
36580 
35090 
30690 
30010 
37540 
35670 
31840 
30120 
35320 
36440 
31480 
43730 
29480 
22780 
24260 
21940 
27530 
27410 
24090 
24040 
30150 
27810 
42360 
36860 
40180 
32850 
24180 
20970 
30170 
25940 
24120 
21220 
28760 
27640 
23480 
22490 
28750 
25440 
26150 
21240 
56360 
55610 
51190 
55100 
49910 
27480 
28660 
25590 
24870 
22020 
28710 
28800 
25830 
21210 
42480 
36370 
31890 
31650 
32700 
29880 
30750 
27540 
37120 
35140 
31530 
29170 
37730 
34030 
31890 
28870 
37570 
35310 
31770 
29610 
36740 
38040 
31330 
29260 
38570 
34220 
32330 
22580 
30250 
30410 
53910 
57020 
52970 
61460 
54110 
58290 
48930 
97680 
89530 
80550 
59760 
32120 
26970 
27150 
50610 
53080 
49310 
54210 
49470 
69490 
56670 
30410 
25400 
27470 
24210 
19450 
27300 
25970 
23310 
21910 
26430 
27400 
24310 
21120 
27320 
26930 
23710 
21180 
43690 
36550 
31460 
27750 
35340 
35400 
32290 
29960 
35610 
36620 
32700 
29560 
36830 
37180 
31150 
29650 
34770 
40970 
32390 
25120 
30860 
27790 
36590 
36880 
33990 
30320 
38890 
28920 
24720 
20350 
26290 
28040 
23320 
21990 
30190 
27560 
27310 
40900 
47970 
37800 
30710 
21390 
26730 
26990 
23840 
20050 
25040 
25400 
24340 
20940 
26930 
25310 
24230 
26950 
51720 
55920 
47350 
55090 
49200 
55340 
50740 
56170 
50160 
58030 
51260 
58040 
51660 
52910 
50870 
89100 
68260 
77800 
66410 
76810 
71710 
77280 
67820 
76540 
68460 
76600 
67940 
79500 
66340 
71730 
66930 
75730 
68480 
75680 
66040 
74510 
68900 
76680 
70390 
78210 
65370 
75570 
50680 
56840 
52260 
53850 
55180 
53870 
52940 
62280 
54000 
30460 
43700 
37000 
34350 
26840 
28910 
27530 
24550 
20410 
27750 
25270 
25160 
22490 
26730 
26040 
22490 
23040 
27800 
26500 
27180 
22630 
28100 
25170 
23030 
22090 
27840 
26180 
25610 
21240 
29340 
29000 
26840 
36410 
38160 
35480 
32720 
29530 
36480 
35760 
32020 
29540 
36780 
34470 
31670 
27530 
42080 
37600 
35360 
29190 
37850 
36460 
30810 
29590 
35310 
35800 
31410 
29900 
37190 
40370 
27430 
19090 
25530 
27560 
25010 
22170 
26870 
30890 
25000 
22900 
128930 
45410 
34370 
28550 
31500 
26240 
25010 
19380 
27810 
25980 
22570 
20320 
28220 
25620 
24490 
21660 
26840 
27310 
23790 
21790 
25290 
25590 
23650 
19310 
27400 
29360 
26270 
21660 
30620 
27210 
25800 
21210 
40030 
36490 
33950 
30710 
38840 
37300 
31390 
28910 
36170 
35620 
34720 
29610 
37970 
36160 
31330 
29750 
35410 
36550 
30910 
29560 
36400 
34910 
34230 
31220 
40600 
36830 
32740 
21550 
28490 
26840 
25090 
22480 
26720 
27610 
26100 
25530 
23920 
44580 
39030 
29650 
34160 
28320 
24570 
20950 
26820 
25510 
23270 
20680 
27560 
29830 
28000 
26410 
24710 
22910 
24770 
26300 
23930 
22820 
27600 
26560 
26150 
23820 
29200 
28060 
24210 
22950 
29660 
27440 
35860 
28610 
39050 
37040 
32280 
30640 
39140 
36730 
32580 
27840 
106410 
34340 
42400 
18050 
37300 
36520 
32080 
28890 
38870 
34950 
31730 
29990 
38200 
36000 
33020 
28690 
40870 
29150 
23820 
22060 
29420 
28350 
25250 
19140 
32930 
27900 
28790 
41140 
48740 
36950 
31690 
20890 
30570 
27390 
24750 
22350 
26730 
26240 
24270 
20660 
30220 
26610 
22990 
21650 
28440 
26910 
24650 
21740 
29430 
26340 
24660 
23040 
29000 
27980 
24760 
21270 
29360 
27540 
24700 
32990 
44760 
54070 
38280 
26620 
83550 
24320 
29190 
29080 
37870 
36390 
32530 
28660 
38350 
36800 
32780 
30720 
40150 
37040 
32010 
28850 
37520 
36100 
30220 
29090 
38890 
40020 
26530 
23710 
25530 
21820 
29530 
26350 
25510 
22680 
29830 
27530 
40220 
36090 
39360 
29960 
25450 
21300 
27890 
25830 
25150 
22300 
27550 
26910 
22780 
20820 
28950 
25870 
24090 
21320 
27480 
25870 
23650 
21750 
27930 
25430 
27940 
22070 
29830 
33720 
27640 
26400 
23650 
36050 
38280 
35900 
31210 
30600 
37860 
36960 
31980 
29930 
37970 
36490 
31430 
30030 
38590 
35270 
32350 
30980 
34350 
34090 
30460 
29300 
34820 
36450 
32730 
29370 
36120 
41290 
28680 
21760 
27550 
27390 
26150 
21320 
28210 
29020 
25240 
22160 
55620 
45840 
36080 
24690 
29560 
26450 
23770 
21320 
27130 
31780 
26010 
24280 
23280 
22110 
26730 
26150 
24080 
21250 
27380 
24700 
23820 
21150 
27450 
27440 
24970 
23580 
30450 
27840 
24260 
21640 
28630 
27350 
36650 
30150 
37800 
36200 
34870 
32080 
39320 
36920 
31890 
29670 
40080 
34900 
30810 
28820 
35760 
36840 
31930 
29360 
38320 
35750 
31340 
28950 
36640 
35760 
31910 
28780 
38910 
31770 
30990 
27910 
24750 
23160 
28870 
28040 
24880 
22070 
61090 
98910 
94300 
78940 
58190 
58370 
54810 
56400 
54640 
55010 
49380 
57340 
51640 
57660 
51010 
51070 
53960 
51770 
49630 
56220 
51560 
56460 
51160 
54590 
53160 
56290 
53300 
60510 
51740 
57760 
51870 
54860 
88590 
75820 
71890 
79060 
71160 
77340 
74240 
75600 
71710 
43650 
32850 
38370 
32040 
31120 
38260 
35210 
31980 
28750 
37920 
36680 
32660 
41940 
71580 
77000 
73840 
76300 
135290 
65830 
51200 
58520 
51230 
57650 
52190 
52690 
56440 
58330 
55090 
104500 
97070 
81400 
67600 
59380 
50610 
57370 
51420 
55090 
50030 
52310 
50120 
53620 
49120 
54360 
55730 
58320 
51790 
54580 
52620 
30290 
49070 
55690 
44790 
33780 
27500 
26620 
25990 
22330 
27840 
30240 
24480 
32400 
39680 
27860 
35490 
30850 
36900 
36810 
32260 
30990 
38450 
35380 
31580 
28070 
36840 
35860 
31100 
29330 
38750 
36500 
33670 
29070 
36060 
36120 
30940 
31110 
38960 
35170 
26380 
20410 
30330 
28810 
24120 
21170 
31420 
29730 
26160 
22580 
106660 
42470 
33280 
24420 
29390 
29560 
25490 
20850 
27370 
27840 
24290 
20540 
28990 
26530 
24180 
20700 
25070 
24240 
23520 
21070 
26540 
24170 
24800 
20650 
29500 
27790 
25160 
20510 
31560 
29030 
26070 
36300 
38160 
36180 
32060 
30170 
37370 
35220 
31490 
29930 
36910 
35920 
31980 
29400 
38230 
35030 
34170 
40790 
73300 
79620 
71220 
78350 
63860 
76680 
70270 
75540 
69280 
85430 
56060 
53940 
50850 
55780 
52710 
58530 
48550 
37090 
27930 
20790 
48720 
41080 
41990 
34740 
25450 
22520 
26750 
26250 
25060 
20190 
27980 
24840 
23730 
22130 
28660 
26130 
23100 
19810 
28760 
25760 
23630 
22430 
27230 
26000 
28500 
22860 
30130 
26970 
24180 
22730 
30510 
27750 
36790 
28700 
38070 
35470 
34940 
32400 
41450 
39490 
33740 
37450 
35420 
26640 
32630 
25820 
36610 
28840 
38000 
30760 
37620 
26220 
35090 
27560 
33790 
29060 
37190 
35560 
34190 
21850 
113720 
30900 
27930 
32130 
25840 
29790 
29580 
26850 
22300 
37180 
48210 
36960 
30590 
22040 
29270 
27520 
22680 
23560 
24270 
25900 
23130 
19690 
25940 
27450 
23590 
20640 
28400 
26380 
25140 
22930 
28580 
25860 
23780 
21880 
29030 
29520 
25450 
23920 
26180 
28950 
38330 
28850 
36500 
37140 
30950 
30470 
38050 
35570 
29180 
27330 
34980 
35210 
30540 
27650 
36710 
34200 
31780 
28840 
36250 
35680 
31440 
29100 
36840 
35880 
29980 
28550 
40330 
30230 
24710 
20270 
29520 
27540 
25140 
21030 
31200 
27740 
25210 
40720 
51920 
37990 
31540 
26630 
23860 
21390 
27220 
25210 
25060 
20320 
27810 
27990 
24690 
22370 
27080 
26310 
23910 
20780 
27750 
25300 
25020 
21440 
26610 
26710 
26090 
23550 
29800 
28640 
25380 
22570 
27360 
40170 
31620 
29510 
34630 
35490 
31280 
28570 
35630 
34620 
35200 
32630 
39920 
36130 
31230 
29330 
37210 
36580 
31600 
29610 
35470 
34420 
30120 
30160 
38250 
33900 
32340 
27330 
30640 
28510 
24600 
22840 
29770 
25330 
25430 
23250 
28400 
26860 
41900 
35900 
40260 
29600 
26800 
20660 
28760 
28000 
20560 
20680 
27820 
26530 
25120 
20930 
25690 
25750 
24600 
21530 
29160 
25760 
24990 
20540 
26830 
27100 
24460 
23650 
28270 
27460 
23670 
20270 
27050 
40830 
31810 
29720 
38440 
34120 
33370 
28710 
39420 
35800 
30950 
30790 
38790 
36160 
32090 
30180 
36700 
34950 
30790 
31200 
38890 
35760 
31340 
27620 
37300 
36120 
32590 
31640 
30630 
25850 
23490 
22430 
27410 
26880 
24850 
23680 
30190 
26730 
43220 
37600 
42020 
34770 
25870 
22000 
28550 
27210 
24250 
21840 
27410 
26510 
24530 
21420 
28800 
25200 
24360 
20160 
27180 
29080 
23660 
21040 
28640 
27090 
26190 
23310 
29630 
27570 
24270 
22100 
30250 
26510 
37250 
28940 
38180 
41070 
34650 
36280 
30700 
29710 
39750 
36430 
30620 
29330 
37380 
36240 
29290 
29610 
40850 
36590 
31810 
31610 
38750 
37790 
33710 
30610 
37670 
36690 
32490 
23080 
28180 
28990 
24020 
20620 
28650 
28280 
25870 
23800 
24000 
47960 
40420 
36950 
31820 
23410 
27280 
28530 
24550 
21290 
27870 
25900 
26140 
20460 
28600 
27210 
22630 
24510 
24230 
26950 
22650 
22060 
22400 
21050 
26970 
28210 
23740 
22060 
28450 
28310 
26560 
22430 
45760 
37540 
32780 
29470 
37930 
35720 
31550 
29490 
38110 
35930 
34710 
28270 
38650 
37220 
31070 
29780 
38300 
35950 
32660 
28750 
38290 
36600 
34110 
31300 
40880 
36700 
34040 
23590 
29180 
26860 
25580 
23080 
29500 
25870 
27840 
23850 
27410 
48960 
39090 
31150 
33870 
29000 
25010 
20540 
28670 
26630 
24020 
21860 
28480 
27750 
25210 
20850 
29920 
28080 
25050 
21840 
27700 
26500 
23440 
19860 
28310 
26690 
26440 
22790 
29280 
27560 
25560 
21030 
29800 
40510 
32010 
29940 
37030 
40550 
32700 
31750 
30780 
28890 
38350 
36820 
30100 
28630 
36970 
36210 
31910 
31410 
31190 
34900 
30890 
29490 
35600 
35540 
32140 
27980 
37310 
34720 
24980 
21240 
29420 
28400 
24870 
20680 
28850 
29840 
24920 
20670 
51340 
41550 
33490 
23090 
29290 
27380 
24140 
20810 
29100 
25640 
23600 
21410 
28320 
24940 
24710 
21500 
29760 
25930 
30860 
24870 
27560 
28480 
23510 
20540 
29620 
27330 
26080 
22990 
27130 
27330 
25090 
37450 
37920 
34380 
32000 
28540 
37370 
37310 
30630 
29690 
38260 
35740 
34270 
29100 
37350 
36690 
32450 
29890 
37020 
34130 
32060 
27130 
36740 
36990 
30880 
29140 
37690 
40930 
29200 
22340 
27190 
28170 
26040 
25010 
24250 
28910 
25360 
23750 
43970 
41020 
48110 
34520 
25070 
22320 
27320 
26120 
24030 
21510 
26850 
26420 
23030 
20360 
28500 
24830 
23170 
21550 
27310 
26850 
22720 
20990 
27970 
25880 
24790 
22740 
29000 
28150 
24540 
20770 
29140 
27560 
37300 
29860 
37080 
36300 
31860 
29750 
38160 
35550 
31460 
29660 
37770 
36020 
31330 
28290 
37640 
36490 
30680 
31320 
35740 
37660 
31840 
29330 
35810 
34270 
30430 
29010 
37490 
30260 
22990 
21690 
29580 
26030 
24760 
22290 
30860 
27280 
26080 
37410 
47310 
38110 
29730 
28090 
24520 
21760 
27690 
24930 
26800 
22410 
28280 
27540 
25350 
23800 
26060 
26050 
25200 
23750 
24330 
21730 
27620 
26120 
22620 
20720 
30310 
28320 
27390 
32410 
30850 
27500 
37430 
29640 
38810 
35230 
30130 
29730 
36310 
38120 
33110 
28500 
38220 
35050 
30840 
29410 
37530 
36830 
33360 
27420 
37600 
35240 
31490 
30980 
31740 
37280 
31480 
28600 
39990 
29670 
23860 
21520 
29560 
27770 
25620 
20640 
31060 
28390 
24510 
40200 
51160 
37810 
29800 
21220 
27190 
26320 
23340 
21740 
28620 
26190 
25340 
21210 
27210 
28540 
25010 
21260 
26710 
26720 
24220 
20390 
28270 
25980 
22840 
21900 
28670 
27100 
26220 
21070 
28370 
27010 
23420 
33700 
37120 
37000 
33560 
28180 
38340 
36710 
41740 
27490 
100630 
35980 
39830 
22050 
37050 
34580 
29910 
29640 
36030 
35630 
32410 
29620 
37010 
36670 
32100 
30270 
36490 
33720 
26610 
22260 
26380 
27730 
24870 
20630 
28110 
30970 
25660 
21630 
50210 
41040 
34820 
23810 
28410 
26570 
24580 
20960 
26540 
24120 
25710 
23860 
30560 
27050 
23320 
20720 
27700 
24820 
23340 
21200 
25630 
25760 
25510 
22110 
26690 
25650 
24250 
21290 
27240 
28160 
24060 
36950 
38530 
36320 
31890 
29780 
37510 
35990 
31600 
29360 
36360 
35370 
30360 
30020 
36050 
36750 
31840 
29020 
35910 
36290 
31170 
28910 
37640 
36370 
32680 
28040 
36430 
38440 
25870 
21200 
26230 
27540 
23710 
20590 
26560 
27790 
26110 
21580 
52430 
43450 
35890 
26160 
29180 
26320 
23180 
21730 
27000 
25910 
23850 
20230 
28020 
25270 
25620 
21540 
26570 
26610 
24030 
20800 
27030 
24670 
24140 
20640 
29870 
27170 
25730 
21330 
27940 
27110 
23830 
21570 
42760 
37110 
30560 
40050 
70830 
76130 
66590 
75440 
66350 
78320 
64910 
72220 
68150 
73930 
68450 
76850 
65080 
76460 
68330 
75000 
67340 
74100 
67130 
75450 
63680 
79120 
69780 
57880 
51260 
56620 
50100 
57450 
49920 
57080 
57120 
57270 
51700 
98890 
81340 
77950 
55120 
59730 
49170 
56730 
54900 
51850 
52520 
55680 
49120 
53830 
49600 
54290 
50000 
52470 
48070 
52660 
46260 
55310 
50230 
50860 
52250 
53200 
50680 
58390 
51950 
57650 
51650 
31610 
83880 
74310 
74550 
71240 
72620 
78190 
87570 
42120 
41190 
30940 
35430 
32070 
37070 
36290 
31990 
29110 
39150 
37830 
31350 
29460 
38560 
34790 
31140 
30490 
33110 
37680 
33170 
25760 
28290 
26440 
26670 
23280 
28910 
26520 
25480 
22490 
29180 
48350 
40670 
30400 
37770 
26970 
26530 
21840 
27260 
27150 
24490 
21670 
29760 
26250 
23480 
22540 
28080 
26610 
23680 
20770 
28000 
25440 
23800 
21370 
27160 
26300 
24970 
23200 
30410 
26800 
25020 
22520 
29030 
39890 
32570 
29220 
38600 
36770 
31510 
29430 
36910 
36610 
33130 
29550 
37420 
36200 
31080 
30150 
35900 
37420 
31300 
28790 
37800 
35770 
31070 
29130 
37340 
35610 
31870 
27790 
32100 
26500 
26340 
22180 
28750 
25370 
28330 
22510 
29600 
27590 
40310 
35480 
40640 
30350 
25450 
21370 
28280 
25920 
25380 
22680 
