1113980 
68140 
53250 
58250 
56480 
57550 
58900 
52660 
59370 
57040 
56120 
48880 
60450 
59500 
56700 
44950 
57670 
26960 
111830 
71610 
73650 
66510 
70680 
72820 
78310 
61610 
66720 
68110 
80130 
37500 
34860 
40750 
79500 
38010 
60060 
67310 
76430 
74610 
72320 
1120510 
72650 
59680 
71020 
1124950 
79720 
50560 
50630 
1096960 
58070 
34450 
45900 
58850 
60000 
50400 
51390 
51690 
85500 
34820 
39800 
55760 
55920 
29130 
27180 
58370 
30400 
28160 
55700 
54870 
53030 
49420 
49320 
57220 
47890 
57350 
59890 
58850 
49480 
55200 
47440 
55570 
56780 
53440 
58400 
58600 
1116530 
51620 
47820 
91160 
73600 
71820 
71350 
67730 
72080 
65010 
65550 
40650 
68220 
101300 
61740 
70500 
71190 
66810 
72760 
72280 
66660 
69510 
71450 
74290 
69380 
34000 
75270 
36930 
69620 
31550 
78370 
58270 
52140 
49410 
29470 
52880 
51610 
52100 
61650 
27330 
60820 
49580 
51550 
1123720 
62710 
26640 
53890 
28040 
26690 
25390 
31120 
54280 
54840 
49760 
28090 
30080 
67140 
27670 
28900 
55090 
55780 
26620 
25790 
31040 
23730 
28530 
58710 
53890 
23270 
29210 
56620 
51570 
23690 
1160750 
41660 
72800 
38320 
40290 
99200 
77590 
35940 
89810 
67270 
73270 
39150 
71100 
35720 
332110 
33660 
41510 
1085910 
72900 
31960 
70960 
75450 
66040 
39190 
38980 
76540 
43500 
27480 
28660 
55060 
55420 
32120 
30930 
56830 
40200 
31840 
72710 
113380 
49240 
47820 
37770 
56380 
50560 
52530 
53710 
54750 
49730 
26910 
53300 
30030 
47750 
29470 
27200 
48800 
29190 
53460 
52760 
53330 
49440 
60540 
1102810 
57620 
24520 
57020 
28930 
60060 
47420 
27390 
56000 
71540 
76360 
40320 
71860 
100580 
75050 
38880 
73610 
32350 
71260 
63640 
79060 
37790 
34140 
71530 
70070 
79380 
1094240 
75080 
66460 
32380 
67380 
37860 
66290 
35380 
71960 
69150 
70100 
30220 
55870 
1106900 
50830 
53750 
48110 
1097670 
62890 
54260 
57760 
52410 
91370 
68710 
30000 
63890 
28740 
25800 
28080 
49200 
52130 
31170 
45510 
48700 
55650 
53610 
45730 
51380 
39710 
29080 
28160 
31010 
23820 
1105140 
49980 
26610 
53970 
51700 
55970 
28000 
54030 
322950 
1089320 
83630 
36410 
68450 
39200 
37330 
67140 
68140 
69840 
36620 
70770 
66870 
70000 
70770 
74010 
38820 
65410 
38570 
68250 
70490 
67000 
40520 
70660 
69820 
69340 
34710 
1120420 
36620 
36670 
29640 
29780 
31320 
27640 
23140 
55750 
30740 
31220 
27450 
49390 
87450 
83350 
70620 
33470 
27550 
51320 
29050 
26720 
28690 
51110 
27060 
27130 
26200 
50600 
24480 
53340 
28600 
50490 
1103130 
23220 
52600 
48870 
27020 
27440 
49960 
28590 
58650 
1089380 
55590 
24570 
31390 
64230 
42210 
39240 
64620 
72850 
95800 
36370 
67350 
72320 
73900 
40670 
72110 
72870 
36600 
32220 
38810 
71360 
67670 
64760 
39060 
65750 
69920 
35890 
41350 
38110 
37160 
38380 
77460 
33260 
28640 
26970 
30390 
53880 
24580 
28990 
1114370 
27490 
29590 
57820 
1140940 
71420 
30890 
30920 
1112090 
26590 
62520 
27590 
52360 
69980 
55050 
63080 
51630 
55220 
49400 
54710 
56780 
57390 
52120 
26260 
54920 
29500 
55460 
46840 
32400 
30120 
28030 
109620 
57470 
23490 
54700 
90200 
37620 
41010 
37050 
80540 
36530 
78340 
72280 
40170 
33950 
74340 
73170 
39680 
37580 
37010 
72020 
71980 
37460 
71880 
36880 
29880 
40190 
65690 
74810 
67840 
67100 
73300 
72850 
32780 
55490 
54140 
48040 
27320 
27600 
30550 
53260 
57100 
55050 
93540 
82390 
75120 
51470 
51090 
52770 
54430 
52510 
65400 
53090 
46010 
50140 
26760 
24730 
48180 
54990 
25960 
54670 
51080 
28530 
1112150 
48020 
50980 
27970 
26830 
70850 
58200 
58390 
23470 
1063090 
55620 
27280 
45940 
38180 
76090 
38610 
35580 
66840 
91640 
76800 
32890 
43170 
42980 
74910 
67730 
76520 
36350 
37610 
36320 
74180 
72740 
39280 
71460 
72190 
65570 
39010 
34180 
39530 
80070 
1101240 
22320 
57930 
27040 
58260 
21820 
29120 
61850 
49540 
1106360 
89270 
89790 
35520 
68380 
85070 
24190 
29350 
66080 
54520 
52300 
48750 
52470 
54700 
95490 
22780 
28740 
57010 
78540 
46710 
27010 
25590 
53900 
49900 
29380 
50940 
56960 
78880 
58050 
56780 
58950 
21730 
54260 
86390 
36460 
69520 
39080 
37180 
68840 
68280 
39400 
68420 
37570 
40530 
64170 
38800 
72980 
69660 
70470 
33370 
36460 
39720 
71490 
101790 
73270 
38190 
37910 
101740 
67870 
71700 
71330 
55470 
23060 
54870 
48770 
30500 
51010 
26370 
32730 
27750 
48870 
51160 
45190 
62180 
72980 
26970 
29590 
69540 
64340 
63060 
20310 
46370 
56200 
77460 
28860 
52010 
47790 
73230 
30030 
22590 
52060 
30970 
26300 
53170 
27920 
52790 
28840 
28420 
29680 
55320 
32180 
21870 
61020 
45740 
40420 
82180 
77300 
74280 
69730 
66390 
77300 
34160 
35870 
38380 
75040 
35860 
73900 
1118730 
39440 
36200 
33390 
39500 
63440 
42630 
34440 
79450 
76020 
36800 
30840 
86430 
50860 
29930 
50640 
56550 
64730 
29140 
47240 
29750 
61320 
31010 
54500 
52280 
79850 
38510 
58760 
58240 
26500 
1109450 
18800 
31470 
31730 
56710 
47330 
29890 
48280 
25870 
1102100 
52730 
25510 
24680 
52320 
71690 
28740 
75760 
63190 
28720 
52590 
54390 
51010 
55530 
51410 
22840 
78310 
39650 
37410 
73240 
70450 
69870 
36990 
70350 
69750 
69760 
36020 
70610 
70710 
67360 
35090 
70550 
38830 
62750 
36250 
38560 
68270 
39310 
71970 
31370 
71000 
33700 
75880 
38500 
31970 
53420 
57330 
27860 
56300 
28450 
24220 
61280 
23870 
59550 
92140 
85910 
66960 
37260 
108220 
51190 
50740 
29720 
50280 
52670 
46800 
25780 
29830 
48810 
25890 
28560 
56230 
25250 
54930 
55180 
29790 
49820 
46980 
53170 
56620 
55180 
28670 
28070 
52170 
23780 
29530 
30270 
87940 
41270 
73690 
34750 
35760 
38350 
37400 
589830 
40670 
35530 
74550 
68170 
62710 
36800 
74430 
31580 
37660 
71180 
71510 
70480 
36390 
38400 
74590 
69580 
36150 
38050 
35480 
70180 
25150 
25380 
27020 
58880 
27430 
51640 
61740 
26040 
55250 
27080 
59780 
78510 
38740 
84720 
26990 
25490 
28390 
26610 
31950 
50310 
24800 
53560 
29080 
22290 
51770 
29150 
26890 
28880 
49930 
27490 
29890 
31880 
27360 
28790 
29410 
29070 
25750 
53260 
30590 
64740 
49280 
54360 
79860 
37620 
67560 
76030 
65050 
40880 
39320 
38480 
37970 
37810 
35190 
37760 
40960 
37080 
97550 
38060 
38810 
70210 
1632510 
39260 
58700 
34630 
71890 
36430 
41370 
66790 
78280 
27310 
26630 
29430 
58230 
1081680 
30030 
25480 
69110 
63070 
55030 
55200 
47000 
76750 
38370 
29350 
48050 
59370 
52190 
26510 
49850 
28310 
28170 
25440 
24920 
28660 
27920 
29800 
52610 
30210 
25430 
27750 
48630 
29440 
28140 
26980 
59290 
29100 
31500 
58350 
22820 
30670 
29960 
46560 
71210 
40110 
37830 
33150 
42200 
37350 
35470 
38670 
40810 
40030 
37500 
34310 
74390 
38200 
35220 
36090 
74980 
77780 
33780 
37160 
67890 
68940 
90310 
36760 
69600 
76520 
1317710 
63820 
42580 
26550 
28620 
56180 
52120 
45640 
58340 
62600 
28280 
113820 
50580 
67540 
34630 
27490 
56410 
58920 
26750 
51560 
50950 
56740 
48100 
47600 
28790 
54560 
47450 
55620 
52680 
48870 
30610 
22680 
1100680 
47770 
50880 
51650 
53980 
57070 
51150 
26040 
60290 
27770 
48410 
81160 
73510 
71870 
67110 
68560 
79210 
69200 
73590 
40080 
67920 
70920 
88600 
69350 
73210 
41590 
59850 
72550 
71190 
37760 
67180 
69140 
36560 
70340 
70730 
1118460 
71120 
43420 
51970 
1096440 
29410 
27630 
28030 
55830 
51340 
51670 
27090 
63620 
99090 
49440 
43520 
70790 
47660 
26550 
26590 
56280 
50260 
23290 
53680 
56890 
54740 
47320 
29690 
57110 
47510 
54310 
26120 
54040 
46530 
25190 
28260 
53240 
52680 
24650 
27180 
56590 
28860 
25950 
25900 
53690 
87600 
76060 
35140 
36150 
73480 
71560 
38880 
34560 
38930 
38950 
36910 
73020 
35650 
38380 
1110550 
73060 
37690 
36540 
71730 
70030 
34470 
35540 
74390 
70670 
34980 
38580 
69810 
74870 
25340 
46680 
49340 
61410 
79810 
26630 
52000 
122840 
50170 
54740 
47410 
48330 
38170 
31330 
58600 
24590 
26890 
29780 
57110 
96030 
57760 
1093590 
29920 
23820 
51050 
54580 
49480 
24040 
28040 
53470 
58150 
48040 
30470 
52290 
48040 
60710 
47980 
58150 
27540 
29110 
28980 
27110 
44790 
36800 
69890 
73070 
73630 
37160 
39280 
119160 
72940 
1120280 
69550 
38390 
41770 
40160 
93830 
66880 
38770 
72680 
96270 
66710 
39010 
37840 
77230 
33090 
39500 
62430 
131430 
30520 
27380 
54330 
25770 
1107290 
54770 
52420 
58650 
32650 
31000 
28600 
48710 
82020 
63390 
53120 
50820 
26200 
29360 
59260 
22400 
53140 
27310 
50700 
24430 
26500 
53170 
26230 
28470 
49070 
56290 
50380 
24190 
54310 
28960 
51940 
49590 
31790 
56650 
55970 
30320 
48130 
29170 
37030 
66490 
67920 
68710 
35730 
36660 
63580 
66300 
67920 
78890 
37600 
62690 
35770 
37260 
65600 
37270 
36460 
1111430 
72710 
69720 
38430 
39410 
43230 
41820 
33380 
71640 
1113350 
74350 
53170 
28090 
27160 
30590 
26670 
26370 
30330 
60900 
67300 
26900 
92470 
87420 
1683440 
35800 
55630 
54000 
28840 
50940 
27900 
31200 
26170 
54340 
24090 
27450 
29460 
51820 
50970 
53040 
53460 
27400 
26740 
29750 
54390 
54320 
54270 
51160 
22870 
57640 
55430 
29100 
29230 
56990 
47440 
39410 
37520 
75480 
38610 
67430 
72870 
62390 
39700 
1121810 
64740 
72510 
35780 
1135750 
66200 
72940 
39890 
74960 
39900 
62160 
76190 
73530 
68970 
70980 
33440 
77330 
74060 
40720 
29990 
25270 
59270 
29060 
28070 
25090 
55930 
58310 
55020 
25470 
51790 
80840 
44650 
28590 
29200 
50290 
55170 
23430 
53930 
52810 
28710 
56150 
54540 
28180 
28680 
47730 
57260 
51980 
28310 
31090 
56510 
25530 
26630 
29160 
30130 
28290 
58640 
1085290 
57440 
29820 
54290 
28020 
42230 
79110 
68170 
40380 
34530 
39180 
77930 
75620 
70620 
40410 
43860 
38860 
37700 
41150 
38610 
38680 
40910 
39610 
37320 
1091770 
40390 
35540 
35280 
72340 
72210 
43290 
41950 
59100 
33660 
109230 
33820 
60070 
55660 
43680 
60900 
61790 
50520 
55590 
52130 
81620 
73650 
48540 
55300 
57130 
55180 
53530 
26640 
55860 
54180 
23460 
30840 
53560 
26960 
26170 
53180 
31040 
48960 
28460 
29290 
58950 
52690 
54140 
1108580 
58560 
27080 
31560 
58710 
26220 
26490 
45060 
79840 
68550 
32780 
38230 
70790 
40220 
39720 
38930 
72220 
65430 
75320 
40580 
72660 
67990 
38980 
38720 
77780 
69950 
39470 
38000 
71630 
71340 
68630 
1366530 
74310 
68390 
77540 
58990 
52820 
56500 
53640 
55970 
56070 
54960 
33620 
57670 
55740 
52310 
48090 
64580 
65800 
27730 
57640 
1104660 
55180 
27630 
50850 
1101140 
25610 
27290 
57460 
53780 
53610 
46580 
25640 
56280 
27660 
27000 
49880 
51470 
53570 
36100 
31980 
59510 
52770 
44590 
31500 
31750 
61080 
43250 
38300 
39960 
39900 
35740 
62720 
74720 
37910 
35650 
69710 
71950 
35250 
39650 
1120760 
73690 
37260 
33620 
43630 
76630 
38950 
33880 
73190 
73080 
39130 
37610 
73560 
75170 
55290 
26140 
52680 
50610 
28920 
25250 
53030 
51580 
64030 
52880 
96690 
84090 
74130 
67510 
31280 
30110 
49200 
29120 
52900 
27040 
27160 
1099490 
52380 
51230 
43530 
49820 
53310 
26540 
46300 
58830 
45530 
25060 
26420 
53690 
52820 
49800 
25760 
57380 
47680 
75590 
56440 
57270 
43850 
38050 
72600 
77330 
62910 
36810 
74800 
37140 
43010 
32350 
41020 
74840 
35230 
38050 
1123750 
72830 
36530 
38400 
76980 
32810 
36280 
35980 
72100 
78900 
34160 
38750 
76130 
39420 
28960 
29360 
57130 
60400 
26440 
26910 
55430 
32940 
23570 
53230 
52520 
50250 
28640 
35480 
63240 
58530 
22680 
47980 
56560 
45790 
25810 
29250 
29970 
1104540 
26610 
28910 
52500 
25800 
26980 
56230 
53840 
43160 
48300 
51940 
53290 
23620 
26480 
55580 
25610 
25750 
48220 
51600 
81780 
37770 
63930 
76770 
68210 
68110 
72460 
78370 
69380 
32920 
36250 
70810 
64970 
36490 
73510 
35990 
72280 
36240 
35290 
69200 
64240 
38700 
1128910 
78480 
66990 
38330 
1138880 
54150 
44470 
52340 
61800 
53640 
26630 
28020 
58630 
55020 
59480 
58850 
86300 
74450 
67630 
59600 
53310 
50880 
66350 
50800 
54540 
52970 
23910 
56450 
56680 
27950 
28840 
54720 
59110 
53180 
48610 
27970 
29090 
58410 
24740 
51770 
53050 
27810 
29850 
1110500 
60830 
30300 
28950 
70300 
73230 
66050 
37670 
75770 
70020 
67380 
35730 
72240 
73610 
36820 
33780 
75350 
71500 
38210 
35620 
39590 
41050 
36750 
66930 
78460 
77140 
73510 
69220 
75850 
71000 
34860 
39560 
60950 
54570 
27490 
26130 
59390 
57760 
26000 
29990 
32520 
61600 
80610 
49010 
87990 
65840 
26280 
27280 
26860 
55170 
27040 
28240 
56400 
52590 
28370 
24580 
28840 
57890 
26300 
25300 
56820 
48450 
22810 
28660 
59330 
54460 
26680 
33070 
64500 
59030 
50830 
61780 
61080 
57770 
44400 
38390 
76060 
41250 
65370 
38450 
41220 
73010 
36970 
33710 
70450 
70490 
38220 
36380 
38310 
71920 
76260 
35860 
76620 
69050 
39350 
37780 
69580 
67030 
74870 
64490 
67990 
73060 
59820 
26720 
52640 
50980 
61150 
48420 
55000 
58820 
30310 
55700 
89220 
90350 
37860 
63850 
69840 
52070 
57190 
49230 
50760 
59270 
25490 
57350 
56760 
28710 
28700 
54690 
55970 
48110 
52040 
54820 
51810 
29710 
27510 
50250 
45520 
1102780 
57810 
49780 
46090 
67650 
52960 
55060 
80210 
81150 
1082570 
70770 
33240 
76720 
58210 
71330 
70370 
63650 
77760 
96380 
35190 
78640 
40670 
111990 
68080 
37190 
80570 
61730 
72670 
83220 
40760 
39670 
41720 
40710 
41700 
60490 
27140 
26460 
57360 
25370 
28330 
33260 
62150 
26530 
58840 
90750 
92890 
40720 
1117480 
29610 
55710 
50200 
25550 
52570 
53400 
55100 
54350 
51750 
29870 
54640 
57770 
26880 
26630 
51760 
56470 
22780 
50880 
57210 
26260 
54710 
30740 
28040 
31560 
53980 
52370 
27160 
29990 
46340 
34890 
70300 
73520 
73220 
34000 
66730 
73080 
72090 
67880 
78110 
77170 
71990 
31160 
38780 
67950 
77390 
34680 
37780 
70130 
39330 
36430 
36480 
37220 
39160 
71440 
72260 
40290 
28220 
34450 
57770 
1090270 
30010 
51000 
57210 
57920 
51380 
29080 
88450 
95530 
63650 
33860 
31540 
55350 
25330 
26130 
54480 
56200 
54090 
24920 
55740 
53370 
48350 
26400 
52780 
52740 
49380 
53740 
1098050 
65880 
55710 
59200 
31100 
55960 
52280 
51730 
28480 
25020 
58270 
55290 
51620 
68990 
100730 
77720 
41400 
63930 
1120060 
33480 
74630 
41140 
40190 
77710 
75330 
64310 
76780 
68940 
77470 
37100 
34060 
73510 
68750 
70410 
39720 
69790 
86600 
39740 
40760 
61410 
51570 
29050 
28770 
55630 
53130 
29760 
