50720
24240
23530
22230
20620
22430
21410
21270
22590
23180
21100
22520
20340
23510
19970
22770
61260
57540
58480
56800
58760
59900
58520
59090
58840
59450
58810
57210
59160
56360
58600
58230
56810
60010
57340
58570
58040
59070
59740
59700
59250
58610
58790
58680
57040
58690
57980
61630
58180
57770
58540
57230
59410
58340
57760
58040
57410
58540
58320
57770
57080
58880
57950
60230
59130
58020
60240
60040
62440
58710
61230
62360
59570
63500
58720
58760
58520
56950
59640
56910
58980
60530
57220
58490
59320
57330
57800
57330
58030
60000
58910
58780
56590
61000
69110
60900
61520
58400
60020
60450
58850
61560
58470
60180
61040
58670
58210
56490
56100
57780
57760
57020
56730
56560
60500
58470
58131
57280
57591
57600
58291
58160
57451
58261
56471
57730
57351
58061
56891
56651
57751
59631
58731
58791
57021
57851
58101
56271
58121
58601
57101
60721
58251
57511
56081
57861
60451
58841
57631
56171
56571
61251
56541
57241
56821
56631
59591
56401
57851
56681
56371
58051
58481
57430
56990
57501
58290
59201
57730
56750
60740
59050
58130
58300
57770
56320
57770
57911
57780
57220
56540
56870
58720
57750
57800
55410
57790
58210
59460
57050
58870
59910
59760
61230
59670
59660
70180
63000
62920
59150
60230
60690
62020
63420
59100
59560
61050
60510
61280
60250
58390
58200
56560
68290
58610
60610
57900
56010
56680
58330
57100
57240
56020
57290
59250
57190
59400
56740
57080
58190
55540
58280
57260
57270
56910
56460
57420
55570
56750
57350
58790
57940
56320
56280
57400
58110
58360
57390
57280
57190
58280
57350
57200
56640
56890
58530
56950
57790
57000
56370
57340
57330
57400
58150
56190
58770
58020
57470
57640
56800
56200
59280
57020
57940
59330
56880
60140
57380
58290
56540
56870
59220
58020
58220
56480
57180
58610
56800
57270
55700
56560
59540
58700
58270
56731
56991
58261
58640
59520
57031
57380
56671
57121
58511
57290
56361
58051
57871
57941
58601
56261
56751
58141
57291
56361
55991
58821
58011
59731
57071
56501
56841
57301
59321
56141
59111
58151
57411
59071
56881
57111
57861
57671
58781
56651
56641
57551
57621
58451
57520
72351
62991
59630
61090
59211
58770
60410
59480
59370
61120
59630
60140
58480
60080
61290
78791
68910
59490
58610
62130
59940
60330
61180
57690
61700
57700
60670
57530
56320
60140
57640
58560
56490
55710
57870
59730
58240
57270
56710
56320
57950
57990
58070
56330
57460
57500
57230
56510
56320
57600
58000
60080
58090
56270
57710
57140
58080
58810
56560
57300
57800
59120
56960
57850
58290
57020
59870
56430
56790
56730
57410
59260
56560
56960
58120
56940
60660
58600
58520
57950
56800
58520
58490
56650
58740
57770
56430
58330
56660
58740
57050
57980
58190
60350
58700
55540
58020
59310
57900
57770
56580
57580
58680
58560
57940
56330
57650
57970
57840
59000
56770
57430
57860
57690
57580
57210
56520
56860
59360
56960
58260
57780
58860
59160
58760
56550
57080
59550
62620
60760
58800
60030
59700
60750
60471
60180
59321
57961
58320
61361
58990
61291
58941
59231
61001
59231
60331
58701
59191
60611
59751
58891
60401
59991
62531
57131
58511
56661
55371
58061
60001
57791
56141
56081
57401
58291
57211
58131
56191
57521
58961
57091
57501
57531
57571
58630
56961
59501
57420
57580
57211
57270
55831
58760
57210
58580
59090
55740
56110
58900
57130
58890
58810
58140
57110
57310
59500
56140
57020
57780
56870
59810
57620
58080
57710
58380
59570
57220
56500
58600
56690
59270
58310
57660
57660
56460
57450
57970
56820
57390
55690
56970
60470
56500
58710
56520
56960
60670
59310
58140
55910
58650
59000
56370
58980
56330
57100
57150
58110
58560
57930
57500
58150
59910
58840
57630
56750
56380
57530
58070
57830
57140
56250
59370
58110
58120
57770
57980
58010
57590
57550
58100
57590
58160
58100
57220
57800
56560
56680
59490
56600
58220
56450
55840
58180
56670
56740
55390
58650
59200
55970
56420
56350
56220
59020
57090
58300
57440
56380
57860
56770
58910
58370
56310
58030
59740
57990
57511
57460
57151
58370
57620
58131
58660
58131
57941
56680
58441
56210
57481
58491
56621
57411
104281
58491
58821
57181
58131
56411
56861
58811
59681
60791
58981
58891
58241
59411
59501
61721
61431
60321
59551
58671
56441
59231
57260
58401
58391
59201
56831
56270
57941
58730
58471
56511
56260
56030
59181
56020
57260
56280
57780
59850
56900
58990
56870
55700
59080
56110
58190
56770
55880
58960
57420
58020
57150
56230
58190
57450
57130
56600
56400
56820
57120
57770
57240
58090
60930
61800
62230
60560
58810
59340
59250
59420
59920
58000
59440
61550
59300
58840
58260
60980
60400
60100
59960
58040
58490
58780
58560
56480
56290
57560
57470
60190
57790
56840
58070
57550
58710
56980
58060
56690
55900
58140
56070
58200
58040
55520
57250
56420
56510
58440
56120
57350
58140
56690
58240
56600
60620
58220
58320
57600
56730
57600
59710
58530
58080
56610
57220
58620
56430
58320
57590
56930
58660
57440
57840
58060
57290
57590
58260
58270
57300
58800
57930
58490
57660
57520
56620
56760
57851
59400
57471
59140
57821
58531
58571
57341
57751
56660
57391
57901
57021
76471
61831
58161
58691
56431
61091
59651
57831
59141
57021
59271
57851
56561
59261
57151
58251
57151
56611
60061
59641
59471
56761
66891
60871
58091
58891
57270
56551
58150
59221
58191
60990
56691
57370
59170
58100
57850
56890
58080
59030
59720
57370
57390
57910
60050
59360
57820
57020
58680
58990
60090
57270
57120
57680
57310
58980
59830
58620
59030
57800
59380
58080
57630
58190
58090
59710
57500
57830
57100
58070
60110
58200
57920
57690
57040
59280
59270
58140
59110
57140
58850
61100
59340
59020
57690
57640
59720
58270
59930
57710
57990
58940
57790
58770
57200
105500
61150
57970
59190
60910
58580
60250
58550
59880
57070
58840
59960
59620
58250
58580
57660
57780
58970
58780
57380
57760
58040
59530
61040
59130
57290
59050
57980
58070
57360
55870
59330
59830
61770
59200
60310
60370
62620
62620
57400
57720
58000
57440
63650
58880
57811
58821
57120
59370
56721
57431
58661
57991
59601
64470
63231
59481
58501
59591
58440
59351
60491
59621
60291
60361
60221
60641
58531
58951
59951
58231
60101
57871
59781
60621
58791
59421
58721
59891
59531
58031
59781
58501
59401
60450
58531
59110
60030
59400
59471
61010
59481
58770
58720
58620
59460
59920
58610
58990
59320
59790
59540
58940
58960
59570
60590
58380
58180
58220
58550
59640
60380
61480
59100
58490
58610
61600
59780
60620
58250
58610
61660
60870
61150
59470
58900
61470
59000
60360
58740
57900
60830
58110
58520
58100
58860
60660
59560
60600
58300
57780
58200
58970
59670
59490
58960
59660
60320
60010
58000
57130
59190
59500
59950
59510
59170
59070
59680
59800
58110
57320
58020
58780
61740
58400
59430
58540
58450
60370
58150
58480
59140
58690
61680
58920
58170
60180
58810
61370
58780
58370
58920
58360
64330
59850
58290
59330
57190
60930
58370
57710
57720
56430
58510
58851
57920
58330
58760
57880
59781
57370
58491
57551
57881
58931
59291
58131
57290
57141
59221
55621
58961
57381
60171
58561
57891
59731
58601
57721
58051
59221
57921
59641
58251
57911
60091
59381
58661
58251
57991
59520
58331
57010
59041
57200
58970
60041
58570
60341
57470
58110
59840
57720
59420
56660
56830
60370
59230
58580
56940
56910
60000
58200
60240
56690
57730
61100
57810
58250
56710
57350
60000
58490
59110
58720
58360
58990
59260
60590
57950
57650
58170
59790
59620
57900
57950
59530
59990
58300
57580
57760
59800
59590
58150
57880
57410
58120
60260
58420
59840
57860
58160
59000
58570
57540
57600
57680
57480
62300
58800
57310
58890
56510
59050
58480
57960
58600
57800
60440
60190
58040
66050
61030
62080
60830
59560
58510
56630
58990
59880
58580
57620
56850
58370
62430
61800
61250
58990
60190
61300
58860
58000
56980
57740
60560
57560
58530
56860
55660
60590
58200
58690
57691
56750
58450
58061
58401
57560
58161
58441
58700
57971
56990
57991
58381
58471
57781
57881
56871
57261
58991
57761
57791
56941
60941
58771
58891
58741
57321
58481
58861
60281
58141
58441
58531
56951
60561
58481
59871
58741
57491
58861
57210
58521
59210
57571
60120
57450
56940
58730
58480
61530
58861
58080
57560
57630
59380
56760
56280
57250
57140
58120
59150
56780
57400
56900
57780
58150
57430
58690
58060
59820
59950
56930
59650
58650
59440
60210
57940
59340
56500
58060
58630
60300
59990
58100
58370
58090
58670
58580
58280
59010
58170
59820
59530
58980
58930
58670
59600
59590
60840
59640
58370
59220
58610
57530
58030
57740
58350
58770
57290
57090
56830
58700
60180
57640
59510
57640
57990
60250
58520
58550
57430
58810
62250
61010
61010
57370
57230
59370
58020
59320
57850
57190
61140
58600
60300
57440
57470
58220
58830
58550
58150
57370
58840
60820
58540
58340
55930
58810
60191
59540
59001
57630
58351
60281
59341
58571
57870
58821
58531
60611
58371
58201
57811
57571
61341
57701
57991
57811
57611
59951
58331
58021
58791
57951
60821
59721
58441
58261
58721
60661
59471
58551
58591
57320
59571
58770
57700
57870
56300
58440
60071
57780
58580
57150
57430
59830
56890
58950
56990
61300
58280
57670
59540
56950
57600
61420
57240
58070
57600
57320
57770
59870
59160
58480
57460
57870
59780
58170
58090
58480
56940
61330
59600
60260
59810
70140
63450
58780
57820
58280
57750
61580
58830
58730
57720
58410
58690
60240
59200
67940
58920
57980
59080
57860
58220
58420
57870
60080
56730
60450
59290
57760
61570
57710
59120
59590
57820
59810
59500
57330
58640
55960
58530
59230
58100
59390
56980
58920
57240
57010
58020
56310
58230
61020
60360
59270
57820
59010
58680
58010
58660
56360
57560
60490
58261
57280
57451
56291
60880
60021
58871
56951
56501
59641
59831
59261
60171
60731
59081
60671
60251
58461
58251
57541
61451
61081
59201
59621
59261
61581
60641
61001
59841
59901
61431
61441
60620
59661
59300
58761
62440
60641
59350
57451
59720
64050
59861
60580
59600
60330
61240
61390
60820
59470
60090
61720
59240
60380
58710
59080
60700
60100
60450
59820
59930
59940
60820
60840
59240
58640
63980
60980
60570
59220
57200
58100
60570
57700
57990
58160
59250
58190
58660
58140
57370
56980
58820
59430
58270
56790
58350
58040
60500
59040
59010
60930
58790
60110
58690
58500
58320
57570
60890
57690
57840
57430
56980
61020
57920
57310
56790
57410
58330
57490
57840
58120
57620
58100
59600
57370
62300
58090
58530
59080
57370
59390
57650
58650
60440
59150
58490
59670
59440
59860
58030
58500
56671
57690
59551
57270
58901
58221
57800
57951
59661
59481
60501
58151
56981
58741
58451
57981
57051
58351
61161
60111
57801
57251
57131
59811
59061
57921
59431
56491
58331
60181
57071
57381
56551
57490
60641
63721
59741
57250
57800
58961
57920
57420
57430
57940
61150
58660
62650
57830
55980
59200
56180
58210
56920
55680
57930
57470
58860
57530
54090
57540
58900
57020
57230
56800
57180
77680
64190
58030
57190
58510
59180
58980
56720
55040
56810
60390
58380
57240
56320
57500
56790
58010
57160
56180
57260
59710
59630
57170
56560
56490
57050
58300
57080
56780
58570
58630
58770
56240
56600
57240
55960
59090
56680
56440
57090
55980
67380
59010
59380
56710
57770
57640
58900
60000
57490
55600
57740
59420
56340
57960
56400
55830
60630
56020
58240
56820
56400
58940
57300
58030
56690
55830
57720
56581
56761
57230
56670
58821
57760
57801
56661
56121
57821
56101
59041
58101
57011
58531
57621
57361
57991
57351
58031
58291
57171
56561
55051
56141
57931
57671
56321
57371
58261
57411
61831
58171
58241
56700
56730
59260
57980
56950
57291
56890
60590
59180
56690
56450
58340
60510
58370
56660
57510
55990
59120
57030
59830
58150
55810
58170
58470
56820
57690
56590
57100
60080
58710
58560
56650
57510
58900
56980
57180
56190
57520
57290
57090
59370
56690
56720
57400
59810
58740
56210
57010
57070
58900
57570
56870
56640
56530
57210
58740
57110
57460
57460
60370
58540
57730
57860
57570
58720
57410
57050
57090
55940
58720
58720
57530
57700
56020
56650
58180
56310
57820
57280
56370
59670
56350
56070
56270
56630
58420
56630
57590
55710
56610
59120
57550
57740
57431
57790
59160
57151
58171
56151
106940
57631
57431
56771
70421
58411
58461
58081
58831
57721
57601
57521
58581
58011
58051
57381
57821
58781
59071
57301
56521
60321
58071
58731
58601
56781
57131
56771
60060
58781
59281
59001
56030
60080
57121
56480
56700
57990
59260
57960
60160
56280
57180
61100
57210
58630
60770
57060
58760
60260
58420
57290
57770
58140
59160
59060
57150
57970
57870
58240
58610
58250
57010
57890
59030
57520
58050
