85140 
81960 
68410 
56490 
49190 
47890 
44780 
48800 
49010 
47180 
45420 
45570 
47330 
46190 
45090 
45450 
47310 
46470 
44840 
45660 
47150 
41940 
42550 
43350 
48130 
44710 
47130 
45520 
45420 
43060 
49540 
75070 
61870 
60770 
60120 
62990 
58060 
57270 
57330 
57380 
57820 
57850 
59230 
56990 
60230 
58640 
59050 
58470 
59630 
56470 
59570 
58060 
58590 
58690 
57690 
58740 
58350 
62010 
47340 
42290 
44380 
44440 
44260 
41690 
45630 
47450 
46670 
45180 
85000 
76630 
63310 
52630 
45670 
42830 
42840 
43610 
44640 
42350 
44730 
41140 
42510 
42410 
43400 
45630 
42280 
42660 
42000 
44640 
44690 
40480 
42990 
41290 
44550 
45180 
47890 
45860 
44640 
44470 
44880 
69960 
59580 
55360 
58150 
59420 
58890 
56320 
55250 
56580 
59120 
57330 
60170 
54800 
58020 
60090 
58770 
59490 
57330 
58380 
58160 
60110 
60040 
56580 
57910 
56500 
57550 
65840 
53290 
41390 
40990 
45920 
47670 
44080 
42350 
48360 
47350 
46370 
92220 
78970 
68390 
60080 
46040 
47590 
46280 
41390 
41910 
44300 
42480 
65600 
44780 
40360 
44750 
43750 
44880 
44750 
42710 
44340 
43600 
42390 
43610 
41900 
43300 
48190 
45660 
45430 
44600 
45770 
42930 
45800 
75170 
55710 
59990 
57530 
59890 
57790 
56420 
55970 
60760 
58560 
58970 
56820 
56690 
58380 
57220 
58550 
59520 
58740 
57130 
57020 
61790 
57090 
59450 
57620 
60120 
57490 
62990 
46780 
41430 
45150 
43720 
47310 
45120 
45750 
52470 
48590 
46130 
82210 
78470 
64470 
50840 
45340 
44370 
44000 
44420 
44100 
46320 
44790 
42800 
42230 
42050 
40700 
42480 
42990 
43210 
43080 
43250 
43360 
42200 
42330 
44510 
44930 
45910 
46950 
45620 
44260 
46340 
43850 
68730 
62550 
60610 
57760 
60060 
59230 
58600 
59470 
58050 
58120 
57030 
58170 
59630 
57230 
58560 
56480 
60350 
57300 
59270 
58070 
58990 
58460 
57310 
60300 
60360 
56360 
61800 
49870 
48570 
43930 
44490 
44340 
44410 
43870 
51090 
44210 
45700 
85450 
77580 
66940 
55350 
47240 
45100 
43900 
45770 
42210 
43680 
41950 
43130 
46320 
43890 
42540 
44370 
43790 
45950 
45560 
43230 
43310 
43330 
45100 
44710 
43560 
46320 
43270 
44800 
45110 
48010 
57960 
47140 
72690 
60080 
56810 
57010 
57400 
59880 
58470 
57800 
56980 
56010 
58260 
59760 
57850 
59690 
54900 
60450 
61190 
58040 
57470 
57840 
58330 
55960 
58820 
59570 
57710 
59080 
63840 
45760 
40810 
43470 
44810 
43590 
43970 
49020 
49930 
45280 
44080 
83710 
76670 
63000 
49350 
43390 
45450 
45680 
41840 
42720 
40850 
43220 
46460 
46430 
45670 
42880 
42950 
45920 
43850 
45540 
40940 
40860 
44420 
44660 
46280 
45140 
42670 
46020 
44200 
42510 
44940 
46040 
70080 
57600 
56820 
59740 
56570 
57390 
58400 
60540 
57070 
55630 
55890 
58510 
61150 
57330 
57040 
57370 
59620 
59600 
58360 
57480 
60330 
57470 
57470 
59910 
55930 
56710 
63380 
46940 
43810 
41890 
44990 
44170 
44270 
44170 
49700 
46600 
42310 
84440 
77890 
68550 
53570 
43770 
44360 
42860 
42770 
42380 
42880 
43110 
43260 
43630 
43980 
43910 
45490 
43250 
40060 
44900 
40780 
42920 
44920 
42520 
42260 
44440 
44290 
43340 
47990 
44590 
46920 
44790 
45580 
72240 
57860 
55890 
57420 
59440 
57060 
60300 
58300 
58700 
60000 
60250 
58430 
57260 
60110 
58890 
57120 
58100 
55520 
58370 
56870 
58300 
57610 
58120 
63510 
59500 
57760 
60970 
45360 
41840 
45700 
47210 
46540 
45840 
44730 
47790 
45730 
48040 
82570 
76620 
60850 
47810 
45060 
42890 
44220 
44580 
42420 
44530 
42430 
46000 
42750 
43670 
45320 
44510 
42500 
44090 
43590 
44910 
43120 
41240 
42110 
42420 
46600 
45760 
44720 
46730 
43900 
44080 
43940 
71970 
58220 
57200 
57020 
58630 
59620 
57650 
56030 
57960 
57520 
58280 
56690 
57880 
56920 
59720 
58440 
58900 
56420 
58690 
59500 
60380 
59810 
57890 
57440 
57110 
58120 
64530 
47910 
42770 
43410 
49390 
51470 
46150 
40990 
48600 
47940 
45680 
85540 
79510 
64540 
58660 
44740 
43370 
42070 
41040 
43030 
44770 
41760 
44080 
41720 
41840 
43490 
43810 
42520 
41470 
42190 
44450 
42100 
43190 
41270 
43810 
44750 
46370 
46450 
45760 
44900 
48560 
46600 
44770 
71060 
56550 
59720 
59280 
58950 
58300 
55680 
57760 
59520 
59770 
57900 
56290 
56610 
57960 
59150 
57280 
59210 
56200 
58430 
58580 
57270 
56180 
58640 
57310 
59000 
57030 
60050 
44510 
43620 
47040 
45030 
45000 
44270 
44710 
50540 
47720 
43350 
81600 
75360 
61890 
48200 
45080 
45360 
44070 
44560 
42170 
44830 
43560 
41540 
42380 
41980 
43880 
45680 
43230 
43460 
43580 
42430 
44700 
42300 
42610 
43760 
44590 
47820 
46570 
49330 
45680 
44670 
45230 
71830 
60260 
58700 
58030 
56220 
56830 
55010 
57880 
55540 
58450 
57740 
57940 
61140 
56410 
57630 
58910 
58560 
56190 
58680 
57570 
57090 
58570 
58710 
58520 
58550 
55850 
60760 
45910 
46850 
41410 
56800 
49410 
43730 
44410 
48880 
46110 
44820 
83540 
80170 
64470 
53070 
46700 
45970 
43550 
47080 
43150 
45250 
45860 
42870 
46340 
45740 
44270 
44490 
46070 
46180 
43500 
44220 
42870 
42880 
45710 
43020 
47220 
46320 
46650 
46890 
46260 
47030 
45580 
43880 
72560 
61700 
60760 
57250 
62660 
58700 
59770 
57750 
59650 
57600 
59380 
59400 
58000 
60360 
57670 
62510 
59060 
61810 
59950 
58270 
58860 
59730 
59890 
57980 
56120 
57230 
63750 
48360 
40930 
48460 
45930 
44430 
48770 
44410 
48660 
44980 
45870 
83300 
72530 
60030 
46570 
45650 
47570 
45260 
45050 
42830 
41760 
42660 
43350 
40570 
41960 
41500 
41970 
44430 
44300 
45190 
42950 
44390 
45350 
42700 
44440 
42830 
42730 
46180 
46090 
42920 
43160 
41250 
76730 
60210 
60400 
58840 
54690 
59250 
59040 
56160 
55590 
58310 
55500 
59750 
60450 
56590 
57840 
55840 
61520 
61900 
56380 
59110 
55940 
56160 
62580 
57700 
56070 
56280 
63310 
45930 
48350 
41470 
44390 
42590 
42210 
44710 
48790 
46850 
42510 
83610 
77510 
62340 
55530 
42030 
44220 
42840 
48150 
43300 
43710 
42890 
46450 
45300 
44860 
42750 
43450 
42570 
42290 
43660 
42240 
43010 
43060 
43710 
44580 
42510 
44500 
45430 
44110 
44620 
42400 
44920 
43480 
77420 
65160 
60820 
62250 
59230 
60170 
58850 
62590 
63630 
61400 
60750 
62200 
60340 
62830 
62650 
60840 
59080 
64440 
60880 
63360 
62290 
59940 
63980 
61550 
61630 
73500 
54800 
47240 
51280 
49860 
50260 
46710 
48720 
77420 
49690 
72190 
98750 
109340 
94060 
79540 
70440 
66390 
46150 
44990 
45560 
48010 
44270 
44960 
45840 
47800 
44470 
45220 
44640 
45810 
43980 
45910 
46010 
46090 
46100 
44840 
46770 
48930 
45670 
47900 
44920 
46820 
46790 
45390 
74700 
63340 
62660 
63610 
63010 
62530 
58010 
58570 
60610 
64400 
61910 
59640 
61520 
61720 
63360 
64330 
60470 
60710 
62870 
67590 
63190 
60470 
61230 
63030 
65390 
64780 
63200 
46390 
46420 
50310 
47480 
48410 
46540 
46890 
54590 
51080 
47930 
87810 
79790 
65600 
56200 
46770 
46580 
44100 
46450 
49110 
44750 
46820 
43980 
46190 
48590 
45270 
44580 
45010 
44340 
45310 
48300 
46000 
42370 
43320 
44380 
50410 
48160 
48950 
43930 
48830 
48180 
49090 
80680 
60980 
60090 
61170 
62010 
64260 
57490 
58760 
60060 
63580 
61070 
60620 
57330 
63540 
64780 
63540 
62830 
58870 
60030 
61010 
59760 
62100 
59390 
61260 
62330 
59680 
71530 
56050 
46480 
50760 
49670 
49040 
48400 
46550 
53960 
50940 
49140 
130090 
108300 
98460 
60720 
49410 
47120 
65930 
65660 
65550 
67410 
62480 
64420 
61970 
45560 
45360 
46370 
47920 
46200 
46390 
47990 
48370 
43290 
44180 
44410 
46490 
52390 
57570 
53750 
47790 
49610 
46340 
46250 
76240 
63510 
62140 
59340 
61270 
60590 
61800 
60170 
61430 
61420 
62460 
63440 
60600 
59630 
60480 
60230 
63800 
60700 
58860 
59320 
60730 
60310 
63020 
60380 
59090 
58670 
64670 
48060 
45240 
44050 
46590 
48210 
45190 
48050 
49090 
47240 
47160 
87380 
80140 
64510 
51270 
44990 
43890 
46810 
45860 
44230 
47130 
45860 
47750 
43260 
44350 
42510 
44410 
47160 
45860 
45350 
45810 
45250 
45760 
46540 
48800 
49120 
45960 
48150 
48430 
45880 
45500 
44030 
77160 
62370 
60940 
58040 
57970 
61440 
63590 
61690 
59760 
57930 
58780 
61900 
62780 
59070 
60280 
60840 
61980 
60830 
62440 
62270 
61410 
60220 
64660 
62660 
62250 
60110 
66510 
52940 
50580 
45500 
48650 
45560 
48940 
44400 
55900 
48900 
47110 
95590 
86270 
68730 
62000 
46870 
46390 
50690 
47840 
45850 
47130 
44730 
46720 
45310 
46060 
61670 
61630 
65930 
60960 
65640 
61810 
60340 
46800 
46620 
47450 
46430 
45200 
51080 
49050 
51330 
47120 
49710 
48590 
77980 
73740 
67040 
57990 
60010 
59110 
60390 
67630 
59530 
63730 
65390 
66910 
65660 
62510 
62140 
64070 
66240 
63800 
63810 
62020 
61520 
62640 
63390 
63170 
63250 
61430 
67670 
53150 
50540 
45090 
43350 
45540 
44030 
46340 
49180 
44230 
44820 
83080 
77690 
65910 
48980 
45160 
43220 
44330 
45420 
43880 
45500 
44770 
45220 
44490 
43310 
44550 
46410 
43120 
46340 
43750 
43110 
44280 
43440 
45630 
46340 
45580 
48290 
48470 
44900 
45770 
45290 
46080 
73060 
59950 
62460 
62000 
62900 
60450 
59200 
58840 
63350 
58370 
59000 
59740 
58390 
59200 
58800 
58010 
59640 
57310 
60700 
59030 
57790 
56550 
59030 
60510 
60150 
62710 
65060 
49090 
43890 
45250 
47840 
45340 
44870 
41830 
49060 
51730 
46920 
82560 
81790 
71290 
55620 
45290 
44160 
45180 
44780 
47150 
45690 
42230 
43350 
42610 
43400 
64790 
69740 
64480 
61970 
47330 
47800 
45390 
46300 
46470 
45960 
51210 
54620 
52700 
53780 
46720 
48570 
48000 
62200 
64680 
60510 
63250 
62810 
62020 
59090 
59530 
63110 
64670 
64180 
64180 
60550 
59170 
64440 
64470 
60920 
61690 
60760 
10105560 
10114410 
10123010 
10134610 
30030 
32170 
33200 
32800 
35240 
23910 
22830 
24400 
24940 
26150 
23450 
23540 
28970 
25890 
25490 
49820 
43130 
35180 
27440 
23730 
25240 
22820 
23220 
25310 
24220 
23540 
22660 
23480 
23770 
23080 
24330 
22960 
23710 
24160 
23610 
22570 
22990 
22410 
25310 
24850 
24690 
25880 
24150 
23350 
25880 
23880 
34580 
31020 
32220 
33330 
34130 
33410 
33310 
32120 
32780 
31970 
32750 
33270 
31980 
32750 
32560 
32080 
32600 
31590 
32210 
31570 
32170 
33020 
33320 
31950 
32740 
32010 
36550 
27230 
22690 
24320 
25810 
25410 
24450 
23980 
25930 
26350 
25250 
46480 
43250 
36000 
30470 
25080 
23260 
24300 
23940 
23290 
24630 
24160 
23600 
23540 
24250 
23340 
30120 
26970 
23130 
23290 
23070 
23770 
22300 
23180 
23570 
23820 
24800 
23170 
24740 
25680 
25080 
24950 
25510 
39560 
34190 
32510 
32350 
31650 
32920 
32320 
30850 
33040 
36900 
31420 
33270 
32840 
32210 
32220 
31590 
31170 
33720 
32820 
31950 
30990 
30880 
33860 
32180 
32400 
33100 
35530 
23140 
24600 
23410 
24030 
25520 
23590 
24730 
26530 
27600 
26520 
46040 
42600 
35620 
28340 
23890 
24280 
25050 
23230 
23270 
21880 
24420 
24760 
25390 
24310 
24390 
24410 
23480 
23420 
22790 
23390 
23650 
26190 
26260 
23130 
26110 
24390 
26210 
26880 
24330 
25270 
23750 
38570 
33410 
33300 
34110 
31880 
32760 
31920 
33790 
34930 
32840 
33330 
32940 
33480 
34860 
33380 
32530 
33900 
31550 
33420 
31370 
31890 
31910 
33620 
34510 
33650 
32700 
36810 
26770 
23440 
22960 
26250 
24660 
25220 
22650 
27050 
25070 
25120 
46380 
42710 
35760 
28580 
25260 
25140 
24560 
22730 
23700 
23400 
20930 
24010 
22210 
23900 
23160 
22220 
24570 
23250 
23850 
24000 
22930 
24620 
24880 
22950 
22830 
24130 
24470 
24510 
24840 
25680 
23600 
24920 
38820 
32030 
31950 
32290 
31990 
31970 
32040 
33650 
33030 
32800 
31750 
32870 
33680 
32610 
34770 
33300 
33630 
33380 
33130 
31950 
33330 
32150 
34030 
30010 
33640 
32320 
33180 
25010 
23470 
24980 
24430 
23750 
24570 
24760 
25430 
23870 
24610 
45630 
40800 
36240 
28030 
24910 
23100 
23190 
23570 
24790 
24470 
23060 
23820 
22230 
24140 
23120 
22560 
22050 
24440 
23290 
23080 
23530 
23020 
23920 
23330 
23970 
24550 
24400 
25760 
25650 
29350 
25890 
40960 
31460 
32260 
31670 
31920 
31630 
32100 
32290 
32190 
32780 
33090 
32960 
32100 
31820 
31690 
31660 
32430 
31920 
32090 
33410 
33020 
33500 
33320 
31840 
31050 
32220 
36510 
25170 
23660 
23240 
25670 
25170 
22480 
22300 
33830 
29710 
25230 
48090 
42340 
76550 
13324060 
39510 
44780 
45080 
45730 
44570 
48360 
47910 
47760 
46800 
46890 
48360 
43940 
43690 
43430 
44580 
43670 
45600 
43200 
44810 
47620 
44970 
49580 
47130 
47470 
45980 
47640 
48540 
44680 
76370 
59730 
62980 
61930 
62480 
61910 
59630 
62170 
63360 
67070 
60430 
61260 
59520 
60430 
63590 
59800 
61300 
58890 
61420 
62690 
62110 
58520 
61740 
62440 
64270 
61630 
63840 
48810 
44850 
50350 
51450 
49090 
45260 
46360 
53470 
49360 
45940 
86080 
82780 
67100 
54220 
45220 
45350 
42690 
44390 
49080 
45900 
43350 
43600 
44800 
46130 
43480 
48610 
45640 
45470 
49650 
46560 
46160 
45380 
47920 
58200 
51020 
47810 
49860 
46410 
45460 
48800 
46140 
73080 
63200 
60430 
64390 
64200 
63390 
62580 
59800 
62020 
63000 
63860 
61590 
62970 
62030 
62310 
60700 
62760 
63130 
63510 
64150 
61790 
61140 
60950 
67120 
63370 
62540 
69980 
50900 
45390 
45660 
50650 
47230 
49800 
43130 
51940 
50230 
48030 
96870 
89060 
71340 
57730 
49890 
48880 
43750 
46480 
46800 
46620 
44400 
44820 
43810 
45320 
45020 
45070 
44810 
43800 
45360 
44960 
45580 
46300 
43360 
45370 
45250 
50430 
46960 
49570 
46400 
46440 
48450 
43730 
77530 
62560 
60270 
64040 
61260 
63140 
60110 
64400 
60690 
62780 
61680 
63440 
62040 
60660 
62320 
60250 
62330 
62780 
62930 
62730 
64960 
62380 
61660 
62830 
61120 
60860 
63520 
51440 
45620 
47940 
47450 
45100 
44880 
47920 
48760 
47150 
46500 
87780 
81270 
64420 
52980 
47380 
44920 
49100 
45980 
45820 
47010 
43340 
46810 
43900 
43160 
43570 
44480 
46570 
46550 
44100 
42320 
45920 
44200 
48010 
44430 
48240 
49070 
48930 
48470 
48620 
48560 
45180 
80550 
64430 
66640 
63950 
58490 
62340 
64260 
64300 
60980 
59820 
63880 
64010 
62930 
64180 
61360 
61990 
62720 
64550 
64810 
60560 
61100 
60980 
61050 
67530 
64530 
63990 
69450 
52470 
47260 
47930 
46990 
45850 
48020 
45550 
48840 
50520 
44900 
98500 
85730 
71500 
57130 
45590 
44890 
47000 
44750 
45750 
43460 
43460 
51080 
46090 
45800 
45190 
