80490 
71420 
59430 
60270 
60120 
52960 
58930 
89200 
70110 
75030 
114330 
74160 
72800 
71610 
72660 
75790 
72740 
70060 
65280 
34400 
34550 
80830 
40000 
39310 
36950 
37650 
35640 
34130 
35520 
38160 
74390 
34260 
39940 
67930 
42760 
30160 
1104460 
48840 
48450 
53560 
53300 
77800 
54340 
52030 
52020 
120410 
47050 
66130 
58720 
55770 
49900 
27820 
50890 
50870 
50860 
50150 
52090 
47880 
51060 
49170 
52190 
49470 
51280 
1095420 
52690 
23450 
47250 
51400 
49690 
26090 
44440 
53340 
77730 
49350 
48550 
56320 
49590 
47350 
78230 
34050 
38710 
77230 
63260 
67490 
36620 
94860 
70360 
37670 
38280 
73180 
75390 
34030 
37870 
101600 
69980 
66250 
69440 
76300 
72340 
35120 
36210 
76820 
68920 
80090 
61000 
60220 
47770 
27770 
29140 
59960 
53360 
1602160 
57870 
60380 
65360 
86810 
41190 
72190 
29570 
63410 
52460 
50330 
51970 
90420 
54580 
90670 
86700 
1673340 
84770 
78070 
74430 
72980 
91680 
87730 
99700 
61970 
52960 
52770 
45350 
56480 
56450 
28920 
58050 
51250 
26530 
52360 
39380 
41360 
33690 
73350 
66390 
69310 
38250 
37980 
72320 
103300 
34920 
35640 
68940 
65140 
36980 
68280 
37140 
73290 
36220 
68870 
74870 
60140 
37030 
36010 
71350 
35960 
63640 
40960 
55240 
28610 
28270 
56680 
48900 
28810 
54100 
57370 
50270 
26520 
89870 
83800 
70340 
33610 
53100 
53280 
49640 
79320 
48420 
28040 
53920 
25510 
46670 
52320 
54300 
47800 
48910 
49790 
49830 
26880 
49820 
51870 
1573770 
25740 
48830 
57300 
59230 
29470 
29580 
56420 
55720 
28930 
44900 
69180 
39860 
35700 
39770 
100490 
68110 
67750 
36850 
1126570 
31180 
38850 
267450 
64230 
56690 
40320 
72060 
71220 
35460 
36730 
73070 
69180 
35330 
37500 
73420 
39810 
37650 
1117180 
55350 
48890 
29050 
54310 
53050 
48260 
29520 
58940 
53270 
27780 
50720 
78290 
1118560 
29500 
26320 
55360 
49490 
28650 
50820 
27420 
52550 
32180 
27470 
52910 
55820 
23340 
26270 
61190 
56610 
23400 
50610 
50580 
55940 
26210 
27400 
55470 
65060 
26430 
29690 
59100 
57160 
27400 
45600 
68330 
39040 
35680 
73900 
76750 
36940 
38630 
1597680 
66460 
39030 
35800 
41110 
33490 
74880 
39530 
80210 
1106770 
40000 
43240 
1596750 
67790 
109130 
39850 
75340 
69670 
46210 
32940 
57780 
46480 
27560 
50770 
49740 
54950 
32170 
55210 
55160 
90970 
46330 
1130730 
68630 
52510 
27810 
28040 
56330 
27150 
28280 
27200 
72730 
52200 
24910 
27730 
1088060 
50850 
53730 
50910 
49240 
23480 
29690 
54050 
48280 
27630 
27440 
50080 
54640 
29700 
27310 
26160 
27910 
43980 
37370 
70970 
68860 
34120 
1085970 
36200 
68080 
40130 
35750 
33690 
63990 
35930 
68500 
69600 
63950 
35060 
39150 
35880 
38260 
37940 
39620 
37120 
37070 
42250 
41380 
40130 
74130 
29360 
27020 
26960 
51090 
53180 
49070 
51650 
56270 
28250 
53760 
95690 
81930 
37850 
60330 
53040 
47730 
125620 
49210 
26550 
50760 
2065580 
23410 
28380 
26660 
58890 
45150 
51440 
49930 
55830 
51960 
49110 
26830 
55310 
22170 
54330 
27560 
54280 
29110 
26880 
24270 
56440 
22440 
39110 
69700 
70260 
67310 
37200 
35240 
75350 
33180 
72680 
1645910 
38530 
37350 
35820 
76210 
67660 
38450 
71000 
67690 
35480 
36650 
37280 
69950 
35840 
36640 
69360 
71240 
41140 
54320 
52870 
26380 
52240 
54250 
51210 
57050 
52200 
54020 
1614770 
100010 
49940 
75120 
39290 
55940 
55680 
50090 
23420 
1107820 
48030 
25600 
50580 
1096270 
47430 
47150 
29040 
26780 
48900 
50800 
50390 
27390 
55570 
49720 
26430 
51220 
49740 
54230 
54950 
49380 
51200 
48900 
55160 
76080 
72840 
69470 
69540 
69340 
66290 
33900 
78720 
63660 
66490 
1642730 
74160 
65260 
39040 
74060 
38080 
64120 
37540 
75560 
79320 
40900 
34980 
74420 
34380 
36810 
38370 
36310 
77630 
48770 
49410 
54060 
51560 
30850 
29090 
26860 
61600 
53950 
54500 
53260 
45760 
68200 
64600 
56300 
52880 
27100 
50380 
89740 
53580 
50890 
51360 
48530 
28850 
50260 
49000 
50710 
25080 
26790 
56790 
49280 
27830 
26020 
52710 
49320 
27970 
52880 
53080 
51770 
24850 
56440 
52780 
43610 
102840 
66730 
65870 
75210 
39280 
67710 
38890 
71730 
63240 
40010 
72010 
72870 
68960 
33970 
39640 
37540 
68220 
1645640 
41220 
74460 
34960 
35560 
38820 
37180 
70460 
76860 
79380 
28320 
48820 
49620 
56630 
48750 
50200 
24400 
29560 
30550 
53640 
87730 
44210 
105320 
28160 
54650 
47710 
28270 
27040 
51780 
51620 
47750 
57250 
26340 
50710 
51520 
23880 
32510 
51090 
47510 
49800 
25900 
26750 
48520 
49710 
53740 
55560 
54850 
52950 
54210 
55830 
26490 
66440 
177190 
101590 
38690 
71840 
67100 
97530 
35970 
37830 
69690 
70460 
66820 
36860 
71200 
68840 
35270 
39980 
70980 
63760 
95720 
68990 
71910 
69330 
33690 
37640 
69510 
66170 
74330 
1103220 
27890 
48990 
51420 
29070 
53200 
54750 
57570 
62730 
88950 
52380 
85630 
72520 
29940 
56010 
25560 
56210 
54990 
49350 
49940 
49160 
26570 
27390 
59190 
51760 
48170 
50540 
67670 
46490 
50560 
48570 
24690 
27810 
24720 
24790 
55290 
21970 
52210 
29100 
29220 
28810 
47920 
86930 
76510 
98240 
72620 
36280 
68530 
69410 
72370 
69240 
69600 
69740 
70990 
72150 
62370 
37820 
73020 
36350 
70310 
67480 
69870 
68570 
31900 
70640 
36220 
76400 
73410 
36100 
69940 
49380 
49870 
52490 
59250 
53860 
52940 
53420 
59590 
51450 
60610 
56060 
1129160 
41780 
29720 
52120 
25710 
32360 
50440 
25230 
55890 
50450 
24910 
52000 
78310 
26430 
48480 
25440 
26540 
52220 
26940 
55740 
47930 
23390 
27490 
52290 
51890 
51700 
49030 
60430 
54630 
74070 
52500 
46660 
76360 
31860 
69120 
71710 
70850 
73660 
66100 
35290 
36020 
40810 
96760 
71840 
36740 
73450 
95000 
38010 
35360 
40300 
86100 
68060 
35020 
69080 
70450 
68890 
32620 
76920 
52670 
48640 
25310 
52870 
28800 
52490 
23770 
58780 
29690 
57350 
1125640 
50120 
75590 
66110 
1592710 
54760 
51350 
51930 
54570 
45180 
50640 
52350 
53810 
47760 
50760 
49200 
51180 
48120 
50800 
53000 
53780 
49050 
50380 
49510 
70570 
52620 
54450 
50540 
53480 
51180 
49700 
58960 
87010 
67640 
71080 
1126660 
70550 
69160 
67880 
76880 
59620 
64960 
71940 
68320 
91290 
69430 
68210 
69290 
90510 
35170 
73240 
68060 
72250 
91110 
38570 
36020 
38200 
99920 
39030 
40310 
60010 
48270 
55800 
30670 
28530 
52990 
27220 
32110 
28390 
50770 
85290 
47030 
76010 
59540 
48000 
26650 
58220 
50100 
49620 
1095810 
48640 
49800 
25270 
50100 
76530 
49120 
24220 
49890 
73590 
57380 
24970 
51300 
48790 
49200 
26870 
50930 
80830 
28460 
25900 
55910 
53720 
32220 
81750 
37860 
37150 
71590 
36910 
72720 
32180 
1645530 
36620 
72040 
63550 
1117290 
35780 
37380 
70030 
67810 
1150600 
71640 
71480 
36320 
36780 
70490 
32790 
73030 
64630 
68740 
74460 
56760 
51110 
56470 
27700 
27060 
53180 
49890 
82870 
51020 
53990 
104390 
118060 
40120 
71310 
55030 
26110 
51120 
49420 
47180 
54160 
21690 
50800 
52610 
27880 
54540 
49230 
49610 
49920 
51830 
48240 
24560 
48480 
52440 
100480 
26060 
27780 
1572230 
26890 
27200 
27040 
58880 
25820 
78610 
37660 
69260 
37950 
36270 
39930 
74570 
67480 
91400 
67580 
67800 
68430 
68580 
67880 
34860 
70920 
36140 
68030 
69190 
71590 
34210 
37810 
37220 
71090 
66100 
67490 
37080 
77420 
27390 
53410 
27770 
52970 
54140 
53200 
52220 
78980 
29990 
53160 
95800 
117890 
67660 
63220 
52990 
54210 
52030 
51880 
27010 
53280 
84120 
49910 
49460 
51770 
46640 
49280 
48490 
53650 
48410 
74420 
50400 
50160 
55610 
51970 
47140 
28940 
52930 
53170 
52460 
26190 
26370 
27150 
47720 
75510 
70430 
40020 
40920 
71510 
71030 
68830 
37930 
72630 
37520 
74110 
100280 
62430 
72200 
70270 
67980 
37030 
34310 
72100 
36740 
34690 
69440 
71410 
73620 
35890 
43650 
63660 
51220 
28080 
77280 
55700 
28410 
54530 
52510 
63200 
30160 
54440 
52080 
82890 
71680 
62610 
50600 
23770 
52680 
49240 
54990 
25060 
27770 
52880 
51000 
59380 
2653230 
28270 
25430 
27630 
25250 
29160 
56450 
52600 
55140 
29100 
55830 
29670 
56770 
51910 
56570 
51510 
54300 
1118840 
72660 
68010 
69780 
71030 
70180 
35130 
36220 
75600 
31450 
71970 
35160 
76830 
72110 
70720 
73110 
70760 
68290 
38650 
36810 
70050 
74130 
70930 
70440 
65280 
74710 
64100 
48430 
60520 
54370 
24540 
53180 
52410 
52800 
53230 
58510 
54300 
53780 
50050 
49260 
1124850 
32820 
54690 
28610 
28980 
60030 
48990 
49660 
26410 
27760 
24950 
50160 
48860 
50330 
48980 
26430 
22060 
26060 
31300 
64330 
55300 
1088940 
49890 
53220 
24920 
56410 
51400 
55560 
50440 
54490 
114460 
33940 
66400 
69330 
67800 
34700 
62980 
68330 
70600 
69530 
36740 
37400 
70510 
1657060 
64110 
69860 
69960 
75350 
64300 
67840 
77360 
74720 
27600 
39430 
70340 
74660 
32320 
67480 
53510 
64790 
25290 
28500 
26770 
59330 
48690 
28970 
26170 
59530 
87440 
82480 
38350 
32770 
27040 
54250 
51590 
49660 
50370 
51770 
1103910 
47680 
48770 
49700 
62270 
44460 
48740 
51420 
95480 
73330 
50350 
25150 
53700 
49820 
26920 
29750 
52980 
51550 
27110 
22990 
55970 
47360 
79160 
64090 
75350 
72320 
99500 
35430 
70450 
68340 
69700 
67870 
66920 
69300 
67080 
87790 
33520 
71360 
74280 
1124910 
68500 
121270 
68720 
91760 
70550 
69120 
35540 
64910 
1113220 
54280 
27600 
62460 
25070 
71140 
49780 
25270 
30620 
54150 
29050 
89150 
89030 
40040 
33940 
55770 
53450 
47670 
56440 
49310 
51050 
51830 
28370 
50010 
28480 
52640 
54690 
25380 
50370 
49400 
49510 
50810 
67860 
23860 
58580 
45050 
50870 
23960 
29460 
52600 
24090 
23660 
56950 
82290 
37910 
67640 
67790 
71740 
91590 
67090 
73350 
67220 
69680 
68440 
73350 
62420 
74070 
1122330 
34620 
68430 
70730 
65870 
34620 
76470 
66380 
74380 
93270 
66900 
76270 
72830 
75890 
46560 
48590 
25700 
57360 
46570 
49920 
49890 
64570 
50180 
53450 
90700 
83820 
71530 
56290 
47470 
54900 
48060 
47970 
51190 
52750 
56600 
54710 
69980 
51510 
48750 
51950 
47260 
52610 
52280 
48820 
49510 
77870 
50460 
51890 
48540 
51330 
52160 
52010 
52600 
51380 
50860 
52390 
80130 
67660 
71760 
63770 
48130 
64230 
65100 
70010 
63550 
64930 
66380 
70480 
64630 
69620 
68790 
74630 
66120 
37350 
68930 
73870 
36570 
69790 
72230 
69800 
69680 
64610 
1120270 
57380 
54670 
26740 
57180 
54180 
46660 
49630 
1086480 
28890 
28250 
52610 
46270 
592420 
35750 
59720 
54060 
1129040 
26560 
28030 
53550 
51610 
26700 
25460 
52400 
52630 
47420 
25320 
54350 
25810 
48300 
48560 
49770 
34950 
24700 
51540 
57260 
51180 
52760 
51830 
58590 
28910 
26970 
42310 
1178360 
74340 
39160 
70350 
38680 
69380 
37160 
37610 
73540 
67930 
66390 
76700 
70890 
66210 
39630 
37440 
72290 
70240 
38190 
74000 
71010 
72690 
36720 
71450 
72360 
70980 
39450 
57530 
53320 
52830 
56870 
22150 
53400 
51340 
29080 
1113890 
28060 
50060 
94850 
33230 
32620 
54250 
48410 
50920 
77430 
50980 
54090 
51580 
51910 
51610 
56670 
47630 
49690 
28590 
54270 
51070 
51300 
24740 
60660 
52630 
49060 
51160 
1112870 
50910 
54240 
48720 
28860 
72290 
49860 
47350 
39110 
68190 
70590 
71240 
71490 
68940 
70370 
71750 
70440 
63440 
1635890 
36200 
69470 
67860 
75910 
69120 
70990 
67660 
68420 
98580 
39030 
70220 
34830 
70110 
37320 
43320 
62800 
54460 
50200 
49600 
56900 
50130 
49120 
54660 
27090 
54270 
86060 
154370 
101950 
70010 
28130 
25850 
49140 
27820 
26120 
51810 
53060 
48980 
52950 
52890 
68020 
25250 
54520 
50530 
26700 
50880 
46880 
26820 
54810 
42090 
26870 
27570 
56810 
71230 
50280 
26640 
29050 
60590 
38300 
71140 
40040 
76070 
69930 
69560 
36040 
39390 
96890 
40430 
38580 
70340 
1121430 
34180 
66700 
40520 
72030 
39460 
36380 
68040 
38110 
36870 
37990 
73960 
66840 
70790 
34700 
77370 
55770 
94560 
68600 
49260 
53140 
63960 
26560 
62710 
53450 
31000 
99010 
89920 
139640 
34060 
55780 
51940 
24580 
48100 
53080 
47640 
53510 
22600 
51290 
1094260 
46240 
46040 
53020 
52520 
95470 
47470 
50040 
57030 
23770 
26500 
50640 
50580 
51040 
53310 
25760 
52520 
51470 
51130 
47460 
74660 
72050 
70740 
68070 
67960 
70880 
37130 
69940 
66890 
39780 
75220 
71680 
65880 
70310 
1561850 
32340 
68900 
69630 
66210 
88970 
65620 
66550 
70160 
67440 
90920 
68980 
64820 
53200 
47180 
28040 
54720 
51900 
50420 
49950 
52130 
54450 
83580 
54720 
37990 
70010 
57510 
50230 
49520 
50640 
48140 
1597980 
51270 
49080 
55300 
57800 
69820 
26730 
48240 
51920 
26180 
49800 
46780 
53570 
54290 
47650 
54660 
53170 
56140 
50440 
55360 
54980 
58640 
49580 
53110 
82220 
68780 
68360 
1105560 
72000 
68280 
69450 
70290 
67660 
66430 
68960 
69750 
1108450 
68700 
67530 
71650 
96130 
64130 
67230 
36700 
76120 
66260 
71960 
70710 
70360 
62690 
76740 
55070 
56830 
82260 
52900 
56150 
57710 
45840 
58020 
54880 
58320 
87960 
1084550 
75540 
62600 
57360 
54330 
23540 
52570 
48390 
56370 
25180 
27750 
51610 
49060 
27000 
27410 
50490 
55580 
48450 
26090 
48100 
68910 
58660 
26680 
50760 
55460 
53870 
28610 
52180 
54560 
48830 
48400 
77530 
74680 
74540 
65470 
69030 
73460 
75040 
60390 
69800 
73050 
69590 
74670 
70460 
71530 
73790 
60870 
74120 
67010 
71170 
69330 
65880 
87230 
69260 
36920 
71180 
71010 
67160 
74500 
59820 
54560 
52390 
53660 
30010 
54180 
52410 
55770 
52030 
53040 
88090 
1136440 
74810 
61480 
51810 
1090410 
49860 
50320 
50100 
52650 
49410 
50490 
51320 
49460 
1089590 
49390 
46970 
51990 
50900 
51840 
51810 
52390 
52230 
50780 
51500 
54050 
27010 
75370 
51290 
53770 
26320 
52850 
81910 
40110 
70340 
67580 
69510 
36930 
75840 
71770 
1130480 
64640 
72500 
70840 
68420 
70070 
70780 
63490 
39290 
96030 
36180 
68990 
77100 
70950 
36630 
38920 
74350 
71060 
101100 
52150 
50570 
51850 
45660 
51940 
55930 
52600 
53660 
54710 
51210 
120850 
86130 
1107840 
37030 
65160 
55440 
51730 
51620 
51180 
47770 
49930 
75380 
49820 
50650 
51280 
48180 
28090 
50820 
97670 
26890 
53540 
55850 
26750 
49670 
70520 
50280 
52920 
26470 
27700 
25030 
27250 
58450 
80290 
34490 
70110 
71010 
33230 
37060 
35550 
74480 
66970 
67270 
70640 
72290 
68950 
34730 
68830 
69190 
66600 
35760 
78470 
66100 
71300 
63280 
35890 
70830 
67640 
70490 
69900 
71010 
59650 
52200 
74410 
53550 
51310 
54110 
51820 
53720 
55210 
53790 
86460 
82580 
72150 
62830 
48430 
53740 
50230 
