100060 
44470 
41000 
40900 
41410 
38170 
37240 
38760 
38820 
37960 
37920 
37850 
38280 
37510 
37330 
40280 
58060 
43910 
40390 
37620 
36970 
38430 
37140 
37150 
38860 
37430 
36410 
36520 
37680 
38500 
37310 
37250 
37200 
37720 
38870 
37510 
36590 
36940 
37730 
38090 
38620 
36750 
38400 
36660 
37270 
36750 
36010 
35930 
38340 
37800 
38690 
37450 
38340 
41370 
41320 
37540 
35330 
36180 
36370 
38230 
36170 
39350 
35210 
36840 
38860 
35960 
38650 
36010 
36820 
37130 
36980 
37810 
37980 
37590 
35990 
37050 
36600 
38240 
37110 
36640 
37000 
36110 
38100 
36380 
37310 
37480 
37170 
37350 
36770 
36670 
37360 
35320 
39320 
36790 
37230 
37070 
36850 
38250 
35870 
36720 
37260 
37920 
38790 
35760 
37180 
37980 
37770 
37430 
37050 
37490 
35670 
36990 
36610 
36470 
36660 
37090 
36980 
37310 
37440 
36910 
42670 
38780 
38900 
38960 
40390 
38520 
36150 
38890 
37930 
37440 
36370 
36480 
39260 
37960 
39660 
37220 
36270 
38130 
37020 
37310 
37570 
37420 
39050 
38440 
39440 
36330 
37100 
38170 
36980 
37170 
38280 
37420 
39180 
37810 
38040 
35920 
39330 
36840 
37740 
38020 
36360 
36170 
39890 
38370 
36920 
36680 
36140 
35750 
37650 
37460 
36580 
35910 
39090 
36480 
38210 
38070 
37110 
37530 
38150 
37370 
36510 
40690 
43170 
37080 
37090 
35470 
35570 
35380 
35860 
38720 
36510 
37730 
38270 
34830 
39930 
37260 
36350 
36840 
35850 
37090 
36680 
38240 
37190 
36550 
36620 
39880 
36650 
35660 
35790 
36470 
36870 
35500 
37970 
36350 
37240 
37790 
36290 
36630 
38240 
37940 
39400 
37260 
50630 
42570 
38240 
36730 
38270 
37750 
37850 
35900 
37120 
37270 
38730 
35230 
37160 
37440 
38960 
37920 
38230 
37670 
37750 
38030 
37830 
36210 
37160 
37340 
38660 
36910 
35990 
36620 
35850 
35900 
36710 
36770 
37780 
36990 
36560 
37800 
38380 
37130 
35580 
35880 
36920 
39580 
37300 
37190 
36340 
37760 
37470 
39060 
35520 
37710 
37680 
36520 
59070 
38600 
37150 
37040 
36490 
38420 
36960 
37160 
39330 
43120 
39280 
37460 
36570 
38560 
37940 
36920 
37610 
36500 
38030 
39620 
39130 
38550 
37260 
36950 
38880 
37850 
37290 
36010 
37490 
36560 
37390 
38070 
36090 
36470 
37280 
36380 
37500 
36550 
37590 
35840 
36950 
37460 
37610 
38590 
36210 
39350 
37640 
39190 
37560 
36430 
37150 
37240 
36820 
36940 
35840 
37580 
38030 
37440 
37680 
37530 
37470 
39910 
37870 
36700 
38140 
35110 
39110 
36000 
38330 
36420 
36910 
37950 
39260 
38170 
35980 
35930 
37260 
36110 
36990 
35350 
37210 
36770 
36490 
37200 
36300 
37230 
37440 
37710 
37610 
36480 
40130 
38390 
37620 
38920 
37660 
36760 
35430 
38230 
38570 
37460 
34990 
36970 
38570 
37600 
36580 
36710 
38080 
37920 
38220 
38360 
36710 
36550 
37650 
38730 
38900 
37760 
36110 
37130 
38160 
37320 
36390 
36130 
37640 
38380 
36390 
38040 
37470 
36370 
38840 
36280 
44790 
39390 
36650 
36510 
37850 
37860 
36150 
35880 
37160 
36540 
37370 
36310 
36570 
35780 
37450 
36540 
37900 
35410 
36420 
35870 
37470 
37170 
36160 
37290 
37580 
38150 
37140 
36730 
37630 
37970 
37270 
39490 
36480 
37110 
37780 
37530 
38800 
37100 
36120 
34950 
37760 
37270 
35330 
37680 
35740 
37090 
37200 
37260 
35290 
36640 
37830 
37290 
37250 
36070 
36640 
36700 
37570 
36810 
35960 
35940 
36430 
37980 
38070 
36780 
36250 
37550 
36940 
36890 
38030 
35960 
37180 
38430 
38080 
37500 
37360 
36330 
39470 
37580 
37890 
36680 
35970 
36400 
37910 
37230 
37630 
35840 
37020 
37550 
37000 
35410 
35760 
36740 
37460 
40120 
38420 
35710 
36390 
37400 
36840 
37660 
36760 
35670 
37920 
36830 
36260 
36380 
37070 
35750 
38530 
36450 
37610 
37860 
37970 
38130 
38370 
35620 
36850 
36950 
37440 
37500 
37300 
36770 
36330 
37080 
37910 
37030 
38310 
36970 
38980 
37520 
37950 
41060 
38140 
37700 
37360 
37210 
37790 
37260 
37940 
36330 
37830 
36240 
37130 
36150 
37600 
37200 
36270 
35570 
36470 
36580 
36470 
37640 
36020 
36970 
37700 
36260 
37770 
35890 
38220 
36190 
38250 
40600 
40980 
36760 
37660 
39090 
39290 
38340 
36890 
37470 
38190 
39310 
38510 
38490 
37430 
38210 
40680 
39170 
37950 
37340 
36630 
40020 
36950 
36900 
39040 
37080 
37610 
36890 
40420 
38410 
36700 
37010 
40020 
37500 
38900 
36230 
37750 
38670 
35970 
38650 
38170 
40940 
37870 
39230 
37470 
36170 
37010 
37360 
36260 
36420 
37250 
36500 
36710 
38590 
38950 
38200 
38770 
39210 
38640 
37680 
37370 
37420 
38280 
36220 
38040 
38550 
36370 
37970 
36970 
37250 
34900 
37400 
39160 
37030 
37410 
36030 
37370 
36550 
36820 
37010 
35930 
36230 
35760 
36880 
38620 
35520 
35010 
36050 
36570 
37120 
36030 
37560 
35500 
38090 
37370 
37430 
36980 
37330 
38450 
37770 
35860 
37920 
35920 
37640 
40760 
38800 
36270 
37420 
36710 
37740 
38250 
37380 
37140 
35770 
38800 
36910 
38320 
36030 
37680 
37690 
36930 
37800 
36390 
34740 
38370 
36760 
36540 
35590 
34810 
36540 
36190 
38450 
47680 
38620 
36780 
35630 
38870 
36180 
36370 
37520 
37190 
36730 
38350 
37140 
37790 
38050 
37920 
37120 
37340 
35880 
36160 
36220 
37150 
36980 
37050 
37820 
38350 
38170 
36910 
36040 
38370 
37910 
38760 
36060 
36690 
36250 
38780 
36150 
38360 
36560 
35550 
37880 
40360 
39650 
36790 
37160 
38190 
36360 
37070 
36570 
37410 
36310 
36030 
37270 
38000 
35620 
37400 
36950 
36540 
35960 
36040 
37260 
37230 
35850 
37570 
35480 
36780 
36910 
37460 
37280 
37580 
36420 
38100 
39540 
40790 
36700 
36890 
38460 
37750 
37460 
35730 
36390 
38170 
36050 
38390 
35500 
37510 
35650 
37110 
37870 
37080 
36290 
38150 
37020 
36750 
35640 
37080 
36600 
37860 
36860 
36790 
36840 
35930 
37390 
37370 
37310 
37010 
34460 
36810 
37650 
36980 
35520 
36840 
36650 
39490 
36450 
38000 
36790 
37430 
38450 
36050 
37910 
36050 
35920 
40370 
38160 
37620 
37780 
37330 
38590 
38350 
38040 
38360 
35660 
37120 
36940 
37240 
37190 
36000 
37290 
36710 
37450 
39960 
36750 
36790 
37450 
36710 
37680 
36540 
36330 
38040 
37200 
40600 
36470 
37270 
36330 
37230 
38630 
36520 
36950 
36140 
37740 
39610 
36190 
37080 
36360 
38150 
36980 
37680 
40040 
38270 
38600 
40540 
38590 
37940 
38780 
38350 
38480 
36230 
34990 
36820 
36470 
37550 
37680 
36150 
39080 
37210 
37690 
37680 
36730 
36410 
37480 
37820 
37010 
37990 
37200 
35440 
37450 
38400 
38340 
35710 
36650 
38400 
36820 
37070 
36990 
36080 
37050 
36570 
38040 
39690 
36400 
36970 
35840 
37530 
35680 
36040 
36900 
37660 
36720 
38640 
37940 
36970 
38470 
37010 
37290 
37170 
37240 
38240 
38520 
35940 
36370 
36310 
37320 
37500 
38030 
35320 
36640 
36150 
37130 
38010 
37420 
36330 
37900 
38770 
36010 
37900 
36220 
35790 
37230 
36970 
37330 
36470 
37510 
38600 
37280 
38780 
37260 
36490 
37100 
37930 
38630 
37280 
36150 
36260 
36650 
37800 
36900 
38200 
37290 
38390 
35990 
38280 
35840 
38900 
38190 
39040 
39910 
48060 
40540 
38120 
36400 
38130 
35480 
37870 
35690 
36520 
37650 
37240 
35790 
38150 
36730 
38470 
36040 
37240 
36740 
37240 
36360 
37170 
36690 
36030 
38330 
37230 
38190 
36320 
35960 
39190 
38760 
36950 
37160 
36700 
36920 
38730 
38280 
36440 
36400 
37810 
37570 
37700 
38510 
37910 
37040 
37000 
36390 
38640 
36370 
36640 
37570 
37680 
39110 
37340 
35260 
41340 
36940 
37640 
36350 
36780 
37980 
38160 
37900 
36590 
36430 
38110 
41000 
38620 
37070 
36380 
36950 
37150 
37540 
36610 
35940 
36190 
38730 
38140 
37410 
36440 
37270 
36910 
37470 
37200 
38440 
37390 
36870 
37710 
36790 
35170 
37400 
36580 
38440 
37970 
36860 
37490 
36980 
38160 
36610 
36480 
39240 
37680 
37740 
36170 
37390 
37360 
36190 
38440 
36820 
36230 
37610 
35550 
37100 
36460 
37620 
37110 
35430 
36710 
38760 
37170 
36540 
36470 
37180 
37930 
36410 
38780 
35850 
35700 
37700 
36460 
37860 
36270 
37070 
37320 
36970 
37820 
35600 
36840 
36850 
37060 
39080 
38100 
35940 
36310 
38070 
39410 
35790 
36280 
37970 
37740 
36880 
37240 
37270 
35980 
37000 
36850 
36650 
36490 
36920 
38120 
37560 
38130 
35640 
37380 
35940 
39260 
39010 
36510 
36920 
36590 
39250 
37170 
35990 
36180 
36490 
37240 
37410 
36650 
36840 
35960 
38330 
37510 
37330 
37230 
36480 
37200 
37460 
38930 
36530 
36800 
40110 
38710 
38240 
38230 
36250 
36840 
38290 
37690 
35510 
35980 
36420 
39410 
40240 
38420 
35520 
36760 
36720 
36900 
36690 
37400 
35920 
36870 
36390 
38120 
35430 
39730 
36820 
37670 
38090 
36090 
37210 
37960 
37920 
38030 
36980 
37120 
36850 
39940 
40420 
38470 
36940 
36570 
38470 
37590 
36840 
36760 
36870 
38620 
36760 
38240 
37020 
36990 
37610 
37640 
38420 
38050 
34760 
37680 
36330 
36280 
37390 
37100 
39860 
39060 
37390 
37810 
35970 
36590 
37690 
36890 
36940 
35740 
36450 
37750 
37410 
37920 
39700 
35300 
37510 
37510 
38110 
36130 
35390 
36300 
37110 
38010 
36800 
36490 
38920 
38680 
37140 
37020 
35290 
36640 
37640 
40900 
44510 
37990 
36530 
38410 
37410 
36660 
36820 
37100 
37340 
37200 
37050 
35730 
37820 
36360 
36970 
37630 
41000 
37960 
35190 
37540 
37290 
37960 
37240 
38220 
37660 
38130 
37160 
37280 
35780 
38330 
37130 
38860 
37000 
36430 
37040 
36620 
36230 
37880 
36880 
38250 
37040 
36880 
37830 
36890 
35410 
38000 
36050 
36470 
35900 
37230 
37710 
37210 
39080 
36880 
36770 
37430 
37140 
38320 
38060 
37280 
37340 
37690 
37640 
37320 
37110 
37190 
41670 
39940 
36260 
37290 
35670 
37380 
36660 
39110 
35740 
36360 
37820 
37150 
38560 
36660 
40210 
39000 
38540 
37300 
37210 
37470 
36820 
37340 
37500 
37640 
36170 
37100 
39450 
38250 
37850 
36010 
36290 
37040 
36570 
37640 
36610 
36040 
36830 
37060 
36990 
36550 
35400 
36600 
36440 
37340 
36040 
36710 
38280 
38260 
37770 
36770 
40170 
38960 
38310 
38600 
35770 
35430 
37440 
37730 
38170 
37720 
35830 
36900 
37110 
36510 
38300 
38330 
37740 
38330 
37050 
36560 
36710 
37480 
37510 
38710 
37450 
37540 
37570 
37690 
38130 
37590 
35370 
36980 
35800 
36620 
37630 
37940 
36780 
36380 
39760 
37640 
38090 
38100 
35460 
36940 
37730 
36940 
36720 
35990 
37800 
36650 
38850 
36820 
36660 
36930 
37130 
37450 
36520 
36070 
36360 
38640 
41690 
38660 
36460 
37230 
37400 
41360 
37670 
36320 
37090 
37210 
37260 
38460 
35950 
36990 
37800 
37250 
38740 
35340 
36130 
36180 
37200 
39850 
37500 
35790 
36310 
36800 
37650 
36330 
37430 
36500 
36720 
38830 
37200 
35370 
37480 
38020 
36630 
37450 
36610 
38070 
36340 
38720 
40310 
36870 
36620 
37250 
37510 
38200 
36040 
38520 
36670 
37770 
36040 
37690 
36800 
38070 
37790 
37210 
37420 
37800 
37330 
38380 
37800 
37310 
35860 
36740 
37950 
38270 
37550 
35960 
35520 
37640 
36840 
37200 
37380 
35620 
36550 
37320 
36800 
46130 
42990 
38490 
37650 
37360 
38200 
36910 
37640 
38460 
36560 
36650 
37210 
37790 
37440 
37910 
37930 
35960 
37050 
36120 
36710 
37810 
35420 
37090 
36010 
38730 
38080 
38900 
38150 
37600 
39260 
38230 
35710 
38100 
35220 
37800 
37090 
36420 
36670 
39250 
37320 
38960 
37840 
37130 
36290 
35370 
37030 
36030 
37560 
37710 
36620 
37120 
37300 
38530 
40080 
36320 
38570 
37910 
37390 
40590 
36640 
39460 
37050 
37540 
36630 
41080 
38910 
37720 
38780 
36600 
38870 
37910 
37310 
36490 
38320 
37780 
39450 
39390 
38700 
39300 
36990 
38320 
38100 
37040 
36470 
37000 
36580 
39510 
37700 
37470 
37130 
37290 
40320 
38180 
38380 
37360 
38310 
37100 
36670 
37210 
35720 
38480 
35900 
37650 
37550 
37430 
37520 
39780 
39790 
35160 
37340 
36910 
39260 
38850 
36870 
37890 
37420 
37220 
37360 
36910 
37500 
37380 
36800 
37430 
36130 
37230 
36600 
39760 
36560 
38140 
37330 
37750 
37110 
37050 
38870 
36600 
39000 
35680 
36530 
38680 
36950 
37820 
36140 
36450 
36980 
36910 
38020 
37190 
36400 
37030 
36210 
38460 
37330 
37430 
37280 
37910 
37560 
36540 
37750 
37310 
38210 
38530 
36410 
36710 
36100 
37700 
39890 
36890 
36520 
37400 
36640 
37610 
37350 
36910 
37070 
36960 
37880 
38320 
35920 
38010 
37480 
38190 
36780 
35890 
36830 
36030 
38450 
36990 
35630 
36570 
36560 
38340 
37170 
37650 
35870 
36220 
37530 
36210 
37350 
36890 
36350 
36930 
37700 
40920 
39710 
37010 
37030 
40500 
37150 
37870 
35730 
50230 
43770 
39340 
38680 
36720 
35950 
36710 
36440 
37940 
34930 
37790 
37110 
40310 
37330 
37840 
36530 
38970 
38420 
38030 
37600 
37300 
38100 
39230 
38160 
37960 
39260 
36780 
38030 
37270 
36550 
37520 
37780 
37720 
37870 
36460 
36860 
36020 
36330 
40220 
38080 
37610 
36200 
37120 
37950 
38480 
38600 
37940 
36820 
39050 
36000 
37740 
36560 
36050 
38870 
36560 
37300 
38220 
36110 
38030 
37870 
37800 
35900 
37430 
37380 
38390 
37040 
37030 
34840 
37030 
38650 
38910 
37540 
36630 
39500 
39030 
36300 
38130 
35180 
37050 
38240 
36090 
36200 
36150 
36230 
38020 
37610 
36870 
35080 
37610 
36580 
38490 
38630 
36670 
37360 
37270 
37900 
37780 
36690 
43530 
38890 
38170 
38520 
38780 
36450 
35470 
37640 
36940 
37550 
35540 
36920 
38030 
37630 
37130 
36760 
36040 
36640 
36570 
40280 
38920 
37210 
38380 
36650 
37660 
37700 
37590 
34640 
38520 
36900 
36990 
35490 
36660 
37780 
35970 
36150 
35350 
37150 
38200 
36250 
36650 
37660 
35880 
35550 
37770 
37160 
36220 
37240 
38290 
37270 
38360 
35810 
37440 
36300 
37830 
36740 
36850 
36280 
36000 
38200 
37830 
35700 
37080 
35340 
37970 
37310 
36390 
37120 
35720 
37160 
38980 
38610 
37130 
36310 
36790 
37580 
37490 
36470 
36400 
36630 
37520 
36880 
37310 
36260 
37000 
37680 
47190 
39660 
37100 
37180 
37470 
37200 
37640 
36230 
35700 
37030 
36610 
38600 
36710 
37590 
37750 
37720 
38780 
36880 
39230 
37940 
37290 
38350 
37460 
35490 
36170 
37220 
37260 
37020 
36640 
36550 
38340 
36580 
37900 
38690 
38330 
36590 
38920 
38080 
34790 
36360 
37100 
38370 
41540 
37260 
36410 
35290 
38450 
36960 
39100 
38080 
36090 
38530 
37840 
37180 
36570 
36860 
38950 
37680 
37710 
37450 
36250 
38470 
38160 
37680 
36580 
36700 
36800 
38190 
37360 
37460 
36910 
35710 
38690 
38270 
40010 
37030 
37830 
36540 
37720 
37390 
38400 
35220 
38510 
37400 
38750 
36930 
36190 
38420 
38050 
38470 
38090 
35480 
36690 
37480 
