98920 
46130 
45590 
41010 
37980 
36780 
41420 
42850 
39100 
38050 
38910 
40680 
38700 
40310 
38090 
37370 
35830 
40000 
39980 
41100 
38700 
37770 
39500 
37000 
41590 
37910 
37560 
36960 
38980 
39120 
37730 
39630 
37810 
40110 
39490 
35340 
41890 
42940 
37220 
39950 
39480 
38190 
36490 
37290 
38900 
37450 
38240 
37620 
37400 
39350 
38100 
38120 
36260 
36460 
36810 
37830 
37370 
36740 
36730 
39860 
37810 
37470 
36340 
36380 
37800 
38270 
37870 
38900 
46470 
41430 
37320 
38510 
36880 
37140 
38320 
37940 
38680 
36570 
37220 
38500 
37460 
41030 
38790 
36780 
36090 
37470 
38790 
35820 
37900 
37560 
38610 
37710 
37200 
37120 
39260 
46390 
40930 
38000 
38100 
37420 
38660 
36910 
38670 
36470 
36590 
37870 
38510 
38660 
37980 
38270 
36200 
36650 
38500 
37000 
37160 
36450 
38540 
37940 
36730 
37680 
36630 
37740 
37380 
37260 
36620 
35920 
38960 
38090 
37300 
36660 
37400 
37320 
38340 
37460 
36840 
37020 
36520 
37410 
37340 
38930 
35270 
35820 
38980 
37710 
38100 
37220 
36670 
37540 
37710 
37240 
36460 
36870 
37710 
36990 
37210 
35900 
36490 
38940 
37600 
37820 
35980 
36280 
37460 
37670 
37690 
37340 
35030 
37230 
41260 
38960 
37690 
35310 
38280 
37820 
38540 
36330 
36300 
36370 
37310 
37200 
37230 
37520 
38430 
38820 
36900 
36900 
36430 
38150 
36780 
36530 
37380 
35930 
36860 
37400 
39360 
39470 
38160 
37140 
38050 
43640 
42930 
39230 
37730 
37000 
38370 
36960 
38220 
36690 
37240 
37800 
38330 
38420 
39150 
36770 
38890 
37700 
37610 
38260 
36070 
37320 
36990 
38410 
36640 
36810 
37530 
37780 
39260 
39090 
36300 
37510 
37020 
37580 
37760 
36460 
37740 
37650 
37540 
38980 
38230 
36310 
35370 
36510 
38110 
37250 
36740 
37020 
37220 
38760 
37170 
37070 
36580 
38810 
38910 
37110 
36110 
37120 
37170 
37280 
37870 
36600 
37350 
36430 
38010 
39950 
38940 
37070 
36670 
37430 
37220 
40800 
36880 
38260 
39140 
38250 
38910 
36570 
36610 
39520 
37610 
36670 
35740 
36580 
37100 
38750 
37440 
36750 
36250 
37530 
37650 
38730 
37500 
36810 
36900 
37560 
39060 
38000 
38990 
37530 
39540 
38920 
37150 
36580 
38530 
38250 
38400 
36630 
37170 
36970 
36860 
38260 
37990 
37670 
38330 
42660 
43570 
44600 
37310 
37700 
37710 
37510 
38040 
36610 
36730 
36360 
37580 
38700 
36030 
37950 
36790 
37350 
37240 
37170 
37000 
36580 
37820 
37940 
38060 
41360 
38910 
37050 
37770 
37270 
37150 
35240 
37310 
38320 
37400 
37750 
36390 
37610 
39260 
39470 
39640 
36480 
37610 
36710 
38020 
37070 
37390 
37920 
37810 
35960 
38730 
37110 
37530 
37550 
37540 
37210 
36840 
38210 
39690 
37580 
38440 
36000 
38190 
37220 
37990 
37370 
37120 
37520 
36510 
38780 
37630 
39020 
37170 
36470 
37920 
38790 
38920 
40300 
37830 
37370 
37070 
38530 
37960 
38050 
37040 
37780 
38050 
37180 
49300 
39240 
37890 
37960 
39630 
38160 
36300 
37400 
38650 
37280 
37240 
37580 
37850 
37280 
36440 
36910 
37060 
37070 
37160 
37040 
37080 
35920 
38680 
37840 
37070 
38040 
36190 
37550 
40070 
37700 
41310 
36830 
36330 
36590 
35990 
36930 
36200 
36000 
37140 
37760 
41550 
38420 
37440 
37720 
37210 
38320 
37570 
38180 
35910 
38690 
37570 
35740 
36190 
36510 
36370 
36970 
37340 
37480 
35930 
36890 
38080 
36940 
37900 
37000 
36810 
36490 
38780 
37370 
37000 
38170 
37940 
39580 
37770 
39060 
36370 
37780 
38510 
37200 
37460 
35770 
38720 
39060 
37200 
36520 
36890 
38160 
37870 
37680 
38070 
37510 
38130 
37530 
38150 
36350 
37730 
40380 
38040 
38660 
38990 
37170 
38940 
38510 
38570 
35900 
38910 
38410 
37060 
37650 
37500 
36060 
37250 
39210 
38960 
37500 
37320 
36350 
38100 
38860 
37910 
38210 
38140 
37240 
36750 
37930 
36340 
38440 
36220 
37180 
37130 
37040 
37780 
37900 
37690 
37440 
36850 
37240 
36800 
38990 
38010 
37100 
37890 
37590 
38470 
36880 
37810 
37900 
36970 
37500 
37200 
38950 
36810 
37700 
37970 
39060 
39470 
37330 
36910 
37800 
38070 
36980 
37600 
37610 
38160 
37640 
37120 
37170 
36520 
36120 
37910 
36280 
37840 
36660 
41130 
38170 
37410 
39220 
37030 
37560 
37400 
38780 
38810 
37870 
37080 
37910 
38150 
38680 
37060 
38070 
37660 
38110 
37150 
43460 
43420 
36320 
37280 
39730 
37510 
38220 
38600 
37260 
38410 
39150 
38600 
36310 
38200 
38930 
37010 
37160 
36920 
36520 
37370 
36720 
37830 
35680 
37110 
38080 
38190 
36520 
38160 
35390 
38170 
37650 
39360 
36940 
36920 
36580 
38000 
37060 
36100 
36380 
36660 
36860 
37040 
36420 
36090 
37430 
39040 
38130 
40910 
37160 
37250 
37770 
37870 
36000 
35010 
37250 
37580 
37920 
37640 
36090 
37180 
37180 
37190 
37440 
35960 
38550 
36540 
36960 
37330 
37180 
36570 
36750 
37240 
37160 
36640 
37440 
37250 
37490 
38270 
36830 
36550 
36020 
37540 
40320 
38640 
38280 
37240 
36280 
38390 
37980 
38530 
37760 
36950 
37490 
36540 
37350 
35770 
36620 
41260 
40210 
38860 
37620 
37130 
37390 
37390 
39410 
37940 
36360 
38690 
37920 
37780 
36050 
35980 
38400 
36280 
40280 
37680 
37340 
37670 
37570 
38070 
36400 
36380 
37410 
38410 
38100 
37470 
37580 
35310 
38030 
37860 
37630 
36500 
36270 
37180 
37040 
37930 
36750 
36610 
37730 
38910 
37340 
37500 
36640 
37860 
40700 
38930 
37080 
40090 
38140 
39630 
38650 
37190 
36720 
36460 
38670 
38550 
41500 
37660 
36890 
38610 
37870 
37070 
37560 
35720 
38280 
38470 
38030 
37880 
36890 
37230 
37680 
37120 
38860 
37220 
36810 
37890 
37410 
37910 
36700 
35580 
38440 
36940 
36680 
38290 
39360 
38320 
36620 
38230 
36320 
37040 
38760 
37090 
40690 
38270 
37630 
37920 
38370 
41130 
38330 
37940 
36350 
38840 
37900 
36660 
39930 
37270 
37420 
39790 
37470 
37880 
37840 
36920 
38890 
38680 
38740 
36530 
36890 
38770 
38220 
37520 
36750 
37500 
38380 
38590 
38300 
37070 
37690 
37910 
37920 
37270 
36130 
36680 
38340 
36390 
36870 
36410 
36120 
38330 
37740 
38120 
37400 
36520 
39200 
38330 
38010 
37300 
36200 
36940 
36000 
39750 
37260 
37460 
37050 
38780 
38130 
38330 
36510 
36510 
37240 
37470 
37940 
37540 
36660 
37730 
36610 
38370 
36720 
37390 
37260 
39530 
37270 
37130 
36960 
39110 
38920 
38300 
37440 
37930 
42190 
43840 
36830 
36750 
37720 
36180 
40330 
41670 
37320 
37740 
36910 
37440 
38780 
36970 
36930 
35770 
37340 
37650 
36850 
40190 
37660 
37290 
36470 
37310 
37120 
37040 
36320 
39750 
38540 
37300 
36510 
36570 
40240 
38360 
38080 
35650 
37680 
37730 
37240 
39250 
35840 
38250 
37550 
37870 
41000 
37090 
37310 
36420 
36540 
36140 
36350 
36960 
35930 
36830 
36330 
36600 
37610 
37340 
37480 
37690 
39630 
37320 
37470 
38810 
37870 
37770 
37730 
38020 
36990 
38670 
39160 
37710 
37040 
36560 
37490 
37200 
36970 
37720 
36940 
39070 
38770 
36710 
37780 
36930 
37670 
38160 
36640 
38150 
37600 
38340 
37210 
36850 
38420 
36610 
37620 
39860 
36870 
36820 
36750 
36420 
38080 
37400 
38530 
36390 
36380 
36790 
37740 
39120 
38450 
37290 
38310 
38040 
38370 
37480 
38310 
38180 
39010 
39280 
38510 
38140 
36860 
36540 
40670 
38010 
37730 
36290 
36900 
42770 
38980 
38770 
36870 
38290 
37110 
39950 
37700 
36290 
38390 
39300 
38160 
38040 
35670 
37220 
40370 
38100 
40130 
37760 
38250 
38000 
39400 
39630 
37590 
36610 
39190 
38080 
38150 
37160 
36990 
38120 
37290 
39140 
38890 
38130 
38750 
38060 
40050 
37390 
37550 
38150 
38980 
39620 
38260 
36030 
37420 
37880 
39190 
40230 
37350 
38720 
38370 
38720 
37150 
36190 
38130 
38240 
38120 
36920 
38810 
37020 
38600 
38980 
37600 
36790 
37420 
37060 
37300 
39790 
36770 
39040 
37730 
38480 
37770 
38320 
38440 
36320 
38540 
37930 
37470 
37810 
38770 
38320 
38490 
36400 
37470 
38140 
40350 
39380 
37640 
37350 
36820 
38040 
38640 
38580 
37940 
37540 
36780 
37220 
36670 
39050 
37840 
38470 
38400 
37140 
37290 
36550 
37350 
38250 
37260 
37120 
36430 
37730 
37920 
36360 
38080 
36750 
36130 
36640 
36670 
37650 
36710 
38150 
37780 
36580 
39060 
36530 
37420 
36850 
36960 
36680 
36970 
37160 
36530 
36970 
38910 
36560 
38840 
38080 
40580 
38800 
38810 
38210 
41950 
36970 
39880 
37770 
36490 
36950 
42870 
42990 
44220 
36950 
36140 
49580 
44530 
37420 
39660 
37700 
36460 
39340 
37320 
38460 
38020 
36930 
37900 
37260 
38210 
36810 
38480 
36960 
36880 
38390 
36200 
36660 
36690 
37750 
38040 
37150 
37510 
36890 
37510 
41550 
39450 
36080 
38360 
38840 
37150 
38020 
37030 
37680 
38630 
39250 
37230 
38710 
36700 
38490 
37180 
36920 
35750 
38800 
37860 
38910 
39360 
36640 
36250 
38390 
39130 
37210 
38010 
38340 
36030 
38650 
37110 
36890 
37410 
36880 
37650 
36890 
36430 
38160 
37180 
37130 
37160 
38330 
37580 
38420 
37640 
38070 
37800 
36740 
36570 
36950 
38790 
37980 
41920 
39170 
37440 
39130 
37140 
38080 
36300 
36880 
38180 
40680 
37910 
37650 
37540 
39060 
37030 
38710 
37130 
36230 
37970 
37400 
38680 
36690 
37050 
37680 
37050 
39290 
35740 
36350 
36380 
37950 
37450 
37400 
36140 
37240 
37460 
38060 
37440 
37160 
37960 
37690 
38640 
39020 
37480 
38420 
36470 
38250 
38230 
35940 
39800 
37020 
38720 
40440 
38320 
37490 
37530 
38230 
39800 
37820 
37350 
36650 
38240 
36540 
36570 
37970 
37070 
37590 
38820 
38660 
37990 
37330 
37680 
37080 
37660 
38460 
37090 
36160 
38710 
37510 
36970 
37830 
36720 
38230 
36280 
38490 
36650 
36530 
38360 
37030 
37040 
35500 
37480 
36580 
37290 
37000 
36490 
42050 
40970 
39610 
39770 
38130 
37080 
37170 
37150 
38140 
37680 
37770 
36790 
38210 
38610 
37730 
39640 
37700 
37280 
38740 
35910 
38090 
36820 
37980 
37400 
37110 
36560 
36070 
36430 
37400 
38030 
37610 
36740 
36110 
38210 
37850 
37180 
37320 
36320 
37780 
38760 
36560 
36210 
37110 
37550 
37990 
38010 
36850 
37120 
37530 
37880 
37960 
35940 
36200 
37590 
42160 
39450 
38820 
38430 
37140 
39220 
38250 
38660 
36490 
38090 
39180 
36980 
35770 
36900 
37440 
37140 
38330 
38120 
37080 
37810 
37370 
39200 
38210 
37140 
37660 
37720 
37320 
38460 
38010 
37690 
37550 
37690 
38340 
36440 
38520 
36540 
38970 
36420 
36970 
37040 
37260 
37690 
43210 
41820 
44130 
36370 
37930 
37810 
38450 
37210 
36850 
40460 
37700 
37440 
37710 
36980 
38060 
37700 
38320 
38270 
36610 
37760 
37880 
36640 
36720 
36990 
36700 
37290 
36580 
37880 
36830 
38810 
37370 
36910 
37800 
36650 
37780 
37370 
36870 
38020 
35520 
37010 
37510 
40630 
38710 
38490 
37210 
37470 
38610 
38450 
37590 
36830 
36840 
37810 
38270 
36590 
40790 
37130 
37060 
37890 
38490 
40570 
40530 
38210 
37450 
38430 
37390 
35930 
38580 
38540 
38330 
37680 
37500 
36590 
39540 
38100 
38440 
38070 
37850 
36840 
38590 
36460 
37740 
36400 
36930 
36250 
39120 
36700 
37600 
37750 
37860 
36970 
37470 
37160 
37740 
37210 
37900 
39160 
36410 
36950 
37390 
38710 
37550 
37220 
37060 
36290 
37860 
37030 
36540 
37340 
36660 
38450 
39970 
37690 
38510 
37390 
37220 
39050 
38000 
39580 
38400 
37260 
38970 
37920 
37800 
37830 
36970 
37060 
37580 
36330 
36390 
37570 
37940 
36810 
36740 
37740 
38180 
39120 
37470 
37390 
37590 
37160 
37690 
37560 
38900 
37290 
36510 
37660 
38470 
37550 
36290 
36260 
38110 
37900 
37330 
36780 
37570 
38860 
37120 
37620 
37370 
37540 
51090 
41940 
59370 
40550 
37260 
37560 
39120 
38460 
37730 
37250 
37200 
37640 
36520 
38110 
37480 
39760 
38500 
39070 
46390 
38970 
38600 
37730 
38470 
37680 
35810 
37950 
37160 
37940 
37360 
36940 
37330 
36130 
38060 
38960 
36030 
38500 
35650 
37670 
37840 
37640 
36570 
37090 
37950 
36750 
35930 
36620 
35540 
38110 
37810 
37650 
37800 
37300 
37910 
37520 
36910 
38850 
37090 
38070 
40030 
37520 
39280 
37000 
37540 
37300 
38650 
36750 
36880 
37910 
38730 
37530 
36970 
37190 
37620 
38840 
38360 
38310 
36090 
40640 
37550 
36550 
37480 
37050 
38030 
36910 
35830 
38220 
37000 
37540 
37040 
38050 
38390 
36990 
37580 
35960 
37560 
38190 
36640 
37640 
35960 
37180 
38190 
40520 
40320 
37920 
37630 
38000 
39820 
38120 
36730 
36300 
37680 
37590 
37380 
37430 
37610 
37630 
40620 
44200 
42280 
44340 
37240 
38450 
36520 
38250 
37690 
40300 
37710 
38350 
38020 
35290 
39210 
37210 
38580 
37710 
39420 
39120 
37300 
39500 
36300 
37620 
38380 
38100 
38330 
37900 
36150 
36360 
36290 
40290 
38290 
36630 
36260 
37500 
38780 
36690 
37230 
38560 
39160 
39680 
38130 
36040 
38700 
36770 
38000 
36780 
37110 
36340 
37200 
37720 
36620 
36260 
38130 
37740 
40480 
39370 
37960 
38620 
37640 
38610 
38740 
37630 
36820 
37850 
39170 
38170 
39110 
41380 
38060 
38420 
37870 
37270 
36970 
36150 
37850 
37560 
37270 
36880 
36290 
36820 
38570 
38220 
38030 
37390 
39330 
39500 
38310 
39650 
37610 
36160 
39770 
37580 
38740 
36920 
36620 
37330 
37310 
37440 
39250 
38390 
36710 
36660 
37830 
36550 
36040 
37780 
37710 
38670 
37580 
38030 
37010 
39150 
37770 
37590 
37410 
36340 
38080 
37420 
40060 
37020 
37450 
37460 
38280 
37660 
35650 
37030 
36330 
37610 
38200 
36020 
37300 
36630 
36770 
38250 
36180 
36840 
35180 
38150 
37890 
37630 
37250 
35460 
37880 
36080 
38250 
36350 
36500 
36450 
36830 
37310 
37350 
36450 
38210 
37020 
38520 
37750 
35680 
36780 
37700 
38040 
38780 
36010 
36300 
36930 
37400 
37830 
37740 
37330 
37170 
38040 
38270 
37010 
37380 
37630 
37960 
38370 
37260 
36930 
37530 
36270 
38120 
35870 
37710 
37060 
38310 
41310 
36450 
38120 
36070 
47690 
42930 
38200 
37840 
37940 
37520 
36860 
37360 
37330 
39880 
38790 
50350 
42930 
39150 
37850 
36830 
38970 
38060 
38620 
36550 
37540 
38530 
38090 
37380 
36110 
36410 
39720 
38510 
38130 
38490 
37210 
37430 
36770 
38890 
35820 
36480 
38390 
37870 
38510 
35230 
36570 
36300 
37210 
38300 
36400 
37620 
36520 
37370 
39600 
36900 
36850 
37040 
37590 
38830 
37520 
37060 
38000 
37680 
37840 
37890 
36400 
37810 
38400 
40340 
38680 
38370 
36670 
36760 
38380 
37530 
36480 
37420 
38220 
37330 
37360 
36670 
37470 
36340 
37430 
37250 
37360 
37500 
36810 
38060 
37400 
36840 
37950 
43230 
43210 
43030 
39500 
37960 
37230 
38390 
37220 
37420 
39410 
39770 
37810 
39320 
37310 
38110 
38780 
39930 
39310 
37980 
38330 
38490 
37570 
39970 
36970 
