61863
34632
30201
30392
29912
32151
31632
31412
30781
35581
26391
25391
24991
24691
23351
23911
64213
70373
64543
61903
119615
113296
87534
74894
65293
61582
64313
62243
62313
59893
59253
63933
61463
64673
58753
64013
63253
66033
65843
63013
62303
62083
66724
63353
64433
62883
62963
70823
64273
65833
64513
65923
101205
85724
81444
78993
77374
82724
80063
83113
79414
76913
80454
85234
84444
80363
77144
76554
86914
81613
77884
78564
73613
86404
81404
77333
80333
75334
88374
65933
61363
60573
63383
66433
63713
75833
66163
63813
62312
128346
100295
81194
64653
62023
66413
65203
61063
60463
60762
65363
62263
64343
60483
60603
62423
65323
63223
60983
60852
62573
64743
64643
59713
62853
60143
67893
66453
61713
62253
61413
108545
82564
78023
79784
79234
82263
81514
79844
75603
75543
80394
81574
79843
74544
79224
77883
80214
80374
78373
74643
75924
83864
81574
78794
76584
74783
100244
68993
62263
59403
62133
68573
64163
62513
65353
62522
64853
121616
107455
87594
72394
69353
64373
65093
61803
58922
61312
66373
64203
60222
59633
61943
64703
63423
61123
60243
62303
68053
62723
61783
61243
61603
69883
67704
64583
61953
62952
65383
63133
105575
77803
77354
73944
83674
80953
90774
79874
75594
83624
80054
76413
75284
81984
86834
78863
78764
76144
74103
83124
83294
80444
77773
79064
84124
76823
92574
66863
61003
60423
67053
66073
63253
61133
66653
70384
66783
128756
103755
83124
70933
62703
64413
60653
64653
63342
64083
62353
61192
61403
62603
61643
65623
60833
61073
60542
64293
65153
61533
61123
61103
67323
65873
65023
64383
60993
66693
62803
99785
75823
75623
86114
82544
78393
77564
75624
83444
79854
79404
77323
74753
74644
82674
79343
76704
78204
74383
88324
85974
81684
78233
74134
86674
79474
91075
66923
62703
65604
66613
65243
60882
59553
68993
67663
67124
121406
106935
88804
86404
71013
64433
60223
60963
65733
64373
62893
60543
61142
66033
62103
62513
58853
63263
64803
63983
62203
61363
61533
64543
63703
64713
62043
63273
61583
68973
65533
62153
101035
74043
86914
84894
77694
75843
76984
87954
82404
78913
74574
73674
81403
86354
77904
76573
77413
82444
79044
78343
78104
77644
75583
83673
81454
76393
87614
69513
66813
63853
62513
62993
62313
69093
67993
66703
62663
117765
112665
87514
70183
64113
60723
63773
63073
64833
58722
60373
60263
65533
64223
60143
61773
61323
66983
64263
61483
61342
63543
64693
61893
64563
62323
61883
64053
65833
64513
61193
91485
80643
81614
79344
75584
74154
81954
82484
81303
77594
78684
75983
83474
81424
77033
76494
75074
86784
79414
76434
74694
75713
81623
83504
77324
76833
77444
76404
66593
64573
63563
63643
63613
65233
64203
70133
63382
99044
116495
94575
81403
67643
63163
64913
61673
63503
60572
61633
62973
64013
64133
60673
61503
62033
62633
62653
60393
60713
60493
64103
65903
60873
62533
61033
68943
66243
63783
62343
63232
109025
80574
78803
76894
74434
79464
82124
81874
74703
75623
81584
82704
79314
78453
76374
76564
85684
82744
74344
75244
81234
86394
82434
79864
75253
72104
97575
70823
64153
60463
61293
67304
64633
63573
65193
62633
66053
129576
111215
86334
68103
66443
68364
65133
60503
58412
60593
68703
64033
59753
59923
60213
66353
63283
61823
60183
60533
62213
65513
62703
61163
61553
63403
67813
66013
61713
63943
63653
81314
87555
77763
79653
76794
85244
80314
78993
74934
75223
82873
80043
77524
75643
74313
82624
83234
78563
73704
73204
83054
81343
81464
75934
79644
74044
80434
84924
62713
60893
65093
65613
64313
61393
61593
65244
69464
63343
122015
97075
80044
70863
62083
64163
60503
60853
63323
61923
62933
63993
62513
64313
64403
63492
61893
61443
60113
65873
63133
61453
59452
59903
67663
63423
63793
62923
60593
63433
66084
106374
75354
77184
83404
78534
85934
78713
76183
74744
81674
80514
74854
81024
75623
85414
81914
77043
73953
74133
85774
78934
76553
76114
76674
82504
83044
90835
67663
60202
63453
65773
65433
61962
64503
65693
67073
68214
125806
105925
81614
74303
66063
61233
59802
60133
65173
61972
61813
59363
61633
63563
64843
62443
59093
60973
64423
65303
64193
59832
60343
63233
67313
65133
62733
62023
61612
65953
64733
62513
95264
75564
85144
80984
76563
76994
75674
84664
85434
78954
76423
74833
88024
82074
80084
76203
76593
76644
86544
81254
73134
76184
77563
88574
80723
76373
77344
61283
65993
63933
65113
62202
59833
66733
69263
64943
63073
111575
108265
83894
70533
63423
61723
62403
63723
64883
63143
60743
60643
65323
63703
60073
68833
71054
74633
71803
70434
71323
71523
72443
72874
74504
72683
73513
75324
75704
74383
72303
103525
83844
95814
93434
84653
83174
85404
94704
91974
87264
85354
85104
94035
89824
88004
85364
87215
97324
92934
91104
90774
87424
97264
92835
92515
89344
102055
74164
74003
73293
74224
72833
72653
74914
80944
73523
70323
135187
125306
99425
88774
76234
69683
77273
77553
74094
73373
72583
71953
76444
76954
71723
62483
64763
78564
63793
61433
61023
60633
64743
63833
60863
62623
61152
67113
65323
65743
61983
61983
122175
95574
87974
90594
76604
96875
80433
92955
76444
75383
73843
81714
91354
76553
75783
72334
83564
83064
78594
76014
74813
84764
81944
79174
75123
76994
106024
69913
63313
68613
63923
65173
63953
65543
64173
63543
60582
135416
100485
77974
63352
60113
66313
62783
60333
59263
61913
66973
61573
61963
59643
64533
62553
62993
60623
60972
61593
65993
64193
63643
59993
61863
60853
68614
66153
61963
62203
62192
100874
81054
76894
77073
76193
86264
77134
77503
78874
81604
80703
81114
79854
75153
76993
80284
85434
79104
77273
75303
75844
83864
81134
76274
75924
75403
96184
71304
61953
59863
61613
67143
61543
64073
67143
63743
67873
127196
105345
90205
77914
67083
63583
63263
60913
60542
61512
64743
63473
59962
59463
60223
64163
62452
59913
60463
60123
63742
61573
63853
61763
61322
65433
66513
66073
61333
61703
64963
65533
91044
77234
78764
74473
82753
81723
77024
76374
75863
83324
80154
75993
78633
75544
82584
85124
78183
75844
78574
81654
82854
79944
74544
75883
80964
77754
92895
66703
59413
60473
67373
64493
62823
59213
64053
66313
64783
127456
102524
87044
76274
63313
62403
59833
59823
61803
66283
61723
59843
59043
61293
61143
64483
60573
59892
58693
63713
63773
60772
59963
58983
67383
63983
62653
61193
61073
66323
62763
91974
80234
74503
84094
82444
78564
76563
74733
80653
81204
78334
75084
75854
76094
81944
81423
69443
78054
75423
89944
83114
88564
85964
78573
84234
79384
81803
72274
62243
64173
65223
63983
60503
60673
67483
69844
68153
98805
110745
89314
84904
70793
62392
59023
61313
64373
63593
60723
62633
62263
64293
62603
81214
65773
67973
71774
66043
61883
58913
61883
64893
64093
68373
61823
63723
62053
65253
64873
62183
101675
79473
84624
80734
81234
77933
77404
83594
81404
78544
77724
75664
79014
82884
79453
75014
74213
82083
79774
79094
74123
74253
72604
82804
80434
74353
92254
66453
64233
63743
62633
62453
61673
63592
67123
66103
67743
118826
110155
90615
70003
61322
59663
61953
61573
62982
59183
58873
58823
64153
64203
60583
61103
59712
64453
64493
60833
59353
58983
65493
63373
62393
60903
60953
64643
63813
62573
60983
78174
84394
82624
79294
75363
74503
74333
80824
79984
75413
74013
77344
85874
80354
74054
75484
73143
83134
77433
74354
78764
75223
84194
80713
87794
77224
72973
73454
66943
66133
64543
62463
64173
67653
67483
65903
64533
67663
125816
99264
83074
65323
61653
67983
63163
63483
62062
61813
64763
64623
63983
63383
61903
63003
62482
65253
60733
61213
60502
67283
66683
60443
68523
64153
69113
69263
63543
63653
63383
109786
80744
79253
78044
76704
83084
85564
84684
79834
77363
81264
84514
81174
76993
78633
78434
85584
82904
84624
79314
76404
88104
85744
80664
78404
75744
99535
67884
64743
60173
59522
62723
63203
62723
66453
62023
64673
125525
106825
77803
71404
63393
62683
65303
61683
61293
60522
62763
62593
60553
58322
59163
63443
60183
60723
58433
58453
60933
62243
60452
58713
60523
64093
65253
63983
61483
65003
61513
72584
94355
79234
75793
74743
84264
79774
75473
75043
75394
83524
78354
76013
74874
73944
81704
82504
78864
74924
72133
79553
81133
79024
77404
74223
77703
84584
86124
64043
59453
59833
66233
65433
61063
59823
63913
68143
63823
122276
96845
77233
66543
64163
61783
60233
59413
65083
63053
62623
60932
60633
63433
62633
64263
60663
61183
60263
63513
62533
60373
60133
60783
65753
66843
67293
64773
62303
62413
67863
104515
73303
74083
78983
83794
78744
76764
81203
75934
82034
79494
74544
75334
76573
85434
79563
74474
75754
75693
82773
77874
74223
74213
75903
81214
82784
87474
64213
63583
64633
65063
65223
63903
61853
63903
70223
64903
121695
105475
81834
77893
66063
61003
59482
59673
63053
61263
60603
59123
58723
64233
63203
60372
58483
60673
61363
62253
63673
62273
60523
59092
66253
64133
63173
60903
60233
77704
64913
61803
92444
78494
83984
81124
78104
74844
73984
82144
81704
78783
81174
77084
79694
81014
85304
77174
74293
75253
82723
79643
77894
74383
74143
84804
83264
73983
83454
61943
65823
63833
63832
62293
61723
66143
68663
63193
63303
133106
101835
83824
68853
61303
60273
59582
64573
64073
60733
59343
60983
63573
62643
59532
58063
63393
66013
62673
64293
61413
63663
65443
66294
66703
63793
65943
69283
69854
65753
62253
103865
78453
83954
83794
79354
76053
76314
85184
81614
75143
77194
75134
84084
80794
78663
78794
78574
84124
84174
80303
79674
81324
82424
83383
80814
78124
90394
68664
70063
65013
64133
63123
62403
67123
69403
64463
63663
120915
124046
85104
77724
66943
64823
65813
66604
65243
62243
64993
66413
64793
64413
61953
62522
60793
66893
64983
61742
62673
59143
65353
64253
62973
63163
62543
68123
65063
65333
64143
65443
106935
85584
82483
83044
77144
81794
82344
81694
76253
77903
75403
83984
81994
77243
79344
76933
82984
98195
84214
78293
77884
84844
83944
80474
79274
81664
96374
72283
67893
62113
60943
65623
63653
64903
65543
62973
62373
127866
102135
82454
64423
59533
66483
64133
60672
59163
60953
63143
63313
64243
62883
63383
62923
68113
62543
61633
59893
62353
62403
62613
60723
62313
61972
66603
66523
61443
62132
61263
103774
80444
76884
77253
76673
82834
80144
82884
77794
75814
82514
83664
74963
74384
75154
80994
80333
79283
76814
84874
77563
84374
79073
77934
76363
76474
106975
71084
63583
60532
61863
66763
66253
63843
68733
66103
71314
131296
107845
87734
72834
71963
64203
63873
59723
60323
61633
66273
62733
62103
59593
60503
65724
65023
60513
61083
61133
67193
64573
62883
60272
66833
71814
67633
65103
62172
64183
65713
62583
106575
76983
78014
73974
86054
83284
76613
78714
75614
82154
82214
77294
78454
79504
86554
84774
80434
84254
77463
85114
79603
79654
78024
78943
80504
83434
94344
69683
61953
62863
67523
62573
63423
63033
73184
69413
66153
133036
102235
80124
73193
65383
67844
61783
61073
61443
65883
62273
61573
60853
61862
64903
64803
61953
60142
59803
63503
65013
62433
61393
61613
67443
66433
64813
68604
61353
69283
65453
103935
75494
74914
84444
81604
79893
76634
76974
81464
80784
78583
72824
76254
77144
83504
83474
77074
82814
77364
85884
83684
83284
77074
96645
94824
84924
91665
68623
61243
64993
67813
66233
63333
61273
67194
68553
74853
122725
108005
86844
84764
76893
70694
68863
69103
73303
71784
72664
68573
69293
77394
71164
69893
67213
70003
70334
73124
69753
67673
69383
71314
72303
74033
70433
71203
69724
75964
72863
81893
108845
84274
91584
90874
86714
85494
93104
92854
89654
84534
84224
83714
89334
89864
86694
84394
84524
89484
88084
88024
87194
85184
84123
91524
89735
84474
98215
75613
73404
69653
72203
74963
71164
73164
78584
73953
71083
131196
125086
96805
78743
61063
61333
65573
64723
63543
61323
61903
62103
65293
64573
63623
62433
61453
67863
62413
63263
67053
62353
63963
64123
64523
63143
62393
67483
68503
64713
61943
91714
80893
81754
81314
77913
75943
75723
82824
101355
81963
83084
75334
83764
79754
83774
79323
76834
88934
81274
80003
77943
76064
85224
85134
78333
78023
76574
78434
66443
63753
67183
64033
64113
66364
67314
70794
63823
78104
128576
99105
86474
70153
64453
65953
65223
66253
61623
60633
63933
65083
64923
60772
61653
61793
64933
66053
62522
61343
63443
64723
67133
61773
64983
62793
71173
66963
64663
63563
61373
109005
85064
78653
77784
76124
82374
80884
80923
78004
79364
79264
81684
83943
81734
77304
77963
92334
87524
79744
77994
78754
88904
81124
81204
77624
76563
97124
68693
64153
