51620
24790
22940
40370
31940
30881
31000
30210
31150
30540
32440
30450
30920
31740
30161
30820
75960
73880
79210
77640
74150
76000
72261
78071
74601
74771
78580
72220
76180
86110
66110
61091
60171
60461
63180
60360
62030
63130
61830
62600
120470
102191
81031
64791
62930
60050
58690
60330
59650
60541
59521
57850
58840
60170
58670
61090
59030
60190
58651
57861
62211
61990
60390
59370
60960
61500
62180
63291
62191
60251
62600
97211
73900
75710
72830
76140
72020
74011
76771
72151
74390
76320
72620
76070
74430
70181
77351
71571
75331
70180
71580
76230
71430
73280
70850
73261
76121
84601
65680
59500
57860
61490
59330
60730
59071
63591
58890
59650
123031
112170
82490
70400
66900
59341
60001
58950
58790
60150
58170
59260
59140
56701
59451
56931
56970
59060
56460
58420
58760
60060
59370
56101
59861
60921
59260
61260
59970
57360
61120
66620
86571
72681
72231
80030
73960
76660
70380
70600
76070
71890
72501
71621
70050
78000
74140
73050
74100
68810
70371
72761
74631
76851
72360
73020
75440
73220
78520
60791
58021
60961
61040
60880
57540
59300
62780
60930
60651
123920
90351
84181
63240
57860
58330
57940
55670
58621
56791
61170
58580
56980
59590
57880
60960
58290
57781
59061
57021
57410
58070
56160
60040
60350
58130
63731
60251
67931
65260
61290
97720
73660
73940
84770
76300
75411
72271
70710
74410
71050
74990
70440
70040
78661
73051
74521
72020
83110
75880
73820
70310
72860
72741
78741
71721
70591
87490
63350
58120
59480
60360
59561
58241
58221
64281
63270
61280
121171
110690
89470
67751
61671
58730
57630
58630
57680
57180
57920
57940
57940
58261
56691
58330
56990
59510
71550
62020
59600
57061
56141
59001
58560
60000
62160
59580
59900
59590
61121
82881
70871
75711
70560
73050
73740
71050
75750
72090
69341
74551
71491
73720
73750
71300
73260
70840
75250
77831
73751
79391
71770
71440
75820
72780
74220
77960
67971
61991
58871
60460
59680
57860
58890
60840
61460
61811
124931
113331
88641
78520
64860
60740
57140
57330
58341
57941
61260
58180
58350
59090
58090
57470
56071
60151
57701
56470
57840
56730
59730
58460
56790
62390
59571
57521
61691
59130
61730
58690
96230
77100
76810
78371
74951
73051
79080
73500
75290
71720
73650
78110
71751
73341
73471
71171
81080
73320
74360
76090
72630
70571
75701
73761
73360
72670
85440
66490
59810
61300
58611
58801
60851
60550
62950
59270
60270
125581
98120
83421
67501
61081
59430
58050
57100
58970
60040
57580
59430
58621
58451
57800
59930
59580
58740
58530
58240
56480
60951
58341
58450
60770
60240
62300
63150
58750
60330
59141
98911
69150
71020
74520
74130
71010
74840
72180
76371
73101
72351
77800
75220
75490
71270
71360
78360
73721
77451
72441
71020
75990
72400
73220
74270
73350
92871
65791
61030
59780
62160
57960
59940
57810
67320
62121
61061
122991
108661
89050
75740
60920
60180
60920
58911
58401
56680
60360
58900
57800
57690
57960
58620
57061
56181
60170
56530
57100
59020
57170
60100
60440
60401
61581
59740
61580
59020
57290
61990
96460
74020
74551
70651
76151
74620
72970
75400
75830
79610
74810
72640
77361
74691
75190
77200
75700
78010
75710
75040
79611
72061
77331
73690
74230
81100
87640
69930
58590
61431
67501
62430
61670
60820
61920
63820
59430
123940
107560
83961
61940
60730
59220
61390
59740
56810
62840
59501
59031
57530
60000
60010
59550
60770
58290
59000
62661
61331
58351
61550
58330
63910
60430
60630
62730
59681
62081
62001
100401
78480
75120
73190
80530
75040
76121
76921
73491
80051
77160
77670
74280
73320
79050
77230
74491
75861
74411
78940
74960
73130
75990
73500
73550
76001
90261
65560
58450
57620
59230
61360
59600
55821
62301
61801
58350
125381
111181
81420
68350
62220
59431
57921
58791
58270
58090
56890
58900
59990
57980
58990
58541
58411
57080
56210
59870
58060
58590
59920
57380
62981
60131
62010
59810
59020
60280
61040
59400
98950
73731
80071
74401
71910
79880
73040
73110
72970
73250
76521
74201
73311
76460
70610
76050
73830
71020
77050
70711
77471
75711
72740
77820
71240
75290
88940
65040
59501
58211
60130
62570
59720
57810
64380
61310
60011
118520
94241
86371
63980
58810
57880
59440
58600
57180
60731
58251
57300
59230
58770
56650
59740
58150
60430
58321
59141
59830
57520
57450
60930
59960
61960
60470
59601
62111
58430
60270
97161
70110
77340
71850
75430
72971
72951
77791
71950
74070
76710
74060
78320
71370
73051
74731
72201
73790
75630
74270
75300
74710
75500
80570
73271
74311
86101
64730
59040
59000
60600
59620
59861
58831
63381
59430
60030
122121
117990
86300
68170
62491
58391
56851
58840
56280
60970
58300
56880
59350
57970
60431
56561
56540
60160
58450
59340
59120
57330
60131
59301
58280
61880
61790
60360
59360
57760
61180
71921
77161
73161
71791
76940
74690
72990
76680
72940
75321
73041
72951
73251
72520
76620
73360
72160
77530
73190
70451
77801
72601
81580
74150
71240
74300
70970
78290
61411
60111
61050
59780
59640
59560
59570
63470
59151
73391
126531
92271
79880
64320
59910
60400
58870
59721
59371
58931
59640
58580
56750
61230
60120
58160
62221
57831
58021
57380
56510
60310
58800
60400
62900
58691
63511
59931
62090
59440
58200
99170
76140
73670
76440
71591
77491
74191
70760
77650
72380
77240
75790
72020
78291
71781
72671
76830
72460
78440
75110
72470
77750
73850
74441
74461
72100
89710
62520
58720
58470
58530
60441
57061
58490
64830
60970
59160
124340
106940
86810
65491
58751
60421
57760
58220
57590
57350
58140
57830
59061
57881
56390
59230
59070
58240
57910
56290
58820
58071
56881
59110
59740
58360
61930
58480
60190
59240
57731
94921
70561
75080
75530
73220
78080
71170
75470
71691
73531
77471
74340
74630
74360
71720
76660
71050
76411
76591
71791
73521
74610
71810
74530
72220
76500
90510
65381
60441
58270
59840
61180
58520
59170
59470
61771
62751
115981
105141
87421
77190
65080
59650
60630
60641
59421
58100
59680
56740
58710
57260
58420
59100
57411
59831
57751
57880
59960
56530
59970
57100
61270
63661
58361
58711
60470
56880
61370
66300
104310
76750
73051
72071
76351
71741
73100
74400
70870
77100
73440
74951
72491
69811
77751
74390
78130
74740
72170
73120
72690
71741
75611
72641
79510
72820
84350
65400
60220
57730
60671
59521
60910
70310
62580
60550
58730
121360
102510
81661
66161
60720
60550
57430
57390
59720
58500
56490
61261
58041
62961
60210
57930
58670
58330
56270
58670
57831
60431
56990
55870
61160
60980
62610
60300
58640
65201
61001
103801
74690
72530
80530
75330
74670
77420
76260
80501
71341
73040
78590
72080
75170
78750
75410
78171
75651
75181
78240
74250
77420
74450
76840
80820
74881
91151
63171
58560
58450
58210
59170
60490
60930
68571
60871
59271
124891
104731
85030
77300
62720
59390
58081
56561
59470
59760
60400
60760
58730
61690
59380
59431
59091
58550
59720
58800
59890
62380
57710
61220
60291
59241
63440
62440
60540
61870
58910
60760
93700
73091
78691
72561
76460
75070
74800
74340
73260
76940
72551
72401
80531
74901
73400
74910
73410
78430
73170
73401
75821
74891
72350
74550
72600
75880
83940
61940
60151
60611
62981
59470
59200
62640
61640
61740
58440
119710
104540
84001
62480
58410
57230
58720
59590
59280
60560
58721
58841
58780
57200
59770
57680
57360
59030
58051
59741
58121
57270
61180
58090
62630
60280
62400
66120
58811
59051
64150
102161
78270
73890
75020
78700
73360
72831
76701
70691
75330
71600
73080
75800
70380
72880
70301
72191
75651
69630
75600
71360
73980
74570
70870
73501
73671
84921
65880
56670
59650
59960
62550
58681
60631
64561
61370
59720
131031
117251
83200
71270
62760
60491
66401
60110
61150
59130
57050
59620
57110
59310
60641
56151
60151
58990
56130
58430
56470
56880
60050
58301
60781
58030
60160
61770
58900
61440
58140
66910
88751
72091
75911
70620
68440
74480
70520
70020
76810
72340
75621
71991
70360
75330
69730
71440
73360
71990
77140
72191
80451
85701
76510
75950
74090
70490
83960
59570
61541
58561
61160
62110
56260
60210
63010
60490
60301
123010
95221
82801
61820
57810
60200
58590
62230
57751
58101
59170
56720
58640
58120
57140
60270
59990
58371
58241
56381
58520
57330
57120
61190
61460
60150
62781
57521
62241
57700
58970
102331
75300
76170
71690
70151
75651
73721
75011
70060
72900
79410
73490
74120
69591
68431
77021
72031
73310
73170
71730
76760
72520
73591
75891
70831
68721
88241
64110
61280
75560
62860
61200
59011
59951
64360
62300
63160
117850
110810
84490
65700
62761
59671
59620
60750
60190
59460
59230
58010
60060
58201
58271
61950
58500
59450
57330
58360
64620
59920
61191
59531
58780
60950
60500
61230
60550
59110
62890
94090
69931
75401
71421
76360
76220
74690
75400
71630
73181
74461
73281
74830
69840
70170
75300
71600
76320
73591
72461
76041
70331
74970
74410
71280
76330
82650
65201
64341
60500
63020
61740
61150
60990
62140
63550
64661
122810
116591
89171
83150
67920
61590
60980
60120
57551
59811
58191
60130
59270
61670
61380
60610
59280
60521
57301
59951
58920
58470
63080
57980
59540
63520
60590
62581
62391
59330
62400
62040
99960
75900
75540
79210
74151
76551
69800
73370
76660
73100
73550
71620
69841
74601
72151
72740
75160
72510
72200
72960
71220
74330
76091
73681
79471
73090
85750
61910
58420
59020
60161
63071
61401
61770
63460
61710
59710
124290
103920
88650
63911
59411
60230
58770
56900
60200
58330
59360
58071
58541
60421
58260
58990
60090
57290
58370
57740
60840
59291
58181
59870
59830
59710
62000
60370
61310
60010
56881
101311
72911
88960
92990
78600
75730
71950
73420
78211
72771
75401
72350
70800
76340
74740
76270
74641
72491
77191
71961
73080
74600
71050
78360
75500
72080
89401
63681
59900
59110
59820
61320
61230
59760
64580
63081
63291
119771
107851
91160
70770
63080
57960
58350
62891
59471
57720
56790
58190
59140
58090
56920
58990
60291
58441
60150
58280
59480
58030
56500
59920
58660
63161
61171
58591
63620
58610
64920
59360
100000
76950
73191
74081
77421
73891
78380
71730
69590
76380
70390
75121
79021
74141
74490
75040
71980
74060
71770
74290
72061
72381
75051
70471
77390
71640
80680
64730
57490
59761
60141
60310
63090
58570
62510
63170
59110
122310
104920
73871
63531
59550
57300
58640
58420
58330
59980
58241
60231
61991
58360
57490
55550
59000
57690
57850
57481
57961
58531
56530
56100
59740
58760
59250
64510
60401
62971
61091
100821
75250
72400
77370
71330
71640
75861
70801
73711
72951
70470
76430
73530
72510
73380
69001
78861
71841
73570
73100
70590
71640
75630
72560
75131
71251
79701
65110
59830
58570
59910
59180
61620
58901
64131
61191
58330
128321
102680
81380
72090
61090
60030
58091
55791
60141
59620
56170
59100
58220
62390
60290
57381
59031
57020
61450
58130
58340
64410
59240
60461
61461
60891
64830
62360
65900
66470
60830
65610
91350
70821
77161
75401
71730
76070
73140
75150
73570
72870
78491
75321
77181
72810
75270
76950
73010
76380
73300
71261
77591
71831
71510
73740
70340
74270
78460
61860
59071
59701
57821
59540
58880
60690
63520
59980
59550
117761
96951
77011
59880
60640
58410
59590
58420
58190
60581
57761
56530
58100
57270
58210
56990
61070
59420
57900
57241
57951
57210
58750
59800
58230
59600
61030
72091
64281
60001
61610
96691
77910
73680
71700
76130
72571
71791
72611
70821
75650
75580
72300
76600
71660
71041
75141
70771
78971
71060
70250
70970
71480
74480
71941
70981
76141
84311
65260
59120
57140
60970
59310
59960
57251
62291
66720
66870
120151
111520
85080
63520
60911
58211
61891
57510
58070
58970
58800
58760
59630
56981
58651
58661
58840
57820
57910
69640
62920
58750
58610
60171
61761
59160
60080
61030
60250
57870
60950
86920
72141
71821
69351
76210
71110
74360
70320
68920
76470
71841
75431
72711
70810
73980
71280
71130
72920
69560
73671
71671
71430
74670
71730
71120
77320
78880
66860
59911
56681
59790
59940
61470
57590
59570
67370
61130
121600
107311
83901
80621
62450
59430
60180
58600
58400
57781
55961
59800
56700
56250
58870
56250
58150
58400
55741
59201
56600
57360
60550
59860
60860
59520
60600
61001
58971
60600
58430
59670
95210
70720
76550
71480
72170
74871
72361
72120
72750
72600
73310
70440
70170
75911
72631
77101
73541
72930
75260
69730
73280
70460
70211
75281
72341
74620
86270
63160
58800
58180
59410
61741
60181
58331
63720
60300
60440
114780
104670
86930
67381
63871
61261
56910
58370
57680
59370
56900
55960
60300
57571
56910
59010
56540
58370
57040
57840
60360
59881
57701
59171
58030
61530
59860
58300
62430
59170
60991
96601
68231
75061
72820
75430
75060
72880
75440
72390
70651
76401
70861
77530
