52561
26101
22151
23110
22970
20770
22220
21850
23850
23090
22640
21501
23471
21671
21420
22130
61460
62211
61721
59101
64551
61791
59501
60651
60540
98511
74171
74281
73621
78941
76191
73731
70451
74861
78151
71251
75201
71711
76821
72591
71681
74631
73321
76171
72791
74041
73581
70501
74551
69701
75381
85271
63781
59411
60070
60520
62520
57620
58451
69161
59471
59231
120501
162401
87241
65230
63050
59781
59581
59511
58381
58501
57761
57611
60520
58110
60640
58710
57151
58651
57701
60561
58391
57471
60421
59710
61230
56610
60721
59981
58981
59411
61061
77591
73610
73201
70541
71541
71311
72181
75141
74061
74091
72720
70140
71430
74101
73701
74371
72181
74981
75671
73781
71981
73271
73101
74011
72991
73821
80271
69531
60931
59561
60641
62381
59930
59450
60980
64301
62831
118832
107012
75871
73730
64791
60650
58020
60740
58591
57981
60611
59071
58621
60801
59441
59100
58120
59780
57961
58791
58791
58191
59341
57831
60301
59740
59560
63410
59751
61041
61001
59271
93882
74491
72711
72201
74201
71781
79591
72181
75721
75781
70501
76021
73331
71730
76561
72161
75811
72331
73261
75521
71041
87391
77951
77701
72070
73941
87311
61911
58801
57991
60581
61541
62581
61331
64080
62410
60011
125092
94071
82251
65361
60941
59811
59530
61570
58940
56770
58341
60021
58271
59641
57211
57481
60371
59920
59780
59591
59381
57941
59271
58871
60291
59331
62981
60180
60840
65071
59101
101151
72731
73211
73791
73611
72861
78051
74771
75571
72691
69211
74031
77431
73341
73681
69241
73640
70931
74681
76271
73321
74841
72111
72851
75131
71981
86551
63700
57990
60901
60341
62941
59491
59531
67111
59021
60491
117911
111391
88271
76291
61291
59971
57431
58261
58431
58480
59020
58690
60441
59831
59281
59431
57511
59111
60611
60630
59970
57250
60080
58621
59441
61731
62211
63901
60171
60790
57650
60530
95091
73571
72311
71531
73451
75071
72151
73230
70140
74081
73021
72931
78921
73731
73091
71661
73731
73751
73311
73891
79341
73881
73201
76011
72731
73971
85831
65210
63740
60200
60750
59051
59751
61141
62011
62201
58461
131102
100861
83011
64801
56980
59251
62181
60601
59971
60611
58661
59390
57460
59830
59721
58701
60051
58531
58751
60611
59391
60621
58500
58850
60401
58031
62921
61771
60281
58671
60061
101521
74051
69821
72861
71161
75911
72601
72261
72581
71541
74180
73221
75501
72551
75761
71431
71521
73431
70811
74711
75490
76661
74841
71331
71161
71931
89051
67031
60681
56721
58830
60880
60850
57730
62751
62211
60671
115522
110621
80110
73051
60890
59290
60820
56941
60341
57721
59521
59571
56841
58721
58920
59410
61290
58011
57831
58311
58711
58741
58441
58841
61680
60650
60290
60641
59921
61351
60871
59871
100671
78930
76371
76201
73011
74321
73921
71531
73601
75351
74971
72590
71860
75361
73731
73311
70831
69971
78711
76281
73871
75971
72790
75751
72511
74901
85861
63021
59111
58811
61871
60281
59611
59900
64670
63461
62301
122941
93201
76541
64951
57761
58921
57460
60850
59101
60691
60321
58071
58451
56691
59291
62030
60340
60420
58390
59011
60281
60171
58821
59721
60221
59200
62300
60280
61810
61671
57911
94981
73951
73751
73031
71780
74861
71831
72621
73341
74711
73981
71551
74781
74701
72520
74481
71051
74361
74511
74661
74191
72231
73721
73191
76220
74291
85941
63321
59521
56251
60021
59691
59621
60971
65730
60750
60010
100291
107091
86081
69361
63661
58291
59321
58421
59790
61400
57190
58511
58791
60241
57311
58561
58431
57781
57090
58950
58770
58571
60211
58561
60401
60391
60311
60091
58381
61410
59650
71491
82011
71821
78301
72461
73191
73871
79901
76461
71571
75241
72691
75511
74971
74731
90481
84061
76971
74151
73371
76201
72651
72901
71211
75841
76641
72131
77551
62700
59690
61481
60331
60181
62251
60071
62531
63191
81371
118481
92121
75931
64901
60241
60771
57611
59931
60041
57300
59620
63320
65611
59411
57511
57631
58771
60281
61161
58490
60230
58230
59840
59201
59721
58621
64441
60161
60591
64070
59600
96901
74961
73531
76181
73991
72781
77311
80610
81131
73170
72891
73291
73941
73721
73791
70391
74491
73961
71090
73490
71171
76441
71661
75671
74631
71301
86331
63951
60710
60830
61460
62060
60441
58101
66401
60941
58431
129721
110291
85211
66590
62610
61751
62201
61751
60771
60301
61191
62041
61830
61280
60340
60861
58341
61971
61461
61951
61711
60391
61160
60570
61950
61791
66501
63301
62931
61911
61181
82761
75610
74841
74381
73081
79211
75101
73591
76211
73681
74141
73761
75791
77621
75141
76411
73471
71501
79401
75341
77091
73280
75631
76741
73941
70531
80411
69801
60621
61191
60771
63161
60070
60600
62451
63571
61341
119372
106832
89711
74771
63731
58400
60810
61140
58491
61041
58181
60611
59571
57951
58401
58820
59280
58961
57761
58331
59541
58961
59541
59831
59641
62620
60280
65241
61921
61411
79691
61951
86861
75720
72661
71220
70520
73981
73291
73661
73531
72861
76021
71331
76981
71600
74541
71921
72221
75131
71571
74031
73471
74991
73971
73060
72231
74261
88061
65331
57991
60971
61231
62061
61161
59270
60780
60690
61721
124642
101731
84191
68601
59561
61851
60951
57630
62220
58760
60801
58491
60581
61731
57991
60831
60370
58160
60060
57750
59281
59211
58361
61801
63891
62961
58910
61090
59610
60411
58701
93671
74381
73711
75571
73441
70830
75821
74951
77671
74661
73791
73391
72781
71471
73881
73000
73251
71831
71981
75341
77461
72131
74321
71611
73591
74941
84741
66240
59690
58971
59511
59651
60421
56851
67321
61211
60860
122732
108401
87961
76521
63801
61121
59361
60451
61971
58460
58700
59330
58771
61081
58751
58991
58701
58191
59461
59340
60530
59240
60131
59431
59811
61121
60061
59371
59451
59520
59040
60690
95461
77191
75481
77131
69221
74431
69101
77510
73540
75201
75421
73531
76401
76261
76161
75971
70601
73720
71121
73151
74791
73151
75751
72661
73721
73831
91082
64901
60370
61870
60620
62161
58871
61091
62561
63221
62281
105611
95931
79321
67151
58561
60251
60971
57801
60661
60401
57391
59500
59750
60850
61821
59161
60361
59491
60351
57631
58931
58200
60800
58860
61491
60101
61701
61111
58751
58271
59351
96881
73741
72941
76371
76391
74411
73411
72641
72891
77911
75790
78891
78601
74391
74141
75771
74531
79571
74551
77441
75151
74721
79451
74641
72421
76661
87231
70251
59261
58181
60390
59620
59560
57420
66771
63381
59711
115252
113782
84831
75010
61580
60360
58881
59211
61651
58261
57851
58961
57811
59131
58580
57960
61471
58871
60191
57931
61181
59501
60791
60130
65950
60430
61021
60511
62041
61541
62561
60021
99331
88461
76831
76061
70541
72831
72201
70181
75491
71891
74381
74530
72171
74001
72861
77181
73741
75421
75061
71961
70951
73930
75011
74281
77011
73251
83521
62161
59461
62011
59151
61491
58510
61690
65741
62691
63501
122301
97962
84751
64641
61861
58210
60830
64211
58741
59341
58671
61181
58231
58681
67591
64580
58820
60990
59761
59691
59471
56581
59841
59891
60431
61690
60400
62201
61661
61271
60261
100142
77781
76411
75461
71260
73941
78771
74961
78431
74611
75911
73321
74471
74161
71650
75761
72701
72841
74831
73381
75131
71961
74021
78061
72100
74541
91171
66811
62221
57251
58201
63931
61131
59931
66550
61850
62740
118762
97231
83691
67131
63511
60351
59461
57430
58680
60720
58990
60411
58391
58951
59151
59881
60781
59581
58710
60050
59961
59211
58211
59191
61721
60861
62051
60681
60700
61190
60881
75461
79001
74091
70761
73941
77601
75511
75481
72511
77111
74561
74001
74991
77961
75901
80631
76100
73151
72121
86141
86381
77941
74551
75281
73741
76231
74930
76881
63300
59950
64991
62071
63301
61551
62041
64351
62541
113751
109891
89541
81921
68961
61591
61221
61751
61711
60751
59490
60800
59820
61511
61631
59261
64271
60671
61471
63471
60520
60020
60771
60791
59861
62351
62041
66591
62731
61691
61640
62590
99471
78511
74301
74981
74501
76561
79081
74431
77180
76741
73471
77431
76571
77491
75441
77441
77661
72850
75410
75171
80811
76051
74511
74141
75431
77431
77411
64381
57270
60410
60290
62681
60991
61011
65181
60311
61231
132361
104631
89051
65601
64771
61631
59131
60311
63941
62631
60161
56790
59200
60350
61731
61041
60651
58431
58581
59041
59661
59481
60120
58720
58460
60341
61551
59531
61761
59141
60231
96431
76401
77211
75291
79981
73211
72481
71181
84651
74231
70450
72430
72411
73671
74351
74031
72961
71151
74841
75401
75451
73200
71981
72341
73631
72521
87741
66501
59101
60981
60900
61600
58210
57270
65341
60901
60871
118901
111451
91332
75121
62190
62190
57921
59251
60281
58871
59281
59201
58341
57481
59410
58750
58890
58421
59671
60041
57041
58431
57821
58811
60650
58930
60441
61141
59741
59021
60841
59731
99941
76360
73800
70931
72911
75491
71181
74211
73471
74961
71861
77361
73280
72471
72901
71141
69801
72671
73001
71551
72891
69261
74200
71860
70601
76671
89661
66171
57101
60151
60791
58901
59820
59270
68121
63981
63311
117812
102882
86321
62301
57261
59861
58760
58110
58210
59111
58211
58521
56731
59811
61861
58471
58570
57200
60351
59421
58501
59731
62161
59441
61181
59141
60230
60070
60411
61111
59771
98432
89021
81531
73051
74160
71970
77151
74991
76251
76891
69341
74951
72361
73391
75081
71990
76761
73781
74911
73361
72821
73011
71181
73201
73721
73461
84521
65841
58611
58061
59351
58601
60761
57451
64061
62230
59010
125262
107671
81621
72041
60371
64741
58811
59791
57530
58230
57700
57520
58581
59891
58231
69301
62161
60211
56990
58660
58620
59520
60781
58701
59701
59851
60561
57961
58190
63170
61560
59060
94851
74871
73861
71531
71061
71871
73701
77691
71901
72011
73981
74051
71911
74371
73201
80011
70430
71421
71351
70941
73731
71741
73551
74101
75941
74441
84171
59610
59040
58070
60011
60581
59021
61921
62681
60181
61281
125182
92541
76371
66501
60601
58981
59751
59141
58551
59611
58420
62040
60140
58521
60041
57191
58971
57961
97912
59621
56950
59790
58700
58561
59531
59281
62661
59431
62761
58401
61850
95221
75311
76841
76361
78711
75811
78271
76891
75800
75400
74931
70641
74071
73931
72391
71421
76051
75441
72741
69380
77281
74571
70081
78621
69611
75521
85471
65221
59531
60201
61950
62110
60661
59211
65161
64351
59421
107681
106701
88131
66870
60720
58241
60131
58311
58421
59961
59761
62331
59171
58010
61140
58040
59181
59931
58631
59801
57931
58921
60741
60070
62110
59590
61781
59881
60011
60011
57911
73841
79821
72240
70051
75701
78041
71721
73321
70131
75341
72361
72630
74270
76351
76621
72991
75851
72411
72321
74451
70891
73960
74700
72871
72181
74721
74661
74481
59131
57961
62411
59981
59890
59350
57310
66101
60131
105822
113682
89471
80891
63530
62560
58710
57670
59091
57391
59671
59451
58931
60001
58881
81021
67190
57420
62341
60291
59791
56721
57951
58161
61781
60320
61770
61240
58801
59261
60031
57891
86301
78901
76321
74020
73881
75521
74211
74391
75301
76211
77431
75001
77640
77440
75291
74591
76221
71311
80121
74651
79351
75701
75640
75780
73471
75441
87401
64891
62151
59121
61591
63281
59891
61740
66790
63691
63041
125052
104771
87831
69121
62841
61701
61981
59180
60320
60270
59941
59491
61351
59211
60351
57921
60861
59880
59620
60670
59361
57911
58351
115422
128002
108602
71840
60170
61080
60071
59631
83681
76181
76751
74811
72591
74090
71780
77191
74081
75341
73341
71371
74731
70951
74881
74890
70660
72571
72421
78181
77871
73961
73241
72021
76280
69631
89561
67661
60991
59081
59911
60281
60851
59541
63851
62311
60990
121732
110681
89951
78151
65261
58741
60091
59711
59651
60310
57950
58540
60891
58421
59221
59171
57871
59491
57741
58910
59550
58630
60911
58471
60421
60901
58571
61831
59101
62070
59440
58980
98101
79361
76631
75381
73061
73331
74770
74010
72171
75451
71641
73941
73111
74051
74601
72271
72781
70860
72821
74351
74431
72551
74441
75771
73701
72031
89391
64540
59960
61990
58530
59731
59841
62151
65721
62961
60821
129311
102711
85551
65331
61461
62521
59861
61391
61561
59971
61330
59830
61260
59220
64621
61541
59971
62191
61571
60541
60411
59270
60230
59370
60171
58841
62451
56201
62671
59641
60831
97471
73501
73001
74001
74481
75161
73781
71291
79211
72110
73000
73401
73741
73151
74471
73881
75701
75681
73540
75710
73470
75121
71391
71461
76501
73421
88451
63021
57621
59441
60020
61360
59770
60231
74871
64771
60751
119521
114831
82691
67070
63280
60550
58831
58471
59861
58701
59211
58901
57511
58410
57270
58550
57651
58661
58741
57321
59231
57301
