124740 
50720 
47030 
42640 
50660 
18100 
50350 
53120 
35680 
48010 
49750 
28090 
24290 
52030 
24680 
41950 
50560 
24300 
25380 
24120 
21860 
16410 
52690 
48580 
23250 
21680 
22090 
20150 
24350 
22490 
20860 
20890 
20170 
13670 
25040 
25140 
24670 
51290 
43020 
23370 
55360 
46980 
45250 
63750 
26900 
43750 
57480 
50480 
43700 
44490 
69410 
47800 
70520 
67080 
49010 
19630 
44200 
47780 
42470 
41350 
21030 
51690 
47120 
76960 
47500 
23120 
41880 
60270 
22580 
39890 
50670 
20790 
47380 
46750 
22590 
37690 
50720 
48550 
45310 
44230 
45190 
21090 
50020 
21040 
36610 
47350 
45910 
50960 
41730 
41020 
42860 
41360 
44780 
50120 
46910 
20080 
43350 
45930 
47520 
46520 
54190 
19230 
22960 
41920 
47920 
41190 
40890 
43880 
42540 
48030 
50120 
21160 
38590 
60510 
74200 
43420 
44500 
41540 
41760 
52370 
21040 
62370 
50980 
44270 
39650 
56640 
42500 
42380 
51400 
45670 
46170 
48860 
42360 
38410 
51550 
47490 
42890 
51410 
44690 
42050 
55820 
45460 
40100 
52810 
44890 
43430 
55440 
42610 
41380 
49090 
41690 
44570 
51490 
44430 
59690 
69140 
45600 
39240 
43090 
49130 
42000 
46100 
49870 
41010 
44350 
66270 
52120 
79530 
61720 
48440 
44380 
53670 
29280 
27080 
24360 
17040 
19390 
23390 
15590 
20260 
23710 
19690 
22280 
48760 
41380 
39720 
50050 
44270 
46070 
53210 
43760 
40040 
55430 
48400 
40400 
52900 
44590 
44380 
55670 
46530 
44970 
55260 
44520 
41810 
52990 
46680 
42220 
50840 
43410 
44720 
50840 
44520 
39680 
50890 
48800 
43160 
71920 
59280 
46980 
54510 
44280 
39090 
58640 
53630 
44320 
53010 
43500 
43110 
51800 
43460 
48780 
54110 
45130 
40040 
51230 
47630 
42750 
52060 
42720 
40070 
54300 
46860 
40810 
51050 
44920 
43110 
50980 
43080 
42190 
49520 
42120 
41010 
51820 
43440 
40550 
51200 
44060 
40070 
50600 
42970 
48290 
53930 
43140 
41030 
54360 
42780 
80690 
59450 
42710 
44850 
51760 
42940 
42540 
47670 
45580 
41230 
46380 
44840 
43470 
70150 
59670 
48190 
67250 
42700 
44900 
47660 
40430 
44400 
50120 
41930 
41710 
53480 
44230 
42710 
50520 
45400 
45060 
51280 
45780 
39820 
49450 
52980 
82420 
57180 
40690 
43470 
53030 
42940 
42070 
52740 
41950 
42010 
51990 
43590 
41310 
47200 
44140 
41380 
52430 
44570 
38450 
50770 
43200 
39200 
54490 
44520 
38660 
54900 
43120 
41290 
50690 
45000 
41210 
53050 
43490 
42310 
47830 
45000 
42900 
48870 
45950 
39220 
52420 
44850 
41720 
52810 
44570 
43360 
78340 
45770 
41310 
75910 
55080 
64920 
54220 
46150 
45080 
48580 
44050 
44390 
50360 
45790 
43340 
51400 
45200 
43260 
52600 
42770 
41840 
51960 
50220 
44250 
50420 
42870 
43600 
48900 
44500 
43130 
46550 
45270 
45640 
53610 
47700 
42110 
49270 
44130 
40890 
51740 
41310 
40130 
50980 
44430 
44940 
49470 
43990 
44860 
52350 
43930 
46270 
49460 
44820 
84530 
62300 
47630 
39480 
51210 
46290 
44740 
52200 
43130 
42160 
49740 
43870 
44390 
69860 
60900 
43170 
64930 
44950 
45490 
50230 
44390 
41640 
50580 
46180 
41100 
49760 
43390 
44080 
53610 
44460 
41780 
48010 
43520 
42660 
50230 
43060 
42620 
47600 
44470 
44390 
48590 
44030 
46940 
52400 
44150 
41900 
69830 
45410 
43330 
49980 
43320 
42360 
49190 
45500 
43960 
62330 
55960 
49050 
52740 
45830 
46290 
50450 
43390 
39940 
55120 
44260 
40720 
52010 
42810 
41960 
60160 
47600 
49440 
57810 
42960 
40790 
46840 
41380 
42970 
58280 
27230 
48980 
71970 
24150 
42590 
10086230 
46450 
43500 
45190 
51650 
40760 
44530 
45730 
45440 
75720 
55910 
40850 
48390 
44100 
45310 
79380 
48260 
48140 
47840 
53040 
41230 
45310 
55460 
44100 
48150 
51540 
41860 
50230 
54100 
40590 
47130 
44410 
42500 
74260 
52410 
45880 
43950 
51210 
44940 
45140 
45780 
41820 
44330 
47300 
27250 
26710 
25510 
23520 
25400 
48330 
23020 
23050 
49470 
46130 
45940 
45060 
45580 
21010 
44720 
47770 
48380 
47850 
44010 
19790 
49430 
64960 
20610 
64890 
43430 
43070 
50580 
44260 
39820 
44910 
45250 
45880 
26000 
23350 
21050 
51770 
48150 
40400 
49810 
44110 
42050 
27280 
25180 
49030 
52020 
44360 
22230 
47510 
42400 
47940 
65330 
24770 
43870 
23630 
24070 
21650 
45470 
46320 
41610 
24640 
23460 
43070 
23750 
23800 
20020 
48610 
42160 
41370 
50320 
42960 
41450 
25960 
23660 
22770 
24250 
22150 
21790 
23720 
24280 
22800 
49200 
40010 
42140 
50830 
20640 
39550 
24420 
22520 
21730 
49860 
20750 
46660 
82390 
40130 
45790 
51270 
22700 
48070 
45260 
44980 
40140 
25790 
23450 
20630 
26240 
18630 
22320 
45950 
43490 
21010 
43300 
45270 
41840 
23580 
23970 
23700 
46190 
44860 
40380 
24210 
20630 
17430 
48440 
43270 
40290 
23190 
23320 
45590 
46980 
44020 
95120 
52070 
44990 
22910 
46700 
41470 
40840 
24230 
57820 
76890 
55350 
49370 
46690 
54020 
45250 
20390 
54500 
48600 
22910 
47590 
42810 
44910 
49310 
42640 
41620 
47140 
43430 
46430 
75190 
62090 
22140 
45710 
18710 
19400 
45570 
44190 
39510 
48910 
44610 
41550 
48060 
44900 
46690 
56970 
50070 
43210 
48460 
44470 
47740 
57740 
48890 
45540 
49240 
48250 
39310 
47040 
44410 
19770 
45430 
43990 
20640 
48580 
42940 
43290 
48260 
45070 
43820 
45010 
44680 
44990 
44920 
41990 
37160 
49600 
45150 
20550 
46170 
43890 
48130 
49220 
21840 
18890 
20670 
14970 
19770 
24940 
20780 
17710 
48640 
44740 
46400 
48470 
22370 
18720 
24790 
20030 
20120 
21500 
37500 
17820 
65160 
53040 
41470 
45930 
42790 
22270 
48700 
45630 
21140 
51290 
23290 
45370 
46970 
47120 
23370 
49420 
47930 
45050 
51430 
22520 
39940 
49190 
42630 
43230 
51280 
24630 
42060 
48970 
23090 
41820 
47210 
22850 
42280 
48350 
22390 
43410 
47240 
24710 
43850 
48610 
22780 
40130 
55540 
23440 
42830 
49330 
22910 
40850 
46880 
49610 
21130 
26900 
22910 
45680 
51250 
45610 
38090 
51760 
24590 
41880 
48950 
41600 
19250 
53300 
40550 
21410 
70690 
40780 
23620 
10087320 
52660 
21490 
41180 
50530 
23280 
41950 
47720 
21030 
47740 
65700 
23950 
42210 
50520 
21690 
42480 
49280 
23530 
42710 
50350 
21740 
42260 
48740 
22130 
42850 
47570 
22750 
41740 
52130 
21700 
39880 
49910 
24340 
46630 
51450 
22970 
42200 
50980 
21700 
41010 
47430 
21390 
46820 
51100 
22210 
43560 
52670 
23810 
41550 
50620 
22020 
44620 
55730 
22680 
42890 
48360 
21600 
46050 
50280 
22970 
80300 
68430 
22220 
45620 
68080 
40630 
41870 
51870 
24590 
41110 
50350 
23810 
41650 
56970 
21490 
44130 
50570 
21000 
43100 
46820 
23330 
44090 
47710 
21800 
43450 
48280 
21800 
40420 
50200 
23580 
39010 
49580 
22380 
39220 
53000 
20700 
39930 
45780 
21190 
46940 
51050 
24370 
40340 
23790 
23940 
23750 
48190 
38060 
43390 
44450 
58840 
47680 
24210 
23850 
45200 
25460 
24610 
21770 
23210 
22610 
23510 
24940 
22290 
46240 
48400 
22070 
39930 
48920 
41580 
44130 
45270 
46220 
43440 
68270 
62000 
44420 
48350 
43870 
40530 
22930 
22700 
21590 
25120 
24060 
45670 
46850 
43800 
75770 
47640 
44460 
45240 
43260 
47490 
41990 
23660 
23520 
21060 
25410 
21590 
45460 
48120 
19530 
40850 
47870 
43900 
39430 
22590 
23820 
22870 
44810 
41080 
38140 
45290 
47580 
45290 
23870 
22200 
23560 
27110 
24160 
45910 
48480 
23310 
43770 
27330 
22590 
40380 
44730 
44950 
79660 
57030 
43010 
37780 
25570 
46120 
41370 
24860 
22840 
20010 
44680 
40280 
64310 
50620 
41800 
20390 
13870 
12950 
12660 
21430 
16390 
13190 
20580 
22700 
16110 
27040 
23590 
16810 
27060 
21760 
22290 
25970 
20330 
22120 
23440 
22810 
19990 
21850 
20910 
23620 
50580 
42090 
19950 
25120 
20990 
22650 
26350 
20110 
20450 
20880 
25700 
27890 
26920 
21100 
21600 
51310 
46450 
19500 
45170 
21670 
21260 
47840 
50180 
18690 
26330 
21870 
15000 
23400 
17680 
18890 
51730 
18500 
20080 
48900 
42150 
20550 
21170 
20930 
15490 
44450 
40400 
15770 
25810 
20930 
16580 
27440 
21700 
15270 
27450 
22620 
15810 
26450 
20640 
21380 
27400 
20800 
21210 
52230 
46630 
18800 
32510 
25840 
21380 
52920 
44080 
18610 
24310 
15550 
19570 
46820 
17580 
15010 
24800 
20410 
20130 
22140 
21250 
20370 
24980 
21700 
15030 
24200 
20000 
15300 
27960 
15410 
19960 
25200 
20120 
15140 
24560 
17350 
19810 
51380 
44340 
20380 
26390 
20120 
19820 
24230 
20690 
20470 
23970 
20330 
14930 
75600 
48830 
18070 
18420 
23710 
14850 
24160 
22590 
16530 
20620 
20840 
16940 
19960 
21260 
15380 
22620 
26160 
16120 
23060 
24160 
15400 
22110 
24040 
15400 
20060 
21210 
16280 
21970 
23520 
15190 
22060 
22670 
15980 
23880 
30540 
19330 
25600 
24990 
16460 
24610 
24720 
21430 
20880 
22000 
22540 
21110 
23280 
22610 
22940 
50390 
18920 
21800 
23650 
22180 
19390 
25160 
23170 
22350 
25460 
20680 
19630 
24380 
19590 
18430 
23310 
21740 
19540 
18250 
22940 
20960 
25740 
20740 
20510 
24090 
20900 
22260 
21620 
22060 
21640 
25810 
20990 
21820 
23830 
21750 
23900 
27370 
23370 
20950 
26590 
21350 
21110 
22800 
20470 
20320 
25080 
21440 
20940 
24050 
22780 
18980 
22200 
21400 
21700 
23400 
21460 
19970 
22370 
21280 
15300 
25110 
20190 
16000 
25140 
20100 
20840 
47150 
21090 
23110 
25940 
20560 
23030 
25240 
20870 
21220 
22930 
16520 
20660 
51430 
47770 
20130 
21310 
20820 
21410 
50230 
53290 
25830 
22730 
37720 
21830 
22150 
22240 
22410 
49160 
48640 
21060 
48500 
44060 
20340 
24850 
22570 
19050 
21440 
21540 
19460 
23320 
20790 
20080 
24370 
19610 
19800 
23380 
21160 
18840 
22840 
21010 
20860 
23120 
20770 
23190 
49550 
44600 
19200 
47960 
44460 
21140 
22740 
21170 
19700 
24060 
21540 
23480 
23220 
16990 
19810 
21100 
22090 
16890 
25610 
20460 
20030 
25040 
22440 
19920 
23230 
16870 
23850 
23130 
20610 
15960 
25030 
22940 
15640 
23790 
15030 
19400 
24060 
21970 
25870 
52640 
44700 
20900 
24490 
20170 
22800 
29510 
21810 
22750 
27590 
21320 
16450 
27590 
22630 
21610 
24260 
20900 
17120 
26850 
20750 
20590 
22920 
21320 
15960 
28070 
20490 
15800 
25860 
20840 
14970 
25050 
20160 
20810 
26290 
20320 
15140 
26410 
20650 
21310 
23710 
21030 
16520 
27510 
23030 
16620 
25220 
20930 
15910 
29900 
21470 
19560 
22570 
21350 
15850 
22930 
16100 
20790 
27620 
20780 
13880 
24710 
21590 
16130 
25970 
20200 
16040 
25530 
20250 
16050 
27440 
20040 
15440 
24440 
19320 
16920 
26490 
20710 
14920 
24730 
21270 
17000 
25350 
20200 
20070 
49940 
42580 
19210 
25310 
20060 
15650 
25510 
19680 
16440 
22710 
17010 
21650 
47760 
43610 
18160 
21190 
21080 
15320 
25280 
20590 
20050 
30760 
27660 
19710 
48920 
45360 
20390 
49000 
46000 
17460 
24680 
19890 
16100 
26360 
23350 
19980 
47000 
46040 
16740 
24670 
25290 
23000 
23710 
16490 
20450 
23800 
19600 
19390 
69340 
44040 
18390 
20380 
24870 
21790 
20370 
25010 
22080 
20360 
27930 
20330 
20090 
25200 
21750 
20470 
26370 
19850 
19650 
25830 
20620 
20020 
25180 
22730 
20500 
23610 
21130 
19700 
24910 
21490 
20510 
27600 
19670 
18940 
24590 
16860 
23840 
24870 
19800 
21070 
26550 
19990 
19230 
24150 
21900 
20360 
25650 
20780 
19370 
24490 
21320 
20210 
29590 
24390 
23640 
26080 
22450 
23030 
22990 
20900 
22650 
47810 
19670 
22500 
46160 
18720 
20560 
62490 
20490 
20590 
43700 
19490 
20120 
47900 
18050 
19640 
45590 
19340 
20400 
50890 
19050 
20620 
46150 
18470 
21710 
44180 
19770 
20630 
45300 
21350 
21070 
44950 
21030 
20180 
48030 
18620 
19850 
45270 
18370 
19660 
46850 
20850 
22170 
56290 
18530 
22590 
43790 
19730 
21320 
44680 
21020 
21760 
45460 
18560 
20560 
50780 
18180 
20990 
46360 
18900 
19150 
47760 
18090 
21060 
44670 
18810 
19990 
22550 
20550 
21030 
21210 
20410 
20320 
23560 
21350 
20840 
22010 
21160 
19830 
24800 
41730 
23040 
47180 
19840 
21310 
47940 
17870 
21930 
45810 
19940 
22090 
46410 
21210 
29360 
48400 
20470 
21000 
49570 
18220 
19610 
47700 
19260 
18960 
46060 
17910 
19450 
45210 
18340 
20650 
44600 
17380 
21780 
47550 
19550 
20290 
47460 
19050 
21330 
47300 
17270 
22180 
46790 
19020 
20600 
47490 
19560 
20910 
53140 
19330 
20480 
44820 
19780 
19630 
44080 
19510 
19900 
44610 
19760 
19580 
47100 
17570 
21100 
24500 
20340 
20310 
43930 
39180 
16780 
25560 
19760 
15780 
23120 
19190 
22630 
23820 
20120 
16680 
25580 
20590 
15850 
27570 
19910 
16780 
26880 
16170 
23040 
24600 
20380 
16490 
25810 
20980 
16230 
34840 
23030 
17260 
24730 
22480 
18370 
31180 
21700 
15790 
26940 
20790 
15410 
26880 
21900 
15410 
26510 
21140 
16350 
28670 
20360 
16500 
27730 
20350 
16160 
29480 
20410 
20260 
46920 
20070 
20190 
22560 
20020 
20880 
24450 
20360 
19930 
25990 
21780 
20350 
23820 
20300 
15050 
25040 
16220 
20670 
45940 
28840 
16310 
24890 
23640 
25840 
26050 
21620 
22170 
25390 
26240 
21470 
47370 
17480 
14590 
25510 
17940 
24120 
20640 
20220 
16100 
25600 
21090 
15750 
26130 
21280 
16370 
26670 
19520 
16040 
24850 
19370 
15890 
24820 
19650 
16150 
24020 
16310 
23670 
23710 
20430 
15470 
25940 
21660 
20790 
24610 
24560 
20550 
50180 
42820 
18110 
23420 
15220 
22290 
25530 
23680 
16370 
54430 
43950 
21020 
47600 
20710 
16750 
23720 
27330 
20190 
19300 
25940 
21050 
20810 
24780 
20550 
19830 
25960 
23370 
20010 
22040 
20360 
21710 
21530 
20810 
22540 
23550 
20170 
21960 
23660 
21520 
21350 
47070 
20020 
21380 
21630 
19780 
21010 
48450 
17820 
21060 
20700 
19780 
21270 
20990 
20160 
21740 
21630 
16520 
22100 
49720 
18890 
21760 
21830 
21310 
19880 
22390 
21540 
21710 
19580 
23280 
20310 
24950 
22420 
21800 
22310 
21300 
20910 
45950 
22670 
21930 
70380 
19420 
20860 
22160 
20650 
19970 
23380 
26300 
25470 
23680 
15880 
21470 
16370 
20870 
17920 
24230 
21740 
21260 
23030 
21340 
21630 
24340 
20260 
20390 
25050 
22830 
21480 
21230 
20470 
21810 
22300 
15740 
19600 
22260 
21680 
21820 
47480 
21610 
15290 
28920 
22560 
22110 
22520 
20740 
21040 
22220 
22760 
16520 
23610 
17220 
20770 
31080 
27020 
23550 
22720 
17450 
21320 
27200 
24660 
20820 
48910 
18010 
20350 
48910 
18770 
18820 
21760 
20960 
17290 
60220 
19210 
17080 
24260 
20270 
16870 
22500 
21590 
16140 
26450 
22860 
21590 
21270 
20780 
22310 
24630 
20720 
22450 
21770 
25320 
16070 
23590 
20120 
15470 
