61693
32892
33962
35302
28501
24691
23121
24521
24771
25172
23501
27422
26762
26812
50752
44962
94794
76873
67793
63583
63873
63483
60892
63233
60463
60863
64103
59373
62153
61743
61593
61693
59623
62943
60073
61793
62943
59823
64993
63903
62792
65753
62783
64412
63313
65453
98175
82124
80634
75994
81954
81274
74424
78744
82164
79604
81564
76124
73944
80394
77274
79843
83084
76034
77733
82244
82934
78733
78333
78683
79984
80424
89414
60793
63803
64083
63223
63873
61793
64353
68003
65663
63433
123235
96784
87244
67203
67523
63423
61253
65853
63913
62383
65153
60023
66863
64863
63953
63803
59762
62393
66023
62473
61233
59733
60913
62833
64663
64333
66683
63693
65553
61593
64223
88514
74313
80154
81734
77563
79323
84674
82113
81403
79163
80144
77994
75433
76944
79524
79334
74694
79064
81794
79074
83224
76754
74303
86704
80284
84564
94294
71374
65703
65233
97735
63773
65623
62113
67123
65273
61423
126556
115836
88994
84394
73403
61633
68353
69193
60443
67343
60433
62823
68613
83324
68214
66753
65193
59043
66863
61793
64943
66134
72994
60132
68983
69853
60002
72413
65353
59873
70423
67903
85164
89394
86734
84024
82194
68613
87684
88365
88404
80753
82854
84474
78813
90524
82994
79853
89514
84854
78213
86014
81944
80174
83594
77254
79814
79824
94805
65163
68983
69633
61033
68203
63863
64913
72144
71103
61303
130246
106185
84964
67824
60252
62942
62303
60382
60752
60603
61543
61533
62113
61473
60973
57573
64563
61063
62823
60393
60013
61923
60043
60433
63843
61483
67934
63033
66893
63833
59242
102865
82324
79364
81644
75433
77173
78534
77014
80224
77524
75604
77854
78124
83514
76484
76674
78874
78233
79983
75933
74624
81533
79254
80664
79804
75183
88984
67373
63953
60883
63693
64323
61633
62033
67743
69223
63363
132436
123386
87944
74984
64123
66623
61043
60103
64123
65193
62413
60963
62053
61213
59123
64163
60772
60182
64183
59332
63003
62883
60293
63123
60673
60933
67323
63343
65043
62183
63163
63793
99154
78874
81683
79653
83034
77063
79153
78933
74203
80793
79153
77903
77113
76113
78113
77694
79243
80254
76154
69073
80704
75764
83033
79094
75554
79434
88574
70054
62093
61533
63623
66113
61283
62233
66403
65534
63103
126566
100025
81624
70513
64383
63213
60913
60123
61343
64843
61003
62953
62073
59413
64223
62773
60413
62833
61543
61183
61253
60493
62903
60123
64063
62263
65333
64713
59642
63563
61463
104095
82744
77644
74033
79924
77694
82334
79434
75144
76754
78954
80314
77914
78624
80944
77354
79023
76983
75114
80123
77273
81923
80063
76143
77653
77574
92414
69733
60823
59442
64723
63363
65013
61013
65843
67023
64613
104825
101135
76883
75164
62753
62563
62733
60323
61913
61453
60473
63373
60272
61752
60802
60393
61292
59632
61723
65893
60973
64923
62563
61883
64733
66023
66063
65183
63053
63473
62493
62243
97374
75793
77614
77493
80803
79854
74123
78223
80424
68273
82724
74494
77794
81274
78283
83174
81244
77914
77674
92235
77563
75094
77894
82454
78514
83494
87204
65603
63163
61463
64223
62143
61692
63473
66273
62613
67773
121996
103014
86714
70743
70103
63253
63443
64303
64543
63973
62023
61713
61723
63913
61943
64193
61663
61853
63113
62422
62672
61422
63943
63423
60752
65453
62413
61513
65943
60873
64833
99755
75444
77824
77184
81794
78214
73914
80134
79813
80684
79443
74153
79803
76453
80773
80164
75343
81043
78353
76163
83494
80054
76174
80834
78834
84234
90424
65853
63063
60913
61643
61313
63143
62923
67583
65213
64023
126546
109525
87454
76153
64753
61543
63062
62253
60663
61633
60153
59143
65083
60523
63703
59963
60563
62133
60963
60923
62083
58443
62283
60813
61763
64373
60493
65333
63273
59132
62592
60472
97464
82764
77023
84524
75863
79554
81744
78364
84294
74494
76224
78034
77144
78234
78854
75504
79384
76553
76794
77483
77714
77253
77913
70543
81263
77143
89684
68143
62013
65793
67243
62253
64553
64623
70323
65403
63163
128456
102395
83934
69113
61103
63843
61933
62753
63523
61133
62613
61803
58643
64043
60212
62292
63283
60262
64363
62883
61003
63963
59803
62613
60843
60543
63343
63293
63393
61063
59363
106255
77904
78774
80884
74613
78604
77593
75284
83924
79914
79813
76003
76773
87724
79884
77193
79274
73413
83864
77534
76664
81094
78144
79604
77414
77804
89794
65233
60753
61463
62973
64703
63183
60772
69353
63373
63373
116625
106775
81194
73693
64393
63933
59423
60823
61093
58013
60933
61003
59983
62003
58903
61593
60623
60393
61933
59493
62373
59543
62713
62883
61862
63883
64673
60733
65813
63613
59632
65853
97665
82704
76084
77874
78534
76704
80194
70283
75264
81084
76014
77494
82614
75193
80403
75983
81063
80854
72404
85994
80724
76683
84044
76694
76684
81274
85044
69633
61883
63803
65093
63113
62563
63013
64733
65043
63573
127666
102145
83204
67413
65403
63733
64483
63213
67354
63802
61922
63683
60943
59302
65203
60133
62283
65273
61393
62953
60593
60943
62933
60663
65433
62123
66393
67253
63413
65453
63693
107535
83523
66833
81993
80324
77273
83804
76914
74623
80424
77574
86734
76814
77404
80464
78914
78844
79814
74974
79864
77014
80224
82284
80754
80364
78183
89864
76213
65153
63923
63513
61812
64273
62433
65653
69513
63023
132166
108095
87334
79284
68153
62693
65033
60363
63803
63023
62093
64383
60233
62343
64173
66133
63743
60623
61703
62773
60282
64193
59492
59292
66303
62593
64593
64193
59923
64273
62853
63783
103155
77494
80164
78454
78684
82654
79924
82204
82604
76604
84524
76413
80283
77593
80493
84524
79684
76613
82004
80554
81884
75494
80234
79484
78174
79694
87234
64603
62963
65683
66073
65393
63683
65573
65703
64183
66274
122646
104825
85274
67073
63843
59962
59662
64213
60493
61583
63323
60563
64353
61163
61833
63873
61113
63493
63333
61303
64363
61473
64003
62423
63203
66433
62633
62863
66473
60272
65783
103055
76193
82174
76204
81094
80164
76313
78334
77964
79914
81234
77684
83724
78634
79024
81993
80854
80764
81043
79924
83164
79274
78533
79633
76143
82924
89154
65223
65013
62233
66483
62383
62693
62823
68143
65803
63493
130326
108655
90564
74914
70994
64953
63583
62503
61833
60283
78483
62423
62933
61582
63343
61633
59602
65673
60092
62873
60603
61053
65293
62423
62853
66173
63533
66823
65513
66963
66923
61483
97375
80503
79983
84264
76773
80763
79383
75133
81054
79174
77213
106025
76144
83234
81294
76123
80454
79244
81114
82273
79054
80324
76284
86684
76904
76734
88605
66083
62873
64833
64473
63143
61553
63653
68553
65783
63613
130096
98084
88224
67243
60783
63103
63203
61603
63063
59913
62833
65953
62633
65043
60003
61763
60503
59393
62053
61623
65443
63862
61612
63012
64443
61433
67403
61343
64943
63313
61483
107785
80224
82624
80214
76824
82854
80644
81284
81924
76894
73234
78413
77174
79153
78983
80523
76433
75073
79694
77043
76133
82274
75363
84094
80144
74954
96794
68563
64733
61323
65803
63913
61883
61213
69874
64323
63823
120836
106585
91254
77453
65473
64713
60262
63853
63613
60912
63533
59833
62113
64043
60643
60893
62103
62313
66573
60753
63583
60913
61793
63503
60963
64533
62243
64113
65333
64133
64963
63482
101015
84554
79074
78973
80834
75563
85754
81254
77514
82644
78844
80744
84344
79354
81144
76364
76754
80344
77233
78524
78263
83204
78164
79343
77833
84724
86574
67833
62652
62633
63903
68723
63633
63983
63223
64803
73213
136036
102735
81674
76814
62493
62773
64343
61533
70264
62383
60723
62863
68504
62923
64063
63083
65593
71533
61913
64433
64143
73103
63063
61463
66793
67523
75824
67884
62633
65303
71563
100225
79933
80024
82064
89034
82024
80424
82294
91034
79553
77754
83104
79764
87554
83444
82694
86704
88204
77944
87164
80854
84054
85944
87494
81843
78613
102865
68604
62903
71914
64773
74103
72424
71834
77104
73763
67033
127786
115946
88544
89184
74803
73023
69653
65343
62883
63933
71473
63153
61653
70923
71214
70023
64563
61983
63983
72134
60913
63393
68973
71694
72683
61093
65403
66633
74013
69253
64333
71083
110306
87754
82394
78794
80654
86264
70764
81414
86764
90554
82953
89095
91384
83083
86284
79293
82184
87364
88374
90494
83934
79804
81064
93765
76143
82954
103325
74493
63803
64763
63503
61823
63033
65633
66773
61653
65013
131626
104114
81254
66744
62122
63913
62203
62293
60322
65333
63313
59652
64823
64403
66303
63403
62953
64793
62743
61993
64833
64043
64663
61543
64333
65123
66343
67163
62453
62183
67544
113205
81353
82614
78353
82914
82414
80973
81804
82944
83414
79434
78874
81664
79784
83144
79224
80264
81394
79373
78894
78793
79464
80864
79813
78253
78773
94284
68444
61763
60652
66183
67343
63763
65313
67103
68863
66313
122225
110545
77954
76734
67863
60993
61793
62123
61793
62213
61443
61963
63673
61213
63393
63283
63623
65163
61712
63052
60822
59082
66223
61743
65643
61763
62843
63423
63303
62473
60843
62993
99685
78574
79534
78853
79693
80404
78043
79214
82654
79303
80344
81614
77283
81374
77333
83234
85914
77783
83084
78604
80444
82484
78964
80144
79034
79504
90675
68403
62763
64673
63983
64763
65493
63633
70744
65573
67584
125076
98565
87034
69773
63943
65443
59993
63473
62153
61523
64333
61423
60613
61903
60643
62153
60993
61613
63703
63033
61443
60463
62133
62363
62543
63753
65983
63173
67184
61303
61952
105625
77253
81864
70193
78854
81064
74994
78124
78234
82944
83514
77564
80304
78354
82144
71383
82294
80424
80013
83074
81343
78433
79233
78713
78543
78404
91854
66453
62873
59902
63503
64583
62413
62113
64853
64673
65273
121985
108735
91294
78344
65243
64173
59203
63023
61423
62803
61133
62482
63783
61312
60772
62862
59552
62333
60413
62373
62263
60913
59493
62113
60463
76104
75744
64593
63373
62873
64003
61973
89964
83324
76504
81544
82623
79713
83994
75723
78183
81254
75613
81624
75394
78043
80044
79034
79504
76274
78494
79534
77484
83514
77944
77614
77454
80144
88104
65353
61383
65983
63063
62263
62323
61213
65383
60472
62393
110975
88484
81714
66033
61033
60553
62823
59243
64263
60763
60443
61003
62223
61913
67263
62423
63813
64443
64113
62843
60853
63433
61253
59832
66783
61952
66313
63083
62903
64303
63033
100205
78764
77424
82004
78604
80764
78214
78144
84184
79354
80014
82313
78673
83734
82293
76654
83164
75223
81353
82884
79093
84584
77673
79834
80264
76573
93504
67623
63923
64593
65023
62643
63483
61263
72214
65923
61753
124206
107765
94674
77564
65864
62483
62783
61922
64743
61442
63233
60902
61553
64073
60153
61583
64293
61023
63683
62163
61983
65003
60253
63323
63053
67643
64543
62283
65503
63053
60673
65644
99644
80353
80704
78654
81194
74693
76883
81034
79364
79484
78704
79964
81184
76854
80614
78714
77754
79944
80973
81054
78843
74174
82733
76903
75934
81794
85004
62842
64693
60852
62743
60872
60583
63353
66133
66993
61903
133396
101715
81184
66833
62853
61503
66543
61603
60863
60523
61123
62253
61173
59843
61613
61893
60492
62402
59572
62343
60193
59062
61673
59863
63243
62963
64283
64573
65913
61813
63643
107345
81364
81614
74194
81263
74904
82074
78143
75753
81334
74373
77633
79604
73723
82054
77444
77553
78653
76604
79904
77954
75733
82414
79154
81104
76294
87704
72023
60293
59493
62973
61903
65903
62683
69394
66783
64113
129637
111665
89894
78963
66183
63143
81483
66843
59853
60533
59843
63873
61573
61453
63743
59763
62193
62103
59233
62053
59433
65023
63723
58393
62363
60573
60403
67123
61382
65393
60922
59812
102575
77114
79624
79464
76073
83284
76714
84214
78614
74124
83494
77984
74874
78723
76324
83534
78373
76924
80364
74943
75263
83684
76513
85424
81274
77794
93684
76963
65483
64923
64343
65843
65263
67793
66253
65683
67603
124696
98604
84904
66413
65203
62553
60123
63153
62613
60333
65333
62302
62082
59862
59873
62603
62423
61073
61163
59183
64953
61383
60693
64043
63293
67203
66193
63593
67673
63663
65333
104864
78303
83343
81583
73553
83444
75993
82854
79364
78573
82764
82754
79724
78514
77954
86224
79924
80394
77504
76814
83404
81083
81544
80794
76354
83314
94274
67333
66543
61723
61663
67613
63412
62242
65523
62413
67993
125136
111195
90024
80174
70363
65333
61863
62893
61863
64393
61343
60123
63603
59523
64193
62893
61833
64643
61943
61983
64453
61953
62842
60142
62483
67533
63843
65743
65523
65293
69603
63723
102005
80094
75604
84184
79794
77234
81074
78264
85044
79844
79174
82413
77723
76824
82854
77013
83124
76833
79753
81134
77953
89325
80434
78544
85814
79714
92964
65553
59533
64913
63183
62523
62263
61573
68573
64673
