107520 
49960 
52460 
55870 
48000 
41310 
57210 
55570 
51910 
46390 
44630 
53200 
57430 
51110 
45520 
43250 
46650 
48470 
50880 
50440 
37410 
51460 
52530 
46960 
46920 
43580 
1866650 
47650 
1097380 
54290 
51280 
39480 
56510 
46750 
47540 
38750 
45020 
49370 
44060 
39740 
52210 
49370 
51960 
43800 
53770 
48620 
41500 
32320 
57760 
51480 
45610 
42070 
52480 
49380 
48510 
21120 
47040 
48500 
47580 
19910 
45540 
45600 
44480 
44940 
49830 
46980 
47350 
20590 
53610 
50270 
49520 
20930 
49090 
49630 
50830 
20990 
49800 
45400 
46580 
21550 
58920 
48360 
48320 
41320 
54390 
49060 
49210 
40520 
48150 
52270 
47880 
53540 
48890 
45340 
52510 
22940 
50430 
68250 
48430 
40180 
51850 
47410 
47290 
38800 
48060 
48700 
49850 
42550 
53400 
44740 
50740 
39710 
57990 
46280 
44240 
22090 
48060 
48320 
47810 
38590 
55740 
50480 
47800 
47430 
47420 
65660 
47970 
49350 
47650 
43060 
45910 
69640 
55700 
52090 
45360 
37720 
53820 
48920 
45100 
37790 
45670 
50360 
22710 
46220 
47290 
45040 
49830 
57820 
58990 
50700 
47340 
53280 
46360 
46650 
46430 
42180 
47980 
47830 
49180 
42150 
48680 
43120 
48700 
43770 
50300 
44750 
41850 
41380 
51200 
48650 
55370 
39640 
44490 
54890 
71370 
45670 
22380 
52650 
51120 
48860 
19970 
49290 
51620 
50930 
18410 
51710 
47240 
46920 
21970 
57960 
49410 
47740 
19670 
52430 
47490 
49500 
88240 
56450 
53490 
49260 
19770 
58880 
51280 
50380 
21140 
51620 
48630 
45820 
21370 
57900 
49720 
47910 
24080 
54180 
50550 
46750 
19510 
49090 
44410 
49800 
19950 
52120 
48190 
41260 
30020 
53830 
48920 
24220 
19790 
51540 
49540 
24290 
54250 
67790 
54470 
26080 
41630 
50670 
45910 
27610 
43870 
50050 
59710 
44900 
20950 
27240 
53210 
25100 
20720 
27320 
27630 
26950 
21480 
26500 
59600 
56340 
22770 
49300 
45030 
46590 
19770 
51170 
48220 
48120 
19890 
45950 
49190 
44900 
22520 
48660 
44580 
49630 
21540 
47920 
48270 
46440 
20980 
49470 
46040 
48790 
19650 
84120 
71880 
65510 
23520 
58060 
49130 
48990 
19320 
47770 
43520 
42940 
21530 
45320 
47850 
43110 
19820 
54200 
48130 
48510 
19310 
46860 
52280 
48920 
19810 
50330 
43770 
46420 
42290 
49710 
51910 
43600 
41250 
58590 
54240 
46440 
38260 
51900 
51280 
48510 
40910 
50850 
47170 
51210 
20720 
49440 
48580 
53340 
21770 
49650 
52640 
53080 
20550 
68610 
53600 
50510 
43360 
46540 
47710 
47610 
46490 
50450 
45840 
45660 
22420 
49520 
48620 
47290 
20180 
53170 
49740 
52960 
21600 
47470 
52330 
48330 
21490 
49910 
43830 
44790 
23060 
51500 
48570 
64560 
57520 
59730 
47000 
50480 
39270 
49810 
51130 
43660 
21830 
48890 
45580 
50380 
46720 
47350 
46220 
43890 
47200 
51650 
47450 
46800 
23380 
52330 
48770 
45680 
42010 
47910 
48300 
46470 
19870 
53450 
44830 
46480 
19970 
53730 
50650 
45770 
38600 
56200 
48780 
48030 
44970 
47630 
51980 
47380 
19980 
50390 
47220 
56520 
22350 
55420 
48830 
47610 
40890 
49660 
48550 
54540 
27190 
51830 
54280 
55580 
39270 
46780 
49060 
50600 
40140 
48980 
43620 
62240 
54440 
52880 
46350 
57660 
19890 
53220 
48590 
51040 
40860 
46300 
45450 
48070 
20160 
64610 
44720 
52310 
45710 
54020 
46450 
44940 
41880 
48590 
44340 
44460 
43250 
42740 
43170 
46410 
51610 
45360 
39850 
47460 
44320 
42990 
43530 
21990 
48500 
62360 
59640 
45830 
38910 
56130 
52310 
23450 
49460 
44780 
43380 
25940 
44400 
47150 
22930 
42220 
47600 
24630 
24960 
49440 
22250 
22990 
53200 
25400 
24630 
22520 
46820 
47880 
38670 
50220 
44590 
44260 
41750 
48550 
44000 
46480 
39210 
50220 
45630 
43230 
39720 
45460 
44670 
52480 
46930 
56580 
45830 
49010 
39930 
50890 
47750 
59310 
48070 
54680 
59710 
45910 
49140 
46070 
48500 
45710 
41010 
47330 
43780 
56560 
37960 
49360 
50230 
45110 
42240 
50350 
47740 
46310 
37350 
50500 
50560 
44100 
45770 
42260 
44480 
45310 
43660 
44150 
41810 
42330 
46010 
46240 
49510 
39900 
48160 
50710 
46600 
41000 
46240 
45250 
52870 
40910 
50930 
46180 
42420 
41600 
50720 
47470 
49430 
38310 
50830 
49400 
23720 
51290 
46120 
44080 
47650 
38210 
48850 
45930 
44400 
49950 
42340 
50820 
41000 
47590 
49060 
46510 
42510 
40810 
47840 
45570 
43470 
52590 
46020 
45920 
39230 
51290 
48250 
46060 
41780 
46480 
52610 
28240 
61530 
53480 
45170 
50530 
45450 
42450 
46110 
51180 
43840 
50080 
42470 
45530 
44220 
47670 
48990 
42110 
44230 
40810 
58450 
49310 
52310 
49290 
45920 
40260 
46940 
42930 
50350 
44100 
41590 
51050 
43150 
60100 
52540 
44550 
52350 
45520 
44360 
46260 
41690 
43580 
46420 
44580 
44280 
44000 
21770 
53020 
48520 
47740 
19210 
45210 
65250 
50350 
23550 
41530 
41790 
49380 
24790 
44320 
44820 
45650 
20940 
50790 
48200 
47900 
47310 
68860 
48000 
22140 
51020 
49430 
46030 
22320 
51840 
48240 
44980 
21370 
52740 
49290 
46900 
20330 
48300 
53420 
49600 
22140 
51130 
43720 
52960 
21820 
49100 
45370 
45330 
21490 
52860 
47360 
46410 
39680 
38840 
54380 
47920 
20820 
67240 
49810 
1109180 
70010 
52550 
46700 
45460 
44710 
53550 
42990 
47450 
43130 
43470 
44250 
46180 
45010 
47620 
44930 
48330 
47600 
47340 
44360 
20340 
46440 
47350 
46800 
19030 
51930 
51250 
51350 
21040 
51960 
56340 
54710 
40110 
42200 
49300 
46110 
50270 
44640 
47200 
52940 
41140 
44790 
52640 
46560 
43900 
42500 
47310 
53140 
44280 
46610 
44400 
48760 
50530 
44100 
50990 
44740 
43400 
45250 
1103750 
67270 
48250 
47030 
52620 
49120 
26610 
48800 
49840 
47770 
44050 
45420 
48380 
46910 
43840 
48550 
48950 
42410 
25310 
41490 
51250 
48310 
21690 
46440 
52250 
86360 
32810 
107080 
51530 
45800 
23150 
47610 
55020 
46150 
39340 
45600 
51530 
51200 
37890 
42810 
50830 
49340 
21490 
1087780 
66250 
43210 
23260 
48320 
52460 
50850 
22370 
55290 
46290 
41910 
42980 
46570 
53070 
51020 
24110 
54150 
43810 
43430 
42770 
49150 
47380 
40620 
48560 
46690 
46730 
50520 
39730 
44110 
48250 
44600 
44460 
47030 
61980 
62240 
44040 
44120 
44380 
48780 
44920 
45790 
40340 
50150 
44480 
65730 
54820 
52200 
46860 
33910 
51630 
48600 
47070 
48880 
43060 
47660 
50060 
44580 
23230 
48380 
45620 
51850 
47510 
50410 
45640 
46680 
50630 
51240 
47680 
46630 
45230 
47940 
51330 
47900 
45410 
45180 
47730 
45550 
23280 
45800 
49020 
46010 
47180 
47290 
2073010 
55230 
46830 
53960 
47450 
36270 
50580 
43830 
47750 
39420 
43680 
45460 
43780 
41870 
52610 
64310 
44890 
38800 
49910 
48380 
47050 
41110 
52040 
44900 
56470 
38900 
48920 
42700 
41110 
42880 
47760 
42740 
41220 
42250 
25740 
23370 
23720 
46090 
19690 
42640 
23050 
45980 
22270 
63390 
22020 
46790 
21350 
42180 
41750 
48560 
43780 
42560 
71590 
52190 
42740 
45300 
1085060 
65640 
46670 
43260 
48770 
42380 
24760 
44110 
43080 
43680 
40650 
43140 
46560 
40480 
21580 
46200 
48490 
45580 
36610 
43050 
48160 
42210 
22020 
44860 
46040 
49340 
37470 
45480 
46120 
42120 
38360 
1103370 
71480 
48010 
37010 
48250 
68370 
46820 
39060 
43980 
46400 
45610 
21480 
50080 
55490 
47360 
42720 
53850 
45890 
39270 
21600 
55240 
45930 
48310 
41030 
45380 
48930 
41300 
23170 
48720 
42460 
46530 
47310 
66040 
45910 
37910 
54750 
48320 
46990 
54140 
43920 
45510 
47440 
38410 
47210 
43390 
44900 
49180 
47440 
44870 
41570 
59860 
54630 
45290 
45550 
1080410 
59650 
42430 
46990 
42250 
41540 
39190 
46380 
49770 
42980 
44330 
40490 
41120 
51220 
44660 
44270 
47420 
40540 
44890 
44590 
44190 
39680 
40910 
1099730 
50360 
41880 
42090 
43930 
43690 
25740 
44760 
46080 
45990 
36820 
46060 
46730 
46510 
38920 
41840 
49450 
46070 
37860 
47470 
45180 
45640 
22310 
62280 
47380 
47990 
44750 
44810 
46000 
44570 
41550 
45390 
48010 
42070 
24000 
41160 
56590 
52510 
92310 
60930 
1080720 
71470 
50080 
48670 
48460 
51370 
37820 
46710 
46250 
43550 
22030 
40410 
51180 
47150 
40060 
42410 
43700 
46900 
62120 
59970 
47610 
39080 
54130 
49770 
52300 
41410 
47090 
48380 
48740 
37280 
48410 
40370 
49020 
46530 
50790 
42610 
45730 
36710 
22910 
48750 
47480 
45390 
37270 
49390 
49190 
50340 
43620 
44100 
47340 
56820 
39820 
45850 
45410 
45370 
50330 
47580 
46610 
48530 
44850 
47810 
49040 
41350 
49520 
46760 
50990 
49390 
47500 
47450 
44250 
66630 
61380 
47700 
45900 
38320 
50600 
48390 
45800 
48250 
39840 
43510 
52830 
43010 
23240 
44500 
41990 
50530 
37580 
45730 
47660 
40380 
22310 
49370 
47320 
47280 
39860 
40970 
48750 
52250 
23300 
43050 
47600 
57590 
38170 
1091230 
52140 
42120 
21540 
49920 
46590 
44770 
37130 
46540 
48210 
44350 
23400 
45870 
50240 
47140 
40820 
64350 
51010 
47290 
41710 
51350 
47100 
40440 
26950 
47080 
46280 
44560 
37610 
43160 
48840 
42730 
25290 
41540 
43570 
45530 
45290 
46410 
45120 
41050 
23980 
49490 
47320 
23950 
46680 
46860 
48640 
39670 
46090 
23770 
31340 
25580 
24790 
42920 
43070 
42490 
50700 
45840 
44690 
44250 
44440 
23450 
1551180 
43090 
47300 
43020 
50240 
1098080 
62740 
46910 
42630 
50180 
67530 
43650 
43750 
45630 
44500 
44240 
44850 
52710 
40030 
42610 
47270 
44050 
43110 
41970 
54930 
53980 
44050 
44270 
45210 
47770 
45690 
44350 
47060 
49200 
40960 
43650 
48500 
49410 
41400 
21530 
48240 
65750 
41830 
21990 
43760 
45560 
49260 
23990 
48380 
43490 
38080 
24880 
48850 
44880 
40400 
24650 
55260 
48480 
45510 
24740 
51770 
45710 
40160 
48570 
66020 
43170 
37200 
51310 
46730 
40030 
40820 
24260 
50870 
42410 
48550 
22020 
44280 
47860 
42960 
21570 
49690 
43100 
43160 
47380 
49620 
47470 
39030 
22710 
46210 
43740 
43890 
1098450 
55780 
48000 
44350 
48570 
38570 
42170 
50960 
44520 
36740 
43680 
43910 
46340 
40740 
43360 
43930 
42920 
42310 
23440 
24620 
45820 
22100 
23950 
23740 
45830 
23030 
41090 
49940 
66640 
23840 
25740 
44380 
44960 
24730 
65010 
54130 
44450 
20610 
49020 
48160 
42730 
22570 
42960 
50890 
47050 
20880 
43820 
43640 
41890 
21870 
60060 
60540 
40550 
21570 
56630 
68670 
46700 
36690 
49010 
51580 
42140 
19730 
47740 
43590 
55650 
40640 
46870 
44640 
38900 
24130 
55950 
48020 
44930 
62960 
44110 
48180 
43690 
41790 
40370 
44290 
51710 
39420 
43190 
44120 
41660 
45480 
43210 
49020 
41620 
21180 
52250 
45770 
49570 
39060 
43950 
50000 
42540 
21210 
49830 
43020 
64910 
27290 
54450 
49690 
48410 
44840 
53780 
46770 
48500 
37080 
44820 
47110 
41590 
21890 
44260 
44670 
49330 
53750 
67000 
52020 
44890 
24270 
53560 
50000 
24230 
38860 
45600 
50350 
23320 
50690 
49630 
51400 
43940 
42470 
51050 
45990 
41330 
52150 
48470 
23680 
24610 
25190 
52300 
47650 
41590 
24340 
23880 
26370 
26490 
20160 
49010 
47510 
43380 
24910 
45290 
47380 
1083150 
57930 
46480 
45370 
47850 
41650 
42600 
48720 
48790 
43520 
54070 
43750 
50930 
44290 
44600 
50760 
42690 
45120 
44600 
44770 
48670 
41470 
43400 
48640 
46060 
51910 
42700 
47900 
52140 
42870 
49740 
62280 
45880 
46970 
43990 
43890 
53850 
42390 
46790 
1090780 
60940 
42420 
40910 
50130 
44410 
23160 
43400 
43810 
46120 
54020 
48370 
45660 
41780 
20300 
25410 
45170 
43990 
19580 
44700 
48970 
42850 
21250 
43680 
47040 
49050 
46970 
38810 
49560 
43960 
49720 
1703060 
51220 
45430 
46200 
40720 
44290 
48170 
47400 
39920 
21120 
50740 
66650 
43680 
23400 
48060 
50880 
39570 
1085640 
62370 
45830 
40980 
50180 
45860 
45860 
36280 
53400 
121970 
85430 
43070 
59920 
48450 
50400 
37720 
48900 
41860 
45820 
39840 
47170 
45280 
49610 
37800 
52900 
47510 
47490 
39830 
47690 
54610 
46910 
39590 
47610 
41990 
44340 
49380 
69610 
45870 
40150 
51590 
48100 
45640 
42160 
46790 
62960 
52230 
45110 
49720 
41580 
43200 
47910 
45770 
47060 
44920 
48620 
45300 
44990 
45780 
46310 
39900 
48420 
46380 
48950 
41730 
39570 
44380 
50690 
39890 
41210 
41710 
52160 
42150 
43010 
48710 
46660 
40340 
45820 
1088200 
47570 
40780 
41230 
51630 
69390 
37830 
42620 
45560 
49860 
39780 
48980 
47300 
46790 
38740 
46920 
47750 
46570 
37260 
43150 
50510 
49060 
37010 
42740 
46590 
50600 
37710 
42500 
43630 
41510 
23920 
50550 
70560 
48550 
35470 
63690 
55070 
42870 
22620 
46070 
69120 
46930 
21530 
49410 
41440 
47700 
24480 
50350 
45980 
38150 
20970 
51600 
44690 
58340 
55390 
23860 
52030 
41830 
42210 
47690 
41610 
43100 
55190 
73640 
44190 
41810 
50720 
50180 
44410 
39820 
44020 
44360 
44250 
49560 
51430 
39830 
42630 
45590 
52190 
45380 
41830 
41950 
48150 
41750 
50000 
48150 
69520 
42160 
45150 
53800 
48420 
23110 
48920 
49370 
48500 
43330 
49380 
52430 
48870 
49270 
67080 
49520 
52280 
67620 
48140 
43610 
43840 
40810 
28710 
50430 
47830 
45870 
44440 
53680 
48860 
47790 
46590 
42950 
44270 
54240 
45050 
44630 
45460 
42610 
49700 
44930 
1078910 
61030 
40350 
48950 
47180 
41940 
62690 
49100 
54170 
43180 
43740 
46570 
46020 
43150 
46240 
44460 
46380 
39640 
42970 
51610 
49850 
42610 
39780 
42690 
46590 
43380 
44310 
62220 
54710 
27940 
46100 
1091310 
59030 
22190 
47510 
46890 
44950 
20880 
42810 
48620 
46290 
40230 
44720 
44940 
42520 
41500 
44090 
44090 
46380 
24160 
45180 
46780 
46130 
36360 
47250 
49040 
42720 
22000 
45400 
65370 
48310 
39050 
48270 
44030 
47260 
43480 
48510 
64500 
46010 
40280 
48530 
48400 
41400 
66490 
42010 
41540 
51980 
46360 
46920 
42180 
42030 
49150 
38990 
41270 
42510 
41790 
47460 
43930 
40880 
45620 
49720 
49410 
46270 
44220 
47510 
43850 
37550 
47470 
40330 
43000 
42320 
41850 
96770 
42840 
49440 
40480 
20800 
48640 
45540 
41610 
19970 
51710 
52650 
42450 
33090 
57760 
51280 
44740 
21200 
50240 
46220 
38360 
47560 
41310 
49490 
45620 
44390 
1085870 
66170 
51520 
42640 
37130 
41190 
45750 
49060 
40830 
39200 
42640 
45290 
42440 
43180 
40860 
43280 
45450 
43720 
46290 
41860 
39020 
41020 
46900 
43990 
37710 
41740 
43050 
46900 
21140 
44620 
43290 
45240 
40680 
45430 
44070 
44570 
23900 
1114620 
58090 
48750 
45010 
47680 
48300 
46390 
38670 
47980 
41570 
44210 
43350 
46040 
46080 
43150 
36800 
51240 
61010 
49630 
36910 
44790 
49820 
43650 
40390 
46250 
40670 
43150 
47830 
47060 
43780 
43520 
48180 
44070 
42740 
39700 
42670 
49050 
46700 
46490 
