113290 
53450 
44280 
1172000 
41460 
47950 
43490 
45050 
44320 
46790 
48250 
45060 
40790 
42960 
44530 
44110 
48490 
44270 
42490 
42230 
45090 
46390 
44270 
43340 
42410 
47950 
45950 
45220 
43790 
58140 
44270 
44220 
41000 
44330 
40860 
41100 
43020 
47410 
44880 
43070 
43370 
47110 
45280 
45060 
41490 
43520 
44250 
44670 
43890 
42650 
41380 
44730 
44860 
46550 
44430 
42970 
60710 
47340 
45520 
42060 
38560 
42660 
41960 
42060 
39740 
1072150 
42130 
45160 
44920 
41280 
39780 
41540 
42810 
44070 
42710 
44740 
41790 
43010 
44530 
43310 
46840 
43440 
45590 
44480 
44080 
44610 
42340 
41700 
52110 
45840 
42490 
64650 
43770 
45470 
42640 
41260 
41160 
40160 
42380 
43110 
1071720 
41530 
39730 
42760 
43840 
41120 
41800 
39570 
42350 
43400 
42350 
43640 
42530 
43560 
45090 
42160 
48430 
43410 
45760 
43880 
44420 
41610 
40810 
42500 
45990 
45970 
44210 
60360 
46250 
43190 
47330 
43840 
40700 
41090 
42140 
43090 
43100 
40960 
42790 
41860 
45600 
44890 
44880 
45410 
43250 
44320 
44470 
43350 
42160 
40020 
46010 
48460 
44620 
61160 
42680 
44360 
43120 
43620 
45300 
40520 
44050 
42880 
1073160 
42420 
42380 
41080 
44820 
41160 
40100 
41310 
41020 
43480 
43540 
45120 
45080 
42910 
47280 
58830 
50610 
42900 
42960 
44760 
46380 
45680 
44370 
42500 
45510 
44460 
45050 
58110 
43940 
42240 
43260 
42270 
41240 
41320 
41550 
43910 
1074780 
41330 
40670 
40900 
44310 
42480 
41080 
39570 
44260 
43170 
45550 
44310 
42590 
41590 
43650 
45420 
43470 
43670 
45920 
42080 
45250 
43350 
43320 
42870 
42300 
44150 
45760 
59400 
44110 
40740 
44610 
43040 
42620 
42980 
40710 
44020 
1076230 
42230 
41160 
41530 
44600 
39360 
39550 
39920 
40870 
44610 
43780 
43570 
43150 
43370 
41820 
44540 
46370 
45460 
43550 
43600 
43830 
45520 
44230 
45000 
42810 
47120 
47170 
44830 
43330 
41930 
43100 
42800 
42240 
41490 
44240 
44490 
1076700 
43030 
40980 
41920 
40180 
41600 
41490 
38690 
43460 
41560 
45070 
45780 
43690 
44960 
43280 
44740 
47220 
47520 
43820 
44260 
45310 
46410 
43110 
45130 
43320 
45710 
47260 
43960 
44370 
41490 
40720 
43320 
40850 
43760 
42280 
40750 
1082460 
43710 
43270 
41320 
40950 
43340 
40850 
39050 
40840 
43020 
44590 
52190 
44660 
46130 
44280 
42910 
46810 
45620 
43280 
43600 
44850 
45800 
44380 
45570 
42940 
44260 
51800 
46970 
46620 
42900 
41760 
43840 
44120 
43980 
65990 
44410 
44910 
45790 
44500 
45990 
42340 
44740 
43660 
1077130 
38840 
45080 
46020 
45430 
45780 
43730 
44630 
42240 
46600 
47130 
46170 
43200 
42040 
45430 
44850 
43990 
43290 
41930 
46000 
46070 
42620 
43120 
40820 
42640 
45910 
42530 
42520 
63150 
40490 
49900 
43830 
43460 
41130 
41080 
45380 
45500 
44130 
1656600 
47700 
49330 
47600 
48000 
42180 
43220 
46870 
48020 
45880 
41050 
43660 
46650 
46960 
44180 
44010 
58540 
45380 
45180 
42130 
43030 
40620 
41680 
43570 
42420 
1071390 
40590 
40760 
43470 
45160 
44620 
40910 
42640 
41810 
41420 
38120 
40710 
46810 
43440 
47870 
44150 
43720 
42840 
46120 
44320 
47750 
44330 
46680 
43950 
45750 
46520 
42880 
60310 
42360 
43680 
43670 
42440 
43330 
40930 
43670 
43710 
1072680 
43110 
41090 
42060 
43450 
41980 
41050 
39970 
41580 
42440 
42600 
41890 
43120 
44390 
45830 
45190 
44840 
42300 
42520 
45200 
45480 
45180 
43780 
42850 
43250 
42420 
41430 
1071120 
39890 
40900 
42600 
41640 
40340 
43910 
41650 
41990 
46050 
42210 
45040 
42680 
45050 
45950 
59170 
44090 
42560 
45110 
48630 
48340 
45560 
42780 
43750 
47430 
43960 
43790 
59680 
43440 
44140 
41760 
43770 
40680 
41420 
44240 
42220 
1074960 
40650 
40700 
42710 
42670 
41840 
43450 
43020 
44310 
43020 
45810 
43020 
41880 
45440 
43990 
46910 
43520 
44070 
43550 
46590 
46140 
44240 
43600 
44760 
54210 
46640 
43080 
57080 
42460 
43440 
44380 
41210 
41140 
40860 
44990 
43160 
1072170 
43070 
40410 
41010 
41500 
41280 
39580 
45570 
43200 
45110 
43880 
44660 
46380 
42740 
46550 
47120 
43510 
41310 
44020 
47990 
47990 
44450 
43250 
45140 
50890 
46490 
44110 
45310 
42910 
46510 
48110 
42880 
43700 
41100 
45050 
48890 
44280 
40900 
43590 
41390 
47000 
46520 
43280 
41680 
40510 
45800 
46800 
45980 
63430 
46960 
45340 
45530 
47610 
45300 
43620 
46520 
44360 
45610 
1113180 
52140 
46670 
46970 
57130 
44950 
41730 
44030 
44230 
41330 
41090 
38920 
42180 
1076880 
45050 
40330 
42380 
40720 
42520 
43110 
46270 
39090 
40750 
45300 
47510 
43320 
42330 
43430 
42940 
47600 
43820 
42280 
47150 
43950 
44660 
46930 
45090 
45740 
42170 
44160 
61100 
46030 
42540 
39640 
41740 
47090 
43130 
40860 
40410 
1073840 
44170 
41510 
43070 
40830 
43150 
43410 
40690 
40790 
42480 
41210 
44170 
46280 
44760 
43870 
44340 
45750 
45290 
46170 
44440 
43610 
42810 
45080 
43290 
43670 
43050 
43540 
61380 
44500 
39720 
41550 
43520 
42140 
42270 
40240 
40640 
1074300 
41970 
43440 
40650 
41170 
40810 
41940 
43720 
42830 
40540 
42840 
47000 
46700 
43270 
42930 
43450 
43190 
46250 
44880 
45450 
41070 
42930 
45290 
42660 
46250 
42540 
41790 
62920 
47160 
43220 
40360 
43310 
43510 
43410 
42090 
41220 
40540 
44200 
41240 
42510 
40040 
39200 
41510 
42890 
42060 
42960 
41120 
44610 
44940 
45310 
42270 
41800 
41570 
44700 
45650 
43670 
41500 
45870 
44580 
47080 
44200 
42620 
59470 
43180 
44360 
40570 
41170 
40250 
43930 
45810 
41840 
1072210 
40600 
40690 
44920 
42360 
40520 
41170 
40480 
41870 
42380 
42100 
44560 
43960 
44800 
45610 
42740 
41310 
42080 
48740 
45630 
43340 
43010 
44360 
45240 
48130 
42990 
43450 
60250 
46860 
43880 
41220 
40210 
39820 
40400 
45530 
42330 
1077060 
40120 
40510 
40500 
45920 
42060 
39970 
39510 
42400 
42180 
45080 
42750 
42310 
45130 
43850 
42550 
42140 
43190 
43220 
47350 
44890 
44290 
43690 
41880 
54920 
56610 
37720 
45930 
40340 
47490 
44720 
43020 
43640 
40720 
42770 
44200 
45380 
43840 
43810 
43750 
43030 
43000 
40270 
41080 
42040 
46360 
42310 
43480 
42630 
41710 
45360 
45080 
42800 
62720 
42410 
47360 
43280 
45570 
44800 
42520 
46490 
47790 
44010 
1113310 
47600 
44710 
43760 
41450 
45490 
41930 
44570 
43780 
41470 
36850 
39900 
39690 
42590 
41350 
42080 
43710 
39440 
41840 
43300 
44660 
42160 
41840 
43920 
43200 
44260 
42170 
44580 
45540 
44750 
44660 
41560 
42550 
45690 
44780 
43020 
60390 
42160 
45540 
44620 
41780 
51810 
41150 
41670 
42520 
1076410 
43310 
41140 
38700 
43020 
42690 
43530 
42190 
40160 
43110 
45160 
41920 
43080 
47820 
43470 
46250 
44030 
44150 
43760 
44400 
43380 
46770 
43190 
42930 
41230 
43710 
63740 
45660 
41480 
42820 
43220 
48320 
45040 
41840 
40880 
42090 
1079200 
41950 
39430 
40250 
40850 
42520 
42380 
42390 
41850 
44780 
43320 
47760 
43190 
44780 
41870 
44310 
44460 
46110 
42480 
44420 
44400 
44990 
43230 
44520 
43490 
47310 
64420 
41430 
41830 
42860 
41740 
42980 
42890 
40470 
40800 
1074080 
43920 
41870 
40250 
44070 
40110 
42440 
41980 
40880 
42480 
43830 
47610 
44840 
41340 
42950 
41830 
44860 
44980 
44410 
43060 
43420 
43970 
44940 
44750 
46040 
43430 
42780 
62640 
45110 
46740 
42430 
40740 
42100 
42080 
42960 
41090 
40540 
42150 
42330 
41350 
39880 
40900 
42650 
42520 
43650 
42250 
43840 
44090 
46090 
45660 
41600 
42900 
43500 
44340 
44050 
42940 
42290 
42030 
45670 
47130 
44340 
43880 
61420 
43680 
43900 
41150 
43980 
42940 
42420 
44190 
42580 
1074920 
37740 
43750 
44610 
42370 
41690 
40940 
39720 
43430 
42350 
47770 
43230 
42890 
44420 
44640 
43220 
42760 
40760 
43940 
45080 
46990 
42440 
43490 
44840 
45550 
44740 
40410 
60290 
43810 
43220 
43700 
41280 
41510 
40640 
43340 
41940 
1071990 
40790 
39970 
41480 
46350 
43060 
40480 
41780 
40780 
42930 
43100 
43340 
41950 
42720 
58820 
54760 
50840 
47480 
44150 
46340 
43270 
43540 
42670 
41170 
48950 
46950 
43790 
60030 
42020 
44130 
43690 
41950 
41930 
41530 
45330 
43100 
1074990 
39660 
40970 
41550 
41580 
40300 
41640 
39030 
40540 
44440 
42970 
43030 
41520 
41180 
42770 
43290 
43750 
42610 
45460 
44730 
43070 
43260 
41030 
41380 
45350 
44890 
43920 
58040 
39240 
42330 
42430 
44290 
50830 
42660 
44640 
43240 
1097600 
41200 
40770 
40600 
44040 
42450 
39630 
40130 
41000 
42950 
45260 
42520 
42110 
43800 
45010 
44100 
41790 
41780 
42480 
42940 
44270 
43460 
44670 
46240 
42020 
49330 
58560 
40670 
41190 
40180 
45770 
42260 
41240 
42900 
41430 
1076580 
45200 
44450 
41210 
41700 
43370 
41810 
41800 
40410 
41240 
46430 
44230 
41640 
43020 
42910 
43790 
45260 
45110 
44590 
40480 
45180 
44170 
44780 
44970 
43520 
43480 
47150 
63380 
43420 
42100 
41630 
42930 
44140 
43110 
42360 
43990 
1088000 
45850 
46160 
43210 
40510 
44150 
41820 
41500 
40490 
41780 
41910 
44360 
46850 
42290 
57810 
43460 
43580 
44850 
43220 
44080 
41900 
43310 
44490 
44030 
46360 
44200 
44160 
60640 
42210 
41790 
41150 
42060 
45360 
41570 
40830 
42010 
1074510 
44100 
47890 
43570 
39410 
40390 
42390 
45160 
44770 
43770 
42590 
43670 
44320 
44320 
43330 
41920 
44590 
47480 
46270 
41300 
42070 
43150 
45160 
44370 
43870 
42350 
42530 
62240 
45280 
42950 
39800 
41960 
44250 
43790 
41770 
41740 
1074570 
41500 
43820 
42840 
40110 
41790 
43000 
43460 
43820 
41590 
42850 
43510 
45650 
43180 
41970 
43910 
42480 
44140 
44460 
43320 
44290 
45660 
44060 
45650 
45700 
43190 
42380 
59870 
44960 
44540 
43000 
41890 
41920 
43360 
42170 
41630 
1086290 
42950 
43160 
41240 
41710 
42260 
41620 
42200 
43340 
43490 
45990 
43480 
44420 
44880 
44060 
41970 
42900 
43160 
45810 
44870 
42440 
43650 
45130 
51930 
47600 
44550 
64040 
44010 
43580 
44040 
43800 
42740 
43470 
44770 
42050 
1072570 
43560 
42550 
40720 
42650 
42190 
40100 
40690 
45850 
44040 
46860 
42840 
44540 
46490 
45060 
42400 
41760 
41720 
55830 
45660 
42820 
42780 
41710 
39010 
44980 
42360 
40980 
1073400 
41830 
44020 
42500 
43100 
40280 
41110 
42590 
42160 
40940 
46430 
43820 
45810 
45510 
42830 
42930 
42200 
43190 
45100 
45360 
42150 
44290 
41560 
45130 
45070 
45720 
41640 
59020 
43300 
43180 
42230 
42740 
41480 
42920 
43750 
43660 
38880 
39860 
44170 
44320 
45770 
43650 
43600 
42690 
44990 
44390 
41900 
42930 
42270 
43130 
45220 
49150 
45090 
43140 
59030 
44180 
43290 
43330 
41620 
42760 
43590 
43910 
41400 
1074680 
42710 
42010 
41580 
40920 
40690 
39690 
45310 
42270 
44870 
43200 
38260 
47600 
47090 
46190 
44840 
43120 
47210 
45860 
46370 
42940 
40310 
47240 
58570 
53440 
60040 
41980 
42440 
42800 
43930 
42440 
43050 
40810 
43960 
1077800 
41600 
39540 
40420 
42510 
42030 
41630 
39790 
40330 
43710 
44470 
43780 
41920 
41220 
42480 
54610 
46010 
44870 
44500 
43470 
45540 
46100 
44710 
44060 
44610 
45540 
57220 
43930 
40470 
40800 
45410 
41800 
42580 
40820 
42680 
1077980 
43320 
42910 
39830 
39430 
42700 
43720 
42590 
41290 
43450 
44530 
45720 
42440 
44680 
40120 
40380 
46410 
42890 
43960 
43780 
44650 
44260 
44070 
43520 
44050 
46260 
46750 
57430 
48240 
42670 
42260 
46330 
42650 
42180 
41180 
41630 
1076180 
47820 
46080 
40570 
42590 
43260 
46990 
41990 
43210 
48280 
42350 
45340 
47860 
43250 
42250 
39970 
44230 
51040 
49300 
44500 
41520 
43060 
46600 
45870 
47820 
42500 
48530 
65850 
42420 
49460 
41880 
43610 
45830 
44510 
42960 
43870 
42410 
45400 
43950 
44790 
44010 
65440 
45940 
43980 
43050 
43370 
44900 
45490 
43490 
42710 
41870 
1883740 
51380 
46290 
46550 
42270 
45630 
43650 
45870 
44500 
42930 
41090 
43510 
57860 
44330 
45640 
40440 
42200 
42940 
43140 
41490 
42080 
1074280 
41470 
44080 
41100 
41610 
41300 
44280 
42510 
41850 
42620 
41940 
42300 
45550 
42140 
39080 
40390 
43690 
45060 
46820 
45270 
44340 
46720 
46020 
46330 
44870 
43280 
41400 
57240 
44170 
44380 
42560 
42460 
42900 
43810 
41980 
43720 
1087970 
41260 
48300 
42110 
42160 
41530 
41670 
43580 
47690 
42660 
41740 
41230 
45150 
43910 
40260 
40280 
42440 
45070 
46030 
42320 
43070 
41350 
44670 
43640 
44440 
40650 
59840 
43370 
44790 
42970 
40620 
41990 
43200 
44820 
45330 
1072820 
41920 
41050 
42090 
42290 
42050 
40040 
41130 
43090 
44710 
43620 
43220 
43150 
45670 
41190 
41340 
41640 
43630 
44620 
46930 
43960 
42310 
43510 
44130 
48470 
45550 
44050 
59600 
42560 
43970 
43030 
41170 
42720 
40530 
43430 
43680 
1074090 
40020 
40880 
41460 
41740 
40840 
38580 
38460 
42120 
46340 
41990 
42300 
42940 
42360 
42960 
42770 
43000 
41900 
43540 
43850 
44950 
53300 
45650 
46430 
45210 
43010 
44160 
55620 
42320 
41080 
43520 
52200 
44570 
61780 
46500 
45000 
44260 
42450 
47490 
42510 
45840 
43300 
42660 
37480 
44710 
45400 
46100 
60960 
44920 
42910 
45480 
45060 
43630 
41990 
42490 
44240 
44680 
42810 
42840 
41350 
42420 
45710 
44690 
45900 
42750 
41520 
45960 
43650 
43320 
62420 
40550 
45050 
43740 
43960 
43710 
41750 
44280 
45670 
44380 
1452160 
43870 
48560 
47880 
45040 
42880 
41490 
43550 
44680 
44040 
42090 
43660 
43870 
44460 
44580 
44120 
41300 
41850 
43400 
68520 
42130 
41940 
41810 
44360 
44320 
41520 
41240 
41390 
43810 
1083440 
41530 
39930 
41400 
41860 
44060 
44210 
40900 
43250 
44070 
45270 
43750 
42820 
44520 
40760 
44060 
44700 
42350 
43500 
41440 
43610 
45030 
43750 
43910 
41590 
50220 
48420 
60370 
43980 
41440 
43350 
44440 
41450 
41590 
40410 
41000 
1079130 
41760 
42370 
40750 
42320 
41610 
43080 
39520 
39200 
45370 
44250 
47740 
45350 
42210 
41730 
44550 
44670 
45450 
42090 
44010 
42360 
46550 
44240 
41630 
43450 
41570 
43830 
57570 
42340 
42180 
43040 
43350 
45990 
42210 
45170 
42530 
1076040 
45940 
42750 
40930 
43050 
44110 
44890 
39200 
40140 
45630 
44560 
47730 
45130 
42620 
43990 
41590 
45400 
44250 
45440 
43590 
42180 
44670 
43960 
43700 
43850 
43210 
42880 
58170 
42760 
42110 
40410 
43980 
44110 
45420 
43100 
40870 
1074440 
42950 
40540 
41740 
40400 
42470 
43030 
40680 
41380 
45890 
43140 
44710 
44320 
44240 
41190 
42550 
45300 
44350 
45930 
44490 
42110 
42760 
47220 
49080 
41260 
43750 
41950 
55980 
43920 
41100 
41240 
58070 
48030 
41700 
41260 
42120 
1072750 
43860 
42380 
41580 
42020 
