140510 
58760 
56460 
57780 
52470 
53270 
53800 
52800 
53440 
50300 
55190 
55230 
55100 
53190 
52070 
54330 
51710 
53170 
48730 
51110 
48090 
52040 
51100 
49400 
49270 
51580 
52310 
51680 
48380 
50420 
50460 
54260 
50750 
50200 
55250 
49800 
52800 
50760 
51640 
52190 
51490 
52450 
50570 
49620 
51430 
49490 
47750 
57380 
50800 
53120 
51830 
51770 
52440 
51410 
49960 
52660 
48620 
51780 
51070 
52760 
51160 
49970 
51480 
52420 
49930 
51010 
47750 
51110 
49510 
51160 
50150 
49990 
53050 
54010 
50580 
54600 
49430 
48840 
54860 
64440 
53590 
48530 
49230 
53780 
50800 
52120 
49440 
48870 
51560 
49980 
50360 
48840 
49760 
51380 
49470 
51540 
48340 
48090 
50300 
50990 
53120 
48890 
49760 
53520 
50480 
51420 
49450 
54860 
50320 
51940 
51810 
50270 
48590 
49760 
50310 
49930 
50980 
49960 
50790 
51140 
52010 
49520 
52370 
48940 
49680 
56100 
49750 
52410 
52610 
49710 
52900 
51280 
53840 
53510 
47980 
51960 
49820 
50310 
48400 
53510 
54520 
50000 
49640 
49800 
53730 
53850 
49850 
49670 
50080 
48670 
54510 
54160 
51750 
49700 
47300 
54910 
53020 
50910 
56220 
50210 
55020 
54680 
52710 
52650 
49510 
51200 
53430 
55010 
50270 
53150 
51080 
50100 
52390 
48760 
49600 
51910 
50760 
54020 
51610 
50390 
50200 
49420 
55110 
58980 
58670 
49680 
49040 
51700 
54290 
50000 
50830 
49410 
54130 
52270 
51220 
51430 
49480 
52100 
49130 
50700 
51020 
53840 
50040 
51660 
54370 
51220 
50600 
50140 
51410 
50910 
47930 
52520 
48640 
54070 
50620 
50570 
48680 
49820 
53560 
50580 
50650 
50400 
50370 
58050 
48790 
54010 
52400 
47520 
50450 
52360 
51980 
50340 
50850 
49530 
50180 
51790 
48470 
49920 
49270 
52000 
53410 
50390 
49080 
49930 
51250 
51290 
50270 
49510 
50270 
50240 
51640 
51730 
49020 
49850 
50000 
53020 
51460 
49280 
48340 
49770 
50780 
50010 
46900 
51200 
47920 
51650 
49980 
50450 
47510 
52360 
54700 
53350 
47610 
47600 
48650 
52710 
51400 
50980 
49390 
50150 
49260 
53750 
49650 
49050 
47780 
49130 
52310 
52830 
49380 
50330 
50730 
50250 
50600 
49500 
49060 
50270 
51430 
50050 
54530 
48050 
48880 
56200 
51100 
52120 
48710 
52360 
49870 
52080 
50180 
49680 
49210 
50020 
54210 
50480 
50010 
52190 
47970 
51750 
49640 
51030 
51000 
51580 
53980 
51800 
48990 
49310 
48060 
54900 
52920 
50070 
59270 
50250 
49630 
52320 
50320 
50310 
50020 
48160 
52130 
50290 
54200 
54090 
46430 
53910 
49870 
48130 
47840 
50160 
51600 
52010 
48090 
48810 
50400 
54840 
49420 
48420 
49000 
50090 
50060 
51820 
51090 
50390 
47690 
51400 
51610 
52330 
48790 
48520 
49970 
54150 
52130 
49010 
52840 
53500 
51910 
50620 
50490 
50610 
52200 
53060 
51120 
50240 
49380 
49690 
49660 
51640 
52750 
49860 
53670 
48950 
52730 
48710 
50440 
48560 
49540 
52050 
50540 
51030 
54370 
51800 
53120 
51180 
50230 
53310 
55510 
53570 
51430 
51400 
49990 
50270 
50700 
51780 
51520 
51080 
48320 
49710 
51870 
50450 
64020 
51210 
49360 
51520 
51580 
51730 
50190 
50190 
50280 
53880 
52170 
51130 
51320 
52780 
50180 
51520 
50710 
51490 
49540 
51450 
50170 
50030 
52710 
50220 
51470 
52200 
51980 
49220 
48040 
51210 
51360 
48450 
48410 
50390 
48890 
52360 
49230 
49690 
47910 
52500 
51470 
51500 
50100 
49650 
47090 
53080 
50730 
50400 
50130 
49280 
52350 
50360 
53230 
50080 
48280 
54880 
51500 
51410 
49630 
49330 
54650 
51110 
50190 
47630 
48740 
51240 
50410 
49750 
50300 
48940 
49690 
51310 
50390 
52800 
49860 
49530 
49700 
50810 
49210 
48460 
49540 
54140 
49190 
50400 
48790 
52630 
54270 
51700 
51210 
51360 
50740 
51090 
49530 
49300 
50000 
51330 
47240 
50890 
49230 
49880 
48830 
49530 
50850 
50350 
49870 
49780 
57350 
52030 
53840 
48610 
51720 
47610 
51220 
50940 
48000 
47980 
50320 
51180 
50780 
49010 
51020 
49350 
47600 
55630 
51510 
49390 
50110 
49790 
51780 
47920 
51780 
47930 
48210 
51640 
49750 
51930 
52290 
51120 
52170 
50300 
49700 
49010 
49640 
51690 
50300 
49670 
50360 
49310 
49620 
53660 
51620 
50400 
47750 
51220 
52980 
51850 
49120 
48340 
49700 
53100 
51180 
53170 
50380 
49470 
53460 
51630 
48020 
48750 
48620 
50870 
50900 
48950 
49130 
49700 
48480 
53160 
50440 
48420 
48360 
52740 
50810 
51280 
48590 
49220 
53260 
52510 
52780 
49640 
51730 
48370 
56570 
49490 
54360 
51160 
49920 
50210 
49970 
49410 
50880 
48470 
50450 
52600 
51560 
49850 
52530 
51740 
53300 
50080 
51900 
49660 
51310 
53940 
52550 
49590 
49020 
49960 
51570 
54710 
52060 
48930 
51320 
52150 
49670 
53770 
50000 
50700 
49000 
51270 
51400 
49770 
52610 
51000 
52220 
51030 
51460 
50790 
51770 
53930 
51110 
50550 
49510 
50060 
50810 
48970 
49990 
50180 
50910 
51330 
50460 
52900 
49610 
49340 
48650 
53490 
50060 
49510 
50720 
49250 
54430 
51000 
49500 
52740 
48700 
51660 
48380 
49050 
48410 
51060 
51650 
48710 
49170 
47320 
48730 
51170 
47300 
48000 
48180 
49360 
48910 
51890 
53650 
51230 
49120 
50380 
56980 
51650 
49290 
50420 
50780 
51960 
52920 
54170 
50020 
48910 
50660 
51230 
49290 
49970 
50430 
51340 
51100 
49630 
49570 
50330 
50340 
52020 
52070 
50220 
48630 
50070 
50330 
53090 
51490 
50510 
51200 
51460 
51940 
48080 
50390 
49070 
51300 
49740 
49630 
53030 
48720 
51180 
49460 
50390 
48730 
49530 
48220 
53800 
52760 
51340 
50560 
48330 
52220 
52450 
48860 
50060 
46670 
50180 
49370 
50550 
48290 
65780 
54950 
50260 
50130 
48940 
48700 
51670 
50380 
49980 
53850 
52020 
48170 
53340 
50910 
49020 
48580 
49880 
54760 
49280 
49870 
47740 
50340 
50540 
49710 
53160 
47940 
49380 
52180 
49640 
49760 
47210 
52410 
50810 
51370 
49200 
51150 
52700 
51810 
54570 
49890 
51250 
51440 
51980 
53030 
50140 
48090 
49240 
52750 
51790 
49080 
49840 
50020 
50240 
52750 
51600 
49460 
50280 
49050 
51990 
50730 
49740 
50210 
50040 
50800 
52050 
53520 
61960 
49810 
51210 
52010 
51130 
51400 
50000 
49720 
50680 
49470 
60720 
48380 
54350 
53220 
51000 
48700 
48560 
51860 
50960 
49330 
50490 
50250 
54500 
50260 
50300 
49840 
50220 
52290 
49620 
51660 
50030 
47900 
50670 
49960 
52550 
52740 
50700 
51190 
50310 
50380 
52480 
49640 
50560 
53750 
52950 
51710 
50810 
52120 
49860 
49970 
53780 
49840 
51110 
49460 
50120 
57200 
51770 
48350 
48840 
47960 
52780 
49950 
50790 
48920 
51600 
54110 
48820 
51690 
50910 
48850 
52270 
50490 
53330 
48900 
50930 
48960 
50860 
51470 
49200 
50060 
51610 
52140 
51930 
52830 
49910 
49040 
50470 
50100 
47890 
48250 
50780 
49580 
52110 
50730 
49500 
56360 
51190 
52310 
47970 
47630 
49260 
48400 
52460 
49200 
48360 
50880 
49630 
51840 
54130 
49880 
51390 
51880 
54060 
52890 
48470 
48500 
51670 
53410 
54330 
49980 
49960 
48410 
57400 
55110 
52880 
52190 
49960 
54740 
53200 
50760 
50680 
49560 
49960 
54600 
50550 
51290 
49240 
50100 
56330 
49380 
50730 
48830 
47700 
53100 
54070 
49710 
50520 
48490 
54550 
52830 
49730 
47980 
47940 
50990 
50410 
50930 
50230 
48530 
51670 
51790 
50000 
48300 
48500 
49910 
50590 
49120 
46730 
47740 
53310 
52510 
51540 
49820 
48820 
53390 
52490 
49940 
49640 
50000 
54280 
49710 
52370 
52010 
48560 
52490 
49640 
52650 
48730 
50750 
49590 
47850 
51180 
50660 
47560 
48140 
50540 
53380 
50470 
48460 
49910 
58120 
55860 
49460 
48820 
50300 
50110 
47990 
52290 
51500 
50520 
50950 
49270 
52380 
51050 
54740 
48650 
50760 
51630 
51880 
51410 
48330 
50690 
50550 
50950 
50620 
50930 
49300 
52680 
49360 
50760 
49300 
49970 
48090 
52720 
67100 
50830 
51460 
48530 
51160 
51710 
50710 
49270 
49760 
51660 
50850 
53750 
50620 
50430 
51250 
53220 
50180 
51210 
50710 
50290 
50460 
50390 
51680 
50950 
48980 
52730 
50220 
51910 
48260 
48520 
51720 
50330 
50520 
48440 
50020 
51290 
54190 
50680 
51010 
52230 
52290 
53350 
50240 
50570 
49370 
51680 
50100 
50170 
48040 
48270 
49150 
54340 
50390 
50680 
48430 
50100 
49740 
51480 
49900 
49820 
52910 
51060 
49400 
49050 
47320 
51370 
54560 
53330 
48310 
49300 
47800 
55610 
52930 
51870 
49340 
50260 
49340 
59360 
53730 
49100 
53730 
50080 
56430 
51520 
52400 
51000 
49200 
51730 
53310 
49780 
52000 
50820 
52500 
54250 
52590 
50630 
49920 
50810 
50430 
52620 
50750 
53730 
51140 
51460 
53910 
51490 
49240 
50510 
52300 
50130 
50730 
49700 
50580 
51500 
51480 
49530 
50290 
50450 
51340 
48970 
50340 
53770 
50630 
51670 
51680 
50650 
48790 
49300 
50720 
54890 
51420 
49350 
51400 
52580 
52660 
51420 
49740 
48610 
50250 
54640 
52440 
51450 
50280 
48620 
52780 
50830 
52930 
51580 
48540 
51640 
49840 
49340 
53820 
49640 
47690 
54220 
48760 
50980 
52750 
50900 
51590 
50070 
48680 
50000 
49210 
52100 
50790 
49700 
49920 
49220 
53270 
50560 
51650 
49010 
49600 
51380 
51380 
48780 
50290 
50060 
53660 
55630 
50050 
49810 
46680 
50110 
51600 
51040 
49310 
50010 
51260 
51190 
50910 
50140 
50110 
49450 
51510 
52490 
51830 
48830 
50310 
51370 
51100 
48170 
50420 
51650 
48930 
52430 
50380 
53980 
51360 
49630 
51480 
50510 
49970 
52260 
51480 
54080 
51140 
49610 
51410 
50150 
51050 
52580 
49900 
51260 
48050 
52390 
52020 
49770 
50030 
48430 
50820 
55240 
51860 
49930 
49380 
48150 
52040 
50430 
52500 
51480 
50530 
52470 
51210 
49650 
49820 
49100 
53300 
51050 
51370 
48430 
48720 
57260 
49810 
49090 
52130 
48130 
50770 
52000 
52350 
48990 
50990 
52020 
52690 
51980 
48820 
49830 
49050 
51250 
49820 
50110 
48730 
58360 
57460 
52660 
49850 
48730 
49010 
52730 
51170 
53710 
55370 
51000 
49420 
54390 
52130 
50280 
51380 
50360 
51880 
51120 
50550 
53220 
48900 
52560 
50790 
51760 
53220 
54060 
53650 
49240 
51870 
51360 
49100 
52610 
50460 
49850 
50510 
53520 
52020 
53130 
51520 
51270 
49290 
49280 
51890 
49940 
53940 
50380 
49260 
51610 
49320 
52310 
49820 
51730 
50910 
49780 
51800 
50710 
48570 
51250 
49080 
50830 
51060 
51110 
49280 
52600 
50500 
49180 
52000 
49150 
51580 
51360 
48690 
51320 
49470 
49950 
51390 
51860 
51260 
50410 
52530 
52350 
51570 
50180 
48040 
50550 
49460 
50650 
49810 
49980 
49990 
53930 
50230 
50660 
50110 
48080 
53340 
51460 
52070 
48650 
49650 
51950 
52220 
51460 
49530 
49280 
51320 
51300 
50080 
53760 
50730 
49910 
48980 
52540 
49480 
49800 
47380 
52140 
51530 
51280 
48450 
50970 
50930 
51090 
48430 
51740 
50170 
52410 
51000 
51150 
50280 
52590 
50780 
49520 
50280 
49830 
50900 
53680 
49470 
49540 
49850 
49890 
50670 
52850 
49410 
51200 
48780 
52800 
55260 
53850 
49050 
50290 
50280 
52520 
51660 
51220 
50130 
48960 
51610 
51770 
49820 
53580 
48450 
50740 
49850 
50680 
50060 
51280 
49910 
54960 
51110 
50350 
51520 
52090 
54030 
50300 
49420 
52070 
49500 
52570 
49320 
51440 
49780 
51480 
51480 
50110 
55690 
48550 
51700 
50790 
49250 
55410 
48660 
50790 
49580 
54130 
51410 
50960 
49740 
49510 
49310 
52100 
50910 
49640 
50480 
51300 
50060 
50520 
48030 
52260 
50960 
50360 
50400 
46460 
49180 
50280 
51050 
51260 
52020 
50580 
48640 
53860 
49430 
50630 
50290 
50740 
52780 
51550 
51940 
50840 
48990 
52850 
50390 
48630 
50880 
49250 
55150 
50770 
50310 
50280 
48950 
52860 
50810 
51470 
51930 
64450 
52540 
51850 
49370 
50950 
49160 
49770 
53640 
52510 
51260 
49600 
48770 
61150 
55760 
57910 
48100 
49080 
51230 
50530 
50270 
49210 
51190 
52200 
50700 
52080 
51420 
51110 
48590 
51500 
49070 
50400 
49880 
49370 
52280 
51980 
49140 
50910 
50360 
52600 
55170 
51440 
49080 
49990 
52370 
49870 
49180 
50980 
49840 
51690 
50470 
49940 
49060 
50380 
49260 
52990 
50530 
51520 
49940 
52130 
52170 
52020 
49170 
48030 
49730 
55610 
50810 
50140 
48650 
48640 
51510 
50170 
50520 
50820 
50600 
51910 
50140 
49870 
47170 
49570 
48680 
51560 
49840 
51310 
49850 
50290 
53460 
51760 
50670 
49060 
51200 
51070 
49060 
54220 
50240 
52650 
52930 
51350 
49910 
50440 
51400 
53540 
50830 
52020 
49240 
49390 
50300 
53030 
50720 
52620 
50340 
49320 
51790 
50050 
50170 
49450 
48360 
51240 
51010 
48360 
49830 
48360 
53160 
49510 
48810 
53980 
48140 
51340 
49590 
51420 
47990 
48530 
48590 
52560 
50650 
50740 
50030 
48810 
53640 
51380 
48520 
52490 
51120 
50920 
50470 
49540 
50640 
49340 
51550 
51050 
48990 
48460 
53530 
53760 
48110 
52230 
47210 
48670 
52100 
52590 
53680 
48260 
50640 
53130 
51990 
50910 
53980 
50080 
51480 
51030 
51900 
48650 
51980 
51960 
52080 
56330 
50630 
51170 
50460 
52340 
50960 
51330 
49250 
48570 
49360 
52630 
51380 
51740 
50510 
49910 
55960 
52110 
48920 
50210 
50530 
52210 
49510 
49090 
50690 
50520 
52450 
49560 
49510 
55300 
49650 
52930 
51420 
48390 
49530 
48160 
50610 
50870 
50560 
49580 
50770 
51290 
54920 
51690 
53850 
49460 
50190 
50630 
49840 
51130 
50260 
51100 
54500 
49840 
51010 
49770 
52940 
54570 
62240 
50280 
49700 
49960 
48240 
51540 
51450 
50700 
50310 
48420 
54120 
50580 
50130 
53410 
51590 
51500 
52610 
50820 
51700 
49090 
60510 
53520 
50530 
51850 
49110 
50580 
50480 
49550 
50150 
50590 
50760 
53960 
49750 
51010 
53040 
49360 
51320 
49880 
49910 
48950 
47570 
50730 
50620 
50660 
51570 
50090 
52040 
50710 
50700 
49480 
48400 
52520 
49340 
50250 
51290 
52480 
48970 
52880 
51800 
50130 
49930 
51410 
52610 
51180 
49450 
48690 
49740 
49940 
51890 
52410 
48110 
51260 
50850 
52080 
50720 
48830 
48250 
52850 
50870 
51100 
49080 
49150 
46690 
52400 
49500 
46230 
50670 
47910 
52120 
60180 
49160 
50360 
47690 
50940 
50010 
50460 
50560 
49150 
53690 
50720 
50230 
48780 
49900 
53450 
51360 
49520 
50080 
50370 
49800 
51800 
50890 
54100 
51610 
50490 
53050 
50960 
52020 
48590 
51890 
51550 
49850 
51430 
48390 
68050 
52710 
51460 
48280 
49310 
50630 
49690 
52720 
51010 
49960 
49680 
51130 
54060 
50710 
48220 
50670 
48590 
50710 
54040 
50630 
50680 
48180 
54050 
53930 
49030 
52090 
51250 
52310 
51250 
53310 
49840 
50210 
53010 
50690 
53190 
48300 
51330 
48020 
52390 
49420 
54500 
51500 
50640 
51610 
50200 
51820 
50870 
48860 
52620 
51120 
49250 
50610 
50550 
52270 
50010 
49770 
49020 
51340 
51080 
50230 
48080 
47910 
49170 
49930 
51350 
48860 
48650 
