63760
1148160
808450
30610
1196160
887300
25810
23250
935190
22750
24510
987260
23620
23830
1031050
23740
69600
1091100
65190
58840
1132870
68450
62590
1197350
66010
59950
1174530
10112600
62890
1177670
62420
90370
1235610
64090
65450
1176340
62330
67390
1180110
61700
65020
1188950
64580
70190
1193600
64040
64110
1251160
68650
68970
15073240
10472940
71690
1222780
66060
63460
1220490
64110
67620
1235180
62160
63750
1273800
63220
67470
1298220
61280
73460
1298570
103000
71550
1299830
60080
70470
1339850
63710
63890
1309150
62640
68910
1321780
61450
66920
1432690
73730
72760
1344250
64530
65270
1340070
61150
66220
1329930
63220
65820
1317410
61770
66360
1310520
62750
72910
1357040
62380
92810
1315520
62910
86270
1294800
61790
65040
1302320
63310
67970
1387170
71010
73890
1318920
71800
75780
1282030
66770
75310
15044380
11471810
66210
1258030
11510240
69050
1261650
11549570
64590
1258700
11681660
68730
1290990
11643740
69350
1266070
11677020
65690
1284110
11710670
67040
1280450
11751680
66680
1273430
11792860
68440
1286970
11835160
67200
1292950
11891590
74770
1304390
11924200
76940
1404210
11954260
70990
1318280
11997170
74390
1306590
12034410
73310
1317780
12073700
76230
1324720
12114480
71380
1332160
12160180
90650
1343160
12223430
73160
1375000
12241290
67960
1350200
12284590
69860
1387130
12321560
73370
1389170
12366030
76870
1396370
12407600
72400
1573420
12457450
73620
1413240
12486400
76010
1450430
12530110
71920
1436390
71910
80240
1425640
71330
77810
1435690
74500
77530
1445940
71480
79770
1465580
77820
77250
1485730
69930
78470
1520530
74590
73870
1504070
72160
77700
1497120
70310
78070
1481960
73310
78380
1498990
70580
76030
1511050
71540
77120
1512290
73060
80170
1524750
74420
74060
1531150
70020
104430
1558140
66110
95950
1662040
75000
80880
1574160
69880
77020
1557610
70460
77840
1559080
69690
76800
1584950
72170
75540
1551360
70660
77130
76530
72080
75360
73550
73730
78390
72320
68770
78200
74970
75330
76770
72080
73230
77410
72450
76160
75190
72390
235690
75400
1551000
276390
69950
1538980
314310
78540
1590730
391800
71990
1592970
458720
71070
1589160
468980
70670
1615560
515990
69540
1585810
549600
75020
1584030
586780
71370
1578610
625770
72420
1582340
664510
170840
1581810
709730
89720
1588550
748030
66620
1601540
14292980
61400
1577230
836200
66300
1581330
867700
63080
1570570
908050
67600
1578030
947690
64060
1581260
1019560
67260
1589330
1138330
68290
1612500
1068900
64180
1575320
1102720
66050
1575200
1147680
63640
1594840
1201630
75500
1582130
1232640
70500
1578930
1294610
68060
1519700
1309160
81010
1531140
1367090
63920
1534010
1413640
68550
1544630
1470540
67800
1544050
1515440
68840
1556120
1552500
65690
1529440
1561010
10108360
1533930
1537750
66440
97840
1533740
11739780
16573570
14993310
11811040
1540870
1541950
68660
69690
1536740
70180
72340
1540240
67320
71420
1534860
67530
73830
1529590
66730
75650
1526040
68970
74090
1614330
74240
82620
1536340
78720
1519710
1508280
75360
77050
1525070
72320
77730
1580040
72130
45049370
1433460
69400
15071680
16425180
12333420
1481730
1478340
74910
83120
1488270
73940
1474990
1471920
73450
78280
1469470
71150
78170
1466250
72990
79120
1448850
74470
1482840
1554810
78650
95540
1443070
73290
78570
1443630
73090
74150
1434130
75610
81430
1429300
72180
86680
1452250
71590
1421170
1416670
69940
1446840
1402500
69360
1410690
1418900
71040
1399980
1417620
70510
1399870
1398770
69400
1397140
1388330
65590
1387190
1382810
68580
1380090
1377370
76510
1427050
1396140
68000
1397270
1376920
68610
1388290
1369610
71410
1368550
1381090
69890
1357010
1350510
65220
1347430
1369670
68960
1337380
1333020
67360
1340210
1339890
68680
1326690
1299810
68460
1312400
1313300
69840
1300960
1305460
68970
1310170
1301980
66370
1300090
1333430
68690
1292320
1283740
71080
1314690
1291810
67620
1279980
1262450
70020
1264760
1261960
67890
1249250
1256160
69410
1260430
1249320
64650
1252580
1262530
68890
1350260
1237230
68980
1234940
1221090
66310
71560
1222040
69580
1214790
1210540
68770
1254750
1206280
69780
1224300
1218180
70890
1256770
1230700
72170
1198380
1193890
69160
1221450
1189700
69580
1197940
1184550
70900
75720
1193100
70990
71070
1201680
72390
1217850
1203700
68000
1220070
1208460
68230
92960
1238950
69570
74790
1221600
68220
76300
1218710
66760
76540
1226860
70730
71630
1227060
71010
75240
1226450
67060
75900
1261550
67580
78230
1229360
67670
77790
1219050
68830
72900
1219160
68980
76020
1227100
69950
71600
1224070
79210
73150
1218160
120370
72790
1220690
299330
75410
1216840
172110
76840
1224940
212700
74430
1223160
267410
74310
1230490
289750
90370
1233110
359850
89090
1233380
374480
76020
1250330
417370
71970
1218520
455210
77240
1210640
491970
73510
1215220
529090
74360
1215730
569040
72560
1217490
610430
71910
1215310
649770
73340
1215970
699090
73940
1214140
738590
75270
1219670
780160
80140
1208570
813220
78960
1216010
854460
76680
1254880
962120
74010
1248390
965690
75620
1244960
1010730
75200
1210100
1060810
77550
1203560
1097590
76890
1218430
1122780
76970
65870
1163390
78130
67900
1199230
75840
71010
1181730
10122690
1197170
1178790
68480
1177790
1158100
68150
1201470
1186120
67950
1190430
1194090
67950
70300
1188960
68990
1200350
1216110
67540
71580
1185190
69090
73070
1277970
67650
70390
1182700
70960
74520
1188850
144800
73700
1181400
70330
65900
1180950
65840
73640
1188610
70030
73380
1205320
69040
1208280
1196950
66860
73580
1198650
72550
1206740
1194040
68240
1308530
1193570
69190
1227590
1188900
68230
72240
1227260
69670
73230
1195200
68620
80610
1218110
72230
1267120
1200890
68570
79840
1223730
69750
68860
1220490
73360
1302780
1235810
75650
1224370
1228430
70650
74010
1235780
70100
75750
1245560
70220
71440
1245730
68460
76780
1260970
71520
1258820
1260610
74270
81550
1277620
71410
71200
1301570
71230
74030
1269900
66730
1296840
1252840
67390
82490
1262390
69110
1256340
1256380
70580
1254160
1251400
71120
74300
1248240
68130
79410
1248070
72280
1238730
1232160
67410
1261850
1228850
71610
1232610
1217330
70660
1237070
1247000
75700
76650
1240470
71370
1225400
1223720
69520
1220780
1229650
69870
1196150
1178470
70250
88740
1176290
69200
1175540
1176970
69380
1163840
1172700
71120
1149960
1150890
69980
1162230
75280
75380
1149530
1167650
75470
1139160
1127780
74460
1163730
1121160
75440
1127320
1107010
73110
1111650
1105020
74910
80950
1102600
76650
78290
1091750
76930
77840
80680
75870
78500
76940
75710
80170
75300
75690
78330
68370
71530
73730
75420
73370
75330
1054810
70650
72110
1054020
70420
97890
1089210
69560
93480
89990
69010
76070
1050900
68760
77260
71380
241370
73000
1053310
71960
73850
1033460
70120
74310
1032530
69750
73030
70410
68810
77940
1030030
69930
76650
1023630
70400
73690
1021520
71300
72940
1139430
73540
73620
1029260
71890
70950
1033530
69430
86410
72550
71380
74160
1020780
69750
74050
1014150
67260
72980
1007370
70140
71690
1042520
71620
71340
70690
70970
70370
1008760
67720
73780
1020790
70290
72020
66970
69490
74700
1012900
116810
96210
1010660
72200
89130
1005520
72400
69640
1022990
70650
75940
1018010
69490
73300
69100
323750
76830
996690
66920
76400
71930
74940
69050
69060
441320
72390
66270
477820
67430
990120
517760
69130
983560
557240
80330
984420
68520
76330
66650
645350
77720
66800
702890
71100
937460
722150
73060
68330
777140
71550
962670
828920
72400
68640
67440
72520
977020
887850
72970
953490
933810
71690
949750
905350
10124100
66740
90000
68010
895090
892500
10266380
894320
893160
63700
66560
890900
63390
66270
883170
64880
66160
885380
64160
66150
898260
65890
65930
885640
65350
66580
880710
61730
63780
66450
63600
66590
880030
61840
67070
873550
65640
64200
891150
66430
68330
877380
65320
63260
889090
67450
68040
65120
61640
65400
64600
65030
68890
877850
63680
68170
877830
63920
73380
873100
65490
69380
877710
64660
64590
878270
65270
67950
872080
62240
71200
66030
66080
68160
871220
62710
96830
876020
64230
87770
855030
64480
67440
869070
64960
62420
863250
67320
64850
864180
62250
65200
898860
63050
66520
874210
61790
66910
870580
70140
71760
887540
71350
69140
905360
70590
72870
907790
67300
65860
65250
63480
70160
907090
63000
67930
62490
60820
67250
63870
60600
67990
65040
66740
68030
891460
64170
66210
902150
63910
64070
64540
63600
71620
911780
62360
69090
923120
63420
68340
913950
62190
68130
63440
66230
66120
906730
63960
88110
906180
63360
64860
916510
63370
66820
928910
63400
75080
923460
63340
69150
909190
61390
65930
906720
64480
67810
900190
65080
65610
897500
65690
65380
897060
63070
65410
64150
64310
75710
892680
68300
70760
884130
68070
72010
886290
70420
73630
67820
72880
69810
882140
72920
69660
882640
67480
70320
910290
68980
74640
69620
69120
73690
877890
68850
74510
68160
71190
75470
889390
70190
72650
71420
71420
75510
878570
67530
93280
901960
68490
93500
877730
69110
74330
862070
71660
73000
857130
69780
74170
860960
71640
72840
869090
73550
71750
878320
68890
73320
885650
69980
74100
853760
70270
72370
846480
68590
73400
844730
68940
71700
850980
147190
73820
849600
69480
70720
70390
13776570
69390
881310
69100
74490
68880
69260
74060
69370
68290
72510
69010
71420
74460
830700
68290
69880
824580
71790
71310
939680
68880
73160
825430
69480
76960
815750
68540
75070
827030
68880
104770
926210
75430
73080
808620
70050
72760
71380
66460
70260
799690
68420
75700
70510
129250
77800
68760
166320
76330
811180
69420
73870
927710
73190
72570
216530
306780
72420
69880
327320
72890
72430
368030
78960
782370
70150
79340
72320
450750
78220
779460
544750
76460
786420
532900
73190
748580
566430
71400
867400
645550
72700
750550
648580
73760
784140
691730
75860
748020
729620
75000
740280
705200
10126340
705270
704320
77710
708930
699520
69210
704870
704760
67880
714990
700280
67100
706300
712940
69420
697140
693450
71140
705830
688700
72720
692380
692040
68550
699740
688940
67220
734940
720010
67220
742020
720550
10616530
15087110
15605310
10675240
692630
691370
69390
694240
692620
72000
701970
686150
72840
702590
692170
67910
700590
691360
68050
807870
693260
70530
701980
692560
69410
694860
680330
70420
695800
687330
77140
678770
675660
73240
685750
670860
69490
682400
703000
67410
697320
677620
66870
715210
674910
66980
687680
704380
75800
693700
680630
70460
681250
683320
240920
691860
679600
64680
691690
686410
67170
692350
685280
68670
695520
688150
69030
714400
694570
67990
753840
718580
68450
710360
701430
70110
71560
697970
68400
73960
404530
67050
74380
390080
69230
75140
429790
68240
73360
661080
69680
70850
511020
70680
69390
453230
68990
71550
653050
66050
72960
660580
66720
74530
492480
67190
76340
658850
69400
92530
642400
69560
92730
598620
70360
69290
653320
69270
88320
651630
66140
79330
738340
72990
76620
650850
71000
77840
645520
74280
80590
648230
75340
75820
683070
76230
75860
657720
76550
75600
675960
72970
77040
674310
70540
76620
649550
73980
77560
648370
73180
77330
628650
74390
77200
671730
78150
73530
644040
75590
76450
641170
72220
77830
635160
72950
80370
636320
72240
80280
624240
74530
76940
727360
84980
98150
656820
71180
88680
602410
76590
77230
641440
70980
76260
791220
73270
77590
627710
71550
78170
631570
73490
77600
614250
73800
79580
646660
75070
73540
617700
75820
76160
643220
72860
77140
714580
72810
79290
634120
73120
80950
637520
73580
77340
628450
73250
619940
632680
76480
72640
622260
77120
627120
625200
67370
76020
707320
78500
634530
625770
68970
73900
613750
67050
73590
643460
69130
73830
625160
68400
93670
637710
68500
69290
631350
66700
75810
634220
67890
73990
635560
65560
76760
698180
69510
74890
696220
75660
73580
707480
113300
73750
653070
211580
70850
835980
239270
75720
756360
304080
76190
780350
340190
81550
669860
409990
81160
665110
447840
77340
804520
498190
69930
767000
540440
74220
637760
593420
79410
638540
654670
68770
641090
708740
67470
812460
786350
68510
649530
828300
66310
648070
880620
10120960
756340
853520
10105500
861380
861920
61690
665800
873920
61910
68260
621370
61760
73030
973540
70280
57670
955420
70930
74410
973690
68960
71770
997210
162760
74270
986540
68120
74560
1018770
72460
72850
1001250
69010
75580
1016180
65360
68650
1011990
64760
71540
1023730
62890
63750
1026660
65090
68780
1027410
62980
69060
1073080
69030
71210
1047680
65510
71860
1093620
64650
65840
1060440
63480
70070
1070070
63390
65960
1085970
64600
80220
1078500
64530
72490
1088890
65270
68760
1068310
62570
71250
1083810
65250
67000
1108430
72230
99790
1110200
69870
81650
1258080
75200
76380
1103260
67470
75260
1118800
72480
74070
1130620
72000
75360
1170650
71270
78520
891030
70450
75640
1155720
70420
73120
1155980
70380
73430
1163420
69190
77310
1160590
71250
80520
1155540
68170
79440
1170150
74860
73940
1170290
71220
74460
1174010
70090
79640
1183730
68600
74910
1187230
69670
77610
1184870
69660
75500
1194760
75360
76880
1259530
76230
72500
1216870
69810
82410
1213760
72170
73690
1254400
72150
98040
1204380
74720
92750
1212270
71520
73410
1210660
68760
75190
1269240
69900
72980
1255400
70170
77010
1267670
68390
75670
1270930
70940
77040
1268440
70280
74520
1271290
71920
76690
1278760
77970
82820
1314080
81120
79100
1274590
80390
79480
1272340
74570
74740
1270390
73840
78690
1269380
72040
76890
1270940
77040
75980
1264340
74530
78960
1306630
78660
78630
1278790
75470
78610
1305400
243380
76470
1307830
75600
77830
1298470
71490
81090
1281010
76320
99360
1288910
73500
99810
1286220
75320
77400
1286750
74190
82580
1302980
77640
78600
1284410
75470
80090
1283010
73190
84900
1275440
75910
79980
1277100
78690
78310
1314370
73610
77470
1288120
76850
79090
1286640
