103490 
52370 
44900 
49200 
47530 
45680 
44230 
49420 
45160 
49740 
48920 
48650 
46790 
47190 
45440 
47010 
72350 
45540 
47020 
44070 
46540 
42110 
50390 
46610 
44600 
44350 
44260 
40670 
48400 
44460 
44790 
43020 
48920 
46230 
44710 
46300 
47090 
47140 
48090 
45150 
44410 
50650 
43230 
48310 
46450 
43790 
46560 
42660 
49280 
45690 
47200 
43920 
59330 
46240 
47010 
48040 
47180 
42220 
45410 
47170 
47140 
44160 
67390 
598420 
46370 
50620 
47280 
44650 
50300 
59640 
45640 
45550 
44870 
41340 
45330 
45370 
45400 
46740 
42670 
43640 
44850 
48470 
46170 
44640 
46610 
45450 
45090 
43430 
46730 
41780 
44540 
42000 
41570 
44810 
46630 
45690 
46140 
42390 
43370 
43010 
45900 
40520 
44570 
46230 
42760 
40340 
43440 
42830 
43720 
41310 
42610 
45150 
45230 
41730 
45420 
41990 
43610 
44170 
41710 
42550 
42460 
45350 
45560 
43690 
45240 
43400 
44600 
45010 
43560 
43280 
43230 
42200 
44590 
45950 
43150 
43480 
43950 
44180 
46380 
40480 
44090 
44230 
44840 
44100 
42600 
51340 
43400 
44270 
43200 
41630 
45050 
42910 
48580 
44100 
43670 
44140 
42640 
41830 
44380 
42570 
46950 
42810 
47200 
46870 
44610 
42270 
42310 
40380 
43920 
45790 
42270 
93110 
91430 
79010 
45520 
43680 
44810 
40510 
45300 
44280 
46870 
45350 
41070 
45520 
45370 
42640 
44820 
42040 
46060 
45700 
44880 
41640 
42750 
40850 
43390 
44960 
42030 
42820 
45190 
44570 
45070 
42650 
43480 
42590 
43520 
42450 
43500 
44090 
44050 
41030 
46300 
45990 
45030 
44950 
43940 
44220 
46720 
43510 
46230 
42700 
44730 
45420 
45600 
44710 
41870 
42380 
45800 
43320 
43530 
42080 
42660 
42000 
43790 
43630 
43890 
43850 
44640 
45120 
45620 
43460 
42260 
44300 
42420 
42280 
43790 
46700 
49300 
44590 
43950 
47420 
46200 
46500 
44420 
45030 
44720 
42650 
46520 
41530 
44140 
44240 
44710 
41650 
45090 
49370 
46940 
41770 
41590 
43880 
45080 
42110 
42840 
43450 
44430 
47850 
43000 
45130 
43690 
44470 
43650 
41050 
43600 
40880 
43310 
43930 
45410 
44830 
47400 
44890 
47820 
43650 
43910 
43150 
45020 
46690 
46390 
42920 
44290 
40310 
44690 
44770 
42500 
44160 
44640 
46200 
43220 
43480 
45050 
42550 
45520 
41970 
42860 
43460 
41080 
43160 
45670 
43240 
44140 
42130 
48220 
43170 
44630 
44860 
46020 
43970 
45370 
43590 
43050 
42740 
42430 
42830 
45600 
43360 
44190 
42560 
45610 
42140 
43820 
44740 
43860 
47360 
46730 
50620 
45870 
41650 
44960 
42780 
46580 
42920 
45920 
43690 
44330 
45900 
43060 
45930 
44370 
43740 
45180 
41320 
44540 
43770 
45370 
42310 
45680 
45310 
47560 
42460 
49270 
45720 
45990 
66250 
47640 
46800 
43190 
41880 
44370 
42070 
47330 
44810 
44500 
45770 
44410 
45660 
45800 
42320 
45370 
44810 
47190 
41060 
44620 
45550 
44220 
42460 
45020 
43560 
42430 
43370 
45580 
47590 
46540 
42880 
44090 
43840 
44890 
44630 
44810 
43660 
42340 
45240 
45660 
43570 
43380 
41180 
43760 
44920 
45660 
46350 
45820 
44360 
44770 
42710 
42440 
41530 
39910 
46890 
44820 
42250 
44730 
46200 
45300 
45650 
43010 
45340 
42000 
46920 
43470 
44150 
48050 
42280 
44870 
41370 
44380 
43500 
42330 
42480 
44560 
46410 
44470 
42670 
43160 
44550 
41160 
41360 
45020 
59510 
49520 
46270 
43440 
43420 
47190 
46100 
43150 
45040 
59370 
35790 
40130 
50430 
38500 
47750 
22230 
577730 
21290 
47070 
35120 
47730 
21050 
44250 
34510 
42790 
48650 
41690 
44700 
34530 
39760 
40810 
42630 
44790 
43090 
41390 
68580 
45830 
22150 
44520 
21260 
46030 
20480 
46620 
46960 
36840 
42480 
24410 
44230 
41230 
46080 
38850 
23770 
36800 
49290 
44690 
21230 
39140 
39500 
48360 
44420 
43180 
46580 
46290 
44280 
48240 
42970 
44090 
45570 
42380 
45120 
44950 
44720 
46640 
43010 
45830 
43340 
46800 
45620 
42540 
44730 
43560 
44770 
47910 
43580 
43250 
45820 
46120 
45810 
48940 
43330 
43770 
43380 
43800 
42530 
43150 
44300 
43440 
44170 
45140 
41920 
43780 
44940 
43060 
46680 
44210 
44620 
45260 
43790 
45590 
40900 
43320 
43500 
44530 
49710 
43530 
43170 
44640 
42300 
43700 
42530 
41750 
42590 
41520 
43690 
42770 
45220 
46510 
41380 
43590 
43720 
41660 
44910 
44570 
48730 
45740 
43450 
43120 
43070 
43950 
46060 
41610 
44790 
45590 
42710 
46250 
44470 
43870 
44550 
41990 
42920 
44000 
43810 
46640 
45170 
44070 
44610 
42400 
44440 
44840 
44260 
44940 
43670 
44310 
45800 
42550 
45410 
42490 
43050 
43160 
43630 
47990 
45290 
44110 
46190 
42540 
45560 
46530 
42690 
43310 
41790 
45640 
48130 
42550 
49590 
45700 
42680 
44040 
41350 
50550 
45270 
41950 
44840 
42250 
44920 
43500 
41310 
46190 
43340 
44550 
47820 
45240 
50710 
44490 
42600 
46410 
58690 
42750 
45990 
43710 
45670 
43900 
45590 
42220 
49190 
45300 
42440 
45450 
47170 
43700 
41570 
46150 
42920 
43700 
43540 
43000 
42340 
46460 
45110 
45450 
42460 
47270 
44070 
42470 
45040 
588980 
52770 
45840 
45240 
46430 
47050 
42930 
45200 
43190 
46800 
44320 
43270 
44580 
43380 
43690 
43830 
40500 
47930 
45060 
44910 
44940 
44440 
47620 
43330 
46740 
45970 
44360 
46490 
40540 
46360 
48170 
43140 
43770 
44400 
42450 
47620 
44400 
44190 
43780 
43220 
45140 
42940 
46820 
45700 
42440 
45130 
43520 
43140 
45860 
42220 
44550 
42230 
43090 
42690 
42550 
45300 
45260 
48410 
48300 
50430 
42720 
45240 
42250 
43380 
43390 
43640 
43990 
45830 
47350 
45340 
41780 
42470 
45660 
47460 
47270 
45260 
44460 
45050 
49410 
45620 
45610 
45090 
45290 
43020 
41340 
46700 
42270 
45860 
41760 
43930 
43490 
43110 
47690 
44920 
42970 
45020 
41370 
43120 
46620 
43730 
44050 
43260 
46010 
46290 
41650 
44780 
40960 
43300 
44280 
41470 
45500 
43690 
43220 
44930 
43450 
44970 
41550 
44190 
44390 
43270 
43220 
46130 
44380 
44550 
40990 
46000 
44640 
43740 
42200 
45040 
43890 
46830 
43470 
44130 
43080 
42810 
45240 
46060 
42850 
47490 
45820 
44700 
48490 
45230 
43180 
42760 
40510 
44290 
42910 
45620 
42570 
42790 
47810 
41360 
42230 
43090 
44270 
44870 
44580 
46550 
44680 
41410 
44960 
44170 
42670 
46680 
41190 
47020 
45920 
42840 
44710 
44020 
43240 
44940 
42470 
45400 
43760 
44320 
45920 
43100 
44050 
46450 
44710 
44030 
42670 
43910 
44620 
44670 
43330 
45030 
42970 
44600 
41120 
43090 
43350 
44000 
44290 
48850 
42290 
43630 
43810 
43080 
44420 
41260 
43100 
43010 
44250 
44860 
42460 
45800 
43090 
43470 
44910 
42310 
42120 
44460 
44640 
46610 
46960 
45390 
44720 
42290 
43610 
42160 
43800 
45790 
41770 
45700 
43290 
44740 
46710 
45720 
46030 
42460 
41790 
38010 
46710 
45110 
43680 
41990 
43680 
44260 
46620 
46020 
42660 
45430 
43330 
42290 
46040 
46390 
44280 
46000 
46490 
44180 
47780 
42400 
43490 
45940 
42590 
45000 
45500 
47600 
42040 
43050 
43820 
48380 
43370 
48560 
44850 
48310 
45730 
44770 
45040 
42150 
42550 
45390 
43500 
46170 
42000 
57660 
47570 
41720 
47160 
45010 
44670 
45670 
43250 
46410 
43100 
43350 
43800 
41450 
42870 
44090 
42400 
46370 
44800 
45550 
42490 
43030 
44260 
43940 
44310 
45260 
42070 
44540 
44320 
44280 
47470 
42600 
45770 
46320 
44150 
47520 
43640 
43890 
45530 
47390 
43650 
46890 
44310 
47130 
42920 
43630 
43500 
42690 
44000 
44600 
44780 
46170 
46350 
44930 
47250 
45570 
35340 
40350 
41210 
44260 
41060 
43320 
44670 
39500 
24280 
36680 
25560 
42240 
23150 
38330 
50550 
42180 
47920 
47220 
43890 
45210 
41930 
45830 
45680 
44880 
43950 
43120 
44640 
47870 
46260 
47550 
44650 
45700 
42240 
45380 
49040 
44560 
44270 
45210 
45000 
48580 
43450 
42640 
43570 
41170 
46270 
49570 
43830 
46690 
42610 
45070 
50540 
44220 
42670 
45250 
42060 
47790 
46670 
45260 
43830 
45110 
42960 
47310 
43070 
43810 
45120 
45420 
44240 
48040 
45110 
40670 
43160 
44170 
44000 
43890 
46310 
45070 
46030 
42720 
43520 
46150 
42200 
46940 
42590 
44210 
48900 
43710 
46220 
44050 
41990 
44000 
42220 
47140 
42860 
43590 
47310 
46220 
45260 
47310 
41160 
46070 
42850 
43840 
44330 
45150 
43690 
45490 
43120 
45390 
41750 
43730 
44340 
42090 
44770 
44820 
44350 
44310 
44180 
48450 
43010 
42880 
43300 
44490 
43230 
43850 
45870 
48340 
42510 
44240 
43190 
45410 
43710 
57660 
46920 
48140 
48010 
44740 
42650 
43920 
44580 
44320 
44450 
47920 
42650 
45450 
46620 
41450 
44420 
42760 
42560 
46270 
43510 
47990 
43520 
43580 
44480 
41830 
43240 
44140 
42100 
48860 
43970 
45580 
45080 
42570 
44400 
44650 
43240 
44910 
46990 
46310 
45530 
43860 
46590 
42280 
44560 
45260 
45030 
45100 
43380 
47010 
45080 
64090 
46810 
44480 
41620 
60840 
598760 
48590 
43890 
42070 
44760 
57340 
44590 
45820 
45360 
45710 
44590 
44840 
48510 
43800 
45730 
44540 
40790 
46450 
43080 
44920 
44800 
44180 
43240 
43820 
40610 
46740 
43420 
45020 
44460 
45380 
48670 
45930 
44340 
47740 
43070 
45040 
43610 
41080 
48300 
44870 
45650 
44760 
43720 
45200 
43060 
43070 
43950 
43090 
47170 
47580 
44370 
47400 
44650 
43970 
42890 
41520 
46030 
45180 
44550 
44450 
43760 
46390 
42710 
43490 
46030 
44520 
48550 
46580 
45350 
45850 
42570 
43450 
42700 
40930 
41510 
44400 
42900 
48710 
44360 
43860 
45350 
44940 
44250 
44550 
45830 
46010 
43230 
45260 
45210 
46690 
45690 
42860 
47420 
46830 
41530 
45350 
44720 
43900 
48460 
43480 
43350 
43870 
43550 
47770 
43770 
45000 
46300 
41490 
45650 
43660 
41360 
45270 
42120 
44220 
44520 
47710 
47160 
44930 
45680 
44680 
41280 
45800 
43310 
48400 
48000 
43840 
45450 
45360 
45530 
44430 
42290 
44380 
43570 
44780 
44800 
46290 
45430 
45190 
43140 
44150 
46470 
44550 
49710 
45320 
45730 
43540 
43390 
44320 
45560 
43520 
44650 
44950 
44240 
45980 
43060 
48000 
45190 
43600 
44260 
41460 
43460 
45880 
43240 
48900 
43970 
45870 
46570 
48980 
47970 
44770 
43640 
64310 
45210 
46440 
43390 
43890 
45680 
42870 
45590 
46850 
43620 
47590 
43540 
46950 
45250 
44070 
44570 
44300 
43560 
45240 
46830 
630570 
50260 
47300 
46480 
42010 
44230 
44020 
42910 
47860 
44670 
50470 
48200 
44260 
44650 
43200 
40510 
45750 
42890 
45310 
44030 
47320 
65580 
588510 
43910 
47940 
44360 
50420 
52220 
42550 
44090 
42670 
43220 
44480 
44820 
44070 
43570 
44590 
48230 
44110 
45400 
44990 
43810 
45330 
42000 
41940 
43090 
42300 
46320 
46330 
42610 
47580 
46720 
45790 
44350 
44140 
46800 
45240 
45420 
49150 
43040 
48250 
41780 
47380 
48740 
45320 
44100 
45440 
47560 
46550 
44380 
43320 
44470 
41410 
44520 
43900 
45330 
45940 
45010 
45320 
43790 
41790 
43930 
43740 
600940 
44760 
45540 
47320 
46880 
47960 
42920 
42470 
42340 
44430 
43230 
44340 
45390 
49600 
47940 
42280 
46070 
47320 
44290 
46620 
43980 
47280 
45240 
42170 
47580 
45090 
41810 
43670 
41980 
48860 
42120 
47090 
44330 
44050 
43350 
44770 
41880 
47900 
45340 
44770 
46040 
43800 
47980 
46160 
41790 
43160 
40620 
45030 
43980 
43920 
45730 
42890 
45500 
43520 
44150 
49610 
45980 
48360 
45480 
45260 
43290 
42570 
43160 
45940 
41670 
44870 
44480 
44460 
43850 
45190 
43270 
45160 
44210 
44760 
43440 
46570 
45140 
46190 
45140 
46710 
44000 
46040 
43000 
43980 
44470 
42560 
60390 
46730 
42170 
46580 
45990 
43200 
42790 
43710 
44750 
44870 
44490 
47330 
44920 
44610 
44470 
41080 
44400 
41890 
46860 
49580 
43270 
46590 
42830 
45390 
44700 
42110 
43280 
42730 
43680 
47210 
45160 
44840 
45560 
42560 
44040 
44240 
43210 
47730 
44040 
44970 
44640 
44740 
46580 
43160 
44940 
43770 
43850 
47590 
42540 
44210 
44840 
44030 
41730 
42940 
40710 
45850 
43730 
46940 
47440 
43230 
43790 
45430 
43060 
45230 
43610 
43850 
44210 
43200 
45960 
46870 
45640 
45410 
42150 
43380 
44380 
46390 
44300 
43940 
45870 
44750 
42370 
43990 
44070 
42240 
44180 
42710 
45880 
44290 
42080 
48810 
42810 
43740 
41380 
45310 
47820 
46960 
44290 
44590 
44310 
47700 
41590 
44280 
43800 
43460 
45360 
44910 
42900 
48190 
45510 
45010 
46640 
44120 
43940 
43700 
42880 
46940 
44680 
46240 
43060 
42410 
46310 
42890 
601080 
45410 
42280 
46250 
41970 
46270 
42700 
43800 
43080 
45090 
41540 
46560 
43890 
44090 
44410 
43200 
45610 
45050 
52370 
51390 
44110 
44460 
45060 
43860 
45270 
41520 
41310 
45030 
43920 
47540 
43910 
43040 
45990 
42270 
42730 
42110 
42010 
45780 
41130 
45340 
44640 
44230 
44720 
45560 
41950 
44390 
43980 
47720 
44950 
44920 
44710 
44070 
44260 
46030 
42620 
45200 
40530 
44320 
44640 
42990 
44250 
46120 
45760 
46070 
43030 
42710 
47440 
45950 
45230 
45180 
41950 
44500 
42710 
44900 
42360 
41660 
42990 
44060 
46920 
49150 
42410 
44560 
43640 
42890 
43440 
42540 
45210 
51440 
44320 
50440 
44680 
44620 
42780 
41610 
45120 
42330 
43360 
48630 
45390 
50490 
47080 
42940 
44010 
41950 
45750 
44990 
45030 
47220 
42840 
45590 
44320 
47210 
45080 
45540 
42840 
46760 
42440 
46170 
43850 
44060 
43940 
42430 
42550 
45780 
47640 
46000 
45350 
43150 
44970 
42930 
43430 
42870 
45010 
45940 
46040 
43870 
46810 
45730 
44660 
41790 
42270 
45290 
591130 
46200 
46310 
46650 
42960 
44300 
44470 
45040 
41690 
44460 
44210 
43870 
44330 
42800 
43120 
43950 
42490 
44020 
43050 
44680 
53400 
51230 
43340 
46620 
42680 
44610 
44280 
41590 
43650 
42550 
44710 
45660 
45430 
45500 
42630 
43510 
42210 
42020 
50860 
47240 
46010 
45720 
45060 
45370 
42410 
44150 
45270 
574840 
51110 
46000 
70220 
596160 
43940 
46070 
44290 
44700 
44200 
44740 
45260 
47010 
47490 
45340 
50540 
44550 
46010 
43380 
47310 
44550 
44710 
45030 
44930 
53090 
45280 
43300 
44690 
50710 
46160 
45890 
46610 
46100 
46700 
43750 
43840 
50120 
43410 
45780 
44740 
45810 
48080 
971760 
51820 
42440 
48040 
44280 
44200 
46490 
44810 
44020 
47700 
42370 
42650 
42020 
41290 
44760 
575190 
45000 
46040 
42830 
47600 
45960 
42850 
43940 
43260 
42420 
42790 
44350 
52720 
44650 
45400 
43580 
42730 
44930 
42980 
45260 
45590 
43670 
45740 
47820 
44200 
45010 
41530 
79270 
47180 
43270 
55660 
47180 
44500 
43930 
43060 
43930 
44730 
43530 
48860 
50390 
44820 
44520 
42110 
42970 
42790 
43740 
48070 
43170 
43660 
44700 
44880 
47190 
41660 
48300 
46200 
40570 
46260 
44800 
44030 
48220 
44110 
42980 
42680 
41310 
44540 
