90910 
65940 
49560 
51220 
46660 
49980 
48600 
45500 
49020 
51080 
50890 
50270 
48390 
50160 
47390 
47780 
49340 
72700 
55240 
56780 
56700 
58750 
56500 
58080 
59270 
59370 
58900 
57690 
57210 
58690 
58800 
56300 
58440 
58530 
56460 
59750 
56660 
58020 
57720 
56240 
59470 
58610 
56470 
65110 
45670 
45710 
44170 
44970 
45870 
42700 
46480 
47110 
46960 
44630 
92180 
78270 
64180 
50210 
45170 
44130 
44610 
45670 
42480 
42590 
43570 
41410 
43500 
41930 
42440 
43850 
41950 
43050 
42550 
43560 
41800 
43810 
43620 
44740 
46300 
43210 
46010 
47570 
44560 
43850 
42490 
70340 
55900 
57370 
60470 
57510 
56420 
57700 
62480 
62220 
60720 
60540 
58340 
56630 
56450 
61040 
58200 
57910 
57560 
57060 
61360 
56770 
59040 
57500 
62180 
58550 
58340 
61900 
48610 
44560 
43800 
46980 
45720 
45790 
44010 
48310 
49540 
44110 
85210 
79110 
70170 
67080 
48750 
43610 
45660 
41690 
45190 
47350 
44410 
43630 
41700 
42860 
44790 
44080 
42890 
44040 
42480 
45000 
42340 
42950 
44840 
43270 
44810 
45940 
45150 
46460 
44270 
44180 
44580 
45540 
74860 
60370 
60000 
58490 
55410 
57270 
60310 
58350 
65730 
67390 
59590 
59370 
57540 
57660 
59680 
60830 
59710 
57940 
57670 
58420 
56840 
59330 
59900 
60320 
59810 
58760 
67610 
51300 
44900 
47070 
44730 
45160 
45490 
45640 
48900 
47290 
43480 
85960 
79810 
67370 
49300 
44840 
44340 
43830 
46070 
44250 
46410 
45060 
42930 
45420 
48060 
45480 
43530 
44750 
46190 
42940 
42750 
44320 
43750 
44650 
45730 
43760 
44780 
44760 
43650 
45830 
44800 
45540 
69330 
58290 
60870 
60720 
58530 
63530 
58030 
59630 
57870 
59870 
61830 
62170 
59750 
58080 
57780 
59150 
60640 
58190 
59440 
59130 
56500 
61940 
58770 
59200 
57970 
57100 
65720 
46480 
43190 
46240 
44700 
48000 
43150 
46080 
49900 
48010 
47020 
87490 
81710 
70770 
59540 
47690 
46340 
43010 
43670 
42600 
42530 
44350 
43630 
45460 
44560 
42680 
43830 
44580 
44530 
44420 
44870 
42810 
43150 
44030 
45670 
45600 
43070 
45530 
45480 
43530 
45300 
42370 
44240 
73740 
59950 
60150 
55790 
56000 
57260 
59720 
56280 
56030 
57380 
59670 
58320 
58450 
57950 
62020 
56740 
59400 
60500 
58090 
59580 
57300 
58920 
58170 
54910 
56910 
57350 
65740 
50890 
42470 
44280 
45860 
45400 
47480 
43260 
46950 
45790 
44590 
86020 
79030 
63110 
53120 
43480 
48500 
43550 
42530 
44740 
42210 
43830 
44930 
41620 
43300 
42830 
42690 
44810 
42860 
41580 
43930 
43910 
45070 
41450 
42510 
45790 
44570 
46590 
45390 
45930 
46120 
45280 
68310 
57450 
56830 
56030 
58750 
57590 
59600 
55780 
56190 
60540 
57190 
57480 
59670 
55520 
59430 
58890 
58830 
58750 
56990 
58100 
55460 
58030 
60830 
56580 
60570 
57560 
64180 
50140 
44950 
42980 
44260 
44680 
42940 
43270 
45800 
43720 
43220 
85090 
81190 
69160 
62440 
49540 
45330 
44990 
45530 
43680 
45160 
46810 
43700 
46900 
45060 
42620 
44240 
42700 
44760 
42820 
41190 
43260 
42470 
42980 
44350 
42400 
46060 
44040 
45390 
46770 
45690 
43590 
45120 
74350 
63580 
59110 
58330 
59580 
60690 
59210 
57950 
58170 
58640 
58540 
56960 
58870 
57160 
55980 
59070 
54640 
57250 
57740 
56750 
58470 
58140 
56370 
59960 
56030 
58400 
62910 
45760 
44270 
44160 
45260 
46430 
43890 
47570 
46170 
49130 
45860 
89290 
77540 
65730 
52250 
44020 
44130 
46090 
44230 
42070 
42240 
42600 
43950 
45430 
42620 
44690 
43980 
44240 
42790 
45760 
44300 
43640 
41730 
43500 
43480 
45800 
42760 
49320 
45460 
45010 
45730 
43760 
70230 
56370 
56130 
62700 
59460 
58880 
56320 
54970 
57590 
60250 
57320 
56720 
71470 
65630 
60650 
59060 
57740 
57610 
58180 
60870 
57280 
57810 
57170 
56640 
58910 
56880 
65020 
50060 
43590 
43320 
46240 
44660 
44770 
42720 
45570 
50680 
48440 
86220 
81730 
67890 
62770 
46050 
41430 
44360 
41680 
45800 
42210 
44160 
44870 
42380 
45490 
45150 
41750 
43820 
42260 
43050 
44130 
41580 
42680 
45750 
43250 
43730 
44540 
46310 
50200 
45220 
45040 
45310 
42190 
74350 
58370 
58490 
61600 
59120 
56950 
58120 
57560 
58890 
57220 
55750 
58250 
56540 
58740 
59110 
58760 
60850 
56960 
58830 
59410 
58500 
58050 
58060 
57570 
59910 
55340 
64000 
47820 
45000 
43250 
44660 
46650 
45110 
45600 
48050 
46450 
44640 
86920 
78290 
65360 
54130 
46280 
45700 
44060 
46360 
45190 
50250 
43930 
42660 
43410 
43370 
43550 
45250 
40990 
43880 
41690 
43660 
45030 
41670 
44800 
42150 
44110 
44560 
46590 
48070 
44860 
50840 
47770 
76090 
57290 
59740 
59240 
59320 
57040 
59560 
59910 
56150 
55980 
58300 
60510 
59520 
58520 
56910 
58220 
57550 
58390 
58090 
58320 
58970 
56820 
56340 
60940 
57740 
60200 
66770 
55600 
46190 
42870 
46280 
47880 
43150 
43870 
45110 
46370 
49750 
90690 
81990 
69430 
58930 
50670 
44410 
43560 
43850 
41500 
42640 
47220 
43040 
46560 
43940 
44130 
48510 
45410 
44380 
44360 
42840 
46970 
48500 
44560 
44340 
41640 
45270 
44000 
45920 
42940 
45520 
43810 
46040 
74110 
58080 
59310 
59080 
58290 
59770 
59040 
58720 
59360 
61620 
60330 
56840 
57330 
57650 
57300 
58850 
56930 
57430 
57800 
57530 
56890 
59160 
57520 
56810 
62850 
57600 
64800 
45480 
40910 
46610 
49640 
49690 
46130 
43270 
50700 
46050 
43620 
85970 
80360 
64020 
52690 
42680 
45270 
42200 
41810 
45090 
42940 
45620 
41400 
43030 
44430 
40970 
43790 
43660 
41550 
44740 
45610 
43140 
43880 
44590 
42710 
45360 
43540 
47890 
43390 
42390 
45280 
42820 
71370 
59770 
57950 
58400 
58180 
58310 
58140 
56450 
56890 
58600 
58660 
61810 
60770 
57590 
60380 
57280 
59430 
59180 
56940 
58140 
58230 
61600 
61210 
60080 
58840 
57770 
67000 
52980 
43270 
41180 
45330 
46020 
44240 
45430 
47240 
50860 
51790 
86760 
82540 
69910 
61450 
49490 
48860 
45510 
42530 
42830 
44780 
43970 
44480 
46170 
44120 
44800 
45580 
42590 
44010 
42300 
42330 
45010 
42150 
45380 
44330 
43860 
48670 
46800 
48420 
47020 
45390 
48180 
45420 
71850 
60240 
61780 
60010 
57910 
57410 
58790 
57230 
58250 
60960 
59570 
58410 
61230 
58240 
58570 
59230 
56450 
59550 
57860 
59190 
61110 
60280 
58650 
62530 
60360 
59370 
66180 
47640 
45010 
42630 
47160 
45160 
43930 
45540 
48680 
46160 
45770 
85430 
80590 
64240 
52480 
44690 
43700 
44600 
44090 
44290 
45100 
44590 
44440 
46590 
44070 
42700 
44000 
42880 
44040 
43150 
44340 
43450 
42880 
43840 
44220 
45850 
48140 
47460 
46530 
46150 
45630 
45770 
72900 
61780 
61240 
63860 
57220 
62810 
58320 
58910 
58150 
59410 
59400 
57690 
59080 
58690 
59180 
59170 
58490 
59410 
60580 
58860 
57110 
57710 
57640 
57370 
59180 
57560 
64700 
51600 
45460 
45340 
45780 
45810 
45220 
43110 
46480 
48620 
43940 
87660 
81660 
69960 
62220 
46970 
43960 
41690 
44980 
46360 
42060 
42680 
43680 
42730 
44880 
41920 
40900 
47350 
42440 
45470 
44150 
45250 
45460 
44220 
43030 
45900 
46330 
42510 
45080 
42950 
45220 
43440 
44510 
75340 
60860 
58430 
59750 
57200 
57650 
58510 
59370 
58730 
57800 
57860 
57290 
59550 
60540 
57070 
55580 
59760 
57870 
56920 
60450 
55170 
59960 
58540 
57040 
59280 
55470 
63150 
48300 
44320 
44930 
47110 
46140 
45230 
44100 
52110 
49580 
45730 
83700 
79910 
65600 
51840 
43430 
42150 
44130 
44070 
43670 
42390 
41450 
43980 
44710 
43200 
44180 
42310 
41990 
43140 
43910 
44280 
43070 
41680 
46230 
43690 
48020 
46770 
48500 
49850 
45060 
45000 
43470 
73000 
61120 
59220 
58970 
58970 
57760 
56100 
57830 
64770 
57640 
58340 
58650 
61450 
62000 
56340 
59840 
58340 
58900 
58390 
57660 
60770 
61870 
59650 
59000 
56990 
62300 
65720 
48770 
45470 
41410 
44070 
45980 
44760 
44820 
45790 
47680 
47370 
86370 
85550 
68680 
59140 
50150 
41230 
44780 
44040 
43490 
43270 
44670 
43550 
44320 
42580 
45400 
44060 
43460 
41940 
42510 
42320 
44330 
42650 
44830 
44040 
43470 
49220 
50010 
48850 
46260 
45850 
44300 
45050 
74410 
60020 
59640 
58200 
59980 
57130 
56340 
58040 
55940 
58810 
58310 
58280 
58720 
56730 
57110 
59170 
59260 
59100 
57570 
58950 
58720 
57710 
57190 
59570 
60390 
56150 
68330 
47830 
44650 
44710 
44170 
47280 
43530 
43040 
48990 
46090 
45740 
89760 
77420 
66420 
50690 
43990 
48200 
43550 
46510 
46310 
43580 
43330 
41790 
42000 
44770 
44550 
46460 
42610 
43820 
44470 
42170 
43720 
44220 
42330 
43420 
44630 
44390 
47890 
44890 
43280 
44930 
45140 
72780 
57820 
57460 
58200 
56740 
64660 
67600 
59930 
59290 
60150 
58240 
60300 
59110 
57640 
58540 
59830 
59190 
57840 
58530 
62060 
56560 
58080 
59370 
56580 
58900 
58480 
67370 
53020 
45850 
46540 
46300 
47200 
45740 
42810 
47500 
48930 
47840 
87150 
81060 
72660 
62090 
50480 
45420 
45080 
43170 
43860 
44010 
44280 
44280 
44750 
43830 
44110 
45300 
44370 
44370 
42070 
44690 
44370 
42950 
47310 
42770 
43080 
47890 
45330 
48800 
47150 
46130 
48200 
46720 
71860 
61510 
57590 
59200 
60480 
58660 
59200 
57460 
80300 
64150 
62420 
59490 
60010 
58030 
59470 
61600 
60380 
60050 
61440 
59760 
60000 
56310 
61020 
58770 
60580 
58930 
64380 
49790 
44730 
42460 
48210 
47510 
45030 
47900 
49520 
49620 
44850 
86490 
81450 
64240 
53900 
44660 
43660 
46700 
43760 
46090 
44500 
42390 
42620 
44490 
44600 
44140 
41760 
42940 
43400 
43680 
44240 
46440 
45940 
44500 
42990 
44710 
45580 
44020 
45030 
45970 
44630 
44890 
70190 
61270 
60480 
60480 
56620 
58680 
58210 
59580 
59230 
59820 
59470 
57670 
57310 
57910 
62870 
60560 
57420 
58240 
62780 
61880 
58830 
61680 
59950 
61060 
58250 
56790 
65740 
49490 
45890 
49560 
45940 
45020 
44670 
42530 
46650 
47780 
43220 
87920 
80460 
70610 
64930 
48590 
47770 
43770 
43920 
45710 
42940 
43840 
45250 
43520 
46450 
45180 
42570 
46600 
43060 
45270 
42540 
41400 
44220 
42290 
45010 
44540 
44930 
46490 
46530 
45490 
48910 
46260 
42520 
73270 
60230 
60070 
57690 
59750 
60570 
57580 
59100 
60680 
60290 
60800 
61150 
58720 
58590 
56730 
58370 
58590 
58530 
60820 
56570 
59140 
61440 
56690 
58920 
61340 
55840 
63670 
46260 
44390 
46160 
46600 
45610 
44800 
48660 
47950 
44880 
45100 
85880 
80550 
65100 
52010 
44280 
43070 
44650 
44660 
43240 
42730 
42870 
43870 
43830 
44960 
42830 
43780 
44250 
43840 
50240 
52190 
44530 
43960 
45340 
45720 
46110 
44000 
45170 
48850 
44640 
45890 
45630 
69820 
62110 
56190 
56940 
59970 
59080 
57300 
57940 
58820 
59930 
57540 
60560 
59800 
57080 
57690 
59270 
59430 
61300 
56260 
61990 
61100 
58860 
59990 
59240 
58420 
60960 
63170 
51910 
45220 
41700 
46560 
45640 
43110 
46460 
48520 
46570 
46010 
86910 
80010 
71710 
61370 
50020 
45090 
43830 
42870 
43870 
44450 
41410 
44160 
42930 
42210 
45870 
44000 
48690 
44700 
45180 
45190 
44430 
43800 
44040 
43050 
42930 
47490 
44510 
45950 
46730 
45760 
45450 
45090 
73870 
60010 
59490 
57910 
59810 
58090 
55560 
58420 
59120 
60480 
58810 
57740 
59450 
58000 
60170 
59730 
66810 
64690 
62260 
60710 
60370 
60770 
61190 
63800 
61140 
60270 
65440 
50430 
46670 
46740 
45690 
47730 
45680 
48200 
51570 
46290 
47430 
89770 
79380 
71520 
51070 
45040 
47090 
44280 
48110 
46480 
43540 
46760 
45270 
45660 
44580 
43320 
47640 
45700 
43970 
44840 
42650 
46530 
43800 
43370 
44030 
46060 
46480 
48720 
45070 
47010 
45440 
44940 
74500 
61240 
59130 
63050 
61230 
63100 
60730 
57940 
62700 
60530 
60560 
60650 
57050 
59490 
63700 
61560 
64250 
61750 
60120 
65850 
64460 
62630 
58800 
57920 
63690 
61470 
71660 
54810 
44320 
44880 
48290 
50050 
48270 
43700 
48470 
47880 
49490 
89200 
82980 
74520 
65440 
59110 
48070 
45560 
44850 
46230 
48190 
47620 
44280 
43840 
46570 
48540 
48870 
45870 
43890 
43780 
46760 
44190 
43730 
45750 
45940 
48230 
50000 
44840 
47750 
44710 
47490 
50860 
47310 
78160 
60100 
62390 
64350 
59290 
61430 
60690 
62660 
64940 
62990 
59540 
65040 
64180 
62150 
62920 
59830 
59400 
60070 
58490 
66690 
64730 
58030 
63050 
62280 
64740 
60200 
64520 
58570 
45270 
45460 
51920 
49600 
48930 
49360 
51860 
49510 
45510 
88720 
86150 
65350 
56440 
44400 
43420 
46290 
45590 
46350 
45740 
50970 
48510 
44040 
47070 
47510 
44520 
43770 
45640 
45570 
43980 
44750 
45320 
44860 
45870 
46710 
49650 
50480 
47980 
44860 
46170 
48110 
72380 
60540 
60560 
62590 
60850 
59680 
59280 
63680 
62330 
58220 
61580 
61540 
59580 
60320 
62270 
64560 
59250 
60570 
62040 
60460 
64120 
60360 
59540 
58970 
61320 
58600 
67670 
54200 
47220 
47110 
44610 
49660 
47560 
44780 
52890 
48030 
48290 
94550 
82050 
75280 
65710 
48670 
47090 
45030 
44300 
45720 
44380 
46040 
45520 
46400 
49960 
44110 
46770 
44380 
45220 
47750 
43830 
43030 
45920 
44990 
47330 
43650 
46460 
48080 
47480 
48310 
47580 
45420 
47200 
77720 
59780 
63540 
60570 
62040 
60730 
58790 
61220 
64410 
61020 
67410 
63580 
61350 
63310 
60240 
62430 
60830 
59800 
59590 
57800 
59720 
61020 
61000 
63690 
61370 
58650 
68740 
49760 
46680 
46040 
44430 
48580 
45150 
48150 
49180 
48970 
48950 
89870 
83100 
68090 
51480 
44950 
45930 
47740 
43460 
45160 
47930 
48820 
49190 
45560 
43650 
42520 
43730 
46260 
45500 
46420 
43480 
44030 
46370 
44650 
45340 
54570 
46200 
49980 
47950 
45380 
46190 
44650 
75240 
62030 
59300 
60380 
62350 
59450 
62880 
59190 
59240 
61030 
62830 
62070 
60300 
58130 
60080 
59760 
60080 
62760 
60800 
59280 
60800 
58950 
61420 
60560 
58930 
61370 
63890 
53890 
45310 
45770 
47790 
47000 
47900 
47800 
49600 
50980 
46850 
90470 
83680 
72810 
63250 
52140 
47890 
50420 
48470 
44770 
45430 
43760 
45470 
44930 
44680 
53500 
46160 
45510 
49540 
45890 
44700 
45090 
46780 
52890 
45990 
46340 
50800 
45580 
46590 
48530 
45090 
50060 
46600 
76210 
63610 
59760 
59170 
60460 
60570 
62170 
58910 
59940 
61290 
64210 
62970 
61430 
60950 
62590 
61710 
59230 
63480 
59380 
60360 
59470 
60160 
60900 
64760 
61150 
60430 
67380 
48210 
45700 
45240 
46090 
48240 
44870 
47800 
49920 
49840 
50850 
90060 
79800 
67880 
52840 
48430 
48010 
45670 
45990 
49520 
47770 
45270 
43660 
45300 
43970 
43100 
45230 
43550 
44370 
45050 
43240 
45120 
43240 
43220 
46160 
47820 
49650 
46320 
49520 
