76100 
70760 
57430 
65100 
53110 
50600 
47170 
46630 
56660 
62460 
45790 
57290 
49200 
44430 
52980 
47230 
44390 
45090 
50900 
23880 
48900 
49420 
22960 
48080 
47180 
24120 
44480 
52210 
23600 
45410 
50870 
22280 
45730 
46630 
44460 
49690 
53640 
45480 
46740 
49480 
44290 
45430 
49360 
44260 
44560 
69130 
48300 
43340 
45680 
44480 
46750 
50120 
43210 
58430 
60550 
58350 
66900 
45950 
55080 
55310 
56330 
49330 
47410 
48910 
47270 
47480 
49980 
46890 
44950 
48870 
46700 
48830 
53440 
45040 
61850 
57990 
49080 
50780 
51660 
49220 
56000 
53850 
45730 
47330 
50080 
44520 
46990 
48520 
47380 
44650 
46580 
45670 
50280 
54470 
48740 
50740 
48860 
47000 
47290 
46950 
46110 
44790 
49600 
44600 
44650 
54850 
49300 
46890 
61320 
56650 
47610 
51590 
46110 
47860 
52150 
45640 
48740 
49040 
44190 
48410 
52120 
47970 
47400 
51100 
43490 
45900 
48810 
48130 
62880 
64890 
49760 
65090 
52740 
47850 
49150 
67550 
40840 
24820 
53870 
49910 
53850 
58470 
48800 
20090 
48580 
47030 
23960 
58400 
49530 
18920 
51850 
48500 
55090 
55100 
47800 
20770 
45420 
42870 
82750 
49930 
52310 
58250 
52280 
46700 
22570 
56030 
55380 
56420 
57610 
55310 
18810 
50590 
43150 
51380 
54070 
43580 
18940 
56670 
46930 
20200 
51940 
46930 
23310 
47000 
41920 
46200 
48520 
47930 
23130 
51620 
49110 
18870 
46070 
47810 
59280 
54280 
43110 
19340 
46900 
41310 
80660 
55810 
54540 
50410 
50450 
44980 
20270 
51960 
54640 
19780 
52120 
50060 
18820 
54070 
65010 
25160 
88630 
53500 
20680 
47060 
41180 
22860 
52770 
49210 
20960 
50100 
49360 
43290 
48930 
43550 
52090 
53550 
46840 
19690 
52100 
47820 
19800 
52890 
45700 
18760 
54450 
42880 
20810 
46310 
42790 
52230 
48300 
46960 
19450 
47340 
47770 
67940 
58450 
53840 
19230 
52980 
47670 
19480 
46760 
43620 
54840 
49750 
50340 
20970 
49030 
51540 
61260 
48730 
51320 
20530 
50300 
46880 
19440 
62010 
41720 
52730 
53490 
45840 
18890 
53600 
46540 
19430 
48260 
39930 
24450 
68890 
50630 
49610 
49610 
47850 
44490 
47060 
46430 
51360 
58770 
47430 
18450 
23080 
46550 
22010 
23000 
55090 
19340 
25110 
51070 
18590 
21540 
53430 
19910 
23300 
55100 
47270 
20270 
51090 
48570 
21090 
53520 
43610 
20510 
52630 
45930 
21270 
65150 
24850 
20540 
52030 
22560 
19890 
52470 
22190 
18660 
70650 
20630 
20040 
72840 
38180 
19870 
53790 
19860 
18760 
55750 
20030 
20570 
51980 
22390 
20530 
50220 
21800 
20210 
52900 
20880 
19010 
52140 
21960 
17690 
52640 
19630 
19370 
51730 
21350 
19270 
54450 
20840 
19620 
53280 
21980 
20260 
49350 
22230 
19630 
58780 
23380 
25920 
59460 
20330 
20740 
56130 
21340 
20250 
52600 
19980 
19490 
52010 
20170 
19720 
49750 
44630 
24180 
51780 
43930 
19520 
51260 
42060 
20280 
56030 
39900 
19520 
52240 
40480 
19240 
54240 
40260 
21360 
76920 
60840 
20560 
72830 
48630 
21380 
51400 
41530 
19420 
52750 
42580 
18870 
51030 
41660 
18030 
51420 
43490 
22190 
52920 
58030 
24270 
55850 
42150 
20050 
51560 
44870 
19420 
50320 
44090 
21400 
54640 
46500 
19760 
52360 
42600 
20060 
55650 
43540 
19300 
53150 
41590 
20200 
56800 
41550 
20150 
53100 
43770 
19590 
54410 
42810 
18810 
54000 
43070 
18340 
51160 
40660 
18360 
54890 
42040 
18560 
52240 
44730 
18840 
84880 
42240 
21730 
69390 
72870 
20520 
48580 
45010 
19970 
50800 
42530 
18960 
62230 
52160 
22040 
55640 
42190 
19580 
53560 
41100 
18750 
52430 
42380 
21720 
50470 
43100 
20270 
50280 
46700 
22530 
57080 
43230 
20250 
26230 
21880 
22500 
49890 
20830 
21380 
47310 
20740 
20200 
48980 
20520 
21230 
46420 
21290 
21870 
48580 
21560 
21210 
51830 
22680 
22620 
52400 
22430 
21300 
49680 
22510 
20970 
49720 
22000 
21570 
62480 
23140 
22140 
47160 
21510 
21840 
81690 
37860 
21430 
48370 
21860 
22650 
49770 
20860 
21270 
48160 
20000 
20500 
47950 
20340 
21590 
50250 
19740 
22030 
46110 
20900 
22270 
49100 
22090 
22990 
49770 
21620 
21630 
48090 
19430 
20810 
56260 
20870 
20320 
47620 
21130 
22360 
47030 
20340 
22300 
46180 
21660 
21880 
47270 
21630 
26480 
55910 
23230 
22460 
50570 
20610 
22520 
50180 
22130 
21510 
49580 
22700 
20650 
49840 
20730 
22220 
51950 
23030 
23140 
68840 
38570 
22680 
51750 
22190 
20870 
46550 
20940 
21450 
51220 
21260 
20450 
47820 
20940 
21560 
49980 
19810 
24690 
49570 
24430 
49830 
40840 
21950 
47940 
41460 
22400 
46080 
40550 
20900 
46960 
42350 
20600 
46420 
40960 
19880 
47670 
46610 
21730 
60650 
50760 
20760 
49670 
44550 
19650 
47030 
53640 
21290 
49500 
48110 
20100 
21430 
48180 
20280 
20730 
49970 
21180 
20890 
48170 
23180 
22750 
48530 
20960 
22170 
61810 
40340 
21290 
48640 
22260 
23170 
50210 
20420 
20910 
50470 
19550 
20940 
50880 
19940 
21190 
48010 
20760 
22590 
46880 
20480 
25380 
22930 
23340 
22430 
21560 
33530 
23780 
23800 
24580 
22270 
22530 
25290 
21540 
29930 
27540 
22340 
23530 
23970 
22380 
23200 
24640 
23460 
23930 
25420 
22110 
22030 
29700 
25040 
24170 
24640 
22100 
23050 
25300 
21290 
21800 
23360 
23390 
23800 
25780 
24530 
22940 
25210 
23030 
24340 
26190 
22230 
22690 
24610 
21700 
21640 
24510 
22090 
22220 
26180 
22060 
26490 
29480 
24310 
22450 
47500 
21160 
21360 
48390 
22410 
23640 
50110 
20200 
23490 
49690 
19930 
21100 
48330 
19930 
22200 
49490 
20700 
22630 
47690 
20220 
23420 
46450 
21570 
20910 
47570 
20850 
21870 
51480 
22360 
24290 
55460 
22800 
22990 
50450 
19540 
22020 
49210 
19100 
22410 
47150 
20840 
22200 
46490 
21240 
22200 
66450 
22780 
21290 
50050 
18980 
21230 
51630 
27200 
26660 
59020 
27120 
58230 
46530 
20680 
21480 
46560 
20400 
22150 
48240 
22080 
21360 
50120 
21010 
21160 
49320 
20240 
21160 
52410 
20640 
20670 
50460 
20640 
21340 
50500 
23440 
23650 
50630 
21860 
22520 
48770 
19360 
22510 
46140 
22060 
20970 
52160 
21570 
23060 
51440 
22140 
22140 
49710 
19630 
53100 
40570 
19010 
22830 
59680 
23980 
50560 
51170 
22180 
22300 
74830 
24610 
22430 
49210 
21620 
22240 
49850 
18760 
22980 
48470 
19530 
48560 
43560 
21730 
22280 
45930 
20700 
23180 
46170 
24010 
24010 
51390 
24680 
21820 
53030 
31000 
64490 
49680 
18490 
21500 
53530 
21370 
23430 
48300 
22470 
23920 
49540 
19540 
22090 
47900 
24000 
23060 
47100 
19950 
25210 
58160 
21860 
52380 
44350 
19810 
21370 
53140 
20560 
22700 
49690 
20330 
23070 
48550 
22470 
22740 
46680 
21350 
21120 
69530 
39650 
22090 
50500 
20260 
21840 
51680 
19420 
20860 
51210 
20890 
20240 
48030 
21050 
21040 
47510 
21980 
19130 
45670 
21180 
22010 
48550 
21950 
18740 
48640 
22200 
20510 
49820 
19900 
21310 
49280 
20550 
23400 
48830 
21170 
22040 
52280 
20500 
28770 
57410 
23260 
22410 
50840 
20290 
20120 
51420 
20680 
21660 
49760 
19960 
21210 
49600 
20340 
21600 
48590 
20450 
22720 
49410 
24700 
23590 
53510 
22890 
21080 
68800 
21770 
22530 
50270 
20810 
20740 
49410 
21780 
21850 
49200 
24360 
24020 
46680 
20390 
21780 
48670 
20930 
22070 
20920 
24180 
21620 
22090 
28810 
22260 
23080 
30700 
26740 
25610 
24340 
22240 
25750 
23940 
22400 
24510 
24360 
26280 
24070 
25460 
23990 
22060 
25360 
22380 
23390 
25700 
20910 
22360 
25300 
21930 
23260 
24500 
21190 
23840 
23420 
21320 
23440 
23800 
25040 
24150 
23840 
23030 
21620 
36350 
27470 
24320 
24150 
21460 
23880 
25280 
22900 
23820 
25750 
21720 
24070 
24020 
21400 
28930 
30840 
24570 
24790 
24630 
21790 
22790 
25870 
21680 
22990 
30080 
23200 
22650 
50460 
21020 
22110 
47470 
20050 
24070 
48960 
21880 
22310 
53000 
24030 
21810 
49280 
20710 
22340 
51740 
19450 
22690 
47160 
19570 
23290 
49610 
21830 
23190 
46510 
19550 
23710 
47120 
20170 
22700 
47950 
22020 
21970 
75760 
21340 
23430 
49300 
19340 
23340 
48970 
20220 
22640 
53940 
22020 
31340 
54960 
22170 
23800 
49190 
21350 
21940 
46570 
21420 
21840 
49770 
20990 
21880 
49120 
19770 
21690 
48190 
19690 
22050 
50240 
20600 
22690 
45120 
30720 
31240 
59130 
25300 
25360 
52470 
22840 
25460 
50390 
20720 
22220 
51720 
22690 
23050 
50310 
21950 
23210 
49500 
21720 
23290 
48400 
20120 
24040 
52900 
22700 
22720 
53890 
28660 
27220 
74670 
38600 
24290 
51780 
19270 
22320 
50540 
23370 
25830 
49330 
21440 
25500 
47130 
25610 
24790 
47570 
21720 
22330 
50640 
23070 
23450 
49570 
20280 
21800 
54600 
20490 
22030 
48650 
21020 
22670 
52060 
20650 
23580 
47730 
20560 
25270 
46210 
20280 
23600 
49080 
22060 
22220 
51350 
20130 
22190 
50870 
19670 
22370 
62890 
19730 
54510 
40860 
18910 
22400 
47500 
18820 
23240 
44460 
19830 
22990 
45360 
22080 
69450 
60040 
18330 
23190 
46710 
18330 
105960 
47450 
17370 
23020 
44270 
21520 
23350 
46560 
20920 
22390 
48040 
21600 
22990 
44120 
22940 
20120 
49000 
23550 
22800 
47020 
20870 
20020 
46870 
27650 
20500 
25060 
21890 
21710 
49560 
18650 
21150 
58570 
26160 
22690 
47160 
21310 
23040 
60790 
21250 
20510 
48030 
18650 
19190 
66950 
25710 
21530 
51410 
19050 
21470 
69060 
43600 
21560 
45770 
19260 
22030 
46130 
20870 
19870 
47130 
21530 
23060 
24670 
26640 
22800 
24200 
25090 
22980 
23400 
23660 
21360 
25860 
25010 
23270 
23550 
23680 
23190 
24020 
25290 
22600 
22760 
24590 
23240 
22470 
26180 
21560 
22260 
25580 
27760 
27560 
25390 
22030 
23270 
25440 
25090 
23250 
25700 
22960 
24010 
26230 
22710 
23720 
25040 
22830 
23280 
25710 
23050 
23850 
25850 
23680 
24020 
23600 
22070 
22810 
24850 
25010 
23540 
23030 
52570 
23880 
26360 
21230 
22040 
22960 
23200 
24510 
24990 
22590 
23480 
25340 
23030 
23280 
24630 
23080 
22530 
28500 
25540 
23630 
31510 
23550 
24470 
26700 
23080 
22260 
25920 
24350 
23670 
25190 
24040 
23640 
24100 
22050 
24110 
24430 
22150 
21940 
24420 
25760 
24570 
47190 
30410 
25910 
53460 
19320 
47950 
50800 
20130 
22670 
48540 
21800 
21350 
53150 
20380 
25110 
47320 
18380 
54150 
45680 
20060 
21210 
44200 
22190 
23010 
52170 
18490 
20530 
46480 
23170 
23370 
65790 
18820 
51290 
44010 
17850 
23780 
59990 
25050 
24290 
51090 
21360 
51280 
42410 
21830 
22390 
50800 
18680 
47090 
46690 
20640 
22300 
51970 
19000 
22240 
45280 
22660 
23790 
48710 
18960 
24170 
46160 
21500 
53050 
47880 
19820 
22650 
49810 
26160 
22140 
46390 
22950 
21850 
50730 
19210 
47120 
44360 
21990 
26260 
50820 
22800 
22240 
48480 
21590 
22740 
44290 
26330 
28150 
50910 
25920 
23270 
49250 
23240 
23580 
67140 
40050 
23230 
48380 
19570 
22860 
46140 
23350 
21950 
48180 
22480 
21810 
46090 
19310 
22480 
47530 
22100 
20780 
46240 
28280 
48190 
46830 
20560 
23000 
45840 
23500 
23650 
47570 
22730 
22320 
46180 
23810 
23100 
46790 
20930 
20240 
51710 
22980 
21180 
48050 
26130 
23870 
95670 
48500 
25240 
49450 
19970 
22080 
52090 
21860 
22450 
49460 
21790 
23710 
50240 
20110 
24450 
47570 
20690 
54300 
41480 
20310 
18750 
45910 
22060 
19770 
70740 
20690 
19950 
42240 
20850 
19710 
46320 
19530 
20750 
49070 
22750 
20880 
46710 
20830 
20210 
63340 
28680 
23040 
57960 
23990 
20000 
48390 
20040 
20560 
48700 
22870 
20880 
46430 
21520 
47610 
43090 
20000 
54990 
54460 
25540 
20550 
63350 
23120 
19430 
47840 
22600 
20430 
48870 
23610 
20580 
46830 
22380 
20930 
47350 
22380 
20320 
50690 
22810 
20530 
50270 
21040 
20180 
50240 
21320 
18550 
78180 
39220 
20680 
49890 
21400 
19820 
43950 
19550 
49030 
41980 
19240 
47140 
42190 
24690 
20900 
48150 
23010 
20230 
23170 
25270 
20700 
23370 
24400 
26960 
29110 
27070 
21880 
22370 
24810 
21930 
23260 
25230 
19780 
22860 
28040 
19810 
21530 
23380 
20190 
31200 
32240 
20850 
23100 
24450 
20890 
24130 
22390 
20440 
25580 
26730 
21980 
22410 
23700 
19850 
23590 
26040 
20570 
21850 
23780 
20900 
23610 
47560 
20560 
23370 
26130 
20560 
24460 
25050 
21170 
21980 
23770 
20830 
23020 
45270 
28500 
26870 
26800 
21410 
23600 
23650 
21050 
23170 
26030 
20270 
23170 
25830 
20630 
24980 
24140 
20300 
21550 
25230 
21040 
23170 
30120 
21790 
23440 
25630 
20430 
22550 
24470 
20140 
23120 
23910 
19990 
23310 
23670 
19350 
22930 
23500 
21480 
22580 
50050 
22370 
22390 
48040 
20230 
21980 
52360 
21880 
22230 
68230 
21610 
21680 
48140 
21420 
21650 
45670 
21510 
22290 
60390 
24480 
22400 
49880 
22330 
22710 
47500 
20300 
23130 
49680 
20190 
20810 
46670 
20650 
21790 
47740 
20380 
22390 
47700 
22080 
23490 
48880 
22860 
23130 
47560 
22380 
22200 
46400 
20250 
21340 
52060 
20540 
22020 
47560 
19420 
22960 
50820 
22280 
21740 
46900 
21680 
22590 
45910 
21740 
21670 
52260 
25470 
24790 
46510 
23210 
31790 
86260 
51010 
28530 
55460 
22580 
21990 
48360 
19830 
20290 
44280 
21230 
21690 
44860 
25650 
22540 
60650 
26450 
24370 
49610 
20650 
22970 
52680 
21880 
21250 
45230 
20910 
22070 
46260 
20000 
22320 
45480 
21720 
22710 
46480 
21480 
21520 
51770 
22490 
21940 
47480 
21190 
24110 
50190 
20240 
20520 
45880 
22780 
25880 
50260 
29180 
27530 
51020 
23290 
23030 
48290 
21880 
22170 
51570 
23260 
22030 
47070 
21270 
20830 
50030 
21300 
21420 
48790 
21700 
21360 
75020 
20860 
20480 
64290 
38550 
21550 
45350 
20400 
18120 
47660 
22760 
18970 
53640 
21140 
19480 
50940 
24780 
18860 
47610 
21760 
19290 
49250 
22680 
19770 
47460 
26210 
21620 
48860 
24140 
19030 
48310 
23110 
19110 
47270 
19530 
18130 
50060 
28520 
24010 
51210 
23360 
21410 
50120 
19950 
19480 
50070 
21970 
20230 
47140 
21620 
19200 
48150 
22550 
19140 
46770 
20120 
19520 
50600 
22330 
19040 
47610 
22910 
20260 
49250 
19980 
20940 
49920 
22410 
19900 
48760 
26840 
22030 
49080 
22300 
19230 
75740 
39100 
19030 
49170 
22960 
19650 
47630 
22070 
19640 
48800 
21130 
19880 
60880 
24390 
20730 
50110 
21670 
19730 
51490 
21610 
19180 
22890 
24530 
19660 
23250 
24180 
20030 
22220 
23720 
20420 
24970 
24420 
20140 
22120 
24280 
20760 
23420 
24980 
19270 
22870 
51530 
21730 
23030 
51060 
20650 
22850 
25070 
20540 
23200 
25650 
20970 
25010 
27990 
20710 
24130 
26080 
22060 
24060 
25710 
19990 
23880 
25880 
28080 
27670 
53040 
23720 
21240 
48530 
23180 
20170 
68200 
64080 
