69990 
63130 
56410 
51870 
49030 
52530 
50260 
49490 
48170 
50400 
49730 
43180 
44970 
52090 
49150 
49720 
45020 
41750 
44440 
48520 
48910 
45820 
43970 
48450 
49500 
48840 
45430 
42070 
44810 
42830 
46520 
45340 
42910 
45110 
44510 
45220 
55170 
47360 
45400 
45880 
45470 
43380 
45050 
44780 
44820 
44670 
52620 
48240 
43850 
43800 
44370 
45840 
46840 
45150 
44710 
44570 
46390 
46900 
44340 
42880 
44170 
45470 
46560 
44660 
43430 
44190 
46020 
46160 
50180 
43480 
44090 
44540 
47420 
45990 
42610 
42500 
44580 
56000 
48560 
44090 
44310 
42040 
44380 
44940 
43640 
42210 
43920 
46370 
50290 
43150 
44540 
44620 
49000 
47010 
44410 
47530 
44990 
44310 
47970 
44130 
42360 
43860 
45560 
46430 
45510 
43100 
45910 
43240 
45220 
44200 
42090 
41900 
47110 
47870 
43800 
42880 
47510 
44010 
46200 
45000 
42530 
42300 
43150 
44270 
46180 
43430 
42250 
42600 
43390 
50400 
44320 
47940 
44770 
41300 
44950 
46130 
46540 
47280 
55350 
48410 
44880 
45850 
44460 
43980 
44590 
46040 
44110 
45630 
44190 
45770 
47270 
45680 
46130 
45510 
47690 
48050 
45480 
43470 
48890 
45500 
44630 
46180 
42610 
44950 
48760 
45860 
44420 
42980 
42770 
50920 
44240 
45250 
44090 
43890 
43550 
43910 
47860 
44060 
42470 
44240 
43680 
45950 
43720 
42040 
43590 
42240 
47540 
45270 
42230 
41360 
42660 
45790 
44000 
44550 
42750 
48770 
45780 
44740 
42440 
42730 
42510 
44170 
46230 
43280 
45380 
54260 
54160 
50090 
44440 
43300 
43500 
40890 
45060 
44340 
42360 
43430 
43650 
45370 
47970 
43940 
49870 
45870 
45760 
43940 
43420 
42040 
43190 
45500 
46920 
44320 
42850 
43400 
45330 
45310 
44280 
42000 
43240 
43690 
51380 
46880 
44900 
42020 
44800 
45200 
47500 
43060 
42020 
42650 
44160 
43850 
43150 
41260 
45080 
44700 
47200 
44220 
40640 
43030 
45050 
45200 
44060 
42830 
43730 
42130 
47390 
46430 
43450 
42310 
43490 
45130 
45000 
41930 
43850 
42520 
46470 
44850 
43210 
42540 
42630 
44250 
46070 
44570 
42040 
43180 
44590 
46920 
45400 
43440 
44600 
42990 
48650 
47480 
45720 
42880 
43070 
49600 
46320 
44000 
43890 
44440 
46480 
45460 
44660 
42160 
43180 
49800 
48680 
45680 
44320 
42860 
44470 
47270 
44990 
42680 
44500 
42660 
45110 
46090 
48110 
45670 
45620 
44490 
46730 
43630 
41790 
44720 
44350 
44610 
43680 
42560 
43870 
43690 
47380 
44690 
42190 
45650 
44420 
46820 
45490 
47780 
47040 
43250 
43790 
45090 
43450 
42860 
43930 
45250 
44860 
42920 
43620 
44610 
44590 
46420 
43030 
44460 
43470 
44600 
47420 
43880 
42230 
45200 
44820 
45910 
44420 
42930 
44060 
42710 
44430 
43710 
44720 
41620 
42190 
44360 
45230 
44420 
42910 
43250 
44680 
45380 
43400 
43310 
47060 
46510 
48370 
44740 
43350 
46140 
44500 
65140 
52890 
44750 
44760 
43050 
48270 
47290 
49100 
44850 
44640 
46270 
46020 
44480 
42890 
49890 
45800 
46140 
43670 
43620 
43680 
44310 
47010 
44860 
44960 
46140 
44680 
46430 
43420 
41710 
44920 
42880 
46690 
45960 
44140 
42670 
44260 
49150 
47520 
46850 
44660 
43750 
45530 
44930 
42620 
41900 
44420 
44360 
46600 
48040 
45730 
47760 
49890 
47200 
45390 
43000 
43790 
44220 
43990 
44460 
43710 
43110 
48080 
46650 
47640 
45840 
42370 
44310 
44370 
46040 
45570 
42130 
45130 
51420 
51450 
50460 
44780 
43870 
42780 
46040 
44760 
42130 
44440 
43490 
44630 
45930 
44360 
42070 
44350 
45030 
45640 
44230 
41730 
45450 
44640 
45220 
43020 
42410 
44110 
43880 
47930 
48610 
44630 
45000 
44460 
46560 
44970 
44140 
45420 
86750 
64450 
81740 
71170 
59650 
46710 
47750 
45000 
42840 
44460 
43770 
45510 
44570 
42910 
43370 
41520 
44700 
46170 
42580 
43020 
42450 
42890 
46530 
45190 
53730 
46960 
42950 
45190 
44950 
43600 
43530 
43620 
44100 
44880 
43080 
42090 
43700 
44040 
45220 
66430 
51310 
46090 
48510 
47160 
50740 
43760 
44540 
44560 
46340 
45660 
42480 
43540 
42780 
46650 
49820 
46690 
42830 
44010 
45450 
43700 
43210 
42160 
45340 
44130 
45140 
42000 
41880 
43530 
45120 
47480 
45780 
47940 
45610 
43530 
51460 
44890 
42620 
45990 
42810 
44310 
43530 
42880 
43130 
42900 
46260 
44120 
43810 
44170 
44100 
45550 
44860 
43040 
43360 
43170 
45050 
46380 
43710 
44130 
44400 
50780 
47740 
45610 
43530 
43390 
46910 
49960 
49990 
45780 
42390 
42980 
45300 
43880 
42480 
42730 
43260 
46220 
44420 
42180 
42550 
42500 
44940 
46650 
44620 
41780 
47610 
47570 
47240 
45210 
42860 
43710 
44310 
43810 
49730 
42240 
41530 
43450 
44340 
44200 
42040 
41220 
44710 
44890 
46410 
43670 
43400 
49570 
46060 
46680 
43630 
42260 
46020 
43830 
45450 
44830 
41750 
44880 
52170 
49630 
47240 
42950 
43620 
43670 
46130 
44250 
42740 
42710 
44080 
45900 
46430 
43050 
42010 
42290 
43550 
47750 
46880 
46120 
43450 
51790 
49660 
44980 
42750 
44090 
43000 
44820 
46040 
43610 
47840 
44030 
46250 
48950 
45090 
42560 
44190 
44630 
46350 
42740 
43230 
47460 
46120 
50450 
49090 
44630 
43930 
44510 
46400 
44720 
43610 
42690 
45130 
45200 
45300 
43970 
46290 
44070 
44970 
44940 
43420 
42240 
44230 
46730 
46790 
42270 
42590 
44790 
47020 
50380 
44870 
42260 
44870 
42210 
47120 
43710 
42380 
43520 
42430 
46190 
44160 
46360 
43480 
44070 
45130 
47500 
43190 
41740 
44220 
45100 
50070 
45060 
43210 
47490 
44720 
48560 
49000 
44720 
45090 
44740 
48290 
44910 
42310 
43580 
42950 
44380 
43870 
41870 
43040 
42710 
45030 
44690 
43750 
41750 
43640 
47570 
54870 
45910 
42980 
44520 
44810 
49330 
44480 
42410 
43680 
44440 
44970 
43830 
41250 
43490 
42780 
44950 
45420 
42510 
41720 
43750 
44490 
45220 
42690 
41450 
44310 
45500 
45790 
43280 
49010 
44650 
45100 
46310 
46470 
43480 
44630 
44930 
45870 
44900 
44410 
43300 
42280 
45660 
45200 
42060 
42370 
43950 
45430 
44730 
43420 
46960 
46300 
45150 
45440 
42110 
43980 
43950 
45830 
47690 
44410 
43130 
45930 
45760 
45150 
45240 
43470 
44000 
44390 
43840 
44980 
44100 
42290 
42460 
45580 
45830 
44310 
45780 
44390 
44610 
45520 
43910 
42690 
47450 
45750 
48540 
44680 
43920 
43940 
45770 
47510 
45130 
41620 
43760 
43560 
44240 
46830 
41930 
42700 
41870 
45800 
44250 
43720 
42230 
43420 
44860 
45740 
44210 
43420 
45050 
44170 
47160 
45020 
43630 
45390 
44990 
46140 
44210 
43390 
44750 
42510 
44500 
44980 
41910 
43350 
44170 
45660 
44110 
42940 
42530 
51120 
47960 
47300 
44170 
42990 
44470 
46680 
47050 
45350 
43880 
44300 
45140 
46650 
43440 
43490 
43170 
42800 
45140 
46240 
43080 
42530 
44330 
45120 
45340 
46190 
42730 
44210 
45450 
45720 
43240 
43360 
43310 
52520 
49740 
44640 
43210 
45160 
46050 
46210 
43210 
41760 
43650 
42170 
43330 
44670 
42570 
41490 
45500 
49090 
48100 
42550 
41720 
44380 
44730 
46080 
42380 
41990 
46070 
45440 
47080 
44780 
43320 
44370 
43320 
46170 
45420 
43950 
44510 
43000 
46810 
46710 
43820 
43290 
47540 
49600 
45900 
44100 
44780 
45520 
45860 
45390 
42690 
43270 
44160 
45050 
51370 
44240 
42990 
47660 
45670 
47250 
42910 
41980 
42770 
45580 
44440 
47910 
43520 
41300 
45040 
50100 
45440 
43270 
43460 
43470 
48970 
46370 
42180 
45090 
48290 
49990 
47620 
83240 
72530 
52490 
45970 
50810 
45020 
59740 
50430 
44950 
49580 
49630 
44240 
42380 
44130 
45640 
49460 
46310 
42060 
44380 
45850 
46700 
41460 
45510 
46390 
46200 
59690 
46370 
43330 
45210 
46110 
48640 
44670 
41770 
43000 
41980 
44820 
44040 
46350 
43900 
42690 
45740 
46290 
43190 
42020 
44870 
44590 
45390 
43370 
44260 
43620 
47980 
49070 
44270 
42300 
45350 
44550 
46800 
43860 
41390 
47970 
43860 
44260 
45770 
44000 
41850 
44350 
47200 
44550 
49240 
44660 
43900 
46220 
46610 
47270 
43800 
43150 
46390 
47540 
44980 
42320 
44470 
43980 
46240 
45110 
42140 
42800 
43270 
44500 
49550 
42910 
41870 
45230 
46530 
46640 
43320 
41850 
43700 
45060 
46400 
44210 
44060 
43600 
44040 
47650 
44990 
42170 
44630 
44580 
47170 
43480 
41550 
44200 
42220 
44660 
43820 
42820 
42990 
44820 
45490 
45500 
43300 
42150 
48370 
46240 
48470 
45580 
43400 
47920 
47910 
46510 
59660 
49870 
49030 
46610 
46620 
43630 
42580 
42830 
48980 
46340 
45390 
42640 
44990 
47520 
47550 
45660 
44240 
43120 
43910 
49470 
48050 
42660 
42370 
43220 
44720 
50090 
47300 
43410 
44020 
44120 
51250 
45290 
43780 
44070 
42890 
44110 
46170 
44540 
42830 
44010 
46140 
45950 
41730 
45230 
44410 
42750 
43650 
42240 
41480 
43810 
43260 
46910 
43910 
41090 
43740 
44730 
44550 
45500 
41370 
48800 
43740 
44370 
46020 
43040 
42160 
42750 
46000 
44550 
43200 
41970 
45130 
46500 
46800 
43330 
42850 
43560 
45100 
48570 
43990 
43230 
44890 
45010 
46440 
44840 
42930 
43440 
43890 
45000 
46440 
42540 
43390 
44330 
44990 
45460 
42310 
42600 
44010 
45640 
45610 
44210 
41850 
41510 
44710 
45730 
44360 
43230 
42420 
43390 
45000 
51650 
43820 
42780 
44300 
47130 
46730 
42260 
44430 
42760 
45220 
43890 
42990 
41620 
44890 
45110 
44810 
42720 
42560 
44890 
44120 
46730 
43590 
41720 
44150 
45150 
46960 
42400 
43750 
43740 
43580 
44200 
44570 
41550 
42120 
42160 
45700 
44380 
43580 
43330 
44010 
47150 
46530 
41990 
42560 
43910 
43200 
45990 
44640 
42920 
43880 
54040 
50870 
45640 
42170 
44530 
43630 
44120 
45860 
44680 
42270 
46150 
46600 
44070 
43100 
43290 
46920 
46510 
44950 
44370 
42270 
48360 
46710 
47380 
44550 
42120 
43250 
44840 
46600 
44240 
45970 
45040 
43550 
44770 
45120 
49220 
46480 
44510 
43860 
45750 
42080 
44510 
44300 
44620 
44880 
41580 
41950 
42410 
43280 
45970 
42900 
48610 
49440 
45240 
47400 
44170 
42370 
42370 
42030 
44700 
43780 
42540 
42470 
43830 
47310 
45470 
43250 
42530 
44500 
44470 
43490 
42190 
42160 
45240 
44770 
47100 
42760 
41720 
45520 
46000 
45860 
45920 
42080 
42960 
41970 
45090 
48210 
42260 
42380 
42560 
44830 
44190 
44540 
41430 
44570 
44730 
45760 
44180 
42470 
44100 
44300 
55340 
48080 
42160 
42480 
43950 
46980 
43820 
41800 
61850 
46950 
45790 
46400 
43580 
41400 
44680 
45320 
46340 
44450 
58650 
50840 
45560 
45220 
41600 
43340 
57100 
52470 
48780 
45000 
40620 
43460 
44800 
45740 
42720 
41850 
43820 
41600 
45320 
44040 
43870 
41980 
43860 
45620 
44480 
42430 
44070 
43030 
44250 
43770 
42470 
42520 
50470 
46710 
50500 
43340 
42380 
45060 
44380 
45440 
42750 
43070 
43900 
43040 
44420 
44650 
43500 
42220 
44930 
45790 
45150 
43570 
43710 
44490 
43340 
44530 
43670 
41970 
43940 
45080 
48370 
44620 
44220 
42340 
43570 
45820 
43430 
41220 
43730 
42770 
44170 
45690 
41840 
42330 
42420 
43670 
44880 
42790 
41230 
43290 
43410 
45500 
46440 
44590 
44440 
45370 
46950 
43820 
42070 
43440 
43520 
45640 
45220 
44990 
44580 
43840 
46570 
46520 
43480 
42940 
43240 
47520 
45450 
42400 
41710 
43230 
43590 
45200 
42510 
41720 
42950 
44490 
47780 
45920 
43950 
42430 
44340 
45410 
43830 
44410 
43520 
42170 
43750 
44500 
47300 
43760 
44100 
44710 
44650 
44280 
43480 
43010 
44710 
44830 
43010 
48990 
46500 
46850 
48370 
45490 
44790 
43850 
44270 
48080 
44120 
42300 
43510 
43970 
44750 
49110 
45610 
48420 
51670 
49000 
47280 
43620 
42890 
45330 
44540 
46650 
43630 
42710 
45460 
45620 
46810 
44560 
40510 
44260 
42520 
46550 
46000 
42260 
43900 
41420 
45550 
47650 
43500 
43940 
43620 
45200 
44570 
43350 
42410 
47170 
45830 
45390 
43030 
42350 
47520 
47640 
46300 
45480 
43640 
43180 
44680 
46210 
43640 
43630 
44500 
43590 
44070 
45530 
42720 
41450 
44460 
44220 
43840 
42140 
40340 
43580 
43990 
44960 
42760 
42440 
43580 
43370 
46490 
45030 
42080 
43020 
43920 
46060 
44850 
43990 
43270 
43100 
44780 
45830 
47010 
43020 
43170 
44040 
44660 
42670 
42890 
44660 
50790 
47050 
46010 
46680 
44930 
44560 
48010 
44530 
42590 
44940 
44210 
46740 
44280 
40380 
42770 
40550 
45200 
46320 
42660 
42800 
44470 
45090 
43720 
42980 
43490 
44740 
45110 
44810 
43800 
43200 
43070 
46050 
46840 
43950 
42750 
43250 
45160 
45150 
43990 
42240 
44040 
43380 
44980 
44960 
44250 
42740 
46320 
50740 
46740 
44130 
41130 
45350 
44080 
46620 
45390 
42740 
43550 
43500 
47660 
45280 
42720 
43070 
45180 
46450 
44820 
43070 
43650 
41310 
44920 
44970 
44720 
43150 
42400 
45290 
45020 
43190 
41320 
47010 
44510 
46120 
41570 
43390 
45030 
45000 
47650 
43800 
42150 
46420 
43930 
45780 
43280 
42220 
43310 
43200 
45530 
45510 
42500 
40910 
41500 
45780 
44070 
47970 
43240 
48480 
47230 
45260 
44690 
42190 
43220 
45310 
46400 
43920 
42190 
42830 
46430 
46520 
43210 
42240 
42210 
42000 
43890 
45880 
44270 
42810 
44560 
44840 
44460 
42850 
42730 
50090 
45790 
45920 
43200 
40920 
43500 
44670 
46470 
44320 
41860 
44250 
44190 
45710 
48740 
44020 
42910 
41750 
44490 
49180 
44150 
42110 
44770 
44340 
44840 
43390 
43780 
45480 
45850 
45670 
43590 
42270 
45420 
43680 
48770 
45690 
42400 
44640 
48010 
50170 
45110 
40960 
46920 
43110 
44200 
45600 
42320 
43110 
43760 
46680 
45110 
48230 
44890 
47020 
46850 
46010 
42780 
41750 
42770 
45120 
47320 
43110 
48420 
47480 
46880 
46580 
47800 
44180 
43890 
43800 
44510 
44690 
43390 
44330 
48550 
46460 
47620 
43580 
43990 
46640 
45030 
45860 
45060 
42490 
44640 
43880 
47270 
43390 
41840 
42540 
43620 
51350 
48330 
42530 
43820 
42950 
48860 
45440 
41370 
41970 
44210 
47790 
47000 
43900 
46100 
45860 
45550 
49250 
44890 
58700 
51800 
45160 
46280 
43910 
43370 
43770 
42850 
46140 
44310 
43340 
45940 
44290 
46070 
46610 
43760 
44610 
43800 
45170 
51570 
46190 
43840 
43240 
46630 
46260 
43290 
42780 
43200 
44000 
46350 
44690 
42110 
51140 
48250 
46030 
43050 
41570 
42320 
43080 
43910 
44570 
43920 
47080 
47530 
47820 
50570 
45140 
44110 
43610 
44880 
45890 
44790 
41560 
44270 
44620 
45940 
44350 
42120 
43820 
44210 
47460 
44160 
44070 
44820 
43470 
45650 
50210 
46590 
43790 
43150 
45410 
43940 
44240 
42640 
44170 
44700 
44590 
41940 
42220 
43690 
43570 
47410 
44030 
42600 
44570 
43870 
45040 
45180 
42570 
46220 
42010 
44000 
45350 
44230 
42390 
41680 
48330 
47410 
44290 
43230 
43970 
44550 
49730 
43220 
43860 
42570 
45020 
48990 
45410 
43890 
43190 
