54960
24880
23800
24110
23800
30700
23400
23800
24110
24381
23961
23370
24001
23660
22640
21680
59110
57110
62280
65790
59540
61980
60810
61030
69030
60250
61120
57910
63150
68650
59670
59580
59821
61681
58371
56360
60860
58801
61000
60340
60420
60950
61780
68590
62020
60680
60170
56950
70870
61030
59670
62030
59180
67930
60351
58810
60611
58731
58660
63450
59160
62850
61360
59870
60940
61690
61570
67980
58990
60660
61920
60880
69350
59000
60300
58830
61060
59261
61061
58371
65621
59990
60660
59060
58820
61790
69570
61340
61130
60230
59270
69640
61930
53580
59400
59130
60780
60900
61510
58181
58770
61311
60270
60310
59220
67610
62550
58700
61450
59900
66100
66100
62240
60940
60910
59470
60470
60680
61290
60110
62110
59491
61351
61411
69171
58290
61670
60730
61270
60000
57150
60180
62370
67580
61340
58780
61180
61070
70050
58830
59710
61110
60300
61361
58911
61341
60620
60131
73280
64730
62570
61270
71830
62100
67280
62720
59830
68250
61320
59270
61520
60540
59780
62890
62140
58601
60841
57201
59470
62591
61890
71130
60490
59730
61610
60500
69310
58690
59890
73660
66540
63110
61250
58000
63570
67910
61590
59951
59180
62911
68011
58240
61780
58220
62060
70580
61120
62790
61240
63280
61080
61870
60690
58800
69600
60250
62490
59460
57870
67750
60961
60361
61161
60331
70600
61140
59140
59100
59510
61750
60760
62800
60870
61570
60550
58720
60350
59700
67780
62090
64610
62960
60871
67861
60171
58981
62720
59500
69830
60830
59870
61850
58170
59180
52920
60250
61610
59650
60270
59980
59750
59140
68760
59370
63161
57911
61521
69111
59570
60790
58580
59760
73080
61150
63240
61200
60940
61560
58440
59950
60950
68660
60980
60300
62270
59920
71341
60081
60301
60461
61170
61270
61830
59890
61900
59430
59690
59040
62230
60060
68920
59970
59290
61780
60540
70990
62020
60090
63380
64281
69851
63071
61630
61870
62770
63730
62370
60980
61140
73760
63650
63390
61020
62740
73870
60560
63720
63340
61860
73540
60780
63651
64431
61351
63721
64870
60760
59280
65900
59640
63240
62000
59480
66820
60690
59500
60220
60820
59050
59900
61010
59570
60820
59140
61341
62441
61310
68030
58760
59520
58630
61320
69580
59430
59790
59550
61580
58810
58820
58700
59440
63150
58670
59750
59600
59741
68911
58460
61120
60910
62270
72270
53850
61340
62080
58900
60880
60010
59740
59980
65810
62340
61260
60570
62310
67540
59350
60761
60881
62591
68601
60900
62120
58160
61900
59990
60380
63510
59940
59030
60000
58960
60490
60520
71000
59620
61120
59760
61180
71450
59931
59711
62380
60581
61610
60380
59760
59630
59830
60530
60400
59880
62700
61040
61170
58580
58530
61720
69590
63620
61560
61301
64301
70301
64391
83231
61030
60280
58950
61920
61300
61000
60540
58450
62310
59190
60180
68650
61380
61950
59680
58690
70630
57921
59901
61101
60901
60530
58440
60370
60530
68940
61430
60730
60310
61040
70340
60910
57240
60020
61060
60900
65260
60490
58900
69130
60771
63811
61621
60921
70090
64930
66010
63280
64360
62580
63540
64340
60050
61460
59910
62150
61940
60600
69850
59390
63190
61370
62281
70031
59511
61961
63761
61200
62810
61490
61400
62700
70840
62730
60440
59200
66500
73550
61830
61000
59760
66860
63260
62390
61661
59420
64191
61751
64190
61410
60130
70690
60120
62820
61180
61520
70760
62230
64580
61330
59850
60700
61110
62300
63110
60980
61130
62061
62741
62191
68620
62240
63300
60170
61800
68120
59790
60490
62520
62870
60630
62410
60300
64640
72530
60160
60950
59570
63190
70231
61621
60771
59041
63931
63570
64360
63610
61620
62530
63580
61670
61240
58250
85090
65720
65500
66260
61740
69290
59750
61850
61211
60451
61101
79291
65760
61910
69530
60610
61350
62160
63130
71090
60990
62630
61640
62590
67430
59480
61380
60970
62990
61590
61080
59891
61351
91961
64511
61210
61300
62670
72520
60990
64200
60740
63230
70320
60460
61180
60350
62710
61640
63290
60920
59890
68791
61951
62931
61851
61380
69350
62360
62600
62860
59150
66950
62630
82750
61640
62670
59790
63050
62530
63430
68560
58900
61480
60391
63341
70171
59480
63721
61220
63010
67960
58740
60760
61860
65350
61510
59820
62160
82260
73090
60360
61610
61760
62380
70550
62821
59791
59501
61351
71190
62040
60840
60700
63810
62710
61880
62870
61370
61220
61310
63960
60570
64000
68600
62110
63990
63050
60421
68480
61361
65221
60160
62230
59630
61860
61950
60960
70390
60940
60090
63050
63200
70920
59470
60850
63610
61050
71730
58910
59580
63551
61591
64831
60810
59151
64180
63900
61040
60590
58190
65420
69140
62910
61290
59710
61950
61300
63420
61480
59900
59690
61790
63711
62831
61481
70351
61800
61470
64350
59990
61890
63130
63670
62970
59660
61710
61240
62030
65720
69010
59780
61460
60720
61620
68431
60131
59501
63661
64250
71660
62250
61430
64680
64110
60470
62060
60010
62400
71580
60430
60680
61230
62850
68720
64840
61460
59771
61801
61821
61851
63441
59060
67960
62730
61640
60750
59660
69690
61790
62200
63460
60770
69300
62780
61340
63430
59460
60450
62021
63681
64111
68751
59021
59840
61040
61580
69610
60890
60810
62260
66220
72290
61520
59310
61990
62600
63660
61080
59930
64860
70630
59871
61371
58801
61931
70071
62100
61010
61590
61160
68840
62950
62070
60840
61040
63620
64540
62060
59970
66760
63220
63030
62010
60391
68611
66781
62981
61980
58890
68140
63310
62770
61860
60520
60840
62360
60740
63030
60670
61280
60350
62000
65560
70410
61130
62110
64651
63001
70900
60000
65670
64210
62810
61900
61430
60120
62130
68930
60930
58890
60690
60620
90340
63370
62050
61410
59460
71240
61791
63411
61241
62330
63090
61980
61310
60720
59340
62120
61470
60750
62420
68100
84610
62890
59870
61300
68110
60480
60950
60481
64211
59111
60761
61861
61380
62080
59950
59750
60970
59850
69700
61690
61620
61610
65380
70130
58710
60850
62070
60070
62410
61690
60231
59531
69301
62771
61090
59560
60300
71710
65150
63150
60410
62150
60690
63700
61310
58370
61550
65590
65870
61520
59410
69650
62451
61491
62601
60921
69621
61410
61670
82910
66370
62170
59200
63330
62870
61080
60740
60430
61150
62360
71600
60020
59900
61860
62311
63881
61741
61081
63000
69190
62560
59780
59720
61160
69300
61650
62620
61350
59660
62460
61140
60630
61170
60180
62840
62020
63431
59591
69601
63440
59871
61750
60160
69220
63220
60070
63110
61820
60670
59440
61330
63520
61950
61580
60020
62500
64400
70480
61170
59641
60801
62351
70580
61020
59480
59790
63440
60140
60760
60540
62580
61760
60680
61760
58990
60370
70200
61030
62510
59070
59930
72241
61241
62621
60840
59280
63630
62460
63760
62400
60320
62870
62310
60720
60370
66580
61710
58300
62270
60470
68280
61210
60090
62191
59881
58931
60291
61280
61330
60560
60610
58950
62650
64230
70680
58320
60130
62460
63480
70830
58410
61060
63540
61940
60901
58720
61551
62931
70121
64540
63650
64120
61890
73820
63440
62820
62030
60490
75470
66200
63580
62370
61590
65500
63600
60970
60270
58490
62141
61231
61421
60940
67600
60530
60630
61640
60890
68220
61610
61890
62980
62900
60180
59760
65730
62110
62280
59270
60170
61701
60811
71721
58040
60750
61220
60060
71300
61500
61730
60660
59970
69990
60110
60590
59310
61410
62610
62440
61290
60880
61610
63350
61461
60681
59080
69781
64350
62600
63310
60960
70350
61400
62010
60180
59830
61080
63480
61010
61430
68830
61000
62520
61490
61391
67940
61831
63071
62150
62580
58440
60060
62330
60820
62800
60510
59390
62960
61180
69720
58560
58850
62660
62520
70700
61050
59781
60281
64051
72941
62080
60850
59570
60960
62700
61370
61410
61610
64270
62520
63790
59720
59470
69390
61110
62920
58830
62320
70471
60031
61981
64351
60691
72860
64040
61920
61920
61420
59560
63420
63470
59990
59520
58810
60710
62200
61880
69720
58780
60270
61520
60590
67041
63431
62540
61511
61800
61710
57050
58700
61570
61620
61030
58570
60580
62440
68960
60610
57990
58470
62970
71890
61340
59871
57870
61171
68351
61980
59860
65780
65160
63980
61720
60880
57870
67630
63540
63100
59330
59400
68910
60760
61960
60190
60320
67740
60611
63221
60140
58281
59020
59430
62160
61840
66930
70000
61130
60920
61590
68680
59450
62010
61930
62050
68370
59790
58210
61810
61451
62951
59500
61201
61870
68350
59890
58990
59280
61720
69140
60400
60980
58980
61970
69280
62220
62600
60490
63580
62940
62730
63431
59951
66911
62380
61680
62280
62030
68760
61630
63170
62550
59100
70070
62150
63840
63160
61120
59900
59070
61580
61780
60540
61781
58861
60031
63571
68250
59710
59870
61060
64270
70200
62160
59590
63520
63190
70340
59860
61740
64830
60960
62770
60260
59930
60951
59991
61741
62381
60040
59770
72980
64600
63150
59140
58380
63530
61990
62240
60970
61430
63460
61910
61020
60870
70140
63360
59801
61721
63131
67831
61840
59840
61510
61700
58960
60680
61350
60790
69970
58830
61520
61470
64070
69080
59100
61950
61430
61560
63771
61141
60141
60581
71071
60860
60850
61340
58690
61080
61240
60690
61110
67520
63450
62530
61080
58970
68780
61490
61900
61060
60600
58521
60481
62141
59990
60620
58890
59040
62010
60780
70670
59570
60250
62030
61780
70960
59030
59610
63460
61630
62310
60040
59990
59931
63111
62791
59300
60010
60760
72430
61690
62550
60670
61830
111130
124540
110080
80520
58860
61840
61800
61440
68030
60340
63061
63071
61091
66731
61411
60520
64230
62870
60000
62810
61050
63530
67800
59760
60310
60420
64330
69770
60500
61630
61230
62480
69250
60291
61310
59701
63491
73390
62060
61970
59920
69790
62750
60400
60310
61330
68920
63220
62060
64110
60120
77060
68440
61510
60360
63730
60161
62441
63090
60691
67630
61730
62710
61380
64830
68760
58510
60540
62020
62400
68960
60890
58710
61720
61270
61190
62400
63081
62031
71421
62271
59640
60610
58890
62950
61320
61590
58430
59290
60820
58830
60160
58380
68450
64550
59910
61160
59370
66410
63591
59361
59301
60001
59121
62000
63670
62280
68660
57860
60950
62420
63310
59500
58160
63110
60890
68560
64270
61530
63280
64200
71360
61321
61341
62591
65211
60850
62260
63090
60930
61840
63200
60150
59600
59790
69170
65420
64130
61660
62360
72930
64430
61170
62690
59491
59481
61211
60880
59760
59950
58830
61940
59250
60700
68050
57600
64160
60660
59600
68430
58970
59480
64330
63310
60160
59871
62371
62691
59271
59970
60630
61360
61260
66520
59950
59910
61270
64110
69000
60470
58380
61700
62470
68870
61380
59460
59130
62140
61601
61421
61231
60021
61510
61260
59830
61350
60290
69460
62420
61970
61340
58770
68340
62190
60700
59470
61370
59300
62520
61380
59880
67141
58571
59221
64901
61990
68960
59780
59500
62360
59290
68400
57650
60880
62490
58310
59310
60830
58160
62710
67210
63760
59080
59531
63381
69631
59890
59780
57970
61690
71450
61960
60400
57670
61410
63270
61010
60150
59550
67560
60920
58480
60350
59500
67810
63171
60411
61100
60571
67820
61170
61420
59150
58740
60470
61540
62550
60590
66660
61440
58140
62500
58670
67740
59030
61220
62420
60021
69331
60471
59930
62950
60170
59860
61180
64620
63650
71990
62000
62170
63030
62820
74510
62820
64270
61390
61380
75270
64640
62151
60511
61781
65141
61210
60090
59630
65740
65580
58500
61940
57700
69700
63020
61280
60750
59850
68050
63280
64590
61340
57960
59511
60291
62621
60231
68120
58730
62270
62100
60040
68550
59610
60580
61930
62600
60260
60680
61060
60870
59860
59850
60820
59270
60511
71091
60631
59821
59880
59340
70290
58400
59700
60190
61130
62380
59560
59250
61630
77040
66680
60720
59580
60460
68050
62390
60911
61320
59591
69951
61170
61880
60490
59430
58750
61980
62700
59230
62830
59220
61480
62670
60720
69770
59590
57920
62430
59710
70861
60591
61761
61651
63211
61070
61440
62550
61820
72000
62820
61760
64130
62140
71620
63980
62790
59890
59490
61370
59800
59950
59830
58541
61351
60531
60350
59780
68700
59530
62920
59430
62920
67890
58200
62730
60070
60300
59890
60060
64460
60460
61370
58940
58861
61191
60411
68481
57570
57410
62590
60320
70160
57800
59340
62020
60680
60130
61040
60720
62370
63800
63050
63300
61840
62260
73560
61221
62251
60851
62351
73361
62710
62550
61250
60030
64930
63420
61850
59730
72170
62830
63680
62880
63670
70230
61740
63710
63321
62660
69991
61441
64601
62400
62490
62680
64350
65660
63290
62640
61960
58630
62530
60980
68320
62140
58330
62360
61600
68250
64340
60371
64291
66141
62561
63470
62240
64050
69210
58060
59890
58430
61290
71180
59190
60430
58390
59270
