99550 
63220 
49650 
43140 
48040 
41910 
47550 
48250 
44200 
48760 
46140 
43290 
45370 
67050 
43820 
49620 
45770 
42560 
25150 
52580 
25630 
27940 
23740 
48520 
44990 
22290 
25420 
23810 
51460 
20390 
24260 
51290 
22160 
46090 
42890 
44740 
23160 
47190 
23600 
25230 
27040 
26760 
51140 
19490 
47520 
40070 
25960 
25020 
49340 
45490 
43010 
2512760 
27830 
24510 
47580 
23420 
50910 
24770 
23700 
47520 
47540 
25450 
40730 
26180 
25440 
41030 
23200 
24980 
48030 
21500 
24120 
45410 
27160 
31210 
23980 
22670 
25120 
24180 
26940 
46630 
24350 
23620 
48620 
26270 
26950 
50010 
22170 
25620 
47840 
23330 
27370 
46940 
22970 
25230 
23750 
22880 
47880 
25510 
25120 
48070 
25860 
25310 
46480 
35380 
37240 
52220 
23020 
29250 
23790 
29760 
25950 
20360 
25120 
43740 
25540 
27590 
42230 
25750 
53820 
40860 
45790 
49190 
22700 
24260 
53440 
21120 
24810 
52050 
17900 
24580 
46030 
23370 
23780 
44100 
23130 
54320 
37440 
22340 
51710 
20680 
24750 
51840 
17850 
25160 
52880 
23670 
27400 
40190 
25600 
22730 
41640 
28000 
50800 
35600 
23920 
48920 
22310 
22330 
49640 
20880 
23750 
53260 
18220 
22440 
44730 
22850 
50000 
40740 
22320 
49940 
38030 
22680 
56050 
19650 
22850 
49250 
19840 
27430 
51110 
19840 
21920 
44070 
25020 
47220 
39570 
22550 
49280 
40520 
23040 
68860 
21430 
23430 
26610 
21240 
23800 
26440 
20040 
29270 
43160 
21490 
26470 
40360 
28450 
28110 
41340 
25040 
46230 
22430 
26720 
25320 
21260 
25820 
49990 
23190 
25100 
47380 
24390 
26370 
43190 
26030 
28090 
42990 
53420 
28550 
24590 
24300 
28160 
21010 
28600 
54850 
22690 
27970 
43110 
23590 
26180 
48140 
24860 
29230 
46910 
25510 
27910 
20820 
27520 
26570 
22770 
27610 
47430 
20580 
28280 
42000 
25450 
26900 
44610 
25890 
27590 
45400 
54060 
27090 
20330 
25540 
54310 
19690 
24470 
49900 
19150 
26360 
42560 
24520 
26300 
43110 
24510 
27220 
40450 
24550 
26850 
23090 
24580 
50910 
22880 
24520 
49270 
21810 
23610 
40620 
23750 
25730 
44540 
23640 
24310 
40820 
23790 
53580 
19980 
24230 
48340 
19750 
25850 
49300 
18280 
24980 
40980 
23720 
26350 
39190 
24900 
28050 
42500 
25770 
49600 
19030 
23710 
48180 
23770 
23380 
52540 
20590 
27830 
44170 
24960 
25330 
42390 
22300 
51660 
40370 
22540 
49620 
19480 
25970 
50450 
19090 
26400 
46370 
20170 
27390 
41250 
23120 
24590 
43200 
26080 
49060 
40020 
23000 
49310 
22160 
23590 
51630 
20020 
20900 
49750 
19850 
23790 
42560 
24740 
57430 
42290 
21430 
53520 
38670 
23050 
61620 
22850 
25190 
51000 
19180 
24770 
46500 
19690 
22920 
43500 
46810 
42340 
43540 
21620 
55290 
40240 
43220 
43990 
42730 
23150 
50100 
24300 
46470 
49370 
37450 
50300 
41110 
24260 
51390 
19780 
22930 
52150 
38850 
40490 
42280 
22650 
25910 
43480 
23220 
22750 
54060 
21020 
49350 
19030 
23430 
49340 
21190 
22990 
50000 
20040 
22100 
73080 
27240 
24370 
52240 
18410 
47160 
51850 
19880 
48150 
19560 
22880 
52600 
18570 
21540 
49420 
19480 
22890 
74740 
20700 
23580 
50350 
21050 
53310 
46100 
18900 
48450 
20910 
25730 
47590 
20950 
22770 
49860 
22560 
22120 
50660 
21550 
22670 
53220 
18100 
45150 
48660 
20130 
53900 
20680 
22930 
51970 
20160 
24390 
55160 
17860 
23750 
78250 
18510 
50800 
46300 
17960 
43940 
49830 
22030 
49370 
18790 
23920 
49530 
21620 
22000 
48720 
18550 
21940 
69930 
19830 
47680 
50370 
17830 
51080 
48480 
18320 
49510 
18670 
24830 
54520 
17510 
21990 
51760 
18230 
49220 
70570 
20250 
44150 
49080 
20920 
44140 
47390 
72960 
51030 
22290 
23820 
49970 
20190 
22150 
55340 
19300 
45820 
74270 
19040 
45780 
52020 
18860 
46580 
48990 
17150 
53410 
17510 
21190 
50090 
19340 
45100 
47990 
18020 
44370 
50530 
20530 
44430 
49350 
18810 
44600 
52620 
17700 
49200 
19730 
42320 
49600 
42700 
40560 
48780 
38800 
46910 
73050 
39740 
39880 
46660 
39890 
47280 
54870 
36370 
24120 
45980 
43510 
49190 
39880 
41000 
48890 
44980 
49720 
71250 
42870 
42630 
51410 
42330 
44940 
50870 
36800 
48840 
43100 
44360 
46500 
39660 
42260 
50250 
38440 
42520 
46960 
45520 
33650 
56420 
38550 
23430 
51500 
21550 
50240 
18890 
21570 
50540 
19440 
23930 
46300 
19810 
22100 
49620 
20880 
22540 
46600 
19130 
23400 
51920 
17970 
51030 
20880 
21340 
50780 
21980 
20960 
49130 
21600 
23960 
74390 
18950 
23380 
48920 
19060 
53420 
45550 
18560 
50260 
25030 
25610 
47710 
19890 
21790 
49030 
21450 
22260 
72730 
19970 
22960 
52040 
19650 
43690 
48950 
18130 
51750 
21790 
20520 
49710 
20250 
24940 
56120 
21570 
23360 
72760 
19580 
49050 
47790 
20430 
44670 
46980 
21120 
48850 
20770 
24600 
51720 
21970 
24910 
46750 
20030 
22040 
70190 
23460 
49860 
52160 
18930 
49800 
55150 
18210 
47840 
20950 
22820 
47550 
21890 
23520 
44810 
23610 
45690 
71320 
24460 
44090 
48820 
23580 
46990 
45120 
21380 
44010 
23110 
23150 
44810 
22600 
21920 
46260 
26420 
44910 
65980 
22280 
44940 
51200 
17060 
43380 
49330 
17500 
50790 
19850 
20780 
53500 
19140 
44210 
50300 
20430 
46880 
70570 
20770 
47320 
47310 
19550 
43310 
49030 
19200 
49130 
18660 
22900 
47510 
25610 
46900 
45760 
23060 
47540 
69600 
25060 
45640 
46950 
22260 
52250 
49460 
18720 
46160 
22330 
44830 
47960 
23440 
43660 
49430 
23770 
49930 
44620 
21610 
45450 
55160 
20500 
50870 
52320 
40350 
46260 
52030 
39380 
45540 
19550 
43550 
50860 
20160 
46770 
45550 
19400 
67590 
50580 
19940 
47370 
49530 
41030 
48680 
46550 
39470 
45650 
22310 
47240 
47730 
21300 
52250 
49590 
22520 
66520 
47850 
39850 
51690 
50150 
42750 
42840 
45320 
39530 
46030 
24340 
48640 
47180 
21210 
49100 
48910 
19920 
47340 
67030 
46990 
49800 
47590 
39660 
47010 
48630 
45630 
50160 
18650 
47750 
50520 
18770 
50340 
48420 
18980 
46640 
68080 
45480 
42660 
50090 
40190 
50110 
52670 
39340 
49030 
19230 
24430 
25870 
18540 
25970 
23770 
24670 
26710 
24890 
23740 
23560 
23050 
24610 
23980 
26220 
22830 
23180 
21560 
26450 
24900 
21410 
23390 
49280 
26750 
48650 
68970 
45010 
47920 
48390 
43280 
27970 
24050 
24110 
53430 
21010 
23450 
53670 
20250 
26490 
53790 
19530 
23270 
73670 
20680 
23870 
49410 
19770 
51100 
49950 
20890 
49920 
18930 
24150 
51980 
22930 
25850 
52220 
19060 
23620 
56560 
19390 
45060 
49750 
19390 
46800 
51110 
17820 
51070 
20250 
23970 
53840 
17620 
23110 
53200 
39640 
47140 
74400 
40040 
46570 
49500 
42830 
46210 
48250 
19480 
49330 
40330 
24820 
48030 
39750 
24280 
52370 
22560 
22700 
68750 
37100 
47630 
49670 
37470 
45120 
64890 
40770 
54110 
19970 
47650 
55050 
19550 
25300 
47490 
46920 
45740 
69790 
23120 
43260 
41830 
2842660 
46830 
45910 
21200 
46360 
2184300 
19500 
45320 
23810 
22580 
48470 
22070 
44490 
68170 
23610 
47550 
44150 
19640 
51740 
45300 
21160 
42290 
2087130 
21750 
45220 
20500 
31340 
51870 
23860 
45840 
43560 
22470 
42630 
43750 
20930 
51490 
45940 
20410 
43620 
44080 
17110 
47830 
23580 
44840 
44370 
21750 
43790 
45040 
24700 
67580 
44080 
19480 
43780 
43770 
20410 
46640 
44760 
19330 
44230 
23140 
46450 
42560 
23200 
43630 
44740 
24630 
44450 
43410 
21210 
45640 
46970 
18510 
44510 
44360 
39530 
47130 
21190 
44380 
43690 
21750 
44600 
55760 
22580 
45490 
46080 
20700 
47670 
45250 
20280 
45540 
44600 
43050 
44440 
21600 
44040 
45950 
23600 
45190 
48120 
21440 
45210 
48140 
21820 
45170 
43880 
42530 
46810 
46150 
38540 
49080 
23770 
45310 
46770 
20830 
45350 
44740 
20530 
63400 
43540 
19770 
45410 
45830 
45500 
44250 
43170 
41040 
43140 
23100 
46640 
44880 
24000 
44750 
45050 
22440 
42820 
45510 
42550 
46680 
46210 
41210 
44680 
45900 
46510 
46650 
20310 
45810 
44380 
21480 
48810 
44540 
20620 
45460 
44670 
47960 
45890 
44210 
44080 
46850 
46150 
42910 
43190 
23630 
44660 
44050 
22600 
47380 
45700 
19250 
46300 
47860 
43160 
44900 
42960 
45550 
47150 
43390 
40640 
41530 
22400 
49020 
46120 
19130 
45850 
46550 
21860 
66360 
45440 
46740 
42660 
46750 
46620 
43790 
44620 
40950 
44270 
22310 
45220 
44920 
20290 
51010 
48690 
44140 
46190 
45990 
46720 
48180 
44090 
43580 
44730 
46060 
45750 
45390 
20130 
45400 
42290 
20880 
46640 
45540 
45740 
62230 
45240 
47160 
43790 
45990 
42630 
44910 
47900 
40330 
43050 
20590 
45650 
48240 
21610 
44420 
45460 
44220 
69090 
47740 
21280 
44850 
47280 
23380 
46400 
48130 
42290 
44490 
45380 
46140 
43970 
45810 
44080 
47530 
45570 
66510 
47080 
41390 
44750 
46460 
46420 
42980 
50890 
41170 
43760 
46670 
45130 
47820 
45260 
44010 
47680 
45590 
63860 
46310 
43120 
51550 
43550 
45240 
48160 
52630 
42580 
42690 
48240 
48010 
51820 
48310 
44700 
46790 
46290 
46830 
70050 
23100 
42380 
54260 
23640 
49930 
49930 
19720 
44280 
45690 
42560 
50280 
45220 
44740 
44820 
24090 
27460 
47070 
42900 
24600 
46780 
42950 
53540 
49520 
39100 
45880 
46210 
22620 
45860 
50630 
19680 
47130 
66840 
19350 
48740 
76370 
19580 
50060 
45050 
44190 
46120 
22230 
54740 
45030 
41440 
46530 
47400 
22660 
46400 
69250 
19400 
48780 
49110 
21190 
45190 
48340 
47660 
47590 
42380 
45650 
46060 
36950 
45470 
48930 
18350 
42330 
64980 
18070 
50750 
45500 
22810 
48130 
47370 
44320 
54960 
20680 
43830 
46710 
22290 
48680 
46770 
19680 
45860 
66060 
24120 
46200 
47710 
19980 
46060 
48590 
500790 
45910 
44860 
47880 
47590 
18800 
45450 
47420 
19180 
45780 
88430 
21560 
43310 
46790 
21290 
45760 
47190 
492520 
47980 
21020 
48300 
45930 
19430 
25650 
45660 
21080 
42730 
67350 
21790 
46850 
46430 
39450 
51980 
46200 
41690 
44450 
23250 
43200 
46260 
17740 
45650 
47720 
21790 
44490 
67780 
21570 
49420 
45380 
41960 
43550 
43640 
43750 
43460 
18880 
43570 
45650 
19990 
43740 
25810 
43360 
45580 
98260 
46310 
46510 
50800 
39700 
42760 
52940 
38230 
44890 
17800 
44350 
46710 
21840 
41990 
42810 
42710 
46260 
61230 
42070 
42350 
43170 
46940 
42320 
42920 
39770 
47180 
21110 
44430 
44130 
43070 
42870 
546200 
80940 
43970 
45170 
22790 
46630 
46920 
21330 
45560 
43850 
44250 
50280 
19870 
49090 
43380 
39550 
46940 
44320 
53730 
41800 
72280 
42280 
43980 
44590 
40770 
45550 
55120 
45940 
43020 
44750 
596210 
48640 
43680 
40310 
46050 
54170 
22430 
63840 
43010 
24800 
27750 
21300 
46190 
21680 
20460 
45600 
41450 
46640 
44730 
39720 
22190 
23200 
43570 
45020 
49280 
22130 
44170 
46280 
39200 
41820 
48620 
35720 
45200 
44880 
40930 
44280 
41720 
41520 
54930 
53620 
45880 
67410 
23940 
24970 
24930 
21660 
28080 
50350 
39690 
45210 
39720 
23910 
23480 
45390 
26180 
24200 
44470 
24140 
24760 
47240 
43670 
55060 
39790 
45910 
70870 
42670 
42020 
43000 
26990 
46550 
45760 
46080 
24650 
51650 
45020 
47820 
22180 
25050 
52370 
21940 
25690 
50520 
42760 
25450 
24550 
49620 
26920 
22910 
24420 
27030 
49420 
54160 
50660 
45180 
45890 
42990 
49930 
23440 
47280 
26490 
27500 
27270 
23660 
21970 
24080 
24700 
24050 
22590 
26610 
53380 
45480 
74050 
50280 
42300 
22850 
49350 
45470 
42880 
2099210 
47660 
23570 
25100 
47800 
47710 
43020 
24470 
47010 
26750 
47460 
46970 
23400 
47520 
53360 
38960 
21790 
47600 
45800 
22960 
43200 
23120 
49510 
45700 
43360 
24280 
25470 
23760 
45140 
52880 
24160 
53990 
41940 
20390 
46570 
25890 
48340 
22800 
23570 
68000 
22630 
23280 
54210 
45370 
45850 
46420 
44660 
21360 
44470 
48130 
23930 
46690 
23380 
47380 
23120 
51300 
46130 
21680 
24150 
53500 
43260 
47440 
2212400 
24900 
25470 
44240 
24000 
45680 
41090 
49660 
48170 
22750 
22560 
45360 
22310 
23930 
50980 
19010 
23770 
51990 
25780 
22880 
25370 
20980 
23520 
26560 
21270 
25620 
27730 
22710 
43580 
20900 
25310 
53420 
20120 
24740 
42820 
23820 
43950 
42860 
25150 
46010 
44850 
48750 
45230 
40110 
25290 
48190 
23670 
23760 
2086130 
20770 
26200 
46840 
22870 
46430 
42150 
23960 
45740 
40760 
23640 
44290 
41070 
24310 
48420 
22990 
25560 
2089590 
21880 
43590 
41680 
26230 
48530 
43680 
25010 
45120 
41340 
25260 
45610 
42720 
23570 
48800 
21330 
23630 
58730 
20760 
47450 
41180 
22760 
49600 
42240 
22470 
48020 
43510 
26030 
45480 
38540 
24230 
46190 
22110 
43960 
2081690 
22580 
46630 
41820 
24090 
43740 
39540 
25990 
48720 
44130 
23390 
46040 
40280 
120390 
48580 
52190 
43020 
42580 
45090 
48940 
47350 
18680 
47390 
48960 
44690 
58930 
42060 
22670 
45960 
50410 
40630 
45030 
52250 
43110 
51440 
20440 
45060 
49240 
18930 
45820 
48780 
17610 
63960 
45360 
20250 
50840 
46710 
41820 
44970 
45550 
42110 
48390 
21550 
47070 
51980 
19820 
46610 
47510 
18000 
65560 
50810 
39530 
45160 
50800 
39500 
44220 
49650 
39190 
47550 
21080 
53480 
54230 
17400 
52830 
49250 
23150 
48340 
48400 
41970 
52930 
54910 
49400 
43530 
19890 
50580 
50040 
45060 
52040 
49530 
22100 
47580 
65580 
50670 
42610 
45060 
42600 
46480 
49320 
40920 
43430 
49920 
46740 
45830 
47290 
43320 
48280 
20690 
47650 
48410 
466970 
45460 
47320 
52660 
48490 
45920 
43590 
46760 
44810 
49600 
45320 
46510 
43930 
44280 
47550 
44700 
44390 
45840 
43420 
51090 
45240 
47270 
49210 
47030 
50250 
22420 
46960 
46190 
22040 
49230 
54080 
41330 
46970 
44150 
24960 
48600 
51020 
45310 
48980 
38740 
48420 
45800 
43230 
21330 
44040 
48550 
23100 
44530 
62750 
22900 
45620 
46040 
22070 
46500 
49640 
20550 
46860 
22260 
24290 
43460 
26340 
54640 
44000 
24410 
64820 
23070 
24920 
47550 
42120 
43750 
45200 
24420 
51330 
40820 
23500 
46540 
46080 
46560 
49510 
43440 
44640 
64650 
23450 
47220 
51960 
39450 
46880 
46000 
20550 
46610 
48600 
19270 
50580 
45650 
45180 
42030 
22510 
47830 
76170 
42890 
48660 
45200 
46690 
47270 
43520 
21160 
45700 
47430 
47750 
46530 
22300 
49780 
50910 
46100 
43730 
62470 
22440 
48580 
48630 
21030 
48430 
47670 
48340 
43310 
25260 
47520 
46030 
47260 
46880 
45500 
44000 
46540 
63170 
46670 
48420 
48080 
43990 
45390 
44660 
23430 
47290 
44920 
44240 
45140 
47170 
45780 
43120 
42970 
46990 
47730 
46350 
45020 
44070 
46500 
44010 
51040 
25830 
46860 
43640 
45530 
49290 
44940 
47050 
62500 
49340 
48040 
43770 
45950 
