66390 
83660 
71670 
70960 
68060 
70550 
70440 
68910 
70810 
71890 
69920 
71180 
69850 
67200 
71640 
72890 
70260 
58440 
61060 
60200 
58900 
64120 
61710 
60510 
64760 
49860 
45720 
49240 
45540 
47900 
46120 
47920 
49870 
46570 
48050 
87210 
75490 
67480 
53290 
47430 
46450 
46000 
45260 
42370 
44960 
43500 
44230 
45800 
44060 
45110 
45210 
46960 
44990 
44950 
49020 
49240 
47020 
46820 
44800 
45710 
48440 
48020 
46000 
45870 
46530 
49580 
46960 
73220 
62270 
60600 
59460 
58560 
58840 
61900 
59240 
60620 
60830 
61190 
64390 
61910 
63690 
62760 
59270 
65670 
60220 
61010 
61680 
60390 
58770 
62030 
62850 
63790 
58690 
73680 
51730 
46400 
45260 
47250 
49820 
46180 
44450 
53630 
45730 
48170 
85510 
116840 
74000 
60390 
49150 
47610 
47620 
48570 
47710 
49010 
47240 
47810 
49080 
45760 
45370 
46600 
50990 
47650 
48670 
45470 
48170 
46740 
49000 
49380 
45610 
50020 
48070 
51920 
51410 
50870 
47130 
50520 
78620 
65600 
62800 
63530 
63310 
66720 
63960 
65910 
64880 
67090 
63090 
62630 
64670 
62720 
65040 
65760 
63990 
67340 
64030 
67820 
65180 
61070 
65810 
34730 
36030 
143990 
121590 
54570 
48840 
47600 
51820 
51700 
47880 
48580 
49640 
57870 
50820 
90850 
91560 
74980 
67860 
56920 
52010 
50440 
47920 
49220 
63380 
52480 
47360 
48600 
46840 
70010 
62600 
65230 
69050 
47800 
47560 
49160 
48030 
49340 
45630 
47380 
51190 
49330 
54280 
48980 
49630 
50230 
51470 
76090 
65480 
64560 
63580 
64070 
63920 
64810 
61940 
64490 
61390 
64890 
64630 
63700 
62080 
62530 
64050 
65690 
65810 
65220 
62140 
62280 
64010 
64640 
62220 
63570 
64050 
64490 
63280 
50660 
46740 
49530 
47280 
49550 
48990 
46870 
50910 
49460 
51770 
85930 
78220 
66310 
52030 
49810 
49390 
48220 
45030 
47070 
50680 
48140 
48210 
48130 
47150 
49200 
47930 
51590 
48720 
46950 
46020 
47920 
48670 
46000 
46140 
47920 
72930 
69410 
68560 
62920 
48630 
48660 
62360 
64450 
59950 
64800 
63830 
62910 
65910 
62410 
63760 
64250 
63540 
68390 
64110 
64280 
66410 
66180 
66800 
61950 
62390 
65920 
62730 
62910 
62050 
62630 
62140 
62820 
62670 
68690 
48380 
48790 
48470 
49260 
50080 
45750 
49200 
51780 
50370 
49190 
89660 
81560 
70140 
58400 
49350 
47180 
47060 
46720 
49360 
48540 
47050 
45550 
48700 
50600 
47050 
48470 
46980 
47170 
49610 
47300 
49190 
48160 
47130 
47910 
50840 
49520 
49120 
48520 
51080 
51810 
50420 
49050 
78110 
64160 
89710 
90080 
85230 
86080 
159240 
66890 
64650 
68680 
64260 
64310 
133560 
69830 
72500 
67400 
66000 
70100 
64920 
68350 
65210 
63570 
86070 
66470 
64800 
66130 
123550 
49680 
49870 
48830 
48980 
47180 
49190 
47850 
57410 
48460 
48300 
46760 
117080 
60510 
59470 
48640 
46670 
48840 
46150 
47700 
46960 
46390 
46410 
44670 
48340 
45250 
45870 
44290 
46560 
46500 
45560 
46580 
44530 
45500 
46070 
47470 
48520 
46240 
50320 
50610 
47150 
48850 
47230 
75580 
62890 
63300 
63710 
63910 
100180 
83480 
83410 
84530 
66390 
65530 
113180 
66880 
82440 
62930 
62760 
62090 
60630 
63370 
59970 
62800 
65860 
59200 
62820 
60780 
64030 
68690 
47130 
48150 
45990 
51150 
130950 
45860 
45580 
53630 
49390 
47390 
46580 
110000 
66020 
57880 
47060 
49680 
44760 
47030 
44860 
48160 
46350 
46080 
45850 
46980 
45370 
47200 
45640 
45030 
47590 
47930 
46170 
45500 
44340 
46110 
45770 
47460 
48890 
49790 
49330 
50380 
44780 
50540 
102450 
70100 
66720 
68030 
66950 
87520 
93470 
91980 
83850 
90790 
65890 
66640 
67810 
68750 
67270 
63000 
66870 
66700 
67940 
69230 
5114090 
5110630 
5117190 
58750 
5123660 
5115690 
56620 
65590 
49720 
45890 
49070 
47220 
49870 
45840 
48240 
53540 
49950 
47770 
93240 
77230 
68390 
54630 
46120 
42530 
46890 
47090 
47500 
46420 
44990 
45250 
45380 
46610 
44290 
46270 
45600 
46390 
48290 
43870 
44560 
46440 
45550 
45450 
46990 
46600 
50660 
45960 
49280 
48270 
47300 
45780 
73350 
63980 
64710 
61810 
64080 
62910 
63000 
63570 
61760 
61590 
59240 
60540 
65060 
62810 
61110 
58690 
61670 
63060 
60860 
63630 
60520 
59550 
61680 
61630 
60360 
57470 
66270 
49540 
46280 
47900 
47210 
46540 
47460 
47580 
52920 
48370 
44400 
86960 
79100 
66370 
57710 
46530 
45470 
45300 
50110 
46170 
44330 
44790 
46780 
46870 
45690 
43970 
43970 
47340 
46090 
46960 
47420 
45600 
44890 
47320 
45320 
44590 
46370 
44170 
50420 
49640 
46660 
45270 
45200 
79050 
64690 
63050 
61870 
58060 
63630 
66320 
60560 
59320 
60010 
60540 
61030 
61880 
60950 
58730 
60830 
64350 
61260 
60500 
58920 
60110 
61390 
61940 
61670 
59530 
60020 
68520 
48710 
49170 
44500 
46460 
46310 
47900 
47130 
50160 
50670 
45490 
87320 
82400 
67090 
61970 
49300 
48660 
45820 
47670 
44680 
43640 
45360 
44360 
45930 
45290 
45400 
46140 
46500 
46140 
44430 
45230 
43540 
46190 
45520 
46410 
44890 
45930 
47660 
48960 
48370 
44970 
45750 
48910 
74670 
64740 
61600 
60540 
64170 
63770 
61910 
64340 
57550 
61100 
58920 
59260 
63390 
59560 
60930 
60270 
61890 
61520 
59510 
59850 
63130 
65630 
64400 
62640 
61330 
65420 
63800 
64740 
48680 
46750 
48670 
48590 
46790 
47050 
48730 
51400 
51190 
49560 
86880 
75150 
64850 
53640 
49850 
47470 
47350 
45870 
48400 
48500 
46560 
46870 
45950 
47780 
46930 
47990 
46060 
46260 
47110 
47520 
48020 
48020 
46500 
46000 
49070 
50880 
52070 
49910 
53080 
48010 
50580 
61370 
64950 
63260 
62800 
74100 
68140 
65000 
66720 
65070 
67780 
69110 
63510 
65720 
67820 
69030 
69870 
64000 
66120 
67500 
66730 
70850 
64010 
66000 
65410 
64010 
70340 
69930 
65910 
50200 
47470 
50350 
52130 
53590 
46290 
52150 
55180 
52150 
49210 
90820 
80690 
65140 
53660 
50780 
46800 
50470 
47750 
70910 
66030 
62570 
49440 
47240 
48300 
50100 
47790 
47720 
50760 
47160 
5088850 
5078350 
9559290 
48040 
44340 
46960 
46650 
46390 
48600 
45030 
44690 
50490 
47510 
75610 
61790 
62160 
62650 
65820 
64110 
63400 
60380 
62420 
63560 
115920 
63340 
66530 
65290 
37700 
68680 
65120 
62380 
115460 
36880 
88470 
83750 
35810 
37360 
37420 
37570 
40540 
30510 
28630 
25960 
27810 
26620 
25880 
26250 
29590 
28370 
26770 
49990 
45760 
99270 
34320 
28350 
26950 
26360 
25890 
27540 
26630 
26290 
25390 
25230 
26220 
26420 
25980 
26340 
25330 
25840 
27080 
25600 
25860 
25800 
26270 
25200 
27260 
27800 
28350 
28700 
26370 
25970 
27810 
42730 
37800 
36550 
36980 
37360 
34520 
37910 
36560 
36060 
36870 
35020 
35450 
34930 
35640 
35940 
37690 
36700 
35920 
36190 
37150 
35900 
35510 
36980 
36240 
36380 
35700 
39600 
30250 
28010 
28440 
28540 
28380 
27340 
24580 
29030 
29690 
27670 
26200 
47340 
44180 
37310 
29320 
26770 
27400 
27380 
25430 
27360 
25280 
25700 
24700 
25090 
26630 
27100 
25490 
24820 
24970 
28190 
25370 
26000 
25230 
27070 
29810 
27580 
25430 
27230 
26780 
28560 
29720 
27410 
39580 
36170 
36210 
37480 
36130 
35860 
35520 
35450 
37530 
35980 
35350 
35740 
35110 
37120 
35660 
36680 
35970 
37160 
37050 
35000 
35230 
36480 
36070 
37480 
36370 
36350 
35960 
39290 
28750 
26410 
26810 
27140 
27550 
26390 
30110 
30480 
27970 
27080 
48620 
44130 
35300 
31070 
25920 
25280 
26970 
26520 
26510 
25880 
26600 
27860 
27270 
25600 
25960 
24220 
25400 
27600 
25340 
24620 
24090 
27350 
27930 
26040 
27240 
26510 
28020 
28610 
27390 
27550 
24770 
25030 
41750 
35980 
36690 
34610 
35860 
34040 
37300 
35830 
34980 
34540 
35990 
36780 
36100 
35230 
35230 
36280 
37440 
36460 
34950 
34790 
35830 
90160 
37680 
37390 
35830 
35150 
39180 
30470 
25770 
26080 
28960 
27760 
27210 
25750 
29660 
27930 
26980 
49780 
46180 
36880 
33070 
25480 
28320 
25180 
26260 
25170 
25110 
26960 
26910 
25940 
24440 
26970 
27280 
25910 
26780 
25350 
24640 
24340 
26430 
26250 
25010 
25290 
27470 
27000 
28540 
28530 
25890 
26430 
26340 
43780 
35270 
34100 
35890 
36250 
35190 
35800 
35530 
36620 
38060 
34790 
36530 
36160 
35500 
36030 
34790 
39190 
36240 
34920 
36520 
35220 
36330 
35220 
38200 
39110 
36500 
39960 
29640 
27710 
27700 
30120 
29380 
29040 
26350 
27000 
30350 
26740 
45880 
45080 
39660 
34470 
28330 
28010 
26760 
26350 
26280 
26780 
27520 
26060 
26460 
24940 
25970 
26020 
27750 
26170 
25510 
25920 
26530 
26470 
27020 
26570 
27320 
27350 
26920 
28090 
28050 
25390 
26120 
28160 
41580 
34770 
37230 
34690 
37930 
36220 
34670 
69100 
4514430 
64080 
67530 
63840 
65490 
63900 
62170 
66260 
63370 
62720 
67490 
62270 
67070 
64490 
60810 
65320 
64480 
63200 
66010 
69680 
51300 
51670 
49240 
51500 
49640 
49140 
52380 
53770 
53970 
50190 
90210 
79400 
67770 
60560 
49100 
47250 
48750 
46320 
46230 
49460 
46580 
63730 
65610 
63260 
51450 
50290 
45680 
51430 
49420 
48890 
49620 
45190 
47480 
44990 
48340 
51470 
50500 
49760 
48890 
51380 
51340 
49410 
81080 
62910 
66550 
65970 
65830 
67300 
64350 
63780 
65540 
65700 
63680 
64540 
69090 
63070 
63500 
64420 
65170 
62630 
63050 
65840 
64780 
64320 
63790 
64400 
65000 
68620 
68430 
51490 
47250 
46160 
55300 
49470 
48250 
48350 
52060 
54250 
49440 
90980 
85200 
68780 
57800 
50660 
47190 
45700 
45960 
49670 
49950 
48510 
45760 
48070 
47140 
51830 
50460 
46830 
46730 
45400 
47170 
48570 
47460 
49150 
70270 
66750 
68000 
68570 
50350 
52240 
52160 
50010 
49650 
80540 
67280 
68290 
68750 
64790 
61230 
65740 
61120 
67830 
65740 
63760 
62930 
66880 
69120 
65330 
65190 
65370 
63480 
67400 
66700 
67100 
67390 
64380 
64360 
65820 
64780 
70340 
53510 
46930 
48280 
50410 
48160 
47760 
47610 
55950 
52540 
50690 
94100 
83650 
69020 
67550 
53170 
47800 
47430 
46950 
49320 
50150 
48340 
46050 
44790 
48100 
50030 
48500 
49790 
46660 
47450 
49680 
47650 
46500 
45440 
46420 
51560 
47570 
50750 
53010 
49980 
53540 
55510 
50580 
109690 
89950 
104930 
99930 
90810 
65550 
66380 
68500 
69380 
70500 
72450 
70230 
66970 
73170 
69740 
68860 
64190 
62610 
67610 
67850 
68340 
72840 
67440 
67570 
65860 
65710 
68920 
51650 
49110 
51380 
49480 
49880 
46660 
49470 
51880 
54150 
48710 
105710 
92650 
80790 
66430 
50620 
48700 
46950 
47300 
50290 
48970 
48420 
50070 
47960 
51870 
47820 
50610 
51300 
46250 
51250 
47990 
46400 
50030 
48570 
51380 
51140 
49550 
49790 
52590 
54110 
51060 
51270 
48090 
110920 
105530 
95180 
95330 
74410 
66840 
68810 
70580 
68410 
63970 
75310 
68780 
68910 
70140 
66130 
66900 
67470 
70360 
72890 
67090 
66050 
68490 
69830 
68000 
69280 
69400 
66600 
66780 
55630 
52300 
50190 
49660 
52090 
51500 
50860 
53280 
52440 
49990 
94910 
83890 
65300 
51740 
48870 
51800 
51240 
48290 
48410 
48050 
49530 
50700 
50510 
48230 
47750 
49940 
49920 
49120 
47720 
47040 
48160 
47260 
51260 
58440 
49960 
52160 
51410 
52170 
52420 
48710 
52490 
57850 
105380 
93610 
99990 
71620 
71770 
69670 
72150 
65180 
67330 
70900 
68290 
71200 
5110450 
5098300 
5118740 
9953710 
9940100 
5172330 
77580 
80890 
37550 
35470 
36450 
35680 
37100 
35950 
39910 
29030 
27000 
24120 
28620 
27030 
26950 
24700 
30870 
28910 
27870 
46550 
45280 
35700 
33440 
30220 
27080 
27710 
25380 
23060 
26660 
24870 
26950 
27520 
25000 
26570 
25570 
26550 
27220 
25040 
26400 
25230 
27540 
26780 
26930 
29230 
28050 
27610 
27930 
27200 
27050 
26370 
27480 
44470 
38070 
41600 
36990 
34260 
36630 
36090 
35210 
35530 
35330 
36940 
36240 
36450 
35430 
35030 
35810 
36790 
34230 
35620 
33730 
34500 
36420 
36780 
35510 
33370 
35700 
37830 
30880 
27760 
25160 
28750 
28410 
26590 
24880 
26670 
28450 
27680 
25800 
46490 
40150 
37380 
29980 
28760 
25580 
26550 
25850 
28200 
28510 
27180 
25390 
34870 
30500 
28860 
26780 
24980 
26990 
26200 
25880 
27670 
26370 
25820 
26140 
27170 
26310 
27910 
27590 
27050 
29080 
27250 
37840 
36460 
34960 
35940 
34670 
37270 
35010 
37160 
36050 
35090 
35720 
36860 
35860 
36140 
35230 
36330 
34820 
36300 
36580 
34180 
33970 
36570 
36360 
36320 
36920 
35140 
37160 
37580 
26490 
26840 
27560 
28810 
26670 
27690 
26880 
27960 
27980 
34350 
50790 
42060 
35420 
30100 
26690 
27530 
24400 
23890 
25060 
26140 
26750 
25700 
26390 
25070 
25360 
27490 
27880 
25470 
25410 
26100 
31370 
29070 
25340 
25670 
26650 
27830 
26430 
26470 
26200 
26260 
28360 
26850 
41680 
35710 
32030 
39520 
36600 
36080 
35970 
35650 
36000 
35850 
35550 
37460 
36530 
35230 
37390 
35350 
36400 
34680 
36150 
36150 
37240 
36260 
34710 
37640 
36740 
36330 
38940 
28900 
26080 
28550 
27590 
27100 
25540 
25510 
29490 
28450 
25900 
48800 
44200 
35870 
34650 
27640 
26460 
24850 
25100 
26590 
27300 
25620 
28760 
26050 
26320 
26860 
25180 
26190 
25880 
25550 
27460 
24480 
26240 
26770 
25050 
27960 
28000 
27440 
26880 
26230 
27090 
26240 
26230 
41770 
33840 
36040 
35600 
38310 
36200 
34780 
34290 
36470 
35580 
37280 
36780 
35990 
94270 
36120 
35580 
35180 
36600 
37290 
36710 
36110 
35730 
34660 
35380 
36410 
36980 
39520 
29160 
25860 
26400 
28390 
26680 
27220 
23840 
28290 
29060 
27720 
34340 
43810 
38670 
34140 
27620 
27530 
24860 
25520 
27000 
25390 
24450 
24380 
24310 
27370 
26540 
25430 
24980 
23890 
27090 
28800 
25410 
26800 
25030 
28230 
27420 
27440 
26030 
25970 
29350 
28570 
27670 
25920 
41160 
34090 
37400 
36770 
36990 
35420 
35980 
33330 
37170 
33920 
4764110 
65340 
4764530 
69730 
63340 
61640 
67020 
67010 
67020 
63330 
62390 
64060 
63870 
67070 
62700 
60210 
64120 
67860 
55460 
48600 
47690 
48070 
47890 
51430 
52540 
52160 
50380 
47930 
94030 
79850 
65820 
52840 
48420 
47940 
48940 
47550 
45680 
49280 
47530 
49880 
47850 
46460 
46320 
49580 
48890 
50510 
47490 
47630 
47090 
47520 
51380 
45930 
50280 
52440 
52270 
49500 
49370 
49280 
49010 
48080 
108590 
87520 
86710 
87330 
68780 
64620 
66990 
62530 
64480 
64970 
60500 
79130 
67110 
64100 
63040 
61320 
67710 
66700 
63930 
63250 
64630 
65840 
66580 
63620 
62020 
64380 
70340 
53190 
49050 
45270 
51780 
49960 
50530 
48150 
53790 
50970 
50750 
102740 
86370 
69510 
56960 
50720 
47980 
49120 
45950 
45700 
48540 
46340 
50830 
47610 
45950 
48450 
45700 
49870 
48180 
45520 
47270 
45790 
50910 
47900 
45320 
47950 
