131020 
62800 
57100 
60880 
51020 
50860 
50060 
51280 
50990 
54370 
52510 
51900 
50020 
50290 
50940 
38150 
49400 
37280 
53000 
38930 
58180 
39760 
38460 
39160 
37410 
52700 
37550 
38650 
52970 
37790 
55250 
55740 
38900 
54070 
39340 
38120 
36490 
38050 
54480 
39350 
37980 
38410 
38420 
38910 
53890 
38900 
37980 
39620 
39090 
52890 
55240 
54240 
38340 
39490 
52270 
55010 
53270 
37470 
38300 
52480 
37690 
38680 
39400 
37750 
55490 
38860 
37850 
38880 
38480 
37850 
39190 
37130 
36950 
38280 
38570 
53990 
37340 
37600 
39720 
39180 
52870 
38880 
39060 
39550 
39390 
54350 
38290 
37530 
38490 
37650 
38500 
38970 
38690 
37940 
38160 
39450 
39630 
38300 
38280 
54540 
58020 
39550 
53570 
37160 
37100 
37430 
39650 
37270 
37200 
53000 
38670 
55470 
40100 
37980 
38140 
38310 
39060 
38220 
36590 
37670 
38110 
38810 
53930 
37190 
40280 
39240 
39270 
52130 
38460 
38500 
38740 
37260 
52220 
36470 
36860 
38570 
39830 
52170 
38120 
54520 
38100 
38330 
38840 
39150 
38780 
37640 
37720 
37490 
39190 
38220 
37820 
39360 
38490 
53270 
39600 
38460 
56070 
39430 
52870 
38230 
38540 
38360 
38120 
53630 
38450 
37100 
53570 
37070 
38330 
38590 
38920 
36860 
37490 
36280 
39720 
38050 
38680 
38990 
38370 
38920 
38950 
36380 
52140 
37390 
52690 
38020 
37420 
55020 
37500 
38070 
53400 
38010 
37210 
38380 
38690 
39210 
38970 
36970 
37280 
38500 
53500 
53460 
53470 
36720 
38810 
52410 
38250 
37330 
63020 
37970 
57990 
37780 
38610 
38380 
37940 
39600 
37510 
38650 
37810 
38280 
38050 
37800 
54060 
36910 
36540 
38510 
39720 
38760 
38630 
37480 
39600 
52480 
37880 
37800 
69790 
54050 
53110 
38010 
37850 
37060 
55450 
39280 
53970 
40230 
53570 
38600 
39480 
39390 
38630 
37500 
37300 
52550 
54570 
39990 
38210 
38040 
53300 
54620 
51470 
37670 
38650 
37830 
39940 
38420 
39010 
37220 
54120 
39500 
39640 
38360 
37980 
37830 
38210 
38610 
38730 
38330 
38830 
53260 
52610 
38070 
37720 
37780 
38040 
54660 
38840 
38970 
39380 
53880 
53660 
38320 
38870 
52820 
38110 
39490 
38120 
52840 
37960 
37720 
39000 
38900 
38690 
53250 
52580 
52610 
52570 
38290 
38680 
38520 
39510 
51570 
54880 
38650 
52580 
37690 
52960 
37850 
37550 
37860 
38390 
39230 
38090 
38480 
38690 
37740 
38070 
52760 
37230 
39470 
37710 
38250 
52460 
37610 
38050 
38580 
39420 
52700 
38440 
38330 
37400 
38420 
38230 
53270 
38630 
38600 
38510 
53990 
38560 
36180 
37590 
37670 
37950 
39140 
53900 
38030 
37790 
38770 
38160 
38640 
38840 
38430 
54930 
53120 
38090 
38520 
36800 
37390 
52740 
52690 
53840 
36670 
36520 
54060 
38100 
37810 
37310 
72270 
39830 
39150 
52950 
38460 
38340 
38520 
53690 
39260 
53100 
38050 
37800 
39510 
39600 
38740 
36540 
54540 
53500 
38400 
39120 
36820 
38560 
56070 
53360 
38320 
38730 
37700 
38290 
54280 
38850 
37860 
36760 
37150 
54180 
55710 
54850 
38720 
36930 
54070 
36670 
38050 
36220 
37340 
53050 
36740 
38450 
38730 
38030 
39680 
37030 
39780 
38160 
37520 
53070 
38240 
37670 
37550 
36370 
37890 
38990 
39160 
38460 
38050 
38850 
39070 
39030 
38150 
53840 
37920 
52930 
39010 
37460 
38060 
39160 
53590 
39440 
39850 
36980 
52720 
38580 
39780 
39820 
36640 
38220 
37480 
57540 
37250 
38160 
38010 
38070 
53370 
38690 
37640 
38200 
37190 
39810 
37500 
36720 
37320 
36870 
53490 
38040 
52480 
39480 
39250 
52300 
39810 
52540 
38410 
38080 
38860 
39200 
38650 
38020 
38850 
39320 
39850 
38440 
53070 
37540 
37440 
39060 
38040 
39130 
37290 
37340 
39140 
52760 
53440 
38390 
38310 
37970 
52310 
38670 
38120 
53630 
38660 
54640 
53330 
37330 
53580 
38140 
52310 
52060 
37540 
52890 
39310 
39760 
37750 
38020 
38230 
54220 
53060 
37310 
52830 
38960 
39350 
53340 
52510 
37630 
37450 
53500 
54660 
54840 
39320 
37410 
53060 
53220 
56100 
37360 
38440 
38020 
55030 
55970 
37890 
52710 
36580 
53070 
58790 
53560 
37730 
38170 
37180 
54950 
38490 
53500 
37990 
37000 
56440 
39520 
38430 
38530 
36750 
38840 
53160 
37400 
37390 
37870 
39450 
56050 
38980 
39270 
37190 
38290 
38960 
37360 
37960 
36590 
38100 
38020 
37530 
38410 
37010 
38370 
37400 
53170 
38450 
38480 
38510 
38570 
53250 
53440 
38450 
37990 
37990 
38920 
39570 
39160 
37840 
39460 
39220 
37670 
37200 
37470 
36990 
54130 
53100 
38560 
37460 
37210 
37910 
52780 
56870 
39560 
37100 
37410 
54520 
37140 
38660 
36690 
38150 
39020 
38270 
37260 
38380 
52880 
53830 
38800 
37490 
36880 
35990 
38780 
39790 
39110 
37800 
36150 
37790 
57160 
64210 
55380 
38350 
37540 
38630 
38030 
37180 
37510 
38540 
39560 
53130 
39300 
58200 
39150 
39620 
39230 
37590 
37510 
37060 
38370 
38600 
36260 
36750 
39410 
38330 
57540 
37860 
38570 
37800 
38300 
52860 
37350 
38120 
52880 
37090 
53110 
38990 
56010 
39000 
38760 
39390 
37810 
37410 
38550 
37170 
39050 
39220 
36950 
37600 
35830 
38160 
38520 
53540 
39090 
38350 
38070 
39280 
37940 
39520 
36800 
37260 
52220 
39050 
36950 
38340 
39240 
53460 
38630 
55410 
39810 
38640 
39580 
38320 
38310 
39280 
36560 
38660 
52530 
38380 
37580 
37570 
38350 
39240 
39170 
38140 
37620 
38370 
51880 
55300 
38370 
38000 
37650 
52690 
36870 
38430 
38330 
37300 
38230 
39110 
37010 
52410 
38130 
55310 
53950 
37640 
38340 
38100 
39200 
53910 
39390 
38740 
37010 
53540 
52810 
38750 
38880 
36680 
36650 
39430 
37510 
37980 
38130 
38180 
39340 
37960 
39750 
38130 
37680 
38140 
39500 
39380 
37570 
37610 
39340 
39130 
37220 
38200 
36180 
53130 
52010 
37760 
38720 
37250 
38630 
51600 
38560 
37390 
37500 
38530 
37610 
51950 
38400 
36960 
38760 
36970 
54070 
39170 
52710 
37430 
36670 
52590 
38500 
37830 
53090 
37770 
53500 
37660 
38730 
53310 
37970 
54140 
37850 
39070 
37240 
37730 
52480 
39440 
38150 
37670 
37380 
37900 
52420 
38910 
39180 
36820 
38340 
53710 
37590 
57710 
39620 
53910 
52660 
37470 
37000 
37280 
37980 
52420 
36690 
38670 
38060 
36870 
38540 
38300 
54860 
38220 
39830 
37230 
52580 
40250 
37580 
37060 
38930 
53260 
52720 
38940 
38580 
37390 
38490 
37990 
37390 
36760 
39040 
38500 
38670 
37540 
37440 
36830 
39790 
38260 
37780 
36780 
38100 
38220 
52140 
37680 
37100 
37140 
36790 
53030 
52840 
38020 
38730 
38260 
39310 
38300 
37050 
38460 
38460 
39330 
37980 
38420 
36530 
36510 
37990 
37130 
37020 
37930 
36370 
37680 
40020 
38730 
37750 
37600 
37060 
52350 
38250 
36730 
37610 
55390 
53690 
37560 
37770 
38400 
36780 
39510 
37760 
37090 
38100 
54360 
38680 
37450 
38530 
38100 
37510 
39160 
53600 
37880 
38100 
36820 
52600 
39330 
38220 
38170 
38990 
38840 
52050 
55640 
38540 
53020 
38580 
39290 
37740 
38160 
37910 
53660 
57190 
52850 
39910 
51970 
53010 
39010 
53730 
39040 
38240 
52500 
37910 
53100 
38720 
38640 
38050 
38450 
58020 
38490 
38270 
37610 
38510 
39530 
38110 
38750 
54620 
57820 
52330 
53570 
37670 
53780 
38510 
39000 
52490 
37190 
53670 
38420 
67250 
56360 
38790 
56560 
38430 
37820 
39310 
55030 
38400 
38050 
38920 
53490 
39430 
38220 
37830 
55920 
53500 
52590 
40020 
39450 
37080 
37110 
53310 
53660 
38540 
36200 
36840 
55290 
57800 
38110 
37420 
38410 
52960 
38310 
38250 
38270 
37080 
39560 
37800 
36710 
39460 
36800 
39470 
53540 
39590 
38090 
36920 
38230 
52890 
52230 
38960 
37450 
38740 
40170 
36660 
36790 
37760 
55430 
57280 
37980 
54490 
67090 
54470 
52330 
54110 
39630 
38230 
37820 
52400 
39910 
38480 
37310 
37160 
37250 
38360 
38980 
37430 
38100 
57320 
52890 
37980 
38890 
36650 
39050 
38810 
37610 
37470 
37540 
39260 
38480 
37980 
39410 
39560 
36470 
53290 
39130 
38060 
37500 
38950 
53170 
53960 
36880 
39020 
37700 
38280 
38350 
38790 
38070 
36770 
38250 
53960 
53670 
37450 
38580 
37050 
53130 
36940 
53290 
37360 
38860 
52930 
38280 
36930 
38410 
38710 
38930 
38700 
37970 
38820 
38400 
37540 
52920 
38430 
38930 
39050 
36960 
38810 
38390 
36610 
36170 
38080 
38890 
39510 
37460 
38040 
37510 
38850 
38900 
37090 
38580 
38640 
37320 
39570 
36960 
38090 
38090 
36750 
38960 
54880 
53230 
37900 
38310 
38460 
36830 
38280 
53390 
38290 
38010 
39570 
39380 
38750 
37250 
38880 
37850 
38440 
52520 
38940 
37540 
52990 
37320 
38140 
36490 
37940 
59420 
38900 
38440 
37690 
37640 
53930 
38020 
37310 
38270 
38240 
54920 
37930 
37440 
37270 
35320 
39050 
39450 
53150 
37440 
37330 
38360 
52110 
37590 
37380 
36750 
38200 
52930 
54540 
38900 
38060 
37800 
39130 
38360 
38000 
37080 
39420 
53300 
38030 
36960 
38760 
38350 
38960 
52830 
39240 
37220 
54880 
38990 
53230 
54820 
38380 
37500 
37730 
53960 
37500 
36800 
37220 
39050 
56770 
37670 
37260 
38930 
38830 
53250 
37700 
37340 
56050 
37570 
53470 
38770 
37820 
36620 
37220 
38470 
38210 
37490 
37990 
37120 
37660 
53510 
36850 
37780 
36830 
37390 
54840 
53340 
37700 
37380 
37810 
54990 
37650 
54050 
38260 
39670 
52860 
38760 
38540 
38810 
38520 
37850 
38990 
38360 
56310 
39430 
37300 
53710 
36420 
37950 
36440 
37700 
38860 
36630 
38220 
37090 
38260 
58150 
53120 
37020 
39920 
38690 
55980 
39130 
38870 
37680 
37520 
38010 
39490 
55500 
39030 
37170 
37570 
53290 
36980 
38790 
37250 
36960 
55100 
38140 
37920 
38220 
38160 
39580 
57320 
39010 
39030 
38150 
53710 
53920 
36950 
37280 
36280 
38660 
39390 
39090 
54490 
38200 
38950 
39960 
38770 
38820 
36920 
38250 
39950 
36980 
37950 
39600 
37910 
51870 
37280 
39660 
37590 
54340 
38980 
52760 
38510 
36820 
36790 
35910 
53390 
38500 
37900 
37290 
37980 
39080 
40010 
39760 
39640 
37780 
52630 
39110 
37020 
37860 
36440 
53370 
60600 
56420 
37380 
38320 
37790 
37080 
36900 
37630 
37430 
38040 
38460 
37230 
38670 
37450 
51830 
39720 
37230 
36550 
37160 
37730 
38900 
55300 
52790 
38270 
38830 
53000 
38350 
38450 
37880 
38670 
39740 
39260 
38460 
37020 
37860 
38470 
39190 
38900 
37410 
37070 
37800 
52660 
52230 
38840 
38050 
52740 
38450 
55190 
38820 
38130 
57300 
54490 
55690 
38880 
37730 
37950 
38340 
39690 
38030 
38060 
39130 
38380 
53870 
38480 
38010 
38080 
37860 
54230 
37220 
38060 
37900 
38130 
39270 
39090 
36570 
38380 
39650 
55860 
38540 
38200 
38960 
37450 
37770 
39000 
53540 
37480 
36640 
39080 
51950 
37620 
38430 
37460 
53770 
53320 
37180 
37680 
36710 
38040 
52000 
37190 
38440 
52360 
52520 
38790 
37970 
37570 
37830 
38920 
38970 
52710 
37690 
38130 
38370 
36720 
38280 
38600 
37850 
37290 
37610 
52720 
38370 
56220 
54010 
37870 
53340 
38870 
53020 
39320 
37000 
39020 
38820 
39510 
37800 
37820 
39210 
53390 
38030 
37920 
37820 
38480 
52260 
38550 
39560 
36310 
38220 
51640 
37040 
38870 
53520 
39580 
39830 
61160 
39390 
54290 
52700 
57760 
39240 
37030 
38560 
39280 
54900 
39390 
38370 
37750 
37550 
37470 
56400 
37320 
37490 
36810 
39900 
55330 
39740 
37530 
37740 
37870 
55350 
55280 
39000 
37160 
38120 
54570 
53400 
55910 
37560 
36790 
38940 
53660 
53570 
38210 
37800 
38640 
58570 
54940 
37980 
53370 
36650 
52850 
53540 
37160 
37400 
36310 
52800 
55090 
38010 
37390 
37640 
39410 
54190 
54810 
37690 
38530 
39340 
38450 
54090 
37870 
37480 
38680 
39500 
38960 
37640 
36640 
39160 
53520 
37510 
36350 
37810 
53050 
40080 
37220 
37130 
37590 
37790 
39260 
38410 
39110 
38440 
39440 
52070 
52980 
38800 
37610 
38470 
36860 
53130 
38150 
36460 
37410 
37970 
52950 
37990 
37920 
38500 
55040 
54060 
37490 
67840 
39000 
39930 
53550 
37830 
37390 
38390 
36590 
39160 
38940 
39820 
38860 
37300 
37960 
38860 
36660 
37080 
39480 
37020 
39100 
37540 
39690 
52060 
37610 
52330 
56450 
37690 
37630 
37700 
39290 
38620 
38680 
37680 
38310 
52780 
53400 
39940 
38410 
53700 
38780 
39070 
38530 
37830 
37600 
37140 
39590 
38320 
39220 
38100 
37780 
53120 
38750 
38280 
37390 
38570 
38680 
38690 
38640 
37930 
37790 
37980 
53010 
37200 
37130 
38430 
38140 
53860 
37190 
38710 
37460 
38070 
39490 
52680 
39050 
37970 
37470 
53160 
38760 
38800 
39100 
38440 
54040 
37590 
38070 
37830 
36750 
39810 
53870 
38210 
37900 
37780 
38940 
52550 
38690 
38360 
38290 
36750 
56870 
37630 
38840 
38490 
37420 
58800 
54590 
38310 
36030 
53860 
52730 
38650 
54290 
37150 
37740 
38470 
39040 
36780 
38300 
36970 
38480 
72860 
53950 
38490 
37380 
52440 
51790 
39970 
37970 
38000 
38730 
39340 
53100 
39050 
39360 
38100 
39470 
39420 
39670 
38150 
39710 
38880 
55450 
39410 
37590 
37980 
37340 
53680 
39030 
37900 
39250 
39560 
52940 
38070 
53270 
38970 
38180 
39280 
38640 
37660 
38510 
38240 
39100 
38250 
37380 
53840 
37300 
38530 
38770 
38530 
38310 
36270 
38460 
39350 
38270 
38850 
38380 
54320 
52080 
39990 
39000 
36610 
38710 
53500 
38790 
53020 
38470 
39120 
53900 
40110 
38060 
37150 
38450 
39240 
37940 
37800 
38410 
36790 
54330 
39530 
54040 
52820 
37220 
36330 
38000 
37240 
37200 
36770 
38050 
38590 
38680 
55400 
37630 
37770 
38310 
38600 
36810 
36820 
38110 
38550 
37990 
38400 
39240 
53800 
37610 
38490 
53540 
39500 
37250 
38310 
52690 
52280 
36460 
38630 
37050 
53350 
52090 
39110 
38680 
37990 
53830 
39040 
38350 
53040 
36940 
38850 
38400 
38500 
36440 
37650 
38370 
53300 
38850 
38920 
36440 
37670 
40040 
37850 
38410 
38810 
38880 
52780 
39250 
38130 
37190 
38090 
40340 
37890 
37700 
38490 
37500 
39500 
52820 
38240 
37670 
38070 
53100 
53820 
39130 
38380 
38970 
38510 
54210 
52050 
59630 
53880 
54220 
54480 
38840 
37340 
37650 
39410 
52460 
38150 
37380 
37220 
37550 
38950 
52680 
37080 
37870 
55180 
51970 
52240 
37250 
37870 
36900 
38790 
39510 
37910 
62550 
53470 
36820 
52810 
36920 
37700 
36670 
37960 
38920 
37270 
39190 
37140 
38300 
39920 
37890 
39470 
38650 
39850 
38690 
40210 
53150 
53100 
38990 
39640 
39440 
38780 
38760 
38020 
37890 
53290 
37230 
37440 
37540 
37260 
54380 
38710 
37880 
38710 
38730 
38880 
38640 
37980 
53840 
38310 
38260 
54010 
37610 
39130 
37960 
39240 
53580 
53530 
38750 
38550 
38400 
53350 
37850 
38540 
38470 
53510 
52400 
39360 
38550 
39140 
38180 
53170 
39230 
52750 
39320 
37220 
39090 
54850 
38570 
53220 
39180 
53260 
52840 
