68241
30460
30170
29120
28460
29220
27280
29161
26591
30371
28111
27260
28370
27410
30470
30260
74861
73521
74051
75731
70780
71950
71920
71091
72571
69971
82311
65101
61131
60711
57141
59210
59050
61241
60681
60911
60701
124142
99252
77711
62301
58750
60710
61631
57581
59231
57971
59141
58981
58411
58510
59300
58260
60000
58981
58091
57801
56651
59361
58781
57461
60400
58190
62351
60671
58131
60451
58541
97182
73371
72380
72051
69551
74621
72591
73961
71931
72641
70511
73221
74171
74631
71861
70061
72111
76101
71361
74521
72041
77141
73920
72050
73951
67341
92741
68011
59001
58491
58731
59411
59751
58890
63911
61931
58921
123922
110662
78751
69621
59591
60150
58360
57900
59721
56071
60631
58281
58701
57661
61981
58150
58540
57430
58271
58131
56771
57911
59581
59521
60761
57440
62500
61240
61051
59261
58611
63981
93401
72401
73261
70070
75111
73801
70891
79371
74311
77211
75081
71771
74131
71451
71961
75631
72211
85991
75501
70411
76361
72861
74721
70390
72171
74971
82251
61811
58711
58881
59791
58951
60280
59050
62040
59950
69891
114481
96791
76371
66191
61011
59221
68160
61510
58270
60251
58161
59481
58781
57331
59111
59911
57320
58680
56740
58661
58511
61801
63191
61861
64181
62151
61290
63390
61250
62891
60921
103252
77211
73701
95751
86902
74010
74011
70691
73301
73641
73251
71841
70571
71341
73950
77241
73161
72351
70411
72891
73551
71671
73061
71880
73080
69551
84021
64661
56221
56541
58931
63051
61471
57741
61491
61350
60280
120302
104651
82161
71721
62601
59801
59011
57980
59370
59700
57931
59081
59601
58541
57671
59011
58601
58341
57820
60210
59750
59491
59631
56971
60091
60491
59011
60501
60520
60420
58951
79691
74741
68621
74071
72681
72190
73520
72291
74371
72541
72501
72851
72801
71391
76881
75800
73540
70821
70771
74191
71251
71791
77181
70511
75991
77011
80781
66841
59850
59300
62001
60931
59541
58271
59381
63901
60500
117731
95771
81771
79621
60001
59281
59501
56251
58601
59730
56670
60440
57771
58881
59121
58971
57981
57871
58541
59400
59880
58410
57140
57571
58361
60441
60361
59851
58850
60840
60000
60710
96251
74091
73961
73251
75131
75271
73870
75170
76471
71561
74451
70491
76701
75121
71941
73391
70030
73420
74221
74031
76671
71981
71811
73921
73021
73611
82961
63400
59560
60801
59101
61681
59801
58731
62971
60891
59851
117851
104481
83171
65511
58541
59801
60821
58501
61101
58231
58630
56960
58110
58971
58771
57921
56981
62191
59461
57110
58850
56560
59890
59101
58991
60011
63591
61761
60361
58571
59900
92971
72981
73191
73581
73241
67851
71371
73441
74101
72420
70971
74461
74261
73651
71801
73601
70201
73731
73510
75281
75711
73191
74611
71451
72241
73281
83641
65531
60131
56370
61181
58841
59021
58071
65771
62361
59791
124741
111101
87321
72981
62961
60541
60201
58981
60441
60711
58331
58761
59060
56840
58031
58311
57741
59271
60481
56601
58321
57271
59360
58600
59111
62771
59041
60981
61051
59061
60801
57401
96391
76441
73811
73061
71331
75061
75111
72781
74531
72920
73650
72971
73811
86031
75081
71531
76941
74041
79411
72100
71190
73151
72421
72341
73021
74531
85321
68911
61861
62570
61290
64680
62420
62031
65401
60701
58141
121641
96012
82671
63340
55230
60840
61131
60271
58581
56961
59861
59561
57700
57610
58120
57780
60541
57901
61551
63121
63541
60691
59741
60440
61520
60751
62051
61151
61971
58681
60251
108501
75710
75711
71731
72671
75241
76161
74031
76581
74891
73811
75210
72820
74311
73741
95281
84241
76241
78881
73411
74331
74950
75611
74351
71261
72771
92491
69731
61751
62951
64321
61501
63040
60370
64541
62181
61241
120572
106002
82681
71491
64370
62050
58200
59301
58911
60341
59521
60121
59611
60721
61451
61580
60640
61161
61421
59191
59751
59081
62201
61151
60031
61620
64101
59791
60951
60031
64441
60331
98191
73841
71530
72901
74091
71531
75011
74801
73451
75371
74331
74181
71310
74191
76841
78931
72481
73551
69061
76241
76961
74351
75391
70151
78641
79091
81311
63971
59621
62901
61361
62331
62070
62880
61130
62001
62731
108382
85461
79081
66601
63161
58881
58520
60610
60881
61551
59311
57951
59621
59341
60211
58651
59010
58060
59230
60191
62411
62331
57651
58531
63371
60120
64250
62700
59921
63041
61981
98142
76961
71101
80611
75080
75291
77101
74501
78051
76121
73461
77901
73821
77641
75731
78341
78681
73901
75271
78381
76671
77781
74371
77531
80011
76551
90581
68681
62051
64381
64081
59991
61401
59871
65740
60900
63031
124982
96981
85301
70911
63571
61821
59931
59021
59710
61550
61571
61091
59811
59741
61031
59621
60251
58711
60530
61431
58451
62001
58491
59681
61641
60021
61121
64660
64270
64731
61781
82751
75791
72751
75851
75851
78831
75700
76891
77611
79331
74991
75121
74231
73721
74231
72491
75430
73081
74751
74631
72541
74311
78941
73811
72891
75210
81241
67431
59600
60011
64161
61961
60481
60521
62831
65751
61240
119892
107351
90111
82011
62831
60511
58671
62841
59551
60380
62620
59940
58230
59741
60131
60341
60951
59061
61161
59850
59630
61350
59651
61131
60671
59051
61691
59881
63821
61640
61390
63901
98031
76411
73001
72731
78411
73901
73530
72300
73611
74401
72411
72481
77001
75831
74441
71761
71300
75570
72981
72931
74771
72181
74801
74121
72751
74431
78170
64430
60140
63341
62051
61521
60771
61731
62671
62121
59671
127222
108061
87551
67321
61651
59221
62791
60951
59391
60231
58220
64590
62180
60651
60881
58901
61341
61871
58171
60851
57980
60400
60040
59641
63331
59381
61281
63051
60931
63101
60480
97101
73961
72951
73181
74761
70951
76661
75241
70590
78381
73531
77991
74161
71481
78161
73611
74291
73751
73110
78871
73891
74341
76961
74511
78301
72781
84631
65761
61240
60250
62100
61300
60981
61591
64421
63431
65301
124881
107521
84521
77611
63501
60631
60001
61901
60711
60051
58711
61481
61870
59830
58900
58521
59781
60161
57751
60761
59621
59781
60170
58890
60980
62151
61701
63201
60301
62741
59901
57201
98961
77791
75671
70131
72341
75801
77321
75691
72711
71640
74980
73171
72131
74051
72841
74041
74801
73111
80291
73000
75850
75601
73711
74661
72061
73991
88231
67051
61271
61161
62070
61750
62701
63431
63981
61101
61451
121462
97321
82461
65150
61480
61141
60521
60811
59461
61191
60681
58731
57651
59030
62100
61560
60211
59861
59691
60641
63291
57821
59231
59890
60190
62070
61891
59081
61171
59001
60531
105011
75220
75610
74321
76651
76101
72781
74441
76321
76951
76301
75910
75991
73511
74051
76101
73601
74151
72171
75091
76321
74200
74190
74691
72221
77711
86671
65111
61481
59391
62991
61851
61050
59460
65831
61671
62071
122641
111022
82111
71771
66281
61610
61210
59900
58921
60151
60991
61171
60971
70621
64981
62140
61570
60440
60561
60441
61731
60341
63021
60291
61431
62580
63590
63841
59481
59751
62481
60351
99202
75051
75141
75200
76661
74631
74481
76911
76791
76781
74541
77531
73240
75780
78641
77661
74991
73521
80681
74631
75421
75411
73860
76681
76651
76511
83141
62661
59841
62371
63021
58571
63561
61530
65290
64050
61881
131012
84181
80501
66981
60861
59421
59280
59760
60830
60231
60381
61811
59331
59191
60091
59741
62500
60610
60390
62701
59541
63171
61511
63471
66601
59121
65200
62240
63611
64111
61511
96501
72771
73701
74301
76641
76560
75591
71521
80091
80021
77971
78391
75511
78261
81321
77380
77781
73861
80371
73971
75371
78081
77431
76831
77261
76240
89281
64341
62461
59241
63201
62651
60771
62651
65451
64280
62310
124692
106901
87231
70531
63431
62001
59661
61381
60940
59180
59560
62741
62361
62741
79021
60061
59901
57581
62200
62140
63790
61991
61121
64781
65761
64281
64471
60991
64630
61340
61510
81561
75331
74121
78561
75441
77531
77421
81801
77011
73061
76641
74681
75491
76051
76731
78301
77821
75710
77491
77101
79691
77591
79411
78331
77911
76941
82721
70710
64230
63140
65911
64311
63351
65501
64641
68861
66551
124401
115231
89811
83571
69991
64181
63081
65211
63901
63761
64280
62530
64201
65161
61671
65051
65521
65281
68151
61541
60720
60080
60860
60091
57401
62111
60041
63331
60801
58451
61460
58570
96361
74471
73351
78991
71981
72331
75761
74391
73780
73281
71151
77351
75211
72021
71961
71561
74111
72391
73460
73601
71481
72461
75281
73181
75971
70331
82851
65061
57960
64070
60380
61301
71011
64631
64491
61291
60471
124351
103231
78111
64561
60061
59301
60441
57401
58361
61001
58811
57491
58010
57620
58091
57731
58941
61241
57991
58631
58601
59000
59520
56940
61751
59981
64121
61001
59061
61911
59481
93291
70741
72041
73801
70311
70441
74241
71931
74091
70391
72451
75521
74141
71891
72981
71581
73931
74721
71701
75090
75500
74241
73081
71261
73951
71151
88061
65071
58061
59091
60371
58760
59000
60541
63551
59061
61011
123121
105072
88331
72550
62550
59850
59261
58461
59371
60151
60021
59071
56331
58840
59830
59250
59131
57571
57371
57491
59671
60311
58571
58090
60160
58380
61601
61141
60291
61291
58311
59361
105881
74570
72161
70611
74331
71401
70241
74681
72311
74661
73831
70670
74811
71451
72761
74911
70601
74631
76501
71641
75701
71220
75651
70841
71591
77511
86381
65311
60391
59511
61191
60570
59730
59540
63181
63031
59271
118202
96552
80691
63221
59160
59590
60320
59481
57991
58641
58361
60381
59451
61321
60861
59580
56740
58960
57731
58941
58941
56691
57421
57921
60991
60540
59330
60441
58071
59221
61961
106031
74791
71111
70570
72500
73171
73181
72771
75831
75101
73741
71801
70881
69950
75170
71981
71401
73201
71071
74331
73971
71641
74051
71470
72370
75451
84781
64591
58361
57941
59651
61441
60561
57760
64720
63200
62411
124522
107622
83841
68281
63011
57121
59750
58460
59680
59620
57141
58321
58611
60221
60531
58771
58170
58570
55810
60401
57611
57381
58481
56591
61111
58931
58380
61110
58000
60260
58111
67321
77951
70061
74371
72311
71250
74040
71821
75281
71901
71541
72931
71561
71851
73871
91241
79581
72361
70101
74421
72121
73601
71691
73081
73871
74671
72870
74721
61451
58931
60441
59321
59771
59981
59431
60521
61980
87521
107061
80271
81501
68211
62111
58991
56971
57811
59590
58480
59340
57061
56811
58131
57621
59071
57731
58691
60420
58650
58840
57961
57661
58541
60561
61231
61481
59480
62950
59790
60591
93611
71941
73961
70981
73311
77721
70390
72650
71421
72511
72621
67011
74341
72661
74271
74771
71890
71250
74331
71081
74871
71791
71941
73011
72791
75720
81601
62520
58790
58261
61271
60051
59091
59071
64121
60661
60481
114361
108111
83021
68101
62091
59111
58471
57631
59511
57631
61220
59130
58460
59761
56951
61141
60691
62111
61571
59611
60310
60440
61060
61161
61011
63531
61591
63451
65311
59591
60800
84681
72221
73911
72461
73111
71921
72321
75131
71661
76950
74691
69481
72901
72891
69531
73791
69661
88381
75830
71830
71651
68701
76201
73721
70161
72161
82031
65641
60260
59990
60790
60940
59391
58921
64351
62301
59411
117821
104941
91441
70570
62621
58441
57881
58611
58321
58421
59741
59781
59640
56610
58180
58401
59091
58851
60771
59211
58781
56661
60490
59620
58460
59871
57421
62441
60181
59251
60131
57511
96131
73921
71711
78241
69271
79261
76241
75651
76531
76391
73850
76501
77981
78731
76071
74681
76981
74331
74891
72571
71170
74271
72721
72101
70661
73831
87471
63661
60431
60661
59641
59940
58860
59961
61641
62861
61251
118122
98792
78580
63030
57790
59530
59550
59711
58591
57501
59911
58581
57421
60251
56640
59250
60220
58291
61241
57681
58391
59771
56641
59741
59140
60660
61571
59651
62381
60011
57971
98492
73110
73690
71530
70901
71961
72741
70761
72821
69831
71251
76261
71810
72750
70321
76241
72471
71411
72901
73291
75291
70701
72650
73961
70441
71131
87111
65411
61151
56941
58951
59441
61831
56580
63090
60880
62311
118112
105471
86041
72841
63061
60461
56690
59330
58420
58281
59811
71271
62981
60301
58331
59221
59150
57690
58430
57381
59961
58701
56711
59971
60131
61701
61110
59380
60800
58791
60691
58641
98651
74531
68691
72201
72511
73691
74201
70911
83011
74881
72391
74181
71181
68920
77681
72211
70731
78121
68991
76061
73401
72751
72640
73800
75771
75731
79761
62221
57401
59771
60481
60731
60491
60750
62160
61510
60480
128782
85041
71391
65491
59261
57511
61681
58730
60400
58660
58031
58201
58571
59431
60761
58181
57961
58280
57670
58840
58821
57281
59071
57441
60731
58391
61110
60600
58700
61630
58991
104801
75531
72031
76771
75031
70551
72890
72881
81951
77601
71341
72801
74751
73911
74501
71330
