64931
35621
26830
24731
22611
22651
21340
21920
22410
23310
22230
22090
21680
22290
22531
22491
58211
59460
59670
58111
58881
60081
59611
62571
58821
59371
59081
60670
60660
59810
71731
75541
72731
71631
74471
72041
70160
69731
71921
72711
70431
70421
67851
73001
71921
70611
69990
71401
74541
71851
69471
72841
71481
72651
72591
72001
73310
75191
60030
58160
61041
58841
58301
58231
61461
62171
60080
110771
113201
88531
78001
63161
60471
59021
58531
59491
56681
56540
57970
62100
59941
57661
59741
60701
58531
59161
58651
59800
58280
57170
59151
57571
60411
60011
59441
61751
63031
62610
59380
101841
74011
72521
71611
70701
75341
74441
71890
73420
70851
72801
70361
72351
72191
73961
72961
70861
74660
73021
73181
72961
71701
73411
77571
72971
69361
84501
63521
58961
58790
59760
61921
59151
59991
66241
62241
61991
120411
103071
85961
65460
60261
59291
59541
60341
58671
58711
58301
61931
61680
58450
58241
59851
59031
59251
56821
59171
58951
59030
60160
59050
59861
60411
59731
61241
59701
59681
60731
91601
72250
73811
71261
72001
72351
72471
72901
70911
70541
71340
72500
71491
70631
75171
69971
72291
70271
68931
72361
72050
70520
69981
72951
72041
70421
82071
63131
60761
59671
59731
62170
60760
57660
63971
60961
61181
120741
108561
86801
76151
63790
59540
57290
63531
61031
89031
57381
59391
60031
57121
59170
57030
57300
69591
62811
62061
57161
57421
59521
58781
58380
59640
61610
60831
59851
59281
57981
58011
101391
72270
71060
72831
70861
70701
73171
69591
72011
69551
71761
73050
75400
72821
70341
72061
71381
70791
70201
74821
77761
75910
71780
70830
70101
72871
84231
63761
57611
57501
61441
63921
67450
63180
62910
61011
60921
126472
94861
81501
65551
59441
61431
58890
59030
60950
60031
60851
59231
58351
60481
59551
61681
59040
59130
59300
58121
59701
59661
58411
59701
59601
63121
62180
60980
60580
59471
60341
98042
71051
72031
73141
71270
76931
73151
72361
73591
76081
76381
75961
73801
72771
73000
72451
73781
73131
72761
75961
74701
72891
72951
71621
72400
71820
88131
69771
58381
61121
60261
61711
59521
57961
65301
63030
61830
125892
109241
91381
71321
62301
63641
61691
61591
64290
60160
61281
60821
60781
59471
58961
61491
59911
59481
58960
58080
61210
58050
59751
58751
60711
63141
59881
60651
59180
59640
61420
60141
97531
77541
70811
73061
73761
72461
70970
70991
74551
73021
73601
70661
72801
74141
74031
70951
70340
72541
76001
74201
73851
72481
73711
71611
74331
73941
87521
64170
59080
60671
61461
61281
59651
62201
65651
64511
60841
126022
98891
82941
68051
61721
59191
60251
62601
59861
59790
58140
59780
58301
57331
62031
60561
58881
58621
59361
59700
58850
60920
60730
59871
60281
59921
61621
59811
60601
60701
58840
100451
75781
72331
71441
73551
71711
71701
71131
75101
76901
73451
73391
70131
73391
72721
75731
74971
71171
74581
72711
73191
72561
72371
73261
73951
72301
87901
65001
60541
58590
60980
59530
60341
59841
66611
63441
60941
128371
110001
87091
69151
65931
60151
60451
60161
60391
60531
58111
58851
58880
60260
57900
60081
60371
59261
61131
57311
61291
59901
61560
62260
62170
62331
64931
60471
62991
63591
61631
66401
85211
73781
76041
74391
71001
73561
84881
77441
72371
70581
71900
72511
73781
71991
72061
75551
71741
71931
73331
72301
72610
71250
72681
75901
73651
70541
76301
60901
60221
61161
58791
61600
59550
60401
63241
61741
77761
122102
92761
78131
66231
61950
59670
59951
61761
59551
60581
59471
62231
60711
59751
60540
59500
59020
59881
59011
58321
60781
59191
59341
58131
60350
59510
61981
62341
61091
62251
59321
100261
77001
77161
74870
73151
75051
74301
74011
72921
71431
70061
73021
73611
71040
72641
70601
73881
73821
71391
72451
72691
76361
72991
76091
72901
71991
85431
65041
61851
59421
62911
60681
59171
60680
63230
62360
60741
129882
105961
82311
64291
63241
60031
60030
57720
60480
59511
60141
62691
58981
59591
59811
57341
60110
62260
60280
61681
59601
60811
58351
60111
61461
61091
64680
61500
59560
58080
59921
81671
75771
71751
73721
73381
75840
90761
75571
72921
73701
72121
80051
75761
74491
75191
73550
76401
72931
73811
71231
75061
74561
70621
71571
68921
81761
85161
66971
60361
58831
61001
63361
61821
60351
60571
62630
61330
121961
110081
86021
74811
64331
60251
60241
58921
58690
59750
58900
60581
58971
58001
61271
60871
59381
58651
59351
61760
59380
60641
58121
59071
60561
59911
64231
62421
61261
60870
61150
62871
91091
73341
72571
71061
71501
72441
71460
72380
72401
72651
74531
70811
76081
71771
73301
72781
73430
73000
72231
75961
73991
73031
72281
71541
71481
72891
88531
65400
59470
60520
57390
60121
60001
59131
63481
61871
61301
131432
106381
79111
64451
59941
60681
60301
61071
59401
58941
60780
59790
60140
57630
59851
59981
58721
60731
56801
58931
59611
58760
59000
59180
61051
65411
60671
60981
60221
60551
61660
100131
72791
74531
72491
71231
74521
73521
74201
71581
75391
74351
72131
74591
69311
74521
72741
73891
72801
73740
77610
75391
71001
71461
71641
74951
74061
87691
65241
58531
59951
61820
61400
60030
58081
64611
62241
62221
120302
113241
84741
72640
65490
59730
57931
60571
59541
60801
57731
58591
59771
58390
61890
63780
59491
60571
57271
59361
59401
58211
60221
59450
59860
60350
61771
62191
61441
60251
59821
60691
96362
75740
72821
73961
74941
73221
72071
75851
75141
77721
74281
82511
75741
74511
72581
73721
70891
69691
74421
72251
74981
74720
71800
72241
73121
72811
88321
65101
59751
60801
61701
59741
61080
59730
64931
63901
62681
122142
98622
77011
64051
60801
59470
59000
60080
62421
61701
60401
59761
58441
60851
63721
60170
59260
59950
61581
58801
58401
64681
63881
60851
61401
61861
61300
62000
61341
60491
61201
100472
69581
73521
73121
72170
73061
71871
73531
75331
73961
72771
71771
75511
75601
70120
73261
76131
73341
71201
71631
73731
71561
73011
71011
72510
75221
88721
66021
59781
59421
61571
59561
61631
60981
68921
62760
60540
123872
117722
77851
69591
63911
62581
62041
59981
60800
59110
61991
59351
59461
61611
58561
60651
61241
59750
60400
59550
60630
58801
59271
61871
62121
60631
61221
60661
63380
60190
61050
61201
96631
71721
72571
71581
71351
70620
73010
74111
72731
72531
73001
75651
72401
71481
75061
77610
82561
79261
73821
73511
75101
77171
75431
75051
75451
75460
84031
64680
65821
63211
61361
60681
60431
63221
62011
60791
62891
132292
98301
77441
66521
62101
59211
61831
60881
59231
60530
60820
61650
59300
59861
60231
59361
59101
59631
58301
59031
57350
58770
61591
59571
60921
58471
61371
60331
60331
61491
60620
98621
75431
72891
71641
71661
76351
74011
69361
70831
73290
73891
70941
70411
71231
70951
72481
71951
70631
72301
71020
71061
71831
76151
73181
71721
70171
88101
64551
59001
57751
61760
59090
59251
59641
63141
61021
59991
126661
104841
85711
67440
60400
56830
59391
57981
56411
56621
58211
61371
59221
60380
57900
59731
59271
57811
57201
60901
58681
59541
56920
57430
59600
58801
60271
59591
59191
58701
57381
80041
74981
69940
72681
70031
76571
74241
70681
71821
71091
72161
72150
71340
72281
72171
73201
72841
70621
71201
71161
72231
68830
72060
70771
73681
72201
78261
66331
59951
58361
61711
60461
62150
58590
61170
61611
60531
118612
109642
85321
79211
65371
61580
59140
58100
59291
59011
56931
58941
58091
58881
57361
58540
57680
58030
58500
58631
59671
59841
59761
59101
57591
59881
60880
60560
58460
60071
59121
61251
95112
70331
70741
73690
72161
71341
70661
71241
68751
72151
70951
72231
77041
68860
76261
73691
74331
71421
69791
76241
71491
71111
69451
74790
71760
71950
82941
63191
58241
59991
58051
61121
58851
59581
60651
60760
60800
125342
107221
83361
63981
59861
60111
57991
60100
59330
58910
58240
56651
58421
58611
61711
56941
57591
59500
57970
58240
58090
57231
59371
57671
63491
62571
61481
60281
58110
59760
60611
96181
72241
73221
74421
70831
70461
71860
72020
73221
72971
69291
70391
70261
73531
71031
69571
69811
69680
70141
74481
75251
73911
72271
70951
74481
75091
85261
65960
58540
58260
60011
59881
56581
57591
63681
62841
59631
123021
107711
85261
70631
62901
58461
57351
58021
61161
60841
57430
58870
57560
60141
61231
59601
59031
59091
58061
59101
58871
58780
58160
58411
60851
59001
60161
59981
60761
59241
59110
58160
103261
73311
74381
72341
71201
72251
68171
73001
75311
71170
72471
68561
71901
70921
70121
70101
78201
83121
76550
70410
71461
72731
72001
67951
70621
69551
88091
62881
60211
60840
59400
58530
60461
61441
62471
59381
61241
117621
104111
82621
62780
57540
60341
57581
59441
58561
57361
58521
58151
58110
59710
60400
59321
57251
59001
58861
58371
58751
57761
60960
59260
59930
60311
60701
61201
60621
59771
60211
98411
72440
73251
71471
70281
71481
71011
73501
79121
73071
71590
70600
71490
71881
73481
72251
75421
72941
70621
71011
71551
69220
68860
71811
70691
69391
83781
64281
58661
57851
58341
59430
59300
59330
66921
60741
58701
119841
109081
80821
69801
63041
59230
58540
59001
57901
59081
60191
60101
59841
58921
59320
60660
59530
59970
58651
58751
61851
61311
61191
59671
61721
61820
60420
60490
60761
61661
61881
63241
94511
73761
72131
74040
69871
73001
73871
72941
72661
72061
74061
74181
69950
73810
74161
75901
71901
72811
73201
71791
72921
72891
75111
73990
73011
72701
81961
62481
59891
61621
60721
60361
60131
61521
60770
62470
66261
130252
94991
74261
66691
61511
58011
60270
56970
59760
57370
60971
60371
58751
58611
57221
58591
59471
58070
58360
57900
58361
58881
57931
58951
59381
59561
63631
59130
61750
58970
59331
100261
73981
72221
72081
69541
74051
71021
72511
72111
68361
74251
71411
73121
75281
71681
71680
72610
73041
68671
70291
73701
76301
74841
72771
73321
72141
83681
64170
58170
58121
62391
60661
61581
57541
62941
59781
59511
119581
108361
86541
67081
61011
61001
57791
57451
58261
58481
61120
58140
58701
59031
57471
58411
58221
57631
60151
58620
59100
57700
57660
58141
59001
60741
60811
60321
59851
58900
68151
95431
75031
69441
71891
72711
79261
69511
70761
71730
73311
72351
71221
70721
75051
71991
74081
74271
71451
71210
71480
70311
73081
71861
69471
69691
72021
83681
64561
59711
59460
61720
60880
59881
58241
60831
61121
58741
122171
108231
86051
73991
60830
62861
60291
61481
60841
58861
61291
59481
60950
58060
58200
60691
57791
58171
60161
59261
59131
57321
57351
56930
59490
60161
59691
61781
59491
57811
59421
59421
94281
73511
69061
71411
73281
71861
71331
70991
73931
75551
70691
71751
72911
72531
73531
70241
69551
70581
74401
71571
72811
71080
71841
70871
72211
72411
81821
63181
57391
59751
59151
61030
60240
60350
64691
72051
64421
126111
101102
80810
64091
59210
59840
59910
61031
58401
59761
59031
58831
59391
60561
60321
58080
59470
57230
59151
59271
58631
60471
57881
58031
62071
60120
59480
59360
60231
60011
58111
92151
73181
73200
70660
72520
71221
73181
69611
71961
71901
71921
71611
69391
73010
74860
70731
70721
71091
75031
76271
72001
70781
70191
73521
73071
70491
82751
68801
59601
57691
60251
58811
60591
57841
62680
62100
61050
128212
109961
86941
75771
61981
57371
58331
59650
60040
57270
56511
58251
57161
59541
58871
60131
59221
58190
59170
57860
60101
60201
57901
59221
60341
57461
58141
59240
61920
60210
59331
58871
86181
73721
75321
72431
70401
75201
72041
74451
70941
72651
70891
72601
71031
71451
72271
72770
70790
71311
72041
73951
71391
72721
71441
73521
76081
74050
84121
62070
57850
60921
58441
60161
58301
60111
63011
60800
59460
111841
92761
75231
64701
60981
59051
59141
58551
58351
58960
57670
59090
59491
57361
62251
56831
59291
61331
57711
57990
58490
59590
59531
57401
58741
59821
61311
59341
61251
58960
58980
96581
67491
71191
70421
71731
71701
73251
73080
74850
73631
71491
73281
71301
70691
70621
71961
75191
71841
70320
72020
76271
76481
71501
73961
72311
73501
85401
64211
59350
58450
59330
62041
59691
68911
67351
64301
60191
121481
106931
86191
66361
62881
59361
59401
58211
57721
59201
58641
58311
60550
58790
59190
57680
59801
59241
57651
60251
57141
61231
59940
59060
60660
57770
61011
60151
59161
58701
58881
64461
82501
71481
73061
72401
71611
71531
69801
71651
71351
69431
72530
71051
71621
70561
71641
74281
71541
72411
70821
86481
73710
71271
73601
70121
70971
72021
78801
60171
57141
58321
60850
61610
58440
60891
60951
60711
80791
115892
91011
76891
67200
60220
60660
58670
58821
59061
58801
58991
59451
57771
60971
60710
58800
