52321
23620
23160
22370
22310
21810
21821
22170
21130
22911
22150
21580
21461
24280
21570
22690
59120
57491
58250
59240
57081
57040
56481
56941
58230
57281
56791
56210
57411
58161
58570
56621
56470
56970
57841
58180
56310
57961
56930
60501
57071
59330
58031
57331
59420
57331
58240
56370
56661
57760
59150
59161
56440
55941
59541
59490
59241
56791
56250
57581
57830
58950
57801
56680
57160
59231
57970
58950
57601
57600
59360
58031
56410
55451
56981
56650
58801
57581
54490
59561
60310
61090
59941
57530
57880
58971
58830
59601
57741
56450
57451
60781
57550
56971
56461
57420
59181
57660
57340
55761
56990
56870
59591
59690
102251
64451
60020
59971
58361
58190
58021
59581
59560
58751
57450
56720
58351
58720
59960
58741
56560
57481
59551
58620
58801
58080
58130
57211
59440
58250
57051
58980
59490
58731
59260
58330
57911
59230
59421
59881
58250
59551
60571
58310
59571
57231
58080
57121
59060
58700
59171
58240
60261
59841
60940
56911
56981
56510
59001
58751
66030
59611
59420
62050
59681
59160
59451
63961
59930
62751
59541
57900
57291
57351
60370
57401
57310
57360
56071
59080
58280
59461
57230
57211
58751
57700
58841
57681
56710
59401
59580
106871
60891
59761
58880
59021
59190
59720
56281
57230
58910
58081
59840
57051
56861
58420
58641
58620
57370
56951
58220
57770
58541
57960
59220
57971
58720
60430
59841
58890
57701
58961
58170
58011
58421
58020
58701
57990
58200
57631
58380
58410
60531
57860
57911
56741
58480
58641
58501
58480
57131
59641
59280
61251
59750
57220
56901
59840
58110
58561
58040
59221
60721
58280
58901
56591
57860
59291
58880
59110
56441
56830
60040
59371
59340
58560
57841
58900
59081
61951
58420
56431
59221
60330
58221
58401
56200
58521
58340
58290
57921
57170
58950
57581
58580
57661
56481
56140
58531
62341
61080
60041
57230
59350
61431
58750
57320
57391
57860
59101
59781
57840
57281
56191
61160
60561
60010
61530
60831
58050
60110
58161
57940
55930
59771
59420
58261
60231
58500
61011
58291
59490
56701
57311
58170
58241
59390
58480
58281
58140
58780
58171
59290
58191
58041
58310
59401
59791
57410
58411
59291
58050
58561
58330
58640
58671
59520
60361
56961
58280
59371
58971
59260
57191
58341
58060
59301
58610
58560
58081
57760
57521
59041
58060
58491
58241
58470
57801
62041
60700
57881
58040
59520
58641
56440
55910
57081
58770
58480
62551
59110
59951
61831
61770
61051
59111
59600
61001
62601
61150
59851
60990
62520
60911
63780
59501
57911
60990
60011
62021
58620
59481
60031
60450
61381
59400
59510
59441
62760
60440
59691
59440
59870
61061
62320
60151
59021
57290
59031
62621
61660
58811
59581
59650
61271
82880
59710
58761
60640
61271
59941
59150
59841
58781
62230
60291
59471
59600
59631
60350
62780
60481
58190
58470
59811
59900
60681
59661
60270
60591
61541
60080
59801
59470
59990
62171
59891
61220
58551
59930
60830
57171
59270
57080
58151
59540
59231
61481
57630
56811
59251
58780
59501
58181
70381
57741
60410
61511
59311
55850
58151
61441
60180
57131
57431
59320
56771
62811
60730
59411
61490
59120
59901
58310
57091
59311
58580
57211
58831
60000
57121
58751
58680
58341
57371
57110
58241
57490
56670
60101
59580
59401
61521
57690
58571
58831
59050
57971
58681
58600
59361
57740
58270
59101
58860
55970
58711
61000
61091
61781
61060
58941
58811
61480
60401
60301
58170
60151
60620
61220
60091
60220
62070
60761
62100
60961
62001
59650
60951
59781
63190
60891
59561
60960
61521
61420
59360
59941
59720
61790
61941
59870
59261
60301
61060
61401
63761
61510
59871
60830
59420
60071
59170
57860
59601
58800
58841
57681
56890
57481
59651
58560
58101
57831
58480
60551
58551
59110
57701
57090
60580
59261
58960
57830
56931
58790
60541
59441
57350
56951
59351
58730
60181
57131
57340
59041
59080
59030
57021
57110
57590
60321
59740
58391
57531
57330
59921
58761
60650
55851
58641
59680
59671
58420
57270
57081
57770
59411
57971
57000
57951
58161
58750
58101
58281
57860
57461
60810
59240
58581
57530
59100
61371
57890
58071
58571
59860
58851
59261
58000
58871
57551
58080
59671
59190
59120
59771
58680
59210
58711
58060
57061
57561
58350
57951
58761
56620
58131
58781
60600
56861
57640
59980
58201
58060
58270
56411
58410
58121
56101
59220
58471
56781
59260
58231
58981
57330
56911
58350
61770
59441
57290
58780
58731
58560
58841
59541
59600
57161
57461
59050
57931
58010
56990
58931
61120
59020
57961
58070
58480
60301
59980
58551
57611
58210
60421
57821
60100
58181
57391
59070
60621
60760
57120
58961
62180
61561
60911
59670
58991
61601
60930
59531
57941
58110
59851
59721
60350
57941
57311
60160
59231
58850
59130
56201
59000
59620
59741
56640
58051
58781
57660
58001
57151
58440
59741
59371
59441
60121
57310
57770
58471
59230
61841
57321
58270
58061
59801
62540
58101
58321
58340
58741
57910
57440
59171
57020
58260
59461
58280
59271
55411
59230
57821
57761
57580
56081
57471
60160
59211
57250
57140
57611
60580
58960
58081
58570
57971
60351
59960
59451
57911
58380
58841
59230
59550
59801
58210
59310
58251
59280
57700
57491
59630
58390
58871
57040
58021
59241
60600
59561
57440
58840
60951
59281
58570
58801
57130
59240
58671
58270
58070
57901
58070
59151
59661
59540
57891
58681
58670
58781
59270
57850
58661
57830
61110
58181
59290
57701
57861
63290
61551
59831
61560
70291
69650
61710
58061
57970
56990
58561
58170
57090
58081
56060
57291
57981
58820
57571
55561
56540
58971
59161
59240
57411
58040
58750
114301
126241
106061
66851
58380
59351
58691
56560
57221
59671
60410
59331
57791
57280
58201
58040
58350
57321
56540
57040
59331
60590
58881
57941
57760
58391
58411
57470
56941
57481
58110
59331
58580
57520
56571
58050
58220
58081
57270
57250
57441
59440
60701
57381
57090
55641
58011
58400
57331
56990
57590
59131
57660
56640
57051
57160
58981
58751
59820
58141
57461
58270
59881
58681
56010
58271
59000
57580
58731
55910
57180
58241
56990
57621
58111
57610
57551
60161
58370
57701
59111
57280
58341
60920
58870
59241
58310
58611
58421
60350
57911
57731
59280
58861
58381
55990
57431
58090
59010
57491
57190
57460
56211
58650
58250
57281
57170
57331
58341
57810
58901
57671
57580
58051
57900
58060
57301
56900
59330
58171
58250
59130
57861
57510
58711
58991
57950
56971
58291
58600
57101
58111
55530
57071
58080
58560
58321
55360
57251
58081
57670
60441
58361
57530
57691
56881
59080
60191
57730
57680
60101
58540
57300
56461
57080
57440
57561
56780
55961
58081
57350
60491
58971
57160
60471
56561
59430
58561
56500
58480
58321
57940
58001
58251
59490
57241
59151
58850
58281
57691
57860
59621
59350
57210
58011
58600
60490
58481
56860
57081
57251
58860
59191
59251
58230
57921
59001
58960
59341
57630
56160
56181
59170
57270
56761
57470
57641
59061
58990
58381
56441
57230
59741
58230
58250
56171
57020
58450
60151
60220
56770
56771
57180
58201
59681
55430
54921
56881
58260
59501
58561
57100
56561
57620
58280
57571
57240
58910
58411
59500
58961
58031
56880
58861
59361
59090
56781
57111
59370
57981
58420
56830
55831
56480
59310
57651
57580
57211
56251
59460
58251
58281
58600
57071
59050
58300
59841
56490
57130
60291
56730
58631
58431
58430
60431
57291
58930
57521
58231
59000
58171
57150
58080
56961
57690
59330
58721
57660
57580
57871
56780
59681
59581
56080
57411
57790
58340
58551
56550
58090
58521
58760
58620
55801
58610
57261
59361
57090
58431
57071
56480
62261
58050
57170
57451
57740
57270
58681
56410
57420
57001
58200
59741
58691
58890
56461
58751
58740
59431
58160
56290
58201
58950
58830
58281
56320
57570
58591
58180
58771
57001
57890
61101
58791
58590
56951
57741
57790
59601
60140
57660
57051
58320
57731
58771
57790
57191
56651
58320
60591
57161
57620
57001
60820
57900
57661
57380
58150
57681
59010
57540
56551
56140
57731
59241
58650
57721
58031
59750
58551
58630
58100
56021
56860
59540
58861
57020
56201
57871
58030
60331
57691
57850
56501
57221
60350
58951
56480
56350
58851
58010
58730
56981
56030
57201
76221
62440
56391
56851
56360
60011
58401
57600
58201
57970
56990
57681
58090
56090
56701
60000
56920
59051
58680
59801
61521
56830
58511
56370
56900
58461
58120
57600
56641
57800
57020
58571
55790
57651
57061
56850
60681
57201
55030
56881
58641
57640
59851
55610
57460
58051
57760
59021
59441
57040
56911
55221
59980
58951
56881
56410
63211
64440
58320
57511
57660
57020
58161
56940
57590
55881
57420
59291
58521
59970
58211
56631
56880
57251
59721
57090
56161
57360
57350
56211
55780
56020
56061
57590
58821
55651
56170
57081
58471
59120
57351
56090
57310
56441
58650
58400
56011
55000
58581
57841
57000
56741
57131
57430
59261
59471
56710
56591
58271
58620
58391
57250
56540
57101
58620
58340
57751
57770
56621
57211
58840
57311
57781
57720
58361
57410
57950
56441
56300
58170
59011
57800
56990
56451
57360
57981
59301
57860
56471
57601
58570
57621
58291
56810
56801
58600
60220
57221
55390
56681
57811
57880
58741
56591
55960
58321
59401
59450
57151
57400
57170
58381
58890
56281
57751
57340
59331
58521
56950
58531
58021
57660
60001
57321
59270
72461
66140
59130
58391
58000
57610
58041
58150
58101
58121
57690
56991
60471
58010
57581
57130
57750
60811
55200
58320
57261
59470
60001
55391
55040
57731
57331
58830
57321
57901
56410
57621
61491
59280
72621
59190
57850
57181
58280
58491
56891
57810
58251
59341
58930
57321
59350
58320
59281
58970
59520
56601
57900
58071
58911
58850
55710
58331
58160
58991
59251
57260
57411
57141
59100
57791
59410
58780
57641
59120
58941
58351
58620
54360
59401
58920
57141
57471
56600
57561
58760
57440
57381
58750
57930
59941
58850
57220
56681
57460
59161
56941
58620
57791
58521
59310
59671
60450
57460
57651
58430
58360
57641
56230
56760
58731
58160
57671
56941
57660
57841
58291
59270
57071
57000
56930
58531
60200
58220
57571
57260
59881
59551
57770
56371
58571
57350
60341
58751
57750
57241
61401
58670
58341
58180
57360
58731
71570
61911
57441
56330
58611
60751
58080
58551
56601
61680
60251
62110
69930
59101
58040
57260
57361
58020
58731
57101
57730
59341
57791
57210
56551
59921
56860
58351
58770
57010
58521
60210
59400
58821
58940
58251
59161
57510
58081
56241
58790
57651
60660
58420
56611
58610
59180
58091
60340
58251
57101
59540
56451
59461
56310
56991
58571
60410
62061
60870
59930
58491
59600
58930
58201
56280
58200
56171
61930
58891
58401
57780
58731
58321
60270
58571
57841
59250
58581
59590
59530
60061
57300
61100
57421
59460
57811
58291
60410
56941
58711
58080
56851
59751
60510
58951
57160
58320
58811
58360
60330
57451
57520
59131
58891
59200
58471
57371
57550
59821
59540
58600
59001
57160
58670
58291
58510
56440
58691
56690
58881
57781
55870
57771
59471
59550
59201
56730
57980
58081
58960
57890
56991
56990
58161
59691
57750
57851
57781
57370
59851
58720
58050
57401
56660
59210
58881
57330
57540
56631
59100
58530
58881
60480
58171
58721
57340
59151
58751
57120
59371
59010
56980
58971
56020
57120
58621
57410
58320
56261
57290
57391
59081
58350
57121
56911
56550
59461
58910
56430
57691
58130
58100
58421
56520
58231
58811
58160
58251
56981
56360
56711
57810
59210
57181
56400
58370
57101
59160
56870
56031
56190
58181
59221
58080
57071
56981
59460
58261
57580
57060
57471
58270
58510
57611
58080
57120
57131
58380
57701
57281
56430
57781
57371
59090
58701
56411
56300
57841
57260
57900
56391
56830
60540
56981
58690
57900
58071
58670
57471
56741
56910
56521
57411
59080
58581
57440
57280
56441
57100
58610
57321
57010
55841
57121
57450
58621
57341
58820
58511
58541
59170
57861
57550
56240
58691
58070
57751
57041
57520
59210
56611
57980
57751
56361
58890
58801
58270
56700
56951
58160
64210
62311
57410
57531
56451
58610
59761
57841
56240
56711
58121
57280
57061
56171
68680
58311
56940
57540
55231
57830
59620
57741
57020
56890
55361
59980
57971
60891
56420
55911
58701
57090
59261
56320
56360
58191
59280
57670
57031
56020
55960
58301
59470
57891
54891
57550
56841
59731
58120
56191
56720
58260
60701
57380
57291
57271
57610
60521
60011
56990
57261
58041
59890
57431
57001
56480
57251
59770
58280
56151
58340
56880
57281
57870
58191
57051
56750
59791
58641
58180
58561
57391
60700
56571
58810
57630
56401
57800
58390
56851
58390
56001
59261
57400
57931
57281
56770
57361
57221
58660
57681
56380
57340
57571
57480
57720
57891
57770
57491
59411
57510
56021
57001
58100
58151
58280
58420
57981
56820
58530
58011
58250
58251
56941
58090
