47910
23750
21780
21340
21750
21600
22960
22860
22500
23240
21260
22490
22330
21870
22350
21160
59110
58670
57830
58630
58540
58960
57680
57650
57270
59400
59710
60430
56290
59980
58650
58810
58560
58380
58640
58030
58050
60380
59120
60210
59690
58590
61050
58800
57720
58250
58980
58560
59020
58330
57790
58520
59820
58110
58600
58170
59090
61000
59580
57720
57750
56400
57830
57970
57520
55550
55980
57310
57050
57270
55400
56320
57810
57990
56880
55430
56640
58050
56880
56510
56620
55610
55890
57590
56970
56310
56870
57010
57190
58550
58310
56830
57980
55510
58200
55540
55830
56830
55950
58440
55010
57020
56320
57300
57360
56480
55400
56270
58860
59840
57330
55020
57070
56710
59240
59950
57990
58600
59870
59680
59410
58710
59080
58150
60600
59970
56220
56950
56100
55380
58670
57840
58190
58000
60240
59470
58890
58560
58360
59840
59300
61770
59780
55980
57950
56400
58690
59860
59450
58560
59250
59860
58320
58390
58670
59000
56150
57550
56930
57210
56970
56340
56920
57000
56940
56530
56110
57520
54170
56490
55860
55840
58060
55380
56140
54960
57660
58700
56770
56360
56870
56700
58190
55630
57730
55500
64340
60980
57090
57290
55850
56380
57930
57550
56010
56080
56130
57370
57260
57050
56140
55480
57640
57510
55590
54950
55170
58950
56840
58940
58240
55730
57270
57860
57860
56600
55380
57760
56110
56850
55760
55430
55980
56610
57040
55250
55790
56760
57050
58160
55400
57530
55660
57330
56730
55770
55440
56640
57330
58820
55470
55810
56360
56830
57770
56800
57230
55220
56130
58570
57350
55470
56540
55160
58420
56240
57020
56770
55430
58900
58230
55640
68980
57390
56530
55920
56600
56400
55410
56630
56940
57180
55630
55120
55960
55340
56790
56500
55530
56460
56450
56370
57390
55570
57180
58760
57070
56630
56300
58460
57840
58350
57330
55590
60200
60240
56190
58020
55600
55260
56820
55850
57680
56440
56520
55950
60410
58060
56180
55040
58150
57800
50080
62140
59420
59170
59610
61870
58780
58420
59660
58430
61040
59210
58670
59670
59840
58840
60870
59700
59910
57090
59120
57440
57220
59130
58060
58730
57390
57400
57550
57140
58490
58870
56530
56280
59680
59080
59570
61910
58980
58240
58740
61760
59640
59470
58160
59020
61080
60170
59910
59040
59590
60780
60280
61510
59300
59560
59440
60520
59390
59300
57890
58810
59560
61100
60100
59440
59470
59820
59770
59470
58840
58220
60440
60600
60000
59600
58850
60880
61450
60600
60010
59640
58830
61380
58740
60530
59230
58950
59120
59610
60940
59220
58920
60190
58930
59330
58730
58480
60200
59600
58580
51240
58980
60580
59830
60470
57690
57400
59590
60090
59870
58260
59550
59670
59030
58370
57950
57320
57750
57260
57080
57020
56910
57560
59910
59350
57520
55670
58970
57330
59240
56660
55940
56770
57550
58890
59370
57510
57740
57310
57590
56890
57640
57620
58340
58660
57590
57360
56450
57720
59060
58970
57540
57790
57710
57770
59750
56840
56730
56380
56630
58430
57230
58110
55960
56730
57270
59260
58060
56160
56890
58690
58330
58060
56440
57440
57380
57540
56380
58030
58090
58070
57370
58480
57420
57010
56560
57680
59700
57270
57580
56450
58140
58190
55930
58290
58030
58390
58130
56260
59420
57280
57220
57730
57160
57830
57430
56640
58770
57300
58160
56790
57250
59520
56420
56140
57440
56820
58930
57820
57770
55780
57360
57630
57570
57330
56910
57970
57840
58600
57680
58410
56520
58320
57880
58080
57420
56610
59290
61390
57960
56690
56720
58740
56740
58080
57190
57830
58880
56710
58530
58550
56800
57050
59510
59300
56540
57440
57950
58810
57990
57130
56340
57330
56470
58700
57670
57000
57670
57600
57570
56420
56360
56430
55660
59220
58510
57670
57880
57540
58690
59360
56610
58330
56410
59270
57560
57200
57340
56660
59520
58800
57400
57300
56870
58080
58590
56870
58130
56810
57140
59010
56030
57840
56440
57770
58850
58720
58420
56020
55820
58440
57450
58030
57160
55770
59790
59330
60120
60870
58230
60600
57820
58270
56010
55250
60680
58300
58470
55710
55810
57430
58830
58070
56850
56200
56900
59480
59380
56290
55940
58840
57550
58890
59230
56950
57290
57630
58570
58230
55710
59180
59040
58130
57460
56200
58530
56650
58040
58040
55160
56840
56560
59060
57020
57650
56760
57030
57350
58660
57650
56500
55980
57310
56870
56620
59370
58180
57830
58290
57690
59200
56440
56530
58340
56720
57660
56540
57870
58130
56830
59290
58090
57100
57470
58560
58680
56590
58420
57360
58480
58770
56040
59630
56480
56970
59690
57350
57840
58140
57700
57730
57470
56620
57660
57260
59090
56750
57210
56180
57410
59230
56520
55550
58880
60370
57450
58140
56960
57530
57770
58340
58390
56970
56960
55780
58540
59850
58080
55760
57050
59040
58140
57230
60320
57230
58920
59070
57780
56920
56050
59150
57860
59010
57650
56220
57570
57720
58770
56360
56780
57020
57100
58270
57180
56160
57020
57860
58510
58320
57410
57590
56330
59600
56370
56780
57040
60020
57590
58100
56700
56490
57180
58630
56870
57490
56640
57140
57400
58070
57260
57500
56420
58410
58260
59750
57600
57270
57280
59370
58090
57340
56870
58040
57860
57520
58330
57900
59410
57080
57190
57370
57850
57780
59080
57520
57470
57170
57420
58670
58590
56650
57030
56130
56480
58440
58730
56480
58420
57900
57450
58980
57290
58090
57780
56600
58050
58350
57260
57550
57270
59350
57470
57130
56860
61590
59560
58260
55700
56620
57660
59090
56470
57510
56650
56740
57510
58210
57330
56610
56880
59250
58730
57800
57330
56480
58970
57440
57640
58130
57390
59730
57740
56700
57660
56290
57260
57760
56500
57910
56280
58190
57050
57230
57070
56130
57560
56530
57130
57090
57110
57220
58700
57960
58340
56890
59840
58780
57890
57420
56200
57000
57250
57880
57860
56860
57680
57420
57580
59170
57110
58310
57900
56880
58220
56520
58180
57120
58170
58250
57060
56740
57510
59000
59100
56350
57410
56540
59110
60100
57510
57620
57490
58330
59220
58820
57850
58160
58830
58350
58980
58190
58900
56890
58900
58810
55520
60080
60510
61520
59540
59360
57020
56480
58190
58660
58100
56090
57180
58860
56940
58830
57650
55690
58130
57540
57990
58690
60030
58190
58180
59000
55760
57720
57080
57170
59830
56570
57040
57460
57840
57980
56910
55640
58810
56230
57570
57910
55620
57420
56600
57990
58300
57950
57780
57080
57980
58000
56440
55540
60400
60420
59970
55560
58820
56350
58140
58220
56450
57280
57270
56980
57740
57410
58000
56680
58390
57210
57220
57820
56050
56310
58000
57310
58010
56560
57200
57600
57380
58310
57820
57470
57860
57750
57680
56030
57310
58490
58060
58970
57360
57060
57620
56100
60550
57670
57650
57630
58650
58140
56480
63550
57010
57000
57470
56140
57290
56270
56910
59340
55000
56360
55940
55500
57070
57850
57120
56530
55680
57590
56820
56030
56540
55440
57560
57230
57720
57330
55980
58430
56580
56200
55290
55060
56830
57760
56930
55480
56530
57090
56250
58490
55980
55890
56940
56390
57090
57810
57520
65200
59610
58140
57750
55400
57450
58870
58220
56430
55720
58140
56420
58350
56500
55000
55050
55800
56950
55900
56890
56450
57060
58040
56750
55620
56890
55390
57350
56060
56730
57920
56760
58040
57220
56050
56980
55990
56580
57990
56230
56480
55290
57570
57250
56280
56190
56050
56980
56120
56840
57050
55690
105540
57290
59830
57060
56900
55760
58560
57810
57900
56980
56490
57880
56870
57770
55980
56160
57520
56030
58510
56080
55010
56420
57880
57100
54310
56360
57520
56440
57160
55590
56310
55260
57200
57810
55770
54970
55530
55640
57840
55120
56320
56180
55350
56800
56540
55130
57240
57210
56810
56840
56320
56960
53810
59340
58340
55740
55870
54920
57490
57500
57000
57030
56010
56450
57940
56280
58120
56220
57150
57160
56510
56770
57220
62980
59450
57210
55930
55260
56790
57730
56690
57570
54840
56610
57230
57470
56400
58140
55700
56850
57550
56160
55350
56750
57120
56460
57450
56240
56180
55780
57560
58340
55270
56000
55400
60110
57670
54610
55950
55330
56130
57520
55220
55800
54550
56690
56330
56910
56400
56300
56340
56810
55800
57580
57600
56070
55710
55700
58000
56670
56620
57780
57250
56940
56670
55210
59050
59140
59210
57230
57820
59670
60000
60210
58370
58060
58440
59150
59630
58350
58080
59080
59030
57770
56700
56030
57950
57690
57950
56050
56630
56980
58370
59030
57630
57420
56130
57770
57610
57170
55470
56590
55660
57520
57180
56220
58440
57010
55230
56450
55950
56110
58480
59310
58690
58770
58300
60430
59180
56340
55930
56770
55560
57620
55930
56280
56500
56610
56910
56210
57760
56450
54970
57170
56760
55860
57570
57570
56860
57490
57560
57180
56190
57140
57630
56990
56900
56630
56060
56580
56900
56880
55830
57000
55870
56960
58600
56710
55920
57090
56640
57700
56560
55590
56450
57250
57400
56340
56290
55500
58120
58410
55120
56490
56780
57490
59320
57220
55730
56740
56160
57500
56000
57310
55020
56200
59250
56410
58240
55610
56060
58320
58210
57090
56020
55050
58050
56870
57090
55300
55140
56480
57780
57120
56530
55870
57420
55670
58480
55620
55810
56400
57840
57150
57460
56790
57170
58640
57710
56760
56610
56840
56870
57310
58130
55090
56380
56260
57600
57450
57680
57170
56630
56830
56680
56460
56650
56340
55410
58560
55670
57040
55980
57710
58220
57260
57040
55990
57000
58030
55630
55830
55260
56380
59020
56610
58260
56100
56870
68060
61570
55900
55700
56290
56700
56320
57580
56180
56170
58420
56240
59370
58210
58590
59730
58500
57750
57900
58570
58660
60160
58960
58130
56830
57160
56700
56680
56650
55190
56820
56280
59100
57540
55640
56590
57860
58110
57450
56860
56560
56760
56870
55940
55330
56680
57480
58350
55580
58290
56170
55020
57850
58140
56890
56860
56750
57880
59080
56700
56750
55290
57270
56960
55030
56940
56230
57170
56660
56330
56470
57160
56620
56610
55880
57250
57120
57690
57520
55920
56050
56260
57150
59460
55460
55950
56000
56450
57160
58500
56490
56290
56410
56040
57620
55560
56450
57340
56530
56880
56230
55060
55790
57080
56010
58450
56500
57950
56280
56490
58700
56270
56590
54650
56930
58050
55390
56920
54540
56980
57540
56230
56280
56090
56370
57040
56590
57630
54940
56940
57620
55930
56460
57210
58080
57500
56110
57460
55640
54660
56980
55070
56690
56400
54720
58870
56880
57830
56790
56060
57220
57650
56810
56260
56370
58320
57480
58080
57330
57290
57530
56500
58210
55980
56770
57830
58040
58280
55940
55850
55870
59840
59490
56120
56290
56760
55020
58940
56410
56450
56530
56570
57820
56410
55850
58000
56560
58140
57160
55630
56000
56080
58410
56230
56180
57100
55470
57270
56820
56700
56600
55870
58060
56440
57070
57210
55430
56180
56560
56690
57120
56100
55760
57270
56900
57120
57160
56540
56290
55990
55340
54780
56350
57550
57010
56740
55280
55040
56160
57860
56810
56740
56300
56890
56700
58050
57770
106450
56440
56100
57590
56300
56740
55900
57840
56800
55770
57450
57520
56770
57340
56680
55580
56140
55440
59030
55940
55450
58650
58920
57900
56400
56080
56210
57750
58000
55910
57940
57620
55120
56650
58640
55470
57180
56000
58230
57050
56760
56580
56340
57960
57710
56720
55590
54710
57290
55630
56410
58960
55690
56620
54870
57710
58040
55280
56490
56930
58560
57650
56520
56270
56760
57200
56750
54750
56590
56450
71610
61510
56440
57300
57060
57530
57820
57610
56900
57380
57500
57550
55730
56230
61950
60880
58950
57150
54960
56540
58520
57120
54910
56910
55940
57840
57920
56100
56690
55540
56010
56980
59650
58470
56150
57250
58150
57850
57340
56640
55810
58870
57490
56250
54900
53670
57470
55450
57660
57020
55240
58990
58060
57030
55710
55500
55040
55300
57060
55340
56210
57140
55420
56540
55150
54430
56870
57610
57650
56590
55630
56240
56860
56820
55540
56320
56060
56150
58900
56680
55890
56160
56620
59360
57050
54830
56650
56820
57830
57130
56650
57570
55440
58290
56520
56340
58470
54310
57270
56830
56000
56210
55740
56210
58140
56490
56530
56660
57040
57260
55930
56960
55630
56670
56300
56340
55830
56820
55670
56640
57770
57580
56440
56840
58180
54340
57510
55240
57170
56110
56380
58280
55720
56560
58420
57290
58170
55990
56420
56490
55770
57760
57240
56270
55740
56910
56250
56140
54820
56960
57560
59990
57270
56800
57140
55240
58850
55600
55920
55520
57180
56730
56190
56520
56480
55780
57520
58280
56620
54810
54490
57560
57540
57020
56570
56020
56140
58820
58320
56630
56830
56230
59420
57260
56210
57770
57930
56440
58600
56880
56460
56380
54860
57290
56140
55600
55550
56260
55670
55930
56170
