80500 
80510 
54880 
49550 
46120 
42030 
44750 
39920 
40960 
41570 
43230 
45150 
42880 
44480 
40230 
40870 
39240 
42540 
42760 
40800 
44030 
38820 
41580 
40980 
42790 
45190 
42930 
46940 
41830 
40710 
40380 
74140 
56310 
57450 
52110 
54720 
53690 
55670 
55060 
55660 
55380 
54360 
53310 
58520 
52020 
55360 
53460 
55540 
58350 
54190 
52270 
55650 
53440 
56610 
54530 
52380 
56470 
61120 
43030 
38280 
38400 
42390 
37580 
40110 
37850 
45290 
43350 
40330 
90030 
80990 
54100 
50960 
36490 
41500 
38960 
38600 
38610 
43580 
39250 
39640 
39640 
40660 
39760 
38370 
40460 
38780 
37770 
38280 
37130 
38230 
37630 
36790 
40870 
39160 
39410 
40810 
41460 
40220 
42120 
39750 
71660 
55680 
54220 
56580 
50470 
55450 
57640 
54450 
56480 
54560 
54350 
57100 
52100 
61490 
52730 
53130 
52440 
54800 
57580 
52610 
57380 
56880 
54430 
56420 
53990 
55840 
57870 
40960 
39750 
41240 
40070 
43000 
41430 
39160 
44610 
40970 
42010 
90140 
63220 
55480 
39250 
39650 
39370 
40440 
41020 
38380 
38500 
39650 
42390 
42110 
39720 
39580 
37560 
39210 
38560 
39830 
36670 
41730 
39850 
39900 
39310 
40400 
39760 
43040 
43920 
42090 
37130 
40290 
73720 
56030 
53800 
55620 
61180 
56650 
55730 
54890 
55830 
51480 
56700 
59660 
55250 
56330 
55100 
56610 
61470 
53880 
58240 
44340 
70620 
55340 
54120 
54970 
50980 
54990 
60130 
41450 
40710 
44570 
43050 
43830 
38980 
43750 
44430 
42920 
42100 
94960 
80500 
59910 
47940 
45940 
43870 
40130 
38510 
38090 
44980 
49450 
42680 
40340 
38740 
39800 
38420 
38690 
48680 
40070 
42370 
41650 
40630 
39470 
38750 
39170 
43650 
42140 
41560 
42830 
39890 
48700 
59280 
61120 
60740 
54150 
54590 
60810 
54020 
55790 
54550 
54430 
59850 
55420 
60400 
56580 
55240 
54860 
58950 
56780 
51720 
54000 
56860 
62420 
59260 
53880 
53090 
60470 
56630 
54010 
41460 
38220 
47180 
41270 
38490 
40250 
39340 
43750 
46560 
93120 
90160 
66360 
56050 
45210 
39600 
41250 
37400 
39190 
38990 
43470 
39560 
39080 
38250 
38680 
42350 
42220 
40040 
39720 
40610 
40210 
44340 
40070 
38310 
38980 
42210 
44010 
44810 
41430 
40200 
40320 
41880 
73870 
58380 
51810 
58490 
60300 
54440 
59660 
52760 
54520 
55900 
56560 
54780 
54910 
56100 
56560 
53890 
60930 
63030 
58400 
55720 
58720 
57360 
53240 
52450 
55460 
53380 
60470 
39780 
38900 
40560 
40510 
40090 
39530 
37220 
44760 
49650 
42110 
86540 
77740 
59680 
46550 
38140 
41770 
41370 
41600 
41090 
40920 
40090 
36870 
38740 
39210 
38600 
39480 
39200 
39480 
40020 
41140 
38650 
38990 
39040 
41250 
43230 
40630 
43140 
40130 
40760 
39080 
38880 
65790 
59550 
54630 
54400 
53980 
56350 
53780 
52540 
56180 
56070 
54690 
56060 
60150 
58290 
53860 
54030 
55730 
51350 
57100 
54100 
55400 
58410 
53880 
55270 
56210 
55580 
73850 
43520 
42420 
38120 
39670 
42560 
39050 
39690 
45360 
41890 
43780 
93060 
87760 
67570 
54750 
41160 
41940 
41920 
44650 
38290 
39440 
40660 
37950 
39610 
38470 
38360 
39210 
41030 
39510 
38620 
38120 
38910 
38530 
37860 
38370 
43500 
40940 
39590 
40600 
43140 
40990 
39260 
40620 
74060 
56980 
58750 
60560 
63770 
52960 
59170 
56100 
53240 
58360 
54660 
53870 
56160 
56190 
56860 
49970 
54800 
59680 
59440 
61050 
54130 
54410 
56750 
53190 
54300 
55180 
60180 
44250 
39990 
39950 
41810 
39360 
40240 
41410 
46550 
44600 
39220 
88570 
75500 
56730 
41790 
37690 
41380 
39380 
38840 
39550 
37340 
38340 
39050 
38910 
37610 
40940 
38780 
39440 
38530 
38100 
40430 
37620 
39350 
40120 
39060 
42310 
37500 
45260 
39720 
42380 
42660 
41330 
71830 
58600 
57050 
56690 
54610 
53070 
56990 
60890 
55290 
56920 
52940 
54760 
59290 
59730 
58900 
59260 
56590 
57310 
53370 
56450 
55250 
63820 
54620 
56220 
55540 
61440 
66470 
42890 
46340 
42190 
43580 
38350 
42410 
42330 
46740 
49490 
40130 
94690 
85550 
63880 
61240 
45040 
47490 
40910 
40650 
39260 
39620 
44100 
38630 
45310 
40870 
41680 
37280 
44940 
45300 
41100 
41650 
39400 
42650 
38070 
38670 
43660 
40380 
46490 
42140 
40920 
42500 
45350 
45070 
74810 
61160 
56870 
58100 
54920 
56820 
61930 
57570 
61370 
52910 
60780 
54440 
56970 
60460 
54950 
61410 
58160 
55430 
54970 
59300 
61070 
56660 
61220 
59590 
56640 
55800 
64680 
43760 
42900 
43280 
42470 
44420 
40220 
43960 
47020 
43930 
46130 
92450 
75680 
55760 
47780 
46730 
40210 
42580 
40200 
39540 
39750 
40600 
44720 
40670 
41390 
41460 
42330 
39480 
41570 
40740 
42540 
42450 
39070 
43360 
39380 
41630 
44340 
44440 
42150 
40540 
39430 
40670 
75050 
54800 
61610 
53670 
56220 
55670 
54580 
58220 
55290 
56490 
56160 
55130 
57150 
55090 
58480 
56260 
55240 
56560 
54930 
54340 
58460 
55770 
58420 
53320 
52740 
64020 
64100 
41290 
41060 
38260 
42310 
42640 
39020 
38390 
46080 
43880 
40940 
93010 
80960 
58480 
47020 
39610 
39410 
39620 
38050 
39520 
40700 
39740 
41010 
37100 
38450 
39460 
38240 
82630 
46350 
39830 
41480 
39010 
37790 
39780 
38210 
41510 
43770 
42210 
42710 
39980 
40800 
42740 
46470 
67330 
58970 
56260 
60680 
55330 
54480 
54330 
55520 
57720 
57400 
55070 
57870 
56420 
57730 
53080 
53770 
55640 
53210 
58120 
54240 
56050 
57440 
53350 
55740 
52800 
55000 
58070 
42540 
37000 
40340 
41370 
41010 
39140 
40970 
48930 
42680 
61900 
86960 
64990 
55960 
40770 
39170 
39190 
39550 
41240 
41110 
40710 
38260 
39190 
39270 
37810 
38600 
38720 
39650 
38640 
39870 
39260 
40460 
39770 
37360 
39210 
41830 
39640 
44300 
42100 
40040 
40730 
38510 
75280 
55820 
56630 
58470 
55570 
57220 
55300 
57660 
57140 
55530 
57820 
56650 
53090 
57550 
57030 
59120 
55670 
52160 
57680 
54260 
59320 
57770 
53950 
55040 
55330 
55840 
63100 
42100 
42430 
39110 
40060 
40980 
38570 
40290 
45380 
43160 
46960 
89150 
79820 
59410 
46540 
44190 
39220 
38210 
40090 
42210 
39450 
39910 
38870 
39540 
38770 
38120 
38230 
40630 
40470 
39170 
39930 
39200 
39420 
40120 
38190 
41390 
41820 
41940 
39170 
40090 
42540 
43640 
62360 
57860 
59230 
65090 
51780 
56190 
54990 
54430 
60610 
53160 
56780 
53470 
57150 
55970 
54610 
57840 
52920 
54370 
54560 
56890 
57380 
55290 
53250 
57990 
55110 
57270 
63340 
43260 
41250 
39330 
41630 
40600 
39060 
39920 
42890 
44590 
41850 
89630 
82490 
66870 
53800 
48020 
39340 
41930 
38320 
40160 
40140 
37080 
38170 
38460 
41500 
39090 
38800 
41080 
40670 
40150 
40370 
39130 
36950 
39420 
38640 
40320 
39700 
42410 
42750 
42400 
38970 
41140 
39140 
78580 
57880 
56080 
56060 
56590 
56400 
58440 
57310 
70630 
59580 
53810 
55530 
53440 
62860 
57590 
52940 
56870 
57320 
55250 
57280 
55750 
57650 
53880 
54020 
57360 
54420 
61140 
41370 
38970 
46620 
40270 
39190 
41480 
41660 
49270 
42120 
40080 
94290 
76450 
58090 
48340 
39420 
43120 
41690 
37920 
39140 
38520 
39290 
39680 
38910 
39720 
38010 
39530 
38470 
39060 
39320 
39440 
38020 
40590 
40820 
40100 
40520 
39920 
43110 
40970 
38850 
40920 
40620 
70930 
57650 
54440 
57110 
54920 
56720 
56370 
52270 
56590 
55160 
55690 
54420 
56180 
56490 
59420 
55440 
59080 
53990 
58400 
53260 
53180 
56810 
54370 
53840 
55670 
57490 
63660 
42390 
39050 
40060 
40340 
41680 
39900 
41690 
46740 
41030 
42890 
91720 
82120 
61790 
50580 
41740 
40980 
41560 
40390 
43320 
39320 
39310 
38350 
38520 
39880 
40150 
40620 
40170 
38560 
40150 
36600 
39270 
38640 
39280 
40520 
41850 
42380 
38780 
44010 
41870 
38010 
41640 
40700 
75850 
56480 
56860 
52900 
54020 
56590 
57490 
57970 
57650 
57860 
58770 
54300 
57200 
54570 
57050 
55270 
52840 
57620 
55280 
56680 
55530 
54970 
55360 
57620 
51330 
56650 
59870 
49300 
39310 
40030 
41240 
42840 
39880 
41530 
43810 
42810 
40220 
92610 
71460 
55190 
43620 
39130 
40260 
38540 
38000 
42970 
38560 
40940 
40980 
40340 
47510 
44300 
39500 
44200 
38240 
36630 
40340 
39270 
41680 
43180 
39510 
41360 
40600 
40790 
41800 
42560 
41820 
41760 
76450 
58890 
54820 
53980 
56120 
54750 
56340 
55170 
54650 
55960 
53980 
58210 
54600 
57320 
57840 
55170 
54360 
66280 
54930 
59240 
55020 
57410 
56830 
70420 
60820 
59050 
61440 
46290 
38050 
40510 
40420 
40260 
41310 
37560 
44680 
43660 
41420 
89030 
79630 
59480 
55010 
40560 
38040 
38840 
37810 
39640 
37680 
36960 
38380 
62550 
42910 
43140 
40420 
39320 
38970 
39480 
38850 
37890 
39550 
39520 
37760 
41650 
42400 
43210 
41560 
40440 
41730 
42340 
43350 
71130 
54760 
67310 
58160 
51650 
58060 
54830 
56660 
56460 
53250 
62300 
52310 
57470 
55170 
60170 
58410 
52870 
85580 
82530 
59630 
58850 
52410 
57350 
55850 
55380 
55860 
60620 
38720 
39970 
44320 
42250 
42390 
38280 
42290 
45560 
45520 
42070 
91370 
69380 
52140 
47110 
41740 
40190 
38430 
38250 
41320 
43900 
39160 
37850 
37820 
37240 
41150 
38870 
38820 
40570 
40650 
42710 
43040 
38520 
41500 
39120 
41700 
46170 
43320 
43010 
43220 
43170 
39560 
76950 
55440 
62770 
62810 
55030 
57340 
51390 
57940 
55320 
58270 
57490 
52500 
57570 
52780 
60920 
58670 
52910 
56420 
55970 
52610 
63950 
52820 
57190 
53950 
55990 
61810 
61370 
40240 
41580 
38460 
43940 
42750 
39710 
40030 
45500 
43890 
45990 
87610 
81360 
62460 
46710 
40930 
37540 
39830 
38190 
41420 
39980 
36940 
40320 
38570 
40130 
38960 
41080 
42560 
40510 
39200 
37830 
37910 
38740 
38360 
39230 
40730 
44340 
42230 
41260 
40550 
39030 
40580 
53960 
60760 
56530 
54670 
55270 
54820 
57550 
56460 
55450 
55810 
67710 
70150 
58340 
55070 
59910 
55690 
55320 
57180 
54130 
55370 
58480 
54300 
58420 
54450 
51120 
55390 
54100 
51860 
43140 
37120 
42410 
39700 
41200 
37960 
40330 
46900 
47820 
96330 
91640 
67610 
59540 
40730 
39530 
38430 
39180 
39630 
40460 
38410 
38980 
39260 
39460 
40080 
41650 
40400 
39290 
38620 
39460 
38430 
40900 
38020 
39480 
40610 
41590 
38120 
41850 
41800 
42100 
40360 
38460 
76060 
60810 
53020 
54710 
52790 
57420 
56110 
53370 
55690 
56990 
56260 
57700 
54350 
56900 
54500 
56740 
53770 
58270 
57080 
53870 
55890 
56880 
55540 
56810 
53150 
51470 
65480 
42250 
39720 
41740 
39430 
41980 
39020 
41250 
47620 
42440 
43100 
91060 
77500 
56210 
44520 
40540 
40820 
40750 
39510 
38510 
38300 
40270 
39310 
41100 
38680 
41040 
40100 
39530 
36550 
38320 
36770 
39130 
40010 
40460 
39270 
40460 
40950 
40630 
39250 
40130 
39980 
42540 
71470 
56280 
56470 
55930 
53060 
54950 
56600 
58990 
57940 
52750 
55420 
54210 
57360 
59460 
55320 
58680 
56230 
57170 
55620 
53680 
58570 
54780 
54290 
54510 
55330 
66610 
64150 
44150 
41040 
37740 
43090 
41370 
41110 
41180 
45630 
42020 
41730 
90380 
83230 
62680 
51570 
45180 
40650 
37970 
39020 
37570 
40160 
37490 
39110 
38410 
38210 
40040 
38780 
44380 
40220 
39730 
39340 
40290 
39360 
42660 
38830 
39650 
41210 
41370 
41790 
41340 
38570 
41900 
39940 
78080 
57780 
54100 
54840 
55700 
54300 
58940 
55630 
54440 
56550 
54590 
54360 
53580 
54730 
58500 
59240 
57830 
53770 
55990 
56980 
56610 
51740 
56210 
57280 
57500 
56580 
59410 
44750 
38170 
41590 
42080 
41380 
42340 
39760 
46730 
41140 
41140 
91140 
72060 
55400 
41020 
37960 
39810 
37710 
38640 
39140 
38050 
36700 
41960 
37940 
39150 
40300 
38020 
39310 
37810 
39390 
39920 
39370 
40470 
39990 
46470 
52330 
42370 
43730 
39320 
39220 
40650 
40450 
73720 
57860 
53330 
56200 
59310 
54570 
56020 
53470 
55280 
57130 
53830 
56350 
56030 
58430 
57440 
54000 
56280 
53030 
55210 
54620 
57590 
56960 
52730 
55960 
56040 
56100 
65510 
40450 
36610 
41200 
41270 
40900 
41120 
36570 
48300 
41560 
41720 
93320 
82150 
57460 
49760 
39670 
39740 
38680 
40750 
37100 
41160 
41610 
38290 
37610 
40250 
38840 
40500 
37420 
38870 
41270 
41410 
37140 
39700 
38790 
38880 
41500 
39700 
43580 
43450 
42180 
41270 
39200 
40430 
73260 
56530 
54700 
54450 
55580 
55150 
53990 
58980 
53650 
57200 
57160 
53780 
58770 
54740 
54780 
56260 
56350 
56200 
56580 
54390 
59120 
55690 
57610 
54650 
54820 
56940 
59120 
42690 
39330 
39170 
41420 
39310 
38520 
41260 
44850 
44350 
38950 
93050 
72170 
54340 
40610 
40040 
39380 
38650 
38630 
40140 
40960 
38890 
39290 
38870 
37640 
82610 
43500 
39480 
38670 
40410 
39540 
38910 
37020 
39570 
38490 
42630 
41490 
46160 
42750 
41840 
39170 
42780 
73650 
58140 
60060 
53550 
55260 
52920 
57190 
57460 
60460 
58170 
57440 
56020 
53920 
55700 
55570 
52650 
53450 
57450 
56090 
57150 
55030 
55600 
57940 
55320 
52800 
56580 
60620 
44530 
40620 
37560 
43010 
39080 
42340 
39050 
48430 
48250 
39400 
90280 
82050 
61880 
46490 
37860 
38660 
39490 
39980 
40490 
38720 
37660 
39130 
42620 
39130 
42420 
39120 
42340 
40010 
39540 
39430 
39840 
40140 
41250 
38780 
40750 
40190 
42340 
38670 
40270 
41410 
39700 
51390 
64640 
57400 
54750 
54330 
54510 
56340 
56600 
51900 
57030 
54390 
55430 
54120 
54300 
58080 
53090 
56180 
55570 
59880 
58060 
59420 
56840 
56140 
57730 
59720 
55240 
54720 
55430 
40230 
41000 
44130 
41880 
40710 
37610 
46060 
45970 
42330 
90710 
89850 
66960 
54280 
41840 
44400 
43210 
38920 
39440 
38140 
39410 
40390 
39950 
38600 
39830 
40600 
40390 
42370 
39120 
38150 
40630 
40580 
39890 
38560 
41300 
41560 
41130 
41260 
42320 
41340 
40450 
40220 
81190 
55290 
55550 
54360 
54990 
54690 
52980 
56550 
57520 
53780 
56870 
54050 
55500 
54360 
52500 
57520 
60150 
56270 
60430 
58320 
70720 
58660 
53430 
56110 
52770 
57320 
72510 
40820 
42380 
39880 
43650 
39640 
39210 
39900 
45750 
42820 
41890 
90160 
79650 
54670 
47540 
40350 
43740 
37990 
39050 
39230 
39560 
37970 
38200 
40200 
39310 
39600 
41540 
37470 
39190 
38630 
39100 
39250 
39710 
40410 
38400 
41720 
39420 
41710 
41100 
42770 
40570 
44630 
68840 
54880 
56840 
56110 
56540 
59870 
56690 
56870 
54620 
59540 
56860 
60790 
58950 
54630 
58840 
54170 
57890 
59260 
53390 
55380 
56830 
58330 
60420 
53240 
53940 
57090 
62510 
43870 
42090 
37120 
42340 
41410 
38750 
39780 
53140 
49830 
41430 
94140 
81440 
65370 
59050 
42160 
40300 
39690 
38890 
38820 
39470 
44780 
38510 
42280 
39650 
42110 
40700 
