111950 
83300 
72650 
79570 
78570 
78470 
76660 
77390 
76450 
76070 
75570 
74250 
77040 
78920 
77350 
74260 
72740 
69310 
70500 
69000 
68900 
68440 
73170 
71770 
70370 
69940 
69040 
69280 
71830 
71390 
71050 
70780 
70100 
71440 
67990 
68460 
72280 
70600 
71600 
73300 
68440 
72180 
68590 
70240 
72590 
70910 
74290 
69810 
69070 
72930 
71350 
65900 
68150 
70500 
71880 
76340 
67230 
72460 
70760 
73340 
72950 
71220 
68610 
70590 
70670 
71070 
73500 
70230 
68250 
70020 
73120 
73000 
75400 
69360 
68470 
73610 
67920 
71610 
70960 
71570 
74040 
69730 
72160 
68690 
70330 
73100 
68920 
71840 
73900 
69650 
73390 
71780 
69690 
66460 
70040 
68380 
74560 
77750 
72230 
69200 
71900 
69360 
69170 
68180 
67520 
76410 
70040 
69820 
69040 
68410 
69050 
71640 
70040 
72190 
67810 
68930 
71230 
72910 
67620 
70600 
74590 
68520 
73390 
69090 
70780 
66940 
70330 
71530 
69520 
69050 
71470 
71350 
71210 
71690 
70220 
74420 
69160 
72590 
70430 
69890 
67250 
72690 
76890 
70130 
69420 
69520 
69860 
70650 
72220 
69650 
72350 
70110 
71300 
74610 
68710 
68030 
70870 
72090 
69280 
68240 
67580 
73390 
70270 
67790 
69510 
68600 
69090 
70570 
69320 
71190 
67340 
70460 
70700 
81450 
71660 
68240 
67450 
68690 
71080 
69190 
69800 
70490 
71970 
71690 
69610 
70270 
70240 
66090 
71630 
70370 
72600 
70150 
69750 
67760 
69880 
69200 
70580 
68890 
73290 
72750 
71430 
69980 
69500 
73050 
68410 
72150 
70600 
73810 
77190 
75110 
72790 
69300 
69960 
72790 
69210 
71910 
67590 
73090 
69960 
70650 
70250 
70320 
70520 
68150 
71290 
72510 
69600 
70610 
70170 
71870 
73680 
75570 
71310 
72430 
68570 
68930 
70960 
71820 
69190 
70120 
71410 
72660 
70840 
71520 
66740 
69600 
68070 
69830 
69740 
72200 
70770 
68810 
71950 
71810 
70350 
72710 
70860 
68660 
69350 
67580 
71910 
69640 
71670 
77180 
71560 
72680 
68920 
74300 
68230 
70780 
65910 
71380 
69170 
71750 
68750 
70110 
69410 
69780 
70590 
71300 
70540 
70880 
69820 
71310 
69010 
72590 
70460 
69110 
71950 
68970 
70640 
65430 
70560 
68070 
70450 
71430 
67430 
70010 
71380 
72130 
67350 
66890 
67940 
67160 
70230 
68640 
71350 
71130 
69680 
79670 
70650 
69670 
69790 
73530 
68550 
70740 
73320 
72120 
70600 
72300 
70660 
69550 
70110 
71080 
71450 
70880 
69720 
69070 
71010 
68770 
75280 
73230 
69730 
78910 
78040 
74280 
68130 
71200 
72040 
71980 
71400 
69430 
69250 
72460 
71200 
68850 
73140 
70840 
71520 
69920 
70160 
72550 
67590 
71040 
73160 
70360 
71360 
68740 
70220 
72120 
71010 
70590 
70780 
69380 
73730 
73350 
74300 
70470 
69450 
69390 
69640 
76090 
68990 
71490 
69200 
69770 
70410 
67180 
70060 
67690 
68920 
68930 
71610 
71550 
72170 
72780 
69700 
71090 
69620 
70960 
70220 
76150 
70030 
71490 
67860 
70210 
68780 
70380 
69410 
71040 
71370 
70560 
69500 
72080 
75870 
70940 
69850 
69070 
73580 
71580 
71760 
67860 
73510 
73710 
69620 
70360 
71030 
74170 
73460 
68660 
67710 
70250 
69440 
71410 
67880 
70130 
71340 
68230 
72290 
74230 
70230 
69610 
69550 
72990 
69080 
71350 
68990 
71160 
71460 
71660 
75540 
68010 
69170 
69250 
69650 
68330 
69430 
68460 
70780 
71690 
68100 
70030 
68080 
70240 
73830 
71620 
71650 
66790 
72290 
67870 
73180 
67540 
68800 
70290 
74190 
69480 
71760 
70110 
70580 
68870 
71420 
68440 
71660 
68650 
69830 
68210 
71650 
68830 
68420 
68270 
71300 
71220 
71220 
70720 
70120 
70260 
71420 
72380 
70500 
70440 
69350 
73450 
68860 
71150 
67330 
67020 
74920 
70480 
71960 
68380 
72180 
70210 
69900 
69020 
70010 
71040 
70230 
70970 
69070 
65270 
76260 
72570 
67820 
74230 
68530 
68470 
70960 
72180 
70150 
72790 
67120 
72360 
69210 
71580 
71610 
70820 
75240 
69000 
73180 
69460 
69210 
67720 
72050 
74890 
68660 
67790 
70130 
69300 
71430 
69740 
72480 
68900 
69840 
72730 
68990 
69590 
68150 
72090 
71630 
69410 
68200 
71510 
70150 
73590 
79530 
70850 
71880 
67680 
70960 
67740 
70080 
70820 
69650 
70590 
70480 
70670 
66860 
71050 
68410 
72340 
68910 
69780 
68800 
70780 
69170 
70890 
68690 
72480 
70160 
75970 
67360 
75400 
74070 
73780 
71180 
69880 
67430 
66950 
66900 
71200 
70510 
81000 
46440 
89490 
85980 
83800 
70970 
70530 
69320 
68970 
71220 
70780 
70970 
69320 
77160 
71190 
69040 
69350 
68090 
76410 
71980 
74530 
73040 
68490 
72510 
71140 
77620 
74100 
69300 
69250 
68750 
70970 
68010 
71750 
67880 
71830 
71260 
69750 
74520 
69760 
70660 
71260 
69330 
71170 
67310 
67660 
71960 
72110 
71110 
70860 
71210 
73990 
69990 
69520 
68370 
70510 
73630 
69490 
71810 
68180 
70830 
71840 
72700 
74180 
73750 
70600 
70460 
71710 
69120 
68180 
66800 
68410 
71490 
73660 
69210 
68910 
71410 
71370 
72750 
68150 
68790 
67510 
71030 
69930 
71280 
41080 
75370 
69310 
70150 
69330 
69720 
68500 
70120 
68230 
68630 
68880 
67780 
70820 
68530 
71280 
69190 
68030 
68430 
67840 
71300 
66930 
70350 
67810 
70720 
70980 
69630 
68380 
69930 
71010 
76290 
68180 
70210 
69140 
70540 
67350 
68640 
69890 
71310 
71740 
68820 
74210 
68300 
68550 
70230 
72710 
70590 
71010 
67760 
71680 
67960 
70290 
70860 
71050 
66640 
75090 
70250 
69710 
67970 
67470 
70970 
70780 
71040 
70680 
69730 
72750 
68910 
74330 
70670 
68980 
70610 
71220 
70810 
69710 
69820 
69750 
75760 
69740 
71420 
69350 
74960 
73540 
71210 
67350 
67430 
70640 
69430 
72030 
68360 
67200 
71710 
71850 
71410 
68160 
70630 
67120 
69070 
69330 
71040 
69150 
71050 
67980 
71170 
68880 
69730 
68660 
71350 
68670 
70940 
67440 
69450 
67780 
71960 
69210 
72290 
71800 
70610 
68200 
70520 
70120 
71970 
68790 
69070 
68810 
74180 
69890 
69900 
68290 
73800 
73830 
69690 
68450 
72820 
70730 
74100 
74880 
67920 
69720 
68660 
74440 
69270 
70230 
73080 
70800 
71530 
71790 
68620 
85590 
70860 
74940 
73760 
67640 
69210 
70540 
75570 
70430 
68760 
68230 
69780 
68160 
74890 
68750 
69720 
67750 
70470 
70960 
70980 
77040 
71170 
70940 
72570 
71280 
68810 
69390 
68510 
69420 
72740 
70610 
69080 
76160 
71730 
74350 
68270 
68900 
73380 
71100 
73130 
68800 
71280 
70730 
74220 
67980 
77580 
68460 
70690 
67910 
69410 
72670 
68800 
68190 
69310 
70610 
74690 
69220 
71060 
73400 
70560 
71720 
68210 
68190 
68120 
68700 
69020 
73690 
72830 
69560 
70450 
72330 
71640 
67970 
70030 
68330 
74890 
73150 
69750 
70450 
67690 
71880 
68570 
73420 
68500 
70160 
69270 
71510 
69600 
71780 
67890 
69080 
70150 
69810 
73150 
69390 
70190 
70690 
69400 
69110 
69660 
68530 
71320 
70610 
68950 
68340 
69140 
70800 
71950 
69600 
69790 
69860 
70820 
69630 
70720 
67440 
68570 
70590 
70760 
71360 
67250 
68270 
71870 
71660 
70340 
68640 
68620 
71860 
69890 
70430 
71240 
67070 
69480 
71080 
72920 
72810 
68920 
72820 
67560 
71920 
66200 
69700 
73270 
67650 
71030 
67840 
67940 
70160 
69880 
69630 
68380 
69830 
70220 
76560 
72390 
68200 
69830 
69140 
72890 
71960 
71720 
67960 
67760 
68770 
69460 
70480 
71650 
68870 
65890 
73230 
71070 
72290 
69600 
67560 
71410 
69960 
66320 
70870 
68940 
70230 
68680 
70400 
68350 
68710 
75850 
71190 
69880 
71330 
70470 
71680 
70380 
73390 
70710 
69080 
69530 
72960 
69600 
73250 
68590 
71830 
70400 
69690 
68300 
69120 
70340 
70140 
70330 
73100 
70210 
72550 
67860 
68400 
74830 
71250 
69200 
68690 
71200 
72790 
72910 
73780 
70300 
73870 
71920 
71190 
67030 
71710 
70350 
76500 
71360 
74540 
67070 
69100 
70900 
69920 
69170 
73910 
69570 
71960 
70350 
71930 
73680 
69290 
72000 
74030 
69670 
69240 
71600 
74130 
69780 
70290 
75820 
72040 
71020 
67220 
70490 
67210 
74060 
74420 
69110 
71710 
68600 
69640 
76770 
79280 
72250 
69810 
68870 
69160 
72580 
71340 
69910 
67610 
68000 
70960 
69400 
78770 
68970 
68550 
68640 
70200 
72540 
68180 
69010 
69710 
72050 
71570 
70430 
75700 
67990 
69830 
70490 
73310 
69220 
69320 
69340 
71840 
72770 
71480 
70620 
68060 
69610 
68410 
70000 
73850 
68140 
83780 
71150 
76040 
70810 
68770 
71080 
71700 
70690 
69740 
69550 
70120 
73480 
76850 
72880 
68200 
71190 
72630 
70310 
72250 
68620 
70340 
69490 
69190 
68270 
66720 
71550 
69650 
70800 
67100 
69810 
72690 
70740 
74990 
69790 
69060 
69020 
68310 
71650 
71000 
68320 
70660 
68580 
70510 
70510 
70340 
68280 
71710 
70450 
68280 
69080 
68050 
70040 
68420 
74850 
67000 
70690 
72460 
73260 
69450 
71450 
66580 
72150 
70870 
72410 
69060 
70340 
73430 
70860 
75840 
68470 
74620 
68560 
69360 
72870 
67370 
69480 
69110 
69200 
68700 
68340 
69510 
72770 
68670 
77950 
72240 
72220 
68960 
69200 
73170 
71900 
67470 
70020 
72710 
70910 
70860 
69060 
71090 
69590 
70020 
72600 
69370 
70550 
70590 
72080 
72640 
74460 
72380 
68330 
68570 
68730 
74290 
69000 
70020 
69400 
69770 
69970 
72470 
71280 
70630 
70130 
70400 
67890 
71920 
69730 
71420 
68680 
71880 
67380 
70150 
68780 
71200 
74720 
72260 
67840 
68230 
72560 
71520 
71530 
67440 
70260 
69430 
70210 
71770 
68340 
68380 
71080 
73120 
71180 
70120 
68700 
68690 
69170 
69590 
71830 
68050 
75210 
71170 
71150 
68050 
77210 
69770 
73430 
82190 
72410 
68910 
69990 
69080 
70160 
74960 
68980 
69250 
69370 
69040 
69110 
68340 
69210 
67820 
69730 
72020 
69820 
71250 
73490 
69980 
69960 
70240 
68670 
69720 
73800 
71980 
75590 
69710 
67460 
68060 
74590 
72880 
70450 
70350 
70150 
71630 
74120 
72340 
71530 
70490 
68730 
70530 
69020 
67850 
67910 
72690 
67980 
69060 
68890 
75920 
73200 
73860 
72940 
69760 
69070 
75290 
68970 
68130 
70280 
70130 
72400 
76290 
72030 
68070 
68690 
71990 
70690 
69750 
73980 
71980 
73420 
69480 
70470 
69190 
67320 
71570 
72290 
70920 
70870 
69410 
71640 
69250 
74980 
72140 
69580 
67750 
68910 
74990 
69950 
66720 
70460 
71320 
77880 
71150 
71930 
67510 
70210 
67220 
74010 
68760 
68870 
67460 
69920 
69050 
67080 
70780 
67900 
69670 
71400 
67900 
70930 
69140 
67440 
68260 
67590 
71690 
71600 
69790 
75630 
70870 
70390 
68420 
70580 
68970 
71560 
68920 
69560 
68690 
73030 
71790 
73110 
69700 
69810 
68820 
72590 
70930 
68810 
70680 
72430 
68460 
70470 
67670 
69850 
71250 
68450 
70850 
70390 
68250 
73270 
75450 
70720 
71810 
70450 
69000 
69380 
73990 
70870 
72580 
67220 
71870 
68840 
71490 
69800 
69140 
68710 
71180 
69580 
68250 
73770 
68940 
71180 
71740 
69780 
70230 
68210 
72360 
68720 
71430 
69920 
68770 
74680 
72850 
71430 
68820 
73910 
69420 
70080 
71180 
69300 
69160 
70910 
70620 
69860 
69160 
73590 
73260 
72780 
66260 
69830 
70510 
71200 
74230 
70150 
70750 
71010 
72500 
74110 
67880 
72790 
67440 
68800 
69310 
71390 
70180 
72600 
70670 
68750 
69650 
69520 
70510 
70970 
70930 
69620 
70250 
69440 
69000 
69070 
75410 
70020 
70540 
68150 
68530 
72980 
73780 
72280 
72130 
69580 
69500 
71880 
71790 
71650 
68620 
75010 
76150 
69460 
70910 
67560 
69970 
70960 
69510 
69910 
69190 
78110 
74260 
71800 
73520 
74120 
69530 
71640 
69240 
71410 
67540 
71630 
71130 
68120 
73960 
68680 
71490 
71940 
70850 
71300 
75920 
74290 
68700 
69220 
69470 
70190 
65430 
70650 
66380 
72400 
69060 
70450 
70840 
73810 
74640 
68890 
69030 
68550 
72350 
71390 
71770 
76060 
71290 
69460 
69010 
74570 
72550 
68840 
71790 
71650 
69980 
65790 
68380 
74500 
69760 
75740 
69870 
68840 
75900 
72110 
70190 
66780 
70170 
68350 
74140 
70270 
67570 
74050 
67190 
68990 
72020 
69610 
67110 
69510 
71250 
69060 
68360 
67540 
69430 
70850 
69240 
71350 
72900 
69560 
69660 
69440 
69580 
69030 
73300 
67330 
74920 
70590 
73170 
70700 
44870 
80310 
70340 
73350 
71110 
69970 
71320 
69560 
69330 
68850 
70610 
70720 
69220 
70560 
68260 
69390 
67230 
72200 
71920 
70150 
69370 
71020 
69830 
79300 
79480 
70740 
68520 
67610 
72910 
72380 
69350 
69540 
70180 
69270 
71620 
72250 
68270 
69960 
73450 
68130 
72610 
68310 
69980 
69900 
71970 
69120 
68740 
72100 
72430 
72370 
73060 
77010 
70230 
72260 
73480 
68470 
69760 
70370 
72500 
73850 
72180 
70680 
71270 
69750 
74000 
68810 
70870 
68100 
69620 
67890 
72370 
69850 
71260 
68030 
72250 
69660 
72910 
68290 
71750 
66170 
72650 
67960 
71680 
71320 
66570 
72530 
68270 
70270 
68700 
71760 
70990 
68590 
71820 
69880 
68540 
69660 
72220 
68490 
69300 
67870 
71030 
75850 
70750 
69580 
73460 
70790 
71970 
67160 
71200 
67610 
73540 
68870 
71330 
70380 
71370 
69090 
72280 
67490 
70220 
66900 
72190 
68830 
69090 
73360 
71460 
68080 
69050 
70580 
70500 
68760 
68620 
68130 
71650 
68350 
71400 
70970 
71690 
72960 
71240 
65900 
71320 
70570 
68850 
69680 
67340 
74940 
72550 
69010 
76440 
67360 
75830 
72190 
71710 
79730 
72590 
73940 
74280 
72190 
71580 
68260 
70450 
71230 
68990 
72670 
70290 
68280 
67650 
69210 
71790 
70240 
72660 
71640 
71270 
69910 
71150 
68470 
71340 
70180 
70130 
70270 
69240 
65900 
71460 
78880 
70010 
68620 
67160 
69730 
69840 
70540 
72730 
71540 
70110 
69790 
71620 
76870 
74570 
69360 
68080 
72560 
79790 
74200 
69420 
70640 
74460 
69980 
71030 
68160 
73760 
69450 
70050 
74830 
69450 
69900 
80790 
72670 
71890 
69360 
70320 
69240 
72370 
69950 
72540 
67340 
72530 
70110 
70750 
66650 
72340 
67180 
71650 
71570 
69940 
69590 
71180 
68930 
72290 
69400 
73470 
72570 
70940 
72010 
71380 
71670 
69410 
72110 
73510 
71740 
67930 
68230 
67740 
71860 
70360 
70410 
68710 
71520 
69820 
71730 
67840 
69550 
67780 
81240 
70930 
71250 
69530 
69390 
69140 
72310 
68350 
70870 
68840 
70400 
68060 
69270 
70980 
70270 
69070 
72440 
68960 
68250 
67210 
70430 
68440 
72580 
68630 
70420 
70940 
68470 
70020 
69930 
69650 
71700 
69670 
67860 
71800 
76440 
71490 
70260 
68560 
71330 
69490 
72210 
78330 
78360 
69420 
86300 
73080 
74130 
71600 
71400 
70250 
68650 
69250 
69940 
69860 
68510 
72290 
67450 
70660 
69550 
70460 
70380 
71370 
71170 
73410 
70470 
72300 
71410 
68480 
71750 
69820 
70560 
71160 
73790 
69530 
72700 
71300 
69250 
70420 
69190 
71680 
70950 
71810 
70000 
71510 
71780 
70220 
68950 
70480 
73060 
72780 
69310 
69500 
67850 
71280 
70640 
71640 
67060 
72400 
73380 
72230 
70680 
69020 
66010 
71840 
68740 
72160 
