116820 
62100 
58100 
56150 
51240 
59380 
56740 
46950 
50780 
54270 
45360 
53410 
60630 
56020 
51760 
50380 
48170 
60210 
48650 
51810 
30730 
70880 
81450 
33070 
37570 
70770 
78050 
33490 
38860 
69800 
39050 
32120 
68030 
38320 
39190 
36390 
72130 
34820 
101660 
100970 
69070 
73210 
69120 
73110 
42090 
35500 
38250 
40490 
58130 
44430 
52390 
51590 
49130 
56600 
46880 
56510 
59410 
26150 
89320 
89030 
33610 
32880 
29800 
29720 
56360 
60540 
26060 
50180 
25180 
24900 
28650 
26810 
50560 
48080 
53540 
29090 
24270 
51280 
56840 
22270 
52160 
50830 
52230 
51580 
49750 
58080 
50570 
54700 
57220 
25500 
40700 
83490 
37510 
35660 
78360 
36300 
38120 
75890 
38400 
38910 
32860 
74060 
114420 
87260 
35100 
37000 
73010 
64820 
68560 
38720 
74050 
33820 
39520 
36200 
78750 
33660 
76860 
68660 
46970 
24880 
22590 
55240 
50390 
55400 
60060 
60750 
61280 
104190 
98590 
77150 
77180 
26620 
23470 
50120 
59800 
45440 
45730 
51170 
54630 
51480 
49210 
28820 
57290 
26670 
28190 
43840 
55800 
38160 
24890 
52010 
60270 
48970 
48860 
29570 
62260 
51780 
21640 
25370 
60040 
42210 
35210 
61100 
81090 
67290 
59400 
38030 
82990 
20850 
35500 
71700 
36670 
32480 
65960 
35190 
28860 
62650 
65850 
69220 
63860 
64710 
35920 
40380 
103890 
51790 
36010 
78820 
30620 
57790 
46640 
49590 
26130 
57900 
25360 
27180 
64010 
23330 
24480 
47420 
97180 
39190 
26070 
28600 
69890 
46820 
25170 
28230 
61030 
50950 
24080 
27360 
56140 
24860 
27370 
27590 
59170 
24420 
20990 
24570 
31610 
26580 
24810 
56610 
29310 
25590 
22940 
19060 
59200 
26500 
27930 
78900 
73270 
36950 
68080 
36980 
36910 
76260 
37830 
72920 
35460 
36590 
37250 
74860 
70250 
82110 
66700 
77190 
76900 
37550 
34620 
38630 
82310 
35520 
35460 
67710 
98680 
38990 
28140 
54890 
22900 
24490 
23810 
25260 
57260 
54010 
46110 
64980 
90240 
84490 
71470 
67550 
52480 
60230 
42730 
47460 
41400 
58970 
26820 
57880 
27190 
26160 
24880 
46370 
61050 
23550 
55970 
27090 
26370 
49040 
58120 
27100 
26880 
62170 
25330 
58830 
28800 
25880 
27450 
28530 
89770 
32590 
36090 
35510 
76500 
64770 
31910 
33000 
74200 
53260 
36140 
76080 
33200 
35970 
34390 
36990 
74810 
33100 
31900 
39600 
37200 
29040 
71150 
64890 
66440 
66420 
76160 
51650 
44000 
113040 
62860 
36170 
27710 
57160 
24690 
25590 
25200 
104450 
49070 
81770 
37240 
57140 
27650 
52400 
26990 
55500 
25780 
30090 
51780 
51860 
26870 
25660 
29750 
53230 
26540 
27360 
52540 
53760 
24770 
53710 
49320 
48750 
52150 
50460 
56850 
27140 
51090 
82840 
48940 
80420 
39630 
40160 
34470 
69820 
35360 
74810 
37830 
67910 
66550 
78620 
69510 
66570 
65080 
75870 
67370 
69830 
37040 
70030 
34910 
36480 
67480 
75720 
33910 
34740 
36940 
68440 
37360 
27400 
24450 
54860 
26440 
32010 
49960 
53540 
26080 
28470 
29100 
87430 
43960 
70380 
60040 
54230 
51240 
47450 
23600 
28840 
26190 
53720 
47640 
55360 
49890 
51980 
27300 
52780 
26760 
49820 
46000 
54920 
47560 
72320 
27240 
52220 
29480 
31120 
59820 
21720 
22850 
29650 
23320 
39470 
67870 
27000 
69820 
27680 
70700 
23910 
37100 
26840 
76660 
24210 
71280 
31130 
80450 
26340 
31170 
68290 
61750 
62620 
72320 
35040 
36220 
69660 
32760 
64690 
35360 
70940 
53450 
56050 
50620 
40540 
62980 
20800 
18670 
67640 
26170 
25250 
97660 
99780 
38840 
33320 
30770 
57120 
26870 
51570 
26840 
50330 
22270 
26080 
25410 
51990 
27590 
26160 
28080 
92280 
24430 
66750 
54590 
58010 
26650 
25790 
57820 
21780 
29250 
58570 
26440 
25810 
59320 
25750 
43530 
71730 
31340 
74550 
32900 
71510 
63100 
64660 
34700 
71620 
68740 
70550 
35830 
70570 
36310 
36520 
38410 
66870 
67740 
75110 
36180 
76090 
34420 
36490 
27600 
69460 
68050 
65540 
44500 
53390 
47740 
53840 
62930 
17220 
30030 
14580 
66490 
19620 
91780 
75820 
76230 
23500 
55570 
23830 
55670 
24740 
21460 
74880 
25610 
41390 
21140 
49030 
46770 
49370 
57480 
19870 
24050 
53120 
28130 
28950 
26290 
56410 
25840 
53510 
51890 
60120 
52210 
59640 
26800 
93800 
37700 
67440 
33160 
74650 
38290 
39110 
77820 
35840 
36100 
71180 
37090 
68200 
60750 
81190 
65340 
56620 
79830 
74870 
32970 
34780 
68460 
31260 
40650 
26920 
37680 
80510 
37840 
55890 
47940 
58860 
26070 
24600 
26230 
59430 
31350 
29220 
25410 
147760 
71890 
93480 
55820 
60020 
26370 
24120 
55760 
22430 
22570 
49650 
26770 
22600 
22010 
52260 
46480 
50730 
22230 
29640 
25570 
45150 
57170 
20710 
49950 
46040 
50800 
17650 
36170 
20090 
29750 
60950 
26310 
79770 
35880 
32950 
73140 
67530 
71490 
74030 
36730 
66650 
34310 
37080 
69740 
36170 
35850 
65480 
64570 
36600 
74990 
62180 
36920 
35920 
75690 
67700 
75020 
69980 
62150 
73150 
66950 
22400 
21980 
20530 
20350 
54040 
27930 
71920 
68950 
25390 
101630 
40070 
39310 
69620 
50180 
44300 
61340 
47210 
48360 
58570 
20560 
25870 
23560 
26110 
50380 
23920 
53390 
24410 
26610 
53380 
23510 
24590 
54720 
24570 
24020 
24470 
50510 
28070 
52700 
24800 
48730 
23770 
82300 
34860 
35340 
76180 
36400 
37470 
74190 
32920 
33440 
34040 
66230 
36270 
72780 
37310 
39090 
68450 
33890 
76080 
34940 
33760 
68550 
36190 
37570 
69600 
33640 
35280 
77520 
62520 
55330 
54950 
52160 
47740 
48560 
79350 
26060 
76060 
56160 
26490 
100660 
84260 
69410 
61330 
26550 
52710 
26300 
51890 
23080 
46100 
43580 
56510 
27720 
57210 
25770 
25900 
55760 
25800 
19330 
46260 
21590 
23030 
49760 
48340 
51970 
61930 
26690 
49330 
50330 
58360 
26270 
24850 
44760 
74520 
35260 
39170 
67010 
33940 
69900 
67700 
67400 
64780 
60730 
75280 
37500 
67190 
36900 
39010 
68200 
65440 
81170 
66980 
61440 
36240 
37020 
36660 
104040 
35490 
96550 
45410 
86870 
69660 
28080 
49540 
27170 
26180 
65610 
27670 
45700 
104880 
46230 
78210 
37690 
28890 
60370 
52170 
48840 
62130 
21910 
24040 
23420 
53810 
53760 
51270 
40850 
54040 
49130 
47300 
55360 
25900 
48480 
24710 
56530 
49860 
26540 
28660 
27170 
57610 
21940 
58280 
45020 
86790 
64620 
64890 
81490 
34510 
39340 
72970 
40190 
35780 
76060 
32530 
36610 
71990 
32580 
40310 
67670 
33520 
66000 
67610 
26970 
68320 
35310 
67310 
35880 
36080 
28620 
41990 
27460 
26560 
24780 
26700 
52780 
27530 
26160 
63350 
28370 
29090 
102430 
43040 
39470 
35280 
25560 
51760 
19930 
27210 
24950 
25170 
28700 
52950 
24400 
27270 
26990 
52380 
25690 
50950 
47450 
49610 
53520 
27430 
45560 
50210 
48290 
51470 
25670 
54590 
51400 
63150 
19610 
51720 
26380 
42300 
35120 
37260 
36290 
78300 
36810 
37580 
36660 
68810 
36600 
70460 
63780 
77040 
34750 
71230 
72790 
75720 
64850 
114300 
36860 
106630 
37400 
38280 
41700 
74060 
36130 
39780 
27770 
56320 
31030 
34260 
29320 
54810 
23940 
34190 
29290 
57460 
48160 
88870 
21820 
56720 
46980 
49440 
26910 
14712400 
57300 
16350 
29310 
51030 
48700 
25590 
59930 
27070 
27580 
52410 
25530 
27440 
30340 
25750 
46750 
26310 
27860 
57470 
49180 
50280 
45050 
92260 
48090 
43010 
46630 
77320 
35290 
39900 
74890 
31620 
76590 
36070 
30450 
80990 
33620 
38010 
34210 
39980 
38440 
35920 
78440 
35390 
31890 
75430 
33120 
32810 
38980 
36430 
84140 
74420 
82200 
67300 
47950 
26140 
24890 
55900 
56830 
24420 
25040 
69140 
27660 
37220 
41340 
86350 
32800 
26400 
25460 
57250 
24200 
24090 
26060 
55260 
26830 
25200 
24550 
58120 
23520 
22300 
27700 
53170 
26480 
25800 
28560 
59430 
25070 
27370 
27060 
56820 
25590 
27520 
26660 
55990 
23980 
80960 
40030 
98230 
37640 
33990 
39110 
81930 
35380 
36440 
37870 
75060 
35260 
36470 
32870 
80270 
33520 
31830 
29220 
80840 
32360 
30670 
32280 
74220 
29050 
31890 
37200 
36180 
69630 
27230 
53170 
27970 
26650 
59880 
26420 
25240 
26930 
59130 
24720 
39260 
43890 
36110 
63070 
25860 
25770 
59250 
22060 
26500 
25690 
25300 
25720 
26210 
27530 
25220 
67370 
60290 
47450 
73340 
52160 
48600 
26070 
56040 
26000 
25720 
25850 
59560 
26420 
27100 
28250 
82190 
59730 
71370 
38600 
75150 
30930 
32220 
29880 
72510 
65230 
63200 
68850 
75470 
70920 
65910 
67530 
78460 
36130 
34900 
77630 
34900 
69680 
35370 
26130 
76700 
32180 
28840 
28020 
69840 
51800 
47050 
46430 
57480 
53130 
47140 
43280 
65280 
22420 
24200 
37230 
88550 
62430 
54050 
53430 
27300 
27350 
27140 
54290 
26060 
28190 
70420 
28430 
27790 
28130 
61130 
23930 
24580 
26200 
25670 
25910 
27090 
28080 
25720 
55280 
27810 
26790 
85790 
22140 
25300 
72530 
27930 
35250 
70570 
38050 
35040 
72220 
68290 
72530 
32890 
80790 
36900 
37810 
75810 
34710 
37280 
28570 
74810 
66990 
40120 
32140 
20870 
69320 
66080 
66920 
31690 
37010 
29260 
41070 
27100 
60340 
24090 
27150 
56240 
50600 
50030 
64160 
52880 
43330 
103790 
41850 
31720 
29080 
27170 
20220 
26490 
60290 
24960 
24180 
70740 
47800 
46230 
22200 
25560 
61470 
21010 
26170 
52440 
44610 
55430 
22680 
48860 
61330 
43390 
26760 
55190 
52460 
50990 
27570 
53460 
43960 
54710 
80350 
66340 
33300 
74410 
32350 
33960 
41400 
36960 
67220 
108330 
58740 
37450 
68070 
70510 
32890 
71660 
60220 
34010 
31880 
74820 
65340 
62700 
85400 
65930 
68640 
36640 
32990 
59650 
46780 
49500 
61750 
46410 
49220 
44830 
61790 
28570 
24380 
101770 
43340 
32740 
28090 
61910 
26550 
24490 
20990 
54690 
26560 
25770 
53990 
49690 
52090 
55360 
27700 
24340 
24170 
58950 
25590 
26280 
21710 
57030 
25450 
23820 
25010 
66730 
54140 
50100 
26630 
61930 
27740 
38540 
116350 
56980 
67990 
67990 
64430 
67100 
67660 
36920 
34370 
32610 
32500 
81890 
69780 
59110 
72060 
39490 
71310 
37940 
72300 
32660 
32560 
33460 
65980 
64740 
34170 
35720 
24700 
50220 
23430 
24270 
27640 
56460 
23020 
19810 
20660 
52910 
44510 
42240 
34320 
65920 
50980 
41470 
48870 
52820 
20860 
63210 
49620 
46760 
21500 
53970 
25930 
26820 
22340 
62050 
27050 
26870 
50780 
60580 
50970 
49960 
47360 
58970 
49900 
42630 
50770 
77640 
70720 
53950 
73380 
77300 
34770 
30670 
72280 
34180 
32120 
73240 
35310 
37000 
70420 
75400 
74510 
67270 
65670 
75010 
67360 
29600 
32950 
36220 
34070 
33340 
68970 
65750 
66940 
74170 
61380 
73840 
48220 
24150 
50860 
24610 
25260 
73330 
26550 
52530 
31970 
26230 
46220 
90800 
34990 
25560 
24760 
59760 
27120 
25840 
21840 
61040 
31450 
25700 
25140 
53840 
24870 
25360 
25030 
56990 
24310 
24710 
46980 
51850 
49190 
50670 
50390 
26950 
27760 
55410 
27280 
26800 
24720 
51870 
43920 
66100 
68320 
59900 
68830 
77410 
57260 
62270 
63700 
72270 
66850 
65970 
71160 
65380 
65650 
72770 
71190 
69180 
69060 
39700 
33310 
71620 
31280 
34600 
35780 
74070 
39310 
27250 
21920 
57310 
24990 
27100 
49200 
88600 
81870 
28920 
21790 
86600 
80880 
33500 
26260 
52710 
53620 
47330 
58280 
22350 
22520 
19890 
30730 
25800 
23860 
57650 
26580 
25570 
49960 
54820 
26740 
25140 
48560 
53260 
26760 
27300 
51840 
50230 
61840 
27300 
28890 
26010 
26640 
43310 
68740 
80180 
35380 
34730 
67060 
76250 
68290 
33640 
38200 
76200 
35420 
33680 
36770 
68090 
31050 
30240 
30000 
71280 
29890 
28600 
38020 
36700 
36840 
76490 
38810 
38220 
58400 
55330 
44900 
45070 
96240 
67170 
47990 
61110 
26630 
24000 
23300 
98160 
36280 
31730 
60750 
26150 
24080 
57380 
25610 
26260 
23200 
22690 
25680 
54810 
52650 
49450 
53800 
45510 
48290 
60720 
24500 
22350 
24980 
27660 
21640 
24630 
18490 
23670 
28370 
22660 
25440 
19080 
46010 
34620 
68850 
32360 
39390 
38140 
69420 
33350 
75970 
36890 
44650 
79130 
30830 
69540 
74140 
57840 
69060 
36530 
69350 
37220 
40050 
107120 
56630 
32390 
36140 
36550 
37280 
69890 
22890 
28580 
18010 
27030 
59840 
26020 
54110 
27490 
60870 
24350 
47090 
82580 
30150 
33710 
21350 
54830 
24740 
26470 
27160 
22880 
24720 
53620 
21750 
53160 
53500 
25210 
48840 
25990 
26700 
22660 
16470 
24940 
17670 
58350 
50200 
23850 
31140 
25910 
24680 
28760 
54290 
26790 
39580 
30930 
80120 
35400 
36900 
31080 
30630 
26040 
34420 
24390 
68510 
38130 
70160 
63960 
76120 
61610 
120430 
38970 
62810 
67710 
95520 
34460 
67730 
32740 
33170 
26860 
41080 
87910 
28330 
23660 
59410 
26770 
27360 
21430 
55110 
55230 
53670 
48250 
95410 
38200 
61660 
28680 
30520 
26240 
52080 
49330 
55370 
51550 
52800 
24780 
52750 
26350 
24890 
54200 
37740 
52770 
50410 
51660 
50500 
52130 
17360 
48890 
49630 
50140 
65000 
50980 
48060 
51710 
66020 
71280 
63620 
79380 
28850 
35870 
40950 
64310 
63430 
31790 
73990 
34690 
36940 
33340 
67580 
35780 
70460 
62010 
77020 
64650 
66750 
70500 
75140 
66480 
65150 
70080 
67350 
67920 
71410 
49020 
46350 
53800 
49150 
51890 
51300 
29650 
25920 
22620 
90490 
80650 
78860 
34210 
31950 
23660 
25250 
55460 
21160 
61780 
18520 
54870 
19810 
27450 
19520 
52110 
22050 
62790 
17000 
25480 
20910 
22110 
51520 
50850 
48010 
63410 
21730 
26530 
54180 
27690 
22450 
21000 
116690 
38530 
68010 
37630 
66550 
85800 
96000 
33460 
87620 
60260 
38530 
36280 
79000 
33320 
34150 
36390 
74310 
74180 
76100 
31620 
82530 
34620 
34940 
38200 
23650 
33580 
24710 
36920 
32410 
22000 
19380 
25530 
59200 
27180 
27080 
22300 
30280 
25690 
48090 
94670 
19670 
30950 
15470 
29370 
123330 
18170 
55330 
51050 
46220 
61380 
40700 
48280 
58290 
24060 
25520 
61390 
17270 
26750 
63890 
30780 
30500 
59150 
19750 
26240 
63450 
32030 
29340 
25910 
56670 
27370 
38560 
38250 
101620 
89270 
71610 
76450 
26690 
68210 
70470 
33900 
35680 
41470 
26550 
70460 
28520 
38510 
28590 
77500 
25600 
64980 
27470 
80940 
37190 
24660 
41430 
37360 
34020 
22690 
26820 
20140 
23250 
22420 
18080 
29660 
28150 
25420 
26840 
105850 
100320 
44050 
36380 
67400 
24430 
24220 
16500 
27520 
23470 
25710 
51730 
52200 
57980 
27430 
27030 
52560 
26530 
25210 
17940 
85260 
30540 
25360 
78210 
27200 
53020 
48970 
52590 
58210 
27640 
24210 
21120 
46850 
45000 
35760 
35170 
43850 
35790 
31580 
25520 
30640 
22250 
32360 
36880 
38060 
74740 
35450 
35030 
79780 
37130 
41470 
37080 
35580 
41970 
38430 
39060 
38600 
32190 
31440 
38940 
28170 
53670 
26750 
26970 
56990 
27050 
29800 
28930 
56240 
