99990 
48230 
39310 
40120 
37130 
37580 
36250 
37190 
36680 
36190 
37300 
37150 
37280 
38920 
36560 
36760 
36380 
37940 
38490 
36820 
36970 
35720 
37060 
36270 
37160 
36040 
27570 
42970 
37540 
37100 
35980 
36340 
36360 
35270 
37410 
34860 
34780 
36870 
36450 
35510 
36240 
37130 
38510 
37450 
38060 
36490 
36950 
37590 
37450 
36610 
35910 
38580 
36360 
35970 
36910 
37140 
36240 
36190 
36140 
35280 
38670 
36320 
36280 
36930 
35980 
37190 
36650 
35540 
38110 
38000 
37670 
36200 
35640 
34940 
36030 
37300 
35550 
35780 
36380 
35210 
35780 
36700 
39790 
36120 
36930 
37210 
37790 
35970 
36240 
35070 
37090 
36570 
37110 
37340 
36530 
39620 
38350 
35790 
36550 
36380 
36350 
37750 
38330 
36160 
38240 
36360 
36420 
37210 
36490 
36670 
35530 
36260 
38010 
35820 
35220 
35150 
35410 
40690 
38270 
35860 
35760 
36170 
37220 
36560 
36760 
37550 
37250 
37190 
37130 
34510 
36160 
37160 
36370 
38580 
36620 
36800 
35910 
37370 
36830 
39330 
36580 
36890 
36680 
40450 
38720 
35400 
35990 
36150 
36820 
35720 
36500 
36850 
37770 
38050 
36180 
35860 
35750 
36150 
36780 
37290 
36620 
37820 
36290 
36020 
38880 
36770 
35890 
35540 
46370 
47660 
38430 
37310 
38240 
37310 
37120 
38010 
36230 
35690 
36120 
37020 
38610 
36300 
35860 
35780 
37800 
37210 
39750 
38340 
37290 
36950 
40450 
39310 
39890 
38030 
38840 
41000 
36190 
38640 
35400 
36730 
37740 
38310 
40400 
40640 
39320 
40440 
39080 
36510 
37020 
35100 
37840 
37900 
37990 
36330 
35380 
35910 
36580 
38920 
40090 
41080 
37890 
38020 
36110 
39180 
36700 
36310 
37420 
36450 
36200 
36150 
39510 
39030 
35710 
35440 
36310 
36010 
37640 
37680 
37310 
37720 
36300 
35990 
37940 
37260 
41160 
39650 
36900 
37580 
36220 
36700 
36620 
35710 
37640 
35820 
36510 
37330 
36110 
37070 
36960 
35490 
36270 
35790 
37190 
37880 
37090 
36580 
36240 
36340 
38560 
35930 
39120 
37520 
37380 
38860 
37300 
37490 
36100 
39360 
37910 
37700 
37760 
38830 
36350 
38990 
36730 
36340 
36240 
36650 
37090 
37690 
36170 
37830 
36700 
38660 
36720 
38670 
37720 
37560 
38230 
37400 
36950 
36140 
38770 
39000 
36640 
36690 
36590 
35520 
38250 
37190 
36520 
36710 
36110 
36580 
36960 
38120 
36320 
36750 
36220 
38480 
37650 
37210 
37520 
38350 
36990 
38290 
35490 
36420 
37530 
36480 
38300 
35710 
37860 
36850 
37630 
38300 
36500 
35900 
37480 
36010 
36040 
37590 
36600 
36730 
38550 
41320 
38980 
37440 
36600 
36090 
37000 
37880 
35520 
37070 
37900 
35610 
38880 
36620 
36170 
35860 
35480 
36130 
35460 
35810 
36570 
35720 
36180 
36630 
37130 
35490 
39250 
37470 
37240 
37080 
36230 
35930 
36210 
36740 
35700 
36320 
37260 
38030 
36770 
36840 
36040 
36280 
37520 
37130 
37160 
35550 
37280 
35670 
36060 
38270 
35500 
37880 
38350 
37070 
37900 
36190 
35830 
37030 
36290 
40080 
36310 
37000 
36110 
36480 
37680 
36800 
36240 
37190 
37270 
37790 
36940 
36240 
37170 
34710 
35730 
38840 
35850 
37900 
37060 
35860 
37110 
36820 
38060 
37620 
37410 
36980 
36940 
37640 
35830 
38030 
36490 
36830 
35960 
35920 
35600 
38310 
37000 
34580 
36060 
35850 
35700 
36350 
40130 
39530 
37420 
36280 
37070 
35910 
35930 
35790 
36420 
36730 
37080 
35930 
36090 
35360 
36920 
42830 
39150 
37050 
37100 
36990 
36910 
38640 
36410 
35530 
36310 
38920 
36380 
40150 
37400 
38630 
39790 
35130 
36600 
36020 
35400 
37050 
36910 
35720 
36280 
37200 
42410 
36520 
36200 
35710 
37780 
38150 
35780 
36090 
35250 
36630 
38590 
37480 
37390 
40160 
36310 
37070 
37540 
39050 
38270 
37700 
37240 
37080 
37270 
35270 
36930 
37300 
36530 
35350 
36860 
36950 
38890 
38740 
36960 
35560 
37100 
36990 
36680 
38270 
37440 
34680 
36940 
37270 
37390 
36400 
36400 
36540 
37910 
38350 
36190 
36460 
36410 
36330 
37180 
34860 
35010 
35000 
36990 
37040 
36470 
35730 
38350 
40580 
38280 
42590 
36700 
37220 
36060 
36910 
37040 
36430 
35220 
36240 
36890 
36560 
36840 
35030 
36550 
36860 
37340 
35180 
37750 
36180 
37210 
36530 
35960 
36840 
37500 
37650 
36960 
37890 
36900 
36230 
37030 
36600 
37770 
36550 
36880 
38260 
35320 
37620 
36070 
35700 
35770 
36270 
37580 
35700 
36240 
36020 
38570 
38090 
36730 
37070 
36550 
36000 
37670 
37180 
35630 
45110 
38700 
37350 
37310 
37250 
36660 
35630 
35930 
37870 
35670 
36110 
35340 
36540 
38060 
35690 
36470 
36500 
38420 
47910 
40210 
36610 
36360 
36100 
36340 
37380 
37000 
35430 
35510 
36340 
37950 
37240 
35740 
35970 
37620 
36660 
36970 
36650 
35760 
37740 
37780 
36440 
36290 
37060 
37960 
37320 
39030 
37160 
36150 
37770 
36660 
41240 
36940 
36600 
35840 
36750 
37990 
35480 
35560 
36220 
35170 
36400 
35570 
35520 
37430 
36210 
37560 
35440 
34840 
36890 
36910 
38450 
37190 
37410 
36520 
34850 
37060 
37030 
35260 
36880 
34190 
37460 
36500 
36000 
36170 
35200 
37860 
38130 
35710 
36320 
37000 
37640 
38010 
34970 
37970 
36520 
37050 
36960 
36140 
34990 
37830 
37820 
39970 
35910 
36640 
34630 
36450 
36480 
36850 
34870 
34070 
36110 
36780 
37370 
35480 
35830 
36300 
36980 
36870 
36610 
39580 
39120 
36630 
37690 
37430 
34960 
39720 
36210 
36300 
37510 
36650 
36090 
36120 
36490 
37320 
36330 
35080 
35700 
36210 
37220 
35800 
35370 
36020 
36470 
38460 
35450 
37170 
38540 
36320 
37020 
37860 
36570 
37060 
35750 
35840 
38020 
37560 
37020 
36360 
37310 
38120 
36530 
38190 
37030 
35940 
35970 
36130 
36020 
35800 
36690 
37720 
36860 
36760 
36740 
38110 
40120 
36560 
36200 
36080 
36140 
35800 
37500 
36130 
37250 
37500 
36700 
36490 
38070 
36500 
36200 
36570 
36070 
36610 
35640 
36770 
35290 
37980 
37290 
35260 
37610 
39280 
38000 
38640 
37660 
37190 
35020 
37520 
36770 
36060 
36520 
35710 
35620 
37500 
35580 
35990 
35600 
38260 
37740 
37000 
36910 
35520 
36700 
38510 
37260 
36440 
35810 
36930 
36580 
36040 
35830 
36250 
36510 
36880 
36420 
36850 
37640 
36440 
36780 
39030 
36250 
36480 
37230 
35840 
36870 
37360 
37460 
37320 
42300 
39740 
36050 
37420 
37040 
36280 
38090 
37400 
36190 
36420 
36180 
36150 
36700 
35450 
40780 
36180 
36390 
36650 
36400 
35060 
36700 
35380 
37110 
36030 
35760 
38040 
36500 
37410 
35300 
36370 
35800 
36480 
38070 
35190 
34370 
37400 
35240 
35570 
36400 
35060 
37030 
34890 
37040 
36080 
35660 
35800 
36780 
37640 
37100 
36920 
37080 
37500 
36370 
37280 
35840 
38620 
37550 
36480 
37130 
36070 
35340 
36410 
35830 
35540 
36790 
35500 
36580 
35530 
36020 
37500 
35480 
35750 
35390 
36630 
36290 
37050 
36620 
37080 
36520 
36930 
36520 
35000 
37540 
36990 
38260 
36730 
35980 
38980 
36470 
36450 
37760 
35780 
37490 
34830 
35540 
37400 
35870 
37460 
35610 
36180 
37600 
36750 
38270 
39700 
37120 
38440 
36000 
36680 
35350 
37370 
37800 
36740 
37270 
37170 
35160 
36970 
35720 
35430 
36000 
34950 
36610 
36720 
36030 
35110 
35680 
37060 
38770 
37250 
35870 
37100 
36670 
35980 
35690 
34540 
36310 
36640 
37580 
36810 
36660 
35620 
36690 
36120 
37420 
35860 
35550 
37140 
37090 
36600 
35800 
35960 
35580 
36740 
37150 
35970 
37690 
37160 
37890 
37870 
36480 
35690 
36260 
37640 
39500 
37690 
36430 
36540 
35100 
36520 
37940 
36180 
35400 
35220 
36170 
39170 
37050 
36380 
36890 
35410 
36460 
35360 
36330 
37320 
36630 
37860 
36060 
37740 
35160 
36650 
36920 
35300 
35450 
35460 
36460 
37680 
37200 
35540 
37190 
37180 
38430 
36960 
35710 
36460 
38350 
40260 
37200 
37170 
37330 
35940 
37270 
37560 
36110 
38080 
36580 
38030 
37480 
36850 
36340 
35550 
36380 
36280 
38000 
35810 
36080 
38420 
36470 
38550 
35730 
37490 
37950 
36950 
37760 
36350 
36470 
36240 
35930 
37010 
39080 
37340 
36950 
36370 
37870 
35840 
36830 
37180 
36060 
36330 
35880 
36820 
36620 
36420 
37340 
36980 
37930 
36690 
37980 
36430 
37620 
35930 
36190 
35470 
36360 
37100 
36130 
37390 
35830 
37340 
36160 
36230 
36090 
35970 
37260 
35620 
36550 
36720 
35500 
36560 
37410 
38300 
37730 
34770 
36270 
36000 
35630 
35910 
35200 
37270 
39180 
36970 
36800 
34140 
36030 
35840 
38530 
37210 
36160 
37520 
36630 
37550 
39010 
35520 
36020 
36380 
36310 
37600 
39450 
38040 
36830 
36930 
37380 
35880 
35440 
37400 
38080 
38010 
37050 
37930 
36760 
36670 
38070 
35760 
39620 
37370 
36350 
36900 
37080 
36410 
38470 
37530 
38500 
37960 
36070 
38810 
36990 
37020 
37730 
38870 
34990 
39160 
37670 
38050 
36160 
37990 
38690 
37470 
36400 
36540 
39870 
37770 
38430 
35710 
38630 
36430 
37890 
40100 
36490 
38200 
39470 
39510 
37620 
37240 
38200 
36780 
35830 
39740 
36390 
37640 
35910 
35630 
38140 
37260 
37360 
36550 
37620 
37950 
37760 
37400 
36300 
36100 
38110 
36280 
37020 
36850 
35430 
35140 
36080 
36030 
37150 
36990 
36580 
36240 
36350 
36280 
35430 
36160 
39740 
40100 
37930 
35820 
37990 
36350 
39720 
37880 
37210 
38360 
38060 
39800 
36950 
38110 
35170 
36720 
37160 
36400 
37490 
36500 
35990 
36220 
36150 
37170 
36030 
33840 
36710 
36890 
37780 
36740 
34930 
36850 
34900 
35990 
38310 
36050 
35810 
35530 
36170 
37860 
36380 
35530 
37330 
35980 
37200 
36900 
35270 
36280 
36450 
37850 
34850 
37150 
37000 
36690 
38790 
37280 
37430 
36830 
36530 
35590 
38620 
38710 
39190 
36360 
38060 
36680 
38090 
36620 
36650 
37100 
36920 
35700 
35460 
35990 
38700 
37410 
35450 
37650 
37290 
38790 
37750 
37000 
37080 
36340 
35870 
38100 
37590 
36810 
35460 
36340 
36340 
37310 
36400 
35780 
37180 
36610 
36650 
36530 
35230 
37510 
36010 
40640 
36910 
37150 
37230 
35750 
37720 
35990 
36410 
37230 
37030 
35800 
40610 
39690 
38300 
36800 
37230 
36510 
35710 
35890 
36280 
35780 
38040 
36180 
38010 
37190 
39220 
38870 
52840 
41720 
37010 
36150 
36370 
36890 
35870 
37700 
35700 
36750 
39080 
37010 
35550 
35010 
38050 
37020 
36370 
34940 
36250 
35940 
37790 
36170 
36860 
38960 
37540 
35900 
40150 
36970 
35930 
37610 
37620 
36310 
39040 
37840 
36480 
39250 
38660 
37700 
35880 
36710 
35290 
37430 
36110 
36310 
35500 
35950 
38340 
35930 
35910 
36930 
35570 
38710 
36130 
34220 
36620 
37140 
38360 
36510 
38610 
37260 
34500 
37070 
37950 
35770 
37490 
36560 
36530 
37770 
37420 
34730 
36320 
36340 
38140 
37860 
38600 
36950 
37430 
37590 
35830 
35710 
36660 
37040 
38640 
48960 
38740 
39420 
37210 
37090 
37840 
36030 
36850 
36650 
36210 
37230 
35490 
34810 
36420 
35720 
36960 
36300 
36760 
36620 
36090 
37500 
36110 
36720 
36320 
35850 
38130 
37370 
35210 
36630 
34850 
35750 
37920 
36380 
36780 
36470 
37460 
37250 
35620 
35040 
37030 
36440 
36960 
37200 
35370 
37390 
44680 
44270 
38230 
36600 
36880 
36730 
39280 
39670 
37720 
36530 
35900 
37780 
37420 
37280 
36120 
36040 
36720 
36770 
36000 
35880 
35560 
36800 
38760 
38760 
35410 
36790 
37040 
37900 
35240 
36150 
37500 
36500 
37610 
36310 
35070 
36200 
36330 
35350 
37940 
37670 
36690 
37500 
35850 
37840 
35520 
37030 
39820 
37020 
38790 
35780 
35290 
37510 
36930 
37820 
37720 
36470 
36850 
36120 
39430 
36580 
36610 
36480 
36490 
36710 
37990 
36110 
36730 
36260 
36630 
38450 
34700 
36340 
35680 
36210 
36930 
35590 
36370 
36260 
37120 
37380 
35370 
37190 
37350 
36030 
37780 
34860 
36870 
36410 
36400 
36440 
35530 
36570 
36600 
36300 
36950 
36710 
38250 
35830 
36470 
36520 
38130 
36610 
36610 
35590 
35680 
36810 
37720 
39140 
34870 
37690 
37060 
36190 
34810 
36500 
36130 
37120 
39200 
37040 
36830 
36380 
35990 
38150 
34750 
35320 
37010 
36190 
37670 
35850 
35570 
36590 
35310 
38050 
36610 
35980 
36300 
36560 
39430 
36600 
35160 
35610 
37850 
36700 
37390 
36130 
36750 
34300 
36230 
37110 
36520 
36310 
36820 
36970 
40200 
37640 
42840 
40060 
37860 
37380 
36970 
38320 
37220 
37450 
37550 
35610 
36650 
38890 
36530 
37220 
36960 
37270 
36720 
36580 
36760 
38220 
36220 
36110 
38420 
38950 
38270 
36700 
35920 
35450 
37390 
38450 
36620 
35010 
37220 
36160 
38500 
35960 
35860 
37560 
36610 
36450 
37860 
36360 
37120 
35810 
35700 
37690 
34350 
35860 
36550 
37620 
36910 
38560 
37750 
40820 
36830 
36870 
36300 
35770 
35490 
37860 
37380 
36540 
36690 
35770 
36300 
36730 
36830 
36620 
35930 
35820 
36260 
38370 
34440 
36030 
39340 
38090 
37130 
37160 
37280 
35770 
35760 
37600 
36520 
36180 
36460 
35980 
37920 
36390 
36970 
37600 
36820 
35790 
38430 
37390 
36990 
36340 
36250 
37530 
36800 
36010 
38020 
36220 
42070 
45940 
38110 
37160 
39230 
38920 
36860 
36040 
36520 
36760 
37850 
36190 
36220 
36880 
34960 
36650 
36630 
35620 
36600 
35580 
37900 
37130 
35770 
37330 
36760 
36700 
36820 
37440 
36090 
36710 
36720 
37980 
35340 
36610 
36480 
36110 
38410 
38870 
37740 
39170 
36500 
36350 
37100 
35950 
35490 
36550 
36820 
36990 
38410 
40220 
38050 
38460 
40060 
37100 
36980 
35540 
36400 
36890 
36640 
36500 
36330 
37470 
37200 
36810 
35370 
37100 
35370 
36670 
36990 
36040 
36520 
36000 
38850 
38290 
38070 
37050 
36890 
37410 
38810 
35820 
36270 
35900 
35820 
37800 
37150 
36450 
36940 
38400 
41330 
35750 
38040 
36670 
36510 
36380 
37240 
35420 
37450 
35890 
37540 
39820 
37590 
36860 
37250 
37520 
37390 
37550 
37110 
35530 
37460 
37220 
36860 
35860 
36530 
36250 
37600 
36620 
35240 
35640 
36230 
35930 
36340 
36350 
34830 
36150 
37200 
37450 
36860 
36690 
38160 
36120 
37180 
36440 
36330 
35450 
36180 
38060 
37430 
36590 
37650 
36500 
37460 
37170 
35560 
36370 
35700 
35910 
36190 
37130 
37070 
39730 
36430 
38550 
38460 
36690 
37090 
36590 
39410 
36630 
35300 
35910 
35940 
37370 
35740 
35800 
36360 
35200 
36400 
36420 
37130 
34650 
36050 
37510 
37400 
35910 
36340 
35880 
37230 
37870 
39950 
36610 
37740 
38030 
39370 
35210 
36440 
37290 
36000 
37470 
36970 
36720 
35840 
39270 
39210 
36290 
35390 
36800 
35260 
35310 
38650 
40820 
38500 
36700 
36290 
39690 
37080 
35390 
38650 
36890 
37000 
36300 
35480 
37920 
36730 
37430 
35790 
35910 
37890 
35370 
37720 
35820 
36330 
36090 
35390 
36750 
38490 
36350 
37540 
35780 
39910 
37690 
36110 
35760 
34740 
36580 
38590 
35930 
36670 
36330 
37210 
37760 
42440 
38320 
35700 
37240 
37410 
