49030
22950
20370
21940
22260
20060
19990
20570
21130
22170
21380
21230
20880
21530
21350
20900
55850
56690
56640
56740
56260
57050
57290
58960
58400
57880
56260
56750
55480
56560
56210
55330
55190
54690
56840
55940
56560
56480
55200
56090
58680
57310
56500
63520
61140
59110
56720
57950
54780
57670
59570
56300
58410
57430
55360
59960
56920
56910
55290
54400
59430
58460
57150
55410
54990
58230
55740
57270
56310
54980
57680
56000
56680
56360
55480
56180
56490
57300
55410
55220
55840
57440
57910
56540
55460
56010
56520
57010
57240
55440
55450
56960
59010
57410
56100
58230
56360
57410
56110
56190
54930
57230
58520
56770
55560
55140
54770
56960
57580
56880
56330
55670
59900
56280
55860
56020
55040
57940
55940
56620
56170
55920
57280
69510
62990
57420
55650
57410
56640
57090
56070
55660
55870
57380
57040
55320
54690
55410
58640
59010
57010
55510
55840
58910
59050
57840
57990
55110
57520
56900
57700
55710
56620
55020
56320
56590
56570
56410
55640
57920
55850
54840
55830
55180
56910
60910
57630
56310
54890
56750
57030
56620
54260
56180
57830
58110
57040
56420
55420
57320
58240
59110
57910
54450
55380
58210
57690
57640
56090
54680
57110
69760
60640
56340
58710
59050
57490
55690
55410
54470
59520
57000
58200
57290
55620
56940
55610
58370
56010
55950
55570
57390
59100
55300
54710
54890
56530
57280
56470
54930
56910
55940
58230
54430
56240
56520
57840
58600
56020
56230
55890
55900
55800
56780
55010
55580
55050
57190
57350
56790
55900
56150
57500
57420
56460
57540
56070
58350
58180
56030
57360
55730
56330
57780
55110
58250
54900
56700
55360
56870
56510
55000
55520
56910
55840
55770
55670
65690
59060
56960
56190
55890
57910
57590
56180
58090
55690
55860
57340
54420
57600
55300
55850
57660
56250
58680
56550
56200
55840
57520
59750
56180
55860
56090
56950
58470
58260
56350
56470
56810
59080
57780
56330
55920
57170
57630
57820
57030
54800
55910
57340
58090
58490
56950
55180
57530
58280
56470
54720
55060
57270
57190
107220
55280
55760
58120
55950
56100
57210
55800
57550
58170
57670
58090
55400
57550
56580
56960
59200
55740
55880
56700
57100
57030
56710
58060
57540
56980
58220
55410
55650
59080
57460
57460
54570
55500
57400
58060
57550
56300
56900
56260
55940
57950
56310
57010
56640
57690
58000
56240
56010
57010
57690
59870
56290
56960
56090
57130
56910
56250
54800
55510
56510
58460
56460
56320
55030
56340
56360
58100
57720
55760
55380
58180
58220
57540
55970
54160
58650
53740
56260
55960
53890
57780
57300
57310
55440
55180
58330
58100
57390
56650
56010
57230
56760
58490
55640
56010
55810
57810
58970
57390
56540
54730
57180
57530
55910
56120
56400
56780
56910
56050
56250
55670
56460
57670
54430
56120
56110
54950
58050
57820
54830
58710
55970
58450
58320
55610
56950
53270
57520
56790
56350
56120
54930
58330
56630
54910
56610
56540
58080
53080
56130
56800
55300
55780
55000
57440
57960
55160
56850
57400
58910
57340
56290
56510
56950
57170
58140
55090
55700
55790
57270
57710
54860
56130
58010
56730
58830
55990
55960
55860
55060
57500
55960
57810
57000
56880
59580
56600
57080
55010
57730
56830
56060
55640
55320
57260
57210
56240
55790
55300
56220
57930
56790
55580
55670
56360
56760
58240
56810
55230
56300
60710
58460
57270
55040
55830
58400
57060
57860
55050
55030
57590
57090
58010
56970
55510
57690
59350
58540
56410
55520
57490
57510
58030
56700
57390
56660
60490
59130
56510
54730
57160
58530
57640
56300
55790
55800
58020
57390
56600
57990
56590
57340
57880
56370
54960
56480
55530
56850
58580
56580
55510
56230
56070
58370
54870
56980
55850
56940
57630
54520
56800
54840
57340
56720
56510
55600
54950
56240
57810
55560
56920
56580
57090
56520
59140
54980
54680
55320
58300
58180
57700
55220
54840
58080
56660
57360
56020
55170
58080
53730
61430
58310
57450
60370
59480
59600
58200
57040
59180
59000
61070
57490
57800
57760
58860
59560
58150
57690
57620
58450
59990
58580
57670
57640
59120
59200
59410
54620
57600
56130
61920
58810
59430
56430
57290
57200
57540
55460
55370
59520
61250
59460
58050
57490
54360
57890
56430
56530
55160
53360
60330
61900
58930
54540
56310
56200
57390
56410
55410
53370
55560
56030
57720
56760
54650
56020
56980
56980
53870
56170
53230
57340
53370
57190
55400
54410
55920
59440
55180
55820
55360
55320
57390
58330
54270
55310
55630
55430
59040
56810
56780
55910
57460
57780
55570
55540
55090
55700
59130
58990
60620
57820
60520
60780
58150
58930
57960
59560
59130
53840
57030
55390
56470
57410
57190
56990
56200
54890
57380
57840
56400
55160
54500
60870
59430
60560
58000
57730
59530
60860
60930
61300
58680
60380
59100
60680
58350
57750
59900
58420
60620
60500
57870
58020
59950
61430
57380
57080
58470
58860
61130
57690
56900
57960
60740
60330
57450
57820
58480
59720
60190
58410
58880
59820
59080
60040
61050
58530
56510
55400
58410
56290
57860
55070
54770
57620
59210
56530
56680
55600
61040
59160
57590
58220
56140
56220
58310
56720
57170
56080
58240
56890
57400
56420
55510
55340
58670
57530
56340
54200
56950
57610
57070
57660
55400
57870
58010
56920
56940
55390
56170
56980
56800
57030
56040
55630
54940
57620
58140
55780
56280
54670
57220
58210
55490
55620
55400
61590
61580
56420
59400
57740
57170
58520
56760
55830
57270
56990
56300
55920
55380
55360
57210
57180
56670
57390
57210
54750
57670
57840
56020
55800
54800
57400
56480
56390
55920
56060
57520
57490
57030
55390
56030
56620
57420
67960
57260
55800
57680
55990
56700
56660
55100
53980
58360
58090
56820
54340
55490
57040
56270
56750
58090
56780
57050
57110
55930
56840
56800
57140
56960
57340
56030
55990
56480
55650
58370
56850
56080
55130
58150
58750
55130
56410
55340
56640
56510
58220
56440
55380
57590
57840
57380
55960
56360
56850
57290
56490
56290
55680
56900
57810
56880
56320
55870
54890
59150
58220
55780
55730
56330
57750
58300
58730
55190
55120
58550
57510
57020
55540
55600
57410
55710
59330
56680
55370
56620
56220
58600
55380
55160
55200
56610
57590
54850
54250
55980
57200
58790
56380
55010
55810
57390
57490
55550
55570
56420
53900
57780
56840
54870
56010
56040
55520
56220
55280
56100
54260
57100
57150
55200
56590
55340
59040
57160
56290
54420
56030
56880
57820
56400
54240
56550
58160
57800
56210
56420
54340
56240
55390
58740
57420
56600
53990
56300
56940
55750
55230
55650
56390
59090
56730
54580
56060
57120
56940
54680
55530
56830
57200
55760
58060
55230
56270
56330
55650
59260
56370
56220
55580
57690
58760
56770
56740
55750
56820
57430
55860
56470
55980
57680
58340
56300
56230
56770
56590
57050
55980
57040
55480
55250
56360
57150
57770
56040
56140
57240
57000
57340
54660
54350
57990
57170
57920
55340
54920
56230
57290
57860
57410
55820
58270
58000
57320
53870
54920
56170
57690
58540
56810
54710
55920
57460
58600
55720
55360
55660
56660
59080
56100
55300
55730
57090
56150
56050
55490
56010
55710
56540
55280
55950
55860
53740
57790
57720
56340
56740
53270
56630
56060
55880
55990
55940
56660
56960
55550
57320
55830
58390
55100
57250
56440
55200
57670
56390
57190
56650
55090
55730
57180
57800
58250
55730
56460
56850
55820
56230
54840
55730
56830
57430
56880
56210
55790
57890
56760
57470
57380
66010
57950
57920
58050
56200
54920
56880
56470
58680
55610
55390
56690
55670
57600
55860
56310
56770
57200
59290
55250
56000
55840
58480
58060
56420
55810
56120
56470
58190
55750
55250
55530
55820
57560
57970
56120
56350
54760
54530
56560
55720
56860
55310
57490
57210
55580
55890
55810
57680
56860
55420
55810
57330
57870
57180
55760
56050
55150
55850
56510
56950
56270
54880
56630
56590
56380
57760
55130
55200
56980
56870
57270
55950
55860
57170
56060
56740
54470
55170
57350
56890
57250
57620
56550
56010
56220
58770
56380
55820
55150
57050
58590
56490
55890
54720
56140
58080
57300
57650
55890
57000
57730
56790
55490
54490
56960
57340
55710
56120
52720
55490
57730
56120
57530
55290
54420
56240
58360
58030
57300
54780
58640
57220
56740
55460
53600
57730
58480
56910
56080
54580
58080
56800
58340
56810
55080
57740
56450
58140
57020
55320
56040
58400
60030
57250
56350
56080
57560
57560
57250
55140
56840
58780
57440
55880
56060
55780
56400
57570
57400
55100
55590
55420
56620
57920
56630
57240
57290
57990
59310
56120
56740
54950
59000
56880
56490
56960
55580
59580
57580
56100
56280
55320
57480
57890
56870
57470
55130
57500
55150
56460
55820
56080
56960
57080
57440
56180
55190
57210
57060
57080
54900
55790
55470
56550
55040
57290
55820
56950
57200
56630
57330
55080
56250
55060
55750
60070
55880
56840
54830
57600
59720
56040
57230
55000
58310
56360
56010
55960
54180
59360
56770
55610
56520
55410
57490
56780
56970
56680
52830
57120
56610
56530
57410
55470
55650
58210
58020
57210
56260
54540
57510
57170
57940
55840
54730
57810
56760
56720
55770
55020
57850
56480
55950
55270
55190
56520
55850
58850
56660
56850
57620
58570
57210
56130
55060
57040
58170
58720
57780
55170
57760
57260
56720
68510
58680
57740
58110
57550
57920
55880
56040
55730
56670
59980
56820
55790
55760
57470
58940
55570
55200
55300
56720
57810
56150
56350
55410
56370
56270
55610
56370
55010
56250
56790
54550
57000
54530
56110
56550
57090
57440
57770
55510
59490
57470
56770
55750
55430
57020
55650
56350
56260
56430
57300
56880
56950
55190
54700
55650
56990
56930
56150
55030
56950
56330
58860
55560
56420
55370
57310
58560
56510
56600
55580
56920
58960
55750
54780
56470
57120
77820
61290
56710
55700
56330
58200
56650
55410
56980
57390
57880
58280
55840
60320
56240
58110
60610
56820
56320
55190
59480
63150
61880
58570
56850
57910
57790
57090
56780
54500
58870
57660
57690
57370
55820
58010
56000
55970
57150
57230
57710
56460
57680
56850
56720
57540
58200
56960
58010
55910
56730
57250
56430
57610
54190
57620
58070
57640
57070
55390
57060
57700
56530
58170
59110
57260
54500
59030
59210
55970
53140
56540
57210
59020
57560
57420
55490
57700
55370
54880
57300
56840
57850
57330
56870
56720
56740
56630
56460
59380
57470
56360
57050
57580
58940
57800
55790
55370
57030
57710
57570
55690
55140
57290
55190
58110
55800
55660
57490
58070
57140
56780
56560
56610
58690
60860
57670
56160
54220
59220
58260
58940
56740
56590
53690
59130
56780
55100
55850
55900
59030
56670
55680
56300
57200
55590
56650
57200
55880
55300
55950
59350
56410
57070
53890
58820
56230
56740
56160
55860
55920
55790
57670
57840
56100
55800
57160
53900
57460
57360
58080
56930
60490
60260
59820
59340
58360
58490
58730
56170
58010
57010
57300
59000
57270
56430
57410
55620
54870
72240
69670
63600
59850
60400
59130
58890
60080
59010
60180
58010
59610
58510
59970
61990
58750
57680
60450
59830
57520
56430
56370
56960
57800
58040
57030
55480
56630
57180
79540
64110
56680
57360
58310
58170
56280
56540
56710
57480
58130
57840
56540
58470
56130
58300
58010
55560
56500
55730
58060
56580
57580
57150
55800
58010
56950
57950
56860
56120
59590
58140
56760
57630
55890
56140
55770
58290
56880
55620
56360
56980
57630
57250
55910
57210
58360
56830
62150
58210
56670
57530
70070
60310
56900
56860
57450
56830
58440
57150
55190
56700
57490
59000
55460
57100
55060
57140
59470
55780
55710
52790
56760
58340
57360
57140
54540
57200
56980
56850
56600
55880
56870
56280
57250
56070
56000
56290
57380
55710
56090
55110
54720
57150
58830
57300
55650
56250
57360
56430
57090
55710
56390
58380
58190
57630
54940
54670
59360
58280
57470
56130
57530
57950
57080
58430
55960
55330
56050
56660
57580
57390
55330
57200
57480
57860
55290
55990
56290
57550
57660
55640
55470
58130
56890
56380
56070
56230
56450
55530
56410
57520
56650
57450
55130
58240
56740
55900
55560
55350
57840
55440
55200
61960
59240
58920
57280
56450
58210
56390
59470
56250
55900
56630
54800
54810
57350
57341
57060
55370
56320
56050
59360
58440
56030
57600
59180
57900
59830
58280
58400
59590
57660
59720
58960
59170
59330
58190
58850
59100
57860
58290
58340
60410
58670
57560
57530
58560
59950
58620
58810
57570
58360
60160
58570
57960
57270
57380
59100
57610
56980
54570
58220
57800
58820
57970
55100
55570
56880
56950
55980
55130
53280
60090
60200
58940
56950
59070
57280
56770
56460
55550
55460
57470
56980
56850
55400
55080
58480
56060
57390
55280
55130
56250
56610
56830
55650
55570
55350
56670
58090
56080
55630
56740
56700
57810
57510
55330
56180
58630
57730
56440
55300
56780
56610
59650
56990
56120
55870
56240
