58150
11609830
12002920
11623080
11996050
11611760
12021050
11608770
12023110
11604330
12003150
11612890
12018740
11609790
12034730
11607820
12050790
27649150
23932640
70040
12039420
27647610
23972330
27951900
74830
27687450
23894020
16042920
23907900
16043350
23893270
16057280
23904200
16068670
23869970
16075630
23863460
16054470
23889960
16059690
23884680
16055220
23889030
16076790
23856700
16045230
23888600
16050230
23892490
16059530
23885650
16057140
23867700
16057930
23883770
16049610
23893530
16058720
23879180
16032860
23901800
16045590
23909340
16032010
23954670
27951460
77680
27702420
23934290
16048300
23801370
16052150
23882960
16047200
23903900
16044790
23900790
16044130
23913830
16070750
23879840
16035920
23911540
16052500
15999950
16039600
23906510
16034870
23937370
27962190
69870
27690150
23894520
16063080
23881130
16044430
23902650
16046500
23906730
16050070
23904540
16061220
23880100
16047690
23892190
16059720
23884560
16052300
23887750
16051370
23889900
16047750
23898130
16062040
23882060
16073690
23852650
16060420
23887710
16049050
23885290
16059150
23897670
16043130
23893210
16059230
23869900
16038370
23901810
16068100
23899340
16062650
23869820
16045720
23903170
16039440
23900270
16206670
23763250
16035800
23878200
16037680
23904880
16071440
23884110
16041720
23907320
16057480
15995670
16089220
23858350
16039370
23909680
16053060
23906740
16045670
23903050
16037660
23911240
16041910
23911290
16050330
23905760
16047690
23892110
16039330
23906290
16039220
23937010
16049180
23874250
16046370
23893300
16051100
23888810
16052260
23894260
16055600
23896380
16080800
15993280
16053300
23890300
16048080
23897690
16056360
23894890
16046770
23886030
16053210
23891680
16050030
23890980
16078150
23883260
16041620
23871850
16040330
23913060
16037170
23908350
16045530
23919120
16021140
23904950
16044020
23925100
16050400
23865560
16049910
23903270
16047470
23904480
16031490
23910440
16038790
23911870
16046220
23908900
16041510
23907820
16037910
23909710
16044660
23910390
16037050
23921560
16044510
23898210
16073870
23880140
16027810
23913450
16047550
23911810
16035370
23910810
16097020
23852380
16045790
23894330
16060780
23891760
16113150
23824130
16051520
23880530
16049850
23892580
16061740
23882380
16055820
23885960
16053480
23889110
16051030
23892700
16059100
23886150
16064130
23887280
16043040
23890000
16062610
23857030
16046700
23915340
16044260
23900070
16037850
23909860
16045980
23904630
16090070
23901100
16076890
23813040
16043130
23900300
16044420
23897240
16044200
23908920
16045370
23903700
16036690
23911530
16041370
23911160
16053440
23902970
16052690
23893830
16053580
23902760
16036540
23899870
16047320
23912850
16043960
23902990
16038910
23909130
16040360
23908930
16059450
23908530
16062950
23874730
16058200
23883400
16044050
23897530
16059600
23882530
16130000
23784200
16050250
23890380
16046950
23895120
16061580
23880820
16062810
23872610
16057260
23889570
16054000
23929570
27939760
92370
27725400
23858780
16030750
23914470
16043730
23903880
16044140
23917530
16047380
23909400
16029050
23976490
16012760
23849710
16037330
23894560
16036040
23908410
16038050
23910180
16043890
23907900
16045310
23915510
16045780
23900030
16038480
23911410
16038120
23912310
16046630
23910230
16039640
23909080
16039130
23909970
16042780
23906340
16046020
23909190
16050700
23895510
16044930
23917000
16047350
23888790
16061210
23890150
16072530
23860000
16058430
23878800
16050480
23887730
16060960
23895730
16065250
23868330
16065040
23877350
16050060
23889010
16065870
23892100
16045530
23881070
16226040
23710870
16056590
23944670
27918560
71390
27697830
23881780
16041290
23907630
16036760
23916650
16053310
23896260
16217400
23733150
16056900
23867630
16040340
23944250
27949120
69450
27695970
23883350
16047050
23902810
16042920
23908500
16045940
23908730
16040890
23916460
16055420
23882950
16044830
23941440
27949430
70210
27696460
23883590
16042830
23912720
16069050
23877800
16033540
23937160
16056600
23874120
16048980
23877150
16058700
23884450
16058180
23887350
16066160
23868000
16056060
23889070
16051950
23890240
16054220
23888530
16048370
23886180
16051130
23893360
16056170
23885630
16065320
23883630
16063950
23873520
16044680
23883990
16039430
23950740
27949240
70790
27683160
23898000
16051300
23902760
16058270
23912340
16066910
23862440
16052790
23872600
16044140
23909670
16040250
23945950
27956050
70760
27684240
23899730
16042020
23910970
16038760
23905440
16044480
23945940
27937630
68340
27703030
15982200
16012680
23943020
75530
12062350
27651280
23926640
56290
12067430
27689190
23896900
87990
12072940
27686160
23895600
86380
12074710
27669630
23914940
88060
12073840
27678820
23904180
85330
12091240
27671750
23916850
81390
12069160
27732450
16245830
16070980
23916910
16052330
23884710
16078080
23857610
16047270
23899280
16036720
23908740
16059570
23897580
16064410
19995670
12021580
23944350
111900
12069720
27658900
23923010
72070
12063410
27648560
23931780
71380
12069190
27651350
23966020
27941850
77220
27689570
23890320
16046120
23947520
27949900
68040
27682980
23897200
16041120
23914600
16036690
23909740
16040110
23940810
27949340
69000
27729750
16229950
16066410
23919630
91790
12083020
27676560
23908810
85430
12072940
27671160
23916620
93050
12076610
27670880
23916010
92410
12057160
27672650
23913010
93080
12079510
27671390
23913480
84080
12071310
27672410
23912760
88570
12059880
27656240
23962030
27946070
80050
27683760
23942220
27946710
73170
27751570
23823490
16056260
23872930
16032090
23907850
16040810
23944690
27950450
69120
27694330
23887440
16065330
23890380
16030180
23913090
16040560
23910490
16041210
23902880
16043280
23943700
27950320
70700
27691580
23895970
16058570
12249750
16048030
23930890
77020
12090090
27676310
23910960
87480
12075160
27671920
23914810
91810
12080000
27668980
23917720
84920
12059550
27667660
23916600
90710
12076960
27670630
23914850
86680
12074040
27669580
23916850
92680
12077890
27673420
23920960
90410
12043650
27646460
23972360
27952800
86380
27687290
23899020
16043230
23897860
16194470
23763430
16040210
23882980
16038140
23909870
16053310
23890150
16046070
23913430
16063250
23882680
16041370
23903060
16049300
23900460
16041180
23949950
27950210
71280
27679540
23937380
27940590
69970
27681290
23941800
27946280
70530
27685900
24111530
27746550
74280
27727460
23858570
16054700
23889450
16058940
23883480
16067420
23862330
16058510
23884890
16048470
23901740
16084010
23853460
16060140
23861550
16060340
23886200
16055750
23886680
16057210
23893550
16067510
23863340
16064440
23891600
16032160
23936820
27940030
74380
27685450
23896240
16039880
23950430
27952490
75870
27678300
23935170
16075480
23829380
16047850
23895020
16040660
23947700
27955400
71600
27680510
23905750
16037320
23942490
27953820
69440
27679050
23937140
27942060
70220
27681680
23934520
27950530
68020
27680890
23932900
27950200
76630
27678900
23945370
27943010
69060
27739420
23843050
16071620
23861300
16057570
23891690
16047360
23892290
16054010
23889010
16084030
23854200
16054330
23883860
16051040
23888310
16069700
23881560
16080570
23847710
16054020
23886560
16055430
23891380
16058570
23879290
16077060
23849450
16043730
23909970
16041630
23942120
27949660
70290
27710290
23868890
16045600
23937800
16069170
23801930
16046010
23895580
16048170
23895420
16086030
23874040
16030480
23949790
27937270
67810
27702440
15991290
16044600
23908050
16038600
23947300
27954680
70280
27683080
23902730
16055170
23887810
16043710
23903320
16047570
23909870
16049390
23897140
16050010
23912040
16050170
23883930
16054070
23886490
16055010
23880900
16164400
23783990
16052210
23881230
16055290
23895670
16063700
23925240
27931580
87440
27705970
23881670
16057880
23880820
16059190
23877880
16057850
23886510
16098350
23849430
16033410
23899190
16064790
15994030
16047440
23939170
27955870
74280
27687190
23965650
16031470
23799340
16062450
23878310
16060290
23888410
16044240
23905210
16062120
16204810
16053540
23973970
27945600
71340
27683530
23933140
27950230
72320
27682370
23899850
16036690
23947320
27953070
68890
27701950
23878690
16044240
23915450
16031460
23945140
27966320
89940
27760190
23832890
16042150
23880990
16055280
23883680
16068330
23889160
16059910
23861410
16064820
23874130
16050160
23892180
16060200
23887060
16054270
23877270
16233700
23711850
16055200
23894880
16072250
23869990
16058100
23863270
16047060
23890310
16039110
23912490
16048950
23909520
16035200
23905630
16046510
23906030
16122950
23808720
16059930
23867060
16049870
23886480
16047040
23938690
27959190
70300
27678670
23937750
27947360
72520
27677650
23938010
27952730
68350
27675770
23938970
28000400
27914460
76810
23906630
27953510
69820
27692360
23924020
27948970
71460
27679400
23989350
27904680
86750
27709620
23882470
16097250
15982580
16060440
23877020
16050160
23894020
16054750
23882170
16052460
23882920
16070470
23880690
16050980
23884380
16064330
23889610
16072590
23865820
16048860
23884860
16053350
23900650
16041190
23891360
16033190
23905050
16040700
23911890
16042000
23942090
27949830
71390
27699360
23905720
16069510
23851990
16037260
23900430
16042420
23946250
27944550
71310
27680730
23935620
27951520
68840
27685330
23933610
27937630
69040
27704450
23878110
16040050
23903590
16045610
23944950
27951170
77430
27691320
23893710
16046180
23940570
27937630
79530
27753230
23840380
16041760
23884400
16054580
23874110
16061600
23884610
16051680
23878680
16057570
23889110
16048550
23888770
16059340
23891070
16062500
23867950
16051760
23886490
16061170
23887450
16050900
23881670
16057370
23879290
16072530
23857630
16040310
23943150
27958800
71680
27697150
23916350
27954250
73120
27699480
23915030
16065040
23814350
16039330
23884100
16042180
23935070
27960060
71770
27677440
23941970
27938500
64510
27682580
23899980
16037100
23943850
27955470
70550
27701010
23886610
16035840
23930270
27958100
69180
27686800
23933850
27934740
73520
27689070
23927880
27971700
93340
27716720
23928950
27921790
88100
27713740
23871680
16053910
23884910
16058820
23891810
16070240
23859490
16055790
23891150
16050080
23893470
16082010
23855410
16050260
23889930
16056010
23873870
16050030
23893570
16053980
23888120
16046390
23889710
16047640
23902160
16037930
23911290
16053110
23904910
16041840
23955330
16056830
23804150
16050450
23902980
16027140
23904910
16055630
12233320
16043560
23948530
75710
12052930
27646890
23942080
73140
12076250
27649610
23935700
76110
12062180
27647410
23941310
70130
12046640
27647880
23941310
76470
12060580
27654040
23931570
72010
12079220
27712700
23879820
16043840
23895650
16050630
23891750
16075390
23857040
16053160
23895450
16045240
23893200
16064380
23879060
16045550
23891600
16060520
23880950
16045600
23896780
16052110
23890930
16080890
23851980
16061000
23884020
16032530
23899950
16040950
23911070
16016170
23908870
16051630
23909300
16031400
23907500
16230840
23728720
16065610
23851250
16038940
23901780
16035750
23915140
16040990
23913930
16113030
23832130
16062240
23888170
16031700
23914440
16038450
23918810
16065770
16224760
16052370
23936480
75230
12062690
27647980
23933190
74960
12056920
27644140
23939400
77710
12060790
27685620
23905480
87560
12047470
27663100
23927650
90480
12072190
27670450
23917940
88110
12071750
27663040
23925310
88820
24072200
27926850
94220
27730680
23861860
16055550
23885850
16045530
23893140
16054010
23894870
16034370
23888610
16037020
23911260
16081980
23874640
16036880
23907600
16064920
23881250
16038110
23932780
16052920
23857650
16039740
23904330
16053650
23889670
16044800
23905170
16031380
23953050
27949160
72840
27692350
23889440
16046570
23903220
16036980
23948640
27949370
69270
27685320
23891760
16043490
23912280
16043390
23938760
27998610
27934390
88590
23962280
111740
27722160
31875120
94990
27718510
23866720
16059210
23874620
16056010
23888570
16055470
23883920
16076470
23881510
16066260
23852700
16063520
23884820
16052410
23884860
16055200
23885960
16058030
23878180
16057990
23886640
16077870
23851590
16050610
23937070
27943370
71580
27687550
23922760
27958810
72020
27684060
23928810
16070380
23802630
16048480
23891270
16041770
23908870
16039620
23917470
16044190
23935940
27964460
67690
27682250
23928510
27953730
71760
27682520
23897240
16042870
23939700
27955180
68620
27678990
23936060
27998000
27914270
80480
23894540
27949650
69460
27683760
23911610
16052850
23880030
16061210
23880560
16053220
23885800
16066200
23882430
16074600
23864920
16049670
23881650
16052870
23888850
16059560
23883140
16058680
23878780
16057670
23887860
16060890
23886840
16052850
23892550
16073790
23843410
16046580
23898600
16068870
23880900
16044750
23906880
16045510
23909130
16036040
24050450
27818620
117680
27707560
23877000
16049650
23888870
16054280
23909750
16023790
23911730
16041210
23937910
27950930
72640
27681300
23930460
27955240
68380
27676430
23936570
27943780
68670
27681080
23930420
27958690
70780
27685310
23896490
16044710
23897150
16049270
23920040
16050470
23882020
16059360
23890210
16070330
23857990
16059250
23887290
16053320
23896530
16082760
23842840
16055520
23882630
16054250
23890550
16057560
23882810
16058700
23891360
16070680
23858590
16063270
23878540
16055660
23894040
16048610
23876370
16047030
23902900
16043050
23906460
16043280
23902690
16053840
23902440
16218510
23726880
16054650
23868380
16042950
23903970
16043750
23912580
16035710
23908720
16038430
23913290
16041730
23908080
16044280
23912360
16052380
23890790
16046280
23906820
16039320
23908350
16045170
23915520
16068250
23869650
16046410
23907860
16037960
23939830
27950080
71180
27738530
23842490
16060580
23882380
16053470
23886930
16055500
23903530
16055900
23861490
16057860
23882250
16058190
23891460
16047100
23892790
16066400
23860370
16066840
23877050
16051550
23887770
16057720
23888980
16079350
23870000
16037070
11967670
27670180
11981100
27682920
11956930
27683260
11963240
27683590
11963910
27670220
12053750
27728740
11940260
27678690
11971140
27708850
11969660
27675520
11972250
27665960
11966190
27694100
16030700
15933840
7995260
27675130
11974370
27674790
11984730
27670950
12017210
27694170
11974790
27677850
11982930
27674620
11976580
27698160
11955740
27677940
11975100
27754190
11894370
27711260
11965890
27707770
11979550
27711270
11982390
27707970
11974950
27707990
11966720
27732040
11946990
27714940
11971040
27700000
11977880
27703020
11975390
27705930
11981320
27700800
12004810
27738710
11966830
27738740
11909740
27872780
11779050
27673320
11981500
27677930
11987870
27687750
11974750
27675380
11983760
27767660
11898160
27727110
11960890
27681790
11969820
27694250
11954910
27674500
11981450
27676220
11986030
27675720
11980510
27672620
11986730
27668480
11990420
27681270
11966640
27676120
11973780
27693550
11956700
27672650
11980940
27671150
11988480
27681380
11976770
27671990
12040670
27708000
11982000
27706000
11979830
27736040
11960050
27740570
16037080
15915920
8005750
27703580
11964150
27708520
11961780
27702240
11972130
27710670
11975970
27705860
12003680
27727470
11944580
27722430
11940290
27702110
11969940
27678080
11975300
27680850
11972580
27679710
11979640
27682590
11990920
27674700
11978540
27831930
11853000
27730400
11913790
27678600
11975630
27672000
11980180
27675610
11975360
27677900
11978480
27671890
11993010
27674330
11976320
27673190
11972560
27722460
11943320
27674480
11978970
27670780
11980830
27681340
11972120
27692800
11962190
27686060
11977810
27677740
11987250
27721020
11948390
27761870
11917520
27713310
11956000
27703620
11969110
27707210
11970300
27707520
11963220
27706870
11976230
27705570
11973630
27713110
11949560
27724060
11941010
27709700
11958900
27699960
12149840
27713570
11962940
27696760
11959590
27671770
11994940
27685320
11973720
27670650
11979490
27710380
11944030
27885230
11828600
27717660
11950690
27685350
11972680
27675730
11976980
27670850
11998160
27677200
11977970
27670210
11976130
27688520
11962310
27709020
11966300
27680980
11976770
27683840
11970840
27674450
11976570
27682520
11986360
27685740
11970650
27680320
11973560
27693440
11959490
27729330
11944430
27709900
11965530
27717590
11951040
27706830
11966420
27702520
11986940
27714300
11963020
27713540
11953700
27723880
11942530
27702840
11974800
27724020
11957540
27717030
11963910
27712320
11963150
27700970
11988240
27708970
11943270
27674170
11978490
27704800
11944500
27671850
12005790
27721820
11938830
27688270
12050260
27748750
11881180
27687310
11976050
27680000
11974940
27670850
11976960
27690520
11957430
27676670
11978860
27671700
11985200
27678320
11972940
27675330
11976740
27677110
11981190
27687110
11969110
27672240
11981880
27691020
11961760
27678860
11977540
27673470
11985130
27819290
11859880
27713780
11961430
27717280
11977680
27708020
11973260
27701020
11972130
27728300
11938480
27701800
11973710
27707440
12023640
27742370
11941540
27903980
11773720
27702700
11983450
27708470
11975860
27712550
11953090
27755040
11872160
27683290
11973040
27677410
11976100
27680640
11969880
27693010
11970750
27680170
11983860
27754530
11898480
27700490
11948700
27693750
11955980
27680410
11971190
27674510
11982100
27677380
11973620
27699260
11968050
27682130
11987990
27672580
11979650
27674440
11972350
27696650
11951550
27674690
11976340
27713650
11949960
27689690
11965250
27709780
11952640
27677560
12043770
27709450
11974350
27706000
11963960
27723160
11947440
27702470
11975390
27704280
11969160
27708990
11963570
27707550
11962480
27705590
11977200
27704990
11974970
27705910
11960920
27726620
11941240
27708210
11967080
27699950
11986540
27684470
11968740
27685120
11969610
27700210
11975610
27688790
11971760
27675410
11973040
27818820
11877820
27717510
11941370
27675040
11983990
27678690
11973760
27676820
11977910
27702750
11978020
27718330
