106780 
76610 
57700 
57170 
55240 
52470 
17540 
55240 
25400 
22850 
48920 
43680 
46800 
48290 
44430 
44690 
40810 
26560 
19880 
50980 
48590 
21610 
45830 
43570 
22960 
50330 
43270 
21420 
45740 
47480 
21650 
46450 
45690 
20780 
50670 
46770 
18110 
19180 
50350 
21120 
19300 
50530 
19580 
21680 
58970 
19800 
22060 
50310 
17960 
21860 
55200 
23020 
25250 
55480 
41020 
20030 
51840 
40370 
18740 
69370 
64030 
22080 
49650 
37810 
40710 
47070 
42590 
43590 
50270 
38480 
42210 
53930 
25400 
25960 
52250 
19410 
21550 
55160 
22320 
19180 
51780 
18770 
22290 
51360 
19280 
20240 
53150 
19170 
21840 
52220 
18340 
21990 
53650 
21160 
20490 
66920 
23930 
20520 
55350 
19650 
26310 
27530 
31560 
22630 
55470 
40410 
39780 
26270 
25810 
18410 
23970 
22270 
40020 
26270 
23850 
22550 
23300 
22420 
17310 
24950 
23590 
18740 
23770 
22340 
25350 
23190 
21520 
21580 
21770 
22550 
16960 
24170 
22560 
23820 
46090 
32230 
19920 
24680 
24090 
39500 
23810 
22330 
42810 
23420 
26290 
23120 
25980 
21170 
19140 
22090 
14640 
44500 
24890 
24260 
21550 
25410 
23590 
20020 
24460 
21680 
19040 
26940 
21430 
18980 
25460 
22430 
17750 
20910 
16590 
20220 
26650 
26790 
18400 
24910 
23610 
18150 
25560 
16970 
19120 
23280 
22960 
29740 
58210 
19970 
19340 
49550 
16790 
21640 
27280 
18530 
13690 
26440 
24710 
18180 
24380 
22750 
19720 
25690 
21430 
15090 
19620 
20810 
21370 
22160 
16780 
20660 
26680 
21320 
21310 
25360 
18720 
18990 
22520 
15770 
19880 
23010 
19120 
16860 
23490 
19550 
20480 
19010 
17300 
21220 
25280 
22170 
18470 
22560 
17080 
19810 
25490 
28550 
53500 
52370 
48120 
38890 
48970 
43040 
25160 
25280 
24260 
18840 
24750 
25520 
18400 
29480 
23890 
48390 
24950 
22360 
22100 
24560 
24030 
44610 
24340 
23670 
47250 
22870 
22540 
45980 
24250 
22550 
45600 
26160 
24430 
48230 
22960 
23000 
44990 
24250 
43500 
48120 
22740 
22780 
43980 
28040 
24510 
44380 
23540 
21680 
52320 
32900 
24920 
47930 
22500 
22720 
45670 
28810 
23470 
44280 
47880 
22630 
44610 
47110 
21570 
42120 
48270 
22450 
48340 
47530 
20800 
43290 
48270 
23130 
43360 
45760 
22970 
44510 
52460 
22230 
43640 
45660 
45740 
22670 
47220 
40140 
19540 
49860 
22470 
21650 
23950 
22130 
23600 
25580 
24270 
19940 
25270 
24180 
21180 
24990 
22790 
21360 
24230 
22620 
20260 
48940 
23000 
20440 
28220 
25050 
21510 
24790 
21890 
21180 
28220 
23390 
19450 
52830 
46590 
19940 
51880 
52210 
21840 
56680 
49440 
21920 
55080 
46690 
21470 
66920 
58120 
24670 
54000 
52960 
25480 
58360 
50160 
24220 
56820 
47710 
21920 
49120 
44520 
21690 
48640 
45560 
21420 
48100 
53360 
20630 
40410 
51480 
20980 
38850 
49810 
22600 
40780 
48510 
20770 
39340 
48360 
21060 
42070 
48120 
20880 
37240 
72910 
22470 
40370 
48860 
21170 
22980 
50430 
18770 
36780 
49740 
23340 
40760 
50670 
29460 
26150 
51030 
21800 
37940 
49690 
21300 
38750 
50410 
22880 
39460 
48560 
19980 
41110 
49250 
20020 
41510 
23700 
21070 
42140 
24630 
19720 
40090 
25080 
20680 
45080 
26030 
21440 
40870 
29150 
24720 
42800 
53400 
20380 
41320 
53080 
24900 
20280 
22850 
20820 
43120 
29000 
20610 
40940 
24550 
22900 
21940 
26590 
22690 
41660 
31590 
28600 
42360 
83230 
24070 
21280 
28370 
22040 
46750 
25770 
25480 
44050 
51480 
25440 
40360 
55950 
23460 
38610 
47850 
20700 
36100 
55820 
22800 
38350 
49340 
20520 
37970 
58790 
22060 
40850 
46580 
45340 
23100 
53070 
21490 
20180 
48900 
25230 
21510 
49860 
19640 
19160 
51680 
21270 
19170 
49250 
19820 
19480 
50390 
25430 
20380 
48270 
21870 
19560 
52040 
20020 
18270 
49000 
20030 
19750 
51870 
20010 
18510 
49160 
21650 
21020 
49160 
19990 
20330 
55380 
21020 
19110 
46020 
25400 
21410 
82300 
41500 
18600 
50880 
20660 
25190 
60810 
20260 
18210 
54260 
23260 
19910 
54820 
21450 
20890 
50640 
21410 
19320 
47940 
22960 
19820 
53410 
20690 
18350 
56690 
21020 
20920 
51060 
19930 
19580 
48980 
26480 
20580 
49220 
20930 
20330 
58630 
21050 
19090 
48750 
21930 
20750 
55530 
22330 
19030 
49600 
20400 
20200 
50530 
19880 
19170 
48240 
20940 
20230 
49230 
30190 
25560 
54200 
21700 
19620 
49530 
46630 
21420 
47250 
46490 
20450 
48380 
43240 
20900 
67810 
60750 
19240 
49270 
50180 
19530 
49250 
43180 
19840 
51710 
44440 
19740 
49540 
47210 
18550 
51340 
45730 
17760 
53470 
49620 
21290 
49060 
43690 
19760 
47550 
46930 
20210 
46360 
41370 
21700 
47740 
45510 
19660 
43570 
44750 
20330 
63560 
49030 
19910 
47810 
46040 
21340 
54190 
48130 
19880 
48480 
45790 
20570 
47690 
43170 
20880 
48210 
43250 
21320 
43980 
47020 
19820 
49160 
46040 
18890 
46580 
44420 
21940 
54840 
44740 
19340 
47410 
46400 
19770 
48110 
42260 
22470 
51110 
46310 
21840 
66140 
63870 
19740 
47960 
44870 
18510 
46820 
45850 
21340 
50920 
42420 
20640 
48840 
45850 
21630 
47990 
43790 
21280 
48500 
47370 
22250 
45630 
45540 
21040 
47770 
43780 
20530 
48030 
43300 
20120 
51400 
48710 
19840 
52420 
46810 
19840 
48110 
44250 
21390 
62750 
52680 
19870 
53320 
53060 
21550 
53850 
47230 
18050 
51230 
45800 
19450 
22230 
50730 
19180 
23260 
55560 
19340 
21390 
47900 
20440 
22550 
53600 
19710 
21610 
51210 
19690 
22620 
48420 
22940 
21790 
52150 
21050 
21030 
66180 
47600 
21620 
52800 
22390 
20160 
47150 
23610 
21550 
54130 
22500 
20420 
47220 
21420 
21830 
49800 
22440 
28450 
58740 
24460 
20890 
48270 
21390 
22830 
52860 
19960 
21090 
46650 
19580 
21640 
52150 
19000 
21130 
49670 
18740 
22950 
48270 
19020 
21760 
49440 
21030 
21980 
48370 
21300 
20490 
51840 
21050 
20310 
52310 
23650 
21830 
52420 
21410 
20740 
48520 
21910 
22600 
50420 
18790 
20180 
29350 
23190 
20990 
45160 
40770 
40910 
47680 
56490 
26870 
30120 
23380 
22260 
74970 
40990 
20960 
48090 
54920 
22650 
45920 
39410 
19380 
50090 
43100 
20000 
46750 
38720 
21780 
50430 
41980 
20240 
44120 
41480 
22110 
52190 
40880 
21330 
45940 
40010 
21390 
66660 
27310 
21060 
48600 
21290 
21860 
51230 
21460 
21110 
50780 
22990 
19050 
48970 
24290 
20370 
52770 
47850 
45810 
25260 
24020 
24460 
50510 
43230 
22850 
27030 
21530 
24900 
51460 
43500 
22160 
50060 
47760 
22640 
49850 
46760 
22800 
49930 
45620 
22050 
46840 
45150 
22380 
49770 
44570 
21230 
63120 
63310 
30350 
56950 
44870 
22570 
50560 
46270 
22150 
44920 
45280 
21260 
51330 
45690 
21830 
47800 
44300 
22970 
47080 
45070 
21520 
47000 
45830 
22890 
46930 
43190 
22650 
47820 
46400 
22900 
51420 
47260 
23030 
48550 
44470 
22600 
49160 
44700 
22530 
46890 
43930 
21990 
47170 
45800 
22510 
47120 
43180 
23930 
47120 
45920 
22150 
51350 
59830 
25080 
54740 
45570 
18730 
52890 
49170 
21040 
49370 
46000 
19440 
51800 
47210 
20810 
47910 
43100 
20230 
49870 
48160 
19510 
48400 
44940 
20370 
52360 
46700 
20330 
48600 
46690 
20900 
49450 
46080 
21910 
49790 
46850 
22010 
45400 
43660 
23120 
48470 
45610 
21950 
45120 
46200 
22610 
47700 
44540 
21630 
46060 
43930 
22060 
61670 
50440 
23670 
48080 
46810 
22030 
48090 
42350 
22760 
50090 
46260 
20280 
47470 
49700 
20410 
50890 
44500 
19960 
47110 
46490 
21400 
48080 
43680 
20000 
49030 
47820 
21140 
51630 
48960 
21430 
51620 
47060 
21030 
49380 
47300 
19540 
52020 
47410 
20930 
67850 
67850 
21290 
51350 
43430 
19690 
50360 
46540 
19460 
46850 
43960 
23110 
49500 
46450 
20750 
47730 
45350 
18660 
50960 
44590 
19370 
49080 
44380 
20360 
49070 
44640 
19490 
50000 
47170 
19270 
48460 
44720 
21070 
52100 
52660 
21860 
50960 
47920 
20310 
51710 
57590 
23320 
52390 
44090 
21140 
50200 
43810 
17780 
21220 
48790 
19860 
20570 
46100 
20140 
24580 
52150 
20080 
23360 
55850 
21070 
22330 
50890 
20250 
19940 
48590 
21540 
23010 
51160 
19730 
21790 
73540 
38030 
21440 
46280 
21040 
21930 
51680 
20660 
20030 
51870 
20490 
23080 
60080 
22500 
21470 
48730 
21970 
21360 
52480 
21550 
26050 
62370 
26060 
21870 
52990 
25000 
21290 
52150 
21870 
19730 
51560 
22240 
20410 
49770 
27620 
20000 
49700 
23660 
20330 
48270 
20770 
22120 
50500 
24230 
18750 
58880 
24790 
19140 
52840 
23150 
19980 
50630 
21730 
20930 
50490 
22760 
20230 
50140 
21520 
20970 
51500 
46990 
26800 
50200 
44470 
45920 
53140 
50140 
22690 
49670 
25800 
27360 
74080 
66040 
48960 
47820 
47160 
46160 
46670 
46310 
45950 
47060 
46460 
46870 
25230 
22950 
19260 
50080 
48460 
46210 
46930 
44850 
48030 
47710 
46990 
48710 
47010 
45560 
43910 
46390 
46940 
48470 
49550 
45000 
46680 
49890 
23700 
22720 
24830 
24840 
22870 
24870 
26550 
23350 
53490 
48320 
19530 
50870 
46590 
18750 
50280 
50050 
20770 
51300 
44570 
20580 
51290 
48330 
19350 
50860 
50030 
19180 
51940 
22700 
23410 
24020 
18730 
17630 
23960 
20470 
16340 
28220 
25480 
23430 
49290 
37140 
15980 
24940 
21770 
15720 
32070 
25060 
16700 
25740 
22270 
15900 
25080 
21980 
17270 
24320 
21660 
16170 
29210 
24270 
26480 
29250 
27980 
18930 
26560 
23530 
16050 
24340 
22560 
16420 
24650 
22420 
21110 
26780 
23910 
20270 
21200 
18880 
20510 
14880 
56900 
21630 
19660 
49500 
20980 
20470 
53740 
19900 
23750 
20270 
14890 
21650 
52700 
19970 
24280 
23930 
21120 
24600 
55570 
22280 
22260 
23800 
21250 
14340 
52000 
18540 
21890 
19260 
34420 
38540 
48920 
19070 
21300 
56930 
38480 
40880 
50800 
41620 
41390 
47520 
18950 
20650 
53230 
42470 
41620 
49790 
36840 
43450 
52410 
39600 
43630 
48930 
40210 
42360 
51340 
39010 
20040 
56820 
44140 
44090 
62440 
19790 
21190 
54030 
39410 
50140 
60240 
19520 
22410 
55070 
21090 
22910 
50380 
19250 
22240 
53130 
39260 
40920 
49000 
41430 
41360 
49930 
39210 
43050 
58620 
42770 
42070 
49210 
21460 
21840 
56220 
41910 
41340 
47110 
41520 
20980 
65160 
22460 
60600 
62430 
20420 
54170 
19570 
25220 
59950 
47970 
21310 
50330 
43920 
17590 
19440 
45650 
43140 
22440 
49000 
22130 
22890 
50800 
39550 
41520 
50470 
23030 
20230 
21270 
13770 
20380 
32450 
24970 
21210 
44870 
20230 
14650 
48270 
25510 
44630 
45400 
20180 
24650 
47450 
20300 
20830 
48680 
19360 
22330 
60780 
29300 
27510 
84790 
39140 
48470 
53600 
19670 
21690 
50430 
21790 
46820 
49970 
21560 
47180 
51300 
18330 
18480 
17090 
17780 
19790 
23450 
20550 
21000 
27040 
20820 
16340 
24340 
20640 
14150 
54230 
20460 
14490 
30500 
23770 
24350 
24620 
14380 
20170 
25310 
24860 
24800 
53620 
18590 
19300 
10066910 
18010 
21210 
18670 
15790 
20380 
25170 
30170 
30800 
48230 
53060 
19470 
20140 
18250 
20380 
17910 
16360 
21650 
19740 
22230 
15690 
19690 
35730 
30790 
25140 
27140 
26920 
22110 
22610 
23400 
44990 
43430 
50910 
42350 
47340 
47790 
45120 
47500 
51860 
41530 
53710 
17900 
40260 
47510 
54650 
40170 
43400 
47910 
40020 
46720 
51290 
38820 
42590 
51900 
43920 
46240 
64360 
23150 
21260 
23940 
15620 
16730 
20850 
14460 
19750 
22290 
14090 
16230 
22930 
16290 
20750 
22670 
14480 
16230 
22310 
15380 
21670 
20670 
13700 
16660 
22350 
14220 
20170 
20040 
14510 
16750 
22440 
14570 
19500 
35260 
28480 
17000 
23280 
14460 
18390 
20260 
16350 
18300 
20620 
13300 
19920 
21850 
13930 
17050 
19150 
14100 
18870 
23800 
16220 
16940 
21020 
14670 
20580 
21760 
14410 
16480 
21330 
15390 
20240 
20310 
14720 
16150 
31130 
15380 
20550 
20860 
14520 
17690 
22840 
14320 
19120 
20890 
14420 
17500 
22620 
20240 
23770 
53270 
42760 
52260 
48290 
39880 
46730 
48380 
41110 
47890 
45420 
39740 
47130 
46560 
41180 
43590 
55360 
45790 
47510 
71080 
55130 
45060 
48980 
42760 
48990 
47740 
38540 
47000 
48290 
42100 
47310 
46540 
40090 
51570 
50040 
41070 
45490 
44740 
42460 
47610 
46130 
41460 
42360 
49320 
46470 
43700 
50390 
43280 
44630 
60860 
53650 
46520 
44820 
45250 
45650 
49940 
44980 
42370 
50230 
47240 
45620 
51170 
47660 
41270 
49360 
47710 
48390 
47880 
44810 
42450 
49510 
44560 
43160 
46830 
43480 
46180 
53330 
49050 
42260 
44260 
45100 
45590 
47140 
42050 
42670 
64990 
59890 
43540 
44590 
46450 
49160 
49770 
45970 
44190 
47160 
45290 
43590 
46860 
49150 
52670 
51540 
46570 
50130 
49420 
44170 
40620 
49360 
46630 
44590 
47690 
45090 
42510 
48990 
47010 
45520 
50760 
45260 
45350 
50470 
45390 
41570 
44770 
45840 
45190 
47480 
45230 
42880 
48270 
47050 
43020 
46270 
42120 
43640 
51220 
49340 
42930 
46230 
44700 
45110 
49020 
45400 
39920 
43950 
46940 
42270 
48720 
43710 
40110 
45750 
58620 
42160 
69330 
43760 
39340 
50930 
47280 
40110 
47620 
44950 
41940 
49920 
22990 
41130 
49400 
25070 
23430 
55310 
24070 
19940 
55110 
24100 
21060 
52920 
23280 
20280 
53710 
25480 
20330 
65120 
27330 
23760 
55800 
25640 
20540 
49130 
24710 
21530 
50300 
22600 
21040 
10090210 
25130 
21120 
45820 
24680 
40770 
45260 
27310 
39740 
44900 
25160 
44560 
47960 
25750 
39860 
43450 
25420 
41990 
48450 
24000 
20520 
46970 
62840 
42800 
48770 
44470 
19170 
50010 
26220 
39870 
45230 
47940 
20520 
47270 
46050 
38850 
42920 
47860 
52420 
57320 
26340 
42060 
45350 
53980 
43690 
47180 
45690 
19160 
48830 
49660 
19340 
44780 
23840 
43580 
49240 
26350 
39460 
42620 
25970 
47530 
46780 
24130 
22030 
48390 
47000 
20940 
24190 
22890 
17390 
16360 
58770 
19810 
17570 
22950 
16280 
25220 
56010 
21150 
18040 
21890 
17320 
24000 
54520 
20460 
24630 
25440 
20530 
23680 
57120 
39890 
25620 
52680 
19280 
23170 
47880 
21400 
25270 
50810 
20660 
24890 
26480 
21730 
20230 
24540 
20610 
18340 
26040 
21870 
23430 
53010 
19310 
23410 
51660 
19200 
18280 
25070 
22580 
24910 
25150 
23070 
23650 
26810 
20980 
17890 
21250 
15360 
25180 
30570 
20140 
18430 
24620 
22060 
25160 
26480 
17720 
15380 
52930 
21650 
24810 
23350 
21440 
22440 
25290 
18430 
17680 
56830 
23510 
49540 
50860 
21390 
18530 
26460 
21370 
19560 
43730 
38270 
24820 
53300 
22270 
29390 
26080 
16830 
16830 
25450 
22140 
23210 
23150 
19820 
22480 
32410 
21700 
19680 
22260 
16800 
18340 
21580 
21860 
47160 
49890 
21610 
19440 
21170 
16880 
18830 
27690 
14410 
23500 
22020 
24550 
23550 
26810 
22500 
22400 
25080 
24080 
