47862
24941
23751
21461
19990
21480
21070
20581
20931
21521
22441
20181
19491
21631
20101
21301
58472
56352
55712
54942
55842
54292
54221
57082
55801
56522
57122
54952
55582
56742
56092
56332
55142
56132
55882
55802
56172
52781
55592
56491
57042
57342
55712
55902
57232
56742
55752
55792
59142
55692
56762
54662
57102
55842
56921
56731
55532
56452
56482
54492
56692
56592
56412
56202
55752
56632
56072
56862
55932
55112
58122
54871
55392
56222
56352
55042
55642
56172
56382
55602
55312
55822
55422
57522
55972
64602
56442
56202
56042
56152
56052
57702
56022
57042
54732
54942
58622
55882
56962
56202
55722
55422
56262
56082
56342
54732
54962
55862
55852
56692
54872
55842
57322
56382
56002
55262
55922
58792
55641
56091
55821
55512
56522
57112
57252
56142
55942
55232
57342
55242
55792
56092
55192
57342
54671
57092
55562
56692
55802
54792
55612
56182
56122
57102
54692
56312
55932
56552
58782
55582
56721
56542
55461
56032
57102
55862
56032
54252
55512
56962
54972
56952
56002
56282
56322
55421
57452
56391
56752
56012
59633
58252
55252
55552
56672
55252
57562
55182
55912
56072
56162
56352
55941
56311
55582
54772
56112
56562
55272
55492
56662
55242
57232
56002
54532
64042
61612
57802
58622
55512
57412
97083
75332
58742
56112
55742
56712
57062
57882
54202
56422
56052
56002
57172
56492
57322
57722
54852
58092
55852
55452
58082
54792
57872
55652
55262
60592
56022
57442
55652
55171
56852
55652
55842
54592
54702
56632
56142
55362
54252
56222
56182
55482
57532
57732
56772
56642
57912
56812
57172
55742
55732
56272
55192
58222
54752
56512
55422
55782
54742
56242
55212
55861
57592
53452
57542
58552
55822
58022
55942
55662
56062
54382
56922
55292
56132
56592
53782
56902
57022
56662
55922
54812
55842
56802
56392
56172
55792
55692
78063
56722
57122
56502
57872
55862
55301
56702
55762
56872
56662
56132
56902
54962
58162
55802
56842
58442
55462
55822
55742
55492
57092
53652
54642
56152
56532
57362
57612
55272
56392
55622
56142
56302
57212
55722
57302
57182
57042
56102
54192
56922
56612
56202
55822
54902
54242
56472
55662
56182
53712
56352
56592
55822
56922
54122
55322
58072
55662
58932
56072
56102
58762
56572
58042
55302
58202
59802
56912
57131
56102
54322
56172
55842
55352
55242
54542
55922
54982
58372
58082
55702
55492
55262
54721
57612
55162
57782
55442
55982
58702
55312
55902
57122
55692
56072
55222
56322
55802
55272
56601
56421
56601
56052
55552
57082
56402
55912
57692
55852
55842
56412
56792
55862
55402
56002
56472
57752
55452
56672
55622
55502
55802
54992
54432
56662
55522
57802
54912
54582
58812
55202
57702
56081
55422
57082
55302
59572
55412
54282
57262
55052
56162
55682
54002
57912
55732
57442
55122
54561
57402
55592
56852
56002
54952
56802
56622
56532
57202
57352
57092
56052
56432
56962
56052
56022
56072
57122
57442
56002
56752
56592
55442
55962
55242
57612
55432
58442
55882
56172
56682
56752
59353
59913
59032
56972
55002
57662
55322
57402
55922
55702
56822
54712
55482
55752
56092
55381
55311
55672
56152
54802
55912
57022
55012
57332
56612
57882
56532
54982
59032
55792
56902
57152
55002
57322
54822
56142
55492
54562
57312
55762
55082
57962
55402
56012
56932
56752
54581
56362
56312
56962
55642
56222
56082
56922
56972
57092
56682
56672
56522
56252
55422
54862
56972
56612
57292
55972
56762
56852
55802
55842
55312
54962
55372
57002
56282
57772
57582
56642
57632
55531
57362
56112
54842
56532
55662
57442
56432
54482
57592
55002
57262
55282
54802
56872
57692
60092
57602
55962
56712
57192
57302
56062
56552
57752
57202
55982
56182
56532
57142
55441
55601
56562
55952
56612
56462
55602
56472
55872
56302
57062
55992
56352
56002
56642
55312
57772
56442
57782
56332
56082
56592
56362
55852
56442
55362
57892
55692
56722
56572
55452
56982
55622
56101
56911
55602
57802
55552
57112
55932
56032
56942
56182
55922
58472
56112
55742
57802
56072
56221
55741
56222
56812
55422
57472
55212
55182
55702
55262
55872
55032
56212
58022
56372
56502
56721
58872
56302
55912
56872
55982
55852
56022
57662
57392
57292
56422
56792
55222
57602
57182
55521
57052
56162
57462
58132
57072
55602
55962
56192
56382
55092
56272
55742
56692
57071
56862
57372
55702
58022
56462
57102
57302
56372
57542
56192
55572
56022
55472
56962
56122
57002
56702
54362
58412
56602
56222
55892
56432
56082
55962
55912
57142
55412
57142
55852
55652
58362
56282
56762
56612
55402
56652
56262
98564
67423
56662
57572
55692
56262
58432
56562
58742
55472
56061
55302
56792
58352
56572
57172
55922
55942
55782
56582
56082
55792
56732
55882
57462
58142
55432
55832
56602
56452
57072
56282
57632
56632
66362
58202
54912
55462
56462
56742
58532
56371
56571
56491
55862
56072
55872
55672
56352
55682
58572
57322
56452
56872
55162
58602
55232
54952
57872
54411
58182
56922
56342
57222
57602
59572
57092
56012
57512
55152
60202
59972
56352
57052
56131
56472
56882
55032
54572
56252
55922
56212
55702
57902
57732
56062
56162
55782
55622
55181
54431
55532
55952
56792
55562
56602
56282
56462
56372
55612
57472
54822
56892
56622
55262
57942
55131
56882
57612
56062
57062
55822
56312
56052
55292
56582
57602
57442
56472
55732
56972
56502
55651
56902
54822
57372
56242
55212
58602
54772
55992
56962
55202
57182
57912
56972
56782
53911
59512
58002
58132
59232
58512
59032
58172
58162
58662
59142
58812
59272
57042
55842
57542
58892
59612
57342
55652
58542
57022
57292
56862
55402
56712
57162
56302
56912
58072
56442
57312
55912
56771
67162
59642
57402
55452
56732
55892
55842
56972
56692
56542
54932
56192
57232
56052
59012
55641
55752
56912
55892
57902
56162
56922
56422
55872
56892
56232
55192
56192
55902
54742
57752
54982
55442
55022
55612
56212
54842
56212
58202
56922
56302
55542
56482
57432
57252
57822
56972
55531
56762
56492
55592
55982
55422
54592
55952
55402
56072
56222
55972
55702
56362
56492
57742
55372
58462
57302
56062
56922
54662
56992
55972
57582
56972
55642
54932
58192
56852
55352
55161
55912
58112
57822
57712
55242
55502
58542
56442
57452
55812
55812
58152
55442
57352
55281
56482
57272
56202
57052
56982
56322
56472
56272
56282
56472
56262
56262
56622
56652
56792
55922
56662
55722
55272
58502
57552
56262
56702
55622
55992
55402
56062
56462
57172
56902
56062
55092
55752
56342
55402
56032
57432
56452
56232
55132
54192
56922
56022
57132
55022
57422
55852
55931
57252
55672
56672
56872
56192
56852
55422
57812
56332
55052
57502
56322
56092
56012
56782
56602
55872
54872
55602
55332
56242
55262
57762
57362
54882
56372
56692
55032
57582
56092
55942
57642
56201
56532
55572
55662
55522
57082
57962
57772
55332
56082
56092
55792
57032
56342
56312
57062
56331
56502
55762
55902
56832
57162
56462
57752
55312
56922
58542
57452
56832
54912
56221
57312
56142
57342
55272
55432
56232
55462
58542
57372
57132
57382
55752
57072
54982
56452
57762
55641
58222
56302
54852
57812
56912
57102
55312
55942
56562
57572
57782
57932
55032
54412
57282
56471
56512
56252
57422
57702
57142
57082
54052
57572
57682
57372
57052
55712
55912
58062
56862
57241
55892
54712
55332
55412
58722
55642
56812
56402
57512
55502
57182
57912
55492
56652
56532
57332
56692
56912
57762
56422
56322
56902
55822
58282
56302
57882
57342
57142
57622
57252
57391
56902
55381
57052
56422
55992
57032
56652
55992
57332
55992
57622
56142
57562
57382
56212
57602
55751
58292
56932
55102
58152
55772
55742
55442
57372
57182
55472
58942
55752
56402
56772
57262
57142
56302
55872
56642
57272
55982
56852
56292
56742
58122
56452
54702
56392
55712
59392
56982
55292
56492
58042
55742
57182
56282
55882
57532
103944
70562
59292
56092
58162
56902
56622
58362
55952
57962
56102
56802
57572
55522
56302
56242
56432
57452
55132
57042
55892
56512
58802
57332
56431
60232
57162
57922
55052
56122
56592
56222
60072
56962
57102
55752
56152
57622
58462
56272
57892
56572
57232
56162
55602
56692
55632
56422
56452
57512
56832
55502
56422
55852
57782
56361
57052
57172
57332
55872
55852
56322
56442
57672
58072
54812
57302
56352
55152
57532
56122
55652
56191
56852
57312
55822
55492
56342
56172
56962
54852
56752
58252
55632
57502
54432
55892
56602
56332
60442
61213
56752
57582
57152
56992
56472
54782
57902
55742
56442
57872
56692
55452
56452
57382
57532
57082
55442
56992
57632
57342
55162
56302
61592
57412
60192
55642
56872
56092
57612
56752
68842
60603
58472
58592
57752
56852
56992
56862
57972
57632
57192
56602
58322
57112
57262
57172
57292
56572
57432
57962
58062
58472
55962
58092
56322
57782
57172
55522
57022
57152
57472
57622
57652
57442
57202
56872
57032
57922
56982
58332
56932
57702
55382
57742
57342
56732
58842
56292
55612
57142
56072
59362
57292
55972
57602
56652
58922
55622
60162
57782
59562
58772
60952
60822
57602
58722
59062
61242
60002
57812
56532
58262
58122
57162
57512
56792
56022
58062
56662
55711
57182
57012
56382
57522
57102
56412
58242
56592
58662
56702
57162
57382
56742
58652
57122
57632
59142
57832
58422
57962
56352
58072
58042
67382
59732
57262
58472
57812
57212
56162
55852
56792
57342
58612
58852
57142
57342
57002
58392
59212
54242
59532
58402
59542
61042
59262
58722
58942
58713
60173
58832
59022
59592
60082
58372
58002
58912
59102
59382
58692
59182
58082
58522
59532
58272
59422
58482
56662
59842
59312
59992
60262
58412
60332
58282
59282
59972
63232
59282
58682
56692
57402
55552
58032
58002
56032
58102
55502
55972
57692
56742
56532
56222
55522
58432
56381
57262
55462
57662
62713
59292
60412
57882
58962
60722
58852
59832
59792
58062
60502
59122
60062
58793
59003
57432
56812
57092
56002
56132
61312
57142
56762
57852
55862
57822
57742
58322
57202
56601
56232
56802
59092
56932
58612
56972
58212
57462
58072
57602
57972
55812
57392
58252
59122
58712
58002
59892
59202
59622
59602
57852
60502
59222
58942
58872
57872
59122
59402
58942
59682
58142
60202
58372
58792
60652
58482
60172
58702
57682
59552
61722
60082
59782
58722
59792
59202
58322
59603
56612
57202
55792
55772
55982
56292
58752
55882
56472
55592
55862
57592
56242
56001
56252
57222
55942
57592
55512
55342
55032
56282
56362
55662
57652
54462
57282
56882
57032
54451
55572
57112
56602
58452
56402
55872
55922
58822
58302
56472
56192
57702
55472
59842
55682
55781
56042
55782
57052
56032
55082
56342
55882
57602
55392
55612
58012
56562
57492
56892
55192
56561
55522
57252
56802
55322
56662
56922
55532
57262
55602
57282
57802
57092
57072
58202
56522
56142
57292
57552
87683
56282
56202
57792
56552
55832
56922
56632
56592
55662
57182
57882
56571
55831
58362
57912
58142
57222
59972
59592
58232
75913
68922
61662
58462
50831
58042
55272
56572
56451
55562
57222
56032
56232
55822
54312
58072
56372
56862
56322
55072
56392
57872
58112
58272
57552
58202
56992
56892
57962
58422
59222
59132
58592
57902
57842
58942
56072
56732
55312
54901
56081
57312
56962
54542
57532
57032
56872
56502
54762
57922
55672
56342
56762
54772
56702
55742
60232
58773
56792
57512
59772
58162
58172
57302
57862
59102
57472
59282
57692
57242
58932
58732
59552
58042
57362
60622
57662
58862
57552
57572
58862
58362
60442
58362
57112
57922
58692
58222
60052
58222
58712
57912
58782
61282
58022
58272
60072
57462
60942
57832
58062
58502
57752
60482
57872
58162
57472
58632
61512
58082
58202
58492
58342
59412
58192
58632
57632
58942
59112
59262
58292
56912
56122
56502
56862
56442
54542
56712
57592
56582
56852
54822
55252
57822
77172
56982
54082
56462
56702
55932
57282
55702
55752
56462
56622
56842
56022
55882
56922
55492
57702
55871
55452
57272
55022
56692
58022
58312
59512
59072
58962
57722
56552
58612
58352
59902
57722
58292
59223
58442
58952
58292
57162
58132
58182
58672
59012
57952
58982
57932
57942
58152
58282
57882
56902
57912
58822
57492
58022
56632
58562
59322
59422
58612
57282
59442
57082
58222
59382
57382
59943
58382
59132
58572
56732
58312
59112
59972
58202
56922
58302
58112
59052
58562
57012
58242
58162
58182
57622
57632
58242
57592
55892
57932
56552
56662
56052
57082
56962
55622
56332
55781
55692
57222
54842
56322
54922
55822
57222
55412
56642
55552
55542
57702
57332
55732
56792
56652
55511
56872
57362
56002
57192
75223
60272
57562
58582
58482
60172
57542
57202
55392
55822
56742
57082
56842
55452
54752
57682
55352
55662
54242
56452
57492
54942
57242
56422
54692
56762
54951
57482
59222
60673
59422
55712
57452
55452
55462
56732
56122
55882
56452
55792
56072
