104200 
50020 
50130 
47480 
49330 
48160 
41170 
43830 
43970 
43140 
45420 
97340 
84180 
62520 
46720 
45170 
44530 
42670 
39320 
39540 
42380 
42380 
40150 
39890 
38710 
42170 
38510 
44880 
38780 
39120 
43410 
40090 
40830 
38200 
40580 
44310 
42760 
44370 
44240 
41660 
40960 
42930 
77210 
59350 
55780 
54440 
57340 
54740 
56370 
53710 
57240 
62050 
57060 
56720 
52540 
55330 
58240 
55230 
56270 
52350 
57860 
62260 
59190 
57480 
54430 
55480 
53450 
58920 
65290 
42410 
39220 
42360 
45230 
45080 
41980 
39200 
44430 
44310 
43210 
92400 
89920 
62200 
55220 
40480 
40720 
41020 
42710 
37870 
41940 
40690 
39950 
41530 
40890 
43170 
41870 
40830 
39920 
38900 
43420 
40670 
39970 
39170 
42090 
43890 
41290 
45800 
40800 
39600 
42270 
40100 
41550 
78490 
58150 
56300 
56040 
56050 
55470 
55970 
55350 
56630 
56480 
55670 
53930 
55930 
60610 
57250 
55100 
53060 
55300 
55910 
57210 
56650 
55370 
53210 
57390 
59610 
58500 
60380 
41080 
39140 
43140 
42520 
44250 
40840 
39810 
45970 
43770 
41250 
88460 
72700 
61170 
44610 
41120 
42030 
39990 
45910 
41120 
40380 
41030 
40530 
42400 
41300 
41620 
39700 
39260 
39130 
41410 
42270 
40460 
39730 
38890 
40440 
42070 
40800 
45930 
41920 
44000 
42160 
43370 
72390 
56300 
58390 
56010 
55230 
55450 
54120 
55560 
54750 
53960 
54350 
54450 
51450 
56470 
57540 
69850 
57300 
54250 
57090 
56530 
56960 
54090 
52340 
58400 
59710 
56350 
63210 
46760 
42600 
40240 
43490 
42770 
39650 
41280 
47110 
44250 
40070 
90800 
87560 
65330 
55190 
41530 
39380 
39560 
42210 
41640 
40920 
40190 
39680 
42210 
40550 
40000 
38840 
40770 
42280 
41630 
44170 
40960 
39860 
43270 
41700 
40560 
40350 
42630 
42810 
44090 
42160 
40580 
39480 
73450 
59130 
58210 
55190 
52540 
55500 
59040 
58020 
55370 
55260 
55230 
55960 
55850 
56690 
52470 
55500 
58500 
55580 
53780 
54010 
56510 
55540 
56830 
57090 
54610 
55920 
61290 
48300 
43330 
41340 
41990 
43260 
43940 
42800 
47820 
45060 
40490 
94360 
79020 
58780 
43150 
38920 
42900 
41340 
40000 
41980 
39810 
40640 
42250 
42050 
40980 
40270 
40220 
42160 
42970 
40880 
40960 
40850 
43660 
44610 
41140 
41850 
40160 
46740 
43360 
42810 
39750 
41380 
75280 
57380 
57740 
56910 
53080 
54990 
57910 
59320 
53140 
54520 
54600 
57320 
61670 
56200 
55660 
56320 
56580 
54700 
58160 
57580 
55560 
56930 
56930 
56720 
53160 
57330 
64690 
44120 
41350 
39680 
40480 
41420 
43030 
41370 
52870 
45190 
39950 
93880 
87230 
63750 
56950 
42150 
44570 
41110 
42100 
41390 
38930 
41060 
39700 
40300 
40840 
39380 
43100 
40980 
44120 
43220 
41020 
39580 
40140 
40860 
38350 
39720 
41570 
42680 
46840 
40780 
40430 
42470 
45340 
76730 
58290 
53890 
54450 
57460 
54660 
56480 
55920 
53570 
58020 
65410 
60760 
52320 
55570 
54400 
56870 
57170 
55130 
54480 
56610 
59110 
58180 
53180 
60010 
58340 
56120 
61570 
41230 
39910 
41710 
44150 
43030 
42220 
39590 
44100 
50570 
43580 
91360 
76790 
55660 
44710 
43560 
41270 
38890 
38660 
40350 
42010 
40300 
42330 
40550 
39550 
46300 
39530 
40410 
40260 
39060 
40950 
40040 
41710 
39600 
49750 
45930 
42120 
43660 
41300 
40860 
42170 
45150 
72690 
57980 
57020 
54220 
57810 
57200 
61270 
56140 
56430 
54880 
57810 
54280 
55420 
54980 
56420 
56380 
54780 
55180 
55310 
57210 
57550 
55770 
56330 
60600 
53140 
57680 
63990 
44810 
39940 
39390 
42790 
45040 
40920 
39620 
40330 
49520 
42220 
92830 
87370 
61800 
60380 
41740 
49760 
42340 
38410 
43740 
39680 
41170 
41180 
40190 
39230 
42710 
39880 
40050 
38100 
39160 
53560 
44570 
40060 
38910 
40090 
40800 
42470 
43730 
43080 
40540 
46200 
42680 
41100 
74430 
56700 
58660 
54880 
57100 
55670 
51070 
56370 
57140 
59190 
53980 
54690 
56200 
57200 
62600 
53240 
53240 
54290 
58320 
56690 
57690 
54910 
54430 
57640 
56980 
54420 
63450 
42700 
43380 
42790 
42930 
41420 
41170 
41700 
51210 
44130 
40160 
104470 
87600 
61370 
49740 
38490 
40500 
42540 
42100 
38950 
39080 
39320 
38900 
43060 
40270 
40580 
39960 
38490 
40390 
40840 
43440 
41210 
39050 
40220 
40550 
46030 
43320 
42540 
41400 
42710 
42360 
45240 
62120 
56100 
57850 
55540 
59830 
55100 
55240 
56990 
54920 
54510 
57710 
55930 
57810 
55820 
57910 
55220 
58990 
70430 
57960 
59740 
61280 
59580 
59140 
60090 
57600 
53900 
63050 
47760 
43720 
41060 
42350 
43390 
41470 
42230 
42680 
48080 
40840 
64130 
89020 
64790 
61470 
42740 
43270 
39180 
42270 
43270 
43560 
39210 
37750 
43210 
41360 
45350 
42460 
40360 
42280 
40880 
44220 
41100 
39800 
41390 
42410 
40320 
44440 
42210 
45170 
42460 
41730 
43200 
43100 
79500 
62150 
62250 
54930 
60060 
57330 
55580 
57230 
56790 
54840 
54700 
57380 
56860 
57200 
57640 
55050 
56690 
55640 
54960 
56600 
53720 
55160 
54410 
55570 
56010 
55780 
61490 
49880 
41680 
39620 
41780 
44400 
43540 
40970 
49360 
44110 
41360 
92240 
83950 
63450 
47290 
54890 
45860 
41700 
40980 
39800 
40980 
41360 
41900 
38920 
38680 
43230 
43460 
43360 
41850 
40010 
41650 
39310 
39330 
40160 
39610 
39650 
39840 
46160 
43470 
43100 
39440 
40010 
59510 
58270 
57310 
54470 
55430 
58330 
56550 
56520 
51450 
60260 
55730 
57070 
58900 
54680 
55850 
54300 
57690 
59570 
53070 
53570 
54370 
57920 
57120 
56010 
51780 
51530 
55180 
55410 
41760 
41460 
40590 
44770 
41590 
45330 
46440 
44430 
41840 
44380 
93280 
68230 
56160 
42430 
45110 
40870 
39270 
40660 
38290 
41980 
41620 
41490 
39860 
38710 
52760 
42040 
40330 
39370 
40100 
42230 
39550 
40730 
40890 
39050 
41950 
42210 
46030 
45060 
41150 
40120 
43820 
77610 
58530 
54420 
55620 
57130 
56810 
56870 
58400 
57200 
59580 
54220 
57630 
57430 
53260 
57620 
58720 
61320 
53700 
56630 
52900 
57010 
58660 
56590 
55550 
54590 
57160 
68400 
42710 
39880 
38900 
42770 
41290 
40310 
48660 
49270 
50040 
43640 
92760 
86480 
61160 
49790 
46940 
41480 
39390 
39890 
38800 
43890 
43120 
41460 
38720 
38910 
40130 
41220 
40350 
41140 
39820 
40480 
41170 
40300 
41030 
39460 
44940 
43620 
43770 
40600 
39820 
47340 
44260 
53330 
61410 
53150 
56480 
66920 
61140 
55260 
51390 
55110 
54720 
56400 
52650 
51860 
54890 
57150 
67230 
57040 
53610 
53520 
57750 
57090 
56090 
52080 
53620 
54430 
55760 
54700 
56570 
42330 
39370 
43400 
43300 
40560 
39080 
42010 
48640 
45710 
40840 
90770 
68860 
59370 
43370 
41850 
39730 
39460 
43330 
39200 
39130 
41430 
41970 
42480 
41500 
41510 
38580 
39990 
39640 
43760 
42820 
41070 
42020 
40850 
41590 
44420 
41240 
42290 
42140 
43500 
40300 
40610 
73670 
58620 
57990 
58110 
59020 
57460 
54220 
55300 
55220 
58610 
54000 
53120 
53300 
56120 
54860 
54760 
58290 
54560 
55940 
56790 
55640 
55630 
56270 
55300 
57190 
54340 
63090 
39020 
45350 
42850 
44270 
43730 
40570 
40680 
48710 
41610 
42170 
93580 
84340 
55510 
51580 
44040 
39430 
40570 
42760 
41610 
39720 
41090 
40370 
41800 
40630 
42610 
39100 
40390 
43820 
41870 
40870 
40060 
38840 
42750 
40590 
43730 
40090 
42730 
40700 
44200 
45150 
41630 
47080 
63870 
59780 
57220 
55350 
56460 
54800 
57480 
56920 
55590 
55110 
54240 
57910 
58770 
57260 
57530 
54600 
56240 
55010 
56270 
53740 
57130 
54640 
55210 
57140 
53370 
55550 
56610 
44170 
41740 
44100 
42660 
42880 
42300 
47150 
44670 
49710 
42460 
93170 
69440 
57510 
44840 
39480 
40240 
40300 
39930 
39820 
39390 
39970 
41380 
41220 
39090 
38120 
39810 
41270 
40450 
40300 
39670 
37570 
43370 
42800 
40570 
42080 
41120 
45520 
42200 
42050 
40590 
39910 
75570 
57520 
56470 
53670 
59590 
56860 
57210 
58230 
54750 
55720 
54020 
63100 
56530 
57750 
52940 
57390 
60190 
57410 
56820 
56270 
56120 
58400 
57330 
57830 
53980 
55380 
63660 
44380 
42890 
41500 
44830 
45300 
43180 
41350 
46330 
44210 
41060 
91630 
84320 
56170 
55120 
43060 
43140 
40040 
40280 
49230 
40880 
42920 
41100 
39740 
40940 
40210 
43380 
39870 
40420 
42310 
40670 
39490 
41590 
41750 
40070 
42730 
42010 
44110 
42350 
40700 
42560 
40170 
51320 
70020 
56950 
56970 
53740 
56270 
56680 
56560 
54460 
53950 
57740 
56320 
58280 
53320 
54560 
53190 
55260 
58140 
54890 
56350 
54930 
56460 
58830 
57300 
60380 
64910 
59550 
57280 
43900 
40470 
40460 
43550 
42340 
40120 
41490 
43440 
43690 
43190 
90210 
70860 
53730 
41360 
41560 
40140 
40610 
38270 
39760 
41830 
44450 
40380 
38910 
38780 
41190 
40890 
42670 
39770 
39240 
43120 
39470 
40710 
40260 
40030 
44090 
42650 
44210 
42340 
41710 
41430 
44090 
78440 
61310 
54130 
55160 
57510 
58780 
65560 
55180 
57030 
61480 
59020 
56360 
54880 
57020 
58940 
56800 
55770 
52890 
55260 
57820 
56170 
58780 
54340 
53950 
53130 
57170 
62650 
41890 
40430 
40690 
46030 
47490 
40600 
40770 
45910 
45320 
52540 
90760 
84430 
57300 
59420 
41850 
40660 
39410 
40630 
42360 
40520 
39990 
41470 
39030 
39830 
42420 
44770 
41790 
39820 
41970 
50010 
42300 
42950 
39230 
39270 
44510 
42850 
42290 
38200 
43870 
42390 
42080 
41560 
75710 
56880 
59620 
54890 
56380 
53940 
57290 
58200 
55100 
56910 
54130 
55710 
60400 
59230 
59290 
57540 
53680 
53900 
56620 
55070 
56200 
55460 
53440 
56440 
56540 
56330 
60290 
44620 
42710 
43500 
42830 
42240 
40600 
41380 
46390 
45150 
42650 
94680 
72370 
59370 
46550 
44240 
40290 
40670 
43100 
40410 
39570 
40060 
40870 
41880 
40590 
40230 
40880 
38970 
44190 
40100 
39740 
45770 
39670 
40240 
42580 
44050 
45710 
42460 
40230 
42570 
45210 
40680 
74680 
58610 
56520 
55580 
54530 
53990 
56580 
57890 
58730 
55780 
52560 
56080 
57890 
53460 
58420 
54480 
53710 
52600 
57570 
57690 
56770 
54330 
55670 
55850 
56370 
52640 
61790 
42400 
41130 
40940 
42000 
42050 
41410 
42560 
48290 
42260 
41900 
95000 
84840 
57420 
52910 
40990 
38530 
39680 
41920 
41420 
40790 
40940 
38530 
42430 
43180 
39920 
40170 
39440 
41450 
40930 
40280 
38920 
39770 
42670 
41200 
42560 
42550 
41530 
43430 
42150 
41870 
39330 
40500 
75120 
58910 
59700 
57380 
52210 
59290 
58230 
59320 
52760 
54300 
53180 
57250 
55510 
56820 
54730 
51810 
57170 
55690 
56570 
55040 
59320 
58040 
56580 
54580 
54580 
61230 
62570 
48220 
41600 
44760 
41640 
40740 
43720 
43700 
45220 
40710 
40620 
94870 
76880 
56610 
42680 
42030 
43980 
41260 
40690 
40680 
41370 
42980 
40570 
39870 
43010 
38680 
40340 
40280 
43600 
40640 
40330 
41020 
42370 
41510 
39380 
39810 
39900 
44840 
41550 
41520 
38990 
39430 
75910 
58060 
59490 
55260 
54360 
56640 
56260 
58750 
54060 
54920 
52570 
56960 
60900 
53470 
54220 
54480 
56260 
61110 
67000 
66210 
54630 
57440 
57220 
57650 
59470 
55690 
64920 
44900 
40490 
40310 
41610 
45350 
43700 
40520 
49350 
42500 
41040 
105300 
87560 
62200 
52270 
39710 
42990 
40850 
38220 
39220 
38250 
46890 
40050 
39870 
40160 
42860 
43680 
42890 
41630 
40060 
40030 
46520 
43360 
44340 
41200 
42610 
40490 
43790 
43830 
42130 
50560 
42520 
42750 
79430 
56250 
53940 
59640 
58500 
57070 
58070 
55000 
53970 
55630 
56720 
55370 
52490 
55440 
56250 
60340 
60500 
52710 
56390 
54480 
56970 
59030 
53140 
53460 
53980 
55830 
65370 
41570 
41580 
40550 
44480 
43010 
40420 
45010 
44930 
46680 
43950 
91280 
76270 
61770 
45130 
41600 
42580 
40600 
40430 
39140 
42210 
49190 
39670 
38910 
42440 
41990 
42250 
41020 
40690 
41330 
42440 
41110 
40990 
39040 
40150 
47740 
43860 
43880 
43130 
41570 
47800 
45110 
73690 
57490 
58640 
55750 
55840 
59420 
53240 
58100 
55080 
56320 
56170 
55750 
59860 
55650 
58050 
56690 
56540 
54430 
59360 
60480 
57400 
58580 
58220 
59420 
56910 
61220 
64490 
42450 
39180 
48610 
46090 
44310 
42300 
40070 
48530 
44830 
44720 
86350 
91320 
65760 
61310 
43530 
41130 
40520 
38790 
45940 
41100 
43280 
39160 
38300 
42640 
39820 
39020 
41430 
38270 
39810 
39980 
41230 
40520 
38870 
41370 
41960 
42380 
41430 
39880 
40530 
43860 
41660 
42130 
75900 
56940 
58140 
54990 
60170 
53030 
54060 
58480 
56480 
56890 
52900 
55360 
52030 
58210 
57920 
51550 
53590 
56530 
59480 
56520 
52840 
55070 
53370 
56640 
58870 
55510 
61910 
40570 
42160 
47230 
41700 
40950 
39340 
44110 
47980 
42790 
40310 
95010 
77660 
61310 
49530 
40090 
38780 
39200 
40930 
41880 
40440 
38160 
40090 
42250 
40430 
41570 
42790 
40530 
42740 
43290 
40650 
39780 
38500 
42390 
40380 
43660 
39530 
43560 
43560 
43080 
43580 
41570 
71100 
57630 
57820 
59270 
53160 
52820 
53360 
59650 
56550 
58050 
53430 
57310 
56200 
55610 
57530 
55690 
53570 
56570 
54060 
55560 
54810 
54030 
53680 
56810 
57190 
59270 
63730 
43030 
42490 
42360 
42170 
40800 
39990 
43260 
47640 
47150 
45740 
92580 
85280 
66770 
57580 
41930 
38880 
42010 
40630 
41640 
43370 
40480 
40480 
43880 
41710 
47950 
47150 
41060 
41440 
40980 
38840 
40310 
38390 
44730 
40920 
43030 
41730 
42220 
45090 
43220 
41120 
44500 
40630 
78990 
59570 
60350 
54490 
54410 
56070 
57050 
57870 
55200 
54320 
54470 
58290 
55650 
56830 
54720 
59250 
59730 
58720 
59480 
52800 
56110 
55950 
54970 
55140 
51950 
54240 
65280 
44360 
40300 
39620 
43010 
41480 
44780 
42730 
47370 
42770 
40050 
98570 
83630 
58900 
48520 
39960 
43410 
42780 
39200 
40470 
40400 
41310 
41440 
40100 
41150 
39480 
43440 
39710 
40520 
39120 
38440 
40750 
40300 
43340 
40460 
39410 
40780 
45750 
43850 
42170 
40740 
40810 
71420 
62560 
55700 
54970 
54950 
56350 
54400 
55510 
53190 
53800 
55830 
53110 
56620 
55140 
55980 
53430 
56640 
56360 
54060 
54840 
54230 
57720 
57750 
56810 
54460 
57160 
63140 
43400 
41830 
39210 
41260 
47240 
43410 
39660 
41900 
42570 
44040 
93500 
87650 
74920 
54770 
39570 
44260 
41480 
39040 
38990 
39050 
45550 
41860 
42440 
40120 
39910 
43010 
40130 
40010 
40010 
38480 
42460 
40730 
41460 
41010 
39780 
44960 
42400 
43640 
42530 
39600 
42030 
42410 
78660 
55140 
55900 
54460 
55630 
60130 
55860 
55760 
57420 
59360 
56730 
56000 
53010 
55190 
58470 
56770 
54930 
51830 
57170 
55880 
66460 
58340 
53580 
53730 
55390 
58060 
65250 
41680 
40140 
42470 
44230 
47520 
40090 
39680 
46020 
46460 
41800 
95880 
85860 
