100370 
88770 
74670 
61880 
48460 
48770 
50610 
47020 
49330 
52420 
54810 
51350 
48680 
47130 
50100 
48570 
44830 
44180 
45860 
47810 
46150 
48150 
44820 
49550 
50050 
52610 
52170 
49740 
48100 
51020 
50840 
56790 
86150 
68980 
64500 
67520 
69570 
68440 
65120 
66310 
70200 
70180 
68060 
64100 
65860 
67420 
68810 
69070 
64250 
66450 
65870 
63910 
71250 
69630 
65140 
65570 
67930 
69980 
73900 
54080 
50580 
53930 
53750 
50820 
49430 
47450 
57240 
51920 
52050 
94620 
87620 
68970 
66340 
54140 
47760 
47390 
63600 
66110 
70080 
51330 
49070 
48230 
48640 
50490 
49330 
46350 
47050 
50980 
49130 
50590 
46770 
46710 
47250 
47390 
52930 
49130 
49890 
47520 
53030 
53730 
47770 
79470 
64560 
65510 
70170 
65770 
68000 
65490 
65300 
67400 
67620 
68070 
65280 
66560 
68190 
66250 
65140 
68070 
65830 
64980 
70360 
64870 
66540 
63920 
66310 
68610 
66340 
68120 
70760 
54080 
52600 
51960 
48720 
49650 
47360 
49050 
53510 
50560 
53240 
88420 
80170 
66200 
50690 
46560 
46140 
45980 
54120 
46920 
46510 
48960 
45870 
71060 
70480 
64100 
46880 
47180 
49910 
48340 
49430 
49260 
45480 
47330 
50390 
49550 
48070 
48550 
48150 
51050 
50000 
49650 
77840 
64910 
66810 
65070 
67580 
64400 
65160 
68200 
66480 
66750 
63360 
65260 
67490 
66790 
68640 
64580 
63800 
66390 
68780 
77230 
71170 
64180 
63610 
65520 
68930 
63400 
66770 
65830 
53930 
48800 
50190 
48360 
47270 
49230 
52720 
54120 
49280 
50460 
93300 
84620 
72600 
51630 
48920 
47430 
50950 
49420 
45200 
47430 
44740 
50860 
51720 
50230 
48570 
46590 
47170 
48570 
69740 
65990 
62560 
65780 
49790 
49550 
50330 
47680 
52190 
49830 
52530 
49200 
47090 
46680 
78180 
69820 
65010 
64990 
62230 
67990 
66230 
67510 
66410 
63820 
66310 
65330 
68220 
63800 
62830 
67530 
66810 
67630 
65890 
62920 
66450 
62050 
70630 
64560 
66040 
67090 
70720 
54320 
49070 
46670 
50330 
49030 
50420 
48240 
53310 
49780 
50330 
86660 
87300 
71410 
54630 
48040 
50840 
51110 
49470 
46720 
48450 
48990 
49980 
48520 
47620 
45960 
48060 
50300 
48420 
47320 
46880 
48870 
50770 
73850 
69430 
74920 
68390 
71960 
54320 
48670 
47990 
49640 
5085460 
5126250 
8975380 
58310 
60260 
60110 
62280 
63200 
58000 
65190 
61950 
62290 
63990 
64380 
62330 
62490 
62240 
63220 
59980 
61600 
60520 
59250 
67270 
59870 
61700 
62090 
59980 
70050 
50130 
45930 
45510 
47700 
49100 
47670 
44680 
50000 
50210 
48390 
69590 
81630 
71610 
62090 
47430 
47320 
46630 
44470 
45290 
47370 
47390 
46340 
45910 
47800 
44730 
46150 
46410 
46350 
45120 
46160 
47580 
47360 
47610 
46910 
50280 
47280 
50090 
49680 
47050 
46500 
44160 
136370 
39870 
82800 
36560 
33120 
36210 
36960 
37480 
36810 
35260 
34110 
36680 
35770 
34950 
36530 
35570 
37630 
34340 
32200 
35070 
66440 
348290 
68150 
64950 
64860 
61460 
62570 
65580 
66920 
51880 
47450 
49280 
53490 
51460 
48630 
48600 
53610 
53740 
52630 
92240 
83710 
71720 
59110 
52410 
47900 
47940 
50430 
47690 
50150 
48610 
48060 
50980 
48300 
50390 
49340 
52700 
52280 
50640 
49420 
51680 
51100 
49420 
53270 
49620 
50660 
50260 
49610 
52830 
50930 
50550 
49720 
79910 
65110 
65700 
65320 
65600 
65770 
62700 
69590 
65900 
64010 
66830 
64530 
69510 
67580 
66630 
65040 
66580 
65150 
69760 
68300 
66290 
65210 
65130 
69300 
68730 
65640 
71470 
53510 
46430 
50300 
52300 
49520 
47550 
46100 
55850 
54030 
50970 
93890 
89340 
71620 
65500 
54130 
50750 
48780 
46740 
49160 
49310 
51760 
49450 
47880 
51050 
48260 
49720 
49060 
48340 
52090 
48640 
48990 
46180 
47960 
48630 
48440 
53880 
50080 
51660 
49450 
52680 
52410 
62220 
79520 
64440 
70870 
67130 
66360 
68130 
66440 
64760 
66490 
67030 
66070 
64890 
61290 
69260 
64700 
64150 
65070 
64360 
69540 
66160 
64290 
65160 
63550 
66950 
67130 
64510 
72320 
52020 
47760 
49790 
51010 
51860 
50730 
48540 
54140 
50330 
49050 
101350 
86880 
76550 
66840 
54610 
50480 
48440 
49230 
51480 
47900 
47880 
49720 
46080 
51630 
48120 
48970 
50620 
50930 
49050 
53160 
49120 
48870 
45860 
46270 
51490 
52620 
48730 
50890 
47620 
52790 
47080 
49030 
81770 
65760 
68690 
63430 
66920 
62650 
68290 
71980 
65870 
69450 
64590 
66580 
68120 
66850 
67390 
64160 
62610 
63490 
69020 
68250 
65150 
63120 
62840 
66640 
64310 
68390 
66350 
63460 
53770 
50130 
49280 
51000 
50030 
50170 
52880 
53160 
49810 
49480 
91280 
79920 
72010 
54520 
50680 
49820 
55640 
48900 
48480 
48540 
49340 
51620 
50680 
47380 
51250 
44720 
51660 
49350 
48260 
51680 
46440 
50350 
48790 
47090 
51600 
46730 
49900 
54320 
48560 
49190 
47110 
62360 
73050 
64140 
66780 
65610 
64430 
67750 
68400 
64520 
68020 
67850 
67820 
69290 
66510 
65800 
64430 
69170 
69080 
68070 
68490 
65220 
68420 
66530 
68040 
67300 
65610 
62970 
65760 
51960 
47070 
48140 
50950 
52480 
52670 
49120 
54390 
52320 
49390 
93280 
86730 
67050 
56990 
50780 
49940 
51170 
49980 
48410 
48360 
49870 
49620 
49370 
51680 
50320 
49930 
48610 
49690 
48410 
47340 
47910 
50250 
76930 
67880 
72410 
51390 
51840 
51430 
52450 
48330 
51580 
48130 
82090 
69390 
69200 
68840 
66310 
69630 
69810 
67800 
62730 
64870 
65020 
68230 
65990 
68130 
68240 
65390 
69110 
64200 
64070 
64690 
64600 
68100 
64240 
68250 
66250 
63690 
70310 
50600 
47560 
46410 
50860 
54090 
46240 
45560 
54570 
49620 
49330 
94250 
86580 
70890 
60950 
47610 
51370 
47180 
46490 
48250 
48990 
49880 
48040 
46580 
47550 
46590 
50920 
49570 
44830 
49410 
47490 
49360 
47970 
47410 
46800 
48760 
48620 
68350 
68210 
68160 
70530 
47930 
51900 
79500 
67030 
66620 
64580 
67160 
68950 
64080 
66780 
64760 
66520 
67770 
63800 
67680 
68890 
64850 
68150 
64120 
65590 
64810 
68100 
70980 
64820 
67680 
66110 
65140 
64430 
73670 
50370 
49600 
46640 
51590 
51600 
49750 
48080 
53770 
51320 
51650 
99600 
86950 
69830 
65060 
48550 
48380 
47010 
48610 
47080 
49290 
47490 
48910 
49000 
46400 
46690 
50280 
49850 
48830 
46100 
46380 
45380 
49080 
50900 
45880 
47010 
47960 
49880 
52770 
50710 
51260 
48120 
51970 
110090 
92960 
87090 
83480 
72620 
66930 
65590 
66210 
67300 
66250 
65940 
67040 
64930 
65830 
64290 
78330 
68920 
65030 
66590 
62310 
65130 
67450 
64840 
67600 
61800 
68840 
65880 
64270 
48450 
48270 
51150 
52620 
52000 
46160 
48640 
56740 
52630 
51150 
87160 
77100 
67380 
52470 
50260 
50260 
49260 
48750 
50380 
47950 
48670 
47510 
48470 
50240 
46030 
48160 
48490 
46660 
50630 
48530 
48580 
48830 
48680 
47860 
50490 
51580 
50210 
51410 
48340 
49200 
49620 
75960 
67640 
61430 
64140 
92630 
87360 
87760 
89520 
88490 
71710 
67660 
66260 
64170 
67030 
68300 
66630 
69160 
66960 
64760 
66810 
62730 
65430 
65910 
64290 
67430 
66810 
65230 
67290 
48690 
45760 
52870 
47780 
47760 
47320 
49180 
52880 
52050 
48190 
93350 
82460 
69890 
57060 
48050 
48090 
47280 
46280 
52570 
48820 
48030 
46370 
45240 
50980 
46060 
46690 
46560 
46330 
48910 
47620 
47870 
47340 
47900 
49880 
51590 
53250 
52590 
48740 
48980 
53950 
49950 
50050 
80370 
66980 
67280 
67850 
65870 
63210 
110690 
91830 
91680 
86750 
64570 
63680 
67840 
68620 
5104400 
5106450 
5107200 
9590380 
59560 
63690 
59270 
59990 
60040 
61560 
62950 
59950 
65270 
49140 
47510 
46940 
47530 
46380 
46800 
46020 
50990 
48660 
46420 
92000 
85170 
150990 
68980 
51120 
47740 
46760 
48920 
106740 
64540 
62220 
59630 
28570 
27880 
26530 
25810 
25340 
26970 
25470 
25860 
25500 
25790 
25830 
28430 
25870 
51080 
48000 
53860 
52880 
50290 
50160 
47510 
81500 
71090 
69660 
65320 
64170 
65480 
65170 
65540 
64720 
64960 
67520 
64110 
66710 
65760 
71800 
73790 
68670 
67300 
66830 
63480 
68230 
64730 
62790 
69920 
65770 
69420 
69890 
62890 
54300 
49820 
48940 
48420 
49560 
49570 
67010 
58520 
52680 
52700 
91600 
80820 
68510 
54070 
48870 
47960 
50180 
49190 
47530 
47110 
49810 
48980 
50960 
48580 
46940 
49900 
50350 
50940 
47840 
45860 
47500 
47710 
49570 
47000 
49220 
48240 
50900 
52550 
50840 
48480 
50590 
73180 
66350 
65970 
69000 
66890 
64930 
65290 
66910 
66570 
65890 
66140 
68360 
65430 
66570 
64840 
62760 
65330 
67240 
65870 
63960 
64500 
64560 
64520 
65450 
66350 
68110 
65440 
71720 
51880 
47750 
49850 
51160 
55060 
50350 
50810 
51270 
50530 
52710 
87490 
86690 
70990 
57030 
50080 
47720 
51590 
48500 
48310 
47090 
50180 
49700 
60190 
49580 
49010 
49780 
49270 
47600 
46950 
47730 
48500 
52650 
48140 
45020 
50230 
48700 
54840 
51380 
48240 
52750 
49120 
52010 
81620 
64910 
67760 
63860 
65700 
67440 
67290 
67780 
65740 
65690 
65420 
65120 
65260 
67250 
65450 
68580 
67040 
65620 
67240 
67860 
66800 
66190 
67160 
68970 
67020 
66100 
71400 
54700 
49940 
48510 
49050 
52480 
53080 
49970 
55850 
53430 
53250 
92500 
83830 
69890 
59550 
48030 
47690 
48560 
49370 
48660 
47070 
49870 
50010 
49300 
48660 
46100 
48460 
48740 
47900 
59470 
48970 
50820 
48890 
50690 
47670 
47470 
54430 
48100 
51040 
52450 
49690 
47660 
50730 
81870 
69590 
65000 
68300 
65760 
68380 
69890 
62580 
63090 
65510 
66770 
70030 
63240 
65210 
66080 
66740 
65530 
61800 
64750 
66640 
68180 
66520 
68020 
65650 
65110 
67390 
73180 
53300 
49950 
46240 
52190 
49750 
50310 
45320 
48810 
54060 
50020 
98960 
86620 
72240 
65070 
49320 
52220 
48170 
48800 
48180 
49210 
51030 
48720 
49170 
47710 
47890 
46660 
50950 
48500 
49010 
48140 
46520 
50050 
47880 
48950 
45590 
55330 
55120 
48780 
51190 
54230 
52680 
54190 
75400 
71860 
63770 
68010 
69770 
66530 
68950 
64170 
61380 
67730 
71060 
124640 
67850 
64550 
65460 
67240 
64040 
66190 
68480 
72440 
69800 
68810 
66730 
68090 
64730 
70480 
69350 
67770 
50620 
46810 
51730 
55800 
51020 
47650 
50110 
55850 
54780 
49560 
90930 
81330 
63170 
54570 
47520 
49520 
47640 
49280 
51250 
48390 
50150 
49720 
51110 
55180 
49160 
52170 
48480 
46460 
47660 
48270 
50400 
48310 
50060 
47040 
50900 
51430 
51990 
46480 
49080 
50880 
47840 
57340 
74510 
62030 
92100 
93700 
103940 
89790 
87260 
68790 
66280 
68070 
65460 
63670 
65230 
67370 
65460 
66860 
66340 
63820 
66580 
66180 
64110 
66020 
65660 
65630 
66690 
65090 
71200 
53510 
52490 
50200 
51180 
49120 
51210 
51480 
56030 
49810 
48990 
87940 
86940 
70170 
59590 
48380 
49730 
49490 
51090 
51150 
49940 
46850 
49570 
51150 
49230 
46140 
49380 
49260 
50700 
50150 
50510 
51170 
45750 
50470 
48420 
48630 
50690 
47990 
52090 
50160 
50570 
48530 
47810 
80730 
72070 
69730 
66090 
63410 
65760 
65710 
67890 
93780 
88550 
87840 
96080 
86160 
68670 
63220 
64820 
64810 
65920 
67430 
65620 
63840 
69480 
66410 
72070 
65520 
66170 
68750 
50460 
51660 
47800 
49270 
49210 
48850 
49430 
59060 
51370 
50650 
92640 
79350 
73430 
61580 
48860 
50110 
47870 
48910 
48190 
46850 
50230 
49060 
49430 
48620 
49030 
46230 
47340 
50770 
49110 
46200 
47500 
47190 
50340 
51080 
49360 
50330 
50900 
50030 
53060 
50390 
49660 
49470 
77290 
67450 
66160 
63980 
66610 
64380 
67080 
67330 
66370 
67200 
64160 
67690 
67800 
66730 
68540 
91030 
94210 
88410 
87580 
85250 
65650 
67810 
65170 
66730 
66080 
66690 
72690 
52520 
47900 
48670 
50620 
50370 
49900 
45420 
50910 
51080 
50600 
102230 
88410 
72370 
65440 
64140 
57400 
51410 
48800 
46810 
48390 
47230 
47220 
50320 
46460 
48320 
45760 
47700 
50030 
48580 
49970 
46490 
45340 
48290 
47710 
51950 
51940 
48660 
53160 
49990 
50580 
50840 
49480 
72760 
68500 
65910 
76220 
63660 
63970 
65940 
64640 
67070 
63720 
65020 
66500 
68460 
67610 
62960 
65040 
63430 
64910 
63890 
64930 
64190 
63630 
71810 
69910 
67120 
66790 
63250 
62080 
50340 
49780 
49100 
49260 
49520 
47470 
49890 
52150 
49860 
48680 
90080 
78330 
63010 
50840 
48090 
50390 
49280 
49270 
47450 
48270 
52530 
49070 
52270 
47800 
47310 
49310 
48690 
51390 
47010 
68050 
64230 
64770 
50510 
48130 
49420 
5101220 
5087590 
9630390 
47000 
46040 
45250 
47590 
76030 
61410 
61300 
62680 
61860 
62670 
61310 
59090 
60010 
59990 
60620 
60790 
60210 
60490 
59770 
60630 
70480 
65290 
65290 
128960 
36950 
33160 
134370 
34450 
35310 
36910 
38850 
28530 
26860 
27210 
26600 
29130 
28420 
26500 
29370 
27740 
28770 
49090 
45110 
347190 
63530 
53530 
50090 
48780 
47130 
46250 
45710 
48050 
51040 
47730 
48890 
51620 
48960 
51000 
50460 
50800 
48050 
47530 
49710 
47130 
47920 
47110 
47170 
55590 
53530 
52430 
48370 
48910 
52190 
79250 
65760 
67160 
62450 
67840 
68000 
69590 
65260 
63460 
64730 
70960 
70300 
66610 
63590 
64780 
68410 
64850 
64990 
63800 
66800 
67350 
65860 
66590 
64150 
64020 
69330 
76190 
54300 
48100 
46220 
50650 
57300 
50880 
49270 
49650 
55090 
54270 
86840 
88850 
80950 
66560 
56280 
50290 
48460 
48780 
46310 
50600 
49960 
49190 
49800 
47470 
50530 
46750 
49230 
47600 
45750 
48730 
50450 
49200 
48350 
48320 
49440 
52890 
51120 
49980 
48430 
49550 
51480 
49300 
79280 
60480 
62240 
64500 
66130 
68640 
67040 
66320 
68670 
65270 
66490 
63420 
65910 
62620 
65350 
67200 
67410 
64840 
64820 
66450 
69020 
66000 
67650 
63910 
66600 
67630 
64890 
67540 
50560 
49690 
50710 
49230 
50140 
47220 
52190 
53250 
51710 
49990 
92050 
82020 
73720 
62070 
50950 
49700 
46000 
50280 
60040 
52700 
47880 
45790 
48990 
49980 
48310 
47360 
46270 
61320 
48730 
49590 
47210 
46850 
48360 
48700 
50140 
47800 
49410 
48980 
49670 
55010 
49900 
49660 
78320 
67430 
72710 
66670 
68260 
65310 
65180 
69570 
66560 
65540 
63890 
65610 
64710 
68500 
65540 
61470 
64110 
64920 
68890 
64080 
64630 
63300 
68450 
67430 
65390 
63680 
66810 
53800 
52370 
49250 
49960 
48180 
48430 
48310 
54730 
49620 
47560 
93760 
85640 
73960 
57170 
47430 
48800 
46600 
48520 
49940 
46590 
48590 
50480 
49890 
48950 
46650 
45930 
50960 
49970 
50150 
47930 
46740 
47910 
48590 
51060 
49420 
50140 
49770 
49780 
49850 
49070 
47510 
49620 
82860 
68990 
69220 
68500 
64920 
66030 
66710 
64380 
64320 
66030 
65750 
69050 
67100 
62880 
63710 
63810 
62120 
65420 
65110 
66710 
64520 
63800 
65400 
65060 
65170 
65340 
70600 
54110 
