72940 
49550 
71980 
70690 
58480 
16960 
46080 
49610 
12040 
17480 
21870 
34090 
12940 
19070 
24850 
21190 
11920 
17670 
24670 
27200 
12260 
16960 
23670 
45420 
12520 
15510 
19010 
43640 
12210 
14010 
20510 
23170 
12190 
15080 
20640 
44390 
12840 
14210 
18960 
22790 
12290 
15520 
20630 
23670 
12270 
17780 
23900 
48030 
12310 
19210 
18810 
19890 
11510 
14050 
20750 
18910 
12230 
17220 
17060 
19590 
11550 
14200 
20020 
23180 
11910 
14640 
20000 
23510 
12220 
14470 
23170 
50830 
12110 
15560 
23300 
22820 
11930 
18520 
24120 
23160 
12510 
15600 
19820 
43560 
12070 
18210 
18790 
18680 
11290 
18960 
23560 
24260 
12270 
19690 
17490 
19800 
11370 
19250 
25000 
25380 
12390 
18320 
19050 
18570 
11340 
18630 
23490 
44540 
12100 
20160 
24340 
22630 
11750 
19770 
18550 
19540 
11370 
17790 
24140 
46330 
12420 
19880 
17710 
19320 
11510 
18370 
24670 
23500 
12270 
18830 
17920 
19530 
11330 
17270 
23750 
46270 
11930 
19880 
18800 
19040 
11230 
17520 
23560 
48330 
12000 
19480 
18710 
26570 
11500 
19260 
23950 
47220 
12210 
18130 
17450 
19260 
11600 
18490 
24690 
24310 
12580 
19700 
18430 
21030 
11450 
19980 
24370 
49020 
12370 
17150 
13950 
17260 
22150 
12380 
18900 
25710 
12160 
18650 
18140 
48890 
13520 
15870 
71910 
52760 
20820 
12040 
22490 
23780 
12050 
18220 
18090 
17520 
11500 
16050 
22010 
24110 
12150 
16840 
19530 
19700 
11350 
19030 
22880 
41170 
12290 
21200 
23600 
26070 
12780 
20690 
24540 
24080 
12160 
17030 
24300 
56030 
12050 
18450 
22600 
43350 
12170 
16860 
24040 
22640 
12370 
19910 
23450 
44940 
12300 
18680 
23890 
29610 
12240 
19130 
24210 
52040 
21110 
11800 
18860 
19840 
11320 
13650 
15930 
18820 
11170 
13270 
17520 
21710 
11120 
15050 
16610 
27160 
12570 
12530 
18360 
14680 
26160 
11890 
17340 
19730 
11130 
13420 
20890 
45050 
64430 
18210 
22770 
21280 
12190 
13840 
20190 
22060 
12070 
14240 
18780 
40190 
12470 
16180 
22500 
20100 
12300 
14970 
19100 
43710 
12150 
13870 
18800 
19440 
11990 
17150 
23340 
20610 
11660 
13460 
20660 
22950 
12620 
14210 
17030 
41910 
12090 
18410 
23450 
20350 
11680 
14950 
21340 
23740 
12370 
19640 
43420 
29000 
12460 
18780 
21380 
53960 
12110 
18080 
23740 
19410 
11770 
18050 
23170 
43380 
12230 
19160 
24350 
24620 
12300 
18980 
20850 
41930 
12440 
18370 
23290 
19850 
11910 
18550 
23040 
23570 
12180 
13820 
18230 
17730 
11850 
18640 
24390 
23890 
12040 
14600 
22830 
26000 
12360 
19640 
23880 
22170 
11880 
19270 
21780 
48690 
11970 
17650 
22620 
20320 
12200 
18520 
22960 
23340 
12510 
18190 
23300 
21500 
12380 
17660 
21780 
23290 
12320 
18720 
23590 
21200 
12270 
14250 
21840 
42930 
11710 
14650 
18910 
18500 
11800 
15870 
24010 
21100 
11730 
15510 
19320 
42100 
12070 
13910 
18380 
18730 
11680 
17920 
23300 
20490 
11840 
13700 
19920 
47660 
12220 
13850 
18480 
19480 
11640 
17530 
23810 
18820 
11760 
15540 
20670 
22810 
12090 
14440 
18630 
17290 
11860 
18080 
50490 
21610 
11910 
16220 
22440 
22460 
11980 
15920 
18600 
17760 
11760 
17510 
24070 
21900 
11710 
15740 
20260 
41200 
11970 
14610 
19310 
18770 
11700 
19600 
23700 
20410 
11900 
19890 
22160 
43850 
12530 
22550 
23370 
20430 
12220 
19260 
24020 
41820 
14860 
16880 
17640 
38010 
74190 
22110 
21950 
23720 
12660 
20270 
23820 
28870 
11840 
16650 
19390 
41990 
21240 
11810 
23100 
49720 
14760 
17250 
77870 
51470 
21390 
62940 
43950 
21130 
12110 
19560 
21440 
44080 
12480 
19070 
21550 
19220 
11810 
20410 
25670 
25770 
12240 
15010 
17040 
18380 
12160 
17460 
23490 
21190 
11720 
20400 
23250 
23850 
12200 
14160 
19300 
18250 
11950 
17330 
22300 
19200 
11930 
16100 
20690 
21200 
11860 
15390 
18450 
19310 
11910 
17250 
22410 
20270 
11450 
16700 
20120 
23190 
12430 
15180 
18510 
16570 
11940 
19420 
22630 
21630 
11700 
16750 
21570 
28670 
12310 
12390 
16940 
14780 
22850 
11240 
23520 
19390 
11420 
15500 
20480 
22510 
11820 
13700 
18130 
18180 
11550 
18770 
22540 
20950 
12220 
16330 
20580 
22320 
11940 
16230 
18350 
18700 
11710 
17440 
23320 
20800 
12090 
15580 
18800 
23370 
12040 
15340 
17490 
16770 
11610 
18940 
23310 
20680 
12230 
14810 
19880 
22970 
12180 
15420 
17350 
18560 
11670 
18170 
23410 
19180 
12080 
16190 
20390 
24410 
12490 
16720 
18560 
28650 
12130 
18300 
23250 
20960 
12090 
15790 
21520 
21740 
11780 
15570 
18520 
18180 
11500 
17500 
24500 
22420 
12070 
16340 
19600 
22120 
12180 
15250 
19120 
17200 
11590 
18590 
23120 
20590 
12070 
15010 
19880 
22490 
11900 
16550 
19870 
24490 
88660 
17890 
11670 
16430 
21100 
13780 
20670 
13590 
79070 
15490 
23090 
19580 
11510 
19750 
22020 
23830 
12280 
19700 
24200 
20200 
12170 
20750 
21860 
24020 
12220 
14090 
18320 
17610 
11510 
18500 
23910 
19660 
11970 
15830 
20420 
21780 
11990 
15560 
18070 
17540 
11560 
17160 
22350 
21000 
12090 
14970 
19530 
22700 
12150 
15020 
17810 
17190 
11560 
18650 
24230 
21250 
12090 
15120 
23270 
23230 
12060 
20670 
24730 
33100 
11970 
19990 
22870 
22320 
12270 
19360 
23290 
27410 
12750 
15990 
78950 
54470 
71750 
15800 
14990 
16990 
24510 
16490 
18260 
22180 
11930 
21030 
23860 
23850 
12110 
19410 
42730 
20550 
11720 
18550 
20560 
43540 
12010 
15920 
20830 
18290 
11580 
19540 
24900 
20170 
11650 
19210 
22860 
43960 
11890 
15370 
53640 
21410 
12080 
18540 
23860 
18930 
11590 
16580 
20050 
23150 
12030 
14230 
51600 
11730 
28100 
11990 
20790 
23210 
12240 
15310 
21240 
40910 
12040 
16120 
20380 
24420 
12060 
15430 
21160 
22620 
12210 
14640 
18780 
42030 
12040 
15020 
20110 
22140 
11720 
15450 
21820 
23500 
11990 
14720 
20930 
44270 
12380 
15320 
19500 
23090 
12350 
15410 
22000 
51320 
11840 
15820 
20820 
23560 
12130 
15370 
20280 
23320 
11950 
20570 
26050 
23990 
12160 
19120 
24340 
22260 
12310 
20350 
24170 
22400 
12140 
18930 
23650 
24680 
12130 
20530 
22880 
41100 
11840 
19720 
24060 
22720 
11970 
20460 
24720 
44670 
12160 
18870 
24070 
42530 
12040 
20830 
23570 
24010 
12190 
20550 
24410 
22980 
12030 
19950 
24240 
23520 
12100 
19560 
23430 
25910 
12580 
20170 
24560 
24490 
12260 
20150 
23630 
23600 
12020 
20890 
24010 
22700 
11810 
18690 
24160 
22940 
11840 
19170 
22730 
40740 
12320 
19680 
24260 
22530 
11910 
20410 
24390 
23490 
12160 
18800 
23940 
45560 
12200 
21400 
19030 
19400 
11470 
16810 
20590 
18270 
11550 
18220 
18230 
51850 
11500 
15840 
20880 
22480 
11800 
15300 
19620 
43040 
12150 
15080 
21610 
23720 
12090 
15730 
19880 
23550 
11940 
15260 
19820 
23330 
12060 
14690 
19000 
41230 
12110 
19390 
21700 
22010 
11690 
16470 
20620 
22180 
12060 
16600 
20910 
22970 
12270 
15610 
20260 
23120 
12030 
14470 
19750 
21720 
11920 
15640 
20060 
22840 
12050 
14750 
44380 
20750 
11640 
19290 
21080 
21950 
11290 
16230 
21850 
42500 
11730 
18680 
19520 
49080 
14040 
17010 
27490 
24710 
12300 
20600 
17640 
51260 
20680 
11550 
22760 
23140 
12150 
22070 
23370 
24510 
31830 
24440 
21710 
23380 
12440 
21870 
18460 
20490 
11350 
19830 
25010 
21310 
12200 
19860 
19680 
19120 
11370 
19400 
25130 
55980 
12410 
20140 
18330 
18440 
11510 
17550 
20890 
23010 
11890 
20030 
24050 
23970 
11820 
18830 
18700 
19140 
11000 
19060 
22180 
23760 
12320 
20130 
18550 
17300 
10860 
19950 
50050 
23490 
12130 
19100 
18260 
19620 
11580 
20090 
20640 
21320 
11370 
18860 
23130 
45320 
14840 
15600 
20030 
40500 
20560 
11680 
22340 
22650 
12000 
19970 
19000 
26840 
11800 
15680 
19730 
25190 
11720 
20640 
18660 
49830 
15050 
16190 
83910 
54450 
21230 
11550 
50470 
22650 
12170 
20660 
19270 
19420 
11500 
16510 
20670 
18560 
11570 
16860 
17360 
18850 
11260 
15020 
18860 
36550 
11790 
19670 
18980 
17810 
11070 
19470 
23800 
24080 
11700 
18670 
19070 
18940 
11370 
19840 
23250 
53160 
12020 
22790 
20140 
17980 
10880 
19470 
23480 
23080 
12380 
19580 
45790 
18130 
11040 
19430 
24010 
23980 
12240 
19480 
17750 
19050 
11620 
20430 
23400 
22070 
11710 
19200 
42670 
20280 
10870 
20010 
22650 
22070 
12160 
19480 
20490 
20130 
10950 
19270 
23980 
23020 
11570 
18700 
19120 
19710 
11440 
19430 
23700 
23130 
11890 
20460 
19150 
18060 
10790 
19970 
24420 
22950 
12220 
19300 
19100 
19110 
11160 
18660 
24010 
22240 
11820 
20640 
19130 
17790 
11440 
19870 
25240 
24290 
11830 
19110 
19510 
18140 
11100 
18590 
22010 
22720 
12120 
23570 
54520 
23600 
11460 
20530 
23420 
23110 
12000 
19080 
23110 
24070 
12120 
20390 
23410 
25090 
12170 
20230 
22790 
22150 
11920 
19840 
25210 
24020 
12310 
18950 
24490 
23880 
11850 
21220 
18950 
138890 
17780 
12160 
21520 
23610 
12280 
15750 
20170 
22750 
11760 
15200 
21940 
22660 
11880 
14980 
18880 
41300 
12200 
15500 
20840 
22020 
11740 
15700 
23320 
23520 
11670 
14710 
20450 
43170 
12430 
15140 
19810 
23930 
12220 
15140 
20990 
23810 
12130 
15050 
20360 
43040 
12100 
14580 
20720 
23270 
12160 
14290 
20790 
23530 
11990 
15460 
21310 
42890 
12110 
16580 
22180 
22730 
11960 
15180 
20630 
22370 
11960 
15910 
19230 
41710 
12120 
20140 
22450 
21910 
11940 
16300 
21000 
23060 
12000 
14190 
19810 
41690 
13320 
23120 
11860 
18650 
20720 
12620 
16470 
15100 
62000 
14510 
16930 
16610 
21120 
13050 
114190 
45750 
46550 
13440 
24390 
16690 
55950 
12010 
42780 
26200 
12300 
19370 
23860 
46620 
12600 
22390 
47690 
20390 
11960 
20030 
20200 
25170 
11450 
17340 
21410 
18710 
12120 
23180 
19910 
20810 
11590 
15910 
23330 
20650 
12150 
19850 
18050 
23080 
11350 
21500 
25510 
22600 
11660 
17720 
20950 
19650 
11830 
21000 
41290 
24510 
11380 
20150 
24200 
111700 
17540 
12470 
17100 
47140 
22830 
13850 
16080 
17190 
21510 
12380 
15610 
16970 
22520 
12570 
15790 
17340 
22780 
12870 
16760 
17170 
21160 
13250 
16480 
18420 
55670 
14910 
28050 
19920 
24160 
12440 
25530 
46210 
11950 
20760 
24110 
22420 
12100 
21980 
25480 
23170 
11820 
20830 
25650 
50220 
12080 
17320 
19170 
52170 
15540 
16800 
16340 
17560 
22710 
14540 
23920 
23970 
12210 
19490 
43060 
23430 
11710 
20890 
24310 
21870 
12180 
22290 
24610 
22350 
11760 
21150 
25590 
22000 
11850 
20620 
24480 
23270 
12020 
20510 
26780 
23330 
12100 
20860 
24140 
21900 
11630 
23670 
21660 
98790 
17150 
11620 
45130 
45220 
12370 
21230 
43640 
26310 
12100 
21500 
24300 
23740 
12230 
24920 
26170 
24550 
12250 
20090 
61070 
57340 
61080 
25770 
26150 
43340 
12370 
17830 
20110 
18140 
11770 
21230 
46900 
23740 
11550 
20280 
24770 
63200 
13750 
51830 
13830 
27600 
11290 
24060 
16050 
16260 
18430 
23910 
18210 
16140 
19220 
24340 
16800 
16210 
23510 
30850 
17370 
16130 
18500 
24030 
17510 
15910 
18910 
23790 
18800 
13320 
17090 
21980 
17120 
17580 
17800 
24930 
19380 
17080 
19520 
26240 
17180 
17030 
18400 
24140 
18210 
16860 
17260 
24280 
16480 
16360 
18180 
24750 
17430 
15530 
18390 
25050 
19090 
17830 
17790 
24070 
17780 
16100 
18940 
25290 
17140 
16960 
19230 
24280 
17200 
15770 
17960 
24650 
17170 
16030 
19030 
24360 
18700 
16700 
17780 
23910 
18080 
17460 
18900 
23400 
17200 
16120 
19110 
25160 
19110 
72740 
17900 
23320 
17150 
16200 
19400 
25850 
17070 
16890 
18870 
24080 
17120 
16050 
16910 
24340 
16370 
16050 
19010 
24180 
18910 
17200 
19820 
25180 
15830 
16110 
18540 
23910 
17110 
15160 
17920 
24330 
17120 
15850 
19390 
24110 
19280 
17140 
17350 
21310 
18790 
17660 
15450 
15570 
24060 
13350 
20390 
21210 
16280 
12160 
16580 
16560 
16220 
13460 
16340 
17390 
15330 
13630 
16850 
17550 
16960 
12380 
17360 
17710 
16010 
12850 
16970 
15900 
15740 
13040 
18510 
18120 
14700 
11900 
15500 
16200 
14620 
12170 
16470 
17840 
14870 
12080 
15700 
16290 
16160 
12330 
16320 
17520 
15600 
12590 
16630 
17160 
15860 
11960 
16320 
19790 
15280 
12420 
16270 
18400 
15830 
12800 
16420 
17520 
14870 
12360 
17130 
17330 
15340 
12380 
18160 
19180 
15980 
13030 
16480 
16740 
16440 
12370 
16010 
17660 
14750 
12200 
16180 
16910 
15020 
12290 
15170 
17640 
14980 
12190 
15630 
16710 
15760 
12120 
16860 
17640 
15840 
12070 
16930 
17300 
15500 
12570 
19030 
18700 
14980 
12070 
15160 
16080 
16100 
12800 
15670 
17690 
15040 
12480 
17010 
17470 
14880 
12140 
20890 
20820 
19050 
13360 
17960 
18680 
16390 
12170 
15790 
16880 
14800 
12310 
20030 
17700 
15190 
11920 
18170 
21180 
18740 
13020 
17270 
16490 
15630 
12350 
15870 
17450 
15030 
11900 
16880 
16580 
14910 
12550 
16640 
17760 
14950 
11920 
16070 
16750 
16300 
12720 
15420 
16920 
14680 
12110 
16320 
16770 
20290 
13320 
16930 
20840 
16500 
13340 
18080 
17880 
17320 
13420 
16680 
18540 
15120 
12410 
16600 
16790 
15000 
12870 
16820 
18190 
18280 
21000 
20530 
11540 
16160 
17020 
22600 
10830 
13220 
18770 
19390 
11030 
14060 
18370 
20320 
11070 
13940 
18010 
22540 
53920 
18160 
12480 
16900 
19640 
14610 
12110 
17350 
17830 
15450 
11680 
16340 
19130 
15790 
12450 
15940 
17230 
17170 
12600 
16430 
19350 
16380 
12800 
17200 
18850 
14950 
11750 
17020 
21800 
15340 
11990 
18360 
18820 
16970 
12590 
17070 
18170 
16010 
12770 
19890 
18680 
16610 
16860 
17210 
25920 
16920 
17070 
19600 
25240 
22400 
103550 
42960 
18580 
17720 
16040 
19830 
21490 
12630 
14830 
18640 
21690 
12590 
13070 
16100 
19850 
12980 
14920 
17030 
20700 
12190 
13330 
17610 
19900 
12380 
12410 
17370 
19410 
12770 
13100 
15640 
22080 
13050 
13950 
16100 
20080 
12750 
13180 
17310 
18520 
12260 
12580 
16950 
20340 
12290 
15870 
41410 
11290 
14970 
16870 
20820 
10950 
13400 
44620 
19080 
11170 
14240 
19670 
21430 
11050 
14080 
16360 
21400 
11640 
14480 
18900 
20160 
10860 
13260 
19650 
20590 
10970 
15050 
16060 
21010 
11190 
13920 
22060 
19200 
11170 
15350 
12120 
15770 
17730 
15390 
12370 
15680 
16850 
14540 
11860 
15270 
17790 
14810 
11880 
15630 
16700 
15830 
12300 
16050 
17770 
14880 
12110 
15800 
16810 
14500 
12040 
15350 
17460 
14980 
12390 
19210 
18230 
15400 
12590 
17520 
18740 
14860 
11800 
16760 
16820 
14370 
11890 
15190 
17430 
15290 
12520 
