59161
30530
30330
29300
28590
31160
31400
31200
29521
30690
29970
31540
33940
26110
22040
22650
62600
59711
61981
60040
60160
63270
59310
141000
126230
84670
67591
58551
60170
57760
56830
58740
58230
59170
58000
58151
59121
58161
58320
58730
56740
60290
59960
59220
60311
57701
58160
61430
60370
62540
59670
58350
62110
58641
112391
69351
69330
74630
75310
71340
72930
71010
70080
74811
73701
73980
72580
72810
79750
69590
75730
75291
72691
76951
72311
80280
76530
74250
77770
72260
87191
67841
59161
60620
60820
60440
60590
59310
65020
63381
59271
152041
135821
88110
80100
62110
61800
58150
59061
60911
58961
60750
57220
58970
58940
57310
59900
57471
59401
57450
58340
58020
57910
59690
57500
60440
60780
60721
61071
58490
60290
59870
61370
97050
73570
74540
72681
72841
73851
71660
74270
70270
76840
75380
71570
74141
75311
73121
74460
71990
75580
74530
73440
76001
72141
71351
75891
72270
75850
84010
64160
63610
60060
61351
59081
58530
62250
61890
63980
59810
149320
122970
81531
65701
60240
58590
58490
61130
60600
61050
57580
57661
59411
59101
61300
57810
60790
60270
60110
60960
57121
58081
60060
60160
62330
59980
60430
60600
68160
65331
62971
122321
77530
74860
72540
73090
72810
69280
75631
71471
74091
74920
71580
75660
69640
75280
73500
73621
76001
71821
74731
72280
69830
75660
73750
72310
73841
83621
64751
60390
58350
60980
60250
59230
59180
63191
62781
60050
136561
140291
80810
74600
61200
58740
59941
58711
59600
58070
57850
58140
61450
58120
59140
61041
59121
58501
60150
59070
58300
56980
58760
59100
63701
60131
59611
63300
60160
61610
59550
58400
124820
72841
75431
146931
71650
72120
71950
71570
77140
73540
73880
73551
72941
76451
72290
69950
76030
73400
76010
71471
71631
77221
72051
75700
72830
72850
84530
61020
60791
59161
60061
60040
60040
60570
64580
59800
60510
151530
95001
74991
61780
60140
62940
57680
61330
58520
58190
60681
57061
60391
58760
58980
59570
57350
60580
57590
59121
57351
60171
58920
59480
60060
60040
61330
63060
61521
58421
60550
125411
76950
76850
73380
74340
76250
72181
80071
74041
74131
77500
73470
75860
73300
76110
73360
77891
74941
74750
72520
74480
77750
72700
75970
74711
70851
92021
66930
61230
58110
60040
63290
59220
59761
62131
59651
62360
148181
126871
82360
65730
62900
59911
58841
60461
58330
58840
57870
58510
59570
58510
57571
59891
57881
59410
56890
57650
59700
57850
59270
56721
59061
63481
62050
63870
60600
60220
58200
72630
82270
71791
71201
74090
73850
72440
73230
71100
70620
78701
72221
76091
72101
73600
74790
71940
73300
72290
72220
74601
71871
76321
73920
69980
75580
72440
77610
62240
57261
60671
61530
61090
59740
58360
61850
61970
64590
141990
88751
76741
64420
57750
60620
57220
61250
59641
57601
59411
57930
58360
58870
59530
59050
59630
57170
58581
59521
58280
60390
59030
59410
61340
58580
62160
62711
58511
60970
58970
118691
72640
70930
75750
72620
75631
72531
70191
71241
74980
73230
77100
72420
76240
74761
72561
75731
71241
70320
74870
71550
77400
71460
71030
75791
73481
85541
67210
57960
59160
61160
63150
59600
57071
63561
62330
59670
150231
130361
85100
66950
60351
59951
58681
58040
58760
59210
58930
57370
56870
60341
58051
58831
75920
63400
60300
56560
60470
59580
58131
57981
59681
61700
62660
62180
58770
59940
59480
87400
70491
83721
82411
75840
75400
70750
73720
75770
70490
74111
71641
72760
73461
71250
74280
72690
72080
72970
73461
71981
75671
71330
73400
75170
71690
81340
70201
58471
60551
59090
63790
57860
56010
61650
60870
62840
153310
133351
89161
73190
65730
57590
57830
59690
57650
61201
58971
57201
60070
58430
57390
59800
56180
59670
58221
58281
58011
58310
57720
59750
57920
61340
60810
61291
60731
60921
60110
58650
117371
73320
75720
73250
73731
73461
72701
73890
72250
76620
74870
71920
76860
70891
75031
73021
70861
77360
71410
75910
75880
70780
75991
71181
75671
73470
84110
64660
60010
58210
62010
57280
62151
60241
61710
64190
58980
138461
132960
83570
67361
61061
64821
62750
58550
60670
58650
59890
59910
56980
59291
57161
57990
59280
59050
58950
57710
58490
57440
58401
60961
61440
59460
60950
62330
59630
60600
58521
112360
77021
71671
80220
72050
75010
76510
72130
73050
72531
74301
74661
73460
71050
73170
72720
71830
73760
73971
75501
73251
71040
77050
70700
74230
70050
85360
68591
59431
59400
61290
58690
61720
57880
64510
60850
59261
147980
137451
84000
73350
64250
59230
61230
59861
60221
57181
58170
58470
58300
58590
57370
58550
59040
59341
60451
57230
58460
59700
59150
60010
59140
60080
59531
61711
59571
60240
59710
61070
98010
73650
74090
77491
71011
75231
70010
73560
75620
72970
78090
72130
75221
73311
72051
73621
71690
74990
73410
73720
73560
72351
72011
74001
72580
74980
88680
61200
60460
57660
69311
62081
57141
63470
60590
59820
62500
146671
101670
80270
61561
62361
59690
60180
57790
56630
60310
60430
60751
61251
57930
61500
61200
60190
58520
57530
59560
60110
60051
61001
60330
60270
61910
61120
60300
59490
61300
64951
119051
73811
71560
72300
75260
72970
72620
72790
76751
76961
77051
73270
72600
72790
72550
76670
73570
79451
70361
72041
76210
71090
73560
72350
71750
77090
84281
66561
60330
56530
60130
59800
59090
60870
64040
62361
60421
137491
132601
82420
70170
63000
60170
60040
58301
59201
59851
58250
60940
59130
62490
61090
57050
58871
58071
57760
57000
57960
58930
58210
59110
61820
61020
60131
60501
59980
59120
61990
60690
96940
75150
72080
76651
71171
76110
73610
71520
77230
72130
73460
72211
70221
73721
73790
75720
80290
74710
76010
73900
73500
76431
75161
71440
75170
71110
80410
60160
57600
63031
59521
63521
59310
58510
65360
60110
60250
149900
119170
80281
63361
58620
60780
57190
58310
58110
60370
61771
57931
59931
60400
59030
59360
57670
58200
61010
60471
59871
57291
58480
59920
60470
61720
60690
62890
59830
60431
60061
122611
71510
77230
75340
74480
73600
72040
71621
76771
71441
72750
72380
72250
77860
71360
73290
71211
69481
70991
71060
71610
73250
70970
74140
72800
73461
89541
63591
60240
58120
61250
61320
58800
56930
66151
62421
63020
146861
130671
89430
65890
62870
58360
59021
59551
57310
60750
61080
59970
59430
60240
60110
61381
59021
58731
60560
60190
59420
58050
57340
58130
58931
60701
61061
60730
62910
60070
60400
68100
80620
73250
73721
75881
71231
71000
71940
73630
72690
76480
70410
70931
73931
70920
75430
72930
71990
76530
71850
75581
75011
71251
76600
71460
73700
72310
75000
61950
57911
61641
59541
57710
58100
59700
63380
61570
66900
145910
92771
78481
64220
58020
58330
59590
57990
61370
58211
57871
59261
57840
60390
58190
58320
59350
57640
59581
56171
57201
58020
60430
61200
60940
58700
62890
62181
62111
60251
61210
119991
79630
77590
76780
71330
70450
75270
70891
73101
74480
74400
76980
72940
75390
70031
71541
72981
76301
72560
75770
71840
74520
75140
71550
75111
74241
86341
67240
60230
60750
60700
58400
62070
58471
65321
61660
59100
157541
127081
86350
63890
58550
59791
62661
61530
61600
57660
62540
60850
59550
59640
57681
58921
62621
59090
60420
59770
59590
60870
60250
62081
61631
61330
65600
62020
61270
61560
60870
89760
77581
71361
74601
71750
72120
73840
71150
73210
73310
74741
76831
71631
72910
69690
72170
75900
73270
74430
72501
71981
74191
70120
77670
70890
72470
88700
65370
59781
60761
59511
60660
58410
57590
61460
62490
59640
144830
134540
91121
74471
64140
61790
59220
60960
57060
57710
59351
57411
59980
57490
59750
58890
59700
58950
58051
59981
58501
58260
58370
60060
59540
58800
60370
60170
60791
59781
59370
62030
93120
75560
71170
70480
75200
71311
78241
73310
73800
75130
74510
72930
73070
71540
72691
73611
74731
72960
70390
69780
74500
71590
74611
73461
72581
77671
83721
63830
57370
57810
61570
59940
60351
61241
61721
61420
60090
136221
127600
84670
67430
60241
61781
57730
56690
57630
69020
61770
61050
59460
57681
59801
59000
59540
57070
56880
60100
60140
65790
59581
58051
60220
60920
62060
59420
59380
59670
61640
92670
74971
71121
68961
76770
70630
79920
73370
72000
75591
73271
73641
71870
70380
74610
72250
74910
73260
70461
77511
73771
70400
72690
70290
75210
73820
84770
64951
57571
56981
62850
58750
63670
57660
60660
62250
59241
151330
131481
84561
76580
61570
62660
60100
56670
58861
58251
58510
59340
57550
58350
58570
58250
57540
58690
58061
59311
59160
60160
58190
57740
61590
60640
61921
59281
59751
60890
60000
60040
117501
75230
72140
74611
73221
74891
73750
70500
74830
71790
77360
72090
72501
78521
73031
74620
73630
73440
78440
72640
76200
71041
72551
79131
73381
74880
82630
60990
59940
62360
59110
60881
57471
61580
63140
60580
62440
142420
99260
76720
62291
63191
57890
58600
59310
57270
59360
57410
59350
60231
57141
59470
58890
58120
58310
57870
59830
59471
58151
57621
58140
60050
60120
60980
59080
60720
59330
62611
93971
71201
75810
71140
79060
71360
70770
76750
72871
74771
72991
68680
72670
75520
72770
74790
70600
74230
72911
73601
73760
73310
68980
74790
71930
79610
86710
61961
61541
58990
62580
59470
59000
60650
62830
62721
59111
148811
135881
81440
71080
62620
57960
59430
56571
60241
59930
57240
58350
60160
60330
59880
57340
57271
58921
60591
59700
58490
59750
60650
59540
61540
59111
62371
59221
61490
59320
60410
65260
91070
75940
75071
73871
70811
72691
75630
69860
74800
72740
68210
75701
73151
74201
74291
71830
76800
71180
74120
71210
73040
74281
74601
72701
73490
72780
79370
61870
69170
66291
60281
61111
60810
59310
64120
59120
59750
141040
89190
80931
65231
58210
61100
57900
59940
57860
57100
59150
57771
59291
59020
56840
59810
57690
58860
60460
59791
59321
61961
60380
61400
61710
59500
65910
60620
62460
60061
61581
130201
74200
77410
73600
73490
75140
75460
73611
71341
71371
74841
75660
74420
76420
72990
72190
75841
75071
77141
71540
72200
76270
70540
75800
73940
71990
86061
62701
59020
58160
59370
60190
60610
58850
63821
60771
59481
149231
124811
86770
66570
60240
60000
58711
61581
59061
59810
60460
57290
61480
57570
57460
61481
58061
59581
57280
57660
58380
57660
58250
58880
58981
60551
60401
62190
62080
59880
58610
85030
76000
74671
72321
72461
75791
71330
75670
72130
70280
79080
73260
75301
75541
72141
73090
72410
76050
74490
70900
72490
74761
72771
74391
71340
70940
86280
69670
62540
58461
60421
63511
59970
61070
59670
63290
63580
142540
124660
89651
77071
63661
58980
60370
59140
57040
58500
59710
58781
58561
57191
57500
60200
58320
58470
57670
57851
59511
59221
59280
58080
59110
60280
59190
63540
59220
59341
59251
61631
96451
77330
73920
74000
76010
72290
72011
73731
71471
75191
70290
74420
72300
72080
77680
72271
73871
73661
72480
77170
70170
73480
72400
71700
77241
74421
85781
63810
57670
60290
60730
60600
61740
60150
64161
62321
59850
149721
123441
84420
69770
61180
60460
60531
58951
59490
56260
58100
57400
59840
58360
59001
59041
57931
59300
57500
59270
59740
60440
60390
56910
61051
59951
61580
59740
58380
60670
61300
117400
71251
70590
77831
72891
71710
72850
68990
73290
74210
71580
73131
69781
71701
73690
73440
74460
72310
68840
76900
70551
74511
71631
71100
78870
72780
87600
64260
58710
60631
59351
63871
60600
56400
63160
61490
65160
151390
124350
88351
78411
62730
62940
57270
58950
58910
56980
59721
57371
59130
60280
57930
59780
57020
58480
60390
57511
62921
59910
58320
59380
61570
60910
60840
60200
60261
60241
61021
58870
93660
70810
73630
72790
75260
73531
71941
73591
73610
74150
73860
70690
74150
71180
75410
73231
72021
73051
70830
72850
73830
72250
71560
75670
70471
74331
82871
61160
60390
60040
62260
59580
58890
62541
61071
62780
59620
132431
123481
83250
66940
57420
56931
59061
61360
57980
58770
58590
58660
58720
58621
58701
56821
57140
59400
58590
60230
59160
58330
59440
59201
62011
58650
60980
63440
59550
61040
60360
117690
72571
77031
75541
78680
74560
77420
74180
73280
76320
73561
72061
78691
75210
78590
73660
71500
76990
73950
75251
73871
71251
77690
72490
76670
73600
87070
67110
61101
60201
63230
60700
60780
61410
63500
62200
59170
139690
142120
81501
77600
62460
59560
59650
57960
59600
59751
57911
59910
55830
60830
57610
57740
80170
62270
59881
62521
59800
59830
60060
58870
60830
61000
61850
61690
61581
62311
61070
58950
124911
73600
76800
70020
72061
79951
75121
75680
74780
72860
75050
79030
77760
76251
74101
72661
75110
71840
73890
77520
74400
78230
73451
77591
71941
72231
86630
62380
61200
