114160 
44090 
38760 
41480 
39450 
35990 
37230 
36050 
38770 
37920 
37900 
37430 
39380 
37870 
40640 
37910 
37270 
35760 
37390 
38650 
35800 
36930 
36340 
36780 
38090 
39930 
36390 
35090 
35690 
36720 
36320 
37440 
35630 
36280 
40590 
37320 
36520 
38650 
38450 
38340 
36950 
38550 
36130 
37560 
38390 
36680 
36650 
36610 
35440 
37310 
39890 
39750 
35850 
36760 
36910 
38820 
37580 
42630 
36210 
36870 
36980 
37530 
36520 
38220 
37210 
37330 
37690 
36240 
36590 
37070 
37380 
37030 
37010 
35230 
36400 
36180 
37590 
36520 
36790 
36030 
35550 
36600 
36870 
36280 
36610 
35680 
37520 
37110 
37500 
37410 
36120 
37890 
36870 
37140 
37650 
37440 
36490 
37660 
35970 
36500 
35980 
35400 
38140 
37120 
36270 
35150 
36790 
38290 
37230 
36660 
36320 
35900 
37480 
36910 
36640 
36190 
34710 
38110 
36600 
36630 
36730 
36830 
39020 
35350 
35370 
35000 
35540 
36030 
36210 
36800 
35830 
35670 
35960 
36370 
37970 
37520 
36140 
36920 
41700 
38310 
36420 
36050 
36560 
37360 
37660 
36340 
34940 
37860 
37440 
37410 
39870 
36650 
36100 
37140 
37890 
37810 
36720 
35080 
37460 
39640 
36950 
35080 
35410 
38020 
37720 
35800 
35500 
36110 
35970 
37910 
37490 
36270 
36920 
37150 
38550 
36210 
35990 
35690 
35770 
37880 
35940 
36300 
36760 
35700 
36360 
37670 
36560 
35730 
37530 
37770 
37700 
36880 
37100 
35710 
36790 
38430 
37460 
37680 
46580 
37750 
44450 
38170 
37650 
49000 
38650 
37130 
37340 
39400 
36280 
35850 
35580 
37050 
36970 
36580 
36580 
36170 
37070 
36470 
36410 
35090 
37040 
38000 
36930 
37570 
35320 
34640 
37280 
36320 
35690 
35270 
36730 
35640 
37320 
37530 
36540 
34830 
38030 
38180 
38230 
38370 
35710 
35490 
37770 
37150 
36180 
37430 
36690 
39640 
37990 
37330 
36090 
37160 
39560 
37600 
37290 
35580 
36190 
36210 
35520 
37650 
36060 
36770 
36240 
37050 
40450 
35970 
38590 
36730 
37830 
37700 
36470 
35720 
35650 
39230 
38500 
36690 
36060 
35250 
39460 
37500 
37230 
36160 
36310 
36180 
37840 
36490 
37500 
37880 
35340 
36860 
37010 
36400 
36210 
35930 
38200 
38040 
35720 
37510 
36680 
39940 
37310 
38030 
37060 
35880 
38380 
37290 
36460 
36010 
35740 
36230 
37800 
37910 
37530 
35640 
39160 
37510 
35990 
35880 
35870 
35580 
38140 
36530 
37410 
35970 
36930 
38440 
40190 
37770 
36120 
36020 
37660 
36450 
36800 
35650 
35930 
36330 
36200 
38880 
36370 
39950 
35060 
37190 
37240 
36320 
37430 
35650 
38470 
37410 
36550 
37850 
37140 
38920 
49300 
39460 
36810 
35290 
37290 
36490 
35380 
35830 
36340 
35900 
37400 
38200 
39870 
37360 
35060 
37560 
37710 
37320 
36330 
36670 
37970 
37350 
36690 
37400 
36040 
38460 
37050 
35920 
36200 
35760 
38010 
37010 
36810 
36720 
36290 
36180 
36860 
39610 
37140 
36810 
36810 
36770 
37950 
36710 
36930 
36870 
37720 
36090 
36470 
35650 
35320 
38970 
37280 
38120 
35870 
36710 
38250 
36920 
36590 
35480 
36630 
36580 
36600 
36930 
35780 
36490 
36490 
36730 
37780 
38890 
36780 
36420 
36280 
37280 
36590 
35870 
35470 
53650 
38470 
35910 
35940 
34680 
37080 
36880 
35530 
36170 
38910 
36870 
37860 
37650 
37310 
35730 
36840 
38590 
38210 
37160 
37150 
35970 
39940 
38780 
36960 
36020 
36000 
38410 
36320 
36940 
35910 
35650 
38340 
36720 
37310 
36030 
38160 
38180 
36680 
38230 
35880 
37480 
36680 
36730 
38810 
35070 
35960 
36840 
37060 
37450 
35610 
35200 
35760 
35990 
37460 
35960 
36580 
36500 
38240 
38250 
36600 
36440 
39080 
36810 
38750 
37040 
35730 
36940 
34960 
37860 
37700 
36390 
38950 
36470 
39650 
38190 
36070 
37180 
35430 
37710 
36270 
36210 
36050 
34120 
38300 
37440 
37120 
37460 
36000 
37530 
37230 
37350 
36280 
36160 
37590 
37550 
35910 
37650 
36860 
35810 
38260 
37160 
37190 
36620 
36750 
37380 
36760 
36650 
36060 
35650 
36970 
39650 
37810 
35150 
43240 
38230 
37050 
38420 
35900 
42080 
37180 
39830 
42330 
36400 
37430 
38630 
38940 
37010 
37300 
37190 
37260 
37350 
37870 
35720 
38800 
37550 
43100 
37520 
37280 
35930 
37870 
38180 
37460 
36070 
36690 
38160 
36570 
38950 
38320 
37300 
35220 
37500 
39390 
39520 
37050 
35860 
38790 
38770 
39060 
37660 
36510 
37380 
39360 
38660 
40770 
39180 
37640 
41700 
37380 
37530 
35760 
35810 
35930 
42460 
36980 
34880 
36010 
36790 
42060 
38300 
35650 
35510 
35590 
36900 
37740 
36550 
35270 
37080 
37310 
36840 
37270 
36060 
36220 
36070 
37420 
37170 
34900 
37490 
36290 
37200 
37780 
35800 
36650 
35850 
36950 
35900 
36280 
37310 
35830 
38770 
37290 
36570 
41990 
37380 
38080 
37330 
35880 
36540 
40900 
38070 
38720 
38440 
36380 
36120 
36810 
39500 
36740 
36400 
36010 
34350 
38740 
41000 
36850 
35880 
35380 
36940 
36680 
39320 
35260 
36230 
37610 
37920 
36440 
34770 
36220 
38310 
36730 
37510 
35900 
35880 
37500 
37530 
36870 
37450 
37030 
35600 
42120 
38230 
35840 
36530 
35470 
38680 
37760 
36200 
35250 
35380 
37250 
35710 
39080 
37460 
36300 
36160 
39690 
36620 
36410 
38750 
36240 
39150 
36590 
36050 
37110 
35610 
37220 
35790 
34870 
36340 
35250 
37580 
35590 
35460 
37190 
35320 
38000 
36750 
36370 
35920 
35900 
37100 
36960 
37350 
37460 
36210 
35800 
37140 
37930 
36370 
36890 
37590 
38170 
36470 
36470 
34800 
36480 
42710 
37650 
37290 
37450 
36370 
38580 
43630 
38050 
36190 
37610 
37520 
38430 
37720 
35990 
37490 
35190 
37070 
36910 
36880 
37150 
35780 
36690 
36620 
36930 
38500 
35380 
37510 
37070 
37610 
36940 
36370 
37870 
37770 
37340 
36130 
36400 
37330 
37400 
36660 
35900 
35590 
36020 
38450 
37790 
37120 
37140 
36090 
38480 
36710 
37380 
34650 
35030 
36980 
36900 
36170 
36090 
36000 
39580 
38160 
36320 
34750 
35340 
38140 
35790 
37210 
36580 
36880 
36550 
36020 
39760 
37030 
35050 
37000 
37320 
38010 
35850 
35370 
35780 
37550 
37080 
35770 
36710 
36950 
38150 
38990 
36670 
35060 
36950 
37080 
36590 
38420 
36770 
38050 
36660 
38440 
37960 
35810 
37190 
36320 
38190 
39810 
40120 
36950 
37020 
38060 
37180 
42690 
37410 
35380 
38790 
37660 
35260 
38560 
36260 
37670 
35840 
36640 
39080 
35450 
36950 
37330 
36120 
35040 
35920 
38410 
37430 
37070 
36720 
37790 
36790 
37290 
36830 
37490 
36350 
37630 
36790 
37280 
36740 
36310 
36580 
34840 
38530 
38870 
37550 
37150 
36570 
36250 
37620 
35610 
35430 
36550 
38570 
37270 
35390 
39230 
37420 
37090 
38930 
36370 
36940 
35030 
39270 
37770 
36590 
35730 
36250 
34770 
38800 
37120 
36080 
35850 
35460 
38370 
36240 
36620 
36020 
35150 
37200 
35930 
36890 
36530 
35520 
37830 
37640 
37280 
37170 
35370 
38050 
36870 
37010 
34800 
35360 
36410 
37300 
36450 
36370 
35790 
36210 
36110 
35400 
36580 
35150 
38450 
38340 
36150 
37500 
36580 
35440 
37710 
40650 
37450 
36310 
49640 
42160 
37020 
36130 
35720 
38020 
36680 
36600 
37970 
35360 
36390 
35520 
39490 
37830 
36480 
36360 
35090 
36490 
37410 
36590 
37300 
35750 
37800 
38090 
36620 
37110 
37150 
37920 
37150 
35690 
35510 
34700 
36210 
38820 
37270 
35910 
35500 
36030 
37520 
35540 
36200 
35460 
36640 
37670 
37290 
36000 
36800 
34920 
38680 
37990 
37140 
37600 
36160 
38370 
35630 
36960 
35230 
35900 
36500 
36640 
38760 
37570 
35970 
37620 
36960 
37400 
35390 
35880 
36350 
38240 
37390 
38030 
36770 
38150 
37690 
38000 
37040 
37450 
36200 
37880 
38210 
37070 
35290 
35610 
36310 
36920 
37610 
34750 
37260 
35180 
38420 
39470 
36120 
37260 
35780 
37470 
36850 
36040 
35190 
35950 
38770 
35800 
38080 
36980 
37200 
37680 
38450 
36610 
36590 
36130 
36820 
36420 
36880 
38130 
36100 
37200 
37570 
38660 
36470 
36340 
36720 
38400 
37620 
37390 
36130 
35740 
36750 
36770 
37300 
39030 
37050 
37720 
36450 
36390 
35130 
37140 
36380 
36270 
37530 
36260 
37270 
35630 
37810 
37260 
36720 
36580 
36560 
38520 
36320 
36430 
36830 
35940 
37570 
37410 
36320 
36680 
36110 
37600 
36280 
36290 
37260 
36260 
37910 
37160 
37820 
37800 
36010 
36140 
38080 
37370 
36700 
34750 
35300 
38700 
38430 
39330 
36770 
36050 
38150 
37380 
36370 
35530 
36080 
38010 
36970 
37060 
36600 
39350 
37550 
37730 
38090 
35650 
39050 
36640 
36980 
38340 
35520 
36630 
36980 
39040 
38620 
35640 
35930 
35820 
37470 
40240 
36150 
36780 
35540 
37140 
38580 
36210 
36490 
39000 
37640 
36460 
36450 
35550 
39640 
36540 
37980 
37130 
36370 
35780 
35330 
37300 
36260 
35790 
37010 
38070 
41470 
36260 
37810 
36340 
35640 
37620 
35470 
35860 
35610 
36100 
35950 
36290 
37620 
40880 
36880 
36310 
37080 
37210 
35260 
35190 
36910 
37240 
36120 
36670 
35780 
35550 
37850 
36750 
37120 
37180 
35380 
37380 
35510 
36790 
35320 
36500 
36300 
36040 
38660 
36020 
36090 
35990 
36510 
36340 
35670 
35840 
36590 
37930 
36850 
35810 
35300 
36460 
36630 
37030 
35770 
36280 
36250 
38400 
37190 
36230 
35520 
37970 
35510 
40380 
47490 
42620 
37340 
36320 
40290 
36920 
36360 
37560 
35770 
40740 
36180 
36240 
37410 
37000 
39530 
36780 
36310 
35800 
35840 
40960 
37440 
37060 
35240 
36310 
36870 
37650 
37380 
37380 
36250 
37220 
36980 
37060 
36750 
35200 
35980 
37240 
37150 
36820 
37370 
37100 
37610 
36340 
36270 
36090 
36540 
36720 
36520 
35820 
35310 
35100 
36250 
36700 
37230 
35730 
36380 
37920 
39750 
38680 
35810 
36730 
36200 
37570 
36990 
36710 
37680 
35390 
36680 
37820 
36280 
36620 
36620 
37040 
37710 
36830 
35690 
35680 
36670 
37050 
36980 
37090 
36180 
35990 
38130 
37000 
36410 
36940 
34740 
37920 
35100 
35590 
35480 
34520 
37130 
35810 
36520 
36440 
35160 
38140 
36160 
36690 
39650 
36100 
36330 
38510 
37350 
36620 
34730 
36680 
37260 
37250 
36270 
36230 
36770 
37960 
37930 
36190 
35580 
36240 
37170 
40210 
37970 
35210 
36420 
37050 
36590 
36970 
35390 
37100 
37220 
37130 
37320 
35330 
36330 
35780 
37890 
38060 
36040 
37640 
36500 
37490 
37200 
35870 
35870 
34890 
36500 
36290 
35960 
35610 
35570 
37380 
36920 
36480 
36220 
35620 
38810 
37990 
36560 
35970 
36140 
36020 
38200 
36700 
38330 
36580 
36740 
37370 
36960 
38540 
36800 
36780 
36500 
39160 
37120 
35750 
37940 
36940 
36080 
37130 
34810 
36080 
36410 
36520 
38190 
35670 
36280 
35250 
39150 
36840 
35860 
37610 
36040 
36370 
38810 
38320 
37470 
36430 
37940 
37650 
36170 
36680 
36090 
39900 
37990 
36990 
35500 
37630 
39490 
38720 
37810 
36950 
35960 
36160 
38350 
36830 
35350 
35830 
35120 
36790 
37740 
40540 
38200 
35040 
37460 
37220 
36580 
35500 
35060 
37380 
36480 
37430 
36000 
35450 
38380 
36620 
37950 
35780 
36540 
35990 
37720 
36980 
35220 
34670 
36560 
36620 
36490 
36540 
35260 
36260 
39010 
37310 
37870 
36540 
37300 
38030 
36990 
36080 
45880 
43980 
37680 
36440 
37290 
36640 
36110 
35340 
36160 
37710 
34930 
36870 
35660 
37120 
36430 
35120 
36150 
36820 
37080 
37460 
36350 
36710 
35050 
38120 
37710 
36310 
37430 
37280 
36460 
37760 
37780 
35510 
34910 
35320 
36510 
36180 
35220 
35060 
35410 
38060 
36320 
35800 
35420 
35580 
39600 
37040 
39380 
36530 
36750 
36940 
39700 
37410 
36560 
35480 
36820 
37990 
37880 
38090 
36210 
35560 
37260 
39760 
36170 
36550 
40140 
41220 
41740 
37340 
35240 
36210 
39910 
37670 
38430 
36500 
37440 
38770 
40220 
38670 
35360 
36250 
36980 
39570 
39410 
38680 
36560 
35820 
38890 
38690 
37200 
36440 
36650 
38260 
39080 
37220 
36510 
35930 
38580 
36800 
38170 
37620 
37490 
38860 
37170 
39900 
35810 
35610 
37040 
36680 
36800 
37610 
35590 
37320 
38130 
37620 
36750 
35250 
37660 
37080 
36950 
35880 
36190 
35990 
37440 
35770 
36270 
36860 
35240 
39790 
37910 
37760 
35910 
36730 
36630 
36450 
38280 
36080 
36490 
36950 
37090 
37960 
37000 
37190 
35540 
36350 
37530 
37810 
36400 
38650 
39690 
37320 
37450 
36340 
35040 
38030 
37740 
35300 
36160 
34920 
35870 
39010 
36760 
37060 
35200 
35550 
39010 
38160 
36890 
36410 
35960 
38340 
36550 
37330 
36670 
35140 
37400 
36300 
37970 
35480 
35800 
37200 
35900 
35630 
36620 
35820 
35600 
37590 
38730 
35540 
35180 
36260 
36950 
37980 
36320 
35530 
36360 
35880 
37440 
38130 
36870 
37020 
51030 
43480 
37860 
35290 
36300 
35890 
36190 
36660 
35490 
35020 
36330 
37280 
37250 
35680 
35740 
35530 
38560 
36910 
37160 
35830 
36410 
37160 
35430 
36470 
35310 
35650 
38270 
36540 
35840 
36790 
35620 
37500 
37570 
35270 
35500 
36140 
36430 
36500 
35550 
35840 
35310 
36300 
38260 
35600 
36850 
36610 
36600 
37780 
38750 
38470 
36760 
38160 
38840 
36730 
37080 
35900 
35320 
38990 
37270 
37460 
36090 
35760 
35860 
36760 
41900 
37000 
35090 
35710 
36840 
38710 
37370 
37070 
35660 
38490 
37280 
36960 
36200 
36860 
37960 
38500 
36490 
35430 
37540 
37860 
37420 
36950 
36170 
36950 
35640 
37840 
37040 
36070 
36980 
35440 
37860 
37360 
35120 
35450 
37710 
38650 
36780 
36740 
37270 
35960 
37300 
37670 
36420 
35990 
46890 
40030 
36790 
35540 
35390 
36840 
36920 
37110 
37150 
36470 
35530 
36840 
37410 
36480 
36560 
35530 
36250 
36840 
36600 
39730 
36970 
35610 
37900 
35610 
36640 
35980 
36970 
37130 
36500 
36390 
35610 
35430 
37010 
37700 
38680 
36700 
35830 
35660 
36590 
38180 
36180 
39780 
36990 
48520 
41090 
37070 
38690 
36800 
37710 
38170 
37270 
35740 
35140 
36400 
36890 
36180 
38690 
36040 
36100 
37120 
37300 
35780 
36220 
36650 
36850 
37350 
35990 
36110 
35630 
37480 
37560 
38000 
36110 
35670 
40170 
37920 
37000 
36520 
35560 
38270 
36300 
38000 
34440 
36030 
36910 
37220 
38300 
36130 
35110 
37100 
37770 
37720 
36460 
35910 
36760 
36550 
38100 
35800 
37290 
35820 
39240 
38380 
40650 
36550 
37000 
37600 
37930 
36260 
35110 
36040 
36000 
37190 
36800 
35620 
36980 
36760 
37330 
36850 
35620 
37810 
36450 
37880 
36780 
35660 
36690 
35370 
38360 
36870 
38690 
36820 
36050 
36770 
37270 
36270 
38680 
35800 
58110 
40200 
38450 
36240 
37450 
38390 
41480 
37590 
36090 
35900 
36470 
37660 
36260 
41880 
36960 
37030 
37030 
35800 
36890 
35960 
36510 
39300 
36780 
37080 
35560 
36100 
36550 
36400 
37550 
35570 
36170 
35080 
36590 
36510 
35700 
35430 
36160 
37940 
37940 
37190 
37950 
36950 
37170 
37280 
35530 
36090 
35840 
37040 
37150 
37060 
35990 
37070 
36660 
