107150 
42500 
40860 
40980 
40910 
37740 
37840 
37720 
37110 
38200 
39000 
37480 
35940 
38180 
37660 
39080 
36140 
36300 
39010 
37620 
39020 
37440 
38220 
40100 
38310 
38250 
37210 
37880 
37010 
39050 
38280 
36930 
36390 
36580 
36830 
40180 
37760 
39120 
39150 
37850 
37980 
37390 
37430 
36570 
38310 
38330 
38320 
38000 
37890 
37340 
37990 
38020 
36810 
38670 
36230 
39500 
38190 
37710 
37340 
36440 
37560 
39270 
39330 
39410 
36920 
37070 
38730 
37680 
36830 
37740 
38470 
37840 
38060 
38560 
36950 
38100 
38620 
39440 
38850 
38300 
36950 
37690 
37650 
36790 
35640 
36930 
37150 
40910 
38080 
37150 
36370 
37380 
37460 
37200 
36730 
36430 
36910 
37140 
37980 
35700 
38520 
36540 
38010 
37870 
38640 
37990 
37920 
39240 
38660 
37390 
36260 
36100 
36240 
38180 
36050 
37470 
37910 
36510 
37930 
38740 
37710 
36180 
37480 
37210 
39140 
37430 
37320 
38010 
39830 
39370 
36940 
37630 
37400 
37800 
37350 
36610 
37690 
38870 
40420 
40400 
37850 
36300 
36560 
37100 
36170 
36770 
36310 
36430 
37900 
37350 
38800 
36500 
36610 
36190 
36770 
38310 
39250 
36440 
36020 
37220 
36860 
35190 
36360 
36760 
36040 
44250 
37640 
35780 
37570 
37060 
36970 
38970 
37600 
37460 
36830 
37550 
36750 
35780 
39710 
36870 
37370 
37000 
36730 
37690 
37410 
38870 
37310 
36850 
38980 
37450 
36760 
46810 
39410 
36460 
36850 
37490 
38120 
37800 
37830 
37250 
36880 
37650 
38190 
37760 
35610 
37920 
39770 
36770 
36540 
36220 
37700 
37600 
41540 
36720 
37040 
37680 
36810 
37460 
37080 
36040 
35890 
37230 
38180 
39020 
40730 
37790 
37830 
38510 
42130 
37360 
37310 
38120 
37530 
38180 
37030 
36600 
35730 
39990 
37930 
37060 
38220 
36410 
36560 
41220 
37180 
36760 
37400 
37700 
39700 
37580 
38670 
36000 
37060 
37990 
38020 
36880 
39840 
37740 
39140 
36490 
36860 
36100 
36610 
38110 
38960 
37980 
37000 
37070 
40300 
39700 
38840 
37680 
36410 
40060 
39240 
37630 
36500 
37180 
41720 
37500 
38480 
36790 
38130 
37670 
36310 
38420 
37130 
37620 
38390 
39900 
38710 
36090 
37320 
36350 
39000 
39800 
38150 
36770 
38270 
38760 
38580 
37720 
37670 
38920 
37280 
38400 
38480 
37440 
38410 
36470 
37460 
38670 
37200 
36970 
37490 
36960 
37970 
37730 
38020 
40070 
37610 
38780 
37240 
36690 
37850 
37540 
38490 
38350 
36520 
38130 
37460 
38000 
37550 
37050 
36910 
36860 
38570 
37780 
37100 
36030 
37080 
37380 
38760 
37890 
38700 
37470 
38060 
38760 
38150 
38940 
36790 
37310 
36720 
38850 
37620 
38080 
36190 
37990 
37530 
36250 
36180 
36260 
36000 
38620 
39080 
35710 
37310 
39250 
38420 
36230 
37490 
36800 
37210 
39520 
36850 
36920 
37380 
37380 
38280 
38450 
37820 
36690 
36970 
37950 
54610 
38970 
36700 
36960 
38450 
37440 
38520 
36790 
37640 
38330 
38500 
37400 
37080 
35840 
36890 
38750 
36570 
37040 
36550 
38130 
38620 
38140 
37740 
35720 
38780 
37080 
38630 
36720 
36970 
36760 
38940 
38080 
37150 
36560 
38440 
40030 
38300 
37760 
36490 
37650 
36010 
40910 
37830 
38020 
38010 
38130 
38630 
37510 
36920 
36680 
36660 
39030 
39640 
36870 
38550 
38120 
38790 
38750 
42670 
35880 
36650 
37420 
38340 
37330 
37690 
37410 
38080 
38870 
36390 
37150 
39530 
40780 
39000 
37520 
38170 
36630 
36690 
38080 
37330 
38170 
34790 
37480 
38630 
43860 
37810 
36150 
36920 
38260 
38370 
39080 
37200 
38210 
37950 
36880 
36980 
41650 
38920 
38090 
37840 
38150 
36280 
36740 
38500 
36980 
37910 
37290 
37440 
39550 
39860 
38600 
36860 
36140 
38610 
38680 
38520 
35710 
39140 
37040 
36680 
38570 
35850 
37360 
37560 
36300 
39100 
37360 
36570 
37520 
36180 
37500 
37680 
37780 
36710 
36150 
37880 
37150 
36140 
37350 
37170 
38350 
36200 
40140 
37150 
38530 
36420 
38440 
42800 
37780 
36570 
36430 
38070 
37840 
40130 
37590 
38250 
37470 
38290 
37700 
37270 
38240 
36790 
37960 
40710 
36020 
36720 
40510 
38270 
37620 
36510 
37210 
37400 
41230 
38190 
37200 
36980 
35960 
36760 
38210 
37820 
37430 
37270 
38120 
37780 
37150 
36550 
37980 
38800 
38490 
36660 
36380 
39180 
38700 
39990 
36830 
37690 
37350 
37440 
40620 
37160 
37350 
35690 
37410 
37040 
37040 
38320 
36370 
37520 
37140 
39380 
37290 
38190 
37650 
37170 
38060 
36540 
37500 
36740 
39660 
37900 
37140 
40570 
36310 
39700 
38190 
36340 
37590 
36080 
37550 
48860 
39810 
37110 
35640 
36610 
38300 
38370 
37040 
35720 
36880 
35650 
36560 
40630 
38570 
38840 
37720 
37720 
37960 
39740 
39180 
37850 
38510 
37150 
36410 
36850 
38150 
38700 
38280 
36690 
36500 
36420 
36570 
37670 
37090 
35790 
36760 
37730 
37440 
36270 
38500 
36970 
37620 
38290 
36860 
38130 
36670 
36110 
38530 
36410 
35240 
37250 
36400 
38950 
36750 
35950 
37250 
37370 
38800 
37150 
36920 
37460 
36720 
36930 
37870 
37220 
38980 
37570 
38760 
37320 
38160 
35610 
38230 
36910 
40450 
38240 
35970 
38300 
37820 
37700 
37980 
36920 
39140 
38590 
37740 
38980 
36170 
36260 
37860 
36670 
38240 
38160 
37090 
36600 
39550 
36810 
37250 
36900 
36940 
36960 
37580 
37040 
36120 
36790 
37930 
37380 
36970 
37060 
36530 
37310 
37220 
37080 
36560 
37490 
40590 
38820 
38150 
37820 
37230 
36610 
38030 
38890 
36380 
35980 
37040 
38270 
39040 
37100 
36810 
37290 
37150 
38140 
38130 
47770 
37960 
38640 
36660 
36960 
37020 
36660 
37650 
38920 
39920 
37690 
39500 
39540 
39440 
39270 
37730 
36950 
39160 
37810 
39510 
38850 
36160 
39280 
36880 
37250 
37020 
37280 
37060 
38990 
38460 
38220 
42030 
37690 
40130 
39290 
39030 
37460 
39660 
37840 
39690 
39130 
35750 
39420 
37840 
39470 
39140 
37920 
37090 
39790 
36240 
40390 
37990 
37210 
38420 
36330 
37710 
38400 
35440 
37400 
40290 
43220 
38960 
38330 
36960 
38760 
37870 
38040 
38270 
35760 
36370 
39510 
38590 
38390 
36680 
36160 
37370 
36810 
38030 
36010 
37180 
37620 
39490 
37470 
39130 
39130 
39890 
38450 
38340 
37070 
38520 
36180 
38450 
38000 
37150 
36860 
37420 
37670 
40360 
36790 
36730 
36680 
38040 
37540 
38180 
37250 
35900 
37100 
37260 
38620 
38620 
38590 
39410 
39160 
37660 
38160 
37640 
36200 
38010 
37710 
36470 
38070 
36500 
36040 
38340 
36460 
36490 
35630 
37690 
37530 
36570 
36860 
40130 
38370 
38970 
38360 
36640 
36370 
36740 
38200 
38070 
38390 
35300 
39120 
37720 
39680 
37920 
37480 
36530 
38660 
38780 
38610 
36380 
38620 
37040 
37120 
37640 
36160 
37490 
41860 
40260 
38440 
36200 
39830 
38150 
37970 
38120 
37370 
37280 
36510 
38010 
36660 
40070 
36270 
36510 
36710 
38650 
38260 
36990 
37450 
36110 
39100 
38210 
38430 
40910 
37430 
38650 
38480 
37170 
38270 
38360 
37510 
36790 
37950 
38480 
36570 
39650 
43560 
37890 
36750 
36140 
36200 
38960 
36940 
35790 
36530 
35710 
37120 
37640 
37580 
36050 
38310 
38510 
37800 
36780 
36940 
36870 
37350 
37380 
36900 
36470 
36630 
37380 
37240 
36440 
36860 
37150 
36910 
37480 
37030 
36800 
37780 
37820 
37910 
36840 
36110 
38200 
36630 
37590 
37250 
36610 
39040 
38230 
37880 
38750 
37990 
38120 
40290 
38580 
40100 
36970 
36830 
36480 
36690 
41680 
36680 
37190 
36440 
37160 
37630 
37950 
36790 
36670 
40210 
38510 
37720 
37910 
37410 
38420 
37730 
39150 
36900 
37150 
35970 
37310 
36520 
37690 
35860 
36080 
37050 
38250 
37350 
36390 
39670 
38360 
35970 
38920 
36020 
36120 
36590 
37280 
38780 
38410 
37160 
39580 
36780 
38090 
36110 
35610 
37590 
37110 
38600 
36000 
36350 
37140 
36560 
39850 
37490 
37330 
35560 
37010 
39010 
38670 
36960 
37200 
36320 
38380 
37540 
36750 
37930 
35650 
37320 
37350 
36130 
37250 
36820 
38440 
37940 
36590 
37440 
36880 
36490 
38560 
36730 
37890 
35620 
36840 
37040 
37650 
37990 
35730 
34880 
37980 
37120 
36960 
37750 
37610 
42760 
39630 
37020 
38220 
36660 
38240 
38720 
37360 
38040 
37500 
36340 
37730 
36750 
35670 
36860 
37710 
38750 
37650 
39330 
37160 
38300 
36480 
39090 
36230 
37070 
38710 
37090 
38630 
38420 
38000 
36000 
41030 
38440 
38330 
36600 
37980 
39050 
39080 
36260 
36640 
37700 
36310 
37130 
38150 
39220 
36320 
38760 
37690 
38170 
37300 
36660 
37040 
38360 
37820 
37610 
35760 
37110 
39600 
38720 
37430 
37120 
36830 
37830 
38190 
35980 
36700 
38220 
37360 
38020 
37010 
37230 
37850 
37500 
38550 
39310 
37720 
36980 
37170 
36420 
38360 
38290 
35830 
37380 
39070 
37400 
36620 
37870 
37680 
37850 
36800 
37320 
38760 
36840 
35990 
37550 
39090 
36390 
38020 
37730 
41510 
38490 
36930 
35760 
38330 
37590 
39620 
36190 
40370 
35740 
40280 
37530 
36050 
37450 
36470 
37470 
38250 
37490 
37080 
37520 
36410 
38940 
38090 
37030 
36790 
36750 
40010 
38410 
38330 
36290 
37740 
37470 
38730 
36950 
38110 
36420 
39320 
40580 
37540 
37450 
37400 
37830 
38840 
37650 
41690 
36280 
38220 
38640 
39430 
37490 
36950 
38430 
37970 
38160 
36960 
36670 
38520 
37870 
38920 
37310 
36310 
37100 
37650 
37270 
37130 
37060 
65970 
41550 
39080 
36420 
35770 
37150 
36680 
37930 
38080 
36230 
36950 
36570 
36740 
37230 
36140 
36540 
37440 
37510 
37010 
36290 
38230 
36620 
37430 
36520 
36410 
36750 
36610 
37130 
38090 
35300 
38090 
37860 
38500 
36800 
37870 
36050 
36280 
38700 
37350 
37160 
37870 
36960 
36370 
40830 
39060 
38970 
35480 
37810 
39040 
38080 
35570 
37310 
38660 
37700 
38340 
36180 
37480 
37170 
38140 
36070 
36360 
35720 
36620 
37110 
36720 
40040 
36910 
38530 
37050 
37550 
38040 
35740 
38530 
36640 
38270 
39560 
38160 
37570 
41040 
37040 
40090 
36690 
39380 
36160 
36350 
37190 
37070 
36490 
37700 
36280 
38280 
37460 
36910 
36660 
38300 
37080 
38270 
37270 
36200 
39760 
40350 
37160 
38180 
37440 
37080 
36220 
38820 
51100 
38760 
36650 
36180 
36940 
37940 
41610 
41920 
36990 
38380 
37990 
36060 
35920 
38190 
36980 
38440 
37880 
36720 
37930 
38260 
38620 
35880 
35200 
37890 
36650 
39970 
36650 
36450 
37450 
35920 
37550 
37250 
35550 
36440 
36380 
38440 
39110 
36910 
39220 
39120 
37710 
38040 
37380 
37170 
37480 
38810 
38310 
36200 
37450 
36330 
37520 
38600 
37500 
37960 
36930 
37770 
36520 
38750 
37050 
36310 
37080 
39190 
36320 
37420 
37680 
40030 
37170 
35940 
37700 
36640 
36470 
37990 
42790 
38280 
35910 
38140 
37640 
38190 
36410 
35690 
36180 
36190 
36570 
37440 
36560 
36960 
37490 
37720 
38900 
41450 
36400 
37070 
38400 
39480 
38300 
36960 
38670 
38620 
38950 
36900 
37970 
38640 
37180 
39260 
36170 
36000 
36030 
37080 
37350 
37830 
37780 
36330 
36430 
38380 
38860 
37690 
37120 
36750 
37860 
37680 
36870 
37490 
36010 
38120 
37090 
37120 
36940 
36630 
38540 
38380 
35910 
38010 
36790 
37170 
42770 
37190 
39960 
37290 
37110 
36950 
40800 
37620 
35690 
38670 
37050 
36700 
37420 
37320 
37890 
39560 
38600 
39950 
35610 
36630 
37050 
38810 
37550 
36630 
38130 
37280 
37870 
38190 
36460 
37060 
36950 
40490 
38640 
35110 
37260 
36880 
37090 
37560 
37700 
38500 
38060 
36580 
38680 
36430 
38260 
38080 
36880 
39860 
37550 
38180 
37270 
38100 
38090 
38080 
37870 
37240 
37060 
38470 
39080 
37610 
37440 
35960 
39490 
37450 
38230 
36720 
37810 
38070 
38870 
36850 
36610 
37450 
36150 
38020 
36770 
35950 
36960 
38370 
38310 
38950 
37020 
37960 
37900 
38840 
37950 
37570 
36830 
36560 
39000 
37480 
36530 
37790 
37430 
38080 
38590 
36830 
36820 
37250 
37610 
38640 
36980 
36610 
36900 
41810 
38370 
37500 
37370 
39110 
37860 
40940 
38020 
37700 
37170 
37050 
37410 
37480 
39270 
39690 
38370 
38480 
38090 
36530 
35720 
35890 
37810 
36700 
36770 
36320 
45790 
41590 
38960 
41150 
38520 
36150 
37750 
36380 
36720 
36830 
36950 
39760 
38180 
37770 
37310 
37700 
35680 
37660 
39060 
37460 
37410 
37570 
38380 
39230 
36710 
36550 
37230 
37930 
38540 
38580 
38590 
39840 
38560 
40750 
38730 
38380 
38070 
38240 
41210 
41880 
40160 
38160 
37080 
38080 
37710 
37660 
38530 
36610 
36060 
38430 
37430 
37740 
35940 
36040 
37330 
37600 
36570 
37790 
38150 
38010 
37630 
38300 
37410 
36370 
37370 
40090 
37330 
35700 
36640 
37990 
37890 
38760 
36440 
38000 
38380 
37840 
39150 
36780 
37270 
37240 
40400 
39370 
37920 
37660 
39890 
37470 
39060 
37870 
39090 
37720 
37210 
38610 
37290 
36530 
36910 
38300 
37910 
37040 
36980 
37830 
36690 
37800 
38880 
38150 
39770 
36140 
38480 
38090 
36730 
37490 
36800 
37530 
37020 
38650 
38370 
37470 
38320 
37970 
36190 
36490 
35710 
37960 
37640 
37840 
37520 
36060 
36230 
37770 
44260 
39310 
36640 
40330 
38920 
38380 
40170 
38150 
37520 
41610 
42490 
38040 
37750 
37710 
40750 
36930 
37060 
36180 
35780 
38300 
39970 
37500 
37070 
40280 
36960 
40050 
38560 
37350 
35700 
39990 
37510 
41250 
36680 
39350 
40040 
37020 
39160 
37190 
36590 
36910 
38620 
38500 
37450 
37870 
35440 
39340 
38980 
35780 
36470 
36620 
36770 
41310 
37730 
39800 
38880 
35920 
40810 
38070 
36910 
37040 
36670 
37200 
39130 
37660 
37250 
36460 
37500 
38690 
35960 
38200 
36300 
38760 
36890 
36180 
38060 
36650 
39800 
39540 
37080 
36150 
35990 
36860 
36120 
36660 
38210 
37860 
37780 
37040 
37620 
38480 
37210 
38710 
37430 
37810 
36490 
37850 
36920 
38710 
36980 
37520 
37330 
38000 
38420 
38950 
36950 
36070 
37350 
40810 
36970 
40390 
37810 
37110 
37290 
35990 
37340 
36560 
36140 
37150 
37420 
38130 
36340 
36880 
36480 
38150 
36630 
37710 
36770 
40060 
42190 
45690 
38500 
36510 
37430 
37800 
37330 
38330 
38230 
37410 
36640 
38370 
38330 
38240 
35900 
36040 
38290 
38020 
37580 
51420 
36670 
38750 
39310 
36960 
36570 
37020 
39220 
38780 
37800 
36500 
36020 
39780 
36730 
37320 
36670 
35480 
38280 
36900 
37940 
38330 
35780 
36480 
38070 
37080 
35610 
35450 
36290 
38130 
39600 
37620 
36480 
37010 
36940 
39780 
39710 
37440 
39000 
37700 
36840 
37220 
37020 
38080 
37250 
37680 
38000 
39590 
36100 
37280 
37620 
37130 
36960 
36470 
37090 
40660 
37520 
35920 
38430 
37450 
39280 
37520 
35840 
37320 
39180 
36890 
37000 
37220 
39020 
37740 
37920 
36630 
38340 
38740 
35790 
36240 
37920 
36910 
37640 
35530 
36860 
37320 
37780 
36720 
35980 
36830 
38950 
39210 
36420 
38870 
38670 
37750 
37820 
38360 
37530 
37870 
36430 
37270 
37090 
39110 
36440 
36610 
