74330 
71800 
59370 
69470 
78650 
96870 
90200 
84810 
59040 
48980 
51450 
57380 
48520 
49910 
50670 
56670 
43550 
51320 
25720 
58880 
55100 
51390 
26380 
57680 
47740 
53550 
52610 
24830 
55090 
58370 
45560 
32140 
57990 
54000 
56790 
30290 
70610 
80700 
74110 
33270 
37270 
84520 
96670 
384180 
34300 
71830 
95970 
70470 
37990 
74680 
97320 
39150 
1390150 
67880 
102750 
72350 
72740 
73310 
69260 
37100 
65640 
40070 
77790 
76440 
30970 
103980 
53640 
61410 
52690 
52380 
54170 
58380 
32310 
64980 
94810 
324180 
69570 
63510 
59270 
62260 
1102180 
60630 
64760 
47470 
52450 
28120 
29410 
59040 
48970 
48440 
50050 
52780 
57410 
50470 
1095450 
55150 
51630 
45590 
51270 
75010 
52240 
53080 
53660 
61100 
49540 
53940 
88460 
71970 
68720 
68950 
72600 
71200 
67440 
67200 
67600 
71840 
68430 
63940 
69840 
69800 
82170 
69170 
75760 
64300 
67710 
76520 
62630 
68830 
64650 
73770 
1153040 
74610 
64500 
72220 
53720 
49220 
51790 
61850 
64460 
51680 
53720 
60260 
58950 
51970 
89580 
41750 
74390 
58670 
57320 
48340 
60440 
44800 
49660 
53780 
53850 
57010 
50320 
52910 
51040 
51960 
54970 
50770 
48190 
52280 
54490 
49600 
51700 
45660 
54600 
81960 
54560 
50090 
56410 
1092370 
58520 
52820 
82200 
72190 
68800 
66810 
73640 
72880 
77070 
71290 
69020 
68460 
70760 
64160 
65920 
65380 
68450 
67590 
66750 
36910 
69750 
1111350 
68330 
39480 
36850 
34880 
70390 
65260 
40070 
56990 
77170 
52340 
56850 
55580 
53450 
25970 
51620 
54710 
51890 
86350 
91260 
76060 
66330 
1094870 
58450 
44040 
56410 
55680 
52160 
50520 
26430 
59780 
49230 
50890 
50520 
54780 
79510 
56860 
59890 
49560 
52630 
50620 
48880 
57690 
58060 
54340 
52390 
59720 
55310 
56320 
50120 
87580 
69200 
70800 
70620 
79150 
68020 
31520 
67500 
81120 
65250 
66430 
1127970 
77100 
78140 
71290 
72960 
75070 
67040 
69920 
76040 
77030 
67300 
69260 
77950 
90940 
74010 
62600 
72200 
58470 
56020 
52550 
51660 
55000 
74520 
71700 
69460 
59630 
70500 
87170 
83790 
82240 
50060 
46460 
50640 
54060 
48430 
55110 
52200 
50860 
49590 
49030 
54080 
24520 
55010 
53400 
51550 
27730 
49130 
50040 
80910 
39250 
55100 
50590 
51700 
53810 
28010 
62030 
48660 
51250 
51810 
84210 
68880 
35190 
67650 
76940 
66580 
1114250 
72240 
64760 
75750 
30120 
67690 
80480 
32230 
39550 
1117600 
74970 
71910 
74150 
79310 
77390 
67400 
69280 
77180 
92180 
71800 
72390 
61530 
28330 
54710 
54570 
57200 
52890 
51430 
51890 
56350 
56040 
95640 
92110 
78430 
68920 
59800 
52980 
52850 
48880 
49810 
81490 
46990 
57570 
55130 
50390 
50300 
50120 
56960 
46290 
47630 
48260 
48580 
49760 
1618760 
49810 
50620 
62290 
70330 
57270 
54100 
49870 
58230 
58640 
91320 
63610 
74720 
71600 
67690 
71200 
73160 
72750 
66990 
69640 
67550 
73060 
69470 
68810 
68030 
66680 
68960 
63610 
76280 
64790 
68430 
69220 
66690 
81410 
72050 
63270 
71340 
69420 
57050 
51890 
28030 
57040 
52120 
1612070 
54970 
64560 
66330 
47650 
85990 
92050 
61840 
65880 
76790 
50250 
53580 
52880 
55940 
57260 
52100 
56650 
56840 
47320 
53260 
50080 
49910 
80210 
53390 
53400 
52680 
46560 
50850 
55540 
55380 
47760 
1094540 
56700 
53600 
51770 
57180 
42940 
81040 
68890 
67770 
1119930 
65080 
66130 
70710 
1123580 
69760 
68740 
74450 
72570 
61010 
70330 
70780 
64000 
77310 
88760 
77310 
69060 
1122410 
74100 
37130 
72210 
73480 
65850 
41520 
55770 
55260 
81590 
54360 
60230 
56690 
50230 
28420 
52100 
56640 
53630 
115060 
78370 
59710 
56280 
53930 
47080 
52530 
49010 
52070 
47260 
49920 
50650 
55400 
53590 
53270 
50230 
52280 
53190 
47390 
51700 
50520 
50980 
72780 
50640 
49930 
53220 
78580 
31280 
51260 
50490 
52920 
71320 
71460 
61260 
96650 
63130 
70830 
65070 
70340 
76080 
73890 
66060 
67620 
69090 
65820 
63650 
71750 
66820 
97660 
72610 
73080 
72910 
73500 
61980 
83730 
80000 
72320 
1107980 
73270 
53500 
47160 
55560 
52980 
53920 
49720 
51060 
58850 
56690 
49800 
95260 
86610 
71780 
62980 
58240 
58390 
43830 
43090 
59320 
54530 
50310 
47400 
50420 
52490 
53690 
48750 
55190 
48510 
48000 
50180 
26630 
48070 
54370 
57550 
51630 
60380 
58580 
75280 
1276240 
46810 
51140 
72120 
48330 
74690 
70670 
68580 
91210 
66290 
72910 
33520 
36180 
75540 
72780 
71860 
1634990 
65170 
68860 
73980 
72370 
68780 
34990 
69410 
65650 
64460 
36550 
77190 
74660 
69130 
37770 
64650 
55700 
49420 
64080 
57030 
48620 
50950 
61620 
61550 
48140 
49040 
96610 
121030 
61370 
61010 
50760 
50380 
51800 
52620 
53170 
45580 
45150 
56530 
50580 
63020 
44600 
48640 
54610 
53580 
52520 
52020 
49690 
50650 
46970 
53260 
53950 
56050 
58710 
56460 
58540 
52160 
54170 
64500 
79760 
66840 
69280 
93960 
73010 
64180 
71540 
72730 
64920 
70110 
72700 
72200 
75230 
64850 
70130 
74570 
74090 
70620 
66100 
70320 
80370 
94450 
70170 
68420 
80430 
68190 
73650 
54780 
56530 
45980 
26140 
29150 
59370 
53800 
54760 
57230 
52300 
92220 
113500 
39970 
63850 
67470 
59740 
31660 
60900 
51210 
30410 
56870 
54400 
53700 
46270 
52830 
27010 
52600 
52150 
54260 
27650 
53330 
28030 
52920 
50700 
54900 
52300 
62130 
64890 
53410 
48690 
54460 
114410 
82040 
74290 
63850 
70370 
615280 
68710 
66650 
67540 
95440 
71290 
34210 
72920 
67460 
70520 
89350 
66110 
70920 
66370 
128540 
67840 
69840 
70080 
35380 
70970 
68720 
68670 
70770 
121120 
58440 
56330 
52160 
31040 
49750 
47190 
53010 
55810 
58170 
52320 
49360 
84190 
68620 
58070 
51520 
53880 
53750 
51400 
51880 
53660 
50100 
53000 
49700 
29130 
56860 
28740 
30180 
55690 
58400 
26860 
56020 
52350 
55390 
1103430 
49230 
53850 
52540 
48560 
75280 
49630 
52830 
53490 
82350 
37670 
67970 
78240 
1117410 
87850 
68670 
39450 
103070 
70940 
72160 
76970 
64960 
72460 
36260 
68140 
73090 
93730 
31680 
81160 
61410 
69840 
37800 
70730 
69120 
68460 
70590 
59850 
53330 
56060 
50700 
53510 
57850 
54990 
67730 
72830 
51600 
88140 
84280 
98700 
64980 
51950 
54120 
53110 
51720 
52060 
46380 
50510 
53450 
54130 
58060 
40650 
78380 
27070 
54630 
53200 
53240 
46300 
54600 
54100 
55120 
26350 
52570 
54070 
54290 
29800 
54390 
29480 
55860 
1124590 
71120 
70690 
70980 
36000 
75210 
36830 
75870 
32770 
73480 
66120 
72210 
37330 
35660 
70200 
73590 
36490 
125030 
1112670 
69050 
35770 
65380 
70600 
72670 
33670 
65260 
75540 
97740 
30290 
50740 
53900 
57380 
25320 
57600 
54540 
52760 
58230 
58240 
101650 
52900 
34230 
32320 
61360 
58400 
51120 
24500 
55750 
52530 
51210 
1090870 
57100 
53440 
49860 
48840 
52180 
54080 
27980 
51060 
47200 
54640 
49650 
28550 
63720 
62240 
60230 
55940 
1093370 
55730 
52100 
30300 
1647440 
71220 
72110 
75930 
82120 
73940 
40030 
75290 
72040 
72340 
78770 
63460 
73400 
68480 
70330 
76250 
69200 
98340 
73380 
65890 
68510 
100800 
73060 
66020 
72480 
75770 
70360 
56660 
60870 
52530 
51980 
53000 
53720 
53690 
50340 
64530 
54330 
40670 
1492050 
73320 
63740 
61770 
53240 
56760 
55100 
98890 
54890 
53100 
51440 
58500 
53620 
53120 
49960 
76500 
51050 
55000 
52410 
61760 
46780 
52010 
50180 
26440 
57030 
50960 
27650 
63450 
47880 
64400 
29250 
40410 
35640 
78760 
73160 
63920 
1116680 
76250 
73620 
68700 
72440 
37730 
72560 
65670 
71190 
1105100 
32300 
67600 
67350 
36660 
74470 
36000 
76500 
68490 
39850 
79160 
62120 
70370 
1116220 
60540 
51400 
49080 
56370 
58350 
49050 
51400 
60520 
75640 
51550 
88190 
82090 
64780 
60230 
28730 
58470 
46180 
52180 
52270 
46040 
53880 
56350 
57510 
46190 
51730 
55890 
52350 
30680 
50410 
25860 
53360 
49470 
50980 
48460 
1100050 
29460 
49250 
50930 
64650 
52650 
26520 
48420 
85960 
77470 
60160 
68690 
78490 
89550 
68990 
36460 
76580 
97490 
69110 
75440 
72220 
67210 
71540 
63320 
78610 
67760 
36970 
73080 
67140 
73130 
37500 
62860 
70260 
71860 
73490 
60630 
49370 
56010 
52380 
51630 
30450 
25890 
56080 
76760 
32050 
55040 
47790 
79040 
1113020 
51620 
57250 
46910 
54210 
46570 
47940 
26710 
51760 
74810 
28940 
27300 
53320 
57990 
48620 
27030 
53010 
54730 
56150 
28590 
50490 
50510 
93070 
27640 
56590 
52290 
26080 
28760 
56980 
70600 
101770 
33960 
71000 
64660 
73810 
68000 
73300 
65810 
70160 
67360 
69180 
74560 
72410 
69960 
70930 
65680 
63880 
76360 
74580 
70370 
62690 
75610 
89790 
68000 
68990 
66370 
77810 
58150 
25580 
55630 
56490 
55420 
54690 
53910 
60140 
57160 
50280 
87970 
89100 
71470 
67680 
57400 
56190 
28870 
57370 
59250 
26760 
52720 
56930 
67100 
55030 
41070 
53130 
1090770 
52070 
27320 
71680 
83640 
55920 
46720 
55370 
56280 
23240 
29400 
56740 
52430 
74850 
51870 
53010 
83430 
76760 
85020 
68010 
38620 
71730 
34250 
72140 
65700 
36690 
1146690 
63630 
70690 
75470 
78660 
68200 
69320 
65070 
81300 
103450 
60890 
78800 
70430 
76900 
69670 
70950 
73590 
71310 
32940 
56720 
49750 
54380 
53130 
27660 
57130 
55560 
53080 
52430 
82140 
82600 
76170 
120200 
50250 
47980 
31450 
1641700 
47030 
27090 
55620 
60010 
49350 
77570 
30050 
55140 
71880 
57710 
44480 
58110 
50830 
54120 
47780 
51700 
57090 
60140 
59610 
58070 
57950 
56780 
56670 
53180 
80760 
1135850 
84620 
74240 
71800 
81590 
60310 
77480 
67470 
70270 
39530 
68020 
36510 
39090 
74580 
65050 
66870 
67860 
84960 
69860 
73390 
65590 
70550 
97830 
70160 
66970 
76340 
53820 
26210 
50990 
52670 
57700 
24940 
48720 
60270 
58010 
57940 
1142940 
89830 
71410 
69070 
29700 
53340 
52470 
57630 
82760 
46350 
27080 
55000 
57370 
48630 
50680 
62010 
53490 
42700 
52520 
56450 
55800 
43650 
48390 
51030 
52350 
76340 
51750 
53900 
54840 
52060 
29390 
26360 
84260 
73340 
68830 
69300 
70430 
69210 
72610 
71320 
67070 
74290 
68720 
1127900 
69750 
68320 
69380 
70590 
73040 
67580 
62430 
75870 
68180 
69030 
65460 
76740 
622600 
67180 
71530 
79290 
75020 
46130 
53520 
53720 
54250 
51520 
55970 
61720 
61850 
51750 
90570 
45320 
81120 
63090 
44080 
51100 
56110 
28950 
1083450 
55330 
49790 
52650 
75320 
51630 
50060 
56280 
53140 
49490 
48820 
58560 
58620 
49620 
26160 
56170 
51890 
53540 
29270 
55430 
58060 
78480 
50010 
51720 
80470 
74290 
64750 
73430 
77790 
66500 
66130 
77850 
67630 
65840 
1114090 
75940 
76820 
62300 
78020 
70800 
70820 
69430 
76420 
91070 
73110 
61240 
77970 
58160 
34810 
72950 
76540 
54190 
25560 
52410 
49020 
55480 
60280 
49260 
48050 
63650 
54990 
116000 
147300 
77760 
75120 
52410 
51270 
55410 
52470 
50050 
48770 
51300 
56820 
56330 
1588320 
51960 
52210 
29890 
47010 
54560 
28760 
52460 
115680 
28810 
28830 
53330 
54600 
72570 
28910 
51720 
59610 
56430 
57270 
44730 
67950 
62160 
78920 
61690 
76430 
77010 
71240 
65170 
67380 
74340 
33310 
67670 
74050 
73550 
1131250 
65150 
70600 
35340 
80870 
63900 
72250 
63460 
77760 
96690 
68880 
71650 
74750 
48690 
51490 
24610 
62860 
57800 
52790 
51630 
65480 
54940 
50670 
1162040 
84500 
68600 
62730 
1086890 
56340 
49350 
53460 
58720 
52510 
46680 
50760 
54870 
73120 
48680 
47200 
52480 
73350 
40210 
56990 
46970 
52440 
52410 
51770 
55340 
48240 
51300 
54530 
50790 
55170 
27790 
60840 
74330 
68960 
82360 
69450 
68500 
70060 
35920 
72530 
77600 
63650 
74370 
39060 
79850 
68290 
37720 
82830 
75500 
69170 
72950 
73250 
90490 
76080 
69140 
81090 
96790 
69610 
77130 
61420 
58650 
54490 
51970 
55220 
54420 
1086350 
30640 
54490 
52260 
83570 
85480 
76830 
61630 
55440 
26250 
53210 
52590 
50670 
75880 
54090 
46750 
51520 
52840 
50410 
53800 
49430 
51100 
53360 
47620 
59080 
47990 
1097390 
50730 
48290 
60630 
58400 
57220 
61290 
46740 
56680 
54360 
34650 
72330 
72560 
69580 
34490 
69490 
75900 
88430 
35570 
69640 
71640 
69050 
69650 
65710 
71330 
71690 
88160 
71380 
68200 
70020 
67930 
64830 
71860 
68210 
67660 
37760 
69490 
70530 
50460 
51920 
55030 
55890 
56680 
51410 
53010 
55260 
27630 
60500 
89970 
85770 
38100 
73710 
75170 
54050 
48670 
52050 
81070 
54600 
51090 
57460 
48620 
52160 
49360 
59270 
53100 
51770 
53520 
52770 
54110 
52890 
47200 
57850 
51790 
51680 
1104290 
45430 
52880 
49710 
56810 
47690 
76500 
65820 
80320 
55600 
67260 
66220 
69210 
71200 
71730 
77610 
62590 
66130 
71980 
69460 
76650 
73380 
61230 
66110 
75020 
73700 
62620 
64760 
80770 
80750 
73340 
1105250 
74210 
74460 
56620 
57020 
51610 
51070 
54970 
49360 
51850 
60280 
57680 
54320 
96160 
88060 
73000 
65850 
72540 
52730 
49300 
50810 
53650 
47220 
51820 
58140 
46740 
50140 
49640 
59850 
56280 
72280 
51040 
51560 
49220 
30370 
29100 
56680 
56040 
79880 
28320 
59750 
55170 
49890 
27540 
54040 
82080 
81030 
104230 
67700 
64780 
67310 
72830 
93070 
71910 
70180 
72970 
58960 
68070 
66480 
75420 
71570 
70470 
72820 
78110 
72400 
69730 
39510 
79010 
67820 
67580 
1119850 
73200 
64610 
54070 
55110 
58030 
47010 
49620 
50710 
58880 
54730 
52340 
91930 
1119120 
70610 
67770 
62210 
72840 
56050 
51580 
59010 
1089810 
51870 
53100 
48600 
50450 
51280 
49350 
50590 
52060 
75540 
51290 
54530 
54450 
53870 
49940 
53310 
55060 
55540 
55210 
59750 
51440 
52070 
53430 
81520 
69430 
67470 
79550 
32660 
72400 
65800 
38750 
103560 
70160 
73810 
36950 
91400 
69230 
68660 
37210 
100200 
65340 
65860 
39240 
67790 
77010 
66130 
39270 
70790 
69310 
65990 
73690 
49950 
49710 
26390 
30420 
59280 
58240 
30200 
57340 
54390 
56710 
50700 
85880 
63450 
58120 
58460 
26150 
53600 
51920 
49340 
53320 
49400 
51840 
53020 
50820 
53430 
47550 
30680 
52480 
50200 
56850 
25560 
48860 
51580 
47460 
29620 
54460 
50300 
1104060 
28310 
54530 
54580 
1091010 
86820 
68440 
70350 
1130270 
58270 
39180 
76910 
70410 
1109740 
68400 
71580 
36130 
88040 
71420 
69660 
76660 
68500 
67360 
37850 
71970 
67800 
72640 
65850 
37380 
71710 
81910 
1123840 
33570 
59190 
57510 
1091970 
54850 
29450 
53780 
65980 
43990 
54880 
95140 
89680 
1112170 
70330 
54830 
49280 
82040 
51250 
56200 
55390 
46970 
49730 
48510 
52070 
49950 
47030 
53190 
48280 
53550 
69200 
55970 
56270 
45610 
52050 
47950 
51190 
55100 
52930 
55160 
56520 
26530 
55970 
1131060 
64120 
75660 
37460 
76750 
71390 
63710 
72570 
68920 
66030 
71640 
38270 
79950 
68590 
35090 
66280 
