55750
26840
26230
25620
25990
26450
26570
25401
25610
23260
25290
26380
23891
25020
23990
28020
84220
75171
75880
73240
78870
73560
73361
77880
72570
72750
75340
74931
74250
72730
70440
75780
74641
73310
74360
72300
74640
71851
72040
80610
73290
76370
72081
71850
76570
75780
76910
72611
73410
78490
73540
69410
78831
75220
72500
73610
74550
76841
74090
72810
77540
72990
74971
72200
75380
74080
73980
74591
75440
73420
73110
73320
74421
72390
70770
76130
72620
70030
77550
72850
74110
73280
70600
76710
71710
72650
75750
72900
75230
71820
102070
90960
82700
77400
93840
72960
75170
77070
77700
72950
74960
76620
73610
71500
78360
74860
72170
76610
74140
121360
74150
73340
74610
73000
74450
76460
73430
76720
73660
75230
75180
74360
75030
74510
74740
71911
74600
75710
75880
74020
75151
75520
73780
74120
72000
76391
74230
75690
77830
72260
157571
75550
74850
76100
74310
79461
74970
75470
80260
75140
74421
73720
74560
76890
73920
71471
78230
74090
74910
73770
72211
77010
71670
74100
77960
73901
76120
76240
77800
74810
73201
77250
72970
82230
75010
71911
75930
72510
74730
76020
73721
73440
76150
76640
73940
72791
71370
76440
73320
73890
77891
72730
78860
76150
73650
75440
74550
72720
219510
75720
76440
73810
76200
72620
75380
76930
74950
68690
80690
75020
76380
75950
70810
89590
73900
73720
80670
71930
78010
74880
73280
74900
74530
73860
73700
72030
75500
73760
75990
73710
73800
77040
73610
72190
75020
73310
76670
73480
71570
75900
70720
73680
75570
73680
78540
71990
73570
76020
73551
75690
77510
79990
78050
77011
80690
78390
72980
87010
79911
76420
80270
79790
80520
78441
86660
95010
83910
76370
101641
81590
80070
78980
78230
81321
78860
79710
77500
86170
95681
82460
81370
77960
76870
82121
77660
75180
79820
79610
80091
78940
74980
93050
76960
78401
84140
76310
82160
76450
79171
79920
77610
83350
76680
154311
80160
80970
81590
77650
77601
84520
77420
75110
82730
77481
79110
77670
76190
81800
79391
78280
82030
75280
81050
84020
81470
81250
77400
83640
76440
79000
79540
78020
79180
77370
80950
80100
80120
74570
81840
81550
78970
78320
81120
81670
82200
77920
91220
87480
89800
77810
79450
77710
76910
84490
79450
78410
82520
78200
85450
77840
76770
81510
78670
74710
81520
228400
80850
79200
76880
95460
76230
77941
84100
77150
80080
78090
78541
80640
77990
79610
77720
77761
79910
77980
77550
77830
77041
82830
78960
74200
81710
81161
83330
77810
79050
80920
77041
79210
84530
75690
84610
77251
77640
78370
80670
87790
78391
76760
80890
78980
86440
78401
79200
79410
75930
75770
80481
83090
80270
79430
77230
79621
79600
78050
80010
77320
81431
79060
77220
80490
77170
81461
77740
77080
78920
78840
81511
77270
78350
79030
76860
76120
81270
80090
81080
79770
76270
90530
76810
79240
83600
77930
81490
81450
76740
81000
77290
79440
77300
78510
80350
78430
79930
78710
76320
81230
75950
74220
83850
79100
81750
77880
76830
81630
78610
76850
81210
75440
80620
76390
77820
79940
77960
82220
76510
227200
80550
76650
80700
76531
77700
77700
77620
80050
80651
80560
79000
77840
78250
82321
79530
80560
82440
76240
82381
82310
73740
84730
78240
80341
76170
81720
81810
78580
79611
76680
79400
79120
78920
76201
81440
78130
80580
78840
76651
93860
78450
67130
96870
73871
73980
73600
73360
74950
71181
74700
71500
70660
75170
73651
80260
73540
71510
73830
72281
74430
74870
72860
92130
73701
69990
76490
72160
73850
78001
71320
75560
72910
72840
75510
72670
76570
71150
72350
75590
72500
74240
72030
74510
73940
73920
71720
75040
73700
73310
72370
70430
74460
79420
73020
76800
71390
78670
73640
72280
73510
73160
74860
143080
81040
77310
75200
75400
86470
75610
74260
75690
71270
76600
80660
79090
78490
83650
85790
80340
77780
86240
77441
80330
79260
75980
75610
238591
80150
82470
78250
80820
77981
78910
80080
77720
80250
78191
75370
81890
78370
93640
80281
75340
84130
77780
74610
82021
76270
79070
76890
78040
80351
78010
81980
76710
77940
80481
77150
84360
79310
80710
80961
78530
78350
82500
77870
78661
79290
75550
84840
78800
77501
80340
75950
82920
76460
78771
78510
79140
79630
78840
77321
78780
82060
79400
80450
78691
79720
79320
76360
80200
80600
80560
75900
78980
76890
79170
75870
80830
76410
79310
79480
76720
80800
76800
80530
77910
83570
79670
78910
80790
78450
79490
82260
77670
74290
82630
80140
80260
79000
77490
83900
77000
76080
80920
79360
76760
81110
79620
80760
78010
81940
79760
77150
80600
76800
82100
77850
78620
78561
77030
153801
80480
78630
80521
77570
78220
80300
78670
76551
80840
78380
80640
78150
77421
78830
78410
80350
76740
79391
79520
79800
81360
79550
82701
79480
80770
74150
81590
78731
77890
80710
74890
82290
81351
76610
84880
76670
80430
77491
75160
79920
76930
81290
80831
76300
80450
76390
79800
78931
77460
80590
77450
74580
82971
78090
80070
77050
77340
83311
78060
78220
78890
226470
84541
77450
77670
80270
78550
82421
78790
78920
81000
78110
83370
76620
77330
79950
78190
77940
81130
79620
79990
78790
77710
81150
78340
75220
86260
78020
79590
78010
78020
78780
79930
79230
78680
76390
80530
78720
80370
86400
77490
78670
79700
73570
81970
80850
80810
78380
77720
81070
79860
78290
79270
80160
78700
78881
79470
79420
77620
78410
78691
78980
80140
78900
81910
79411
77470
79830
78660
76750
82001
78640
79150
77100
75960
80221
77730
79000
78790
76040
83631
78730
78240
80830
78540
81621
78870
77670
79610
78300
79641
74920
80170
79560
77080
74691
80610
76600
77990
77500
79481
81250
75570
77090
81190
78231
79120
75480
79270
81310
79391
79260
77930
75590
78990
77061
83060
88800
81750
79660
78711
76580
81210
78640
79210
233091
73510
84510
81090
77870
81490
76490
82290
80000
76020
81010
76590
79040
77990
75690
81970
77630
78000
78110
77530
79560
76280
75790
81480
76080
79750
75790
74290
83240
77160
77140
79860
78750
80870
78160
81000
79440
78080
80190
77270
76910
79170
75640
80320
77040
76710
78840
76220
74961
80410
78050
78040
76670
76871
83420
79310
77160
81410
75361
79580
76640
80440
78610
77921
81290
91330
75330
73010
71631
74760
85300
73210
74000
72311
69810
74790
73280
73860
74261
70330
76710
74420
72560
77211
72130
76010
75870
93600
78211
73440
75600
74290
70790
71811
76680
76220
73740
72520
74181
71130
70010
75750
70600
78681
72660
72980
75830
72100
71281
77760
69580
75920
72310
72230
74750
69000
86550
73070
72300
72920
72160
75610
71510
71720
73360
72860
72020
74640
75120
74000
72330
233360
75610
71560
75030
74210
78860
76610
72020
72510
75410
71560
78760
73740
71120
74530
72380
74440
71530
71830
75260
73470
70350
75470
74750
73970
77430
72560
73580
74440
72190
79010
71480
74820
73090
72220
73391
72450
75010
73110
69930
75721
72130
74060
72220
73020
77771
74280
69820
75920
73410
75911
73130
70720
77550
76750
74111
75560
70990
75560
73050
73751
73300
71850
80740
72510
72031
73870
72720
73570
70720
72051
74630
68580
74760
74180
74551
74990
73480
71180
75920
73351
73600
76800
72190
76370
72251
73750
73620
73460
75530
71801
71710
72940
74220
74120
71601
72860
75750
72000
72560
74001
75050
74630
73520
70480
75621
77110
73680
75190
70770
77330
74010
72100
73390
71490
76340
72520
70790
76580
73970
75260
71380
71340
73930
72920
70120
77470
74430
78600
83220
227641
82850
79890
79560
84790
75810
85180
77260
77790
82140
77750
81270
77330
78370
80100
82750
82570
83310
79640
79710
81200
78880
80480
79681
81880
77830
80750
82180
78520
80130
82570
79610
82190
81101
78470
80030
78010
82720
76661
78930
82260
78290
81930
73621
82100
80640
78880
76700
80291
80070
83130
79860
80860
81361
78840
77930
82940
75310
79721
78610
78290
79580
78240
78681
77370
77710
80560
79420
79621
79290
78040
82300
77790
75231
81770
80420
81950
79400
75911
82720
79010
78580
78260
78821
82720
76410
77280
80110
77171
80830
77380
77890
79040
77001
81080
80140
78520
79330
82431
77080
84800
79280
82610
79030
76820
81130
77060
80280
81500
77430
81220
77390
79800
80050
78330
78610
159450
77690
79040
79810
80080
76470
78070
92540
87450
78570
80190
81490
80690
79610
79770
85860
78680
81430
81130
76460
79250
78290
76280
81980
77350
80200
79420
76250
76700
81720
80560
78850
77930
82060
77300
76281
84330
76820
83240
77730
74831
82890
81990
77900
84430
77581
80700
77610
78400
92860
80661
80510
76260
76010
80340
83641
81790
78330
79930
79180
78231
76710
232481
91510
80980
81181
78960
80740
76990
78220
80061
81430
79330
76180
78160
80431
76830
80660
78700
77920
80951
79450
80340
75560
79480
82451
78190
81250
79150
79070
80231
78820
75030
80710
79570
76151
81940
76250
81270
77440
77160
80330
77190
80720
78970
86821
82280
79750
81750
81820
80210
80380
79440
75300
81760
81260
82480
72940
80680
83060
77480
78370
81810
75900
81800
76790
79120
80500
78430
76540
79940
78390
79030
79440
82870
80180
78530
80330
81180
76490
79810
91590
80430
77870
78610
80620
77750
79100
80710
77890
78040
77110
80090
79751
79800
86960
73830
75800
74781
72980
77190
73680
74780
74431
73550
73040
74870
72990
73461
71970
69960
77840
74360
75441
74640
71040
73690
73880
72651
74240
72470
72650
224430
72331
71990
72950
73990
72750
74401
78200
72450
72100
74720
73381
73490
72710
69990
76460
72231
71010
79630
70040
76410
70261
72730
75480
71810
75310
74141
70590
74170
72860
74940
76101
72500
71830
68870
75580
75691
80420
77140
73030
71630
74760
70840
72540
74480
72820
74920
72290
76000
77500
73100
73160
70470
70880
74180
72900
75900
71920
73500
73690
70990
69360
74310
76680
73450
72220
70940
77600
76410
72080
77100
72450
73700
79600
73770
74740
71300
73930
73310
72870
73900
73830
77210
72630
71761
74310
71680
69850
74630
72631
74440
70540
71000
76170
70531
71130
76810
67890
77080
71321
71960
73280
71310
73020
74341
70520
75080
70490
73310
74281
73830
73940
71580
69280
78771
71960
76990
71690
75880
74261
70210
70790
76670
72050
73741
70320
73480
73140
72240
74741
226660
72180
74710
74260
75261
71990
78390
74130
73510
69341
74640
73770
73860
75650
71371
76230
71690
70450
76200
68760
80530
72220
71200
73300
70020
74820
72060
73160
75450
71930
75160
73840
71810
73990
73060
69260
75320
75560
75060
79060
70360
76770
72400
70520
77590
68940
74410
74310
73230
73580
72120
77570
73150
72190
74930
73020
74780
70620
71280
74850
71300
70410
74390
72990
75480
71170
72740
72900
73080
72540
75730
70400
73930
70680
73120
76030
73070
75211
71780
68020
75280
74310
77481
71790
72390
72610
72110
69781
75920
73810
73390
72200
69671
74390
71990
71950
78030
71071
77000
71370
72360
71590
71961
73780
69900
69990
74960
70531
74090
71310
71070
76200
71121
70460
76160
72990
73950
70651
70490
75030
72150
74450
75101
69040
73750
69440
74010
73101
72950
78040
71230
228700
76681
73720
75860
72180
71370
78120
73540
70730
75450
75250
74760
74750
72530
78680
73930
71250
75120
70630
78450
74110
72370
73920
69240
82230
72010
71260
73450
72950
75890
71450
73880
75110
73070
68910
74610
98280
80650
74120
70520
74110
93060
78090
77660
72860
75110
74220
74450
75080
85310
90600
76370
73130
79300
74341
74740
73570
73530
73690
73071
71980
75980
73690
75930
73101
69970
76260
72120
71890
79161
72380
78750
74570
73500
76961
75180
76310
72250
74450
74911
73020
76370
70160
69900
76851
72860
70180
74310
73670
74781
71060
75980
75100
71110
73151
76040
72680
75460
71580
73101
75480
74020
76630
72370
75661
74570
74660
75280
72370
74171
75850
74270
71340
76640
77731
76960
72860
72500
75310
72370
73360
79080
73270
79530
73470
73230
228381
75950
75940
73570
71840
75880
72110
76970
74540
71860
76270
74140
70460
76410
74090
74850
74090
72620
76890
71720
74990
78600
73650
77740
74740
74780
75750
73400
77240
72860
74370
78460
73110
76290
71860
72400
77720
73470
71690
76360
74080
75580
72020
71950
78060
74810
74261
77460
75230
75890
75980
74581
74510
74090
75570
72120
72101
74120
74200
73530
74550
73721
75270
73160
71410
75630
78571
75190
74630
70420
78100
73941
73990
78400
71130
75360
73531
72110
73760
71650
79140
74441
71890
76280
74220
74440
71501
73320
75090
70590
69610
77151
74020
75330
71080
73280
75951
79710
73250
76660
79650
77481
72810
73460
76920
73820
76651
73290
73340
75540
72970
73931
70510
72310
81170
74250
71750
74860
72520
75600
71680
71820
74530
73900
72210
76090
72050
229670
70690
72850
73710
73260
79070
72820
72470
75220
74630
73910
73670
75350
75980
