51220
15037460
11885590
22910
15038950
11934390
24440
2882860
11990840
22410
22670
12060650
21580
22730
12098210
22320
71860
12185250
67200
69880
12229330
15087560
14982270
12281020
15072850
14987640
27318120
2937850
66630
12364950
66490
69710
12399690
68240
15079170
12447590
68470
67900
12483690
68700
15078450
12535820
15083040
14971660
12616980
15098110
14992230
12641720
15097230
14982380
12675240
15080790
29979310
2969170
66860
67090
12759770
81550
70710
12787550
15082100
30014940
2952470
15085980
14979300
12881500
67260
15073850
12930290
69720
15080220
12979340
67850
72280
13019530
67230
66970
13068120
68390
67080
13110660
67760
15073330
13166470
68500
71150
13207240
70540
3011380
13255350
73950
67740
13311830
144360
71870
13355340
15080780
29975120
3024440
66710
3038340
13441600
70660
67260
13495790
69570
15075270
13561080
85460
15096710
13612200
93220
84980
13662910
67290
3045410
13689680
71060
3063530
13743800
70880
3028170
13776170
70260
77540
13828460
71390
66010
13876010
71230
67640
13921540
70290
67790
13985690
66820
3058510
14023150
68920
15092740
14073970
71000
69090
14118940
68470
67570
73050
73790
15073490
14216020
15077390
14989080
14263860
72260
68210
14326220
217390
15068470
14358040
63080
62650
14409260
63560
62100
65770
64470
64890
74160
68760
69400
68830
93180
15099430
14627410
15087170
3018600
14679260
74620
68150
14699690
67110
3141550
14753550
70270
67640
14801560
67850
68110
14861740
69420
3091700
14909160
70790
3081830
14965500
70510
66860
15015590
68120
3085850
15069020
70400
66260
15065940
10127520
3093960
15092710
10175620
69120
70310
70050
3060890
3061460
68770
70760
3061830
70140
72840
3057680
69830
71140
3082820
74710
70220
3050980
69150
72740
3050010
68640
69250
3064110
71500
90680
3047960
70240
91050
3066500
69610
71750
3085150
72030
71420
3032630
68160
69520
2995950
67060
73420
3022860
71310
70260
2998340
72650
71630
2995270
67710
73770
2998320
70230
73230
3023460
70000
73960
3021200
68080
143760
2988870
11166660
68980
2988020
11211740
67030
2989800
68670
70650
2986330
11311650
69980
2985380
69060
69980
15093220
11401520
68590
3002840
69520
67900
15073460
11500710
69660
15076600
11550140
69900
2975700
70760
91560
2967100
11658260
68160
2966950
11702390
69170
2996120
11746790
70780
2980980
66530
76090
2965300
11845180
2965240
2959530
60930
68490
15073220
11935270
68090
2949790
11998560
68960
2951820
12074080
15067320
29980380
2821840
66190
63400
60410
214410
65470
12209580
67240
15067420
12252040
15061700
14971130
131420
68010
62130
201710
74380
67690
255710
68950
60860
277170
74000
15069270
12462870
15065260
14971740
404560
69490
15066870
12606480
15090920
14971800
482850
68480
62490
12675440
63060
65710
12707110
62060
61910
12749920
66350
65480
12789550
15076050
29976020
2883020
15067150
29979040
2915110
15064280
29989210
2916850
15066240
29982650
2902380
61970
15068630
13004900
15064940
14986270
28055040
2925280
64520
13088430
15067190
14984840
28138900
2946300
15074280
28186150
2948250
61050
13220970
15065790
29985530
2973430
62280
15069580
28304650
2986180
15080930
28348620
2994190
61660
13381110
15076040
29971900
3011560
65790
63850
13466710
15065330
14987470
13517260
65960
15067130
13564410
85000
15098420
28623430
3036770
81610
13662030
67330
15067060
13682350
15091000
14974860
28752360
3084750
15072250
13784010
15061040
14994560
13834660
15064420
29985100
3086650
15069480
14987730
28917110
3103590
15087670
28959030
3112710
64750
13997870
15075630
14957280
2185250
74320
15068020
29088060
3167180
63160
14133660
62750
15065990
29175900
3186350
15077790
29218090
3209390
60630
14264630
67090
64160
14298750
15055530
3234500
14343630
66190
63010
14379650
15042630
3281180
14429310
64020
63480
14477120
64280
65280
14510370
62950
15079700
29563940
3249070
84240
14623440
15065040
3285360
14675740
67060
15068140
29687570
3289280
15074520
14721510
62050
61160
3122180
70430
66340
14834090
67970
15085920
14860450
15050950
3393720
14898100
63910
15061790
14950920
15047530
3397600
14981500
15032260
3408690
15028330
64280
60720
15076850
15049550
3420830
15074920
25138260
3449750
15066080
10195390
15069200
14982200
10236860
15070770
29990580
3398590
15073690
29988410
3413890
60560
15073350
25359610
3454080
15072310
10406310
64230
15072410
10451000
61840
15074850
25487840
3503380
15070750
10530240
66360
15111030
10608530
15091850
14991440
10655010
63580
15074610
10676770
63380
15080690
10722590
64300
15069570
10772550
64010
15075860
10823720
63060
15071390
10866940
63880
15073640
10917340
62280
15066650
10962550
62350
15070240
11009070
63840
15081940
11051860
66260
15069390
11102960
63620
15066730
11158140
3650800
15082590
11199610
15061660
14996060
11245260
68330
15089450
11301270
69990
15233620
11351290
64750
15097100
11372840
63390
15068730
11415770
15068830
29987380
3582270
15071200
29988880
3617470
15077980
29991980
3613730
62060
15071570
26602540
3630710
15093450
11657100
15053410
29985160
3621720
15079160
14981050
26712640
3661440
15065620
11769240
15063420
14987550
11812400
15061930
14989030
26845910
3682740
15074860
11908460
60300
15075250
11948030
67480
15079060
11992210
69050
15068680
27073030
3724240
15070490
12121800
63710
15068760
12164460
63690
61530
12207330
63990
61880
12256410
15069080
29981690
3743420
15067130
15001610
12329560
15071370
29976410
3762280
60360
63370
12410180
65850
15066520
27465900
3767500
15075630
27490910
3790880
15071220
27538460
3791310
15073040
27577400
3791300
15101590
12655910
15063740
14962080
12673510
15065590
29988080
3825510
15066060
14998610
27760610
3856090
60190
12802180
63550
15065340
27836120
3867330
15076070
27875180
3874080
15092420
12925640
66530
15074700
12966920
79340
66690
13010780
64730
60080
13047850
66620
61850
13094010
63420
15068000
28132910
3944940
15075210
28174160
3941160
15073530
13304260
68740
63990
13264500
15062880
14989080
28306550
3999120
59750
13350070
15059670
14989930
28392070
3992600
60140
13444110
65860
63090
13489380
63450
59220
13528880
68590
62690
13596640
92980
85800
13641300
82240
15087050
28650450
4054810
63330
13702460
63680
15069300
13747530
15047420
4103950
13788680
65850
60050
13838370
66470
63660
13873340
15052960
4140950
13920110
67390
61340
13960600
67630
60680
14004500
65290
15068110
14053950
15047770
4185500
14091390
64100
57700
14139210
15048950
4247940
14177620
212030
61870
14235330
69230
61430
14262770
68720
15073840
14315940
64100
61320
14351850
66430
15076720
29388570
4247830
15073990
29434010
4245930
63070
14477150
15053440
4276900
14523220
15045610
4301410
14561490
89360
83770
14631570
86980
77130
14657220
64660
64210
14695610
64160
15080450
14737970
15048980
4339730
14781910
63510
15070650
14835360
66760
61570
14867920
66300
15075050
29913170
4350560
59570
14957210
65840
63910
15001180
64610
59750
15046430
15050020
4429820
15072020
15057750
4409310
15078290
25138730
4443620
15079780
10203400
63200
15080220
25220180
4446920
15082650
10267230
64160
15075140
10307290
59680
15070360
25350040
4461900
15078500
25383490
4478460
15079510
10436590
15071540
29984120
4466300
60450
15078990
25520820
4517710
15079240
10574550
15104560
14987300
10641120
78080
4571560
184930
73460
4593810
10727940
67650
4587740
10783350
67790
4589820
349940
77950
4584410
10882690
15078050
15011910
25923740
4622380
4584830
470630
71220
4581660
530340
73280
4584990
11074480
69080
4603220
11276310
69340
4599570
11170900
15076030
14997380
11222180
62100
4573220
11269860
68510
4607920
11313050
66460
69400
11369760
67460
67730
11413340
68560
69130
11469080
4578530
4538310
11534960
4545910
4528350
11574430
4532740
4542890
11642050
4524230
4492070
11673640
4545340
4508120
11725710
4505000
4497350
16238300
4497600
4488680
11831460
4485500
4490370
16290380
68750
4492260
11928260
4499120
4490900
11977160
4495300
4522050
1431240
69810
15075130
12108860
15074590
14999420
12159000
15068770
14995360
12208690
15075820
14990710
12281850
61720
15083390
12297070
67760
68920
70580
70700
15076960
12392530
66600
67400
69350
72400
66610
12485810
68330
4446670
12533600
72060
4449610
12609280
98510
89450
12654730
67670
15090520
12688580
67280
4474530
12728770
66390
68560
12774730
72280
69540
12824170
70800
68960
12878010
15061980
15011720
12925120
15067060
15005690
12973130
67000
4487010
13019190
66610
4457250
13062500
69850
67440
13110340
70720
15077080
13156560
71910
15077050
13205990
69510
15080460
13269200
72100
219760
13297840
67580
4544200
13350590
71490
4540180
13392490
68270
70670
13443590
70030
64580
13489070
74650
68510
13539720
73800
15079880
28600170
4546720
15096630
28644190
4514870
15072520
28675130
4535850
15081200
28709790
4562670
15077910
13770190
76870
15076130
13813620
72120
70150
13869610
15020520
63950
13939040
4560380
67120
13957240
15023590
62250
14002980
4557220
67550
14043150
4585200
68440
14086730
4626290
65510
14121780
15025730
65280
14167430
4586170
64910
14206360
4587910
62810
14248510
4596270
64580
3835500
72800
4663210
3899240
69930
15087530
18927980
70160
15087220
18974650
69150
15089100
19045510
15046210
4598170
4108010
68590
15078740
14540000
15042440
4640100
4186590
91000
15098260
14622670
77650
15072950
14664870
63530
63830
14705540
15044180
4645720
4382770
65900
60730
14792310
63630
60710
14835250
15044280
4668300
4534820
64660
15080350
29914940
4667150
15077650
14967860
66630
15077020
14981740
66850
15076090
29982930
4714580
59790
4833350
67940
61180
4796520
10158640
59240
4790110
10214270
63330
4810260
10257860
63190
4817040
10305790
61830
4814170
10349860
15077200
14986930
25380140
4777020
4838320
190130
242160
4874300
242810
63280
4849160
10511400
15074740
14963690
374160
84800
4873280
10623980
84020
4881360
15459670
64310
15070380
10699480
4889000
4905980
536030
70200
4898610
10790060
15089470
19781000
10176430
15080140
19788580
10171900
4884130
4876310
10941060
4915160
15077470
15804370
66180
4884020
875790
69290
75770
30027630
25194570
4754010
25222550
29983560
4762050
25229680
15213000
4853650
10183750
15072580
15328690
14827410
58440
189410
139790
70010
171820
11397610
15067180
15001730
11452350
15072210
29983170
4798430
15076200
29982350
4801190
15070100
30004560
4825210
86400
15102210
11633060
79550
4934450
11664030
15075470
29979730
4826530
15069050
15004800
11755310
15071420
29984390
4854750
59490
4940680
11835400
15069730
29979580
4874070
64380
4922170
11924510
68140
4923220
11971070
15063150
29980290
4878330
59750
4970490
12095120
15072930
14992530
12129720
15067910
14995320
27193190
29949980
59010
12219030
64560
61830
12263370
62570
15073080
27323070
29947710
63390
12347350
61650
15078750
12410210
15070120
14988920
27434170
4831450
15083130
12487810
63790
15074130
12628630
15074900
29962810
4803920
85780
15095910
12639730
15036400
4847040
12663790
63180
59070
12707040
15050460
4886160
12749960
15047240
4897510
12798140
63670
60890
12830650
64750
59390
12878510
65660
58690
12917060
15120040
24971630
4897010
62370
60600
13001940
67210
62670
13039060
62120
15075590
28099610
29946340
59790
28139390
14931320
56900
13169230
65170
15076130
13205620
15060900
14969970
13251510
15040810
14989820
13289620
15038990
14973510
13329050
15046020
14989620
13378530
15066880
14991610
13414460
15066300
29988090
14940510
61930
15075450
13510900
231430
61120
13562900
65410
15098680
13625040
82880
15096620
28648910
14944830
15047010
28733530
153420
71430
9958490
75490
15084550
28813280
14928850
57190
13844440
15077990
14986680
13893020
15046180
14992690
13940040
61570
15076820
29028400
14937310
59610
14057800
15047320
14984760
14102210
15047400
14990040
14145930
15060700
14998040
14198440
15077450
14979780
14235880
15063010
15003160
14282010
64520
15075200
14332170
62530
15078930
14392660
64540
59370
14428820
67640
15080250
14483310
64670
15074230
14542670
65610
62300
14608170
15067850
14993030
14657660
64120
62610
14685620
62240
15080180
29738770
14940490
15051090
29783850
14947330
15060700
29836020
14945650
15045890
14894230
15079930
29997700
14925000
56810
61080
14952150
63740
15076710
29974060
14947940
59470
15055910
64110
15075780
29977040
14942220
15056530
14980970
10205010
15072790
29979690
14940240
15051780
29979300
14939480
15052640
14987150
10333030
15077380
29987980
14939230
15058480
29981950
14917980
15051490
14983610
10477110
64240
15071230
25541380
14986810
14971690
25617140
29971960
14931220
59470
77720
15039420
10682900
15076190
29976540
14946030
15052480
14999150
10764680
15240890
29841630
14922200
59660
15042460
10868950
15078430
29983270
14941150
59820
15075380
10967830
15079000
14987650
11012670
15077180
29975410
14947090
60600
15051100
11111770
15077080
29980860
14945090
60870
15041300
11180370
59090
15088360
26305410
15215590
14861630
24973720
29948320
68200
26320800
15052320
29947550
65660
15054700
29956090
15042100
29950080
66360
26454150
65640
15051510
26496080
85060
15054120
26547410
83630
15063960
26614310
65010
15045560
26683710
15051200
29942380
64470
15055490
29955520
65840
15054150
29962960
15038930
29955810
68110
71884430
45890
14933130
39950
14955200
29948450
65230
15051320
29975280
69320
15047830
45004830
29955550
43190
29973800
14942780
14986670
65250
27157410
14961790
15007540
27199460
14957050
15008920
27226070
14945020
64730
12267060
15071640
14962310
12317010
67270
65900
65870
80410
69410
12398460
72630
66520
12436350
70210
68110
12478350
67540
65680
12524700
69520
68640
12568580
87910
88320
12630020
92010
82160
12651520
71370
68140
12709170
71620
15046370
12753320
71500
66600
12792710
67930
65600
12834490
72960
67110
12878770
69910
69970
12934190
70760
67150
12971160
69940
15091420
28008440
14934600
60690
13052210
68930
67270
13101010
69190
64420
13292610
72070
68020
13181920
68090
70160
13232820
73630
15081620
13281910
71810
65430
13337750
71030
68890
13378560
71520
66990
13426570
71100
65730
13471950
72860
72210
13523100
70610
71160
13599970
92890
86030
13640400
96970
87350
13671570
68940
66780
13714910
69380
69120
13763160
71250
68630
13811630
71420
70040
13864470
71460
71070
13915620
73630
66420
13957000
73620
68110
14016270
69520
68510
14056810
69880
67750
14100990
71410
66510
14151460
72100
69860
14195790
68470
69280
14257770
71450
65670
14291740
75340
67770
14344730
69480
66310
14387400
69710
70340
14437380
70520
67250
14483000
73440
71560
14528970
70880
71270
14601430
95360
89150
14652780
71030
68840
14690650
70390
65220
14734480
69810
69700
14790450
76250
64800
14843880
71640
69630
14878910
69970
69870
14941760
73590
67870
14989550
75530
66200
15035190
70740
65930
15068300
68410
68610
15084230
10155420
71460
15087780
10199210
70980
15015580
10342690
71460
15034820
10248610
66800
15041180
10287670
65700
15030290
10328560
66010
15042770
10368940
70860
15031920
10438600
65050
15054460
10495240
69490
15051350
10490880
67250
15094490
10567120
66190
15048750
10577000
92380
15069800
10639440
67350
15053990
10685250
69460
15050620
10695510
66070
15049050
10767690
68950
15051290
10782730
69990
15058250
10819070
69690
15050740
10888720
68980
15046890
10930880
67350
15052620
10973220
70770
15049180
10989930
66830
15043020
11087220
73550
15050860
11082220
69770
15052900
11164680
67690
15060390
11212270
68160
15057720
11224830
68400
15061500
11266790
69570
15050650
11345090
67910
15053300
11355790
71070
15053050
11396530
68260
15068130
11434390
67150
15053900
11476110
66720
15044090
11513400
68460
15055170
11557280
91180
15066010
11613490
88650
15031330
11643920
66250
15054850
11681760
70160
15055840
11723620
69520
15061180
11760710
70050
69900
11802530
70810
74310
11848640
69690
71790
11897410
70270
75890
11961450
72320
67740
11992740
74700
67070
12041820
73930
225070
12100040
70500
69530
71750
68300
68050
69030
76880
69690
69830
70950
68180
70370
76160
15084440
12329100
15076910
14988020
27361770
14988580
15019780
12429250
69000
67360
12438570
70160
66690
