88220 
1111060 
81800 
53190 
41370 
51570 
58250 
45330 
43510 
54440 
49920 
47120 
43760 
55310 
68750 
45020 
47620 
50860 
46130 
43280 
21180 
55530 
49710 
42400 
21310 
53250 
48440 
47400 
59740 
48340 
47150 
41790 
47510 
50010 
45790 
44670 
45000 
53450 
47830 
40630 
42720 
49390 
51470 
44150 
42980 
49020 
48050 
44210 
46170 
51900 
44090 
43900 
43150 
54970 
49670 
45890 
49370 
47730 
56030 
43990 
46590 
49980 
44620 
50890 
45880 
45180 
43380 
48660 
45710 
51980 
45500 
40870 
43170 
26760 
27570 
47090 
47360 
51600 
69180 
48430 
43630 
50960 
49210 
40970 
48070 
61120 
46050 
51960 
46160 
53520 
45770 
40380 
44600 
49770 
50780 
40310 
44820 
43060 
45880 
52930 
49040 
40440 
41140 
48750 
48390 
51890 
46200 
39280 
32600 
50480 
49930 
51470 
46640 
48760 
46110 
45200 
23260 
47590 
42450 
52160 
52470 
48340 
43660 
47060 
50450 
46280 
53510 
42380 
43680 
51470 
46480 
53410 
48350 
41330 
47380 
40020 
46720 
47760 
53450 
47490 
44260 
44240 
23660 
48470 
45410 
42520 
50220 
50770 
45410 
43020 
46820 
54210 
50830 
46420 
19590 
51430 
50140 
47310 
22700 
49610 
43810 
47040 
26030 
57530 
45060 
45070 
22100 
53340 
49330 
21100 
57630 
50380 
50330 
22810 
43980 
47640 
51190 
22950 
48750 
50590 
47210 
21070 
45360 
51990 
46270 
22030 
45580 
49320 
50980 
22600 
45010 
25720 
25320 
26250 
24190 
26360 
23850 
59090 
24200 
50650 
46590 
39610 
21480 
51900 
52530 
52250 
46560 
47380 
48250 
45010 
24100 
24460 
46680 
51160 
51640 
51470 
44040 
41500 
23290 
27330 
25580 
47820 
45110 
22990 
25140 
54060 
52130 
44790 
47190 
43130 
24930 
23910 
45940 
56730 
49140 
50120 
47230 
37540 
23470 
89550 
49880 
51340 
46740 
46870 
43630 
42190 
23980 
41970 
44560 
50730 
51910 
42320 
43120 
50050 
47690 
51050 
51350 
37050 
23840 
45010 
45090 
58310 
49440 
40890 
53340 
47670 
26220 
49100 
46440 
48850 
47610 
49570 
47310 
40910 
21760 
23880 
24830 
70550 
50350 
42100 
46430 
46190 
26000 
26470 
22330 
47380 
48980 
60500 
49520 
46300 
47580 
46190 
50140 
22760 
23140 
24940 
23720 
52660 
50990 
46690 
46140 
20680 
51720 
26860 
23170 
44300 
50940 
52000 
52490 
22840 
46430 
27180 
22950 
55530 
48290 
25100 
49540 
20500 
49210 
30560 
24800 
49130 
55410 
27890 
63180 
51990 
22430 
27080 
26500 
55390 
46770 
55250 
46080 
42660 
25000 
27090 
24310 
62040 
21440 
28790 
30930 
58280 
48840 
44720 
51260 
57980 
47830 
46370 
43260 
51070 
26460 
23520 
28680 
57200 
23160 
51370 
54900 
40330 
23390 
24370 
50170 
51680 
47780 
49370 
47080 
52200 
24280 
51290 
45270 
65190 
55000 
45370 
45110 
44460 
23210 
51700 
47600 
47860 
44530 
43280 
46740 
57590 
26220 
44580 
47720 
51980 
49090 
47150 
43390 
42780 
23500 
52430 
47280 
44430 
45150 
21800 
27120 
48040 
47070 
49400 
48180 
46290 
23590 
24880 
21540 
53520 
23330 
56380 
47530 
40330 
21940 
26660 
26410 
53430 
44820 
24050 
22790 
55440 
50250 
46650 
46740 
22260 
51400 
23600 
22720 
51750 
53240 
53090 
58210 
21220 
45480 
22530 
25960 
57560 
47350 
26260 
25030 
53810 
55700 
23960 
24970 
17780 
24030 
25530 
24670 
54200 
47060 
22910 
50190 
47800 
47210 
48410 
44590 
42510 
24780 
22640 
23750 
52770 
22520 
50570 
47780 
39560 
22190 
27800 
27690 
54850 
46710 
43280 
45050 
44420 
22800 
28100 
98360 
52720 
53080 
45940 
43790 
42280 
20850 
26610 
48360 
48210 
47600 
45550 
48770 
46090 
23570 
46800 
49260 
51000 
47440 
46290 
42840 
47150 
46570 
51250 
48540 
40200 
42630 
49470 
47840 
48540 
45810 
47490 
46900 
47170 
47480 
47950 
43340 
47450 
21900 
56050 
45360 
40460 
26920 
53020 
48320 
47540 
45410 
44860 
46810 
50130 
48330 
44530 
55100 
41640 
25800 
46170 
50440 
51740 
47360 
52730 
56030 
41820 
23580 
47870 
49410 
53220 
49380 
44980 
38850 
53610 
49110 
46890 
44660 
37740 
44440 
47470 
45390 
48590 
47140 
49220 
52340 
38390 
43700 
44440 
45540 
54990 
53310 
45730 
43780 
40300 
53640 
43810 
44250 
52940 
50500 
47560 
47030 
52630 
48310 
48310 
47580 
45870 
44720 
46260 
44680 
50540 
52220 
45280 
44350 
41490 
43220 
50650 
49220 
49710 
49960 
46110 
50210 
45970 
43130 
46230 
48430 
50430 
53520 
49000 
48340 
40970 
45760 
51900 
46470 
43840 
49040 
46190 
56210 
45880 
43970 
25170 
94330 
50180 
46810 
22960 
45690 
46140 
50310 
55960 
46040 
42530 
44840 
68680 
51600 
47860 
46320 
46910 
47190 
43890 
44220 
25530 
24700 
50450 
53140 
47260 
47380 
43900 
45910 
28840 
48930 
48230 
47700 
45320 
51480 
42490 
45070 
45820 
42370 
53130 
52080 
42260 
43220 
50030 
48140 
51060 
66010 
52720 
49350 
43190 
49450 
50810 
45820 
48820 
44710 
46610 
25080 
47560 
42640 
50500 
47410 
53200 
47810 
47670 
66960 
48000 
50940 
54410 
46200 
42250 
44430 
52670 
48880 
46220 
47740 
45170 
43520 
48960 
46170 
47370 
45720 
53110 
49410 
48980 
48310 
47390 
50390 
42890 
44000 
44880 
45960 
55070 
59720 
44450 
48270 
46240 
47390 
53400 
19270 
50100 
52710 
53170 
47440 
53020 
42000 
76270 
21420 
50160 
56850 
45130 
41890 
48930 
52070 
45460 
50680 
48380 
50860 
46330 
74140 
53030 
1463300 
48540 
43420 
57150 
21170 
52570 
1088320 
68360 
23190 
49710 
55510 
51060 
25240 
53490 
47880 
44600 
21320 
49540 
54180 
51200 
45990 
47470 
44820 
53370 
52860 
47690 
50920 
54140 
49280 
49920 
51980 
46910 
47260 
44980 
58760 
51560 
44560 
46550 
40260 
1092360 
69690 
48830 
40540 
49370 
53010 
53250 
40070 
48210 
46380 
48640 
49540 
50310 
43850 
47440 
40530 
52900 
47720 
43210 
43430 
76390 
58800 
47380 
44170 
49750 
45970 
49380 
45060 
49960 
46410 
42930 
46920 
52080 
46440 
47360 
48150 
25340 
50620 
49610 
46050 
50510 
51290 
46290 
48060 
46710 
49600 
49630 
52200 
48630 
51270 
42630 
43540 
51730 
46050 
46470 
47370 
51730 
53650 
44620 
45010 
46400 
44830 
53180 
88200 
55670 
45640 
46070 
45320 
50730 
50090 
47500 
41780 
22910 
29500 
50360 
44880 
50070 
47630 
44150 
24140 
25370 
23640 
51830 
43280 
52710 
48610 
39170 
45100 
54820 
48480 
51760 
44800 
49450 
46380 
42140 
46150 
45360 
45280 
50380 
54350 
48770 
45580 
40300 
48330 
51010 
49640 
49800 
48400 
45890 
49320 
46270 
44520 
50220 
47070 
51630 
49820 
44430 
45840 
50380 
48380 
48070 
47490 
41270 
67800 
22680 
55470 
49530 
41740 
22910 
49050 
51780 
41550 
27410 
50330 
48140 
50370 
25680 
50580 
46190 
40780 
25560 
53880 
51440 
38200 
21720 
51290 
55860 
42300 
53320 
49830 
51440 
43560 
44170 
50370 
47600 
42940 
1094310 
69480 
48220 
39640 
53010 
54040 
49440 
18860 
49630 
1087120 
51240 
47640 
44990 
1089250 
46240 
47600 
49280 
49370 
42800 
44730 
44640 
50440 
46370 
44670 
46100 
45030 
48970 
46300 
45280 
46650 
45200 
48840 
47730 
44860 
43160 
45370 
48150 
48980 
46300 
46110 
49080 
44830 
49930 
45850 
56220 
53060 
48310 
49680 
47160 
48700 
46450 
42510 
49870 
55470 
47790 
43070 
44760 
60960 
52020 
42160 
21560 
49500 
56170 
45890 
46310 
49260 
49320 
43920 
48000 
55230 
49030 
42260 
21860 
54040 
47100 
41120 
21360 
52290 
51400 
40830 
57820 
46800 
50760 
47760 
45420 
55030 
45060 
41970 
47150 
51600 
48330 
41870 
44250 
46830 
53490 
54520 
47700 
47310 
47900 
48220 
46310 
45510 
45320 
53480 
53600 
44370 
45630 
52400 
50010 
46960 
49400 
50510 
47710 
43870 
47230 
53330 
48560 
39970 
46600 
50100 
53960 
42870 
42870 
71660 
50920 
48090 
48710 
47360 
46510 
40910 
52090 
49960 
46410 
39900 
48410 
53990 
49790 
44230 
51320 
49900 
53830 
51920 
26070 
62700 
62550 
46790 
47730 
52340 
49450 
48340 
45360 
60000 
50000 
41430 
22260 
50400 
56080 
44330 
23800 
51850 
48020 
44360 
23650 
52960 
46360 
20670 
25550 
52490 
49150 
20770 
45820 
51700 
52340 
20860 
44820 
25010 
21950 
54200 
50520 
47340 
46660 
20890 
1096410 
72160 
48360 
19280 
55220 
51440 
47760 
18600 
48710 
49300 
25590 
42020 
62400 
47790 
24670 
19210 
28690 
26440 
23880 
20810 
26440 
55120 
24090 
42790 
54100 
47990 
25020 
46930 
51450 
53820 
21000 
23590 
27890 
25000 
47960 
51110 
25550 
27110 
21240 
23770 
24890 
24020 
49640 
49110 
46280 
46320 
38770 
27080 
25020 
20740 
51440 
46520 
26320 
46710 
38730 
23530 
22480 
36120 
60020 
46630 
22950 
23290 
53410 
51350 
22140 
45580 
56610 
51090 
25510 
45710 
47480 
46460 
88290 
49910 
49920 
46110 
46610 
49820 
55160 
49180 
42690 
46320 
52010 
52280 
45810 
49110 
48590 
46750 
48700 
49970 
42820 
21970 
51050 
45090 
52320 
46600 
43500 
45620 
50360 
51860 
45460 
42140 
41020 
25200 
28070 
25490 
47160 
43780 
46400 
48970 
45470 
22520 
26340 
25150 
50150 
47760 
51420 
49590 
43710 
49120 
50150 
54110 
51470 
47490 
46000 
56320 
50710 
41820 
43250 
46520 
56850 
38990 
43230 
49540 
47930 
47970 
47720 
49260 
48150 
40100 
49420 
54130 
50590 
39330 
45670 
50560 
52500 
41880 
44990 
49290 
48790 
45560 
49140 
46520 
45580 
40290 
27220 
71280 
47740 
39410 
48900 
49570 
48930 
18600 
47730 
46130 
56560 
24240 
50700 
50170 
43950 
21530 
50940 
48240 
39060 
22950 
48270 
48680 
43020 
23120 
24690 
49330 
53500 
25800 
24520 
46730 
50030 
26590 
65220 
47330 
43940 
24770 
47430 
49900 
51590 
22380 
50100 
44900 
50850 
24900 
45280 
49030 
47200 
25940 
47640 
45560 
48170 
48630 
52470 
49030 
46190 
45550 
36980 
60440 
53520 
40170 
47770 
55710 
54460 
44450 
45680 
52380 
49910 
40600 
46790 
50590 
49060 
40130 
75540 
28340 
26030 
50760 
49650 
23030 
28510 
51240 
50180 
46150 
48040 
46140 
48190 
26490 
44620 
48890 
51630 
25510 
47370 
45880 
44740 
48830 
52640 
40300 
44940 
48320 
47210 
54130 
48990 
44370 
46450 
50210 
29110 
74980 
47450 
37990 
50910 
50280 
52260 
38890 
50850 
48660 
55250 
43300 
52450 
47570 
47530 
39570 
56580 
47890 
41710 
42820 
49000 
54110 
49260 
43460 
49700 
46310 
47020 
45640 
47560 
45970 
42940 
46400 
50730 
46120 
40680 
46100 
52380 
50320 
41830 
44040 
50770 
46670 
53140 
48160 
44640 
47420 
40230 
48060 
47730 
46850 
48110 
49320 
54520 
52840 
39830 
43040 
47200 
51160 
48180 
46380 
47790 
49900 
43960 
69380 
46000 
44220 
47800 
46350 
49680 
45540 
44970 
48600 
46380 
55050 
40650 
68510 
42780 
45920 
54190 
47550 
42900 
43570 
54810 
52760 
43780 
47100 
46420 
48940 
52110 
49610 
43530 
44540 
46410 
46650 
53090 
50130 
44280 
46680 
40500 
47890 
46840 
44300 
49830 
50240 
51460 
41940 
48800 
45570 
46630 
49370 
41320 
49150 
45540 
49510 
53890 
50100 
39750 
44160 
50240 
48900 
49970 
46210 
39910 
43060 
53060 
51830 
43220 
43140 
24210 
47330 
52760 
49350 
43100 
45990 
42610 
52690 
46210 
42740 
48470 
47660 
48130 
49680 
46080 
46590 
45350 
44970 
47580 
44960 
46480 
49260 
40870 
47510 
48740 
67500 
51830 
46540 
51020 
45190 
49410 
50390 
47990 
50560 
45880 
23200 
47450 
46010 
50760 
47600 
47930 
45880 
46680 
45560 
49720 
44960 
44920 
48480 
48680 
53040 
57600 
55710 
50320 
50290 
45200 
44890 
26200 
24000 
49710 
45970 
50880 
48280 
39950 
44150 
50220 
53720 
55250 
46290 
47720 
46860 
42260 
45360 
45810 
46460 
48400 
51760 
48330 
44840 
45670 
47030 
49630 
47440 
48940 
45750 
52120 
51150 
44240 
64780 
53690 
48200 
53120 
55430 
42980 
43710 
50120 
48410 
49170 
44570 
53240 
48330 
45290 
50700 
43520 
44830 
52000 
44670 
55880 
47390 
43020 
43830 
48980 
43460 
50980 
46180 
45830 
44060 
48410 
50360 
48730 
44540 
46860 
46650 
44690 
44520 
26060 
47630 
51990 
70740 
71710 
52530 
44580 
44490 
69770 
45110 
44240 
43610 
49590 
52070 
45010 
45300 
45690 
46630 
49480 
47940 
48190 
46170 
46100 
39840 
24120 
51150 
48980 
44280 
41000 
52320 
58960 
41210 
41100 
47470 
54150 
21020 
45890 
42910 
49010 
23340 
47640 
49210 
46590 
22840 
22620 
28330 
24660 
21150 
22560 
95460 
27320 
20760 
21980 
24080 
47780 
46880 
23370 
47180 
47290 
40090 
25520 
77420 
47240 
40890 
47490 
49280 
45730 
19550 
45440 
45250 
53690 
23620 
48400 
42910 
43480 
22230 
51420 
47360 
39780 
22910 
47560 
52040 
40570 
23530 
26130 
45980 
49410 
21600 
26040 
43500 
46650 
23440 
26060 
47860 
44870 
21460 
25040 
51070 
45660 
23360 
24230 
49770 
55260 
22390 
22510 
54680 
49150 
23250 
25160 
49210 
52070 
21450 
23720 
51130 
47320 
42080 
26800 
53420 
48670 
40250 
22140 
51350 
25370 
55860 
49520 
45840 
46900 
23140 
54530 
52210 
49400 
20390 
50820 
28230 
28790 
47350 
48560 
45970 
54330 
24560 
47720 
24230 
23450 
54990 
48600 
27390 
24240 
20560 
25330 
25750 
24880 
51760 
49750 
94640 
27050 
55210 
27210 
24260 
22010 
56430 
47590 
47560 
48900 
38710 
25980 
69120 
47480 
41080 
48300 
50090 
47810 
20630 
46960 
46070 
45950 
23420 
47490 
43850 
52490 
54000 
51090 
21940 
43770 
49150 
47150 
24550 
1088890 
64360 
46580 
22250 
54620 
48710 
46890 
42050 
40930 
1100660 
67620 
42630 
39590 
50650 
48030 
46470 
47060 
47470 
46080 
42420 
48450 
49540 
42570 
43060 
45490 
54900 
42080 
41180 
45150 
49600 
45430 
44310 
44930 
46660 
45410 
45860 
1094960 
67580 
40200 
43560 
66640 
58690 
43930 
43900 
53260 
44160 
48530 
45760 
47110 
47140 
45410 
48550 
50420 
39600 
48470 
47300 
54980 
41440 
40120 
42880 
48060 
44630 
48780 
46610 
47690 
41070 
44880 
1104940 
66970 
41420 
43690 
53570 
51230 
21000 
47960 
52380 
23820 
27040 
52430 
47710 
21840 
45680 
53020 
44800 
22110 
44270 
52190 
54580 
21870 
45560 
47880 
47930 
24030 
1094290 
69570 
47460 
22790 
1090300 
52520 
49780 
24410 
52050 
47580 
27460 
25340 
52710 
46880 
21440 
49390 
51590 
46340 
19670 
46650 
50250 
49890 
21010 
49450 
51010 
48520 
22950 
52150 
49400 
49460 
20620 
58800 
58650 
43960 
20740 
46790 
53820 
46960 
20710 
46480 
50120 
52860 
22730 
1091980 
63830 
21870 
48950 
53550 
47130 
19880 
49270 
51310 
48750 
22970 
47690 
46590 
44640 
49540 
50620 
47740 
46860 
43800 
49120 
47650 
46660 
46480 
44880 
50170 
44850 
91380 
45080 
47670 
93900 
48480 
44570 
45690 
19670 
55420 
45950 
49020 
44670 
46700 
1086890 
68840 
42350 
48260 
49610 
46410 
47440 
45590 
48820 
48220 
41930 
49450 
49710 
43190 
44130 
45170 
53170 
42790 
45340 
43440 
48850 
44860 
46930 
46410 
