49660
22620
22630
22380
22360
22000
21290
21850
22300
21810
21990
22080
22460
21880
22100
21670
58450
57700
57510
57910
56860
57330
56820
57130
57740
60060
56660
56720
58010
59150
59420
59560
58220
56420
59910
58020
57440
56710
57150
57570
59350
57910
56840
58080
57360
58920
57650
57110
56180
56360
59370
56780
57010
56620
57440
60340
58210
57240
56510
55300
59270
58600
57810
56710
56500
58370
59880
56860
56170
56900
58310
59480
58450
59100
57550
57840
58980
56950
57350
56420
59440
59890
60320
56970
56630
57680
58550
58700
56930
57720
57070
59270
59400
57370
60370
59160
57100
59100
56960
56620
57590
57130
59620
57080
57480
59920
58860
58830
58780
57080
56850
56680
59550
57850
56810
57360
57290
58830
58270
56110
61050
57090
57030
57510
57490
57330
56210
57040
57650
103520
76720
57800
56820
59740
55900
57890
55990
56220
58700
57430
56380
55900
57260
57560
57490
56930
56790
55350
55960
57880
58080
56080
56580
56840
61680
60240
57310
56100
57790
57500
57200
56460
56080
57130
58660
58240
56660
54590
57090
58190
57340
59490
57320
57650
56340
59690
56210
56440
55310
56430
58870
58270
56820
57090
56050
58460
55590
54980
56790
56230
57670
56060
56790
56800
57150
57970
57750
68190
61790
55540
58020
57490
56390
57480
55720
56510
58200
57220
56810
55980
56970
58360
55740
55910
55870
56460
58280
55730
57050
55990
55690
57670
56490
56800
56130
56440
56980
57550
57530
56770
55940
58110
60230
57600
56240
55970
57140
57510
57580
55970
57530
54780
58400
56240
56680
57980
56220
58550
57590
56040
57130
54860
56050
58260
55600
58890
60010
58560
61980
58350
60150
58980
58720
61440
59600
58590
57970
55990
59050
57650
56770
55720
54680
57150
57830
57170
56130
56490
55900
57940
58060
60270
58540
59820
61350
59900
58000
57480
58780
59580
59630
58460
54780
56460
58390
56080
57660
56300
56400
57070
57870
56590
55660
55790
56200
59840
56760
56480
55870
56300
58810
56510
56460
55930
57790
59350
58040
56410
56530
55280
58480
56580
58060
56950
55760
57960
57560
56480
57640
55350
55790
58590
58480
56760
55560
57560
57770
55830
58430
56320
56690
58380
56570
56450
55530
55240
57730
57890
57060
55940
56470
56150
56420
57230
56910
56830
56310
58780
56890
55960
56190
56660
58150
56440
55030
55190
56780
56500
58090
56790
56570
54680
57100
56930
56880
57230
56310
57250
56760
58060
56740
55070
59390
58010
56550
55980
55190
56140
59270
56050
57210
56750
55660
58000
55790
56260
55170
54480
59310
56520
57440
54600
55280
58000
56260
56570
55850
57560
57770
57010
56730
55800
54730
55950
58550
56860
57510
55100
56270
57190
57240
55220
55150
56860
58430
58920
58710
56440
56840
55500
57690
56650
56740
57900
56440
58050
55440
55100
55330
55360
57100
57700
56490
55240
56640
57190
57310
55670
56460
55890
58840
57640
57320
56950
55860
57120
58710
55100
60150
57310
57020
60070
57130
56650
55390
56340
59700
66230
60630
56340
55900
58670
56110
58140
56130
55470
59900
56460
56580
54990
54030
57060
59630
59510
56320
55240
56600
57350
57020
55340
54900
57230
59260
56850
56130
55590
56860
58050
56660
57160
55030
57760
58640
57730
58750
56190
56370
56390
63040
58590
58160
59020
58660
60930
58390
59000
59220
58790
60300
59260
58940
59660
57750
62120
61210
59890
59400
55940
58560
56220
57600
56750
55710
58320
57590
56270
56990
55690
56410
56930
55930
57250
55910
56990
57740
56390
56720
55180
57360
57601
55780
57260
57580
55400
58310
57240
57130
56321
57940
58100
58400
57690
56010
56810
55990
58561
57910
55850
56890
56130
57660
57980
56590
55700
55980
58431
57510
56030
55940
54901
58241
58420
56960
56020
57660
57101
58420
56091
56451
55550
55781
59160
56211
56570
55361
55330
58751
56270
56490
56221
56301
58621
56631
56971
55370
55301
58490
56991
55741
57900
54291
56940
57411
56531
56370
55241
56350
57491
57371
56520
55001
56890
57501
59671
57091
56170
57271
57981
56041
56210
55121
56281
59741
58131
58401
56511
55991
55681
59241
55961
56461
55491
55651
58841
56151
56851
55641
56031
59161
55131
56731
59591
57341
58521
57241
57011
56151
55571
59131
56370
56161
58251
64201
56641
57061
54821
56481
55570
57081
58461
56611
56351
55101
57161
59671
56401
57931
55571
56291
57121
57851
57881
55761
55941
59191
57161
56721
55591
56281
56261
57131
56381
55231
56361
56911
58161
57611
56491
55561
54591
58661
56291
55991
56971
55831
57901
57901
55741
56331
55971
57431
56951
56451
56971
55901
56171
58011
55961
56361
55821
55821
58911
56321
56491
55121
56031
57831
56651
55581
57421
55801
59031
56221
58131
58981
59591
61771
57031
56031
56431
54451
57781
57961
55261
57151
55561
57551
58681
55891
59121
57451
58651
60021
56621
57381
55141
56561
59101
55411
56291
56961
57111
58331
56371
56371
55391
56591
57291
58181
57761
56441
56871
56171
56701
58831
58001
55591
55641
57461
57531
58731
56341
56711
58231
58231
58751
58481
55801
58491
56211
56621
56281
57071
56241
59721
56451
57321
55331
55351
58601
55431
58101
57421
58781
61151
57731
60271
57791
59611
60841
58821
61891
56431
57791
60701
57991
58411
57161
57021
60241
59211
58981
58681
57761
57411
59161
56391
56471
57221
57171
59081
58871
56331
56011
57001
57811
59261
67341
59361
58061
61471
59021
59091
58791
59021
59531
61981
58371
58591
57411
57441
60301
57801
57231
56941
55881
58601
56851
57541
56421
56781
61261
57321
57371
57131
56521
59491
59201
57901
57001
56801
57661
58571
56631
57761
58731
58781
59801
58351
60231
59771
59041
62111
58691
61211
58851
62801
61431
59571
59431
58991
59721
61031
59491
60571
59551
59251
58511
60451
59811
57601
57921
56791
56901
58161
57161
56421
56901
58731
57621
57401
58411
58381
58751
57601
56641
56441
55721
59051
57051
56481
57401
55431
56941
59851
56351
56281
56441
56181
58741
58151
57861
56181
57101
61061
56681
57651
57131
57061
58891
56591
57281
56341
56191
59661
56981
58771
56441
57041
56971
58381
57281
56281
54811
56691
57891
58101
58331
56651
58371
57521
57631
60911
57221
56951
57441
57801
57521
57091
57101
60131
57631
55691
55501
57081
59061
58441
57051
57641
56981
55931
61211
57621
56671
57491
56311
59591
59111
57101
56931
57321
58331
58051
58081
57551
56171
59731
57251
57001
56311
56981
57121
58681
56581
57781
56141
56781
57341
57021
57091
55601
57881
61101
59181
58291
56411
56861
60301
57191
56881
56981
57241
61461
57981
57591
56031
56691
57801
58271
57781
56611
56211
57601
58971
56851
56891
56731
59091
58781
57701
57751
55681
57111
58171
58831
57611
57241
56321
58551
57571
57001
55601
57111
56941
59291
57281
55861
57381
55901
59311
57211
57471
58181
57871
61111
57921
56881
58291
56131
59341
56701
57451
58461
56151
60031
57851
57721
56761
55751
59381
60901
57631
57951
56421
57001
57781
56591
57671
59221
58611
58111
57501
58391
59001
59411
57651
57621
58031
55521
56721
58321
55291
56411
55431
56421
55741
57391
56521
55961
56571
55581
58261
57381
59551
57171
56271
57621
56861
56661
56251
55711
56471
58831
56611
55841
55191
58321
56151
56001
56021
55211
56711
58981
56281
56131
54771
55981
58241
58821
57101
55391
55541
58711
55521
56761
55201
57061
58341
57591
59181
57891
57461
60361
58731
58721
57601
57661
58761
61081
58171
57731
56491
56611
56561
57861
56551
57301
57341
58271
57521
57041
55651
56801
56601
57551
55041
55330
55601
57901
55791
57181
55501
57271
56151
57931
56361
56131
56441
58251
57561
56281
57261
56791
55631
59191
56371
57731
56181
57661
59531
56791
56471
56031
55171
57741
56871
56301
56181
54931
57371
58341
58101
59421
57981
61031
61461
58221
60311
58291
59271
59361
59191
58221
58341
58721
61591
58831
59141
57651
56831
59031
57461
57591
55480
55681
56890
58221
56661
56221
59151
56591
57821
56610
56411
56021
55091
57750
56671
55910
56921
55801
56600
57481
56191
56180
55831
57600
57001
57170
56711
55520
56711
59630
55811
59541
57760
55501
59550
55951
56980
55300
56120
58080
58450
56840
54970
56060
57340
57480
56191
55720
55381
60481
56620
57181
54810
55051
57180
57341
57210
58151
55400
57010
56401
56400
57821
55870
56250
58670
55941
57640
56710
57210
57640
56690
57440
55500
56120
57821
56020
55810
55010
55730
54940
57591
57430
57271
56160
55520
56550
58650
56580
56950
61061
64580
59801
56680
56920
55880
57430
58660
54970
56580
55730
59040
58110
56710
57060
55750
55810
59480
57671
56660
55000
55710
58240
58441
57510
56681
59420
60960
56850
57780
54910
56000
59190
56890
56170
55100
55840
59440
56990
57020
55140
55630
59840
58610
58070
56360
55640
57140
59670
57290
56860
56170
58460
58390
56380
54960
55800
58740
61490
59450
58690
59350
58720
60910
60120
58290
58500
61460
58880
61040
58100
57770
58670
58270
59520
58940
58990
58920
61850
60800
59280
58280
58460
57840
59910
59580
57800
58330
57620
64590
58200
57650
58060
57170
56720
58120
55410
57200
55870
58710
59500
56610
58190
56070
57570
57080
55660
57600
54810
57630
57990
56420
56950
57040
56890
59610
56350
58730
56470
56750
56480
57730
57200
56430
56470
56500
57210
57360
57230
56710
55820
57890
57130
56520
56500
57340
58750
57140
57220
57260
56140
58100
56560
60180
59000
56410
56180
58950
56520
57060
56640
59080
60840
57040
57690
55520
57060
59200
57380
56620
57150
57080
60280
56700
57190
56840
55730
58540
58910
58290
55770
54450
57150
57720
56920
56160
55880
58320
58620
56930
56470
56560
57550
58960
57070
55400
55750
57200
58900
57670
57270
57100
56460
60100
57970
56100
55940
56350
57010
59230
56100
56630
57420
56590
59660
56180
56340
57000
57680
59040
56680
56540
56190
56240
58500
56120
56610
56510
56550
60180
55910
56780
56060
55380
56890
57790
55950
58470
55710
57460
58010
67990
59680
55630
56870
57040
56860
57630
56360
57070
58750
56500
57240
57140
59280
58600
57150
57800
55920
56150
55930
58650
57870
58390
56330
56420
70010
66730
57160
57300
58100
59640
57280
56460
55960
59490
58080
58250
55980
57280
57270
58040
57840
56450
56040
57140
55540
60050
56450
56210
56640
55270
58050
57820
56500
57510
57270
58670
55550
55880
56690
56560
59020
56350
59860
56490
55670
59470
56810
56360
57270
55420
58570
58980
57600
57230
54960
59600
58990
55910
56870
54500
56150
57970
55310
57650
55990
57170
57870
58370
56680
55800
55970
58950
56730
57620
55290
58020
56740
58380
57500
56620
56130
54780
59130
57830
56790
57230
56470
58210
56900
56310
55630
56520
59560
58870
55280
56810
55260
57890
57540
57030
56520
56460
55040
59900
57740
56550
56230
58030
57690
56650
56620
54510
56320
59030
55650
56780
56060
57620
59070
56440
56260
55720
56710
59400
57170
57230
55480
55860
56690
56560
57200
57260
54970
56380
57450
56910
56070
56190
55930
59470
56590
55000
55480
58830
59450
56790
55710
56190
56140
59970
56370
55970
55390
56870
56530
58750
55220
54550
56650
56720
58270
56940
57950
56230
56460
59520
57580
55370
62020
58830
60860
58690
58420
57500
55410
57340
55190
57110
56440
55910
56160
56440
55790
56590
55540
56430
58800
56800
58180
55760
56410
57490
56580
59590
56870
57810
56650
55920
56900
56480
58440
59100
57460
57880
57390
56960
62020
59690
56860
55840
56310
56350
57700
55620
55920
56620
56120
57670
58160
58070
57550
56350
56920
57260
56060
57110
55820
58000
57920
55420
56160
55320
55000
56940
55750
56440
55370
55460
58520
56150
56230
56270
56030
58280
56260
57480
56260
56870
58410
56730
56730
56160
55790
59420
56940
57050
56180
58420
56600
59530
64930
60240
56000
56790
56320
56770
57190
56130
56890
57900
58320
57710
55140
57080
58350
56120
56920
55380
57660
58080
57410
56510
55330
56580
55860
57810
59140
55530
55110
56580
58590
57710
56440
57440
58700
58500
58730
56620
55510
57440
57950
57220
56570
57240
55620
56950
57690
56030
57820
56070
56440
57400
55400
55990
56320
56010
58780
55850
57530
57270
57100
58450
56640
57060
55790
56720
59040
56480
56980
55390
55460
57450
55580
56760
55460
56630
56120
57540
56520
55860
57240
57610
58860
56770
57590
58260
57510
58540
58690
56090
54920
56860
58440
58490
56400
57020
57800
58770
56900
56590
55290
56950
56290
84060
59890
56820
57120
56950
60060
57670
59020
57210
56000
60110
57540
56620
57000
56720
59240
57580
56960
56640
56750
60290
56861
56240
57911
56780
61850
59381
56650
57770
56481
58810
57520
59830
59801
57250
56940
59331
57410
58351
57140
57581
59410
58221
57561
66451
59901
59370
57781
56951
57260
57801
57531
57830
56921
57240
56811
58081
60141
59490
57541
58051
59191
