82990 
42380 
35030 
37590 
36450 
36090 
35820 
37340 
36600 
36750 
36240 
37910 
37120 
35810 
35680 
34760 
36030 
34390 
35210 
37130 
36580 
38110 
34760 
35530 
35370 
35870 
59590 
38450 
34820 
35550 
35630 
37070 
35930 
35970 
35500 
34850 
36620 
36990 
36390 
37080 
35570 
36510 
36290 
34810 
36490 
34890 
36160 
36810 
33950 
36040 
35120 
37260 
38310 
35910 
34380 
34740 
35150 
35540 
37730 
36020 
35510 
36360 
35810 
35920 
35110 
34550 
35670 
36550 
35660 
36120 
35310 
37130 
37410 
35540 
36310 
34720 
36000 
35200 
38360 
36690 
34940 
35690 
36720 
36650 
38650 
36520 
34680 
36070 
34820 
36030 
35070 
35290 
35610 
36800 
34850 
35560 
34880 
35270 
36190 
36880 
38590 
34650 
34750 
34750 
36260 
33940 
37340 
35400 
37700 
39750 
38040 
38090 
36580 
36660 
35560 
35540 
35470 
37300 
36350 
34870 
38350 
36040 
38130 
34770 
37250 
36250 
38170 
35620 
37480 
36950 
37010 
37360 
34590 
37270 
36040 
36680 
37440 
37200 
36310 
38990 
37040 
36100 
37130 
36450 
34830 
36230 
35630 
35790 
36620 
36100 
36740 
36930 
34830 
35770 
36170 
35460 
36160 
35290 
36170 
38720 
35780 
36280 
37130 
36010 
34540 
34680 
36730 
35290 
34640 
34720 
35190 
35500 
34950 
33770 
34060 
34310 
36890 
36000 
34970 
34570 
52370 
43700 
36570 
34960 
35200 
35020 
36190 
35100 
37310 
36480 
35180 
35960 
35160 
34690 
35600 
34220 
34840 
36690 
37580 
35700 
36620 
35830 
36550 
36840 
35530 
35780 
35870 
35430 
35820 
37900 
38730 
44780 
38670 
37520 
36660 
35220 
35780 
35010 
35620 
36630 
34830 
35480 
38900 
36460 
36060 
35300 
34740 
34700 
37030 
35350 
34960 
36020 
35870 
37790 
37100 
36790 
34900 
35670 
35320 
36970 
36820 
36160 
33850 
35560 
36850 
36320 
35930 
36480 
37310 
35200 
36120 
34810 
35090 
36060 
35890 
36430 
36740 
35050 
36180 
39480 
36330 
35660 
35330 
35460 
37040 
35860 
35440 
35490 
35130 
36240 
37500 
35690 
35630 
33770 
36070 
36590 
35370 
35240 
34590 
34410 
37620 
36200 
35250 
34550 
36240 
37780 
35700 
36090 
35050 
36460 
34500 
35030 
36420 
35660 
36390 
35710 
35760 
37200 
37390 
35880 
36440 
37230 
37200 
34850 
36280 
35380 
35110 
37670 
35730 
35510 
35770 
39000 
36710 
36670 
39120 
35700 
36360 
37140 
35410 
35810 
35310 
36730 
37440 
37260 
35140 
34090 
35560 
36650 
35430 
35380 
35890 
36010 
36230 
35050 
35670 
35840 
34890 
36440 
36460 
36310 
35790 
35820 
35720 
35990 
36080 
35320 
34330 
34880 
35510 
37950 
34680 
35320 
35320 
36200 
34820 
35950 
35220 
35810 
36740 
39010 
35120 
35750 
35030 
37170 
36600 
35510 
35130 
34490 
35520 
35670 
36420 
35500 
36570 
35620 
36280 
36440 
37170 
34990 
37040 
35750 
37320 
35610 
36280 
34070 
36410 
36900 
35870 
35790 
33210 
36880 
36500 
37320 
34350 
35870 
34860 
36720 
37290 
35270 
35450 
37570 
37060 
36640 
36710 
35730 
36050 
35690 
36020 
36040 
34590 
34630 
36600 
35960 
38860 
37060 
35570 
37280 
35710 
36390 
35200 
34600 
36560 
35740 
36630 
34420 
35270 
35340 
36370 
37030 
35140 
35110 
35370 
36780 
37870 
34780 
35900 
35990 
37040 
36140 
35460 
35690 
36150 
36440 
37040 
35500 
34720 
35860 
34900 
35680 
35440 
35660 
34450 
38140 
37360 
37420 
36070 
34900 
35070 
35460 
36160 
36300 
36140 
36090 
37750 
36230 
36370 
36460 
34740 
37310 
36880 
36430 
35370 
35200 
35620 
35370 
37350 
34910 
36860 
35310 
36540 
35560 
35950 
34210 
36350 
36420 
35840 
35660 
35710 
36610 
36230 
36280 
34480 
35220 
36270 
36600 
36740 
35630 
34190 
34140 
35010 
37520 
35000 
35680 
36160 
34960 
36300 
36780 
35080 
34880 
35460 
36160 
36260 
37090 
35970 
38170 
36790 
36990 
35460 
35720 
34940 
35970 
35200 
35830 
36800 
37160 
36600 
36460 
37810 
35490 
35840 
36600 
36860 
37110 
34990 
34390 
34550 
37690 
38200 
34850 
36030 
35040 
36610 
37260 
36070 
35010 
35560 
37490 
35520 
35420 
38050 
35950 
37530 
36320 
36340 
35220 
36650 
35690 
35950 
35720 
35350 
35940 
37440 
36120 
37250 
35220 
35620 
35460 
36810 
38790 
34110 
34420 
36640 
36180 
37080 
35670 
35160 
35250 
36690 
36150 
36490 
34990 
35860 
36380 
36410 
35390 
35540 
35550 
34780 
36340 
36370 
35080 
36370 
34210 
37580 
35880 
35250 
35490 
35430 
37030 
39000 
35410 
35610 
35730 
36630 
35730 
35820 
35350 
35690 
35930 
36390 
36010 
35740 
35430 
36850 
36630 
38300 
34840 
34770 
35620 
37100 
36990 
36350 
34780 
35560 
35740 
36710 
34860 
37710 
35960 
36090 
36090 
36560 
35790 
35690 
35450 
34860 
36960 
34380 
35800 
35300 
35850 
37200 
35470 
36850 
35000 
38260 
37630 
35610 
35710 
34740 
36080 
37370 
34720 
34180 
34550 
36090 
35520 
35880 
34710 
34560 
35600 
38060 
36110 
35760 
35120 
35810 
36420 
35730 
36100 
35110 
35350 
36840 
35840 
34750 
34650 
34900 
35790 
35950 
35610 
34440 
34160 
36610 
35060 
38430 
35730 
34190 
35190 
35300 
36780 
35440 
33990 
35230 
35410 
38450 
34930 
35890 
35940 
35990 
36020 
35220 
36120 
34990 
37580 
35190 
35790 
35240 
35920 
35850 
36470 
35790 
34790 
36400 
36080 
36470 
36110 
34920 
38620 
36350 
36260 
37420 
35570 
35510 
35140 
38710 
35330 
35640 
35930 
34640 
36120 
37100 
35810 
35650 
37510 
35370 
36230 
35250 
35700 
35080 
35470 
35380 
35840 
35960 
35280 
36480 
34800 
36940 
35960 
35010 
36270 
35200 
37040 
36260 
35820 
34950 
37000 
36130 
35040 
34960 
35500 
35550 
36010 
37770 
36180 
35920 
39320 
36810 
36460 
35140 
34020 
36370 
36300 
36140 
34650 
35750 
35670 
37120 
37970 
34860 
35370 
34870 
36890 
36450 
35940 
34680 
36120 
34550 
37110 
36130 
34670 
39100 
35470 
36200 
36410 
36680 
35850 
36490 
36450 
35010 
34950 
35160 
35610 
40600 
38280 
35860 
35110 
34630 
37940 
37160 
36050 
36240 
35570 
36590 
38220 
36580 
38240 
37300 
36480 
38510 
37100 
35380 
35910 
35380 
36530 
35620 
37110 
35530 
35620 
36790 
36430 
34160 
34950 
35390 
37280 
36120 
35300 
35080 
35330 
35570 
34530 
36060 
35620 
35810 
36110 
35220 
37340 
35120 
35870 
36110 
35510 
36900 
35900 
36030 
35640 
37670 
35920 
36420 
35750 
35600 
36340 
36870 
35580 
37550 
34930 
35260 
38740 
37060 
36320 
34160 
35110 
36100 
35950 
35840 
34930 
34640 
36900 
35010 
35560 
33900 
35260 
35430 
36140 
35450 
35490 
37150 
37260 
36270 
35370 
34680 
34600 
36320 
37160 
36560 
35380 
34620 
35840 
36260 
35150 
34690 
34290 
36190 
36720 
37050 
34930 
35630 
36050 
35760 
37140 
35080 
34990 
35540 
37400 
37150 
36510 
35600 
35500 
36150 
36270 
36410 
37090 
35620 
36160 
36820 
38780 
36360 
34310 
34850 
35440 
36880 
36140 
35850 
34510 
36380 
37980 
35720 
36350 
34600 
36740 
36070 
35680 
34550 
34940 
35870 
35580 
35520 
34600 
35080 
35900 
35820 
36300 
34710 
35320 
39640 
37190 
35990 
34790 
36590 
35290 
35910 
35960 
33530 
35070 
35050 
23120 
42480 
36720 
35720 
36120 
35970 
35940 
37030 
36270 
36810 
34990 
36120 
35350 
35200 
42350 
37320 
36840 
36600 
36870 
34500 
35690 
35880 
38620 
35120 
35360 
34870 
35580 
36300 
35110 
36220 
35880 
35900 
36200 
35160 
35800 
36070 
35560 
37880 
38490 
37510 
34260 
36610 
36690 
36000 
34980 
36500 
34720 
36290 
34790 
34490 
35960 
35580 
37520 
36030 
36020 
34980 
34320 
37450 
36060 
36530 
35760 
35020 
35560 
35150 
45230 
36940 
34980 
35060 
35100 
36110 
35600 
36880 
36830 
38400 
37140 
36220 
34480 
35480 
36860 
37470 
35940 
35470 
34930 
35360 
36120 
38310 
35830 
34280 
35370 
36840 
37210 
35960 
37160 
38310 
37360 
36120 
35480 
37450 
37600 
36980 
38760 
35570 
35400 
34160 
34670 
36370 
33940 
35320 
34840 
36250 
36120 
38210 
35590 
34680 
43240 
37260 
35120 
35580 
34910 
37550 
36410 
35880 
35880 
35630 
38950 
37320 
35660 
35440 
35250 
35630 
36230 
36030 
35530 
34990 
36370 
35670 
35520 
38810 
34900 
37060 
36330 
36700 
34350 
35230 
36380 
37960 
37580 
36710 
34700 
35020 
38050 
37050 
36690 
36220 
35330 
36970 
39660 
36530 
37180 
37500 
37250 
38370 
37450 
35050 
36420 
38180 
35550 
37940 
36170 
34690 
39010 
36610 
37640 
37340 
34570 
35940 
37270 
37560 
38780 
35280 
35580 
38160 
37310 
35600 
35410 
35360 
34010 
37680 
40900 
36720 
35230 
35590 
37570 
37620 
36580 
35040 
35090 
35890 
38260 
37570 
37660 
36010 
34340 
36770 
35400 
36840 
35010 
35720 
36760 
36660 
36330 
35610 
36320 
35750 
36350 
35770 
34760 
34120 
35330 
34990 
35000 
35100 
35000 
34900 
35000 
36360 
35280 
35510 
35070 
36160 
36630 
36220 
36070 
34210 
36330 
35810 
34880 
34030 
35490 
36160 
35820 
35130 
35680 
35400 
35510 
34630 
36530 
35950 
35690 
35340 
36190 
35990 
35390 
34400 
34920 
36320 
37830 
35240 
34120 
37160 
37600 
35230 
36650 
34870 
35210 
34610 
35960 
36060 
35810 
35700 
38020 
35960 
35590 
35300 
34320 
34850 
34840 
35750 
35870 
36170 
36070 
36830 
36250 
35950 
34540 
35270 
36920 
36280 
37680 
36150 
35920 
36220 
36260 
35660 
34500 
34410 
34770 
37400 
34800 
36570 
35560 
39040 
36350 
36200 
34780 
35070 
35520 
37620 
35140 
35510 
36320 
36980 
36190 
37210 
34580 
35730 
34930 
36240 
36490 
36170 
35870 
36860 
35340 
36350 
37750 
36270 
36370 
36010 
34930 
36300 
35540 
35650 
36050 
37380 
35900 
35050 
36120 
34560 
38310 
35520 
35540 
36180 
35620 
35570 
36670 
31440 
85450 
81530 
38890 
35970 
35800 
34860 
36770 
35880 
37220 
36920 
36660 
36440 
36170 
36690 
39590 
39390 
35580 
37490 
36540 
35230 
34800 
35600 
44050 
40590 
36730 
90350 
78620 
36710 
34390 
37840 
37120 
34730 
35110 
34580 
36680 
36400 
36220 
34960 
37440 
36770 
38060 
38460 
35900 
36210 
38960 
36490 
35600 
34770 
34830 
36170 
36120 
35780 
36350 
35590 
38230 
38770 
36830 
37410 
34860 
36710 
35790 
36740 
35430 
35870 
35880 
36430 
39210 
34830 
35780 
35040 
37060 
35180 
35060 
34070 
37260 
35600 
35550 
36950 
35290 
38160 
36370 
35900 
35360 
35130 
35650 
34290 
37760 
36440 
35710 
35280 
35020 
38720 
35980 
37090 
35550 
34760 
37350 
36290 
35880 
35010 
35100 
35680 
36810 
35930 
37080 
35000 
35710 
36500 
37330 
35680 
34380 
36270 
36110 
36020 
34210 
36400 
35560 
35980 
35980 
35340 
34400 
34610 
35550 
36890 
35100 
36720 
34810 
36180 
35930 
40640 
34820 
34810 
36680 
38130 
37410 
34770 
35280 
37390 
36700 
35530 
34670 
36000 
36140 
37170 
37220 
35640 
35800 
33680 
36430 
36900 
34850 
36260 
34580 
43250 
37320 
39200 
37120 
34790 
36200 
36340 
36320 
35480 
35720 
35950 
36360 
36490 
35660 
35240 
34720 
35970 
34880 
35590 
34080 
36130 
36670 
36290 
35940 
34820 
35270 
35770 
36320 
34820 
34910 
34120 
34570 
36320 
35620 
36560 
35410 
36240 
35360 
36410 
35190 
35000 
35570 
36410 
35160 
35290 
34250 
37650 
35670 
36140 
35790 
34570 
35320 
34950 
37170 
37190 
34180 
34960 
35900 
36210 
37440 
35750 
35430 
35460 
39330 
38130 
35810 
37870 
35840 
36860 
36810 
35180 
35850 
35020 
35380 
36390 
34960 
34500 
36560 
35870 
35950 
35810 
49400 
39080 
35650 
36780 
34630 
35040 
44970 
37530 
37620 
36340 
34550 
34670 
35290 
37070 
36230 
36270 
34490 
36380 
36080 
37220 
35700 
37750 
34420 
35730 
36180 
35910 
35650 
35180 
35220 
36220 
35060 
35560 
35480 
35450 
35860 
35470 
35690 
35260 
37950 
36560 
36190 
34550 
36230 
33870 
37310 
35410 
36190 
34730 
35080 
34210 
36560 
36410 
36450 
35870 
36660 
36920 
43430 
37860 
25840 
47440 
36860 
37710 
34920 
35870 
34480 
35470 
35250 
34320 
34990 
34160 
36010 
35160 
36010 
34300 
36260 
36720 
35510 
35420 
35150 
37300 
35730 
36140 
35070 
37190 
35280 
37780 
35630 
35770 
34710 
34130 
36780 
35820 
39720 
39210 
34570 
34650 
36780 
38430 
38620 
34820 
35100 
36050 
35000 
35940 
35600 
35330 
43880 
38820 
36740 
35080 
36420 
35500 
34860 
37630 
34330 
34530 
34160 
35730 
36760 
35460 
34960 
35880 
36140 
35940 
35000 
35040 
36600 
36500 
35430 
37550 
36510 
36320 
35690 
36280 
36800 
35920 
34530 
36240 
38680 
36920 
36510 
37810 
35560 
37030 
35910 
35370 
34030 
34970 
38770 
36790 
36670 
35740 
36210 
34590 
36730 
37760 
34710 
42120 
38460 
38860 
37230 
36100 
34980 
37050 
35850 
36600 
35630 
34580 
34790 
36410 
37410 
46810 
40030 
36640 
36510 
51200 
45890 
36550 
36240 
35310 
37890 
36900 
34550 
34090 
38610 
35550 
37370 
35730 
34760 
36070 
36480 
37040 
34860 
34620 
34630 
35350 
36020 
35620 
36610 
37710 
36550 
35610 
34320 
36350 
35790 
36590 
36930 
43890 
37110 
36580 
38530 
37390 
37350 
36660 
34370 
34440 
36960 
35780 
37250 
34850 
34300 
36190 
38990 
37270 
36110 
35530 
36630 
35290 
34970 
36000 
35660 
36190 
36100 
38300 
36030 
35620 
35220 
35380 
35560 
35240 
35710 
34910 
34730 
35650 
33900 
35010 
35640 
35470 
36630 
34640 
35260 
36070 
36530 
36630 
35020 
36590 
35500 
44110 
38550 
37020 
35970 
35480 
35750 
35890 
36230 
36180 
35970 
35960 
35090 
35010 
35270 
35660 
35340 
39310 
37110 
35630 
34680 
36000 
36020 
36290 
34460 
36330 
34710 
35980 
37390 
39350 
36880 
35240 
35720 
36360 
36110 
36190 
35340 
36310 
35840 
35580 
36050 
34520 
35250 
37650 
36000 
35560 
34320 
35270 
35680 
35370 
37810 
34290 
43370 
38660 
37400 
36800 
35460 
35690 
36470 
36770 
37920 
35670 
36000 
36210 
35040 
36900 
36980 
35960 
36190 
35550 
36340 
35860 
34990 
35250 
36000 
37850 
34800 
35440 
34440 
35440 
36360 
35720 
34330 
35700 
36630 
36680 
35320 
35340 
34650 
34720 
35180 
35470 
35470 
35840 
34500 
35790 
35800 
36090 
42210 
37120 
36180 
35640 
43580 
36940 
36440 
37380 
34230 
36120 
37460 
35390 
35740 
35310 
37120 
35590 
34990 
35920 
36150 
35910 
35680 
37190 
36380 
36770 
36860 
35420 
35100 
36100 
35860 
36330 
34100 
35310 
39460 
43490 
39610 
36310 
35280 
34550 
35570 
35370 
35840 
35620 
34830 
35430 
35980 
36970 
36340 
38200 
35050 
36640 
36310 
35530 
36190 
35870 
45330 
38390 
36110 
36420 
34160 
35480 
37940 
37460 
35030 
35600 
36340 
35370 
36100 
35320 
35920 
35980 
35000 
35160 
35890 
35920 
36270 
36580 
35590 
42510 
38110 
34760 
37370 
35080 
36460 
36000 
35880 
35460 
35200 
35860 
35840 
35520 
35680 
36320 
36550 
34600 
35450 
35850 
36970 
37090 
35900 
35490 
34880 
36780 
35590 
36110 
42150 
