77160 
63010 
54230 
54740 
59750 
57890 
55400 
52470 
48820 
49900 
49370 
49730 
48930 
51780 
49490 
51480 
47280 
53910 
57000 
54780 
48190 
49690 
47250 
45990 
45000 
46290 
45920 
46550 
47010 
46460 
47180 
51120 
48540 
47170 
49490 
48550 
48730 
47350 
50540 
51330 
48760 
50900 
47310 
48610 
48320 
47250 
46710 
50010 
45540 
47340 
44220 
48890 
50680 
48810 
49820 
47050 
47320 
47710 
45680 
58530 
53480 
49180 
46700 
51570 
45110 
46030 
45210 
47750 
63060 
52730 
48180 
48920 
47260 
52190 
50370 
46180 
47680 
50520 
48170 
61400 
45000 
49080 
45440 
47320 
49960 
51440 
49500 
46630 
45620 
48570 
52160 
48460 
48280 
49420 
47320 
53600 
48480 
48630 
44500 
46590 
45440 
50630 
47620 
46480 
46560 
63420 
55450 
48630 
47410 
59080 
53180 
50980 
44600 
48620 
46040 
47090 
47370 
46680 
59360 
53670 
47830 
47830 
46140 
45820 
47020 
45670 
47860 
49570 
45550 
48580 
43400 
47320 
47400 
48970 
47600 
45640 
45290 
50080 
45080 
49550 
50370 
50710 
47780 
50650 
47270 
46760 
47280 
48840 
47230 
47140 
46290 
46360 
48330 
48210 
47840 
46530 
47640 
47110 
46860 
60720 
49670 
46610 
43610 
47980 
48880 
47370 
47430 
45410 
58570 
54830 
49800 
49710 
48820 
47640 
47950 
51000 
44430 
48020 
50650 
48620 
48810 
49540 
47970 
48300 
47300 
49560 
50810 
47450 
50070 
50010 
47020 
50560 
46540 
47400 
45650 
49660 
47110 
44680 
45010 
45200 
45780 
49350 
46710 
46310 
47430 
47620 
46720 
51160 
45800 
46950 
45070 
48840 
47340 
49660 
61710 
53780 
47510 
49260 
50230 
60170 
55600 
49750 
48560 
50300 
48020 
50980 
45540 
48510 
47940 
47880 
51370 
52070 
46170 
49500 
47490 
49220 
51880 
48930 
51620 
55090 
49030 
51830 
46360 
48040 
49350 
48850 
50310 
49560 
46700 
49600 
44500 
48620 
54270 
48830 
46440 
50710 
45940 
46030 
46780 
47920 
45920 
47670 
47180 
45310 
61650 
54950 
48370 
47480 
51770 
55150 
51340 
51390 
46770 
48710 
46040 
46830 
49890 
51490 
48090 
53450 
48250 
48400 
46940 
47500 
49700 
48130 
46130 
49190 
46410 
47700 
47420 
47670 
46920 
46180 
47030 
47180 
48580 
49050 
46170 
46670 
46420 
45470 
46740 
49410 
45640 
46670 
44180 
49460 
48440 
48160 
47400 
46610 
45750 
48470 
60150 
52380 
49100 
49490 
51160 
56850 
53370 
49250 
48130 
47140 
49180 
47830 
48930 
54250 
48630 
49920 
47190 
48020 
49620 
48920 
48530 
48610 
45560 
48180 
45460 
48540 
51210 
49540 
49470 
47600 
47970 
46500 
45580 
46040 
48750 
48490 
46800 
48460 
45010 
44300 
45370 
45990 
47890 
49170 
47450 
45040 
45350 
47550 
47700 
47620 
49270 
46170 
46490 
50130 
46070 
60020 
57880 
51790 
52340 
48520 
49490 
47510 
46710 
47440 
45160 
46930 
50700 
48370 
45970 
49650 
46350 
47470 
46830 
45060 
47590 
45400 
48340 
45000 
47120 
50240 
47830 
45950 
47510 
48280 
47340 
47980 
45570 
45460 
46170 
44670 
45790 
47430 
47080 
45100 
46490 
46140 
45770 
45810 
50850 
47060 
46850 
46520 
45670 
47220 
46010 
59050 
58120 
48350 
48450 
46120 
51790 
49920 
48160 
50600 
49000 
47600 
48600 
49280 
46440 
47210 
46990 
47780 
48520 
45890 
47570 
44470 
49900 
46710 
47340 
44350 
49100 
47750 
47490 
51230 
46530 
45690 
45690 
48540 
46720 
45930 
48080 
45370 
46450 
47430 
46530 
47360 
48340 
47160 
45200 
49240 
46450 
47880 
46230 
45620 
45970 
58010 
54190 
49210 
48180 
47260 
45620 
47060 
46160 
53440 
52110 
49410 
46930 
50400 
49210 
46470 
48400 
46110 
46920 
48810 
47430 
49350 
47750 
49950 
52040 
47500 
45960 
51410 
43930 
47820 
45520 
46300 
45760 
46080 
50550 
48230 
44560 
47490 
46860 
46900 
49710 
47850 
47050 
47220 
45840 
47640 
48830 
54200 
52240 
55510 
50370 
46920 
63060 
56600 
48060 
47900 
52870 
55800 
51110 
49980 
47100 
50810 
46130 
46820 
47880 
46820 
48840 
48790 
46410 
46700 
47510 
45570 
52180 
47590 
47360 
49720 
49110 
47490 
47880 
48160 
47890 
45600 
48030 
46820 
45450 
48690 
47100 
47220 
51550 
46370 
47960 
48750 
47090 
47260 
44410 
45430 
53290 
54510 
48390 
46100 
52410 
51920 
59930 
52870 
48880 
50570 
51540 
55840 
50790 
51010 
49120 
48560 
51580 
51700 
51360 
48830 
46880 
51120 
50660 
47100 
63000 
54100 
72580 
59880 
50680 
47860 
46200 
48980 
49620 
49940 
48380 
49490 
49150 
46440 
45540 
47680 
47810 
47520 
46910 
49070 
46380 
48170 
46280 
48090 
45670 
47970 
48500 
47230 
45670 
45990 
46830 
47200 
60980 
53140 
51170 
47280 
50840 
55610 
53000 
50880 
48920 
45210 
47930 
47390 
51490 
48820 
46050 
45660 
49780 
49020 
48620 
49150 
48540 
47690 
45710 
50050 
48840 
47340 
46980 
45380 
49930 
50280 
45370 
46350 
48370 
48870 
45060 
48100 
45510 
46750 
46970 
45810 
45820 
47770 
46420 
47550 
46870 
51530 
49290 
47580 
49780 
50010 
45730 
46870 
45170 
47550 
47180 
46280 
46940 
58840 
53570 
52280 
52990 
54950 
50950 
52220 
52780 
48470 
47600 
48980 
47150 
45930 
47600 
46950 
45980 
46510 
47920 
46750 
44640 
45190 
44540 
44500 
47300 
45650 
45680 
47420 
44350 
47780 
45050 
44720 
49850 
46740 
46160 
48430 
47220 
46500 
47780 
47630 
48540 
47280 
46630 
46160 
45590 
50360 
44750 
46670 
45310 
46250 
48580 
58840 
53500 
46560 
59740 
54950 
51930 
50440 
45930 
48290 
52600 
47610 
47080 
46970 
47670 
49730 
47530 
48890 
46160 
46500 
62850 
57380 
49360 
48030 
45530 
50030 
48570 
49130 
45240 
46570 
45720 
48130 
48820 
45090 
45040 
45050 
46390 
48090 
49260 
48250 
45870 
48460 
47230 
45330 
45870 
47540 
46550 
48370 
47810 
45960 
46330 
58980 
56200 
46170 
59980 
55720 
46070 
49240 
50160 
48650 
47320 
46810 
47580 
47060 
48600 
46130 
47370 
45630 
47020 
46520 
48100 
47200 
47190 
49470 
48920 
49330 
49480 
47830 
49120 
46700 
48610 
48700 
47610 
48260 
46420 
49070 
52120 
50530 
49840 
47990 
46250 
46680 
44010 
48410 
50800 
48790 
46150 
45470 
46620 
48410 
48240 
44850 
47500 
47620 
47540 
49370 
43430 
50300 
55290 
56760 
56740 
50040 
49440 
49520 
54490 
51360 
47960 
47680 
48980 
48400 
47270 
46410 
45260 
46740 
45170 
48040 
48280 
51850 
49230 
48060 
48130 
47280 
44320 
46250 
48270 
51260 
45420 
46510 
46180 
56360 
51890 
47110 
44540 
44740 
46030 
49200 
45860 
44800 
45240 
49400 
46640 
49720 
43590 
49220 
47490 
48420 
50580 
53510 
54740 
56180 
56650 
53760 
47270 
47040 
48740 
47650 
49240 
48040 
45290 
46770 
44520 
46740 
46630 
47390 
44580 
46430 
47710 
46320 
48360 
47970 
45230 
47170 
49500 
47560 
45970 
49040 
46080 
47050 
48970 
48290 
44580 
44480 
46290 
47270 
45110 
53030 
49640 
45570 
62530 
53660 
46680 
51260 
48990 
52220 
49500 
49410 
45380 
52420 
55430 
57040 
57660 
52440 
50240 
48750 
50270 
48510 
46220 
46280 
47820 
46760 
46820 
44680 
44820 
49360 
47960 
47440 
46910 
43270 
47250 
48660 
48650 
49430 
44730 
46340 
46490 
49600 
49840 
47140 
46060 
50310 
47770 
48150 
47230 
46380 
46660 
47030 
48070 
47420 
44830 
49370 
47500 
47850 
44370 
45560 
46640 
48560 
48360 
46280 
45230 
45680 
50140 
49020 
49640 
48810 
59910 
60730 
51830 
49390 
46160 
47280 
46980 
48240 
46980 
47320 
46840 
47640 
47190 
47230 
48670 
47950 
48850 
51540 
44720 
47800 
46360 
46680 
47390 
46580 
48840 
47690 
43930 
47040 
46110 
47730 
48640 
49350 
46080 
47320 
45080 
46510 
55200 
56670 
53720 
50990 
62400 
48370 
46830 
48780 
46580 
45470 
47210 
47420 
47090 
48520 
60030 
59010 
53430 
50530 
48600 
47790 
46580 
47910 
47220 
47560 
47110 
46090 
47830 
48780 
46840 
46950 
45400 
46750 
48590 
49220 
45200 
46740 
47280 
46230 
48140 
47770 
46050 
47740 
51480 
51960 
46390 
48460 
47290 
50010 
48590 
47650 
44970 
48160 
46510 
52860 
49220 
47650 
49640 
47080 
50600 
51770 
46750 
52040 
47080 
47420 
61940 
60130 
53600 
47860 
47050 
50820 
49490 
47400 
45530 
46930 
49900 
50940 
47430 
45420 
45480 
49390 
48790 
48790 
46380 
47910 
49020 
48610 
46240 
44780 
46110 
46470 
49820 
48270 
45100 
46850 
46020 
47980 
45890 
45540 
43940 
46250 
48500 
46740 
46390 
44120 
45540 
48170 
51850 
48520 
44200 
48230 
45380 
48420 
44530 
47040 
46240 
49540 
50660 
49060 
46260 
45030 
58200 
58810 
57010 
52340 
48720 
46150 
47600 
45910 
45850 
47190 
44750 
49170 
46590 
47360 
48070 
47830 
49950 
47650 
46600 
48460 
44440 
48560 
47160 
46740 
46380 
47010 
44850 
47010 
48140 
45610 
44600 
44880 
47130 
45840 
48610 
47720 
47610 
49270 
45820 
47500 
44650 
46850 
50710 
49730 
48790 
46040 
47750 
47500 
49000 
50060 
58300 
55760 
55640 
52370 
47510 
46330 
45600 
45450 
46890 
47670 
46750 
45410 
47480 
46250 
47280 
45460 
49780 
50080 
47090 
49930 
43290 
47330 
45770 
52170 
50210 
46090 
47090 
45710 
48770 
48380 
48470 
48700 
49030 
47740 
50510 
50730 
43270 
47360 
47150 
50860 
46720 
47970 
50590 
47480 
46910 
51540 
49960 
50100 
48710 
48390 
60070 
61010 
55110 
49440 
47800 
49510 
52310 
47250 
46770 
45780 
47770 
45380 
46340 
44930 
47580 
46160 
45280 
49790 
43820 
51480 
50780 
47730 
47430 
47060 
49320 
45600 
47770 
50220 
46460 
46690 
48560 
48120 
45350 
48100 
46910 
47840 
47810 
46210 
46240 
46270 
46280 
46470 
47900 
52470 
47260 
46570 
48240 
49750 
45130 
47390 
45460 
46170 
47630 
47870 
46090 
58700 
51530 
50720 
59450 
55860 
49530 
46590 
50890 
47840 
49060 
46840 
43820 
48100 
49380 
48260 
44450 
45950 
47960 
48570 
47290 
47910 
46830 
46490 
48410 
48120 
44290 
46950 
46010 
47870 
44540 
45070 
44900 
48020 
48580 
47910 
46940 
45420 
46150 
47240 
50090 
51310 
48820 
50060 
47390 
48200 
46120 
46830 
45770 
45790 
48480 
58980 
52620 
49390 
58080 
54220 
51640 
47420 
46140 
47150 
47730 
48920 
46090 
46860 
45940 
62900 
57710 
53960 
50300 
48770 
49210 
49080 
52810 
53270 
56970 
50170 
47920 
47770 
45050 
45520 
44890 
48630 
47660 
46510 
50650 
49500 
48920 
47720 
49070 
49330 
48690 
60390 
55240 
50920 
44460 
47000 
51440 
51440 
49960 
46910 
45490 
58560 
55010 
49580 
61360 
53370 
46810 
50210 
47060 
49380 
46000 
47190 
46980 
45790 
48680 
47930 
48870 
50550 
48030 
46120 
48140 
48440 
53080 
52850 
47130 
46570 
45400 
45060 
47110 
45760 
48650 
45240 
45010 
48390 
44620 
46060 
47360 
47980 
47090 
45940 
45190 
46500 
49190 
49960 
48860 
45950 
46360 
48260 
47000 
49050 
46160 
47280 
46560 
48740 
47670 
47910 
58820 
53080 
47290 
50100 
53060 
53980 
51060 
48470 
47390 
45110 
47090 
47920 
49710 
47630 
46150 
46800 
48340 
48720 
45600 
47100 
45590 
45640 
47840 
47470 
47830 
46930 
45160 
47660 
49290 
49920 
54010 
49550 
45310 
46670 
47500 
51940 
48010 
47110 
48010 
48250 
59990 
57400 
47860 
47670 
49880 
49260 
47130 
46330 
45040 
46680 
65990 
56700 
48490 
47180 
53680 
55280 
52860 
48730 
49390 
47130 
50410 
47400 
45970 
50150 
45210 
47880 
50440 
46380 
46720 
47030 
48960 
47600 
45170 
43200 
43380 
46700 
50380 
46750 
46780 
48850 
44890 
47240 
62650 
60020 
50050 
46960 
50620 
50400 
48070 
46470 
45550 
46510 
48920 
50570 
47410 
47700 
44610 
47370 
46870 
47690 
60070 
53340 
50390 
47490 
52960 
55990 
51320 
49320 
49340 
47190 
45800 
46880 
47710 
47130 
46750 
45410 
45400 
51770 
51100 
47050 
47590 
47990 
47440 
49430 
47450 
48660 
44520 
48310 
47930 
48180 
46620 
45630 
47190 
49150 
47570 
47540 
50570 
47810 
48860 
44620 
48070 
49120 
44050 
49500 
44980 
47360 
43790 
46340 
47050 
48560 
46900 
46220 
43750 
47420 
46650 
59450 
53430 
47160 
48970 
50670 
45850 
52560 
54350 
51980 
50070 
51770 
49630 
46080 
46160 
45290 
47190 
48560 
49090 
48190 
47510 
47470 
44920 
46120 
46800 
46730 
45800 
47340 
47700 
49410 
46040 
46830 
48600 
47770 
48200 
47580 
47790 
49940 
45930 
48100 
44690 
48720 
47940 
46580 
46020 
45850 
46670 
47800 
47720 
45870 
48620 
59650 
56730 
53470 
46620 
47750 
43780 
53970 
55340 
52210 
49470 
47740 
49650 
47770 
46680 
47210 
45590 
48770 
47430 
48950 
44570 
46040 
47980 
52220 
47850 
49840 
47530 
46730 
47060 
49420 
47350 
48160 
48730 
52750 
48340 
47490 
44940 
47290 
49790 
49020 
45520 
46520 
48520 
46880 
47160 
46290 
44490 
46410 
49240 
47310 
46830 
60740 
53210 
47950 
49850 
48290 
47110 
52160 
55140 
56360 
49290 
44880 
48210 
50520 
52310 
48990 
44980 
46210 
44110 
47560 
47560 
46190 
46680 
46610 
49090 
48870 
47240 
47660 
46520 
46030 
49930 
47910 
45920 
50920 
48400 
47870 
48030 
48290 
45780 
48030 
46470 
46900 
45580 
45240 
51010 
48390 
48850 
48630 
45720 
49120 
45610 
47530 
46700 
47030 
46020 
48280 
98380 
57710 
51680 
46380 
48150 
47960 
48050 
49820 
57850 
54410 
50090 
49570 
45630 
45910 
45280 
46600 
48270 
47470 
46750 
46820 
46350 
47880 
47380 
47720 
46700 
47290 
46950 
47620 
52380 
57710 
51380 
49940 
45500 
44080 
45820 
46500 
49010 
46290 
51530 
50500 
44930 
49790 
45870 
48190 
45390 
47300 
47080 
49300 
47580 
47660 
52870 
53680 
53580 
48780 
48120 
49960 
46210 
48360 
59470 
54760 
49040 
50460 
49410 
47390 
48240 
48190 
47260 
49390 
46550 
48240 
48270 
46770 
45260 
47740 
47170 
49200 
46970 
50250 
49790 
55500 
54710 
47670 
45550 
45290 
46310 
45890 
47560 
47820 
51130 
50620 
45800 
47900 
43990 
46850 
48140 
44800 
45830 
44950 
46730 
47540 
52160 
54810 
52590 
48160 
50080 
47630 
45730 
47360 
58130 
56080 
49060 
51200 
50080 
47240 
49510 
47250 
46940 
46960 
49410 
48490 
46600 
48260 
45320 
47360 
46620 
47740 
48280 
45890 
46990 
50580 
49900 
47080 
47170 
46890 
49050 
48420 
45100 
47940 
49080 
49600 
47070 
47490 
46430 
46090 
46710 
48140 
46370 
46850 
47150 
46980 
46800 
49660 
46500 
47630 
45720 
47480 
60000 
58840 
49720 
48920 
48030 
50180 
50200 
47410 
46690 
57210 
54330 
51840 
46300 
49610 
44750 
47620 
47790 
49360 
49980 
45650 
47130 
52470 
49170 
47340 
46020 
46720 
52640 
49380 
45040 
48050 
45170 
52900 
47220 
46640 
45810 
47070 
49210 
48050 
44070 
44760 
44640 
48240 
48920 
48920 
43710 
45950 
46880 
49080 
45830 
46680 
57920 
55860 
52820 
49360 
46060 
45740 
49940 
49390 
50490 
59300 
53180 
54020 
47280 
51030 
47870 
47320 
46400 
49020 
48550 
48190 
45240 
45160 
47230 
48680 
51600 
48550 
52060 
48270 
