51480
24741
23490
23670
22850
22200
22200
23460
22390
23811
22010
22990
21820
22340
23110
23000
62110
61920
59331
61431
60601
95231
78580
75010
72690
74280
70540
76050
72971
73251
77201
76530
79550
75600
72210
74550
72660
72731
74981
72031
76690
71950
72700
75160
75740
74861
72541
89391
66281
58670
57040
62630
59070
62250
57821
62491
63951
60950
114201
107241
86030
76290
61770
59530
59411
57701
61071
57790
57520
60250
58530
58580
57201
57581
60831
59470
58420
58930
58250
59130
59600
57091
63071
63031
61771
61370
59110
61370
60510
58380
101430
73761
75391
72871
70840
73670
72590
74280
73730
72950
76730
73421
70791
71900
71790
74940
71050
70360
74470
70951
72401
73381
72290
76620
71670
75760
83520
61880
87061
58601
57051
60890
59330
60760
63040
59620
62940
116940
95091
78881
61510
61560
58160
60660
61790
57100
58911
58721
58391
59190
57090
60340
59700
58500
58940
58081
58671
60250
59390
59340
58870
60280
62620
60850
60031
60271
59210
61260
100161
73640
73780
72490
72810
72031
74671
73761
73860
71380
75180
73770
74770
70770
81971
84961
74481
75621
72500
71740
77330
72140
71280
76371
72631
77491
83661
66060
60200
57380
60410
61600
58471
63141
63621
59740
61840
117571
114300
79200
67730
66140
58701
59361
58860
57110
60740
57720
58180
59600
58231
63951
58530
58900
59710
58150
59970
59790
58910
59601
58271
62231
61640
61230
60710
57720
58790
61010
69120
85751
72601
70620
76761
72130
73650
73410
74480
75390
73591
71301
74681
70640
72270
73600
73350
75950
72991
73191
76521
71151
78850
72550
72930
74900
73800
78430
59901
56361
62840
60090
60350
60900
59950
65460
62260
60701
110901
95841
79360
63320
60770
61310
57700
59660
58341
57191
59580
60270
58240
60480
59400
59320
56540
58481
59701
58050
60210
59470
58590
59460
61590
60220
62741
60271
61351
60630
60790
98200
75840
74480
76080
71101
74811
72671
71580
76570
71340
74270
73340
71860
78001
74481
70801
74490
73450
77360
75610
74140
74480
74780
73541
73341
72810
85480
63830
59230
60840
61010
64001
60571
59050
66730
60760
61890
120821
103620
89420
67950
61401
60441
57130
63020
58240
57910
61000
57000
59401
59071
58071
62160
56180
58910
58160
59740
60490
58231
59221
59891
60250
60600
60350
61570
62470
61680
57471
84761
71191
77061
71330
75780
74900
72080
74330
72461
71361
73081
72121
72260
75290
74860
76610
71590
71430
76101
71271
73301
73420
74440
76180
70500
71130
77321
72221
63841
59070
60790
61670
58440
58840
60340
61080
63461
102890
108361
91601
78420
66090
58850
58680
62460
57911
57781
60070
56830
61720
58440
59670
58750
58570
60141
58981
57700
58540
57990
61250
56840
58230
61820
59331
64801
63371
60040
61300
62390
98510
78190
72540
74711
72691
71551
77041
72360
70730
74160
72560
77280
73721
71531
73191
72881
71840
74490
72390
75490
72000
71721
72471
70851
73390
71150
83930
64160
59460
59770
62131
59241
61771
61150
63040
63200
60820
123650
92240
81741
68381
60351
60010
60790
58230
62300
57410
59880
60681
57361
60351
57850
56720
59780
58130
61390
58150
58510
59331
58621
59720
64630
60140
63390
60570
58950
63900
59691
94121
72491
71860
75070
72840
75770
73680
72440
73681
72511
68980
78611
72310
72740
71430
70540
75500
73041
73211
77671
72350
75860
71300
69970
80990
74310
88020
69611
65130
63450
60250
61210
62450
61190
63250
62581
62041
122261
108461
82600
77080
62360
63480
60810
62911
61771
59671
62490
59950
59610
60910
59050
59910
62991
61141
61410
58720
61490
60570
59510
60000
58300
61501
62381
62501
61300
60150
60300
62610
98600
71930
74770
73171
78081
73340
72290
75620
74860
75620
73950
75251
75061
71741
72860
74730
73580
74730
74540
71220
75461
71851
74021
73420
71860
74730
89750
64570
63310
60111
63431
60481
59410
62210
63560
62830
62090
107500
101731
82081
65811
60430
60130
62550
58950
59440
63160
58711
61051
58551
59830
61240
58590
59620
60260
58770
60071
59031
59061
60810
60000
63180
59410
61910
61960
60241
59401
62971
101401
77770
73810
72420
77270
74890
72741
72571
71901
78611
72890
74250
77020
74800
77710
73351
73571
77291
75451
74750
75730
73140
75880
73950
75061
78221
91971
66861
60450
59000
62670
61230
60630
61070
64531
63961
61300
122311
111141
85480
77170
62970
59510
61061
59721
59850
61700
58800
61600
58190
60040
60430
58531
60741
58150
60070
60890
60300
61990
60510
61080
61941
60161
61581
63040
60640
62070
61130
60540
100050
73011
73811
74541
71040
75650
73440
74460
76280
71920
75851
73581
70291
74420
75430
73800
72980
70570
77110
73781
70211
76281
71820
78230
72700
74890
85720
62451
59741
61531
58370
61170
60450
61270
63860
61270
64350
123630
95221
82451
64680
62850
61260
59790
62130
57390
60031
61071
60140
61230
58830
59110
58800
57550
58880
58891
57811
60550
57410
62180
60960
61320
60970
60690
61070
64521
60711
61690
100251
72820
78000
74430
73690
78411
73721
76691
72781
73790
75040
75070
72620
73340
73760
73321
73591
74701
75590
73010
75510
71990
73630
75991
72161
76051
91081
63410
61980
58800
60940
63050
60151
60901
64671
60431
63790
123711
108050
83660
68990
64380
58691
60081
58961
58830
60480
60210
58220
59740
57680
59001
58691
58640
60030
59470
60600
60890
58790
60831
58171
60981
62740
61830
61260
62180
60450
59570
70270
88861
74201
74811
79510
75070
72580
75860
71670
75700
74871
71671
73531
76710
73560
75950
74030
78400
73931
72631
77351
74231
77900
76020
73270
75040
71520
80250
63711
58731
63140
58710
60230
62210
60880
62540
62600
59181
124591
94991
81820
62440
58550
61220
58200
59480
60161
58901
61110
59100
58600
60710
58160
60750
60410
59431
60801
57670
58550
59610
60240
60590
60330
61520
64491
60921
59900
61720
61210
104901
69680
70860
75120
73061
77071
82891
73640
76380
73160
74200
76340
73430
74671
72391
72951
75051
75290
75440
74480
74100
76530
77001
72721
75571
74210
91300
65570
61100
61930
61170
61211
60991
59351
66700
61930
62970
154851
111020
88570
65831
61031
64231
60040
61350
60910
59150
64010
60370
59660
61281
58721
63820
60600
61050
60900
59980
62210
61981
60491
62121
62550
62270
64250
62510
62970
61310
61211
93600
72991
77461
75780
73460
78180
72130
73210
75431
73611
79681
75431
73040
76110
74210
73760
75080
74370
82081
74091
75251
75520
72500
76220
74200
75240
90730
68671
61351
61570
61790
65270
59680
59380
61950
63820
66771
121811
109381
91971
78600
66870
61710
59860
63970
58971
60091
62361
60450
62380
59770
59950
61290
61170
61441
59971
59881
61600
58510
59150
60230
60610
65120
61411
63361
63011
60940
62640
61940
105630
77820
73720
74721
73311
72091
76370
71750
75120
77560
72840
74280
72771
71601
76541
74201
71060
75950
73080
75680
75140
71941
73811
71151
72631
76190
85090
66500
59430
59350
62221
60151
60881
59400
64050
67170
62730
120960
104190
81610
67901
60091
59010
61230
58640
61230
58330
58790
60251
59381
60501
57770
59030
58790
58010
60270
58520
58971
59571
60941
59320
63830
60920
62310
60140
59520
62661
60561
96901
74721
72150
76680
76160
70050
75780
74511
71821
74961
71521
75980
71530
73880
73740
73440
78580
72831
73901
77990
72310
73640
72470
72650
77670
73560
82501
68491
58010
61080
58830
60710
62110
57940
68840
64711
59171
120431
107351
85170
74710
61190
61250
63750
69181
62511
58900
60830
59210
59140
62330
58020
58410
60051
59191
64210
58760
58260
62400
57790
60620
61140
61631
62791
59500
61560
61420
63540
62230
86240
73280
75180
72011
74161
72580
73650
76850
71780
71290
76010
71571
76961
72911
75831
77830
74090
73740
72600
72650
73941
71631
72551
77700
76050
74780
85780
62450
63340
60671
61231
59790
59980
62810
63050
61280
64010
121520
106640
83291
62340
62340
60170
60480
59610
58350
60680
58521
59891
59071
58710
60060
58900
60680
61990
59030
60791
62361
60830
61630
60100
61680
65210
63070
63390
59521
60121
61340
94191
73790
72660
72120
76410
75830
73511
76861
71431
74910
72290
72520
75510
71700
75170
72760
74171
77491
73521
72590
76300
77200
77860
73570
70800
81501
88941
63921
59110
58470
63260
59990
58440
58410
63501
63511
61230
121281
112131
85180
73440
61620
57880
60121
57941
59320
59450
59100
61470
59410
56660
58780
57351
58311
58530
58650
60090
56890
59710
60060
58010
60641
58131
62450
62980
60920
60340
59350
59670
101930
73161
79401
84611
77170
78120
71920
70660
74910
71520
72031
75711
73731
74800
74170
75760
73170
70280
75700
71831
72081
77181
73300
71910
75970
73900
84220
60531
57961
61421
57740
63150
59750
58570
66000
60670
60360
126340
94631
80831
62430
61670
59510
57410
61190
57210
58721
61641
57280
58480
57900
57400
59440
56820
58830
59261
58131
59660
57710
58430
60010
59690
59680
59740
60851
60451
58760
58330
101351
72950
74930
73700
70240
75130
71991
75361
71950
69980
74360
74260
71180
74410
70641
76161
70751
69300
75280
73110
71870
71260
74560
74791
73981
75301
87531
63330
59400
58660
57890
61140
58451
58191
64641
59600
62860
117481
118320
87490
65730
62521
61481
58561
60350
57780
59030
59880
56860
60750
56991
58841
60931
60450
60370
58720
58000
59470
60660
60281
57201
60791
61900
60900
61510
61570
60190
60880
76470
73501
78011
73540
75800
77230
75410
77320
72860
73890
75561
72071
74421
72580
72210
75420
70880
73460
74341
73081
76801
72061
70290
77050
70440
79710
72940
75900
61251
59261
60070
61500
57770
59950
58820
61940
63220
83121
117441
89751
86410
68180
58720
60940
59230
57200
60071
56441
57380
60180
57520
60610
57510
58010
58710
57761
59431
59840
59850
58400
56480
60400
62520
60360
62691
60621
61760
62000
58890
98290
76130
71350
77590
75731
72331
74091
71610
76500
70220
69700
75390
72750
73150
72341
71171
74140
73400
72430
72450
70900
73450
70531
69931
74851
72770
84721
63770
57360
59500
58970
58761
60831
57861
66330
60520
58680
125471
112770
82370
64381
63471
61811
57490
59180
59300
56840
59010
57230
58271
59651
57221
58230
67720
63400
63300
58970
56490
58841
58521
58960
61090
59530
62850
60560
58760
60510
58691
96521
69851
72020
72790
72450
75610
71800
73520
75150
72341
73161
73210
71240
74780
73200
69430
78470
72971
77531
72701
69950
73570
69260
74180
74540
74370
87590
64571
59011
58930
58220
62320
61230
57340
66030
60450
60571
125231
108931
83690
71830
62280
59380
59080
61100
57391
57081
58270
56840
58940
58930
57410
59920
57240
58661
60091
58150
59550
57180
57350
58220
58120
64970
59531
59881
62750
60030
57300
60860
95320
77730
70750
70191
72761
70461
77400
72620
69280
73630
72910
74310
74201
71001
78901
72720
70930
85620
75700
71740
71020
70491
76291
74691
69920
73460
82770
62360
59340
58690
62731
60421
59761
60280
62450
63030
59720
126001
102970
83011
65281
57150
57690
61030
57600
59670
58330
57740
61881
58521
60161
60030
59530
60790
58200
58730
60670
59621
58651
58940
58770
61610
57070
62380
61850
58720
61381
58361
95641
76731
74060
74290
73200
73510
77450
73021
69301
73291
71270
76681
72420
70100
76560
70060
72460
72071
68101
74070
71550
76490
72740
70150
74240
71420
82261
65421
58040
58430
61760
59670
61890
57790
61250
61621
58181
127811
106931
85230
76010
62500
58440
58350
55971
59681
57020
60250
58770
58550
60560
56460
58201
58451
56511
59150
57070
57000
60350
57280
57740
59040
57931
61951
61390
61520
59210
59160
58800
100380
70550
74001
72571
73291
72930
72320
73880
71360
70620
75190
70921
72591
72371
74370
76440
72940
69020
73530
72820
79220
72021
70251
79180
73820
70730
83540
61670
61760
57611
59691
62661
58420
60540
61570
59880
62070
128780
99781
78831
60690
60470
57290
58720
58630
56560
62170
58041
57241
59741
58070
59000
58810
58870
60580
57900
58801
59211
57111
59950
57660
59920
61760
62180
61860
58771
58191
62761
93111
71560
75570
73290
77370
72190
73551
75291
71581
71810
74440
69820
73970
70950
74630
73480
71541
73651
70450
87970
77970
72280
73860
72720
70320
76241
84751
63330
62160
57350
61190
59340
58160
61261
62111
60611
60910
118711
108440
78020
70500
62090
57571
60051
57881
60740
57650
58890
59310
57950
57920
60730
57011
59111
58330
57410
58820
58460
59980
59750
57140
61511
62621
62670
61670
59990
59180
58460
66020
85940
81061
71031
76591
71500
73920
72650
70090
77980
77120
73071
74271
70901
74491
71340
70160
76840
75570
75980
75411
72441
74051
74080
74830
74340
71640
81720
64450
60581
63531
60650
60830
60510
60650
67330
64540
59580
125720
97561
84821
62040
57840
63420
58290
59410
61530
58211
60721
59110
60580
59650
60240
62230
59280
58440
61191
58241
58981
58730
58150
62310
62370
