113500 
77490 
68540 
66470 
65540 
65210 
71740 
68910 
67640 
69900 
65070 
70140 
66580 
67840 
65490 
52730 
45630 
43500 
49330 
45120 
48410 
44790 
52230 
50160 
47420 
81550 
80610 
66800 
58530 
45430 
44760 
46370 
45130 
45710 
46930 
43910 
47970 
45830 
45700 
46370 
44040 
45040 
44370 
46550 
45120 
43430 
42850 
45210 
45270 
42700 
49050 
45740 
46430 
47720 
43460 
46480 
48130 
73140 
63350 
60630 
59220 
58350 
61750 
61140 
58890 
56560 
60480 
56720 
61310 
58780 
59370 
62020 
60570 
62040 
62320 
59610 
59960 
58790 
57870 
61260 
57800 
56860 
59650 
63260 
49450 
43960 
43790 
49610 
47830 
46130 
47060 
49700 
47110 
45810 
81170 
77850 
62930 
49020 
48470 
44110 
46850 
43510 
42740 
46590 
44220 
46350 
48920 
42910 
46820 
45020 
44860 
45420 
47080 
47470 
46510 
44660 
47080 
42100 
45400 
47660 
46550 
47820 
45910 
44500 
48540 
73090 
61050 
59520 
59290 
56650 
60940 
59120 
59520 
57420 
57950 
61920 
60630 
59160 
59480 
57830 
61050 
61390 
57540 
58700 
55870 
55520 
61840 
59880 
59130 
56590 
57190 
68300 
49180 
45300 
45160 
45040 
47920 
45080 
44330 
54600 
53450 
45020 
85610 
83280 
66650 
56490 
43760 
46380 
45320 
43790 
44930 
43350 
44930 
50020 
48630 
45000 
44130 
44440 
47750 
42620 
44860 
43960 
42950 
47110 
51670 
51430 
45100 
44240 
48970 
46190 
44600 
46770 
43930 
43860 
77260 
57990 
60140 
60530 
59200 
63910 
57220 
57860 
57500 
58500 
60680 
57460 
56980 
58310 
59360 
58220 
62910 
59830 
60330 
62620 
63180 
60920 
59420 
57890 
59570 
57350 
65590 
46400 
46750 
46200 
45040 
49570 
47620 
44040 
51290 
46570 
46610 
84660 
77550 
63080 
51600 
45230 
48700 
44380 
44520 
47680 
46030 
44380 
48440 
44790 
46460 
42930 
45170 
47050 
44870 
43760 
43150 
44020 
44440 
43440 
43320 
47270 
47260 
46000 
48900 
44010 
46560 
49110 
71910 
64420 
62220 
59930 
60340 
60870 
60260 
58420 
59720 
60630 
71150 
66000 
61730 
60700 
62790 
58370 
58020 
60100 
57720 
57790 
60140 
56550 
59170 
57480 
59670 
60160 
66370 
48870 
47820 
44240 
49030 
47780 
41890 
44830 
46960 
48620 
49320 
87830 
82720 
65370 
59000 
50100 
43760 
43910 
45190 
42860 
46260 
43330 
44310 
46500 
46590 
46990 
47860 
45460 
44850 
43640 
45220 
46230 
42660 
45970 
45390 
43210 
48820 
45780 
47700 
48000 
45400 
45970 
44440 
76160 
62180 
59310 
59770 
59520 
58000 
58430 
62470 
60550 
61720 
57370 
56700 
59660 
60740 
58740 
59030 
56930 
62650 
60860 
58880 
59700 
56230 
57880 
62750 
60220 
58200 
62630 
43490 
46620 
43780 
46720 
48970 
45360 
48310 
53770 
48860 
48030 
84770 
79610 
65110 
51920 
45960 
47470 
43660 
45840 
47010 
44470 
44090 
43150 
45920 
45050 
44210 
46980 
42950 
44130 
46560 
42860 
45670 
45670 
43830 
47810 
45160 
44410 
48450 
44930 
49910 
44510 
43120 
70420 
57810 
59640 
62640 
57920 
59990 
58750 
60830 
63460 
60750 
60610 
59370 
59310 
62030 
60030 
62770 
62100 
62200 
62400 
59590 
59810 
61240 
59910 
58550 
61490 
61510 
66450 
50180 
44020 
47500 
47040 
45250 
45920 
43400 
45350 
50340 
45260 
92460 
81460 
67170 
61750 
47110 
45320 
45970 
44270 
45540 
42680 
44060 
45060 
44460 
44260 
45460 
43660 
46240 
43750 
45190 
46450 
43160 
43290 
43770 
44550 
44140 
44980 
44600 
50700 
48280 
46690 
47300 
46280 
75350 
62090 
57340 
64190 
57060 
58770 
61670 
60090 
58550 
58860 
57660 
59420 
57990 
57070 
59100 
58840 
60500 
58600 
58250 
61230 
56230 
60170 
60670 
57090 
62880 
56280 
63480 
48970 
43480 
42370 
51780 
46010 
48540 
44850 
49000 
48510 
45570 
82660 
80020 
59640 
53790 
43110 
45050 
47110 
43530 
43150 
50800 
49650 
49400 
43880 
45810 
48590 
44410 
45270 
44230 
56860 
47720 
44070 
46860 
46400 
44120 
44970 
48460 
48720 
50080 
46090 
44860 
47780 
65500 
61300 
58220 
59420 
62840 
61660 
59840 
60740 
58630 
57360 
64070 
59770 
59230 
58800 
56040 
63310 
58740 
56130 
58250 
57620 
59020 
58010 
57640 
60240 
57350 
57150 
68350 
54400 
50110 
46700 
47080 
47780 
47020 
46610 
47690 
48990 
48550 
81620 
81720 
71800 
60090 
47500 
48350 
44810 
45590 
42240 
44040 
46180 
45160 
43930 
45760 
45710 
45550 
44970 
44870 
48550 
44180 
42090 
46300 
43810 
44790 
46040 
45630 
49030 
46230 
45890 
45650 
44410 
48390 
75080 
59620 
59310 
59350 
59070 
62800 
57480 
60720 
58540 
61420 
62000 
60170 
59290 
58210 
61030 
59750 
58850 
58170 
58740 
59190 
61720 
59740 
58390 
58670 
62490 
59690 
66330 
46100 
43840 
45680 
45930 
50260 
45930 
44400 
52270 
48080 
48130 
84790 
79160 
65770 
50950 
44420 
47240 
45690 
44880 
45280 
45990 
48400 
45320 
44260 
46010 
45160 
42770 
44940 
44480 
46100 
44390 
45240 
44940 
43040 
46850 
48450 
48790 
49060 
45400 
48990 
47020 
46250 
63010 
64370 
56650 
61360 
59940 
58070 
60370 
57230 
57090 
61320 
56070 
62570 
57790 
57200 
59570 
58040 
58840 
61090 
57850 
62730 
58540 
56330 
60840 
57780 
59360 
59030 
58800 
57170 
43900 
44380 
49910 
46310 
43450 
46910 
47280 
53320 
46030 
69600 
83990 
69940 
59540 
50190 
45290 
45470 
48230 
44020 
46650 
44950 
45510 
46300 
44290 
49080 
44470 
42930 
45080 
42810 
45670 
44260 
41620 
45860 
43370 
44510 
46230 
43170 
46310 
47270 
45850 
47130 
44280 
74840 
64350 
62160 
59960 
60980 
59140 
59890 
59260 
58350 
59360 
56840 
56900 
64890 
60890 
58100 
57680 
57860 
62670 
60020 
56580 
58840 
56630 
60070 
58290 
62180 
61990 
65340 
48400 
46120 
46520 
47550 
46940 
45040 
48840 
53720 
47750 
45730 
83230 
81240 
62230 
50610 
45920 
44040 
45240 
47730 
43890 
47780 
45520 
43930 
47100 
47420 
46240 
44630 
44490 
45230 
45630 
44150 
44910 
43450 
47230 
48920 
45220 
47570 
48280 
45980 
49020 
46790 
45390 
63270 
59930 
61920 
58310 
59930 
63120 
59280 
58180 
60670 
59030 
61950 
57170 
60490 
62430 
61010 
59450 
59670 
56610 
60880 
57970 
56260 
58130 
56800 
58930 
60590 
58630 
59580 
58070 
46580 
45850 
45550 
44950 
45800 
45430 
49360 
48950 
45320 
69510 
82910 
69950 
64030 
44620 
46840 
45500 
45170 
48000 
45080 
45000 
43920 
44510 
45620 
43950 
44700 
46690 
46350 
45760 
45800 
46370 
46740 
45730 
44890 
47770 
47800 
46470 
47700 
47800 
47290 
48850 
46100 
76320 
62380 
58470 
65870 
59030 
60890 
59860 
57250 
61740 
60820 
58290 
61970 
56280 
59880 
62530 
59240 
62780 
59400 
58720 
61720 
59650 
60540 
58970 
57580 
59930 
58770 
64610 
48310 
44470 
48830 
44460 
49120 
46200 
43930 
48330 
50240 
47940 
84140 
79560 
64400 
53630 
44660 
46400 
47620 
48920 
45140 
46000 
46700 
47300 
42720 
45530 
48250 
44240 
46450 
43140 
44710 
47130 
43710 
45180 
43310 
41910 
51390 
45700 
47170 
46710 
45470 
49210 
48300 
63650 
63020 
59380 
61390 
65510 
60370 
60920 
57480 
57910 
63240 
60840 
58590 
59950 
57340 
57330 
63340 
61200 
58180 
60420 
57230 
61330 
62190 
61950 
61980 
58050 
60930 
61330 
59220 
48090 
42590 
45670 
48030 
45890 
45200 
45150 
48640 
48360 
68600 
81650 
71220 
58140 
49790 
45260 
44640 
45420 
42820 
44340 
48660 
45020 
45860 
45700 
43030 
46560 
45520 
43760 
45790 
43190 
44610 
44780 
42880 
45390 
43100 
45570 
50170 
45440 
46800 
45860 
48390 
51680 
73750 
60100 
58670 
59660 
62560 
60720 
58380 
56940 
59230 
65220 
61810 
58770 
58260 
60140 
59680 
61790 
59070 
57490 
57110 
58640 
61560 
58070 
56080 
55770 
58420 
57270 
68750 
45330 
46800 
43460 
50390 
50030 
46110 
44740 
53380 
46230 
49370 
83910 
76940 
63880 
50890 
44180 
46780 
44740 
46150 
46670 
45930 
46760 
45580 
46220 
45810 
47970 
47340 
48570 
48620 
45900 
48750 
45050 
46940 
45170 
46460 
46510 
46990 
50170 
47810 
46390 
46420 
46360 
60720 
60350 
57110 
59910 
62160 
56340 
59960 
58830 
60150 
60710 
56900 
63120 
58330 
60650 
62550 
57820 
62840 
58510 
59170 
59560 
60480 
59080 
61400 
58030 
60400 
60090 
59830 
58960 
49770 
46140 
47520 
45430 
50310 
46160 
48150 
51220 
48230 
73910 
81960 
70930 
61850 
45820 
45210 
46740 
43160 
44480 
45470 
43300 
44900 
44360 
44280 
45860 
41630 
42540 
47120 
45300 
47890 
43880 
42760 
45100 
44220 
46810 
46650 
45100 
51350 
47220 
47750 
47960 
43560 
74750 
63240 
60300 
61060 
57540 
58660 
61050 
59780 
60220 
58390 
62820 
63160 
60740 
59720 
58270 
57260 
58240 
65480 
61620 
58770 
61410 
58570 
62370 
64390 
59260 
58650 
62640 
48120 
43950 
45990 
48720 
44690 
43360 
45780 
50710 
48440 
45380 
84300 
81200 
64750 
52370 
46200 
43980 
48510 
46280 
45230 
46480 
43040 
43400 
47280 
44570 
45700 
43530 
43140 
47700 
44710 
46350 
45530 
42350 
44390 
45760 
44820 
48570 
49540 
45210 
52940 
44990 
48390 
61670 
57460 
62600 
61810 
58000 
58680 
60670 
61140 
57340 
56780 
58540 
56300 
57420 
60120 
56830 
58570 
57690 
58350 
62770 
59130 
57540 
57190 
58460 
62490 
59960 
58830 
59710 
58670 
48730 
47030 
46200 
47460 
46840 
44930 
47490 
47210 
45850 
68800 
81460 
73340 
57630 
45870 
46300 
44060 
48650 
49500 
44600 
47760 
44130 
45330 
52470 
45500 
55540 
47190 
47550 
45540 
42150 
46710 
46250 
44420 
42430 
46800 
46180 
46980 
47320 
46280 
46980 
44470 
43970 
75990 
60400 
59280 
59120 
56390 
61000 
58590 
58000 
63440 
58660 
62290 
59590 
57230 
60740 
57140 
60200 
61440 
55670 
61510 
58590 
57750 
58720 
59660 
57710 
61410 
57870 
66030 
49290 
43530 
46760 
45610 
45840 
47870 
43020 
53060 
48800 
48050 
82820 
82900 
62660 
53370 
44260 
47430 
44510 
42780 
46510 
43540 
43570 
46900 
43640 
47150 
43620 
43030 
46690 
43220 
43940 
49820 
47370 
48200 
44770 
43020 
48950 
45340 
48640 
48190 
45300 
47500 
44820 
58820 
62660 
57210 
58700 
64540 
59980 
61020 
56440 
56060 
60850 
61340 
60060 
57560 
60520 
64320 
61820 
59250 
58070 
62040 
55400 
61870 
60170 
58830 
57610 
56280 
62010 
61660 
56280 
46030 
42680 
48150 
45670 
46760 
44170 
45220 
47510 
47250 
66200 
81140 
71970 
57140 
48870 
45020 
46120 
45050 
42510 
45210 
44660 
43620 
44550 
43030 
44230 
49390 
44450 
44260 
48840 
44330 
46230 
46450 
43450 
44400 
44610 
48780 
47710 
48620 
48250 
45740 
45220 
48730 
74520 
61560 
58400 
60110 
64710 
57580 
58770 
61410 
57010 
61500 
58170 
58170 
59170 
57900 
58560 
62660 
59090 
58050 
57390 
57540 
62780 
60420 
59200 
57240 
58570 
61640 
66220 
44590 
46910 
43960 
47410 
48910 
43590 
43670 
49910 
48560 
48520 
82910 
76800 
63460 
51920 
47950 
45310 
44170 
48060 
44760 
48650 
47520 
42730 
46680 
45700 
44670 
46480 
45980 
45760 
44430 
44430 
45630 
43010 
42470 
45750 
48020 
44810 
48520 
45220 
45090 
44850 
44370 
61980 
62960 
59360 
61120 
60110 
62200 
57970 
57340 
61240 
59900 
58450 
61270 
59230 
59260 
59230 
56900 
61610 
57820 
59460 
58250 
67760 
70200 
58860 
58660 
61860 
60520 
57820 
61370 
46750 
46820 
47210 
45590 
47860 
45040 
47260 
50680 
48720 
60430 
84040 
68560 
64520 
44860 
43720 
47360 
44290 
45780 
44540 
43450 
45750 
44310 
45300 
46260 
44280 
49100 
44770 
44300 
46220 
42450 
45550 
46600 
45060 
48210 
46090 
45160 
49080 
44770 
47250 
44260 
45300 
74970 
59670 
60480 
59050 
57920 
58350 
61370 
60210 
60160 
61530 
63120 
60630 
61720 
59790 
59730 
58400 
59800 
58830 
60240 
59540 
57840 
57010 
63070 
59860 
61310 
58170 
61640 
49170 
43660 
45100 
46850 
44340 
45660 
46550 
50770 
50070 
45310 
84000 
81450 
64380 
54350 
43280 
44380 
45790 
44660 
45480 
43910 
43300 
46070 
45650 
43590 
44460 
44990 
46970 
47070 
44820 
48740 
45030 
42390 
47780 
47040 
47010 
46690 
45200 
46440 
47540 
46180 
47000 
63670 
62390 
63320 
57960 
58580 
58560 
56720 
61990 
56240 
58200 
59280 
58460 
62260 
60750 
57670 
59560 
57130 
58770 
65950 
57340 
58030 
56760 
59280 
62430 
57590 
58790 
61880 
58560 
49790 
44210 
45130 
47460 
45690 
44850 
49000 
48100 
48180 
72720 
83800 
70200 
56460 
46750 
48720 
49490 
47430 
44160 
43530 
45320 
44330 
45330 
46300 
44820 
47120 
43980 
44710 
44840 
43840 
44280 
43800 
44780 
43470 
43870 
46540 
47430 
48110 
46080 
48600 
44970 
49070 
74620 
62070 
61700 
58050 
58780 
60120 
58240 
64390 
60320 
57540 
60070 
59300 
57440 
60580 
56450 
60190 
61740 
55950 
63060 
57700 
59510 
59700 
58320 
60450 
62680 
59270 
65550 
46920 
43560 
45330 
46380 
47960 
45990 
45910 
53240 
46990 
46540 
83980 
80000 
63630 
52000 
43800 
46820 
43330 
44500 
48480 
44340 
46480 
43010 
45670 
46030 
42770 
44050 
46140 
41770 
47620 
43770 
43980 
48810 
44000 
44100 
49840 
46320 
50360 
44930 
44440 
46830 
44410 
63130 
60020 
59060 
59710 
60910 
60920 
59980 
60960 
57480 
60390 
58890 
60670 
59380 
58040 
60300 
59710 
60080 
59140 
75220 
60330 
59270 
58100 
60220 
55220 
57520 
63300 
60930 
56090 
46220 
43230 
50150 
47980 
46340 
44020 
46920 
50680 
48040 
71900 
83110 
69520 
63310 
48740 
45860 
46580 
44760 
42910 
46010 
43980 
46810 
43390 
43000 
44700 
44040 
44100 
54870 
43060 
43820 
48330 
44700 
45050 
44520 
42650 
48130 
46700 
46290 
45400 
45570 
47090 
48100 
73080 
62410 
56150 
59620 
63010 
57010 
59510 
56840 
57360 
62080 
59230 
58230 
57490 
59010 
61220 
59330 
57730 
57900 
57610 
60580 
61810 
57810 
59900 
57510 
58210 
62960 
65030 
46810 
43360 
44120 
47070 
45200 
44720 
48550 
50720 
48880 
47890 
83770 
80970 
66280 
50240 
47030 
43900 
43900 
47200 
44320 
47590 
44210 
44770 
45680 
45420 
44450 
46500 
43810 
46290 
45620 
45720 
45490 
44750 
44340 
43320 
50850 
48600 
48110 
46980 
44890 
48490 
43340 
65580 
59580 
61020 
61650 
62040 
63000 
57520 
58350 
60410 
58160 
59170 
58420 
60840 
60040 
58630 
57360 
61600 
60860 
62230 
57890 
57990 
62140 
55780 
62050 
61100 
58530 
64630 
52460 
47900 
45790 
50430 
45900 
48940 
44430 
49550 
50430 
46830 
80910 
85210 
71450 
61470 
44690 
46060 
43990 
44970 
49060 
45810 
42300 
46410 
43550 
49750 
44050 
42610 
46520 
43610 
43850 
47340 
43180 
47240 
43620 
46050 
47170 
45210 
45040 
49500 
44960 
49010 
44650 
46330 
74390 
62430 
62620 
61950 
57660 
57640 
57010 
57330 
59280 
60990 
55530 
63070 
62370 
61190 
57130 
55420 
60020 
58480 
57790 
59010 
55280 
59400 
58960 
57680 
58960 
