112250 
49860 
2099330 
51520 
51290 
46930 
48870 
48700 
48300 
46280 
50290 
45270 
52130 
47010 
44680 
45870 
45540 
46320 
46320 
20050 
45370 
45960 
20860 
46740 
65540 
43910 
45550 
42840 
47510 
46350 
43720 
46040 
45230 
46390 
45370 
42620 
23480 
47600 
47990 
23590 
50550 
74050 
45450 
48060 
47180 
41440 
46030 
44320 
43080 
46670 
2099800 
47030 
44270 
21200 
48840 
46610 
20640 
70690 
46870 
43540 
47190 
42030 
45490 
47120 
46960 
44990 
42380 
21850 
48050 
47930 
23390 
44010 
48460 
21780 
74510 
47770 
43890 
48360 
46880 
44760 
46290 
44880 
44990 
46040 
19490 
73360 
69670 
28850 
56500 
46940 
23370 
53000 
45540 
45890 
43510 
45210 
47190 
42710 
41680 
49420 
45890 
23670 
48940 
47660 
23500 
46310 
67580 
23670 
47040 
23070 
48780 
44300 
25370 
46430 
43850 
44460 
44240 
44280 
21600 
47100 
45630 
25470 
66810 
45540 
26440 
48460 
47890 
45050 
43820 
45280 
44560 
44540 
22260 
47880 
45730 
24120 
47180 
52080 
24430 
46500 
48230 
27900 
50340 
48830 
46410 
44750 
44600 
43840 
46450 
23890 
48220 
46100 
24810 
48190 
23870 
26610 
47330 
24170 
24370 
50010 
46170 
44670 
43210 
48420 
47860 
42720 
21560 
51510 
26500 
25790 
46480 
67460 
24160 
49420 
52460 
22470 
49980 
44160 
44290 
46660 
22200 
48360 
44040 
19710 
50650 
22890 
23350 
78030 
24140 
24590 
49170 
25000 
25570 
49030 
46130 
46070 
45400 
19960 
49520 
47550 
20670 
49880 
46760 
24950 
47600 
46350 
20680 
47670 
22870 
22670 
50850 
21050 
41600 
45760 
21290 
48270 
49100 
19890 
45100 
48120 
24490 
50020 
23370 
24690 
48230 
24720 
23250 
46670 
2105730 
46450 
44770 
22600 
43320 
26180 
23530 
69670 
25630 
22760 
49280 
45700 
21030 
49030 
46860 
19100 
50350 
19050 
48450 
47250 
20070 
48670 
47480 
22670 
49790 
21000 
23580 
46900 
22900 
23940 
46750 
46460 
23160 
43840 
23030 
49710 
43660 
24670 
46940 
44830 
23180 
49840 
24290 
24410 
47110 
24860 
23620 
2086900 
24050 
25460 
50170 
19640 
46490 
44450 
21930 
47330 
45440 
22450 
47160 
49300 
24760 
46050 
43690 
23970 
47030 
22850 
24920 
45760 
23620 
45310 
46070 
24020 
45270 
44500 
22560 
47360 
45770 
21460 
45170 
22720 
23760 
46720 
22240 
26140 
45190 
23360 
45960 
44560 
23640 
51100 
46850 
23300 
47930 
44430 
24850 
45770 
22610 
26190 
46620 
25770 
23800 
48570 
25210 
47630 
45670 
45630 
45790 
42260 
45010 
46510 
23570 
46430 
45920 
32740 
57230 
52220 
28050 
55110 
46080 
24400 
48440 
42530 
48590 
49510 
21050 
45880 
2090420 
23170 
50110 
49120 
23990 
48670 
42470 
23620 
49240 
43800 
44340 
47010 
43040 
45850 
47860 
20990 
56000 
49480 
23940 
47210 
44320 
25170 
69890 
46150 
21360 
54020 
45810 
47170 
50820 
41300 
44550 
50280 
3070030 
51980 
48650 
22550 
46960 
44980 
23930 
64380 
45280 
22570 
50440 
43360 
46050 
46080 
45410 
50090 
2090500 
24680 
46390 
45300 
23520 
51770 
46130 
102700 
54220 
44650 
42130 
56630 
43780 
61520 
53230 
39970 
47220 
44760 
41960 
48010 
45060 
44900 
44840 
43360 
48160 
44130 
48450 
44750 
43250 
47560 
47720 
50420 
43340 
45040 
45820 
43270 
45770 
49760 
44740 
76060 
43010 
41260 
51610 
43690 
21860 
50140 
46300 
22260 
50700 
38950 
25520 
46800 
22930 
48660 
48940 
21630 
47410 
50360 
23140 
24650 
48590 
19030 
48560 
40820 
23800 
2096130 
3160540 
24230 
47170 
25300 
48570 
49480 
61140 
24980 
52340 
21410 
23970 
51240 
21270 
27250 
50660 
23000 
46740 
46470 
45900 
45050 
23940 
23950 
50580 
42050 
47980 
46350 
22830 
25370 
50310 
42560 
49020 
3088580 
23330 
51460 
43430 
43320 
45770 
46510 
47970 
46570 
44040 
23590 
53210 
43250 
45550 
44720 
24330 
26160 
41910 
25090 
49940 
41520 
47500 
44270 
46350 
46750 
44630 
45770 
44800 
46460 
44510 
42730 
45620 
51190 
51280 
45230 
43750 
45350 
97490 
48370 
46850 
59930 
44150 
45990 
50080 
47620 
45080 
47290 
46360 
47790 
48290 
24770 
44580 
46720 
42920 
50860 
48610 
46840 
46420 
45240 
51070 
48030 
50010 
47850 
44880 
45230 
50010 
47760 
26680 
43820 
45550 
52390 
45830 
52290 
52140 
43420 
46360 
49540 
43620 
51150 
41010 
45170 
44170 
40400 
51660 
47340 
46210 
46270 
42880 
46500 
27190 
47880 
24790 
23250 
51460 
24790 
25530 
50900 
21910 
24030 
2091660 
21400 
51360 
41280 
23170 
47670 
23140 
22270 
49760 
20930 
24050 
46730 
22770 
24850 
48930 
20850 
22780 
51770 
21600 
48350 
56750 
24200 
48450 
24060 
22760 
50450 
20740 
22350 
50890 
21370 
22240 
47180 
22960 
50740 
47290 
21400 
47990 
21870 
23750 
49610 
19900 
23190 
50410 
22200 
23330 
50410 
22880 
23650 
48560 
21050 
61690 
53930 
23320 
48710 
21440 
24380 
47720 
22580 
24450 
49260 
44770 
21210 
49300 
20720 
24340 
49550 
42220 
46940 
39850 
44360 
50790 
41220 
23850 
56500 
22210 
49390 
50680 
20800 
49390 
50200 
43010 
44820 
50510 
41160 
48280 
41460 
52730 
49150 
43270 
43510 
49360 
42700 
44710 
50830 
42920 
45790 
51910 
40610 
42670 
51460 
43220 
52590 
42470 
44850 
48560 
40780 
60810 
48160 
21920 
23930 
50790 
49950 
24780 
47840 
24910 
22870 
2092410 
45900 
46110 
44920 
44440 
45510 
44670 
46890 
46830 
44120 
48060 
43510 
43710 
46750 
42950 
43200 
49930 
43050 
42540 
45300 
43550 
46250 
44750 
40690 
72120 
42530 
45040 
48050 
40930 
44560 
46590 
43730 
46520 
2098810 
46310 
43800 
43580 
44140 
47160 
43350 
43600 
44450 
59830 
48050 
50890 
45760 
47950 
49280 
41870 
42910 
2087560 
41860 
46670 
45120 
42490 
49590 
49190 
42880 
47430 
44030 
47470 
25610 
56370 
44000 
45540 
46800 
41480 
23910 
41490 
25950 
49470 
41850 
26750 
49010 
25330 
24640 
48650 
23600 
25330 
46800 
24080 
25030 
44640 
29630 
34730 
44460 
28040 
47350 
47230 
24320 
49850 
25170 
25330 
47570 
24500 
24590 
47860 
26030 
24740 
2089830 
25130 
24010 
41520 
26190 
48100 
46640 
23670 
52040 
24840 
24060 
51660 
23290 
25660 
48220 
22930 
23640 
2086280 
25770 
25670 
40510 
26290 
50660 
43830 
25600 
46480 
24350 
24690 
47410 
24610 
23910 
48960 
25470 
23550 
2091830 
24620 
24760 
44800 
25680 
48980 
44520 
23910 
48690 
24860 
25290 
48730 
23130 
27530 
48200 
22290 
24470 
2088740 
25600 
26810 
39420 
26650 
47050 
47110 
44180 
47950 
24530 
46700 
52460 
26780 
24690 
48850 
42660 
45010 
2084260 
45610 
48430 
43640 
46740 
44420 
45440 
44390 
43100 
24750 
49510 
45700 
41540 
24750 
43830 
45870 
25070 
39860 
48080 
22180 
46400 
27090 
48780 
46650 
44230 
47820 
24540 
45410 
45780 
45920 
46440 
2086880 
45220 
22000 
44720 
24600 
23100 
44460 
24220 
44620 
44720 
24370 
45250 
42540 
48260 
40990 
44890 
47180 
40790 
25360 
47370 
38890 
47940 
20820 
45720 
46790 
43340 
42350 
50580 
42580 
45440 
47390 
42170 
41780 
25820 
41980 
44610 
24730 
49070 
48560 
52480 
42110 
25460 
47230 
45420 
45330 
44040 
44330 
25460 
51610 
48780 
45440 
42220 
49670 
21960 
44080 
47770 
43220 
43510 
46680 
43130 
44590 
52390 
44920 
44150 
51930 
45790 
44780 
23810 
44740 
44560 
23190 
45470 
65580 
45290 
49400 
48840 
42530 
43470 
49030 
43470 
42010 
46860 
43480 
45180 
25590 
43970 
44030 
25200 
45630 
67880 
41990 
43620 
46030 
41940 
45640 
46860 
50260 
44340 
46790 
47780 
45240 
22780 
46640 
42920 
22210 
45970 
45360 
45270 
44700 
46250 
43460 
43080 
46480 
42940 
42230 
49020 
49260 
54620 
22440 
46630 
45460 
41250 
47210 
72360 
44880 
43240 
47060 
52450 
46110 
46540 
50350 
46050 
45240 
43790 
44680 
22370 
46260 
53140 
46580 
44260 
68210 
45080 
42680 
47970 
51040 
45080 
50710 
42470 
44310 
56050 
44650 
22270 
43700 
26740 
51850 
56840 
72430 
46800 
43830 
59310 
50190 
48340 
45780 
46760 
47080 
54470 
2103360 
50350 
45340 
42750 
47050 
48640 
59260 
65090 
48540 
45350 
47910 
57450 
46600 
48080 
45830 
69780 
57370 
2092800 
59020 
49750 
40640 
50080 
49990 
44240 
45800 
47350 
45940 
47590 
47240 
46230 
45150 
44790 
49440 
46210 
44130 
23570 
48990 
54370 
24960 
51170 
47270 
22130 
66290 
47730 
23160 
47610 
47130 
23040 
46840 
45200 
21290 
47640 
23330 
46270 
46570 
26200 
51580 
48390 
24250 
46870 
49430 
22540 
45220 
48140 
21610 
45560 
47990 
20660 
47120 
23490 
45360 
47680 
26280 
47280 
67780 
21360 
49560 
48470 
22510 
51290 
47220 
22460 
47940 
47330 
23050 
46370 
23130 
67040 
51300 
23800 
49290 
69080 
22380 
46520 
49710 
23180 
45560 
48520 
20640 
55010 
60450 
20950 
49560 
22540 
44830 
50180 
21920 
50740 
70470 
22640 
49230 
46790 
21430 
45570 
46520 
21460 
46590 
48160 
20730 
48140 
25570 
45140 
47420 
24180 
44750 
69100 
21970 
42910 
50630 
20040 
49350 
50030 
20750 
47810 
49010 
20720 
51880 
22000 
48380 
47630 
21350 
64840 
48500 
23030 
45520 
47830 
21690 
49110 
50340 
21330 
47200 
2104750 
22040 
47610 
23180 
54950 
51890 
23590 
70440 
53490 
21370 
54180 
53620 
21750 
49350 
44000 
48800 
44390 
23290 
28150 
50330 
23520 
46320 
47630 
45250 
46650 
45660 
49490 
45820 
46130 
47630 
45220 
56710 
50530 
46980 
47080 
20210 
48190 
49270 
44690 
45840 
45030 
47000 
67510 
59900 
49250 
45900 
44650 
45470 
52940 
45070 
49720 
45280 
20990 
47220 
23760 
49320 
74210 
22880 
49180 
48120 
47200 
45400 
45300 
47440 
45920 
45520 
24220 
49150 
48960 
21730 
50110 
47490 
45050 
46630 
45100 
45010 
45380 
45010 
45830 
48660 
43740 
47270 
46140 
21010 
51370 
26120 
25370 
68320 
23080 
47540 
46850 
23110 
45990 
46600 
22450 
46660 
48560 
22560 
45560 
24650 
25400 
47200 
25100 
24030 
68890 
24640 
26810 
27870 
23370 
26210 
27430 
23070 
25880 
27640 
21960 
50080 
23030 
22060 
27010 
23720 
26240 
26100 
24680 
26390 
24460 
24270 
46040 
24690 
24880 
46620 
27530 
20930 
25850 
29000 
20650 
25760 
24350 
46210 
27410 
24020 
26630 
26820 
21440 
27190 
24120 
23540 
47490 
25170 
25570 
30920 
27720 
27330 
26940 
53110 
19880 
25850 
24810 
47210 
24950 
24030 
25640 
26380 
24200 
25410 
25910 
19020 
27560 
25140 
22380 
27060 
24350 
23060 
26590 
26160 
25900 
25990 
23640 
26730 
2062830 
24070 
25240 
19740 
25510 
98300 
24280 
24730 
48050 
22640 
24920 
47890 
22460 
45730 
48110 
23830 
42650 
24010 
24070 
46740 
24310 
24120 
69360 
23120 
24210 
53400 
23890 
24180 
94930 
25940 
47370 
47970 
22790 
50720 
24400 
23890 
90980 
26900 
25370 
49720 
22440 
24040 
27540 
25760 
25100 
28510 
26020 
24680 
31640 
22700 
26130 
25600 
23520 
25870 
26890 
22010 
28920 
26700 
22880 
26830 
25990 
23910 
27580 
20260 
26460 
2077140 
22110 
26900 
25620 
22540 
26330 
25220 
23340 
27290 
32020 
23260 
25930 
23110 
26450 
29200 
23930 
25840 
26690 
22850 
25480 
26390 
20920 
25510 
25780 
48900 
26950 
23510 
160350 
4061100 
20030 
46710 
26370 
23530 
46420 
27610 
23750 
50750 
21530 
25360 
25710 
24930 
23010 
24930 
27220 
46780 
27290 
26620 
28080 
27550 
22670 
27140 
24230 
22230 
50340 
29050 
19730 
48070 
25550 
47600 
28020 
26480 
46660 
25050 
22550 
27510 
25280 
23080 
46770 
23630 
23130 
51700 
24260 
24110 
73840 
4063950 
49110 
43930 
23950 
46740 
274090 
22960 
48360 
27790 
25390 
50930 
47620 
23350 
49930 
52700 
20310 
50860 
45770 
52020 
50240 
51460 
49370 
51710 
50320 
60260 
52670 
21250 
50250 
45440 
21370 
47090 
53720 
49980 
49040 
47280 
45720 
55150 
47290 
46000 
47960 
19390 
50410 
54060 
20470 
48640 
23570 
23570 
56210 
46500 
45270 
54980 
48960 
45220 
47100 
43800 
45890 
47470 
19610 
49830 
47420 
21060 
47340 
46740 
22190 
48530 
23620 
45180 
46630 
23530 
46260 
48030 
2063750 
52870 
50220 
24060 
47420 
47940 
20780 
46450 
47490 
24000 
48380 
45980 
45820 
46270 
43500 
43950 
45120 
20540 
50210 
46190 
23590 
47970 
48430 
21450 
49440 
48300 
48530 
46550 
46710 
47630 
44280 
2094780 
44090 
46090 
22190 
44940 
48640 
20800 
45010 
48700 
20230 
48270 
45990 
43520 
46590 
45250 
47210 
45870 
2089610 
47960 
44470 
19490 
50260 
45780 
22240 
48400 
47230 
42610 
45600 
49460 
49880 
61400 
49040 
44800 
45090 
24580 
47400 
48230 
22810 
45000 
24420 
23750 
70270 
26310 
53740 
50310 
25020 
44960 
47430 
22420 
47300 
24980 
21850 
46890 
25050 
24780 
57290 
25470 
24400 
70660 
23550 
48540 
44320 
23090 
44520 
47950 
23840 
45400 
58100 
22950 
45790 
27210 
24960 
49030 
24470 
45370 
48380 
23350 
44270 
47770 
22790 
47650 
49460 
23200 
44830 
46980 
22980 
46480 
22970 
25220 
47190 
46210 
43850 
48840 
23740 
45720 
47240 
22380 
45850 
48430 
44210 
43320 
2087350 
20880 
47640 
24560 
21700 
48170 
23180 
65020 
49580 
22910 
47210 
51190 
21870 
45240 
47250 
30620 
54030 
25220 
24670 
45110 
24220 
47640 
67190 
23980 
44620 
45220 
23120 
45380 
49460 
22730 
46790 
44870 
23200 
45150 
46860 
22870 
47620 
42750 
24380 
50820 
44050 
23130 
50170 
21880 
25550 
47700 
22020 
55340 
48390 
18680 
51060 
46330 
21220 
51670 
42340 
25420 
47320 
39480 
25980 
48030 
48840 
46270 
46180 
23170 
48810 
47960 
18830 
45670 
54220 
24330 
72290 
49780 
20010 
49530 
45990 
23830 
49340 
22190 
48320 
50040 
21050 
50890 
43250 
24430 
47070 
42910 
25610 
48460 
42700 
24800 
48460 
43260 
23100 
48790 
25320 
47400 
2093830 
21250 
46640 
43550 
23860 
49620 
47710 
20750 
52380 
46450 
24140 
50280 
45750 
46370 
46750 
43840 
45550 
44600 
18820 
48430 
27040 
24910 
72410 
21680 
24500 
47070 
48330 
40900 
45830 
48030 
43230 
44920 
24030 
47070 
54070 
21270 
47760 
24040 
23930 
47730 
25700 
26580 
50780 
22090 
43760 
49410 
20220 
22590 
48100 
41880 
26890 
42170 
24540 
69460 
47100 
43650 
26270 
44640 
23070 
50240 
21010 
51270 
45030 
24230 
46460 
22280 
23310 
43790 
25600 
22970 
83000 
27980 
24040 
49310 
22270 
23870 
49280 
22630 
49050 
47170 
20790 
47140 
23150 
24440 
71810 
47240 
21900 
47950 
20810 
25580 
49010 
21230 
25660 
46370 
20060 
49210 
45360 
24130 
48050 
24040 
24620 
48720 
23300 
23460 
50140 
22560 
23000 
49290 
22230 
23920 
2091870 
20950 
47430 
45430 
19690 
51040 
44490 
20660 
50750 
20450 
25180 
47330 
53130 
25460 
47320 
48850 
22350 
44890 
22360 
46520 
47240 
21780 
48040 
64270 
25750 
47300 
48150 
21130 
50740 
23200 
23780 
55520 
3093000 
21140 
52700 
19340 
48140 
44680 
20730 
72020 
39050 
24520 
46170 
22200 
23640 
