69680 
48880 
39080 
41320 
39410 
39780 
39970 
41050 
41390 
39920 
42980 
41460 
42850 
41110 
40000 
75540 
54650 
53800 
55050 
53990 
52490 
52740 
56640 
54400 
53840 
52560 
54710 
53800 
60130 
56120 
52580 
62170 
54130 
56300 
55400 
54700 
53990 
55680 
55700 
53640 
56130 
59110 
41920 
40040 
40080 
39770 
40030 
41890 
42090 
45680 
43570 
41360 
91590 
74220 
62050 
46080 
41480 
38890 
38370 
42930 
37840 
38490 
39940 
37920 
40840 
39100 
41050 
41200 
36550 
42660 
38420 
38990 
37110 
37710 
39640 
39480 
40790 
39860 
40950 
43580 
41260 
41490 
39730 
54910 
53910 
58070 
58760 
53530 
53600 
53130 
55370 
60910 
54830 
52660 
54410 
56850 
57090 
54090 
56280 
53700 
53360 
55840 
54440 
51840 
54010 
52150 
55940 
56800 
55200 
55070 
53460 
42550 
38710 
40390 
40990 
39180 
39590 
42390 
42900 
41090 
55940 
84190 
64780 
57650 
42390 
39760 
42020 
42010 
38920 
38950 
36620 
38360 
40780 
42000 
38310 
38070 
41580 
40510 
41140 
39910 
45100 
41450 
41660 
38830 
38310 
42550 
76110 
47630 
41880 
46850 
40320 
39960 
62020 
57780 
56990 
53870 
52860 
53560 
56890 
55560 
52870 
53340 
53280 
57530 
53290 
52020 
52940 
51900 
57310 
55620 
53210 
52590 
51210 
56030 
53780 
53080 
52810 
51120 
68080 
45630 
46230 
40480 
39390 
39670 
44040 
39310 
42700 
45170 
44310 
84620 
80280 
66330 
50490 
41330 
40580 
42690 
38980 
40740 
38290 
40900 
40610 
38190 
38810 
38230 
40640 
39800 
36770 
36960 
38230 
38450 
40550 
39040 
38830 
40470 
41540 
41780 
38280 
39900 
38550 
37980 
49860 
58290 
54410 
55260 
54370 
54550 
68290 
60000 
54860 
53150 
62770 
57410 
56700 
53060 
53940 
53590 
56620 
57440 
54100 
55740 
53160 
56290 
55940 
53250 
50960 
52070 
54250 
59750 
42510 
40980 
38390 
43770 
42180 
38670 
40380 
42270 
44540 
41880 
87150 
63550 
54030 
43050 
42970 
37680 
40880 
37340 
38170 
41260 
39280 
41600 
38120 
38420 
39330 
39710 
38040 
38010 
37730 
38850 
39220 
39240 
37480 
37980 
42230 
41080 
39740 
40010 
38830 
39720 
40630 
73180 
53140 
52510 
57840 
56470 
55650 
52470 
53660 
56030 
53880 
55150 
59080 
53140 
54910 
54740 
55210 
53280 
51800 
54000 
54400 
56650 
54690 
53860 
56320 
52630 
55240 
60370 
40440 
38010 
39400 
41730 
40410 
39030 
39230 
43120 
43640 
41940 
87960 
75950 
57530 
51970 
41410 
40220 
38570 
37780 
46110 
41080 
37970 
37750 
38040 
38200 
40900 
40880 
39500 
39980 
41090 
39620 
38860 
38090 
38080 
37860 
40570 
40130 
42060 
39520 
38670 
41570 
39310 
45730 
72260 
67470 
59940 
57200 
54000 
54110 
54330 
54230 
56640 
55030 
54280 
52680 
56440 
55870 
54760 
54130 
52560 
54500 
55290 
56500 
54350 
56290 
56130 
54790 
55740 
52890 
60360 
40600 
40430 
42020 
37690 
40400 
39930 
43760 
52050 
45220 
40200 
89170 
71300 
60380 
42750 
38580 
38410 
37410 
39680 
38170 
38270 
38390 
36430 
40000 
38020 
45880 
44190 
41200 
40740 
39180 
37800 
38640 
36440 
37850 
47320 
46840 
40080 
40140 
39740 
41630 
38540 
39020 
70030 
54160 
56840 
57430 
55910 
52850 
54060 
56960 
62010 
55660 
51630 
51720 
53970 
53820 
58150 
53900 
53780 
55760 
66040 
55090 
53580 
55070 
56260 
55710 
57410 
52400 
60620 
40100 
39440 
39280 
39770 
39420 
38730 
39510 
46000 
41890 
45330 
89970 
76210 
61270 
54080 
41850 
39160 
39540 
41950 
42070 
40650 
38120 
38510 
40090 
38710 
38350 
37790 
39970 
40760 
40750 
40000 
36900 
39750 
40360 
39430 
38680 
39550 
38460 
43690 
42590 
43950 
40490 
39550 
69100 
60060 
57100 
53050 
51990 
53130 
54890 
53930 
54750 
52500 
53710 
55080 
55520 
54740 
51920 
53950 
59010 
55970 
55510 
53610 
54640 
55770 
55910 
54610 
52750 
55260 
59120 
44310 
38870 
38830 
39150 
40390 
43870 
40320 
42490 
41210 
41590 
86560 
70260 
57270 
41720 
38290 
40220 
39420 
38910 
44930 
43970 
42090 
40200 
41030 
38300 
39060 
39960 
40760 
38360 
38590 
37360 
39930 
41090 
38450 
39570 
40370 
40850 
42780 
40480 
39310 
39090 
40460 
71730 
54370 
54970 
54670 
53170 
54990 
53970 
57070 
53980 
68180 
52750 
55260 
52940 
52170 
53660 
54790 
54420 
59580 
57500 
53960 
56110 
55350 
55970 
53240 
53710 
53700 
62200 
45200 
40860 
40130 
41690 
41100 
42850 
39070 
47160 
41470 
40920 
91460 
79520 
64490 
52160 
42480 
41230 
39510 
37930 
37790 
38150 
39630 
38960 
38730 
39490 
38010 
39730 
39010 
39250 
37420 
37570 
41070 
38420 
39200 
37190 
37090 
41140 
44960 
42350 
37700 
37580 
38780 
48750 
72300 
53280 
52710 
53430 
54090 
55530 
54150 
54590 
52290 
55970 
54740 
53860 
52630 
55220 
53210 
55220 
56300 
53300 
55100 
54210 
58880 
53270 
43030 
79060 
56920 
55480 
60140 
39100 
37870 
37810 
42710 
40570 
39670 
38970 
43410 
43830 
41890 
88240 
75170 
58220 
47870 
40810 
41680 
38090 
41800 
40900 
42890 
41800 
39240 
38670 
40230 
42470 
38260 
37660 
36550 
37380 
40210 
39700 
39910 
36430 
39520 
44490 
43200 
42170 
40070 
37600 
40460 
39280 
67230 
52470 
52900 
54140 
63000 
54870 
53400 
54610 
55760 
60070 
55930 
53440 
53180 
53910 
56960 
54420 
54450 
51160 
54910 
55600 
54790 
53260 
57730 
54260 
54080 
54970 
60880 
47830 
41550 
38470 
42360 
40570 
39300 
37650 
39710 
47850 
42360 
71090 
83100 
63570 
58930 
44020 
38940 
38380 
38620 
41510 
40800 
38900 
38120 
36910 
40830 
41340 
38070 
38330 
39220 
39800 
40200 
40100 
38310 
36920 
39660 
41000 
39550 
39330 
39610 
39650 
40580 
57370 
44580 
68720 
54220 
55580 
54040 
53800 
52800 
56580 
56450 
55080 
54680 
53010 
53430 
62760 
59980 
57540 
54390 
56670 
53920 
55400 
54750 
56460 
52630 
55490 
55330 
59680 
55500 
59810 
41050 
40470 
40230 
41080 
39410 
38010 
40690 
44320 
42190 
39320 
89990 
73820 
64180 
44190 
40150 
38260 
38150 
40570 
39100 
39500 
37590 
36410 
42680 
39820 
39460 
37420 
36900 
42690 
40450 
39620 
38770 
36260 
40830 
38590 
40730 
37670 
40730 
41800 
40750 
41370 
39310 
49800 
56060 
55710 
57710 
52690 
52090 
53910 
56380 
56500 
54510 
54160 
54250 
54540 
57260 
54430 
53070 
56440 
54970 
55170 
52840 
53290 
55320 
53900 
56520 
53740 
53040 
56960 
55630 
43660 
39330 
38100 
41890 
42250 
41890 
40930 
44470 
41490 
41440 
82420 
69750 
58650 
42390 
43250 
40480 
39650 
37030 
39740 
36880 
40670 
43220 
38980 
39900 
38200 
41390 
40700 
38380 
40130 
40550 
37560 
41950 
39740 
39700 
38650 
39970 
50560 
42960 
40680 
38920 
39570 
71820 
54720 
55160 
59370 
54640 
54270 
56640 
55030 
57870 
57910 
52760 
53120 
55620 
53990 
31060 
55750 
55940 
55620 
53270 
53660 
59340 
57140 
56610 
53230 
52030 
59030 
62170 
44040 
40540 
38070 
38170 
42780 
42850 
43520 
45930 
42650 
42730 
92140 
76870 
52000 
49240 
39570 
44180 
40040 
38700 
40240 
38920 
40810 
39380 
37690 
39950 
38420 
47090 
41490 
38020 
38160 
38270 
39610 
42940 
40230 
37190 
38330 
39670 
41700 
40490 
38900 
40260 
41110 
47600 
65890 
68500 
59690 
56110 
55540 
53380 
54880 
51910 
51910 
55170 
53260 
53700 
52510 
54920 
52420 
55030 
55150 
56310 
55990 
53710 
56130 
54230 
52480 
54510 
54410 
55800 
59480 
41380 
38400 
38280 
42250 
42730 
40210 
41330 
44710 
42350 
42100 
87150 
65860 
58470 
43530 
44050 
38360 
38080 
37320 
43040 
41790 
39240 
38970 
36930 
37400 
40140 
39940 
38650 
38460 
35890 
39010 
41110 
37820 
37170 
38400 
41290 
41510 
41240 
39230 
40420 
41540 
42690 
72000 
53690 
56900 
52550 
54640 
55180 
53710 
51930 
53720 
53600 
55490 
65020 
65180 
57400 
54430 
60340 
54360 
55120 
54470 
55680 
56770 
52890 
52800 
52880 
52850 
56890 
61150 
47850 
40990 
39090 
41540 
42240 
39560 
38250 
44780 
49260 
42320 
80590 
79550 
61150 
54630 
41390 
38340 
37540 
37470 
43570 
40230 
38100 
38450 
38300 
39660 
42770 
39470 
39530 
38830 
39210 
42280 
38970 
38230 
38990 
39020 
40180 
40730 
40170 
39280 
39530 
43090 
40350 
43710 
70890 
53170 
54210 
53410 
54840 
54690 
53260 
55020 
55750 
57970 
53800 
52690 
54960 
57430 
57140 
53710 
55520 
51660 
56370 
55640 
52590 
54520 
51160 
55060 
53950 
53190 
61440 
39850 
40640 
41770 
38840 
38930 
37940 
39850 
44110 
40470 
38010 
88990 
68790 
59290 
42180 
39750 
37350 
38180 
41980 
39980 
39060 
37820 
37060 
42130 
38810 
39180 
38180 
37000 
40450 
41090 
39410 
37750 
38600 
40580 
40260 
39800 
42270 
39440 
48840 
54550 
42410 
40970 
66480 
51840 
56060 
55000 
54790 
51610 
53640 
54850 
55780 
57190 
52920 
53040 
57880 
56010 
58160 
54190 
56420 
53830 
55830 
55650 
54450 
53770 
52340 
53810 
54410 
51500 
60550 
41490 
40650 
39460 
39430 
41380 
40090 
40970 
45320 
41540 
40550 
86840 
79510 
59340 
53040 
44720 
39660 
39580 
38470 
39340 
38070 
37640 
45950 
46790 
40590 
37950 
38300 
37640 
40490 
39820 
39660 
37640 
36910 
39270 
39410 
41590 
40620 
39130 
42910 
41670 
38780 
40990 
41620 
70010 
58130 
55430 
51620 
51830 
53550 
56460 
53080 
52720 
50420 
52530 
57170 
55510 
53850 
53630 
54260 
53450 
53050 
54620 
53110 
58700 
57440 
56910 
56470 
52380 
53900 
57880 
44490 
38380 
43190 
43100 
45790 
44110 
45130 
41920 
41230 
41410 
89760 
73840 
56960 
44250 
38870 
42420 
37890 
39000 
40590 
41320 
41050 
41110 
38380 
38040 
37930 
40680 
40210 
38250 
38720 
38620 
39200 
40200 
42270 
40430 
39050 
40010 
42770 
41600 
39770 
38450 
37420 
68770 
54010 
53410 
56380 
52370 
55100 
54890 
56210 
52680 
55880 
54320 
55860 
55100 
52590 
54690 
53700 
56500 
54920 
53930 
55660 
56270 
55350 
54760 
53950 
53470 
51730 
62530 
44900 
39330 
37740 
39260 
41340 
41420 
38170 
40630 
42930 
41590 
88430 
83030 
61900 
53120 
43130 
41450 
38530 
38740 
37940 
37790 
38970 
40570 
39200 
39090 
37840 
40160 
39740 
42100 
38380 
38340 
39210 
39890 
38570 
38280 
39240 
39700 
47720 
44880 
45270 
40150 
39170 
40210 
68950 
54970 
56840 
53720 
56890 
56700 
56810 
53350 
58380 
56520 
55280 
54640 
54050 
54590 
54980 
55910 
54100 
51490 
54510 
51770 
55940 
55680 
52760 
53170 
52760 
55120 
61450 
43260 
38970 
37970 
41870 
41310 
39020 
37110 
43160 
42250 
40680 
89070 
75700 
59510 
50130 
41710 
39150 
37910 
37130 
37710 
41040 
38810 
37300 
37870 
38570 
42660 
40160 
38520 
38170 
39600 
39970 
38870 
38300 
38270 
38690 
41110 
42500 
41150 
38890 
38510 
41580 
40300 
57460 
54400 
53590 
53490 
55500 
55110 
51940 
52560 
52630 
56550 
55260 
53350 
52870 
54190 
54130 
55710 
55080 
57040 
53980 
54120 
55390 
54430 
53120 
55890 
54400 
55940 
54890 
52770 
41600 
40210 
55700 
43850 
39020 
38290 
40000 
45330 
42000 
53930 
84180 
61920 
58290 
47940 
40920 
39390 
36930 
40680 
38730 
38200 
39310 
38450 
40560 
38460 
39260 
38140 
36490 
39100 
40370 
37440 
38410 
38630 
38670 
40650 
39130 
39280 
39120 
39360 
41760 
39820 
42140 
72500 
54880 
54380 
55220 
54210 
55590 
53590 
56910 
54240 
53760 
52950 
53940 
53970 
56120 
56250 
52560 
57140 
52740 
57230 
55530 
52120 
55260 
53380 
53520 
55940 
53960 
61210 
41740 
44220 
41580 
39540 
40890 
38210 
39040 
44790 
41470 
44430 
87830 
77310 
61930 
45750 
41560 
37400 
38610 
41370 
38880 
38630 
39170 
38280 
39950 
39630 
39040 
38780 
38240 
39860 
40650 
39280 
38410 
38750 
40520 
43040 
42110 
39300 
40400 
41450 
41750 
41190 
38320 
47830 
60180 
59510 
54210 
56650 
52730 
54840 
57430 
55850 
56180 
54050 
56630 
57130 
56570 
54180 
52090 
53860 
54820 
56640 
53630 
57500 
54720 
53910 
56980 
53060 
52430 
56900 
56650 
43910 
38740 
39340 
38180 
38600 
43620 
45000 
43280 
42360 
40900 
87750 
66440 
55840 
40770 
38020 
40790 
39340 
37130 
37720 
37430 
40630 
41490 
37940 
39210 
38920 
39010 
40230 
38390 
38200 
36250 
37710 
40200 
39300 
38930 
41000 
40060 
41810 
40020 
40190 
38050 
38440 
72140 
55860 
54870 
52870 
51760 
54560 
56650 
59270 
53880 
53950 
51570 
56260 
56330 
55500 
51640 
56430 
55530 
55650 
54800 
56650 
54080 
54720 
56460 
52660 
55720 
54600 
62840 
42810 
42180 
40420 
41130 
42430 
43260 
37920 
42420 
45200 
43030 
91920 
76780 
55480 
53630 
42120 
41650 
38360 
39200 
38090 
38090 
40630 
39300 
38370 
37500 
37270 
41180 
39240 
37750 
38840 
38020 
38470 
39130 
39040 
36850 
39950 
41020 
45850 
40030 
39880 
51920 
46670 
40670 
68030 
55240 
52110 
53310 
55880 
53170 
54630 
51190 
54330 
53270 
52940 
57130 
52170 
53480 
53320 
55920 
54130 
53950 
54410 
52730 
55900 
55630 
53420 
54070 
53050 
56180 
62270 
42010 
38110 
40140 
41530 
41490 
38200 
39920 
41540 
44600 
42800 
89930 
67990 
55000 
46040 
41470 
38600 
37620 
37460 
38150 
40970 
41050 
38970 
39540 
40150 
40360 
40280 
38510 
36950 
37270 
41950 
40230 
38670 
36870 
36630 
43370 
51510 
45060 
41010 
38490 
42280 
42330 
71590 
52500 
62870 
57390 
57470 
54700 
53150 
52990 
53480 
55480 
55360 
54160 
52520 
54920 
54410 
57840 
55780 
52670 
53350 
56230 
54780 
54120 
53660 
53060 
51700 
55820 
61820 
41070 
37770 
41380 
43000 
42220 
41600 
44560 
48460 
46130 
41490 
88360 
74720 
59720 
54340 
41080 
39490 
39320 
38290 
44210 
40680 
38510 
37880 
37940 
37810 
41200 
38790 
37990 
39760 
40190 
40140 
41120 
39820 
37950 
37040 
41130 
41490 
41910 
39680 
39270 
44730 
40310 
40130 
70370 
57450 
59330 
55460 
54430 
53910 
54090 
55790 
60900 
55430 
54690 
57210 
54060 
59090 
57220 
62600 
54800 
52360 
55040 
57930 
58080 
53380 
52240 
56300 
59750 
55360 
60280 
42620 
39720 
40620 
44870 
40220 
39500 
40720 
45620 
44740 
43010 
88420 
70640 
60050 
43260 
37820 
39240 
40600 
40230 
40340 
38550 
37280 
37000 
43830 
39540 
39640 
37520 
38300 
42520 
39660 
37610 
39180 
38870 
38800 
44300 
41750 
43070 
39990 
42450 
45570 
41180 
39800 
68560 
53460 
55900 
58610 
54150 
52420 
53190 
57190 
58380 
54770 
53860 
50600 
55140 
55110 
59510 
61620 
54060 
53430 
56550 
56310 
52620 
54450 
54630 
56760 
54830 
52700 
61390 
40930 
41150 
38520 
40690 
40020 
38800 
41810 
44960 
41960 
40410 
89930 
83870 
62680 
53450 
41230 
40940 
38860 
40970 
39120 
38850 
46380 
40150 
41760 
38180 
38740 
37890 
40630 
40020 
40940 
38980 
37910 
38220 
44330 
39400 
38300 
42670 
39790 
43110 
41970 
