30047605
19925831
29981035
29969806
73620
19865270
22810
29657805
29985225
19986550
29954535
20630
29935575
19963710
29971506
50730
29932766
19949360
49530
29686545
29985505
19969291
29936075
68880
29913736
20002950
29928926
71860
29899875
19994621
20099440
68110
39717900
10032225
29935156
67450
39708581
19950040
29938046
68030
29917955
19974601
29963115
59840
29906566
19970580
29967076
30005135
19911801
111340
29831385
64070
30087336
19853180
29916776
75050
29900836
19965810
29955726
66310
29896155
19977361
29943855
68950
29936316
19954220
29940916
67040
29934305
19955621
29939515
66500
29910046
19971190
29956556
66070
29912906
19964760
29942985
68790
29925875
19957761
29941285
66140
29914806
20053300
29851176
67410
29915995
19981911
29956365
64610
29897316
19976600
29948306
70740
29929286
19952540
29943655
66461
29925245
19964321
29940135
61330
29923476
19987910
29935976
69940
29902345
19972321
29945885
67420
29932746
19961810
29938936
65530
29917355
19975100
29953305
69591
29900095
19975740
29954285
71180
29899276
19968390
29948426
66820
29934925
19958301
29944785
63700
29914816
19964460
29940146
66580
29911555
19981421
29963715
65481
29891605
19979720
29945076
66840
29940476
19953950
29940156
65170
29914665
19968641
29939445
60480
29919766
19975830
29955736
68100
29901885
19970651
29946145
67420
29942455
19952390
29941636
62580
29920326
19960680
29940936
60840
29921835
19978001
29954055
64290
29909866
19966910
29954616
58130
29945065
19946071
29988135
29935506
76370
19941680
29904566
68630
29914036
19978560
29958666
71280
29901345
19966961
29944325
69310
29939096
19949630
29958796
68650
29903175
19962791
29942835
61080
29917666
19979320
29957256
70550
29884946
19969040
29949215
68680
29938105
19949481
29942345
65700
29924646
19964000
29939226
62150
29919185
19976561
29956715
72640
29911396
19961200
29944576
67610
29937686
19956400
29942485
66291
29915665
19965380
29939265
61460
29923216
19973580
29957126
70780
29898255
19970821
29951735
65160
29932016
19961200
29942536
66150
29911325
19971490
29935115
67331
29909555
19992830
29960195
167280
19833440
20013210
29903096
10119185
19891170
19990411
29901165
10143726
19842950
20011000
29901716
10105485
19885630
20014701
29922935
10098876
19859220
19970020
29944736
68710
29932226
19957440
29943146
65420
29920785
19969471
29936725
67380
29912776
19996190
29937576
71680
29897325
19976901
29946245
70250
29936115
19961270
29935816
64330
29921676
19966910
29937936
67490
29910555
19986401
29953495
64850
29922256
19968350
29928956
153600
29852135
10028046
20002830
19847730
29980766
19980580
29937616
66820
29912826
19972300
29965776
65760
29891705
19972741
29947045
68500
29938866
19954650
29940076
67110
29910975
19973731
29936585
66380
29912906
19975020
29961556
67410
29903356
19967920
29942635
68510
29918925
19964501
29942225
60650
29932626
19958270
29936216
64960
29912945
19989261
29948625
69950
29903876
19963100
29943986
65710
29946926
10016145
20012610
19842330
29979395
19964800
29940575
62350
29920126
19992030
29940096
63970
29908275
19969751
29947855
68480
29939736
19951970
29942316
65950
29914695
19965570
29939125
60591
29923395
19975160
29957246
70720
29901226
19966270
29952286
68610
29941885
19951841
29940145
67380
29916146
19962490
29941276
61500
29921825
19977481
29954775
70861
29901115
19967380
29949446
62490
29947086
19946710
29942836
66340
29914475
19962461
29941285
62360
29917136
19980700
29951066
71750
29898925
19969571
29947715
67230
29944485
19945060
29941246
67600
29915246
19962180
29940216
61860
29922845
19975061
29962805
68540
29893826
19972040
29945326
68200
29937695
19954011
29963885
66360
29897475
19967020
29938516
65600
29910486
19983980
29961876
64000
29894315
19976461
29945795
68240
29935086
19956020
29943466
64830
29920275
19969771
29939105
67000
29911906
19983800
29962776
61860
29892906
19975610
29947695
68410
29934805
19956731
29943165
65210
29921926
19966110
29939686
65300
29910885
19980051
29965155
66670
29902036
19972180
29973616
29960535
74011
19930330
29909375
68231
29919435
19960200
29943555
62990
29922816
19976720
29954976
72090
29897055
19972091
29948465
69770
29931296
19961710
29940626
66360
29918285
19959840
29942665
62371
29923095
19972470
29955666
72360
29899716
19970140
29949916
68570
29932585
19955611
29940405
226301
29752025
19974260
29942056
68970
29914835
19983531
29947935
70701
29898845
19959780
29954126
63990
29925666
19963820
29938906
67770
29914935
19976021
29936735
67640
29908376
19981390
29939386
64750
29909835
19967891
29949525
67980
29942605
19944100
29941416
67240
29915066
19961120
29943996
62510
29918675
19975571
29953985
70350
29905336
19967430
29949106
69630
29930035
19960591
29942565
67550
29920656
19962020
29946306
61490
29921126
19977820
29967396
86970
19903190
19965921
29950375
67150
29933736
10024045
29949186
66900
29908815
19968181
29939515
69100
29904076
19978900
29950026
71280
29919776
19955080
29945155
70591
29930665
19953741
29941505
67350
29914436
19959410
29946436
61630
29922105
19976311
29951875
71580
29900166
19970870
29949116
68540
29932366
19960670
29942675
66811
29913285
19961670
29943955
60910
29921396
19991190
29937906
70200
29906565
19956601
29949975
63830
29932676
19963710
29939546
66710
29923765
19966101
29938535
61601
29923255
19974500
29956686
69800
29902156
19968240
29946446
67900
29934125
19961301
29973145
29946456
71950
19942250
29908686
73250
29908945
19981861
29953585
71031
29901285
19966870
29945976
68120
49920006
29939976
14880
64970
29884875
19978831
29942105
226291
29748245
19980290
29955546
69860
29895705
19979841
29942235
68370
29931906
19956830
29943256
64800
29914756
19970750
29934316
66790
29912875
19983321
29962085
91550
19863690
112350
29869876
19812730
29997895
173590
39844380
29940266
80570
19916170
10221546
49671765
81890
19920660
10151735
49764096
82460
19920701
10237465
19683860
29998536
10024235
39847991
69410
29917225
19976081
29961715
69530
29898346
19968140
29965786
82480
19932340
19966710
29951225
66861
29936535
19951050
29941515
66820
29914496
19965160
29939776
60910
29922945
19974091
29971835
67180
29894556
19959320
29943736
74590
49919566
29935985
14460
69331
29894085
19935050
10141796
49812636
71290
19932230
10147506
49762255
80250
19915701
10208925
49725726
81200
19893850
10155686
49756285
75531
19925350
10171965
19765190
29986136
19984100
29945585
84170
19922701
19978040
29945076
67760
29931015
19960481
29940655
66210
29926066
19965300
29942566
58510
29922505
19970121
29958005
70961
29900065
19968050
29947186
68620
29939126
19948200
29945866
65950
29925365
19964221
29943615
58190
29918726
19987470
29943496
70460
29898435
19972691
29944015
68670
29940296
19954530
29939946
70850
29903126
19962790
29936555
66240
29936195
19975051
29979105
29919786
75970
19938350
29906876
71350
29934365
19953851
29941135
65900
29927716
19962210
29939156
69100
29915476
19974370
29955595
71260
29899135
19971511
29947455
68970
29933356
19959510
29956066
66560
29908815
19963261
29940225
61320
29924926
19971080
29958776
71130
29918166
19954830
29941835
68351
29941275
19945610
29944035
66840
29917126
19961480
29945736
60980
29915925
19984351
29943635
71470
29899426
19968340
29949086
68510
29939905
19946200
29944175
67351
29916855
19961650
29941646
61950
29921536
19989180
29951906
84870
29883525
19935421
10174475
49800776
86390
19891680
10323616
49584265
78951
19923280
10166195
49738626
76820
19926210
10165426
49751306
82120
19907720
10217326
49723455
86870
19879321
10154695
49763056
78780
19918750
10169046
49741475
74990
19939190
10148595
49751346
77570
19916070
10222076
49716336
81570
19895730
10147085
49765456
78490
19921731
10169565
49743506
76560
19924560
10149466
49759855
79110
19914540
10223465
49713146
80160
19898950
10205106
49706806
77590
19920690
10170635
49737486
75840
19949701
10133865
49755536
78870
19916680
10214896
49717435
83100
19932720
10190965
49684346
82270
19917120
10169676
49739415
74530
19929680
10152025
49764026
84240
19903651
10221625
49716266
82240
19891780
10151276
49763025
77240
19923361
10175335
49732196
74540
19929160
10154416
49758905
80211
19915020
10219205
49716946
80570
19896570
10149755
49769666
78270
19917840
10169866
49734615
75080
19928601
10152785
49777806
80040
19894590
10217576
49725005
79921
19910380
29906345
72671
29927585
19933510
10138876
49817316
77410
19922350
10152316
49756995
79340
19919201
10233475
49703256
86580
19887600
10165946
49748245
77111
19924920
10168365
49737046
76260
19929890
10151846
49761926
82940
19931500
29896846
68350
29941035
19948551
29940005
66280
29916626
19963410
29944916
55210
29926035
19968751
29958605
73400
29898235
19967050
29954156
68100
29930666
19954240
29943526
68110
29915965
19973331
29966785
29946776
69650
19971880
29899776
71390
29901845
19959341
29949985
57710
29951546
19944850
29941046
66640
29920056
19978850
29965336
29945925
71650
19950121
29922895
70560
29899676
19959910
29947666
62300
29945795
19946711
29943335
67160
29915836
19964690
29939756
60590
29922815
19976530
29955535
70970
29899225
19968770
29948745
70440
29941916
19947430
29957486
59000
29910435
19974571
29942575
69160
29912016
19979970
29951886
71940
29919105
19955130
29942635
68851
29940835
19950970
29939175
66740
29912236
19969890
29934696
67980
29912345
19979141
29962765
67180
29894206
19977240
29945356
68840
29935535
19954480
29944425
67411
29918305
19976260
29938046
68030
29909726
20000150
29985826
29914665
71450
19940601
29912595
69360
29931776
19956500
29942846
64240
29920535
19969601
29938495
66300
29912285
19984780
29959816
65250
29895216
19979770
29941506
68540
29965935
19946451
19993750
67660
29909706
19973810
29947356
68910
29896205
19972791
29944425
71010
29929425
19953440
29946866
67370
29917696
19964180
29944156
65870
29928575
19969831
29962345
69750
20053591
20080200
29903026
10113665
19891540
19989961
29910705
10134556
19857410
20008800
29905956
10141305
19844131
20014820
29919215
10093575
19874680
20030031
29892095
10109895
19895980
19990740
29908966
10104025
19889370
20011991
29913705
10125786
19845320
20010970
29922116
10094455
19873630
20019370
29909625
10107826
19893060
19992791
29911445
10109275
19882541
20015410
29899706
10144555
19839160
20022331
29932095
154501
19844900
20014470
29904456
10095375
19889940
19990080
29911095
10106906
19882850
20012391
29904705
10136335
19846451
20017380
29920146
10093415
19875140
20018451
29909435
10106056
19898190
19994460
29903736
10106695
19883350
20012421
29905185
10138606
19846900
20017400
29917365
10095075
19877521
20018520
29908286
10142025
19861820
19989761
29909005
10104066
19886340
20012160
29905086
10139745
19844710
20018311
29931075
20000091
20073280
81651
19882960
49802556
82450
19902030
10215636
49694005
79720
19915661
10160685
49778116
82590
19912350
19953321
39924510
77851
19907260
10157575
49769166
80340
19898820
10210776
49699826
82850
19911960
10163095
49757436
79270
19914891
10162935
49751826
79170
19933560
10144546
49764325
82140
19901010
10219085
49694966
78670
19917820
10162756
49754325
80260
19917330
10162515
49748116
75550
19945231
10233655
19688400
29998996
10101895
20008041
49726195
77790
19908671
10092055
49822746
74280
19914710
10094786
49818525
72651
19922570
10090355
49846666
78760
19890280
10228755
49684166
81240
19915160
10172526
49741935
79200
19915871
10175015
49736216
77720
19923180
10163876
49760635
78201
19900790
10224175
49692326
80030
19917250
10164835
49746946
78190
19917930
10184996
49725345
76280
19926581
10159705
49766026
78380
19898720
10221156
49696565
77671
19919080
10164075
49751036
77470
19916120
10172966
49738286
75060
19942410
10249086
49657555
82800
19893251
10219345
49701816
161020
19833920
10166456
49740405
81311
19915140
10169695
49736156
77740
19925210
10159116
49762996
78910
19901050
10221116
49694825
80240
19917241
10172305
49741196
78100
19918680
10174536
49734665
75350
19926121
10162805
49762226
79030
19901540
10231356
49681635
80110
19924920
10165705
49738156
78780
19914831
10175725
49735786
75750
19926020
10160726
49764125
80760
19898311
10222195
49691236
79230
19916400
10172126
49745275
79150
19916900
10175645
49733996
75700
19944841
10149175
49753706
76800
19903590
10222586
49692535
79070
19917091
10168315
49746336
79290
19917240
10179346
49737535
87611
19912140
10169765
49742446
80000
19900420
10236605
49676576
81190
19916990
10170606
49743635
79520
19916861
10170315
49739626
75000
19925480
10162336
49763485
79731
19915030
29913855
70691
29910525
19962320
29943186
62050
29929926
19933170
10147345
49804366
78400
19924881
10167385
49753426
79800
19900810
10223656
49691155
78491
19920040
10162845
49749036
79030
19918040
10189236
49737996
78020
19923910
10238236
49669445
83350
29915356
74430
30047576
79590
19954890
10161376
49742455
78450
19915350
10175615
49737466
78200
19920010
10163516
49760526
78560
19902360
10219826
49697445
80070
19918391
10171555
49739996
77360
19918440
10175686
49734415
74790
19926601
10164045
49757626
77890
19906500
10228316
49682295
80310
19918190
10166425
49746806
77110
19918191
10177475
49734356
75120
19951340
10148916
49747465
79980
19898511
10226185
49690926
80860
19914990
10168996
49747055
78381
19917460
10174065
49734496
76050
19925111
10160555
49766266
81930
19899000
10221286
49688545
80080
19916441
10170735
49761556
78190
19897680
10170876
49742765
71551
19941960
29900505
10119696
19873270
19997491
29908915
10116895
19865891
20014670
29912556
10134085
19834820
20017081
29916775
10090606
39875890
29941586
52880
10016295
19908520
19991690
29904565
10112756
19869330
20009380
29909165
10150365
19830001
20020720
29915606
10098825
19863500
20016191
29905785
10120246
19884450
19988600
29908136
10113905
19877850
20007531
29900335
10162586
39824070
29947926
53970
9992945
19899031
20033720
29887906
10121475
39861911
29943715
54920
10021476
19880840
20013850
29905746
10153785
19828030
20017801
29913845
10096396
19875030
20020980
29904086
10104415
19890661
19993340
29913206
10109715
19891950
19993721
29903975
10144476
19840330
20020480
29916046
10082375
39891971
29936845
53050
10028326
19896850
20164671
29738085
10101175
19889731
20001990
29919415
10145095
19830670
20012491
29925715
150671
19847710
20018210
29908726
10103005
19891050
20002281
29904765
10101826
19882620
20010470
29904086
10147165
19837770
20014210
29920785
10086066
19879380
20029121
29895705
10109675
19888681
19996290
29908566
10098005
19884870
20008861
29924105
10128486
19837230
20016780
29921956
10086335
19878110
20021271
29905575
10101246
39881750
29946396
54590
10019605
19881141
20015750
29904816
10170435
19833350
20007011
29914375
145631
19853630
20019410
29906106
10100625
39877021
29950755
55031
10018095
19885600
20007700
29911435
10139645
19839631
20018740
29920696
10090205
19868040
20018031
29913245
10107126
19887630
19995440
29909176
10097375
19886530
20011901
29907345
10140126
19840530
20017990
29917106
10088175
19879821
20018070
29908436
10102185
19895470
19998341
29910295
10111246
19868000
20008340
29909246
10149265
19838980
20012231
29918915
10086896
19873900
20021700
29907206
10110555
19883031
19995260
29931606
10089645
19872980
20008811
29908545
10143306
19832950
20023330
29916356
10087015
19871140
20018561
29916045
10108426
19884150
19993870
29917296
10100715
19875951
20017840
29899785
10138506
39855451
29950705
52850
10005985
19900831
20007870
29898506
10107505
19895780
19990181
29908105
10103896
19879870
20009960
29908286
10148905
19832870
20017410
29921635
10085006
19880990
20018881
29905035
10100045
39883691
29943736
52380
10023895
19883610
20015341
29904675
10142886
19835870
20018830
29920436
10083185
19878000
20024361
29906995
10104666
19888260
20162631
29745365
10106115
19876551
19967240
29958626
69890
29903345
19971931
29959615
69840
29896526
19974710
29956406
69390
29922355
19954441
29944675
67801
29919885
19968690
29944456
66480
29923846
19961300
29957386
62930
29905875
19973911
29942475
69470
29937546
19948660
29945306
66800
29923785
19966331
29946445
69000
29942275
19953630
29957516
66360
29891986
19989330
29921386
69130
29933345
19953801
29943865
67240
29917046
19967810
29942616
65850
29917175
19978271
29958065
62500
29898846
19980540
29942906
67310
29934256
19960000
29941615
67850
29919205
19961871
29944345
70070
29913546
19979760
29958826
62600
29894635
19980071
29944525
67900
29935906
19950760
29943646
67200
29915206
19967390
29944655
67291
29916575
19979671
29961845
63170
29892786
19983850
29942316
68180
29934215
19958121
29940385
67790
29916576
19967500
29940466
68160
29920995
19973050
29960195
64281
29894815
19993000
29927675
69980
29929526
19960500
29942406
67600
29927765
19972301
29946585
68350
29905706
19963870
29961776
63130
29894855
19980461
29942975
68101
29935625
19954180
29944396
67010
29915626
19965530
29945796
68190
29918035
19975871
29963275
62750
29895996
19992960
29928976
69500
29929395
19959591
29965125
85231
