79820 
63320 
23420 
45470 
46930 
21450 
41100 
44580 
23380 
41750 
45350 
22150 
48870 
52440 
22820 
23270 
50150 
21860 
45610 
26180 
25020 
24550 
24730 
23200 
24050 
24480 
23850 
24340 
48050 
47680 
49460 
47120 
21650 
23080 
26090 
50410 
23340 
26510 
23380 
24360 
49940 
22760 
23380 
46110 
22640 
23800 
25820 
21370 
22950 
26040 
21380 
23790 
26130 
30420 
29880 
58550 
21280 
24020 
51750 
18020 
44840 
53230 
18670 
24230 
53680 
41550 
23830 
53960 
18860 
21700 
50700 
17450 
46320 
53270 
18650 
44120 
52550 
41990 
42280 
51120 
41920 
44330 
50850 
18640 
22830 
53400 
19620 
24960 
52790 
18970 
23060 
57970 
21920 
45180 
53100 
18050 
42050 
52820 
42430 
40780 
50130 
19810 
23090 
50770 
22480 
26920 
54000 
19760 
23870 
50610 
18520 
22450 
54730 
19490 
42000 
51790 
40510 
23420 
52540 
41350 
22330 
51800 
17490 
22710 
51180 
42870 
22500 
51360 
18110 
23210 
50590 
17750 
41020 
53780 
21100 
23140 
53910 
41400 
23420 
58370 
18900 
22310 
51350 
18660 
22340 
51860 
45410 
41100 
51490 
40400 
41290 
50070 
18980 
23180 
75150 
61140 
43810 
51760 
18580 
21460 
50390 
18880 
22710 
53220 
18630 
22790 
52180 
42510 
41650 
56060 
18490 
22160 
52920 
18680 
23350 
54220 
17970 
22370 
51970 
18500 
23650 
52050 
19350 
22280 
53710 
18790 
24640 
72580 
47760 
22110 
50390 
18710 
23020 
51320 
18110 
21480 
50910 
41580 
23230 
52470 
42530 
21660 
52620 
19750 
41840 
51990 
41210 
21880 
50530 
18920 
44300 
50010 
38870 
21220 
51940 
19440 
21820 
53550 
42050 
42890 
67340 
65890 
22470 
51780 
19000 
42110 
51310 
41720 
22340 
51400 
43810 
21080 
51470 
19470 
29610 
66470 
20170 
42200 
52250 
43320 
22310 
52660 
18940 
41440 
49910 
42650 
20330 
54070 
19240 
42880 
51000 
18320 
41970 
51050 
19370 
22250 
50750 
18570 
41150 
57300 
42420 
21440 
50050 
18220 
23860 
54720 
41160 
21400 
52110 
21630 
23960 
52220 
18380 
23400 
51800 
19250 
22320 
50280 
18680 
40940 
54340 
17750 
21270 
53170 
21800 
20700 
80090 
22200 
24670 
53850 
20360 
50570 
54140 
47840 
22200 
44040 
24590 
20880 
44670 
44090 
46390 
46580 
22540 
22510 
46900 
22750 
22760 
48260 
23710 
21110 
44220 
24130 
22370 
45820 
23630 
21550 
44760 
24450 
22660 
44720 
23980 
50250 
44890 
27120 
48960 
42540 
23840 
48670 
44410 
23710 
22600 
23880 
46840 
48780 
43590 
61920 
59740 
45980 
41670 
23640 
44870 
24890 
49250 
24210 
26450 
22400 
42420 
25950 
47660 
23880 
47770 
21340 
23470 
25070 
23680 
44280 
61880 
74680 
42030 
26360 
61450 
52270 
25720 
54280 
46270 
39640 
45240 
45590 
38980 
48710 
47550 
37100 
25330 
26140 
39240 
26690 
23110 
40870 
24930 
24880 
44750 
22460 
25230 
43870 
23520 
24150 
42390 
23500 
23530 
42650 
25440 
25200 
40450 
56190 
47210 
51470 
22140 
43810 
51660 
21120 
45800 
52440 
19710 
26680 
45490 
24460 
45050 
53590 
21820 
40020 
50150 
22630 
41820 
51620 
21250 
42470 
54320 
22000 
40460 
50640 
20090 
21660 
45510 
24620 
44120 
48260 
20130 
44720 
46390 
23700 
22480 
47640 
22210 
49690 
54000 
20120 
43860 
48480 
20740 
45170 
50620 
19450 
46670 
52060 
19460 
44440 
49210 
18810 
46740 
48990 
18850 
24710 
49070 
22510 
23090 
41620 
23380 
44470 
81620 
45410 
42550 
50530 
19550 
46560 
51460 
19420 
45970 
51090 
20710 
22720 
44840 
22730 
46680 
51690 
17910 
25600 
41460 
22060 
23960 
49970 
21730 
43510 
48630 
19990 
44130 
47950 
25580 
21560 
43920 
22490 
44090 
50990 
19000 
42450 
49990 
21970 
47180 
48680 
18840 
46720 
48950 
20470 
49660 
49280 
20930 
23150 
42620 
23760 
46360 
45890 
22700 
46570 
47700 
20260 
44570 
44290 
24710 
24780 
41280 
21610 
24990 
43090 
22930 
55510 
43190 
49410 
51520 
39650 
44930 
52710 
42330 
45750 
49810 
42130 
49560 
52850 
41720 
52350 
47630 
39310 
54410 
52170 
38650 
46370 
50690 
41820 
49730 
50260 
42080 
46750 
50380 
48790 
46960 
50110 
40210 
45070 
75830 
43050 
69320 
48140 
39740 
46080 
56940 
41680 
46690 
49560 
41600 
51200 
49990 
45300 
48820 
51980 
43010 
49960 
52100 
46570 
47840 
52890 
43450 
52080 
53320 
40810 
46360 
53290 
44790 
53410 
52380 
40870 
46790 
49150 
40430 
49570 
51270 
41590 
48190 
50640 
43660 
51410 
51380 
41720 
48320 
48880 
47160 
47530 
52220 
40870 
47040 
52050 
46750 
49050 
52490 
40620 
47110 
50910 
41270 
45580 
50770 
42600 
45460 
48950 
40770 
45920 
49140 
41820 
42360 
48480 
49550 
23660 
51620 
47940 
19410 
54390 
46910 
20400 
53520 
46020 
19310 
58350 
50620 
19190 
54930 
45910 
21330 
53350 
49750 
19240 
52510 
47060 
18720 
50150 
47490 
20170 
48630 
46740 
18370 
48310 
47530 
18840 
52410 
48120 
17520 
53650 
47520 
19670 
51820 
46440 
18200 
55130 
50770 
18900 
53050 
47430 
18860 
51820 
53380 
19200 
53490 
48780 
17670 
54840 
49580 
17590 
51040 
49040 
18700 
53320 
48720 
18180 
54020 
49430 
19500 
54890 
48140 
18380 
76780 
67360 
18380 
59600 
52470 
18310 
53960 
46580 
17510 
53970 
48680 
20410 
50990 
52420 
20010 
52510 
52230 
21710 
52490 
48130 
21180 
52680 
50310 
22670 
51070 
48130 
41030 
45810 
48380 
52760 
50680 
47140 
48810 
48420 
47710 
39080 
44920 
48500 
50240 
48670 
51930 
51650 
20240 
54090 
41500 
49570 
21330 
44880 
49150 
47070 
50190 
49770 
48240 
41000 
42820 
50820 
53030 
42130 
52930 
70440 
60320 
65980 
41730 
45540 
51010 
46080 
49840 
48130 
39950 
41260 
53050 
45650 
51910 
19490 
46090 
45440 
43270 
44090 
47510 
53500 
51980 
48860 
46220 
42150 
42990 
21000 
46370 
21600 
53000 
47390 
48030 
51120 
40590 
46730 
48250 
39840 
23340 
50220 
50350 
47680 
48710 
40640 
44130 
47790 
51950 
50830 
50830 
46900 
47080 
53110 
47680 
48380 
19690 
47470 
45680 
43460 
51860 
42600 
43810 
50110 
21470 
21640 
53900 
21620 
40960 
72040 
37660 
26210 
58740 
42950 
22280 
55530 
19830 
40900 
49300 
19310 
44600 
52880 
20340 
20810 
55270 
46320 
22320 
52570 
41760 
21130 
58700 
45270 
22000 
52450 
46490 
21440 
55390 
41170 
21550 
50180 
20130 
44070 
51590 
43280 
22300 
51190 
44040 
22210 
51880 
40530 
22000 
53910 
21020 
41900 
52920 
40560 
23390 
56800 
19960 
42710 
50470 
46090 
46210 
50180 
41960 
39670 
50660 
45760 
42360 
49650 
19530 
20370 
54920 
20810 
21280 
75160 
20000 
45230 
75270 
19670 
46890 
47050 
42000 
22240 
52220 
21240 
103650 
63120 
45620 
49600 
55120 
43230 
42610 
52220 
47330 
23720 
51210 
38630 
49620 
52040 
40640 
47940 
47790 
43190 
48120 
49150 
20210 
43770 
50310 
46460 
23020 
52040 
41440 
20610 
62100 
20950 
21950 
50210 
46500 
22600 
51330 
45810 
48240 
50060 
20490 
25550 
59620 
67210 
55480 
47400 
68050 
56100 
40290 
20500 
51560 
43270 
20960 
53700 
48490 
19370 
51280 
48550 
19810 
50220 
44800 
19220 
51550 
48970 
19120 
47460 
46230 
19620 
53630 
49150 
20330 
48350 
48010 
20510 
48840 
47540 
17560 
51070 
50300 
18250 
51450 
48970 
17520 
51810 
51410 
18010 
51900 
44680 
17680 
51110 
46010 
17930 
49600 
49270 
19950 
49930 
49710 
17680 
49030 
45600 
18880 
53040 
46390 
17530 
50940 
50830 
18450 
50150 
49660 
17290 
52320 
50780 
18430 
70280 
73840 
20200 
52260 
48220 
17390 
53790 
49750 
19290 
47480 
47690 
19070 
50570 
53160 
20410 
22930 
55380 
51670 
49740 
48630 
37260 
24450 
53570 
52520 
19330 
50720 
47100 
47260 
50840 
56800 
49110 
47120 
47380 
48400 
49690 
40600 
45500 
49700 
51880 
46040 
50660 
41450 
48120 
51180 
56380 
47630 
43000 
50950 
18070 
42110 
53650 
23140 
20820 
38450 
23210 
45100 
44780 
23750 
25450 
42210 
23770 
25270 
43010 
21800 
24000 
43330 
23670 
44760 
47590 
22890 
20390 
45920 
25750 
24750 
40730 
22720 
25640 
46710 
23320 
23790 
52470 
17590 
44350 
51780 
18840 
24680 
39230 
24350 
46560 
51070 
20630 
21760 
44280 
23880 
47340 
72250 
21490 
44460 
45390 
24450 
41890 
51610 
17040 
24270 
42670 
22420 
23840 
43500 
23650 
25650 
43190 
23340 
41880 
53260 
23190 
22740 
39090 
21660 
23320 
44610 
25260 
40270 
52000 
43820 
71110 
63830 
43340 
45930 
50510 
44390 
45790 
41410 
42660 
23300 
49580 
49470 
46120 
43140 
43890 
23660 
47040 
45550 
43130 
46140 
47390 
46710 
47830 
46160 
43460 
50760 
43230 
19570 
44580 
48660 
45000 
51170 
46340 
44800 
47840 
42930 
46440 
52850 
41130 
43260 
39400 
23870 
22540 
47270 
49950 
21660 
48120 
25160 
51210 
45870 
22520 
44050 
54350 
46360 
43530 
49750 
19230 
22440 
48360 
46980 
62440 
40810 
48070 
46200 
52910 
40440 
42330 
41910 
47660 
44600 
46130 
47870 
22670 
58930 
46900 
44100 
49550 
44680 
45570 
52190 
48450 
20220 
39750 
23710 
62190 
53590 
40600 
21420 
58900 
21410 
22980 
52230 
39070 
22010 
52600 
41060 
23510 
58870 
20760 
21680 
60350 
21820 
20870 
48160 
47110 
42510 
50390 
21270 
46420 
41900 
25040 
50920 
51130 
50910 
18820 
43690 
23610 
52570 
53820 
21740 
22110 
42640 
27950 
20410 
41200 
107600 
25410 
49450 
32490 
26360 
47890 
27410 
22780 
43210 
24040 
20890 
52600 
25810 
24120 
45900 
25330 
23040 
22050 
51600 
19050 
18330 
25370 
23790 
51270 
45180 
22880 
53950 
28080 
25780 
46730 
26330 
21600 
47450 
25130 
22760 
22830 
25350 
24250 
17630 
26150 
52720 
45390 
47450 
24310 
52160 
45260 
51320 
43850 
28960 
25720 
48680 
48210 
52390 
30320 
56480 
45400 
47050 
24730 
51300 
22320 
46770 
22930 
51650 
26750 
23500 
45420 
25910 
63940 
21800 
23200 
51070 
46490 
19980 
49630 
47020 
18510 
54950 
44980 
21420 
60490 
62480 
24970 
48930 
46030 
23440 
64880 
46350 
21750 
47140 
44610 
22520 
46670 
45330 
21940 
47430 
44910 
22500 
49710 
44210 
51980 
45880 
49260 
59590 
56940 
51120 
21940 
49140 
44320 
42930 
47810 
53000 
45480 
46190 
48970 
46700 
48330 
20240 
55040 
43830 
45460 
44040 
44070 
47240 
58270 
43270 
18380 
52990 
46170 
52690 
50160 
21280 
67890 
61770 
50490 
46870 
49390 
43130 
45030 
53570 
43940 
55840 
51380 
54560 
47950 
46860 
49420 
46780 
41710 
47890 
49860 
50910 
43330 
43270 
48200 
45930 
43210 
49080 
42530 
46220 
48830 
44320 
42890 
41210 
41920 
49420 
61390 
44610 
22030 
53960 
40960 
42730 
53210 
45950 
46250 
50030 
43420 
45070 
48420 
43940 
43970 
52270 
44710 
42720 
48970 
43270 
43560 
52970 
46600 
43470 
43390 
47270 
46970 
73600 
58060 
62500 
43700 
22290 
48120 
49670 
46250 
45650 
50640 
44520 
48310 
43920 
43380 
46600 
52860 
45620 
44770 
48250 
44220 
42950 
41880 
51680 
45300 
41200 
49180 
43910 
42630 
46190 
46610 
40380 
45000 
46670 
41480 
47250 
43560 
42780 
48720 
44280 
48650 
45210 
42870 
55480 
46900 
47660 
49200 
45360 
42960 
49600 
39720 
42910 
50150 
46220 
47350 
44590 
23210 
21650 
23480 
75870 
61070 
74850 
43740 
46500 
43210 
42780 
21590 
48640 
51790 
21490 
47470 
45320 
20090 
48970 
45300 
45220 
47550 
46120 
43500 
48470 
40860 
22660 
47940 
47220 
46240 
47560 
43620 
43590 
43080 
44840 
43210 
54540 
43300 
43810 
45890 
24970 
23450 
48280 
53150 
46050 
53730 
45860 
45970 
55810 
45180 
18260 
49750 
25130 
46870 
57190 
43240 
20170 
46890 
48300 
19860 
52560 
49270 
43870 
67120 
10107340 
49410 
40170 
59610 
16260 
48570 
24430 
24610 
41960 
56750 
20360 
44870 
47350 
23460 
46920 
24480 
51740 
51450 
45370 
18670 
53820 
27070 
48210 
38010 
47950 
50080 
47330 
20590 
47010 
44570 
19590 
51640 
46750 
19040 
48020 
47250 
20130 
54800 
44660 
18390 
54950 
49260 
21790 
50680 
45930 
19170 
52830 
47030 
18880 
73860 
48430 
20200 
49540 
44620 
19700 
50340 
45310 
19810 
50490 
47870 
18920 
70900 
65750 
18820 
46740 
41940 
18160 
25780 
50490 
43480 
44150 
20910 
22490 
46880 
50070 
22880 
24250 
49740 
18330 
46730 
45970 
24650 
48970 
37700 
50280 
44930 
43770 
48130 
20610 
50520 
47520 
44490 
18110 
22760 
48440 
48250 
46400 
47010 
46680 
47780 
56210 
51080 
21900 
23090 
23710 
53250 
45950 
47780 
47280 
44940 
45740 
48860 
42780 
41860 
49220 
40590 
44730 
44640 
43400 
47330 
70970 
81880 
59260 
52010 
47780 
45110 
55410 
43280 
43600 
40490 
24620 
20290 
46010 
26840 
22930 
44860 
25100 
24440 
45810 
50870 
43270 
62570 
16440 
15700 
51370 
21490 
22730 
41240 
22690 
44660 
48100 
23560 
22590 
41430 
22180 
45900 
47950 
21790 
45800 
50740 
23500 
20210 
40340 
23160 
43400 
51180 
21210 
22660 
41080 
23730 
44910 
48110 
21230 
24150 
41070 
22900 
47770 
49700 
20800 
23730 
40990 
26060 
45540 
48300 
21720 
22910 
39740 
25380 
23140 
39300 
25450 
45640 
52730 
21250 
26120 
43350 
22660 
43630 
52230 
26180 
22200 
49540 
24760 
22140 
40020 
21340 
45330 
51540 
48140 
47420 
48410 
45840 
40980 
50300 
51540 
42770 
55050 
51540 
52300 
45780 
45540 
50440 
50020 
50830 
51100 
40540 
46890 
47700 
43030 
50620 
48100 
39280 
45170 
52360 
43770 
45360 
47070 
42570 
48870 
48680 
38610 
50630 
22210 
53580 
50920 
19260 
50960 
48920 
19250 
50070 
49810 
52050 
44210 
49790 
55210 
49660 
48000 
19010 
41470 
41790 
49690 
51780 
58790 
75180 
42430 
53410 
50460 
42710 
46820 
46170 
47520 
25840 
53930 
41620 
44540 
49340 
51120 
48270 
20920 
45540 
50250 
42380 
42890 
49710 
20810 
55720 
47430 
38090 
47260 
46760 
51550 
51960 
46830 
49930 
41220 
45690 
46790 
47100 
46520 
45940 
43250 
44230 
45570 
50120 
52180 
51200 
39690 
26240 
44340 
45200 
49940 
45780 
40070 
46800 
44150 
40210 
21880 
25720 
45030 
46200 
47610 
42930 
50380 
44030 
40880 
50760 
46370 
41450 
20410 
24830 
45420 
52710 
42810 
38920 
21290 
25790 
48650 
22620 
47870 
51360 
22480 
53710 
49030 
54500 
40720 
48430 
25780 
54580 
34930 
21490 
51840 
42820 
53190 
19980 
42310 
17700 
54070 
45950 
21910 
49070 
41410 
19220 
49040 
52900 
20380 
54510 
39050 
49530 
47640 
50550 
18770 
50520 
42270 
21600 
52040 
51280 
17930 
53140 
42270 
21930 
26120 
44450 
19400 
48800 
43050 
47190 
48730 
20990 
21620 
77900 
21430 
20530 
51720 
43900 
20800 
53940 
44140 
20280 
46390 
48680 
25710 
49800 
49260 
23670 
52520 
57190 
23190 
49460 
47100 
22900 
49260 
50410 
23680 
47870 
47000 
21800 
48750 
46900 
45150 
46220 
53570 
22350 
52790 
20820 
23030 
49880 
20250 
23140 
22680 
46680 
49390 
50800 
44160 
23330 
