49941
26350
23910
22911
21980
21590
22850
24380
23590
22360
22560
23260
24150
22600
22481
21890
58450
56731
58710
57420
57081
56450
55860
58220
58330
56320
59310
55800
60661
57010
55740
59761
55800
57610
56441
55110
58070
55120
57790
56191
56030
57160
55471
58000
57550
55750
57760
56451
56930
58390
57361
56740
58550
57280
59180
56351
58090
57080
58121
56150
56480
57621
57880
57041
57740
56910
57301
56160
59670
57251
57680
56050
56240
55780
55231
58090
56590
55491
58050
57160
61220
59850
60821
60420
58820
61281
59390
57921
59070
57720
59851
60780
58120
58540
56680
56911
59460
57840
59281
57980
60011
61120
58000
58421
58050
57211
61030
60150
59301
60890
58900
59900
59620
59051
60830
57270
61231
60050
60110
61160
55130
56721
57750
56350
56290
56140
56571
58570
56190
55921
57890
57761
60310
56830
56521
55710
55671
56760
57050
56921
55820
56960
57370
57260
56961
55820
56621
56500
58440
56850
56470
58231
56850
57710
57441
56930
57431
57900
58410
56600
56900
57291
55520
57170
58520
55370
58081
56450
56340
57510
56540
58051
55050
59960
58301
55560
59201
55370
53680
58850
59960
58651
57870
57310
59990
56140
56301
56610
55310
58030
57210
56401
57290
55891
58230
57790
56870
56310
55901
59350
57771
57510
56680
55900
57110
58461
57690
54460
59320
57510
58161
57050
56201
56430
56670
56991
57840
56251
57160
56640
56420
57910
55161
55860
56931
56480
58440
56350
56160
56341
57200
59330
57060
57280
58411
55420
59991
56700
56220
56820
54690
57000
57370
56641
56630
55361
57880
57050
55830
57200
57271
58430
57421
56810
55370
56290
57120
58171
58800
57181
56250
57110
59790
55750
56521
55680
55581
56970
57670
56100
55750
56160
57140
57161
56910
55630
66510
59310
56641
56750
56041
57300
56351
59380
57580
55700
56750
55821
59080
57431
56350
56391
55880
56890
58250
56160
57021
55230
57201
57180
55661
56730
56410
55510
59060
55860
57300
56141
58710
59171
56250
56851
56920
56620
59690
56660
56811
57620
57091
57590
57780
57900
56040
55990
58670
58061
57330
56601
55110
56951
57580
58930
55960
55660
57861
58510
59251
56360
56171
56960
58991
56720
55260
57330
57100
57400
58630
57210
56760
57111
59030
57811
56360
56261
57030
55671
59110
56100
55930
61200
56791
59870
55991
55220
57361
55870
57111
56320
56451
56990
55800
58100
56490
56760
57500
56761
58210
56031
57470
57211
56310
56961
58110
56180
59130
57140
55890
58170
58491
56260
56830
56410
60321
57300
58011
55320
55051
57840
57320
56590
56631
56690
60320
56540
57370
56580
55810
58920
58920
59060
57390
56901
56690
57241
55980
55931
55560
56681
60610
57841
56940
57101
56250
56230
57390
56240
56900
57070
58220
57280
56550
58560
57191
56900
58661
56760
56641
56380
55561
59470
56971
55820
57171
55870
58991
56240
55291
57210
55131
57980
55851
54230
58091
55240
57591
56450
55351
57120
57911
57680
59271
57000
56181
54770
55950
58930
56940
56460
56050
56650
59210
56500
56590
56370
56850
57510
56760
58090
56920
56650
56220
56960
57370
56850
56000
58421
58000
56760
55690
56630
55180
58040
56520
55570
57130
57340
58710
57320
55830
57170
57070
57490
57320
56280
56950
55720
56790
58290
55830
59410
57691
56220
58521
56140
56710
55890
55250
58690
56311
57160
58041
55880
57991
55610
54641
55340
55151
57140
57361
56310
57091
56360
58551
57550
57351
58870
58071
58140
59371
58040
56691
56120
57210
58610
57140
57010
56210
58160
58760
57180
55690
58041
56680
57171
58010
56211
56220
57081
57390
58411
58170
58341
57210
55631
58160
55771
55370
56540
56630
58600
56060
55020
56630
55860
58290
58800
50410
62460
57961
59690
58591
55660
56721
55790
57421
56680
57681
56970
55271
56940
58560
54930
57690
54300
56220
58701
56140
56621
55980
57091
58260
56421
56420
56370
56290
58000
57410
56520
60561
58040
57041
58550
57841
56420
56911
55830
57990
56110
55780
57950
57800
58341
57570
55521
58010
54981
58040
56981
55730
57560
56380
59800
58590
57990
59331
58180
61631
59700
59200
59430
55510
55870
57160
56040
56290
54871
55980
60841
57270
57201
57650
56850
59810
56120
56961
55330
58081
57890
58351
57360
115981
123450
91611
65550
61710
59911
58100
59481
60160
58200
57560
56130
57750
59280
57331
55090
59661
59180
60341
60150
59820
57510
57220
57840
56590
57601
57050
57971
58410
58130
59350
55500
57241
57630
59601
56560
56570
56500
55020
58200
57260
56401
58480
56090
58580
57640
55811
59620
57601
57530
57400
55850
58650
57010
56970
57920
56400
57731
55760
57270
59660
56500
57221
55800
55231
59620
55730
56270
56600
55391
58660
57671
55970
56461
55130
57550
57320
58740
57511
55570
58230
56930
56700
55491
56390
58091
59100
57570
56060
55460
57811
59090
57391
56270
57040
57050
58030
58181
56780
58370
57850
57590
61221
56700
56751
56460
57830
58320
57530
56451
57370
55871
59250
55940
55721
56540
56111
59440
57210
55750
58610
56110
59300
57451
56730
57970
57100
61160
68211
58180
58360
56940
59840
58911
57140
57640
56520
59470
59131
56520
58661
58560
58600
58771
57500
56731
57610
57830
61201
57160
58821
57550
58700
59731
57900
58521
58480
58660
58410
58880
59281
57530
57650
57880
58320
58971
57710
56840
57080
60920
58901
65300
60510
58270
58520
58911
59270
58960
58720
58420
59161
57930
57940
56390
57780
60211
57670
57090
57001
58020
60191
58170
59300
58481
56730
62071
57510
57670
59791
57680
59290
59640
58120
59911
56700
58980
57650
58920
57971
57110
60380
57611
56410
57141
56500
57950
58841
58140
56331
56800
57450
58081
58840
57050
58070
56740
59871
59980
60280
57771
57920
59320
58950
56810
59181
57090
58210
59130
57180
57800
59070
58830
60751
57610
58720
57821
58300
60611
58070
57600
58271
56300
60380
60290
58150
59091
56910
59640
58451
59310
58060
56520
59410
57991
56310
58200
71221
62220
57360
56040
62320
61621
57710
59540
57281
55930
58100
58321
60720
60281
58630
57760
57051
58740
59960
58721
56800
57310
58240
58450
59460
59800
58210
56731
60130
56950
58221
58010
58070
59240
58700
57110
66780
59140
61081
58580
57250
58041
59220
58620
58991
56590
57480
59380
58300
58661
57490
56240
57361
57440
59540
58531
57750
58021
56920
59360
58531
56730
58090
59561
59710
57590
56851
57110
56000
58031
58580
57310
60211
58670
59180
58621
56600
57280
56860
57030
58810
57000
58940
60931
59080
62000
57371
57780
59270
57361
59660
58430
58361
58030
58130
58311
58420
57590
60761
59510
60501
59640
60310
56581
58350
59160
59021
57760
57790
57510
56750
58750
58930
59900
59140
56341
60100
58070
61461
59040
56730
57540
58200
56190
59031
56270
57550
60111
57860
56960
57611
57060
58730
56301
57820
56340
55051
59320
57760
58320
56860
56110
59190
56650
55950
57450
57070
57650
59231
56400
57340
55900
58040
57680
57711
55960
56000
57361
56590
56050
55900
56831
57920
59030
58901
56820
58280
57271
59010
57710
56291
57720
56990
57931
58750
55260
58681
57080
56840
59360
56680
57470
57730
57111
58520
56750
57161
58850
56220
61391
56750
56630
57691
57740
60320
57241
55630
57530
56201
57580
56230
56741
57630
56720
58480
57291
55670
56940
55921
57080
58600
55811
56660
56390
58511
59400
57280
58530
58351
57210
65870
62731
59780
55660
59611
57500
57680
57831
56220
56930
57150
57041
56630
57400
57821
56890
58200
57861
57090
59180
57410
60111
57810
56970
57221
55930
58170
57331
56100
58470
56390
58160
59110
56390
58031
56030
56100
58051
57400
57580
56881
55910
58390
55930
59101
57870
57540
59391
58300
56200
57070
55951
59960
57230
58501
59980
56060
58110
57581
56300
56460
56771
57540
57430
57710
57861
57500
58220
58261
57290
58460
57390
56680
59440
57210
56501
56760
56700
59161
57260
56430
56880
56741
57320
57960
56861
55970
56330
56390
56681
56160
55600
55821
56410
58160
58030
56871
56910
55350
68261
58680
55850
57640
56651
59450
57890
57720
57431
57260
57930
58890
55800
58540
55270
57031
58000
56270
58740
55980
56910
59830
56841
57000
56360
56960
59351
55750
56550
56631
56071
58510
57690
57531
56080
55980
58240
56751
56670
56660
55510
58220
57750
57590
57071
56921
58560
57850
58081
57160
55990
56150
59561
57380
57410
57780
58141
59170
58290
55890
56031
57840
58500
57680
57420
57000
57170
57160
58100
56000
56820
58081
55880
58100
57970
56581
56650
56000
60090
55671
54540
57680
55550
59511
57200
55460
57351
57011
58020
57680
55291
57270
55640
57900
57461
56420
56290
57460
58531
57831
56140
57030
55221
57281
58970
56530
58941
57061
56230
58140
55960
56990
57910
56070
56830
56940
57040
56500
56930
57071
57360
56290
58260
57361
55470
58240
56190
56691
56340
55740
59170
56721
55800
57480
55450
58021
56640
55480
56550
55471
56430
58090
56130
56971
55990
56750
59410
58020
58051
56670
57430
58920
57151
57500
58290
56990
59171
66880
59460
55830
55131
60060
56000
57730
57301
56601
56960
57940
58370
58601
55980
58690
58340
57001
58400
56720
58620
58101
56631
56670
55520
56661
59771
57000
55950
56240
57411
58910
57590
53910
55740
56771
57320
56980
57670
56321
55870
58180
58180
56920
56211
56620
56540
58570
55811
57541
57840
56500
59580
55971
56050
57290
55800
59611
56341
56810
57380
55080
58071
56280
56020
55920
55780
59211
56800
56120
57250
55821
57430
57610
56010
57810
56561
55990
57600
55670
56170
57171
57250
59700
55760
56941
56570
55770
57370
57190
56761
56870
58140
57850
56730
57421
56270
56950
55640
56590
57211
57860
57310
56500
57970
57741
57460
56850
56540
58411
57531
55850
56610
56350
57760
58581
56080
58830
56630
58151
57751
56120
56720
56030
56691
59420
55430
56590
57470
55451
61020
56640
69420
57180
55391
61260
58160
58320
60110
58161
60151
60260
60440
61290
58681
60251
57460
54980
57180
55910
57291
57150
56420
58500
55660
57701
59070
57240
58480
56310
56751
59191
56070
56640
57160
56581
56991
57130
58440
56550
57440
56641
57040
56460
56080
57710
57001
57660
59150
58220
58770
58811
60541
60400
57350
58380
57870
60511
59531
57320
59250
58750
58881
60721
57400
60220
57750
59260
60411
58751
61270
58280
59860
60201
59101
59700
60420
57620
61910
61081
59411
59810
56940
62760
59380
58971
58851
57150
61350
61180
59260
58021
57600
59970
59420
59080
58721
58671
57040
57110
57820
56250
55331
56771
58840
57300
57120
56080
57060
58071
56710
56370
55520
58610
58371
58021
55680
55670
56620
57630
58221
58171
57580
56500
57610
58880
56620
71041
65491
57630
60110
55470
56030
57101
56130
58920
56200
55670
59880
57001
59101
58170
56250
58280
55470
59681
58351
56190
57490
61700
61090
58621
55981
57640
55670
56710
58350
56340
58131
57071
57550
58990
55660
57680
57410
57591
58371
56920
57070
58610
57830
57330
56991
57390
55720
57530
57010
58060
57731
56741
56700
56590
59640
57380
54720
58011
55561
73260
59210
59430
57500
56100
56731
59160
55680
56880
55920
58240
59781
55441
58260
55930
56600
59100
56170
57351
56151
57000
58380
57610
56960
57120
56370
59401
59131
57370
56970
56200
58650
57560
58501
57001
54810
58430
56690
57020
58980
55580
57261
58641
58100
57070
56750
56300
58730
57271
55791
57810
56350
60130
59140
56560
55380
56221
57131
59270
56970
55970
56780
57270
58691
57041
56840
57730
56700
58570
56810
57090
57361
56541
59190
57090
55530
57020
57700
60080
55900
55921
59250
56230
59130
57590
56190
56310
57860
58141
58941
58270
58730
55850
57040
57510
56660
58031
56281
55760
58330
56630
56490
59420
70100
60021
56321
58201
56710
56050
58750
57490
58280
57080
63871
63041
59120
57000
57760
56420
68200
60390
57451
57021
56481
57390
60640
58410
56960
58740
58250
59140
56991
58141
57701
57790
58050
59100
57450
58100
58150
58341
58701
57540
58360
58180
57570
59820
56180
56610
56860
57201
59801
56800
57370
59310
56330
60180
57220
56421
57351
56641
59590
58700
56070
57160
56120
58560
58230
57030
57801
57401
57781
59240
57490
58610
56360
56570
58370
58940
57820
57591
57641
59731
57670
58490
57560
58320
57600
58560
58410
57990
57770
58321
59521
58700
56960
60190
57600
59050
57290
57020
56770
56841
60151
58001
57200
57740
56010
58870
57540
56660
58130
55550
58561
58931
56181
57620
56170
57520
59650
56400
58100
56250
57310
60420
56941
57601
57111
56651
60240
57410
57590
58680
56400
60800
56320
56620
56750
58131
58251
57441
59320
57580
56520
58100
56650
57740
62360
63020
59640
59691
57961
57241
56371
59770
60110
58290
56980
56540
56920
60060
57730
55730
56971
57551
58101
58231
56850
57550
57130
58030
59670
57200
57680
57340
57930
59690
56490
57361
58851
56451
58651
