69753
39332
39332
39411
40251
37442
38332
38172
38702
38502
37302
39252
52963
48352
49802
46492
99245
97604
94535
97644
92224
105415
98125
100225
100355
96744
94604
91444
95914
101975
95985
92225
89884
96855
94914
91184
97705
92114
99504
80874
79304
76254
74034
74704
76624
80924
78283
76593
76013
127136
109805
96264
79764
77674
83954
80124
77664
75673
77833
79393
79513
75173
75454
77494
76714
77254
77784
73033
78694
74803
77483
76373
80343
82483
76114
81754
79923
74544
74313
78394
120466
96495
93134
87384
91404
98084
94614
93284
92765
90605
97505
97804
96115
108865
106725
96024
96844
100135
91405
89194
92694
102625
97475
91944
98165
93534
112965
82404
76104
72934
74394
78464
76424
75584
84064
78743
79434
121145
124616
100605
91094
77793
82914
82354
73104
75613
76124
79424
77373
74023
76243
74203
76934
76244
74074
76224
76614
77494
76103
77473
74403
76583
82533
75863
94795
79874
77194
76104
79284
106445
93825
93245
90014
99614
97665
99255
94054
90854
96375
94874
90854
92365
95115
95944
96645
93134
89914
89434
96664
95944
99975
95895
103164
96315
99025
95004
84374
75153
73764
80723
82253
77964
76094
77324
81284
79214
125425
103135
96964
84564
79423
75953
73244
74334
76164
73594
89014
80154
74523
72123
76413
77323
74093
73204
72374
79334
75734
71613
72823
71833
79233
77073
78013
75583
80403
80054
78804
99774
90364
90205
97435
95845
99775
90594
103495
96715
102204
100645
95265
92714
98194
98205
100534
94934
90244
95785
96474
100315
96844
96504
91574
99234
98574
108755
84964
74123
78964
77803
81503
75723
72834
80244
83284
81584
122786
104925
111865
101895
85864
75883
73833
75133
77924
76834
76134
77634
73884
76494
77154
76503
73643
73563
77453
78993
90884
78154
77984
77064
79484
83844
76644
84234
77923
82224
82334
77453
106005
92954
99645
97414
96054
92925
93195
97705
98735
96055
93904
92104
96954
93114
97944
92274
95594
92695
99004
96874
101705
95015
92664
100605
101485
90204
106565
86234
81954
78664
79974
77914
83794
85494
90514
91064
83013
136867
118646
103455
96665
80794
82614
79294
84734
86314
80124
80093
79973
82293
81844
85704
83394
81014
83214
83094
81394
81894
79163
82294
83463
83523
87604
83574
86224
85404
88414
87334
118705
96935
109865
103815
100204
102325
99414
106864
108375
107245
100594
97495
103645
101975
99265
103335
98545
107215
109895
103475
102444
114045
108775
103925
108325
103385
98855
95964
89374
86734
86114
86964
82424
85954
89565
89114
84464
116046
143486
117916
102085
86304
83863
82814
85804
86294
74434
73844
76084
83724
86134
73903
76103
77553
79923
80753
75944
73914
75374
76704
79024
75344
78154
74673
80604
80874
78613
76913
75913
132316
107615
114135
96875
92125
94865
106975
103995
93194
96704
91574
98004
98014
98864
94785
93785
103565
112345
94795
92424
93414
99675
98165
95834
92574
91754
107425
86074
79384
75444
79744
80484
77744
81854
86034
79133
79333
134676
139116
101605
90855
80974
79344
80754
75623
77743
77243
78973
75863
76963
74604
82654
84054
81674
77364
76034
80094
74983
79013
82274
75503
81393
78953
81104
82154
81664
75584
75984
89284
113075
93384
91584
94004
96524
97514
95994
91184
93584
94565
100724
95775
99575
95095
95184
96535
99365
92424
92804
91794
95754
99685
97275
92675
90294
98275
110235
81514
76203
76603
80723
78474
76354
76014
81934
89024
83754
126846
113555
99575
80434
80684
78303
76173
77874
75334
78354
79464
76804
73543
76034
78394
80714
77653
75343
74473
78393
77253
76454
75864
73774
79434
84174
80964
77683
76993
81344
79863
104315
91314
96714
91045
97205
100194
93825
93235
94605
99445
105275
93844
91934
91574
97184
99454
97515
105235
95984
97695
98084
97555
96345
97185
93494
97375
109165
84614
75004
73684
81704
81494
75924
73854
79474
81234
79993
121905
106515
106755
95504
79444
77484
74094
74334
76874
77913
76304
76964
75353
74813
76863
80543
75523
77184
73884
75724
80454
76444
73593
73353
79574
80714
76933
76913
74313
88454
87964
87654
114355
95644
92585
101764
96575
94394
97545
94994
95684
96314
93094
90894
90044
99935
100294
94855
90304
90354
96285
101645
92924
89164
90474
98364
99265
93395
106755
79504
77274
79714
81334
76553
73903
77973
80804
80983
79353
126726
120406
102984
86034
75244
75314
73513
78764
78914
76213
73503
74223
84704
79483
78603
73564
73884
75724
81734
76374
74543
73403
76433
75963
82374
75543
78403
74364
78944
81124
75904
115945
92545
95775
100205
92534
89824
89764
94954
100195
98004
92215
90815
97555
101154
95205
90994
96935
94654
111675
105035
93384
96094
105205
101484
102285
92225
104224
82134
77264
80544
76143
86804
79863
76163
87424
81794
76814
127816
122695
113155
101285
80184
75623
77023
79904
79014
74603
75003
73233
89704
83744
75254
73784
72994
77264
80074
74643
72343
72583
77173
79053
76303
75664
79544
77384
82034
78154
77434
74554
118946
96465
95765
91374
109425
97184
98574
102205
94435
94064
92874
96925
105095
98885
94654
93534
97144
100165
91884
102405
92824
92975
100704
94715
91045
90074
104535
81154
79044
74483
74913
76173
77683
78793
78723
76704
76064
132336
126005
99755
83704
76204
76683
76973
80084
74603
79803
74584
77524
77714
74154
74044
75554
76324
79114
84654
77903
75883
77103
78233
74213
75303
83343
82014
83814
76384
77964
74964
114205
101014
100615
92834
91924
95764
99424
97204
90584
89304
93535
96265
97804
91164
91294
91104
97535
98405
93874
90134
90354
97704
101595
94925
91994
94255
112225
92074
81884
77013
76723
78874
81724
78003
75753
79054
80374
123196
129596
108065
95805
80354
76734
80204
82704
76203
77173
77193
83123
75524
74864
74044
80994
78634
76294
73353
75304
77323
79504
76363
74803
74373
76864
78794
81354
74934
76534
75654
78514
107015
92725
92954
92684
98965
101895
92224
93214
97874
96444
98674
96764
93815
91804
91234
100595
94315
92454
88074
91504
94524
96854
92134
91634
88844
106495
99375
85094
73573
100245
87644
85114
77503
81724
82513
81123
84894
129386
122185
99194
89334
83384
80384
77454
75463
76113
76843
78983
76993
75674
74994
79854
80424
75574
75314
77264
78004
78944
77344
78053
73943
81424
82484
79093
75874
73704
78354
81854
100454
91434
90124
93474
96095
97835
91174
90934
99314
103745
100715
95345
97694
94594
97745
104815
94935
92044
91114
98095
100295
92354
89574
90324
92704
98905
95575
92065
75914
75814
79074
80664
76784
72623
76043
84494
83224
93084
114866
106165
98034
88254
78184
77574
77324
76774
76553
74843
73833
73283
75083
80463
75993
75174
74334
75584
76474
78384
81724
80434
74393
78884
82054
79324
79013
76323
82343
80513
77854
114346
92564
97645
101604
95075
92534
90714
92554
99545
96345
91654
90184
89194
97694
98044
91155
91445
91444
101094
100145
88874
91144
96224
96054
101275
94114
109465
81183
75244
77594
78374
75094
75424
74073
86424
80454
76613
123866
123266
98904
95274
77093
75164
72724
79414
87454
81894
82374
74924
77024
80884
77384
76313
74273
79383
76243
74194
73774
75504
75144
77784
77444
76364
76794
77073
77664
78624
75503
82994
107615
94444
98294
95854
95904
88615
95805
99454
91184
91345
89844
94224
95985
93004
90714
89844
92404
96364
92604
89674
88854
90654
108535
96355
91655
92794
96504
79844
79524
79753
75933
75193
78693
80554
78373
75564
73274
125696
115795
97034
79534
75593
76523
77323
76913
72503
72603
75284
74854
75644
74994
73134
74454
76334
79134
73513
74273
73183
76803
78833
72953
74964
75644
81054
79174
77534
73684
73444
116695
97895
94985
91144
109046
96374
97544
97814
94834
90434
89374
108905
98134
91844
89664
92875
96385
97955
91924
88714
88274
98014
98005
92174
91384
89874
107025
83454
76874
73554
73414
77454
76564
77483
77934
77723
78353
130306
132246
100604
88784
76854
78034
81684
75604
74264
73983
77693
77494
76133
72263
73523
75623
78223
88274
76464
74484
78024
82204
81954
80564
84074
81724
86344
80084
76583
75213
75863
78203
103204
93904
93664
92514
95655
99044
97595
91964
91894
91784
99065
94114
90264
90824
93754
97824
94364
97434
98564
92605
98064
99174
93464
91784
89214
95755
111395
79433
74483
75493
79713
80013
77624
75654
78994
78094
84474
137246
118445
100225
80704
77133
81634
75043
74083
75953
77213
79554
74304
73894
72554
77234
79354
74404
73323
74713
76353
77333
74623
73963
72543
77664
81574
81673
80074
77554
76204
78804
109325
94465
91675
91655
96885
97145
91744
91784
91984
96864
101645
93094
90834
90794
95034
99575
94475
87744
104585
95565
103735
94394
96105
96585
96685
100435
110445
87674
81304
82724
86634
88384
81814
77994
87834
88484
91374
126436
106835
100145
100244
88555
83293
79774
78124
84024
96615
87924
83654
77694
84944
81364
85354
82604
80923
80613
85884
87944
83534
82164
81464
85914
90834
84704
83864
82494
84504
88584
95585
114996
99445
101185
93215
106265
101494
109415
110485
106285
104034
98395
98134
95595
103285
106194
101935
99435
98945
104615
107735
106435
98154
103874
105035
105355
110445
111625
93884
90344
95034
94374
94234
92574
95004
96584
96725
88915
132996
133966
115385
102145
87344
87744
88484
93674
95744
81294
80753
80393
91384
89065
101794
84954
82604
81144
86504
85274
85194
86074
86504
83894
85774
82194
84404
83184
86444
88384
83743
128306
96794
103725
112685
99735
98215
97155
101835
114176
103065
98784
100975
99304
105035
118146
103074
99794
100075
103934
100474
101975
98045
100165
105135
106235
100325
112266
88624
84854
87054
84744
77304
91594
90505
90825
91675
87934
141246
143536
123585
101495
83384
76913
76313
75503
78973
74753
74594
74393
77174
79434
75984
75554
75724
77914
81684
76094
75433
74733
78483
80303
79653
83203
78263
80714
85364
79144
78194
76204
125515
96134
99225
93914
92004
91834
98025
97905
94304
93084
90314
95274
100034
100145
106895
97665
99205
105615
97855
95575
95295
102865
101295
102335
93024
92514
107035
84553
82794
78544
78624
80554
82004
83824
84194
80124
79874
149547
126366
103365
85044
81813
80353
81323
81683
78114
80594
78344
80234
78974
76404
76404
77684
80294
78454
77363
77543
74633
79283
81033
77013
79304
76494
83944
81544
88074
79054
77074
102735
101214
97765
99065
97745
93824
98565
99595
92734
92744
93075
97674
97224
91955
92455
94154
99305
101444
93334
94225
93504
99825
102205
97024
99085
95724
99294
98394
83934
76154
74474
78604
79964
78954
75864
79094
80544
90904
131866
109215
96475
85734
80213
79314
74084
74184
77374
85324
84714
77514
75864
76564
79854
79064
78733
73293
74683
88294
84023
77563
75804
76673
79204
78784
83644
75294
77924
80924
82754
112845
94505
92315
92074
98004
102175
102565
97494
95004
96804
103455
99214
95004
90005
94265
99695
94145
92484
89534
91774
94714
97935
93604
91424
90044
97584
116706
81993
83724
79024
82094
85134
80254
74533
85024
85154
83694
127726
105605
99075
88754
82994
80733
74904
74554
76064
75924
78824
75374
75054
74364
77534
79164
73963
75323
75393
77553
83703
77443
76154
78193
80984
83034
80924
77604
76524
77314
81754
87604
102495
90944
93154
97134
96574
88544
87304
103745
98514
98214
102115
101504
92785
102305
103554
95644
100055
93064
91964
104715
97534
92554
93264
93634
101275
92654
100414
77414
73404
78254
80554
76564
74623
77434
84664
84734
78103
123456
117225
102865
87784
77983
79224
76024
77094
78284
77684
74294
73303
75894
80144
77054
74423
73903
74873
75903
77963
75823
74873
74604
79744
89884
79544
82304
80414
82324
82844
80364
117685
91554
102335
101145
94824
92304
91644
93974
98394
96944
92744
91134
93125
96284
98315
94025
92565
92064
98105
99285
104335
94044
90914
98044
107115
94204
105485
82784
78474
77184
80194
78354
76594
75844
88804
81654
77074
141777
126246
101115
96574
80664
80753
79963
78834
81764
77344
74764
76694
80874
80494
75154
74143
84054
81124
81324
77323
74443
73733
76193
79263
79573
86454
79263
79194
79574
81664
75934
77134
114145
99835
105565
93754
96055
96725
102095
101615
95714
95884
93224
98524
101955
97344
94964
93055
95995
102104
97555
101775
95334
93094
97195
104745
96505
94014
115335
87974
80513
81093
77274
80544
78014
83074
82514
77764
77414
130286
125076
100975
81404
73303
77113
78953
79783
74643
73764
77344
80013
82123
78164
74444
75634
80364
78104
74013
77414
73703
77523
80584
74323
76353
75303
82363
82364
77854
77874
74944
116565
100235
96365
91294
89364
92664
101584
104975
104715
98615
97565
95225
97325
98424
89174
91514
99234
101125
90274
93664
91375
95365
99164
94895
93194
91334
106745
83444
79693
73963
74723
76793
76633
79604
79583
77814
76614
137326
118836
97915
87904
76794
77704
80524
74403
73543
74103
78683
79053
76303
74493
74953
77194
80054
78804
74624
80764
84564
88754
80844
76844
78004
76394
84634
84204
76803
78873
77033
79473
