105110 
42710 
40670 
39230 
37990 
37640 
37060 
37050 
37730 
38610 
40080 
38440 
37610 
36880 
37490 
37470 
37170 
40030 
37320 
37620 
36980 
37940 
36030 
35220 
37320 
36820 
37410 
36440 
36030 
37320 
36210 
38170 
35630 
36330 
36760 
37570 
39510 
37390 
37250 
36110 
37510 
37230 
39500 
38330 
35310 
38140 
37300 
38690 
36500 
36800 
35860 
36380 
38810 
35910 
36440 
36600 
35300 
37920 
37290 
36750 
35930 
39180 
38860 
36150 
38350 
36410 
36640 
36340 
36580 
37240 
35280 
37670 
36500 
37610 
36440 
36620 
36610 
37920 
37870 
36320 
36690 
37530 
36950 
37050 
36970 
37300 
38240 
37200 
37530 
37510 
36980 
36690 
40140 
38130 
37950 
73090 
49710 
37600 
36130 
37570 
36970 
36060 
35440 
36220 
38000 
36270 
37210 
36280 
35710 
37460 
34620 
38500 
35950 
35910 
36740 
36420 
36610 
35510 
42060 
39520 
36460 
37150 
35880 
36410 
36050 
37650 
37010 
37280 
37500 
37140 
37880 
37300 
36760 
36380 
36800 
38020 
36950 
38510 
36350 
37240 
38790 
37670 
36050 
39380 
37000 
35820 
38210 
39270 
38360 
36950 
36390 
38880 
37780 
36380 
37500 
36050 
36710 
35360 
36990 
36110 
35500 
39290 
35480 
35820 
36450 
36260 
37760 
35540 
36860 
39120 
37250 
37220 
35550 
36600 
35650 
35630 
37370 
37090 
35700 
37740 
35820 
36800 
38500 
35840 
36080 
36620 
37670 
39080 
36940 
37740 
35520 
35960 
39010 
34860 
36840 
44110 
39270 
36280 
40170 
37550 
34960 
36620 
36670 
38050 
34960 
36110 
35290 
34950 
36530 
36820 
35770 
35700 
37780 
38320 
35450 
34520 
35460 
36790 
38570 
37400 
36640 
37530 
36960 
36410 
36110 
35990 
35880 
37110 
36060 
37830 
36430 
36390 
35820 
36030 
37950 
37040 
38100 
37750 
37390 
38200 
35660 
36930 
35650 
37610 
38520 
37560 
40800 
38520 
34600 
41310 
36690 
36600 
36030 
35110 
35540 
38230 
36310 
36020 
36770 
36450 
37210 
37040 
38140 
36130 
38530 
37500 
34300 
35880 
36410 
35980 
36450 
36530 
37540 
37090 
36300 
36840 
37160 
36510 
37090 
37080 
35640 
38630 
36740 
37060 
35730 
36710 
37760 
38500 
35980 
35920 
35950 
37320 
35580 
36550 
36590 
35700 
38160 
37270 
36900 
35630 
35720 
37170 
37820 
35820 
36710 
35020 
37360 
40120 
36420 
37110 
37000 
37160 
38100 
37420 
36830 
36000 
35820 
37290 
39020 
36270 
35690 
37880 
38010 
36680 
37280 
36040 
38410 
38360 
38110 
37130 
37610 
36070 
36960 
37530 
35830 
36530 
35770 
36770 
39080 
37610 
37430 
34600 
36370 
36610 
36120 
39730 
35400 
37380 
37670 
36300 
35680 
37570 
36500 
37890 
36950 
36480 
35340 
35810 
37320 
38300 
35680 
36510 
36620 
40340 
36950 
36050 
36010 
36530 
36050 
38300 
35080 
36770 
37670 
37430 
37480 
37020 
36300 
36410 
38210 
37640 
36910 
35870 
36560 
36050 
36940 
37780 
35550 
36400 
36820 
36430 
37530 
34540 
37550 
36610 
37970 
37610 
35310 
37290 
36040 
36590 
40940 
35840 
36490 
35500 
34730 
37130 
34840 
36820 
35380 
35690 
36810 
36820 
36480 
38770 
38840 
37870 
36150 
36000 
38450 
37550 
37260 
37870 
37050 
36680 
36480 
35640 
38380 
37560 
35690 
37720 
35930 
37510 
38230 
37140 
36810 
36050 
36030 
37510 
36990 
36880 
35120 
35870 
38500 
35890 
37510 
35900 
38550 
37230 
36850 
36330 
35320 
36040 
38260 
35540 
35650 
35260 
35520 
36340 
35990 
36830 
36040 
34850 
36580 
38070 
38330 
37260 
35950 
36040 
37350 
35260 
36430 
36380 
37500 
37740 
36420 
36730 
34980 
38680 
36550 
36090 
36770 
35820 
35560 
37630 
37040 
36900 
41550 
39040 
37900 
38930 
36490 
38540 
36590 
36170 
36230 
35910 
36480 
37040 
38840 
38780 
35990 
35990 
37240 
36340 
38590 
36090 
36360 
36520 
35570 
48490 
39300 
36070 
36470 
36920 
40240 
37110 
35040 
36780 
35790 
37560 
38060 
35560 
37600 
37150 
37130 
40970 
36980 
37560 
37510 
36780 
36870 
36070 
36790 
35900 
35870 
36600 
35540 
39060 
38010 
37770 
37010 
37750 
35880 
35650 
34420 
37370 
38100 
38530 
36340 
36960 
35850 
37740 
35340 
36100 
35750 
35090 
37580 
36100 
36520 
35830 
35360 
37470 
38430 
37850 
37790 
36280 
37100 
38740 
36950 
36510 
37730 
35070 
37970 
36900 
34700 
36180 
36620 
37860 
36260 
35980 
36000 
36420 
38480 
36060 
35810 
36280 
36570 
39480 
37620 
36450 
37770 
35910 
37280 
37970 
35010 
35840 
35320 
35990 
38520 
36040 
36140 
36120 
77010 
42860 
36100 
36230 
35650 
36720 
35980 
36540 
36170 
36910 
36600 
37320 
37250 
38450 
36500 
36450 
36230 
39060 
36710 
36130 
38040 
36900 
38990 
36500 
36800 
39400 
36800 
38650 
36910 
37520 
36670 
36830 
38420 
37500 
36490 
36520 
37040 
37630 
36890 
36290 
36130 
35430 
37170 
37560 
37090 
35990 
38310 
36850 
38950 
36490 
53590 
45280 
37490 
37940 
35970 
34890 
35270 
36120 
37300 
36560 
37630 
36350 
35450 
39130 
38370 
35810 
36440 
34700 
37130 
37300 
37120 
37600 
37560 
37110 
37590 
36410 
36170 
36670 
37330 
36930 
37050 
35750 
36060 
36960 
38250 
37220 
36030 
35840 
36370 
37370 
37650 
35650 
35900 
36690 
36250 
36830 
36610 
35870 
36880 
36470 
37780 
36580 
39460 
37020 
36010 
37600 
34930 
35450 
35870 
36420 
37130 
35940 
35720 
39250 
38530 
37930 
37030 
39650 
36710 
38230 
36690 
37350 
36360 
36380 
36900 
37180 
38670 
37440 
38070 
35100 
36650 
37580 
34270 
37220 
35500 
36860 
36920 
36100 
37380 
35820 
35890 
37290 
35650 
36240 
36840 
36470 
35930 
39510 
37030 
37760 
35960 
36650 
36520 
50450 
39420 
37330 
37600 
38200 
36130 
35120 
36230 
35340 
37500 
35730 
37760 
37520 
35480 
37010 
37420 
36530 
36440 
36460 
35850 
39630 
36180 
36890 
36680 
35810 
36530 
37390 
38380 
35670 
36910 
38680 
36210 
37540 
36020 
35700 
38220 
38800 
37580 
35320 
36050 
36820 
38220 
39080 
37440 
37090 
36700 
37840 
39500 
36490 
37000 
37150 
40880 
37430 
38070 
37380 
37120 
37590 
39040 
39240 
36510 
37030 
38700 
36700 
39320 
39490 
40140 
38600 
37300 
40490 
39420 
37740 
37580 
39710 
36470 
39610 
39300 
36750 
37300 
36790 
38930 
38040 
36570 
37450 
36610 
36550 
37810 
37890 
39420 
36600 
36940 
37930 
36540 
37270 
37800 
36810 
38620 
38600 
36480 
38010 
36030 
35530 
36430 
38160 
38230 
35880 
36560 
39070 
38440 
36520 
36130 
36850 
35470 
38140 
38380 
36750 
36960 
37800 
36180 
36680 
37700 
36400 
35790 
37690 
36850 
36700 
35520 
35940 
35370 
36630 
37120 
36780 
37600 
36590 
36620 
37930 
36980 
36220 
37720 
35990 
36790 
35870 
36320 
35620 
35480 
37310 
37310 
36290 
36670 
36360 
36330 
73820 
41300 
37230 
38730 
43580 
39300 
36280 
36690 
35150 
36730 
37280 
36430 
37070 
37350 
36660 
40000 
39950 
37880 
36360 
35500 
39260 
35960 
36310 
38230 
37490 
36460 
37730 
36920 
39780 
37060 
37400 
37090 
40160 
38360 
37260 
36780 
38810 
37700 
37610 
36570 
36830 
39810 
36880 
36450 
36190 
36160 
40250 
38620 
37430 
36830 
36220 
36000 
39580 
37190 
36640 
37250 
36680 
38720 
37360 
36380 
36490 
35870 
36750 
38840 
36590 
37270 
36680 
36560 
36850 
36410 
36910 
35760 
35730 
36320 
37860 
38180 
36060 
36070 
36490 
35240 
35960 
36870 
34770 
37160 
37050 
36850 
34510 
35790 
37800 
36010 
36490 
37700 
36860 
37990 
36910 
36860 
35560 
37120 
38420 
37260 
36260 
36890 
35380 
37790 
37390 
36630 
38060 
35220 
37650 
37280 
36040 
36170 
36920 
38320 
37660 
38500 
37060 
37250 
37520 
36760 
35950 
37090 
38330 
36770 
37190 
37360 
37030 
36320 
35540 
35340 
38200 
37020 
35790 
35720 
36890 
38200 
36670 
38310 
39200 
35920 
38620 
37260 
36740 
36060 
36210 
51540 
40320 
39350 
36990 
35320 
37390 
35910 
37900 
36600 
41210 
37570 
38170 
36560 
37400 
35400 
37990 
37660 
36420 
37410 
36790 
36640 
38040 
36670 
36870 
35190 
36700 
38000 
36740 
36390 
37150 
36520 
38010 
36290 
36150 
34990 
36840 
35440 
38280 
36250 
35920 
37040 
37270 
37270 
36130 
37320 
38250 
36910 
39520 
36630 
36310 
37140 
36110 
36980 
37090 
35830 
37010 
35350 
37050 
37800 
34760 
35940 
36480 
37180 
40520 
37670 
36190 
36440 
42490 
40740 
39060 
39490 
39140 
36490 
37160 
35850 
34900 
36030 
35890 
38890 
37120 
37340 
37010 
35330 
36720 
36100 
36790 
35300 
35890 
35380 
37960 
34670 
35870 
36010 
37450 
38420 
37210 
37140 
35830 
37740 
37550 
35970 
37560 
37920 
38650 
38610 
36700 
36310 
36590 
35450 
37760 
35660 
37170 
35140 
36450 
36160 
38890 
37250 
37050 
43290 
39220 
37950 
35200 
37260 
35650 
36990 
37500 
36720 
35510 
40830 
37030 
37350 
37960 
37100 
37560 
35030 
37160 
37410 
36610 
35730 
38610 
36000 
37770 
35550 
36050 
36660 
37290 
38180 
38490 
36410 
35310 
39380 
38860 
37690 
37580 
35540 
36250 
39210 
36990 
36010 
35850 
35730 
37320 
37790 
39620 
35760 
36060 
37790 
38300 
36620 
35030 
40660 
37660 
36660 
35520 
37790 
37940 
36530 
37500 
36120 
37450 
36040 
34940 
37330 
35860 
35670 
34410 
35860 
36220 
38780 
36440 
34860 
34980 
35270 
37390 
36270 
38090 
37390 
37010 
41490 
36460 
35470 
36830 
36640 
37500 
39560 
38400 
35230 
36390 
38820 
48700 
41240 
37290 
35890 
38560 
36770 
36670 
35540 
37570 
37940 
37150 
37230 
37500 
36520 
36460 
37060 
36250 
36130 
36650 
36100 
37990 
36510 
36350 
36410 
36600 
36870 
36430 
37050 
36580 
38690 
37910 
37360 
37570 
35350 
35310 
36030 
37440 
37510 
37180 
36090 
35240 
37400 
36190 
37950 
34810 
35830 
36570 
36170 
35740 
37430 
36820 
36550 
37150 
34930 
36740 
37210 
36480 
37290 
35890 
38020 
36160 
37260 
44730 
42890 
40060 
37710 
36750 
38160 
34870 
37770 
36390 
35900 
36980 
36180 
37110 
35960 
35530 
36940 
35300 
36280 
36290 
36800 
38150 
38320 
37160 
37510 
35770 
38300 
38860 
35850 
37070 
36280 
37010 
38960 
36860 
36010 
37350 
38710 
37510 
36690 
35550 
36330 
37510 
37780 
35370 
35070 
35860 
35570 
36850 
36040 
37380 
37370 
39030 
36470 
42640 
35460 
37710 
35740 
36640 
37660 
37350 
36880 
36520 
36800 
37770 
36260 
36520 
36860 
36690 
38050 
39390 
37320 
37130 
37170 
35730 
38680 
36510 
41560 
36680 
36220 
38460 
35170 
36810 
36480 
35950 
36670 
36280 
36730 
34380 
39130 
37910 
38500 
35480 
36390 
35200 
85380 
55200 
39970 
37160 
35980 
37440 
37520 
41870 
37200 
35720 
35240 
37020 
35680 
36790 
36240 
37450 
38270 
35870 
36940 
36680 
37650 
37940 
37730 
37100 
36740 
39360 
38790 
37000 
37410 
34920 
36030 
37930 
37790 
37350 
37600 
35740 
37020 
39410 
36290 
36570 
35820 
35920 
38130 
38560 
37190 
38540 
37190 
37600 
36950 
35370 
35700 
37660 
37510 
35310 
35420 
35030 
35520 
38840 
38720 
38630 
37320 
35020 
36160 
36890 
35320 
39560 
36920 
36870 
37300 
34380 
36550 
36140 
36430 
37140 
35130 
37210 
36550 
36230 
35850 
36020 
36280 
34960 
38630 
38650 
37760 
37260 
36360 
35770 
36030 
36790 
35810 
35930 
35020 
36530 
37740 
38090 
37010 
36970 
35850 
38220 
35520 
36810 
35030 
38010 
37600 
36310 
36380 
38860 
39890 
39130 
37480 
36490 
35550 
35640 
36290 
38510 
36950 
37100 
36060 
36200 
40690 
37530 
37680 
35940 
37790 
39490 
36290 
36260 
34910 
37520 
38730 
36640 
36610 
37710 
35880 
38900 
37040 
35760 
35120 
35580 
36040 
37390 
37190 
35840 
38410 
37750 
38010 
36500 
35540 
34960 
36270 
38550 
36140 
36070 
49590 
38640 
37310 
36090 
38110 
37320 
37090 
36250 
37500 
22470 
45430 
37880 
36540 
37870 
37010 
36260 
38820 
35460 
38520 
35130 
36620 
36300 
36980 
38530 
37010 
35840 
35800 
36250 
38190 
35090 
37430 
35990 
36220 
37160 
37440 
37740 
36450 
34850 
36910 
37220 
36260 
35680 
35840 
35210 
37200 
35070 
35260 
35050 
35710 
37120 
34480 
38510 
37520 
37160 
39910 
37980 
36680 
36870 
36110 
37020 
37030 
38830 
36130 
37070 
36900 
38260 
36640 
35520 
35630 
35400 
36830 
36290 
35990 
35630 
36380 
37260 
35580 
35560 
37840 
35590 
38070 
37550 
36520 
35480 
35490 
37030 
36370 
34860 
35440 
36240 
37270 
39660 
37040 
35940 
36250 
37260 
37980 
36680 
36360 
35480 
36110 
37010 
38290 
37650 
37130 
37430 
39260 
36000 
36860 
38010 
36970 
37400 
39260 
37430 
37300 
35370 
38150 
40890 
36200 
35890 
35720 
36600 
38740 
36390 
36120 
34650 
34950 
36730 
35970 
36300 
35670 
38590 
37060 
37110 
35250 
36760 
37540 
37950 
36950 
36670 
35210 
34760 
34680 
37680 
35540 
35640 
34560 
35040 
37720 
35270 
41330 
37150 
74510 
62450 
49260 
36740 
37550 
36480 
37090 
35560 
38150 
34940 
35410 
37580 
37940 
36640 
37290 
36700 
35630 
37660 
36280 
35890 
34780 
35100 
38620 
35640 
35660 
36680 
36710 
38400 
36130 
36860 
37290 
36430 
37300 
34520 
35420 
36270 
35430 
37070 
38110 
36700 
38460 
39070 
36330 
38020 
39290 
36620 
36220 
36330 
37770 
36160 
37610 
36710 
36640 
40270 
40890 
37050 
36490 
36750 
36740 
38520 
38540 
37150 
36370 
36730 
37890 
36630 
39060 
35850 
37170 
39180 
36540 
39420 
35780 
35470 
37600 
35490 
34990 
37910 
36850 
40420 
37640 
35840 
37640 
37490 
37200 
35980 
35810 
36010 
37730 
37850 
36510 
36210 
39120 
37830 
38040 
37400 
36180 
36460 
40130 
40000 
38060 
35890 
37100 
38670 
41550 
39470 
36670 
38240 
37660 
38260 
41490 
37420 
37660 
37020 
39980 
38370 
36550 
38070 
35780 
36830 
39000 
38060 
36790 
36890 
39330 
39170 
36980 
37350 
35400 
39000 
38930 
40130 
37540 
36430 
36670 
36170 
38070 
35860 
36090 
36940 
36390 
38630 
37950 
37510 
35860 
36330 
35620 
38400 
37100 
37430 
36300 
36960 
38120 
38700 
36110 
44950 
38430 
38540 
37330 
39220 
36320 
36760 
39570 
35210 
36870 
39650 
38260 
37130 
35690 
35930 
35930 
35060 
36510 
36920 
35900 
35980 
34760 
37960 
36930 
37060 
37720 
36680 
36220 
35680 
36210 
35780 
35620 
37690 
38750 
37780 
35750 
35000 
36780 
37630 
36390 
37180 
36820 
36440 
36490 
37490 
35770 
36390 
36440 
38390 
39400 
37590 
36730 
35320 
36520 
37810 
38510 
36350 
37720 
36650 
38960 
35840 
35230 
34520 
36550 
37020 
36120 
36290 
36410 
35210 
36280 
37280 
35880 
36810 
35290 
36710 
40750 
37350 
37270 
35450 
36810 
37720 
36030 
36200 
35970 
36140 
37880 
39010 
41680 
37110 
35670 
37440 
35250 
35800 
36030 
35670 
36940 
38800 
37510 
36390 
36250 
36930 
37390 
37290 
37090 
35900 
36310 
38790 
36190 
36940 
35750 
36320 
37280 
36650 
36430 
34670 
36430 
37310 
37530 
35710 
37020 
35830 
36170 
38680 
37770 
36180 
