81170 
54570 
51570 
54920 
49170 
50010 
55020 
52050 
49540 
93430 
93230 
71850 
62820 
49230 
49740 
1097190 
45650 
48110 
44580 
43930 
41460 
46700 
46910 
43780 
49120 
46160 
48040 
46790 
47670 
46380 
47680 
51600 
60240 
47940 
50180 
48960 
77790 
49220 
47780 
50970 
49010 
78950 
68320 
64680 
65040 
67570 
66840 
67940 
66000 
66040 
65680 
68090 
1185770 
68800 
64310 
66400 
1102590 
1098460 
58470 
64930 
62470 
60900 
63270 
57570 
60340 
58330 
58850 
61000 
62000 
49040 
45650 
47960 
49690 
49730 
46660 
48670 
51890 
74070 
51150 
87640 
76830 
61760 
47980 
48490 
47880 
47020 
46730 
45580 
48570 
47440 
45610 
46340 
1077740 
42030 
48330 
47470 
46670 
44430 
44350 
45700 
44100 
42180 
45640 
43970 
54720 
52890 
51140 
49810 
47730 
51370 
58950 
68060 
65160 
86610 
68960 
61700 
65900 
63130 
62890 
66920 
67490 
65340 
63780 
63470 
62950 
64550 
61840 
62380 
1096150 
56040 
65020 
62120 
64210 
60980 
60650 
62550 
59870 
61670 
46200 
44520 
51880 
48620 
48660 
46970 
45540 
53880 
51070 
50880 
114990 
107340 
64550 
57910 
46360 
51190 
51410 
49740 
48290 
45650 
46680 
45820 
45100 
48650 
44380 
43410 
1075680 
42410 
46790 
45570 
46520 
45420 
46400 
46680 
46940 
45620 
45530 
47610 
51510 
50890 
49340 
47210 
79960 
66090 
67420 
67900 
64890 
86530 
64500 
64990 
61990 
65150 
64610 
65090 
68680 
64210 
65980 
63210 
67050 
62920 
61450 
61690 
1098320 
54140 
61190 
66470 
61120 
57320 
67870 
49140 
46110 
42460 
44500 
46900 
46000 
48440 
54270 
50310 
48110 
88220 
84070 
72150 
61880 
68100 
49720 
47610 
47440 
45230 
46630 
46730 
45580 
49620 
61170 
47630 
45300 
48580 
49440 
44450 
1080320 
40540 
41610 
45990 
46190 
44210 
46200 
46550 
52910 
45240 
45380 
49370 
47030 
74650 
66460 
65370 
66430 
63680 
69500 
96610 
94010 
69590 
66030 
66590 
66050 
63420 
63610 
64810 
64440 
68060 
63610 
64540 
61100 
65190 
66770 
1101330 
54300 
57590 
58830 
59600 
64660 
47750 
45070 
47490 
47480 
48980 
47950 
48470 
54930 
48120 
49960 
88320 
74650 
61770 
48290 
50010 
87850 
48300 
47840 
46180 
50310 
46550 
46380 
47500 
46560 
46580 
46160 
44290 
45490 
49150 
47260 
41850 
46400 
43390 
43950 
46910 
46460 
48960 
50410 
46090 
48070 
49100 
61190 
68030 
66920 
63630 
66150 
61630 
63210 
66000 
65050 
91940 
67550 
64950 
66980 
63940 
66240 
68780 
68190 
67280 
66060 
66740 
65480 
61960 
65010 
68000 
1098540 
60300 
60400 
65770 
50770 
46260 
50050 
50070 
48220 
48240 
47160 
52710 
54710 
48210 
82300 
80930 
68540 
57260 
46870 
50240 
52570 
71960 
49260 
45920 
47490 
48190 
52520 
50570 
48270 
48540 
48390 
50210 
52160 
45900 
44100 
47090 
1077070 
44490 
47190 
48530 
47000 
47660 
52950 
49800 
49410 
47080 
73050 
57980 
65210 
63230 
63950 
65620 
64670 
70820 
64630 
67710 
66700 
86910 
67990 
67960 
64390 
62500 
65050 
64620 
67600 
65270 
66740 
62090 
64190 
64080 
62030 
61650 
1103080 
40950 
46320 
44640 
46110 
45310 
46560 
47400 
51600 
46530 
45670 
81680 
77620 
68080 
59670 
47880 
48550 
49140 
50880 
47620 
48750 
67260 
45760 
50770 
46230 
46110 
46650 
46800 
47710 
45680 
48040 
45820 
45440 
49110 
43520 
45130 
1080080 
39620 
52740 
46360 
46350 
47770 
46990 
76260 
63810 
60330 
58380 
58490 
60620 
65990 
64450 
62580 
62740 
66060 
68980 
67750 
64840 
83790 
67290 
66030 
64080 
63480 
61500 
63600 
66380 
66380 
69580 
66210 
63360 
65950 
54780 
60640 
1078690 
43540 
46340 
50260 
45400 
45960 
51860 
46250 
48610 
83240 
70490 
60750 
49960 
49290 
45030 
45290 
46670 
45130 
49020 
49260 
46530 
68450 
46370 
45940 
47800 
44390 
46010 
45850 
47360 
49150 
47270 
46670 
47810 
47250 
47220 
51170 
1082560 
45200 
46500 
50890 
59620 
62830 
59360 
59170 
66010 
57030 
64330 
58610 
62520 
63330 
67640 
67270 
69610 
52230 
57560 
67470 
61430 
61410 
62180 
64280 
66890 
1108840 
54280 
61260 
59870 
63160 
63100 
66740 
54800 
46020 
47320 
46170 
46210 
45460 
47410 
52660 
53120 
46470 
87380 
82440 
63250 
57090 
79470 
47250 
48350 
47050 
50820 
46070 
47290 
46790 
49190 
51050 
47130 
44750 
45660 
45620 
47510 
1077780 
46070 
45580 
43650 
43750 
51710 
46450 
47390 
47290 
44670 
48180 
46570 
44790 
73840 
63440 
68790 
63080 
63790 
63910 
65250 
65970 
87080 
67570 
64460 
65740 
66280 
61130 
66900 
65200 
69670 
66230 
64470 
60680 
62660 
63020 
67490 
1097470 
62030 
60760 
70670 
49070 
47410 
44720 
47770 
47950 
45810 
46590 
55870 
53230 
49920 
83320 
81370 
67020 
59220 
52970 
46840 
73470 
49200 
46540 
46920 
45210 
48720 
48410 
45110 
48080 
45290 
46460 
47050 
44220 
47080 
45520 
1074240 
48850 
48060 
50510 
50430 
44290 
52210 
44680 
46460 
44950 
46020 
74290 
64750 
64800 
62900 
67790 
63620 
65490 
68150 
62910 
87250 
65080 
64600 
62540 
60550 
61920 
63770 
66900 
67490 
66890 
62080 
63570 
63990 
60120 
61920 
1095020 
56940 
66110 
60230 
47820 
48730 
45600 
44820 
46910 
44570 
45130 
50410 
46870 
51420 
82630 
71580 
63320 
47490 
51100 
47000 
46380 
67840 
48030 
50990 
45480 
45680 
46040 
46740 
48400 
49070 
45370 
45570 
44220 
46090 
49560 
44480 
1079210 
38780 
43760 
50320 
48210 
50170 
45150 
49610 
49430 
66250 
62220 
58610 
64390 
69790 
62270 
62950 
63280 
64300 
68750 
67300 
88410 
66450 
64450 
65180 
66290 
62930 
65050 
65070 
64290 
68220 
63440 
63520 
63580 
63510 
67410 
1099230 
59460 
47300 
43180 
50370 
47870 
45730 
44680 
47860 
50900 
51170 
46220 
80250 
76480 
64360 
57110 
45840 
44620 
48090 
46220 
49600 
67150 
59560 
51360 
47020 
50560 
47700 
44640 
48350 
45430 
47550 
43910 
44010 
46740 
46230 
1088020 
43170 
42590 
45770 
44920 
49820 
48490 
46400 
43940 
73670 
58690 
59530 
59590 
63260 
63630 
65170 
66530 
62360 
63460 
67190 
64390 
94280 
65270 
70540 
66850 
66300 
65090 
64940 
64400 
66390 
65570 
60170 
65040 
62480 
61200 
65570 
1083230 
42860 
45940 
47130 
48210 
46110 
49000 
52940 
49780 
49820 
82420 
77900 
62030 
65220 
49580 
46220 
43260 
49990 
49350 
51930 
47030 
68880 
54010 
48090 
48190 
47130 
45050 
51610 
47090 
47970 
45540 
45750 
47050 
44520 
46090 
48080 
1079720 
47760 
44880 
48260 
44560 
45130 
74070 
65870 
59680 
59540 
56820 
57930 
65440 
65170 
61240 
64760 
63500 
65050 
64770 
67950 
63410 
88310 
68680 
64350 
63820 
65230 
65090 
67160 
64820 
67300 
63830 
64520 
69800 
50290 
49090 
45370 
1084320 
40900 
48230 
46500 
45450 
51000 
46070 
58420 
81330 
64520 
60500 
46120 
54990 
49400 
46580 
47800 
47160 
50450 
50830 
49200 
48030 
67090 
48830 
49210 
46350 
49140 
46770 
47450 
49420 
50350 
45770 
45960 
48100 
51920 
47950 
47570 
1079780 
45830 
48990 
68460 
60100 
58170 
63720 
64430 
56550 
58300 
57750 
61200 
60420 
64470 
68980 
65950 
65470 
61670 
65090 
64720 
62830 
86600 
62920 
65030 
64080 
62500 
70750 
65030 
68570 
65780 
66120 
47420 
48780 
51890 
48000 
46160 
1076470 
42880 
46780 
51280 
46050 
84790 
78760 
63790 
57240 
44690 
44300 
47240 
47540 
49560 
46570 
47040 
47710 
47480 
49490 
46580 
45420 
70690 
48440 
51410 
45020 
48140 
48100 
47630 
48370 
50070 
49220 
50280 
46750 
47800 
49460 
47100 
1083290 
1114100 
58000 
63040 
59570 
62390 
62190 
62010 
64230 
57610 
59760 
60260 
64170 
64880 
64610 
62850 
63100 
65840 
67250 
68890 
66170 
84880 
64930 
62580 
66960 
66060 
63050 
70000 
46040 
47270 
46950 
47360 
48400 
45580 
46030 
52060 
1090260 
42230 
83700 
78990 
61590 
55920 
51860 
46950 
43480 
47270 
43530 
45660 
45980 
46060 
49060 
46150 
44820 
48300 
46450 
50730 
47530 
72320 
46340 
47300 
50460 
46870 
44900 
47860 
47830 
54010 
48680 
49160 
47010 
47190 
79320 
65840 
1104640 
53440 
57270 
60030 
63310 
61670 
59790 
60650 
57850 
63260 
58510 
58900 
60130 
65230 
64530 
64820 
62520 
64100 
65850 
70490 
64700 
88030 
67700 
65710 
69130 
51640 
46230 
46410 
54440 
48240 
49310 
43680 
47290 
53870 
46560 
94390 
1127260 
64720 
59170 
51210 
48960 
43490 
45320 
54610 
50110 
52890 
44950 
45770 
46290 
45980 
45330 
47800 
44160 
46380 
48530 
49000 
46880 
76190 
49660 
50100 
48890 
50050 
49740 
48470 
48750 
49960 
49140 
74410 
65670 
61420 
67130 
65650 
1105750 
57960 
58050 
58990 
58180 
61270 
61930 
62790 
60060 
57370 
64360 
59310 
60820 
64290 
64850 
66930 
61200 
61820 
66800 
65680 
67290 
83720 
68640 
49670 
46980 
52550 
50490 
47600 
46440 
50550 
52960 
49220 
48880 
86540 
75050 
63290 
47940 
44480 
44040 
44470 
42780 
46490 
42360 
47270 
45250 
44940 
48510 
52580 
48860 
45820 
45240 
48090 
46880 
45810 
47110 
46420 
68320 
52110 
49640 
52150 
48470 
48260 
53260 
50530 
50360 
77970 
63230 
64080 
64120 
60560 
59850 
1103340 
60240 
58870 
62330 
58790 
60190 
62530 
60350 
62170 
60370 
59130 
57800 
64480 
66350 
63120 
63660 
61870 
67710 
63870 
65660 
68130 
68290 
50830 
46880 
49600 
52330 
47950 
45660 
58550 
53880 
51230 
89040 
83880 
58340 
56820 
45480 
1078540 
40250 
46220 
42050 
44200 
43170 
43580 
46030 
43530 
45890 
44450 
42020 
48930 
45100 
45910 
46250 
46370 
52390 
47310 
46680 
48460 
66090 
54460 
49120 
48690 
45750 
49040 
81110 
65490 
65320 
66650 
59620 
61990 
63600 
61090 
60410 
1097200 
57100 
61470 
61160 
63250 
59990 
60750 
64170 
62330 
61850 
61050 
62040 
61920 
65120 
62330 
64710 
64520 
65860 
53130 
48560 
46660 
71280 
48230 
49870 
47140 
48630 
54650 
48180 
86550 
87280 
72530 
77930 
48980 
49670 
46240 
43230 
1077220 
45720 
44240 
41780 
44430 
45760 
45460 
44790 
47140 
43030 
47890 
44110 
52000 
48500 
47840 
46890 
47750 
56130 
52060 
51910 
54380 
50510 
52670 
53630 
102080 
67180 
64020 
64640 
73780 
68650 
65450 
62920 
66030 
63940 
68320 
61640 
63530 
64420 
61800 
1117680 
61480 
60890 
62120 
59610 
64990 
64320 
64360 
63890 
65780 
68170 
66650 
67150 
49400 
46410 
52230 
51020 
51870 
47770 
49960 
52320 
78600 
52860 
86140 
80520 
61070 
58600 
49150 
48950 
49070 
45820 
50480 
47480 
45910 
48460 
45560 
1083550 
41420 
45500 
44980 
45110 
49520 
45650 
47530 
46830 
47810 
50820 
50660 
49820 
49850 
49110 
48230 
51850 
49370 
47950 
79880 
66980 
98390 
65830 
62410 
65080 
66040 
67700 
66520 
64790 
60880 
64890 
64560 
62400 
61190 
60820 
65570 
1110460 
59200 
62230 
60390 
62930 
60820 
65830 
63380 
61930 
69020 
51880 
50900 
47700 
51080 
51550 
47820 
49110 
54270 
48840 
53720 
124720 
115480 
66080 
59650 
47230 
48370 
49830 
50930 
47230 
48340 
49470 
46150 
49460 
47660 
47320 
47720 
1080070 
46160 
46020 
47850 
46670 
45430 
49300 
49690 
46250 
51320 
49740 
56120 
48430 
48580 
48190 
48800 
79740 
69620 
64420 
70230 
65790 
87500 
69170 
65960 
66610 
68250 
64860 
67820 
66790 
65390 
64120 
62450 
65800 
61240 
63080 
62570 
1109150 
64330 
63700 
61720 
60330 
62140 
64800 
60240 
47300 
47090 
51440 
48490 
53610 
51350 
50040 
66780 
50190 
85100 
89100 
69790 
62210 
67140 
51530 
48080 
46630 
46850 
51280 
51400 
48600 
47510 
46010 
46230 
47830 
45960 
46950 
45580 
1077540 
45070 
48970 
49020 
45690 
46560 
49040 
51130 
53200 
50220 
49630 
53640 
54300 
72850 
63910 
62090 
67970 
68070 
68340 
68910 
67620 
87210 
66780 
66420 
65660 
63160 
66090 
66360 
68080 
64480 
61750 
64680 
61010 
66290 
64980 
64170 
1109440 
57790 
66420 
61690 
66800 
50610 
47620 
52630 
48180 
48580 
47080 
50360 
53020 
52490 
49390 
85300 
80020 
64810 
59230 
47530 
45700 
66250 
46960 
52920 
46890 
46140 
49620 
47760 
52550 
46640 
45740 
47280 
47200 
49100 
46080 
46300 
1080700 
40650 
44410 
48280 
47160 
51050 
48450 
51190 
50750 
49050 
46160 
75210 
64710 
77970 
68080 
64480 
65490 
65680 
68800 
64430 
65500 
87300 
68400 
70850 
63930 
63830 
62790 
68300 
66110 
67090 
68240 
65910 
65110 
61630 
67750 
64580 
1107940 
62460 
53200 
53610 
46070 
50570 
49130 
49580 
72420 
54880 
49560 
48860 
89960 
87200 
65260 
60470 
50240 
48080 
49730 
49350 
46520 
47050 
46750 
1080240 
44950 
46680 
45570 
47030 
44340 
49100 
48170 
47910 
46920 
52540 
48850 
45870 
45940 
47110 
49740 
54150 
46880 
49140 
45590 
47190 
103120 
71100 
66060 
63070 
67260 
62530 
69720 
67280 
63230 
67740 
65430 
71470 
65220 
65590 
67380 
1105620 
61230 
66000 
63200 
63490 
64450 
66090 
64580 
64040 
57360 
61780 
67740 
55960 
48160 
43420 
47650 
48670 
47660 
45470 
46410 
51050 
66300 
89590 
82420 
69500 
64350 
49040 
50950 
49010 
47960 
47900 
48060 
51430 
46130 
47130 
50480 
52370 
38780 
57880 
45780 
46730 
45300 
42840 
48810 
46390 
45550 
1077330 
49020 
49940 
48300 
46160 
45830 
46740 
49670 
68760 
60100 
62160 
60850 
64340 
62410 
65220 
64310 
63540 
66040 
67170 
65390 
62230 
87060 
63130 
65940 
63860 
64500 
63920 
62590 
67520 
62530 
63750 
65940 
60130 
66530 
66470 
67170 
1087630 
41310 
46970 
45600 
49420 
45820 
46680 
50460 
50140 
46110 
79270 
72530 
56820 
58190 
48640 
49840 
47190 
46300 
49240 
45370 
47170 
64780 
48000 
49760 
45300 
48490 
47830 
45370 
51900 
47430 
49060 
45980 
44960 
47060 
47680 
48310 
1082550 
45820 
46250 
50040 
48300 
43650 
75950 
59430 
59920 
58600 
57280 
61940 
63490 
68740 
63330 
64610 
64260 
66070 
71270 
67680 
90000 
64500 
64130 
63830 
65590 
61430 
63840 
63740 
63720 
68440 
66920 
62840 
67490 
44780 
48490 
1083270 
46720 
49250 
43800 
46330 
53690 
48150 
47890 
82560 
76510 
56390 
56200 
45520 
48520 
44900 
56300 
48450 
46420 
45820 
49650 
50670 
87270 
49340 
46430 
45710 
47440 
52590 
49840 
51690 
1138990 
51490 
47160 
75510 
41750 
48010 
55180 
47990 
45120 
47960 
50320 
79170 
67540 
63000 
63630 
63640 
69590 
67890 
65770 
61200 
69670 
88200 
69700 
64140 
68070 
65630 
65200 
69420 
66730 
62620 
65230 
63330 
69740 
67550 
65420 
62540 
1106830 
60920 
56190 
47370 
46120 
48860 
46560 
63380 
49510 
48110 
52330 
47090 
104610 
83440 
71480 
62200 
52190 
54610 
50360 
48220 
47900 
67360 
52880 
45340 
46650 
45700 
47010 
47750 
49580 
47000 
48350 
48700 
49200 
49540 
49970 
44370 
1077820 
41840 
50180 
47780 
48880 
46800 
52440 
53690 
72210 
65290 
62910 
65200 
68510 
64160 
63690 
63820 
66160 
62720 
69390 
71960 
68930 
88720 
65440 
68490 
63690 
64530 
