49220
24380
22610
23110
22380
22690
22240
22670
22790
21940
23440
22090
22260
23260
24020
23570
59310
60060
58400
59240
57820
59340
59700
60200
59090
59800
58180
59760
59090
58410
59080
57780
58610
59390
59490
58000
56560
58250
59010
59590
59210
57350
58260
57690
57480
59140
56360
57460
56720
57830
58120
56260
58630
56540
57220
58540
56900
56500
56710
57840
56980
57120
57110
56430
57890
60130
56590
56390
57270
57550
58000
57350
60640
58410
56860
57510
56730
57000
56740
56030
57490
57550
57400
57200
56140
57400
57140
57360
57100
56210
57560
56590
56750
57340
56890
56560
57310
57790
56990
55700
57570
56230
59520
56570
57050
57950
55680
57790
56190
56670
57140
56870
57750
58480
56440
58800
57640
69230
64630
59160
57230
57180
59020
58560
57900
56970
57280
59320
57390
57580
57650
58080
57420
57230
56850
57870
57440
58720
57940
57730
58360
56840
58520
57950
56380
58410
56710
57160
57910
57820
57190
57510
57720
58070
57480
57470
57210
56330
57630
57050
57760
57150
56880
60880
59170
58760
56000
57670
65430
59490
56800
57440
60100
60270
57200
59270
56670
57290
58430
55860
58240
56880
58120
57640
59110
58230
56430
57030
56560
57800
58100
57940
57060
57490
65030
62550
57330
56000
55910
54660
57340
58050
57550
57750
57180
57680
58710
57520
57210
56420
57370
55120
57090
56160
55940
60130
58590
57040
56440
55710
57730
58750
57320
56730
55820
57690
58960
57970
56640
56060
57200
57510
57410
56490
56650
57800
56510
57140
57170
56440
57330
57960
56600
55810
56810
55870
57950
58600
56620
57870
57810
57870
57450
58530
57100
57950
56390
56790
57390
55940
57390
57660
57570
58690
57300
57150
58000
58480
57610
56320
56430
56770
58120
58100
56310
57120
56080
66240
57330
57490
57270
55960
56830
58890
56720
57140
56660
57500
59540
58620
57750
57880
56320
58710
58150
57270
59340
57070
57110
58100
57650
56160
56810
59070
57770
58070
57040
56520
58120
57590
57060
56970
57080
57660
58350
59320
56640
56980
57380
59670
58040
56410
58910
58110
57880
58690
56780
55980
58040
58050
56870
57080
57230
56760
57490
58230
56600
56270
56580
57370
57200
57470
58000
60130
56060
59120
58670
56330
57060
57390
58290
57150
57030
57230
57180
57160
57070
57750
57010
57320
57320
57590
57570
57640
56320
58150
58230
58980
57660
56300
57800
58170
59540
59330
57010
57040
57420
59190
57490
58770
58060
57860
57990
57930
57050
56370
57260
57310
58390
56960
57720
57760
58790
59920
56430
57000
57240
58800
56560
56610
58140
56800
57630
58570
56440
58080
56390
58200
57910
58130
56920
55800
57030
57660
57430
58670
56630
56830
57850
56980
58450
56170
56620
57970
57900
57560
57120
56300
56920
57000
56990
58580
57700
57900
58670
57720
57220
56820
57360
57960
59120
56970
55880
57260
57070
59510
56870
56960
58150
57260
58500
56530
55540
56690
57080
59470
57380
56870
57650
58150
57880
57000
56310
56580
56990
59780
58130
57590
57490
56000
58460
56320
58680
58200
55480
59500
57070
56610
56950
56600
58740
57890
58730
56930
56200
57980
56860
57190
57790
56640
58250
56790
57070
57520
57170
56820
56750
57490
58690
57530
58310
60690
58350
59640
57890
58400
59190
59570
59340
55900
57330
57810
56660
57760
57230
56730
57580
57120
59900
56740
56750
56130
55420
57010
56130
56410
57050
58420
57660
56880
57290
56280
56690
59060
58030
56250
57670
57310
59270
57230
58150
56560
56840
58380
58750
57470
56740
56780
56650
56590
57090
55600
55780
58650
56990
57800
57390
56390
57880
59130
57140
56050
57280
58310
59620
69030
57190
57100
57800
56520
58080
58580
58720
58420
57530
57870
58840
58320
58260
59280
58510
59800
58640
58730
59690
57900
57180
55960
56530
57250
56550
57760
56530
57480
59230
57740
59260
55110
57840
57210
56700
58330
57250
56320
56720
57650
58140
56460
58660
56830
56770
57940
56250
56980
56790
59160
59970
57850
57260
57070
57920
56950
57640
57240
57350
57180
57990
58150
58670
56110
56680
59230
57730
58080
57830
58190
57530
57750
57750
55790
56290
57740
57220
57770
57960
56330
58600
56270
57130
56670
56810
58270
57940
59120
57590
56540
58570
59610
58890
58130
57210
58570
57840
60580
58470
58230
58260
58110
60420
59250
57880
57360
58090
57110
56930
56330
57440
57800
58890
57500
56700
57270
57490
59990
56850
56120
55590
59110
58070
58700
57380
57730
56840
58060
59120
59440
58450
59070
59530
58970
58480
59330
57960
60110
58660
58470
59850
58600
58730
58830
58910
59060
57070
58500
58710
61190
60350
57820
58600
59100
60070
58920
58170
58400
58040
58990
59180
57620
59080
58480
58540
59330
58650
59190
58210
59120
59790
58140
59640
58110
58180
60420
59020
57960
58670
59940
59990
57710
58120
58110
58430
58990
57620
58710
55840
56360
57610
57140
57370
56000
56070
58540
56270
58330
55930
57950
59430
58880
58220
57280
55840
58240
58540
57210
57470
56180
56610
55170
57650
57430
56260
58850
57310
57540
57830
57220
58100
57770
58130
58750
56750
58340
57640
58620
57040
57120
58250
58310
58310
57080
56670
58450
56180
59820
58090
56850
57240
56880
58810
57740
56670
57230
55750
57090
58210
55420
58910
58000
58940
59640
57880
58870
57730
58170
57020
56990
58180
55250
59050
56860
59090
57100
57190
58320
59450
58340
57420
56560
58180
57480
58860
56920
56910
57220
69400
60730
58560
56340
56070
57560
58190
57140
57380
57440
59020
57360
58240
56510
56750
58260
57920
58320
56990
56730
57720
58640
57910
56380
55940
58270
56900
58320
57940
56520
57460
57200
57000
56750
56170
57320
57550
57830
57910
56370
56940
57390
57790
56910
57050
57300
55900
59150
57790
56200
57880
56330
57640
58960
56450
56520
56500
57870
57450
57550
57900
56080
57620
57360
56800
57750
56510
57340
56460
59540
57990
56590
57760
57150
57980
58660
56320
56850
60300
60750
57980
56000
56330
57420
56850
58700
57010
56880
56720
56830
58870
57660
58490
57810
57830
57210
57030
57120
55900
59690
59220
56880
57070
56370
57000
59500
54480
56620
55920
57420
58930
56480
56440
55600
57190
57260
57580
57640
57390
56280
58700
56140
55700
55970
55540
57400
56990
57590
57500
56390
57460
58380
58840
56580
56920
57660
57150
57800
57450
55920
58460
56480
58780
56250
56450
58210
57170
58950
55590
55250
58190
56670
58220
57670
57000
56730
55870
57650
56660
55980
56570
56700
56960
57500
55720
58120
58150
56660
57220
56160
58050
56680
59130
58030
56510
56660
55910
57000
57150
56710
57310
55790
58390
57710
56410
57790
56950
56430
57050
57620
57190
57170
57680
56340
56590
57680
56090
56310
58590
56620
56720
57170
57550
59370
57340
56670
55290
58030
57170
56530
57270
56660
57340
57180
56470
58460
57900
56870
56840
59250
57910
56070
57670
56430
57290
57740
56590
56980
57800
58570
58140
56260
56640
54830
56670
58160
57330
56330
55850
56100
55910
58900
56740
57300
57820
57930
57760
58050
55470
56700
59580
56440
58840
56890
57650
59490
56650
55070
57150
62620
59200
59220
56930
56060
56930
57220
56700
58310
56800
58780
60110
59130
59950
56230
56130
56320
57320
56710
56700
56790
56750
58440
56930
56880
55850
57290
56880
57910
56780
56510
57390
58640
105190
58050
56310
57560
57430
56370
58860
55810
57690
57660
57460
59230
58880
57420
56850
57500
58390
56720
56870
56960
57880
59550
56860
56720
56920
58750
58850
57610
57250
57030
57760
57020
56730
57310
55950
54880
59630
59250
57980
58840
56710
58770
59320
58110
57080
58610
58990
59340
58650
57110
60350
58240
59360
59160
58330
58060
59150
58050
58790
58620
57110
59280
59200
60040
57590
57510
58820
57930
59060
58180
57690
59130
58330
59470
57830
57880
56790
57720
59020
57400
58050
56840
58370
57870
56610
57020
57340
57190
58270
58260
56510
56980
55860
58870
57550
56580
56940
55970
56570
56810
56350
56650
57070
56370
57170
57170
57110
55390
57000
57590
57050
58200
56130
57750
58140
57070
57240
56500
56190
55510
57710
57820
57910
58120
58290
60960
59090
57990
57860
59290
59370
58730
57750
58380
57710
57200
59310
56910
57150
57440
56910
57830
56200
57390
57420
57230
58980
57760
58040
57030
57830
58990
57070
57390
56330
57130
58130
57560
57460
56890
58010
58410
57500
58170
56570
57990
58250
57430
57650
55840
56560
57990
56800
57550
57330
56740
59170
58160
58020
56890
57210
57140
56830
57820
57820
56360
57760
56630
58000
57110
56940
57520
56980
57810
56120
56670
57660
57580
58110
56770
58160
58150
57580
59380
57600
56190
57840
57010
58260
57450
56700
57360
57890
58910
57990
56350
58190
56020
56770
57630
56560
57400
56890
59200
57500
56280
59080
56160
58480
58360
56680
56180
56120
57540
56690
54470
57900
55990
57250
58340
57410
56480
55700
57870
56660
57140
57820
56890
58050
56910
57620
58950
56090
57080
57430
57400
58580
56110
56810
57670
57280
57930
56170
56800
56620
56950
57380
57660
56690
57440
57410
58090
56970
56450
56650
57490
58030
57310
57730
57110
58720
58860
57420
58040
56220
56990
57910
57570
55740
57870
56410
57420
57240
56720
57110
56370
57270
57650
56940
59250
56370
58510
58670
57590
58650
56560
57220
58500
57110
58140
57670
57810
56290
58100
57870
57780
57630
57670
57030
59470
56090
56630
58650
57610
56910
55900
57100
60040
58060
57020
56350
56720
57690
58510
57650
57110
59100
57960
60040
58570
57990
57870
58560
58300
59000
57350
57840
57980
58990
59430
57600
58830
57440
58470
59120
57750
57810
57470
58940
59510
58160
59200
57480
57400
58350
59760
58290
58310
58110
58960
59000
58690
58140
58840
59730
57890
58390
58580
58080
60530
59720
58740
57530
57070
58410
59480
58510
58270
59000
59920
59800
59910
58400
57050
59050
57970
59800
57430
57180
58400
58590
58710
58090
58210
58470
59330
58890
58000
57700
59870
58440
59980
58610
57360
57950
60670
60010
58520
57240
59170
58500
59930
58010
57520
58630
58680
60250
59990
73790
64190
57850
59610
59390
58150
58380
57220
58440
58070
57560
58410
69980
60890
59240
58160
59580
58060
58610
59020
58230
60600
58840
59920
59000
59760
60000
58080
58040
59680
58830
60060
57970
59820
59760
59840
58630
59260
59200
59050
59010
60820
58210
59610
59580
59280
60700
59490
59930
58550
60480
60890
58910
59220
57960
59160
60030
56940
59130
58020
60740
59840
58740
59540
59160
58620
60440
59520
58970
58140
60050
60110
59600
58790
59060
59580
59330
59450
58990
58590
58260
61350
59700
59180
58040
58390
59300
59590
59510
58950
57840
58690
60850
59070
58810
58710
61380
57670
58980
60540
58190
60550
58490
58050
57870
57380
57890
58060
61820
60730
56070
57890
57970
57810
57060
56790
58050
57170
58170
58170
57310
58790
57230
58250
57630
57010
58030
57500
58190
57920
57370
56820
58320
59320
58130
57840
58360
56500
57780
59440
57380
57710
57550
57780
57780
58510
59080
58180
58180
60130
58160
58040
58010
58570
58590
58720
57190
58110
56390
58970
57440
59210
58520
56940
60480
58480
65590
62460
59680
56870
58940
58280
58580
58210
57920
58010
59770
58560
57500
58240
57370
58500
57690
56970
58670
57820
60040
56930
57970
58980
57730
59880
57040
56280
57060
57580
57170
59960
61330
58800
59480
61170
58710
58550
59310
58800
59560
59870
57060
56870
57330
59910
58500
57510
57810
58180
57810
59650
56930
58700
56910
57840
58270
58220
58090
56390
57820
57370
58140
57780
57770
59870
58800
58690
58980
58050
58440
58550
57240
58650
57930
58730
58300
59060
57630
57320
58210
58720
58510
59730
57750
59430
60020
59450
58220
57430
56960
57810
58030
59370
57500
57940
57360
58890
58440
57610
56390
57880
60280
60760
55920
58980
59250
58280
59430
58240
58970
57880
59000
59930
59360
59110
59740
58420
60290
58370
58230
58190
57920
58550
59260
58600
57630
56930
57520
57150
57520
56160
56900
57920
59660
57100
57430
56620
57280
57070
57990
56640
58400
58140
57670
57770
57450
55390
56360
58860
58230
56190
55210
57970
56730
58310
56940
58010
57540
57820
57170
57020
57070
58430
58900
58580
56540
55940
58750
57650
57010
56570
56780
56860
56650
57840
58290
57060
57130
56630
57680
56950
56860
57760
56760
57800
59280
59850
58740
57530
59420
58020
58220
57630
56310
56820
57210
57460
56750
57400
56850
58210
57200
57630
57580
57580
57250
58490
57200
55820
55910
57380
57190
58620
56760
57500
57690
57390
57650
56980
57080
57820
54690
57780
56670
57300
56580
58850
58650
56520
56230
55990
56770
59380
56500
56390
56860
58880
56740
57740
57010
57330
57710
57310
57280
57950
56960
56550
57660
56980
57550
56580
56450
58240
57200
56940
56000
57820
57960
57450
57280
56880
56850
58610
57040
58380
57250
57430
57340
57520
