19600540
19592740
19587530
29811525
9756425
9817365
9824405
9810265
9803515
9838225
9848055
9841355
9826125
9850855
9807925
9829225
9864845
9839555
9844755
9826085
19665870
29757075
9832495
19636720
19648580
19638049
19651700
19642480
19640300
19648420
19655380
19639860
19645670
19644980
19645750
19648719
19639870
19645320
19645300
19639840
19649529
19643500
19650720
19644110
19655000
19643779
19653910
19643350
19643980
19644720
19668730
19643310
19643620
19645050
19642000
19642729
19644330
19642270
19650660
19646710
19642249
19662430
19677350
19644450
19643810
19641719
19686490
19642500
19653030
19647430
19642989
19664310
19653550
29758715
9861595
19645459
19644630
19641630
19650500
19643640
19653549
19646210
19639440
19642070
19650180
19644699
19654170
19663120
19646240
19646090
19644129
19644220
19650150
19720840
19656120
19645499
19642040
19643370
19652780
19647610
19641839
19645600
19645170
19639460
19651430
19642339
19644960
19652120
19647190
19646220
19658999
19650310
19649230
19644320
19642070
19647080
19650530
19645480
19641680
19642970
19679740
19655130
19655570
19646820
19642370
19644030
19655220
19651430
19654320
19648740
19643010
19653300
19644070
19654070
19652460
19644980
19644250
19647350
19647320
19654180
19651010
19644090
19661790
19640770
19645940
19644360
19651300
19645170
19643299
19652410
19645910
19645850
19654800
19645249
19651520
19831931
19653160
19649700
19668400
19658800
19649890
19649130
19653590
19656449
19672700
19670560
19662280
19652150
19651609
19655350
19684060
19660670
19655770
19650939
19665380
19651940
19651040
19651310
19652719
19653080
19653230
19653840
19650630
19652779
19657450
19658380
19662060
29742805
9884105
19660180
19657730
19651620
19656840
19648189
19645330
19643800
19656580
19651500
19656079
19645280
19648150
19649990
19649330
19655139
19653000
19644270
19657430
19657450
19649019
19648810
19650880
19648010
19648810
19647659
19658640
19649690
19650420
19653460
19656239
19648230
19647190
29812245
9823415
19658559
19661180
19655500
19646710
19649910
19661069
19654990
19647180
19644870
19656510
19649270
19656940
19659550
19646410
19645650
19655860
19660030
19654890
19647800
19649900
19650230
19644750
19652570
19655480
19654340
19661600
19655790
19661970
19648550
19655310
19649860
19660100
19654360
19647940
19648030
19655680
19649070
19649290
19649500
19648130
19656500
19658670
19649950
19650510
19651280
19651460
19647550
19664390
29820985
9813465
19650290
19649390
19650720
19656020
29759185
9849545
19731920
19656780
19660799
19659370
19652700
19646730
19660080
19657899
19661160
19657520
19649070
19648020
19646799
19649450
19654650
19653480
19648270
19650339
19654020
19652990
19648650
19654750
19648239
19659230
19650380
19650030
19648700
19652599
19646490
19648460
19653130
19654510
19650989
19660430
19649970
19653150
19650060
19655089
19650490
19664710
19652260
19651090
19675139
19653890
19653020
19662590
19653490
19651219
19653670
19649850
19654600
19657620
19651999
19650810
19649550
19665270
19668420
19660799
19651300
19653700
19650340
19651420
19826860
19662080
19652220
19651810
19651580
19655019
19651020
19657120
19660600
19665250
19652409
19650730
19652550
19656710
19648470
19649300
19656530
19654100
19654560
19657260
19652880
19662520
19652640
19658770
19653560
19665040
19652870
19651850
19658340
19649110
19674450
19671200
19660460
19652990
19650780
19652130
19653050
19665200
19652290
19652030
19650570
19663970
19664590
19662860
19652090
19653080
19656780
19655510
19654530
19663070
19651780
19650980
19654540
19654620
19654470
19658230
19652470
19664990
19654189
19654520
19652100
19658970
19651680
19654499
19654800
19651270
19652470
19658870
19662059
19655280
19663260
19655720
19652670
19669649
19654680
19659060
19648480
19649170
19653759
19662540
19656050
19678460
19659870
19656199
19659260
19664350
19651830
19651240
19652159
19661460
19653460
19663080
19652560
19651439
19652040
19650020
19658030
19667280
19653999
19654600
19653610
19656940
19655150
19660289
19664070
19686440
19661070
19657510
19652489
19661160
19655140
19658390
19658480
19651609
19650060
19660950
19655220
19664770
19653099
19652480
19828910
19672740
19659950
19656899
19657820
19654890
19657950
19663890
19658379
19658560
19673200
19679490
19667970
19668420
19656690
19653470
19653360
19667340
19656780
19662890
19654620
19653960
19656290
19653020
19657760
19664620
19657300
19658880
19657090
19656910
19656860
19666280
19654650
19665220
19654430
19654390
19654750
19659970
19660790
19659930
19658060
19653830
19664070
19663780
19659760
19658060
19652550
19652630
19652590
19671860
19667360
19662230
19657530
19652220
19654950
19663400
19659940
19656980
19652930
19656180
19659420
19697140
19675740
19659360
19658910
19666640
19662439
19661170
19656670
19655050
19655240
19655319
19661880
19660230
19695990
19662410
19657839
19670150
19663220
19655400
19654460
19669859
19666310
19669060
19657750
19655940
19655119
19654900
19660520
19669650
19656240
19657049
19660490
19657420
19657260
19662470
19659199
19673160
19658520
19661680
19664980
19663729
19664380
19663720
19662740
19666060
19665719
19665030
19661910
19663860
19661280
19678969
19666900
19681050
19668400
19667960
19659929
19661500
19661760
19665590
19668710
19663169
19658100
19663700
19658840
19668430
19667509
19666910
19660240
19671680
19662380
19843611
19665300
19663780
19663880
19660960
19663850
19666740
19662810
19663020
19665600
19662430
19660250
19663870
19665780
19673830
19667550
19662610
19662110
19663150
19666500
19663650
19664910
19662140
19662330
19668180
19665490
19664500
19665090
19664510
19660650
19695890
19670970
19666890
19667940
19660740
19665850
19672340
19671030
19663500
19661920
19663680
19663780
19669450
19668530
19662140
19670250
19679050
19669820
19670300
19664130
19665730
19669540
19663110
19669910
19670340
19663780
19668560
19662880
19667019
19667770
19673830
19663970
19683850
19662559
19666290
19664020
19666260
19666280
19662089
19666500
19664480
19666030
19671100
19667829
19668590
19670210
19665380
19664420
19683359
19668230
19672390
19682460
19677250
19670569
19669830
19672980
19666720
19664670
19665359
19669820
19671190
19666920
19668420
19662819
19678250
19674630
19675390
19665300
19661839
19669850
19664270
19698150
19677430
19667739
19666870
19667280
19667660
19665970
19668429
19688260
19689610
19673840
19666950
19670619
19669280
19670050
19665420
19667320
19666390
19662540
19669100
19668480
19664000
19735910
19664080
19662690
19676050
19671960
19665510
19666710
19684100
19681780
19676930
19672180
19668690
19671230
19672270
19668280
19674420
19671640
19662260
19665140
19687260
19670730
19672520
19665960
19668530
19672370
19664430
19672660
19678320
19670300
19673370
19665340
19668420
19669940
19668570
19668160
19676710
19667820
19669900
19666340
19669380
19678260
19667920
19674050
19666380
19668630
19672530
19668290
19670880
19666179
19664520
19665800
19682590
19672810
19669219
19840890
19669710
19666460
19667870
19688710
19675190
19669330
19669740
19671540
19676399
19669750
19667920
19665050
19681280
19670529
19673570
19665910
19666520
19670890
19665409
19671490
19673050
19667920
19670620
19666909
19671020
19668010
19670670
19669170
19680609
19669890
19666950
19664150
19671730
19669549
19670930
19673860
19669250
19672110
19672649
19670560
19673840
19668570
19670620
19671059
19684530
19673580
19668660
19669820
19667969
19667490
19672270
19672640
19671390
19667079
19685300
19678410
19677790
19674640
19669960
19678050
19675710
19672620
19679540
19673160
19667180
19669630
19668050
19671520
19673840
19672260
19670250
19670560
19699910
19678130
19672250
19667630
19679910
19672050
19669410
19668380
19670330
19676210
19669050
19674130
19669110
19669860
19675110
19671830
19672630
19672670
19668790
19670260
19689720
19676550
19678190
19669190
19672230
19670480
19681100
19677080
19673060
19667350
19674690
19670300
29847995
8874174
18753788
18754519
18742309
18755128
18745549
18742478
18754969
18738809
18768678
18749679
18743518
18748348
18742839
18743178
18749579
18745418
18795049
18763729
18735698
18748019
18750938
18748448
18742189
18745878
18744169
18750788
18744548
18742949
18740098
18745359
18748998
18745188
18740169
18739568
18799779
18755318
18751258
18758229
18751248
18762359
18753268
18753958
18793739
18744778
18740679
18743768
18750558
18757409
18845758
18755399
18745468
18758008
9857995
9862945
9844955
9854495
9855325
9878545
9859515
9860725
9867055
9864775
9860525
9867575
9857245
9855814
9858885
9851825
9948665
9874475
9861394
9854555
9846765
9867605
9867645
9859145
9857515
9861995
9863165
9868005
9844935
9848275
9856435
9897385
9891035
9869745
9847845
9861385
9866235
9863545
9867265
9853355
9855945
9857275
9866345
9873855
9859645
9852355
9859355
9887795
9894155
9857615
9878325
9853185
9866095
9872925
9867295
9859915
9863125
9859605
9932086
9869265
9853425
9865925
9928645
9859235
9865165
9860995
9855895
9862965
9860165
9869615
9862455
9862255
9863705
9860885
9868555
9862665
9854045
9863835
9858575
9857695
9859175
9857635
9865395
9855515
9861295
9864615
9867595
9864635
9861165
9858515
9859365
9871195
9868905
9855225
9868635
9863475
9867035
9886725
9911345
9862935
9853405
9857275
9887295
9858005
9859645
9855695
9852995
9926565
9889215
9851315
9924625
9852015
9853005
9859975
9853105
9857915
9886475
9861705
9867395
9852295
9850895
9856325
9857955
9859495
9848875
9857545
9857545
9860995
9901535
9857345
9847945
9853074
9846465
9855055
9859765
9848705
9927985
9856635
9860625
9850795
9855155
9859215
9858155
9862825
9866605
9857965
9854685
9958815
9899445
9889705
9869975
9860415
9870315
9845405
9933695
9862885
9857215
9860415
9859305
9858365
9868335
9860655
9924245
9861405
9849005
18765219
18765639
18770508
18762369
18763658
18799689
18768669
18811468
18765519
18762778
18801379
18769419
18760548
18753069
18751218
18754449
18756389
18756368
18839079
18758408
18761289
18763779
18759498
18756469
18754438
18810859
18764749
18760708
18767019
18747218
18762509
18755339
18829568
18831979
18766158
18755768
18757809
18768038
18752209
18738478
18751818
18749799
18764898
18753269
18750368
18754348
18755779
18750888
18755179
18754708
18762728
18798309
18757058
18756909
18755388
18755358
18749529
18750368
18760489
18797088
18762938
18749259
18767908
18838289
18758408
18760468
18754429
18751768
18762729
18761048
18796888
18748689
18747268
18750029
18759718
18767538
18764079
18790808
18761139
18762728
18791738
18765319
18749178
18810039
18793598
18804868
19684240
19679140
19674770
19691090
19674790
19678790
19677470
19686650
19681390
19677050
19855190
19676620
19683340
19687250
19677320
19682050
19674140
19689330
19678070
19693580
19679180
19676110
19675690
19675410
19676020
19685420
19680450
19678420
19674340
19678400
19674210
19688530
19683510
19677360
29804665
9858105
19686290
19687450
19684140
19680840
19681160
19683400
19683510
19684130
19682330
19683210
19706000
19702130
19686160
19683670
19682360
19701200
19684210
19680380
19682600
19682310
19682120
19683320
19682510
19685330
19679280
19686740
19687660
19685530
19711120
19685900
19681450
19698250
19683920
19685220
19681410
19677979
19681740
19692680
19684420
19683190
19683489
19682210
19681820
19687480
19683610
19679499
19679080
19695850
19682020
19687390
19680509
19680460
19681380
19680190
19683210
19686179
19685660
19683130
19683290
19686230
19681749
19704060
19694890
19705220
19684610
19681559
19681920
19684350
19683210
19680580
19685619
19681100
19680990
19686370
19686380
19685759
19682040
19682030
19681590
19700540
19688089
19685230
19681190
19683720
19688970
19685919
19689910
19680650
19682630
19684580
19721760
19690020
19681470
19678010
19675470
19689970
19681830
19684250
19680740
19675910
19679970
19679190
19683990
19687930
19680420
19681150
19683940
19682090
19677980
19692410
19679590
19718330
19694190
19682180
19686190
19684830
19686070
19684400
19686230
19683090
19683690
19790480
19690860
19682550
19682220
19683610
19680260
19698930
19686760
19681960
19683640
19682760
19685170
19688160
19693990
19685100
19682160
19684970
19688240
19691240
19687630
19683930
19685300
19694690
19688210
19691200
19687440
19684930
19684620
19683920
19686310
19688530
19684400
19687200
19689510
19688210
19690420
19688820
19685819
19699740
19689930
19700490
19693270
19691649
19690910
19686200
19688780
19686590
19683489
19688100
19701320
19700070
19688530
19687939
19687820
19712150
19690260
19688920
19683139
19691230
29834056
9834485
29815775
10009616
19688860
19686110
19689330
19695950
19689879
19685540
19686780
19718050
19709880
19697639
19686320
19685310
19685610
19688050
19690629
19692090
19688260
19685750
19683780
19690699
19690070
19690670
19685380
19701560
19685690
19687800
19688300
19690400
19704540
19695110
19693930
19690550
19693220
19690240
19693200
19688370
19689540
19684600
19684160
19702380
19691730
19688530
19688710
19686790
19721010
19701160
19699630
19690550
19691180
19689520
19687990
19694930
19693230
19688860
19684790
19700750
19691620
19692620
19689000
19685610
19687660
19690860
19690260
19695720
19690370
19689240
19690780
19683900
19688610
19691020
19689550
19698300
19684990
19691720
19683580
19692020
19695040
19708820
19704290
19690440
19690510
19694070
19690650
19697450
19689910
19687220
19687870
29815595
9851235
19690240
19687110
19690270
19690610
19692750
19694190
19689140
19687810
19689939
19689690
19695190
19691340
19684990
19685229
19697960
19685790
19690840
19686170
19683569
19684870
19682440
19688760
19694090
19688239
19689850
19684220
19690930
19685240
19693849
19686410
19699780
19687340
19686560
19682599
19863720
19692970
19686250
19689730
19687169
19708910
19695330
19697370
19692650
19691409
19693550
19685430
19704290
19692540
19689159
19694090
19689670
19691170
19692790
19693870
19691330
19687960
19690240
19695720
19694570
19692670
19690960
19689160
19703550
19694090
19695660
19692980
19690820
19694580
19689790
19693290
19694730
19691850
19691620
19691330
19701670
19694360
19692130
19690570
19702680
19694240
19693750
19690660
19692270
19696190
19690030
19692880
19691030
19687910
19696230
19693400
19707870
19697110
19691740
19690780
19718740
19696230
19695230
19694900
19693770
19692580
19699210
19696060
19692470
19691200
19693540
19694860
19698170
19695660
19691670
19692180
19704100
19690490
19696590
19693340
19694020
19693560
19687340
19696030
19694020
19694310
19693870
19687960
19693850
19691850
19694300
19692330
19702180
19693170
19690480
19689680
19692870
19696540
19694770
19693670
19690600
19690490
19695819
19696750
19697970
19726490
19705970
19693789
19710040
19695480
19693190
19695700
19692809
19696650
19694410
19698560
19694930
19691619
19690580
19694160
19699230
19695160
19691179
19695240
19705650
19693220
19696860
19695489
19691160
19690470
19867590
19701230
19697629
19694120
19696730
19694320
19693580
19698190
19694530
19693060
19701500
19694620
19692700
19692240
19694370
19696110
19696130
19693190
19690940
19690890
19697470
19696910
19695450
19698390
19692130
19729070
19721910
29874416
9803205
19699990
19694200
19692690
19695860
19702810
19696440
19692860
19695620
19696150
19702800
19698530
19694110
19691420
19703230
19693790
19700240
19695680
19693740
19697200
19694760
19699110
19700850
19692930
19697360
19693870
19704110
19699820
19700030
19702760
19711650
19697540
19699060
19696400
19703520
19697310
19696240
19700140
19696230
19695830
19701890
19697620
19699420
19695570
19696470
19695150
19713740
19699880
29863685
9814825
19696360
19698500
19701880
29825455
9845295
19697840
19695390
19703330
19703660
19700000
19696380
19694290
19706040
19698480
19701040
19695010
19698810
19695329
19698340
19699450
19701860
19701280
19695639
19700800
19699610
19697180
19700730
19695749
19711350
19701690
19698850
19696620
19701209
19702800
19698670
19700660
19702030
19693569
19704330
19695580
19701450
19700410
19697069
19698750
19714150
19698940
19701580
19698130
19722640
19709000
19705730
19702460
19696290
19882350
19702920
19698630
19704630
19701050
19702150
19698860
19713240
19701270
19708210
19699580
19696700
19697300
19704120
19703670
19704560
19697460
19700190
19699360
19700230
19698460
19699030
19700890
19710290
19699830
29837455
9835825
19703130
19700920
19701740
19708360
19700220
19699550
19703580
19702260
19705310
19700160
19699080
19701770
19718930
19706620
19701370
19699430
19699950
19700250
19726330
19708490
19702240
19700740
19700350
19698220
19704160
19704730
19700630
19698330
19712910
19705760
19706830
19704950
19698420
19699180
19700160
19700420
19707830
19701420
19699630
19701150
19703030
19698330
19702080
19708950
19713940
19703890
19701510
19699370
19702820
19702540
19700259
19702220
19702110
19698140
19703790
19701879
19701370
19699550
19702250
19698320
19712529
19701120
19704090
19699440
19697190
19699179
19703580
19706750
19724320
19714800
19707129
19707080
19710000
19703850
19698170
19697899
19715170
19701170
19704820
19702660
19698029
19702590
19701140
19704500
19703800
19700720
19704500
19699710
19703010
19702590
19702630
19702800
19715610
19705570
19700730
19698330
19700470
19709210
19701630
19703850
19701130
19699480
19704080
19875080
19706470
19700890
19697060
19696790
19712800
19702980
19700420
19697990
19697130
19698390
19705180
19705490
19700230
19700390
19706190
19724470
19717380
19705450
19703200
19697480
19714890
19701930
19710460
19704390
19702470
19705880
19703240
19706410
19705880
19703020
19704360
19704750
19706220
19706040
19706100
19703840
19712480
19703790
19702410
19705460
19702870
19704940
19727460
19713220
19707120
19702320
19707060
19706170
19708480
19701580
19700020
19701840
19718230
19708170
19702230
19703660
19700790
19704070
19713920
19707190
19705980
19702150
19704000
19703630
19729700
19724350
19705810
19722120
19732450
19715700
19706000
19704940
19706870
19706470
19704599
19705060
19706740
19704070
19706270
19704249
19705390
19704740
19708700
19704620
19714159
19704820
