50770
24890
22710
22980
22100
22600
23320
21690
22610
23490
22800
22910
22280
22330
22540
23000
61010
58970
58540
58140
59810
60720
58100
58640
57120
57170
59170
60970
58510
58260
58420
60810
59540
59840
56330
55970
58390
55000
56750
56590
57320
57290
57680
57180
56660
57130
59960
57530
58480
55680
56570
57650
57530
57570
57130
56740
58760
57360
58960
57320
55840
57450
57710
57210
58510
56630
57500
57560
107980
58580
57070
56960
58500
57700
59090
55450
58150
57550
57100
60350
57120
60010
56910
62340
64900
58640
57350
56730
59290
61230
58030
59310
59630
58400
58430
58120
57820
57950
59000
58720
57630
58240
57060
56380
56830
58010
57310
55110
57790
58170
58560
58080
57320
56960
60570
59680
58790
57120
57740
58860
58990
58200
57670
57770
59660
59490
58550
56030
56140
58760
57580
58540
57010
57990
59100
57210
58350
56010
56670
58600
59310
59970
58040
57640
58550
60390
59650
58720
58440
56230
58470
59530
57360
55880
57680
56740
59460
58830
58680
57920
57440
68420
59110
56100
57210
57080
60660
59860
57040
57590
56120
59960
59240
57650
59090
57680
59070
59830
57640
58010
56840
57750
57970
61300
60160
58970
59080
68300
61900
58900
58420
58130
60020
58610
59330
58240
60950
59840
58030
59200
59340
59080
58650
58680
59660
58390
57940
56870
57300
58630
57300
58450
57540
58590
60190
58740
58120
57260
60840
59950
56670
59230
57810
59400
58600
58110
58300
57010
59270
60180
57810
58770
58280
57830
59760
59740
56500
57160
56670
57820
59550
58660
57660
57720
59250
59390
60010
57510
58210
59720
59010
59470
57220
57680
59550
59120
57870
56620
56960
60020
56490
59930
57320
57110
58700
58380
59320
57910
56540
58930
58700
59910
58430
56810
57560
58570
60100
58690
57310
58570
59880
59450
57470
59600
58500
58220
59210
58690
58190
57120
57980
59610
59120
57860
57800
56770
59640
57910
58820
57690
56230
59760
59510
57970
58060
57160
59140
58860
57410
56630
55900
57750
58820
59360
58170
57650
57970
58360
57810
58770
56260
57230
60050
57840
59330
55420
59240
58970
61490
59280
58540
58730
60440
58950
61410
59000
58620
57090
55880
61010
59240
58200
58450
58580
60210
57300
55660
58660
57340
60660
57350
56240
58680
59880
59010
57050
56370
58820
58190
58970
57390
57160
57680
58350
58060
58690
58690
57270
57560
59670
58510
57590
57510
57030
58150
58240
59640
58360
57270
59900
58050
57550
59010
59440
60120
58830
58260
59500
57380
58870
58570
58740
62610
58060
59650
59170
59810
60700
56740
57300
58470
58250
58680
58170
59490
59140
58400
58940
56910
58770
57660
59380
60260
58210
58480
58350
58990
60980
58940
58040
58370
58440
58530
58600
58630
57220
59320
60240
58620
56560
58150
59940
58860
58600
58760
56330
58630
59190
57890
58340
57700
57200
59160
58900
59100
57070
58250
57380
58790
58740
57450
56810
58960
59210
58620
56430
58660
59240
59510
58220
56940
56210
60050
57930
58620
57730
57350
59580
57520
58470
56990
55870
58920
59020
59300
57560
58110
58010
58860
59510
57410
59840
58430
59840
59340
57310
56640
58280
58560
59010
58150
57750
59020
58520
59030
59620
57530
58380
57540
60100
59250
57790
57810
56410
59120
57830
57840
57390
57150
58280
58360
57680
58000
56730
59220
57290
56560
58700
56770
58220
56720
58500
57830
57570
59060
58730
58910
57410
56650
58350
59060
58210
59130
58720
59050
58850
59240
59350
56190
57530
59080
58030
58600
58710
57980
58000
57010
59360
57150
57750
59090
57300
59300
58050
57910
57530
59130
59180
58270
57380
57520
57440
58680
56850
57860
57220
59510
58720
58660
58650
56840
58970
58650
57020
59040
57830
57700
59150
59380
59060
56330
56930
60220
59920
59960
58110
57790
59250
57560
58290
56880
56560
60740
60160
58330
56930
60190
60790
57900
60700
58090
55950
57720
57630
58730
57490
56820
58070
58420
58820
58550
56910
59070
59410
59140
57960
56870
58210
59290
59950
58550
57290
57970
57780
58790
61430
58630
57510
58620
58400
60210
57590
60730
57270
58940
61540
59090
58190
57350
56610
58610
58070
58440
56850
59700
58420
57920
58340
57430
58040
58310
59470
58560
57440
58100
58340
57920
58100
56490
57950
60080
58040
59460
56950
56950
60290
58180
58410
56440
58230
59210
58090
57950
58580
56650
59910
59410
59750
57930
56760
58180
59010
59910
59870
55940
58530
58520
60840
58410
58090
57020
58790
72320
58960
57670
56400
59630
60200
58710
56060
58790
56960
58640
58810
55560
59980
57140
58790
57660
57770
58460
57360
57270
58360
57850
56750
56300
58620
58310
58950
59130
55050
61680
60580
59540
59420
55400
60100
59140
59490
59660
59180
57990
57920
58800
59170
56170
57620
58670
56290
59830
56620
57970
58730
58750
58690
57200
59080
58040
59010
58820
57580
57920
57840
58110
60150
57660
58340
57460
57840
58800
56640
56450
58860
59220
59350
58050
58310
57230
58810
59870
57040
59520
56910
58090
60010
59460
58850
57120
57410
60300
59050
60300
71550
59300
60250
59340
58940
58200
56460
59240
58870
59250
58210
57200
59120
58910
59090
57930
57060
60110
59700
58040
56810
57010
59310
58120
58720
57710
58070
58130
57560
61180
56860
57770
58790
59470
60140
56670
58260
59080
58920
59770
57720
57570
58590
60290
61140
58260
57890
59090
61240
59880
62130
58450
57440
57940
57540
58800
54820
57920
55930
58120
56660
57550
58720
56470
58380
57890
56280
57360
56630
58790
58190
55740
57230
55800
57370
56430
57850
57250
56180
57460
56980
57890
59140
56770
56490
58130
57520
58140
56230
56770
57580
58700
57900
57960
56430
58570
57710
58110
56790
57490
58380
58400
57720
57710
56050
56380
55820
58550
58370
56750
55900
58170
57650
56540
69050
57810
57300
58150
56860
56570
57840
58430
58710
56700
55780
56880
57340
58320
57460
54840
55910
57810
57750
58940
56560
58240
55850
59480
58670
57140
57520
56500
59070
59030
58730
57780
56470
59840
58630
57350
59860
57310
58050
56170
58170
58040
55410
58920
56870
60100
56720
57710
58880
58320
58230
64270
59590
57870
57360
57620
60030
58150
59340
58810
58780
59880
56620
58320
58810
57460
60190
58470
58030
58590
57750
60030
58220
58410
57320
59490
60390
60120
58310
57790
60200
58890
58410
57210
58030
58310
61000
60230
58300
57320
58020
59950
57780
58980
57620
58710
61400
60010
59580
58330
58050
59480
57450
59250
55470
56020
57830
57320
57710
57000
56210
59830
57920
58450
56570
56350
58890
55380
59050
56910
56010
57990
57880
59340
57510
58930
57600
58530
59710
55930
56780
58280
58680
59620
56810
56950
58160
57290
58630
57540
56120
57320
56140
57300
57100
56620
56750
55420
59950
58830
58210
58160
57630
58900
58500
57930
59410
57260
59540
59500
54900
58360
55800
58790
57100
56780
57210
55840
56870
57870
58120
57840
55740
56580
57690
58650
57780
56390
57110
58150
57670
59660
56810
57150
58320
58030
58990
57710
57570
57680
58510
58480
55440
57010
57040
56640
60460
56190
57770
57170
57030
58220
55890
58580
56270
57840
59050
57680
55610
56460
57430
63840
63930
59600
56720
58100
58180
56330
56040
56670
56770
58420
56480
58680
57410
57570
57800
58750
59170
55830
55270
60670
58900
57840
56720
54880
59020
57650
57850
56730
56060
58750
58570
57070
54940
56600
58050
56360
56520
60140
55650
56850
57930
58350
57180
56010
58180
58130
57990
56530
55830
57840
58090
58220
57640
55370
58050
57330
59820
57190
57160
56860
56890
57540
57760
56980
57500
57140
65870
59290
56650
57040
57210
59000
59850
58110
58010
57040
66450
60510
57330
58300
56360
57330
59850
57410
58720
57740
58000
58520
58310
59500
56880
58140
59740
59140
59080
58770
59070
60200
58670
59730
57510
56710
62490
58480
58660
57950
57310
60450
57340
59980
58320
58140
60190
58240
60690
57230
56200
59090
58310
60480
59180
57280
58710
59140
60560
58060
56270
60980
59110
59800
58310
57670
58240
59400
59410
58280
56660
57750
59950
59590
60080
58690
58730
57620
59320
58520
57580
58150
56940
58940
57620
57250
58610
56310
58280
57820
56680
58370
57140
58720
58010
57120
57660
56460
59010
59340
59420
58280
57250
58690
60230
58150
59790
57700
58350
57050
57810
59190
58700
58370
58240
58060
58220
57070
59800
59270
57270
58530
56460
56350
58410
58220
60360
57270
57740
57520
59720
59360
57640
57800
56530
57610
58950
57620
57820
57060
57750
59680
57880
57950
56020
58540
58460
55450
58870
58470
57590
59990
60140
59000
57090
60170
59670
58550
58640
57230
56120
58870
57520
59020
57520
55970
59590
59160
59050
58380
58180
59980
57720
57970
58620
56410
58610
59690
60350
58190
58150
59660
57420
58750
57490
57340
58770
58670
59810
59410
57510
58470
58040
58950
57190
57720
58040
58850
56730
58340
56160
57790
58950
59680
58770
57910
57740
56920
58220
58020
57270
58240
57540
59090
58660
56910
58410
57220
59830
59100
58080
58820
56640
59110
59080
59160
57860
57030
59790
58580
58650
59060
57000
57560
57390
57960
58870
57520
57780
59210
58030
60450
56860
58450
58810
57710
59010
56210
57130
58190
59560
58480
56760
58560
58030
57810
59500
58470
58440
57560
58000
59580
56390
57970
55480
58170
61830
59060
56750
56180
57970
57850
57360
54900
55880
58580
58350
57030
57410
58460
57540
59720
57390
55840
56560
56660
58500
57750
56730
59150
57090
58390
57140
57140
56810
56990
58330
57530
54590
56030
56640
59250
58350
57270
57000
56390
59330
57820
60580
58680
56180
56690
56810
57150
57390
56480
56710
57630
59370
58370
56890
57980
57340
56900
58840
56420
57290
57460
57560
57910
57150
57900
57890
56690
58500
56480
57150
56660
57080
58570
56660
57960
56770
60520
58590
56980
57480
55940
58270
58620
56100
56910
55560
59060
58450
57090
60110
56710
57500
59080
57730
57570
55940
57200
58260
57320
55710
56900
56120
58400
56900
57010
57070
56900
57060
56480
59280
55570
56420
58540
57690
59340
57690
56120
57030
56090
58760
55190
56000
56270
57940
61010
57560
57610
59810
56680
58160
57670
56540
57630
56560
58050
55940
56290
55920
58690
60030
59910
61920
59070
58020
58340
57410
56480
57460
56870
55400
57350
58150
57940
55890
58400
58430
57250
56190
54610
59230
57510
55650
56690
56830
58540
58000
58490
56420
56310
57480
56430
56960
56310
55090
56380
57050
57470
57490
66900
63690
60390
57170
59020
56810
58860
58790
56990
58120
56980
57820
59160
58760
57530
56060
56660
56670
56910
59700
57220
56590
57690
56750
58730
56270
57120
57220
58000
58750
56320
57800
56740
57790
59390
56020
58000
57190
58740
59210
57530
56340
57360
56280
56250
57460
56710
54830
56270
59660
59350
58230
56810
55600
58690
58130
57390
57270
57960
60440
58670
59280
56440
58500
58370
57580
57660
55830
56260
57230
55540
59390
59330
56440
59740
56780
59520
56610
56250
58020
59640
56630
59270
57910
57810
58970
58280
57790
57220
57090
58620
56300
57330
56440
58610
54850
58030
58420
56170
56440
56820
56960
57720
57260
56110
55810
56030
58130
59570
59020
59420
69290
58130
57800
59030
56380
58300
58380
56900
57870
55580
56290
57580
59330
59610
57000
57210
60330
58930
59430
57830
55930
58050
57820
57610
56190
56290
57970
58640
58050
56460
58760
59040
56890
56200
55060
54700
56490
57030
58280
56030
55980
58170
57450
58120
55520
56200
58250
57970
57810
55630
56140
57530
59850
59080
57510
56720
60000
58760
58470
57430
56470
57390
56980
59260
57100
56600
57180
55530
58250
57310
57030
56260
57470
57870
58990
56640
57170
56250
59760
57230
57160
58200
56140
58380
56730
57420
55740
55650
58290
56350
57400
57730
55710
57410
56240
58100
57560
57550
57100
58470
56610
59500
56060
57800
58190
56300
57660
57620
56820
57690
55840
56420
58150
58690
58170
57890
60530
56700
59510
57890
57670
59380
54790
58090
57480
59580
58970
56870
59170
57920
55560
58590
56090
57080
55530
57900
58410
56320
57450
56400
58620
57960
57090
57430
56510
58130
62380
60190
57540
55380
56200
58810
59790
59070
57020
55180
58820
57050
57550
56450
55130
59170
56860
59860
57400
56140
58050
56640
58790
56470
52940
57860
57520
59710
56750
56260
56940
58020
58810
57210
55970
56640
57720
56960
58220
57090
57500
57340
57940
56660
55680
56940
56320
56810
57330
55700
57580
57210
57760
57940
56940
57200
56100
59760
57840
57850
57520
56560
58480
58000
57430
55040
57300
58460
58190
57410
57730
56270
56620
57880
58030
57410
54600
57850
57190
58250
57290
56640
58190
58400
57350
58250
56120
54190
57690
58270
58460
55570
57050
57850
56360
57780
55830
56280
56830
58460
59190
56920
58530
57960
56470
60340
58520
56520
56940
58530
58740
55800
57450
55640
57560
59070
56760
57850
56780
58090
57460
55730
56390
