53280
15031950
13919014
31350
49640
15015780
13982504
28640
25720
15003660
14042625
24860
24290
23160
14099215
23861
75311
73051
29191015
14999939
14968019
9216269
73541
10070794
838855
791655
848454
14315417
877455
853875
1229136
89750
1904990
74900
14423977
866715
883655
886765
15358812
99290
15090661
29966970
34949956
94751
14934349
14944490
14667478
95560
98160
14656138
93311
15077941
14735949
101770
94910
15036100
14811289
92740
15056820
24871572
833045
24898252
15017220
9907292
82231
15819634
898645
1906610
1842620
863315
875815
1924281
1931851
20106307
15819175
14976220
14960919
15228521
25158984
14980840
14990350
10190204
883535
1902490
1897350
25268124
14976680
9972383
72991
535163
6188453
15052051
10349685
72531
15049180
11290930
97620
106490
15065620
10487066
15052830
29945640
79170
15572533
25563387
29990139
94360
16495078
12540127
941625
1943090
16613968
11636382
896475
900035
25783547
14995450
14972409
25844218
14975200
14989100
15915155
12752197
1857280
15044210
11879763
923195
934785
10987978
15077500
14975430
16078856
21086712
14956500
11083639
76061
1829550
16141126
11156959
73570
15258961
31203036
16966151
13058979
14952519
16270087
11270840
72631
15052640
12231795
71010
1845139
30067510
14984130
29960469
93661
26433420
29954619
73831
16527718
26505871
29984820
19992936
24952233
72851
16737609
11562181
72910
1853360
16623229
11625802
83241
15048810
16677699
11684912
114190
15073490
16758020
11766562
30049420
88441
12757568
949705
978675
986495
1955260
1921150
849215
100311
15057041
11966504
97281
15054790
17008781
12011504
88090
96490
12061085
94811
104991
15055010
17134772
12126544
74121
15039770
17181272
22208018
24990613
14981529
9989684
78351
16048696
13574132
1042526
1922760
27370346
24942283
69641
80931
25069774
24933493
98470
104341
15065970
14989990
12515346
76151
15058871
14978599
17567753
13576012
1918840
1941650
821904
1051966
15055871
12669948
77961
1939490
12704577
81230
85920
15038230
18831240
13993515
1148886
16147876
17867045
27877649
29986209
29948589
87621
14947809
14947459
14864079
85540
15061760
18018306
23025553
14966390
13078150
96831
15059890
18116606
28112760
30000960
14967050
14974110
15010210
14977380
23208064
14947180
13242911
67811
15046580
18260077
13291641
15038220
15002770
18328477
13355191
15111560
14929369
18407918
13438242
15037951
14964879
13463742
15071550
9996513
15040050
14976010
14985900
18543769
15371432
1820270
16315227
14839189
76560
15051970
14989660
18675229
28693163
14972510
14980770
13718093
1321727
1301507
16371567
14971319
16354387
23697456
14976049
10024304
93581
15050640
30008780
19965537
1296437
1408638
1371618
20378309
14920059
1386217
16482077
14988329
96511
92111
15058410
19100052
29129615
14958870
15155630
14153745
94040
93890
15047920
19264883
14281886
87891
15086170
19315613
15719013
1464578
15080371
19374683
14350026
69040
15046920
19390843
9384970
174091
1558088
1515328
14489407
15063651
35006606
14973140
14980390
14987230
14996220
14575498
74730
15060661
14622638
72341
15088781
21172903
14979570
1540778
1769889
1436758
1561389
1554179
14765838
15051030
30006280
14983780
14974940
9968703
15055660
14973250
14891369
110791
15051470
20019847
14968030
90301
15110921
19996386
16505587
1618478
1750569
1757159
16650069
11699843
1597069
21660645
14947369
11781433
1609458
1611788
15286951
10307185
96720
20064737
15016820
10375365
15116171
19991736
14930189
11980443
15055370
16630448
12041374
1645899
25500166
14975970
9971173
77300
15153430
10607416
109340
382813
15088610
10634926
73850
20062047
15007560
12324755
1671779
21702386
23338564
9982403
10772528
71900
16700879
12430066
1667069
1689019
17515653
12524566
1691079
1687509
12593857
1736669
1743159
846194
1745809
1735859
15982355
11027778
15074710
15018330
11107129
94460
16135896
11147959
15059510
14964330
17864965
12910299
1741999
1755179
12972519
1744359
15050090
11255040
1736130
15042040
11314631
93311
16793940
13106010
1769860
1807350
26416941
14989300
14999110
26497181
14972370
14986680
11529652
10029054
11561712
16780809
15007740
13351041
1809640
1780210
13432591
1772860
1779510
13423861
15067980
21717536
14949160
13486412
15085741
19988516
14991229
11889363
15056250
20017217
29961400
29971809
74441
14964480
31986960
29957610
77160
29929740
24959093
74410
12092974
1625388
15057021
12091044
15050480
19994446
9975643
73040
27179015
14960649
9966423
95151
16851780
14001095
1795040
1787070
19006461
14079895
1799799
1801619
27385776
15053930
14922910
12505777
15087190
15023290
12549087
93931
17557403
12550927
87450
15061760
12597627
15077341
9934733
1631558
15075420
12658898
1633979
1623989
15045090
12724428
15050470
15011670
12785798
15041990
15011760
12827249
77951
15062220
12836888
64890
17868725
14751009
1903800
1886350
14796939
1889791
12985039
15055490
9966743
64610
15041990
13020450
65190
20053507
14979450
13114000
15043570
14990350
13176370
1946580
13160490
212911
13225700
1625729
1625699
13327191
1700509
20107537
14983080
13370121
15063890
19993856
16958671
15014630
2016320
2017750
13467332
109081
13556552
1658248
1625058
13573742
1663509
1613079
15060570
13607662
93960
15060120
13646723
86871
18697600
13711343
78081
15046030
13731363
72680
18814010
13822283
15047240
14992430
13847124
78950
19018081
15943475
2055650
15056771
13956185
10025934
19027582
15486932
15082620
14996699
14118395
78830
77420
14106815
78590
78850
10031624
76721
14213966
2058901
15051921
14287336
1506208
1456448
14317107
83161
14320817
1441858
1440988
14377366
76931
20103697
16426508
14946379
15087350
14974200
14541828
1464738
2049950
14617368
2073631
2071581
14676039
1420898
1410318
14739278
15070340
14984650
14798469
98830
14836320
2016761
2031921
1832600
107210
2048461
1410088
1197736
95631
1346467
1358937
1256237
74090
15079831
15005770
72441
20086807
14988600
10148134
81091
15097071
10225205
15047410
10216255
15089481
12194825
2027161
2009321
10242794
1999691
2009420
2001320
10305505
2021691
20045147
16957310
12344085
2012570
74611
15038530
12423356
2007241
2040271
1999230
10486086
2056671
15043610
10591097
15044500
14985480
10584016
15089420
19999287
16982461
12647497
2024691
15097631
10765598
90611
15050200
10794407
92760
172101
10837178
15096551
10908878
2061081
15101100
10940538
2080451
15100820
13004360
2098101
15081070
13092110
2065531
15088341
11117380
100941
15036210
26125509
14991050
14994570
11167100
2042721
11202980
15089701
11270671
15053501
11440820
15099771
14913479
11321870
78900
1265056
1283016
11373241
1255667
10046733
11425940
15053071
21479804
14998570
11505931
15092160
11570011
77920
11554371
71370
1314907
11592502
73960
1237967
11631782
15055080
13779413
2134611
17164292
13828814
2141982
2160231
15116010
13956784
2165041
86181
15061520
11840763
20059057
14981920
15010640
11941884
15056571
19997296
2120682
918825
2233482
15059570
12054094
15053160
12057254
15094720
14294626
2268352
12160885
89611
15056700
12167985
87240
1207477
1155237
12208755
68521
73630
2281472
12288386
2293833
84321
15084690
12376116
146411
138390
15053881
27424316
20026326
29992840
29945050
72990
19936837
24985893
24996203
24960423
71241
14956139
12633087
15045750
22638961
14985749
12692438
15041080
22695261
15033140
13916084
15051460
22770291
14983100
12786628
1199796
1188566
12836048
15045260
30065150
24906933
88510
12978689
2283872
2242972
12998079
2258242
15060641
23043823
14975340
13061950
91451
15062621
13105839
1246557
15091491
13210691
2288462
2311672
13424731
2308082
15072420
28323401
24979383
24998043
29949229
106891
29854899
93771
28414651
14982430
14970480
13506002
1216866
1203796
13534982
20161248
17225482
14919419
14964809
2266622
2279042
894425
2257522
2270002
13663943
2260312
15048170
13743014
15047050
14986490
13793153
1161446
15052310
13828754
67120
15047640
16110016
2242851
15041200
13930215
15047480
13963375
2230462
15054561
16222636
2224062
15073801
14085925
20121817
14922109
14127435
85040
90520
16392447
2237342
2238112
14247296
93140
2247212
2276182
14317936
2266722
15100910
16578288
2240492
2223202
16646679
2220092
2198261
14481107
90630
1073056
14567028
95081
15102221
14642158
75591
71700
14644618
78200
77690
15037191
14723569
77661
83290
903734
15077760
14860549
15046680
14839609
15050830
14894769
74170
899454
2170091
2175941
14932080
75260
2209142
2183802
2135472
82750
2196072
2197702
2225562
79081
2179172
15085071
20179718
15001970
10209945
15047390
12362176
15090800
25254055
14975100
14983400
10356375
15060100
14979430
14989210
10400255
15061351
14976529
14990809
10485416
15081530
14989689
5485290
1053456
7693901
15125391
20567390
14977380
5556640
15071830
10612107
94550
15061710
10668077
93311
2261502
2295342
10779997
2248372
2242242
2241212
10780017
79040
2251822
2247312
10852128
2251762
2282812
2249292
10983179
2276562
2252722
2243011
10994119
2256762
2278732
2246372
11055149
15057490
29990120
29971039
74520
29935419
22186098
87420
2250442
17278652
13429232
77881
75231
15038700
11288140
72910
15068701
29990450
34952726
76980
14928110
14975740
11420601
78881
15090851
30001599
20002196
24929053
89321
12407306
903465
911114
11545212
99751
15061301
13904074
2304332
17383403
13945875
15054440
14972620
11697832
15108731
11785173
97981
94040
11813183
96601
87301
15067341
11892044
81430
69160
15042040
11926644
78021
74440
15038260
11987914
76871
77241
15084021
12081415
95590
86270
15058750
12102005
72761
2425943
17456833
14521608
79260
72591
15040800
12220196
78540
75910
15024910
12287026
73031
74060
15043600
12357296
75511
2429263
17485093
14784288
78230
100210
15041610
12488786
93781
15076730
30017249
19916586
84390
2648954
17560154
14940540
2475483
2510083
17571083
14928509
97801
2577384
15071401
12756478
2524383
2523813
2534043
12824128
95911
922925
15104430
12889428
2570804
2560984
15088941
12941089
15070260
14952799
22978753
14987700
22994733
14970350
15616483
2628814
17657944
14981790
76650
790144
851764
13126810
827124
73870
15055890
13165440
73421
802175
15036560
13223940
72010
15043700
15886125
2637774
15041180
15919205
15045880
14986470
23357875
15038670
13434362
828894
816635
13470922
91320
2658994
2651584
1095146
2642384
2644494
15084770
16256487
942655
909934
15089300
13692443
15067540
29989670
34954966
91020
17583184
14994390
15027680
14892690
102790
92860
920525
13875414
96541
2742405
2690064
13961404
2712644
2694154
2672845
14011215
94200
97470
955025
14033075
72151
15066780
29952320
74491
73420
15092030
14171135
79840
15056030
14251926
129541
15058101
9219379
15043220
14264976
2671035
17696895
14987260
2672924
2675484
24357939
17660194
12307065
2683444
15043620
14430647
88880
2691915
2689095
17169832
15043790
14987090
24559371
14975269
14575707
982665
15042390
14622248
75820
956075
14664008
112300
984605
15667784
94521
15062621
14784449
93781
15059010
14833989
95970
2764204
15068490
14890590
92371
2737215
2738345
17691045
2760665
2784305
12687198
2760105
10059834
15065930
14981730
76221
15039790
12866619
2730455
2736644
17844145
12859119
2726335
15037320
15240901
25232854
14997910
14965850
15430432
10364525
99471
15045300
15385462
10384185
15040221
15193991
15443092
10439215
15031470
15024880
15515113
10514836
68701
15048760
15549003
10563856
2784565
17806975
15614113
11644782
1030875
1045415
15636963
5643370
1035026
10677467
1027216
1020766
15725824
11719622
72440
15044830
15818994
11826953
2833885
2820035
18705250
13774003
2894246
2857706
15989405
10997548
94010
1017055
15993906
11005078
90011
15067570
16099976
11110299
1049226
15075531
16163296
11175909
15062760
14978900
16202467
14086855
2928126
2951256
11259390
2953366
15089180
14199816
2957505
3012656
11344341
2963596
15144620
11477381
1005776
981055
16479037
26432661
14999780
14994730
11484002
76631
2982346
2987336
11606611
3009906
2984175
17994536
14586697
75350
90580
82490
16742609
12603487
912845
15040860
11759192
79340
2964565
18004976
14758738
3004206
2974506
11903064
3002396
3014246
11951553
15064500
25000663
14962669
25011124
24980133
14996080
14960880
12966289
89381
95431
92861
12163535
90670
92450
12199895
3030916
3059796
17244522
12298426
91261
15058310
17300142
12296946
15065731
14967100
12325925
246961
998315
15047310
17438073
13371382
972155
15052440
17488373
12579947
115110
15039430
17561723
15539403
3048896
15088600
17612744
12621668
1017736
15046550
17662324
15692744
3077416
3075926
17694944
12717358
66860
978435
12760218
67341
67311
15049170
17866355
12879348
15040680
14990580
12895679
69641
15045510
14986170
17963316
13053239
15074691
14972980
13033749
84240
1045115
15093900
18175737
13155240
990375
991015
13160600
86620
87950
13250790
1063795
1050665
986705
13327301
15055350
14987840
18333008
13381121
15068611
14999380
18444688
16547278
3164387
18188687
14978090
3214738
3156017
1585498
3153317
3165807
1655719
3190577
3181597
16823629
3245617
15066890
16791240
3214058
3209398
15043780
9993193
69001
66351
3231258
16970041
3241187
3244137
15043000
9980943
15045960
14984400
14992850
13851984
3266898
3267638
18301018
26774393
14952849
9974493
69601
68511
14008685
68351
15044950
14102456
15059180
14989080
14113145
86830
15060830
14164036
83791
99331
15061600
14249296
3292198
3296198
17547294
3284677
18319987
15020440
3272317
3264577
14491527
3322657
3441298
2709574
14553348
95631
97040
14534587
101230
922775
14571278
72081
15087481
14657798
77951
74381
3264078
3288128
2902316
3307438
3258018
2957115
14767099
74540
917154
19822515
9833413
76701
18084476
3245957
3246167
29917839
14981910
9979343
77440
15043840
15002890
20013356
24980023
18214487
14978240
3249017
3252617
23263634
14966940
13349281
3232627
15066561
10182535
3238508
11127270
974485
10251115
100260
15096170
10353865
97460
734344
15123831
25395675
14978700
19992317
30016050
29956469
92380
23133373
14978880
13758503
3281187
15115110
18855311
13806643
15098700
18186216
13893854
3273527
15078380
10701717
75520
932024
15055030
10735687
75440
15049070
10818537
10050113
10848967
82990
15117370
10927878
96810
20057906
29981849
29999180
23273734
71451
14931929
14272636
15085881
19979606
14986860
11057049
926765
15049320
11076859
910055
15049000
11116939
904355
20056757
9975753
71330
13417661
3423338
3391308
14614588
3401728
15062520
11290670
3410738
11416751
100660
15067620
26387531
14989170
20060517
14991840
11516512
912715
20083187
14974970
11506392
905165
15058400
16566678
11598032
3482008
3487998
15095971
11668982
95311
20064897
24992693
14978530
14984830
11739933
15083351
14956110
11756782
10047164
16843720
11836923
15060090
14977780
11846053
84720
16919180
11922844
131990
15049500
26975654
9962343
17011901
12025614
76130
15048900
12045984
842924
17068401
12085035
15049210
14989690
12128355
70461
12187905
75830
70271
12237535
15051390
14981029
17280902
12493186
79560
15038720
17338002
15954305
3618779
15049600
15959185
3627449
12422366
839064
15083690
12504526
15120250
34950376
18632769
14938990
82410
20074437
14971690
12620237
15111360
19983077
10686537
776055
15064711
12708247
79760
820084
15074430
12777888
15061690
14967680
17874915
16540038
3675910
3731150
16549518
3711149
3693039
16596978
15066251
3617749
1616199
3715570
3691290
13067369
112141
20059907
3611419
1735259
3691500
3693180
18137807
13154730
70690
20063126
7059058
13216300
15053790
14974140
1914181
3688840
13342091
74380
13325921
75291
13708023
3729690
18388758
13403941
96701
765214
13481782
90590
15038090
13507522
75330
20032336
14976129
13589552
90830
15061270
13642523
90540
13699623
85080
85940
92791
13762163
82571
13778303
85361
17531463
3825100
15112930
13866244
3820871
3801091
13907894
3830911
798004
13960434
850404
814054
753294
67480
17768334
3834230
3860270
17843535
3808450
15046540
14089075
68851
15139361
14209176
96811
20051297
18749060
15005960
3789510
3803140
14247006
3800111
3808091
3201177
3797400
3809580
14341656
62680
14378176
64090
3795860
18200307
3797240
15079210
23265044
14967009
3795100
3790200
23335424
14969430
3783480
3762170
19631204
14660828
88111
90061
15067100
14739329
83631
723814
15048060
18629980
3819580
15057820
14841849
10047643
14948369
105870
18835590
14970810
3854880
15034910
14976400
87691
14986430
80100
3815710
3813291
3839291
3822631
15091461
25142294
9969343
10161125
10037574
10222145
15045040
10226654
20051797
18738090
14029865
15110541
18806930
14131045
15059090
10386625
20084807
14988670
10437966
93141
3800140
14232225
3798590
3803580
10487646
3787440
3804861
3796190
10557236
3837840
15084210
10621966
20084337
14992070
10673267
67990
3844181
14546997
15104200
20734330
14985310
10753887
73150
15047340
14644638
3916531
15059801
10858348
15054300
10922538
99220
15070521
10941478
745124
744024
15067220
26049919
23813257
14968250
14997650
14917490
15099520
29953149
24972663
73011
