71900 
49930 
45420 
46080 
47120 
44820 
42630 
44660 
43170 
47330 
49020 
43970 
40940 
46380 
44010 
61800 
46990 
20670 
21690 
23180 
51470 
46690 
45170 
44920 
44190 
46630 
1077530 
37500 
52800 
44710 
45570 
41740 
41350 
40590 
41720 
44710 
42870 
40810 
40110 
39560 
63840 
51690 
43540 
43360 
41990 
43410 
43190 
43390 
44150 
45080 
46340 
49140 
43760 
42790 
42830 
43400 
47840 
43280 
45620 
43000 
45350 
47220 
42250 
37350 
38090 
40380 
41340 
45510 
43400 
41470 
39730 
42760 
42740 
41210 
39680 
39590 
49610 
58740 
45040 
40860 
39780 
40940 
45520 
43420 
42310 
41460 
42420 
59260 
45380 
42810 
41500 
39410 
42630 
43460 
42650 
40760 
41480 
45490 
46350 
1079990 
37510 
43110 
43690 
43290 
41440 
40180 
40270 
39320 
44930 
41150 
41010 
40750 
39080 
42880 
42050 
39290 
40970 
39590 
43850 
42000 
40100 
40320 
43820 
59680 
43450 
43330 
42000 
40550 
42640 
43970 
41050 
41880 
39620 
42780 
47740 
1079250 
40370 
43240 
40400 
41860 
42910 
42270 
38530 
40170 
41670 
42620 
40800 
40720 
45520 
42450 
45740 
45590 
41070 
42400 
42150 
43200 
42020 
43210 
42060 
44170 
59070 
47580 
41070 
41530 
40500 
45950 
43760 
42600 
41200 
41780 
45530 
47360 
1080770 
37890 
40640 
41690 
41960 
41240 
41270 
40410 
40240 
42330 
39780 
41050 
39840 
41400 
45360 
45240 
43330 
41340 
47680 
46340 
52370 
44310 
39560 
40640 
60770 
51120 
46840 
51850 
48480 
49350 
49610 
43890 
45980 
41400 
44680 
45690 
1076260 
38930 
40030 
40400 
48000 
44250 
40490 
39950 
40630 
47110 
46790 
41590 
40660 
52610 
50140 
46380 
42550 
40320 
45130 
43760 
44430 
46850 
40690 
42790 
60930 
51360 
44160 
42830 
42620 
43200 
48520 
49150 
49940 
44840 
43500 
47780 
1085010 
42060 
42430 
44930 
46630 
44850 
41940 
47850 
40440 
48030 
45410 
41970 
41320 
41130 
47740 
46660 
42910 
42760 
41060 
42380 
44650 
43380 
41600 
42060 
43250 
44200 
44350 
43020 
40790 
42700 
46090 
41840 
45470 
41870 
40910 
46380 
44870 
37500 
39560 
40580 
42820 
42280 
42060 
40450 
41680 
45790 
45660 
44520 
40260 
39780 
38480 
44440 
44570 
40600 
42270 
40140 
43400 
42410 
41330 
40520 
38470 
56840 
43660 
41450 
40770 
41250 
41130 
44120 
42680 
42460 
39580 
41000 
47550 
1077530 
37600 
39740 
39190 
42070 
43870 
44720 
40260 
40390 
47330 
47800 
44830 
40860 
40630 
43340 
44150 
42560 
41110 
41430 
42960 
43370 
42490 
40020 
42990 
63150 
47440 
43070 
40970 
45320 
42060 
42070 
43710 
42740 
40620 
40160 
47630 
1083380 
37840 
38300 
38990 
40230 
43190 
40730 
42300 
42360 
42210 
43630 
40080 
40360 
41910 
62150 
46220 
44710 
40310 
41560 
40770 
47090 
45050 
44510 
42920 
42060 
44610 
44380 
17820 
19860 
20620 
21000 
26330 
22310 
20700 
41090 
42810 
44440 
47680 
43300 
40540 
41700 
44730 
42170 
40170 
41710 
40720 
43980 
43980 
42500 
40730 
40030 
45620 
48560 
44040 
41830 
43580 
49450 
49190 
42920 
44820 
41450 
42520 
43820 
42660 
19760 
19850 
22180 
23390 
22460 
22530 
42220 
44990 
45160 
45570 
42040 
41970 
39910 
41370 
42280 
41980 
39960 
41560 
41680 
44130 
42340 
40010 
40780 
60170 
44510 
42470 
39660 
41800 
42680 
45160 
41600 
40970 
42020 
40370 
43750 
1075350 
22370 
21010 
20520 
21010 
22090 
20610 
43200 
39700 
43980 
44020 
42540 
41210 
40320 
42170 
42370 
41130 
40820 
40260 
41260 
43140 
42080 
41780 
39870 
40980 
44470 
42270 
41280 
39500 
40440 
42870 
42410 
41810 
40860 
45590 
44910 
1074330 
21760 
20510 
20760 
21180 
23040 
23030 
40470 
41740 
38480 
42760 
43340 
42290 
41570 
39640 
42120 
42630 
38930 
40290 
39590 
40420 
41210 
40770 
41800 
45330 
59700 
43720 
42010 
41220 
40090 
43800 
44900 
41700 
40260 
39590 
43990 
44250 
44040 
20690 
19550 
20770 
22430 
21840 
42660 
39540 
39290 
42920 
43230 
43700 
41910 
39860 
47130 
45440 
42550 
40360 
38180 
42180 
48180 
44030 
40910 
42280 
63450 
44650 
42640 
39680 
40400 
43580 
45420 
44070 
41020 
39450 
41420 
42740 
43960 
20850 
21730 
21090 
21650 
21940 
42530 
39310 
40970 
40850 
44550 
41880 
41060 
40370 
40190 
43560 
41810 
40180 
44470 
39200 
41920 
41490 
39550 
40770 
40790 
71450 
46700 
42870 
42040 
42470 
53280 
46510 
41210 
42100 
40760 
44440 
45980 
23090 
20780 
20970 
22630 
22780 
42310 
44840 
41070 
41830 
47290 
42980 
41460 
40870 
40000 
45900 
45350 
43990 
41000 
41180 
41570 
43520 
43310 
41080 
41340 
60070 
49010 
46680 
42200 
40850 
42370 
45010 
43910 
43520 
41660 
39170 
43670 
1071050 
20800 
27550 
23650 
48310 
46580 
41000 
43830 
40710 
41610 
43430 
40150 
43530 
40850 
40110 
45930 
41530 
39830 
42550 
40030 
46850 
44490 
40190 
40570 
41340 
45030 
42560 
40350 
42030 
39690 
44060 
41000 
41480 
42140 
40400 
42170 
1069810 
19710 
20280 
19490 
43410 
43920 
42430 
41890 
41700 
42240 
45510 
41230 
39440 
40170 
40740 
42150 
43160 
40830 
50800 
47120 
43100 
43340 
41810 
41090 
42140 
54190 
41890 
41680 
40170 
41400 
43010 
43750 
41550 
39600 
40510 
44230 
42970 
1069290 
19770 
21380 
20700 
44140 
42460 
39680 
41460 
39410 
41820 
43380 
41550 
39610 
40010 
42290 
43290 
45170 
41630 
38570 
41500 
43150 
43510 
40790 
40230 
62670 
44600 
42400 
41240 
40360 
38640 
41900 
43390 
42640 
54750 
45030 
43540 
1083610 
21820 
19990 
20160 
43130 
42700 
42410 
40020 
39410 
44100 
42840 
41080 
42160 
42300 
40830 
45060 
42590 
40310 
39490 
40750 
42850 
42460 
57710 
50540 
41960 
45870 
45690 
42650 
42180 
45710 
46690 
44370 
43840 
42220 
41820 
55960 
50470 
21310 
20050 
21090 
1303310 
46710 
40690 
39910 
46170 
41650 
45110 
54310 
45120 
41350 
39870 
43930 
43020 
40610 
41690 
41330 
44060 
43050 
42430 
44530 
45320 
45590 
44880 
42090 
42730 
42470 
47800 
45420 
45320 
41750 
40970 
42680 
44010 
21020 
20050 
21130 
21060 
1353390 
44580 
42260 
42780 
46060 
44460 
43450 
42220 
41300 
40920 
41470 
44040 
42590 
39230 
40280 
40250 
42190 
42260 
41000 
41430 
78350 
52240 
45570 
41520 
41850 
41690 
46080 
44420 
46600 
44740 
42610 
43950 
46450 
18270 
21870 
20290 
20610 
48180 
43110 
41920 
39050 
42080 
46240 
42910 
41420 
41580 
42000 
43710 
43480 
42190 
41440 
41000 
44780 
43190 
43370 
42530 
42460 
46610 
45900 
43820 
42200 
41910 
46930 
42790 
44720 
41250 
41010 
41830 
43880 
22390 
20380 
27840 
23120 
46110 
43400 
40030 
40840 
40890 
42860 
44530 
40870 
40400 
40070 
42040 
43570 
43840 
39690 
40500 
41040 
43240 
42170 
41810 
40660 
59470 
45650 
42600 
40140 
40620 
40340 
43280 
43070 
40630 
40830 
40220 
46380 
1071380 
20860 
19460 
21210 
21980 
43450 
44290 
40990 
39740 
39990 
43710 
45210 
42250 
39280 
39350 
47160 
53890 
45040 
40100 
39240 
43830 
42240 
42420 
40550 
39290 
61410 
42220 
41860 
40660 
43750 
43330 
42940 
41770 
42010 
43750 
43490 
44720 
1071310 
19820 
20560 
1262430 
44150 
42610 
38640 
41230 
42850 
42690 
43250 
38290 
40020 
39860 
41250 
41030 
41620 
38790 
39520 
45340 
44250 
40680 
40530 
40550 
59800 
43800 
42280 
40660 
40330 
52690 
47710 
43010 
39880 
41720 
39680 
45490 
1071470 
20340 
20710 
19660 
45170 
42580 
42390 
41750 
40540 
46850 
45310 
42030 
41280 
38900 
41630 
43300 
41860 
40400 
38900 
42910 
43130 
44700 
43100 
42100 
40140 
43660 
45670 
42500 
39430 
40500 
43210 
43080 
40830 
44710 
41010 
41850 
1068460 
21660 
21710 
20560 
42190 
43040 
44650 
40760 
47660 
49110 
46360 
41850 
39340 
39980 
39240 
43300 
42800 
39970 
40960 
41970 
42020 
42980 
43090 
41340 
59130 
46310 
44460 
41580 
41460 
40440 
41270 
44640 
45100 
43570 
40550 
43030 
1069540 
22090 
19810 
41580 
40530 
43160 
41590 
41760 
41670 
40280 
44020 
43060 
41290 
42870 
40000 
44260 
42670 
42380 
40250 
39640 
42890 
45870 
53900 
48910 
68040 
45010 
43020 
43560 
40480 
40440 
42020 
43100 
43560 
41090 
41250 
42160 
1082390 
21550 
20640 
42370 
42910 
42610 
42430 
41280 
38940 
39610 
43330 
43440 
40720 
39670 
40710 
40520 
42710 
40480 
42890 
41120 
46600 
49850 
50220 
44860 
66530 
40800 
44610 
43450 
40920 
40990 
39730 
47390 
44370 
41010 
41140 
43980 
27320 
27340 
21350 
42750 
41300 
40640 
44670 
42930 
42130 
40640 
40350 
42790 
42360 
43360 
41490 
42960 
43630 
40690 
45120 
41280 
41070 
43370 
42350 
42650 
41450 
40890 
43900 
43500 
41730 
41130 
40660 
40690 
43910 
42570 
41550 
41830 
1070410 
22640 
22030 
43240 
41110 
40720 
41670 
44000 
41280 
40770 
40480 
42280 
42380 
40900 
39850 
42010 
51990 
47190 
43410 
39400 
40680 
44100 
45380 
42070 
41860 
39120 
40160 
44850 
42590 
39530 
40650 
40380 
43440 
42220 
42840 
41670 
1069940 
22160 
22590 
45110 
42310 
42180 
42280 
43260 
42200 
41510 
43060 
41300 
42470 
42310 
43090 
42160 
42060 
42640 
42570 
40920 
40370 
41520 
43530 
42530 
42990 
61890 
42520 
43160 
43680 
42810 
52570 
45260 
43770 
44310 
43670 
42330 
41810 
19840 
26580 
44580 
41780 
45660 
41540 
47140 
44140 
43320 
41710 
1076070 
39370 
42360 
41530 
42760 
39450 
41450 
41460 
42050 
39410 
38570 
41350 
43720 
41290 
40120 
39430 
43360 
43070 
41620 
42460 
41790 
40010 
44970 
43340 
43750 
42150 
41260 
1089190 
21840 
43010 
39610 
39270 
42530 
53520 
45850 
39730 
39260 
41250 
42920 
45920 
41700 
39380 
41780 
42600 
42120 
42130 
40110 
40970 
46170 
48430 
43110 
59510 
41680 
41580 
45230 
41790 
40020 
41350 
43700 
46610 
43040 
40050 
40800 
20850 
49210 
43740 
40510 
40460 
39530 
45700 
43250 
38410 
43910 
41400 
43120 
42520 
40880 
40610 
38330 
42900 
40740 
42300 
46020 
42410 
54080 
46880 
42910 
60530 
44300 
43740 
43850 
40550 
40720 
39790 
42710 
43220 
41290 
41790 
42060 
1080280 
44910 
46790 
41510 
41210 
40930 
43420 
42710 
41260 
41350 
41280 
42400 
41860 
41680 
38920 
40400 
40510 
42570 
42160 
40020 
41420 
44790 
55590 
48550 
40040 
42630 
39290 
43200 
46890 
41740 
40460 
42070 
42870 
44310 
41850 
53360 
1081710 
44060 
44570 
40670 
41130 
43470 
43110 
45070 
40610 
40210 
39530 
39660 
43800 
42100 
41890 
39340 
42190 
42190 
40930 
41240 
40390 
42080 
44500 
42850 
60040 
41890 
39140 
44540 
43880 
45770 
41450 
41470 
43950 
44410 
42210 
40900 
1072060 
24600 
46610 
43620 
40540 
40630 
39940 
42100 
44150 
40020 
39830 
41250 
42650 
53420 
47620 
41570 
40920 
46580 
43500 
40170 
41020 
41630 
41000 
45630 
42220 
45890 
42500 
42020 
44930 
41700 
40840 
44240 
40690 
43750 
41730 
40730 
1071560 
20750 
43030 
42660 
41630 
42080 
39010 
41990 
43840 
40010 
39790 
39650 
39770 
43160 
42530 
40730 
39980 
39280 
43300 
41800 
41930 
39630 
38950 
43690 
43410 
40970 
42130 
41680 
43550 
51750 
46190 
41660 
43200 
45130 
43510 
42650 
40380 
1111490 
52800 
48190 
44530 
44170 
41300 
43260 
45170 
1076520 
39690 
38890 
40130 
42990 
42310 
40610 
39930 
40940 
44550 
42380 
43110 
42050 
41020 
41300 
55580 
48560 
67090 
42240 
42130 
45100 
43040 
41890 
40260 
41960 
44280 
41930 
40070 
42080 
1073500 
44780 
43340 
41380 
41750 
52350 
48960 
43390 
41240 
42720 
39310 
43720 
41730 
54110 
43640 
39410 
42420 
43410 
42230 
39830 
39250 
43750 
46320 
62530 
41790 
40790 
41950 
41940 
43940 
45410 
41090 
43140 
43410 
42210 
42680 
1074960 
41750 
41910 
41820 
42560 
39930 
41450 
42330 
42190 
42300 
40590 
41900 
40950 
45860 
42260 
40140 
39880 
40210 
43980 
48290 
52910 
44340 
40380 
43980 
45700 
63300 
44750 
40280 
42570 
45810 
44290 
45110 
42880 
42340 
45310 
44400 
44490 
1072360 
40610 
44840 
43300 
44090 
45240 
42390 
43890 
42930 
42760 
43260 
43690 
43310 
41120 
41390 
43200 
43330 
44920 
42150 
42630 
40990 
42020 
42980 
44180 
84910 
48760 
40130 
46580 
45140 
43780 
41060 
43230 
44710 
45290 
53960 
45440 
1082090 
42430 
44440 
45640 
42250 
40550 
42320 
40520 
42400 
43370 
40070 
41650 
41160 
43120 
40040 
42320 
39410 
40080 
43260 
41500 
42710 
41950 
41270 
44230 
63350 
40350 
41970 
40440 
44440 
43700 
41630 
41870 
39880 
42390 
43600 
43200 
1072470 
40680 
42520 
49500 
45920 
42000 
39550 
39890 
43570 
41220 
40890 
42000 
52680 
48450 
44330 
39900 
40240 
41860 
42840 
42350 
41590 
40360 
41640 
44200 
59430 
42900 
39400 
42010 
41670 
43490 
42390 
40250 
41810 
41380 
45010 
40970 
1111090 
47490 
44320 
59980 
50370 
41410 
43370 
1071630 
41070 
41730 
44450 
40870 
41780 
41530 
42080 
40620 
39510 
41150 
41210 
44310 
42900 
40170 
40140 
44920 
62440 
43790 
52170 
45910 
43390 
46510 
42090 
43430 
42210 
40480 
45500 
43390 
1110840 
50520 
41680 
47510 
44290 
43540 
42100 
1076370 
40680 
41490 
41140 
41760 
38730 
41560 
43680 
42160 
40880 
40180 
41660 
41710 
42030 
40910 
38990 
40270 
44760 
61000 
43270 
42180 
41250 
41140 
41190 
41670 
39840 
40960 
40500 
45610 
43340 
39960 
49160 
42330 
48250 
54870 
48900 
43170 
1073770 
39020 
42960 
39790 
41120 
39560 
41680 
42250 
43010 
40740 
40560 
41240 
43090 
41060 
40100 
40780 
43770 
59460 
41770 
40950 
41160 
43070 
46000 
42150 
47350 
45100 
41430 
44850 
41990 
1072200 
40120 
40700 
42590 
42750 
42100 
38550 
39340 
41980 
40800 
42160 
39770 
39170 
42440 
42550 
41810 
41560 
42350 
52960 
49210 
44310 
40580 
40440 
41000 
59690 
43410 
40700 
41120 
39920 
41470 
43350 
42000 
39990 
40430 
41610 
44490 
1076120 
41250 
40770 
45320 
43700 
41640 
42020 
39330 
39690 
42960 
41010 
41780 
41690 
38820 
43600 
41700 
40690 
41190 
38600 
43360 
42300 
41500 
40230 
40300 
56840 
44270 
42740 
42530 
40810 
43040 
45380 
42050 
50980 
49630 
43480 
45420 
1074410 
44670 
41830 
39610 
42770 
41690 
41250 
40190 
41200 
41710 
41980 
41210 
40920 
39640 
46290 
43180 
42800 
48980 
43310 
43070 
44270 
43490 
42060 
44970 
61210 
44910 
47200 
41180 
42580 
40060 
43360 
42110 
38760 
42480 
40120 
42160 
1073120 
40620 
41470 
41770 
41950 
42990 
40810 
40480 
40190 
41630 
42210 
42100 
52310 
43310 
39850 
45920 
44480 
40450 
39420 
39470 
44180 
42990 
42490 
40170 
39600 
59180 
42130 
42890 
41410 
43860 
43560 
42970 
40960 
39830 
40790 
43320 
43030 
1074430 
42390 
38380 
40690 
48610 
43020 
38790 
39130 
41040 
42100 
43820 
40320 
39410 
40020 
42430 
44000 
41930 
40290 
40220 
41810 
42650 
40960 
41840 
42000 
