101900 
44680 
42820 
39980 
40550 
40270 
39130 
38540 
39430 
38530 
39060 
39650 
40630 
39090 
38100 
38590 
37250 
40700 
42130 
38740 
36550 
37110 
37620 
36360 
36860 
38080 
37990 
38430 
37580 
37260 
39850 
36650 
38750 
37150 
35810 
38640 
38770 
39950 
37090 
36770 
42750 
37310 
37100 
37980 
37350 
38290 
37280 
39670 
36510 
38310 
36420 
42440 
39010 
37340 
36670 
38280 
39780 
38400 
37650 
37520 
36480 
36790 
37290 
39490 
37570 
36670 
37850 
42610 
41800 
37390 
36830 
37060 
36430 
37620 
36540 
40720 
36090 
38400 
38110 
35620 
38830 
35690 
39120 
34570 
36930 
37660 
36930 
38340 
36420 
36640 
36930 
37000 
38890 
36390 
37910 
39980 
37030 
36800 
36010 
38140 
37070 
36430 
36260 
37520 
37190 
36710 
37270 
36390 
39920 
35220 
38890 
38190 
36820 
37340 
36750 
38600 
37610 
38050 
37450 
37240 
37780 
37040 
37170 
38030 
36130 
38530 
36610 
37980 
36410 
38940 
38020 
37920 
37750 
36660 
38950 
36020 
36640 
36760 
37600 
37270 
36600 
38320 
39260 
39240 
37660 
36770 
36260 
35570 
36690 
37930 
37390 
36210 
38660 
35850 
36100 
38060 
41400 
37880 
37770 
35770 
38940 
38650 
40130 
38730 
36840 
38010 
37050 
37930 
39780 
37390 
38700 
37000 
37690 
36360 
36280 
37870 
38370 
38230 
36900 
36080 
36550 
42150 
40000 
44680 
37710 
37950 
37060 
36060 
36750 
37780 
37050 
36120 
37600 
45490 
42230 
40250 
36980 
37770 
41790 
36570 
36280 
36060 
37050 
37990 
36010 
36610 
36200 
40080 
38620 
35180 
38840 
36610 
39590 
37430 
37320 
37120 
35770 
39030 
38160 
35840 
37950 
36430 
37320 
36600 
37340 
38570 
36530 
39150 
38200 
39360 
37740 
37590 
39830 
47610 
40060 
36820 
36420 
36230 
37640 
37580 
38720 
37900 
36700 
37800 
36940 
38770 
38780 
35810 
41950 
39080 
39090 
37620 
36480 
41740 
36580 
39010 
36450 
40340 
38310 
37060 
39080 
38370 
37430 
38340 
40880 
38430 
38000 
37730 
38510 
39050 
42220 
38860 
36500 
35700 
39380 
38090 
38730 
36980 
39060 
37540 
39460 
37910 
37470 
46220 
37140 
40210 
38050 
36880 
40160 
38730 
38890 
36670 
37880 
36160 
37080 
42210 
36750 
37600 
41890 
36390 
36760 
36720 
37880 
37210 
37750 
38170 
37340 
37370 
37210 
37110 
37620 
38300 
38050 
39300 
37310 
38670 
38720 
36990 
38260 
35260 
38460 
38120 
36690 
37390 
38020 
37220 
37330 
36920 
39620 
41800 
36970 
38140 
52730 
39830 
37500 
37640 
37810 
39680 
38760 
36490 
37880 
36960 
38230 
38660 
38380 
37030 
36640 
37140 
40950 
40480 
36960 
36470 
37600 
37550 
40620 
38250 
35920 
37590 
41780 
36880 
36490 
38390 
36330 
37870 
37210 
38810 
38370 
36140 
38860 
35460 
35900 
35100 
36150 
39230 
38430 
37990 
36320 
35600 
36760 
36900 
37080 
37580 
34910 
38240 
35600 
38380 
35520 
37740 
35670 
37500 
38610 
36860 
36280 
36020 
37960 
40860 
44310 
40870 
36460 
39370 
37410 
36910 
36790 
37370 
37930 
38290 
37380 
37050 
36210 
37600 
37240 
38020 
37290 
36910 
34750 
38640 
37920 
35620 
36250 
35080 
38780 
37160 
35200 
36350 
34940 
38090 
38750 
37420 
37310 
35560 
39710 
38080 
37930 
36870 
36380 
37120 
35380 
36150 
40400 
36720 
36980 
37580 
38020 
37420 
37780 
35880 
47630 
36650 
36920 
38200 
37000 
41380 
36470 
37270 
37670 
38770 
37550 
37900 
36240 
37540 
35430 
37360 
36620 
43510 
35660 
37880 
38400 
37750 
38750 
35510 
38580 
35990 
38990 
36210 
36630 
37490 
39280 
40100 
38550 
36620 
35990 
36580 
36610 
36700 
37260 
37200 
36250 
36200 
40120 
37140 
36240 
38550 
37650 
37940 
37820 
37660 
46050 
40260 
40060 
37160 
38650 
36740 
34900 
38450 
35700 
36930 
36860 
37020 
37560 
38350 
38770 
39520 
36150 
38920 
37680 
36660 
36190 
37290 
36800 
38820 
38890 
36860 
37720 
35690 
37940 
35670 
38520 
36910 
36970 
37130 
36290 
36010 
37320 
36070 
37780 
35960 
38910 
36460 
35550 
40340 
37670 
38670 
37570 
36300 
36460 
36990 
36970 
36800 
37370 
38360 
41930 
35970 
37210 
36140 
36360 
37980 
41410 
38040 
38170 
37240 
36990 
39650 
39180 
38280 
37570 
36640 
35660 
40030 
36340 
35990 
36600 
42860 
42680 
37200 
35650 
36140 
41800 
38920 
40870 
36360 
34970 
39380 
39080 
39820 
37890 
36610 
38470 
39640 
37650 
40870 
36360 
38800 
37630 
42550 
37730 
36220 
39780 
38430 
39580 
36410 
36380 
36670 
38280 
37660 
39180 
37060 
38030 
37660 
38660 
39920 
38730 
44920 
38740 
38190 
36540 
36850 
35790 
38310 
36280 
36930 
36630 
36970 
36890 
38740 
37070 
36980 
36500 
36170 
37690 
37150 
36570 
37700 
36790 
39590 
36310 
36570 
37100 
35530 
37730 
38330 
37450 
37050 
37290 
36450 
36700 
37260 
36760 
36710 
35310 
38150 
37400 
36850 
36460 
35330 
38560 
36890 
37010 
39360 
35530 
38400 
36900 
48110 
36160 
36730 
37380 
36350 
37410 
38130 
36460 
37430 
35140 
38560 
35540 
38700 
35740 
37980 
37540 
36290 
36290 
36740 
38780 
38240 
37140 
37190 
35680 
39240 
37100 
37710 
36710 
36270 
37360 
36440 
36960 
37830 
36310 
37000 
40030 
37560 
36610 
36980 
37790 
39290 
38030 
37090 
36740 
36370 
38780 
37050 
38290 
36850 
36850 
47590 
37410 
39630 
36330 
37330 
37390 
39480 
39220 
36950 
35080 
36770 
35980 
37460 
36710 
36170 
35440 
39380 
38810 
39870 
37150 
37340 
38340 
37940 
37130 
35500 
37150 
41600 
38040 
37990 
37280 
35700 
39340 
41120 
37720 
37970 
37030 
37500 
38020 
36310 
38210 
38400 
36720 
38650 
41790 
36150 
37280 
36380 
41170 
36930 
36770 
40780 
36830 
39100 
35230 
38090 
38550 
39700 
38020 
37200 
40750 
37530 
34980 
38070 
37320 
38990 
37690 
37020 
36100 
40220 
39340 
37340 
36330 
35590 
38290 
36790 
37980 
37930 
36550 
38110 
37150 
38180 
37590 
37730 
37860 
35900 
40360 
37030 
36780 
37680 
38270 
38000 
37070 
36660 
35830 
37530 
37620 
36100 
37640 
35880 
37800 
38710 
40300 
37790 
36730 
39530 
37380 
36990 
36400 
37940 
38220 
37640 
37450 
36810 
36650 
46470 
39170 
39650 
36380 
36090 
39900 
40270 
39280 
37650 
38070 
35460 
39700 
37610 
35690 
37820 
36630 
38820 
36540 
38540 
39450 
36670 
38040 
37260 
36140 
38700 
38000 
39020 
36940 
37580 
37410 
38530 
37710 
38980 
37480 
40190 
37730 
35630 
38820 
37160 
38580 
37530 
38290 
36890 
36760 
39350 
36590 
36590 
38510 
36290 
36610 
45930 
37340 
37290 
37810 
36780 
36930 
36260 
35950 
38050 
37870 
35660 
37070 
35940 
39750 
37420 
35760 
38300 
36220 
38250 
36420 
37560 
40270 
37010 
36650 
36590 
38130 
38090 
36360 
35400 
37460 
36410 
37810 
37030 
36050 
39140 
36070 
39400 
38530 
37830 
39610 
35670 
38050 
36370 
37090 
39590 
37370 
38170 
36600 
35580 
39380 
45820 
38960 
38980 
34770 
39830 
37990 
39390 
38110 
37540 
37460 
38570 
37660 
38490 
37630 
36020 
38490 
36440 
38370 
36570 
36630 
37810 
36630 
37670 
37250 
37700 
37990 
39900 
37220 
37590 
36190 
38370 
37330 
38350 
37390 
37050 
39160 
40320 
40130 
36230 
37320 
36710 
38050 
36120 
36670 
37490 
38590 
38820 
36280 
37220 
36660 
35590 
37720 
36530 
37190 
36930 
37610 
41020 
37020 
37290 
36690 
36680 
36330 
38010 
37700 
37190 
38140 
38340 
38730 
36550 
37440 
39720 
37480 
40740 
37030 
37410 
36580 
38630 
36740 
36200 
37950 
35360 
35550 
40310 
37110 
38250 
36810 
36630 
36150 
38990 
37600 
36390 
36340 
36420 
38770 
37440 
38260 
37520 
35830 
39010 
36240 
37780 
35770 
36190 
40470 
41160 
37270 
38980 
38530 
38170 
36740 
36540 
36440 
35960 
39770 
38620 
45010 
38910 
38520 
37990 
38520 
37640 
39030 
36060 
36030 
38520 
36640 
37450 
39450 
37120 
40510 
35630 
36630 
37080 
36660 
37690 
37570 
41540 
35820 
38460 
38720 
39750 
38370 
40490 
36710 
37260 
38170 
36160 
37950 
37100 
36820 
36760 
35790 
37540 
36700 
38750 
37060 
36270 
51950 
40720 
36180 
37630 
36600 
37710 
36430 
44930 
41730 
39800 
39460 
37000 
35170 
36320 
38810 
38890 
37470 
37760 
36920 
38280 
42100 
37330 
63570 
37800 
35940 
39080 
36190 
38890 
35820 
38420 
37550 
39390 
38490 
37920 
37260 
37950 
41670 
35910 
37320 
36650 
39220 
35770 
38140 
36200 
36120 
37740 
37970 
37600 
36650 
35610 
39400 
36300 
39120 
37210 
36400 
38060 
37120 
43270 
41210 
37820 
36820 
40610 
36940 
36430 
37640 
37270 
38810 
36990 
38860 
37680 
37710 
41900 
36380 
37520 
37400 
36950 
37280 
38030 
35760 
39970 
40570 
40240 
38590 
37960 
36650 
37630 
35350 
39140 
37110 
36970 
39050 
36410 
39960 
36050 
36080 
36050 
36100 
40100 
36880 
36410 
37490 
36390 
38560 
37600 
36860 
37010 
36310 
39350 
37510 
37740 
36580 
37590 
37400 
39460 
38040 
41860 
36840 
37090 
38780 
35540 
37500 
38580 
36160 
39120 
36680 
37350 
36450 
37840 
37490 
36920 
40240 
37480 
39320 
37330 
37380 
36700 
38850 
38950 
35480 
39410 
38860 
37260 
38370 
36310 
38840 
37310 
36510 
37570 
37440 
38200 
37820 
37230 
36130 
35850 
38570 
38560 
37200 
36170 
36960 
38590 
38870 
39630 
38420 
35630 
36270 
39210 
37680 
38710 
38580 
37170 
38650 
35390 
46630 
38790 
36430 
39680 
35590 
37350 
36810 
35400 
37800 
40990 
36840 
38410 
35310 
38490 
37460 
37580 
35780 
37190 
36440 
37550 
37530 
36750 
35210 
37260 
38950 
36840 
35860 
36430 
35740 
38420 
38310 
37090 
36670 
38740 
39020 
37720 
37390 
37280 
37100 
37820 
37090 
38370 
36710 
41920 
36580 
39300 
37700 
35120 
36280 
39300 
45390 
37860 
36860 
36860 
36110 
38460 
36540 
38730 
38660 
35410 
37770 
37620 
38670 
38610 
35960 
39440 
37690 
38600 
36690 
38190 
37530 
37490 
37650 
39790 
36310 
36180 
39170 
37590 
37230 
38880 
36700 
38470 
37220 
38080 
37230 
38310 
42680 
38900 
39370 
38120 
37660 
48110 
42100 
41740 
38220 
37420 
39110 
38080 
37710 
39370 
45900 
38240 
39720 
35850 
37910 
37280 
38620 
38510 
39630 
39440 
40100 
40350 
39100 
37990 
36680 
37850 
40460 
38020 
36600 
38850 
35590 
37430 
35590 
39820 
38360 
37060 
36550 
37370 
39660 
36850 
37040 
37370 
35460 
39150 
37110 
39200 
39030 
38210 
39530 
39830 
39710 
38560 
37690 
38970 
42140 
37770 
38930 
40290 
37460 
39930 
37270 
38210 
37530 
37750 
38890 
36860 
40280 
38000 
37590 
38380 
36520 
40740 
39080 
39020 
37570 
38220 
37210 
37960 
37990 
38390 
37100 
37040 
36530 
36640 
35710 
40440 
37970 
36790 
37720 
36990 
38270 
37090 
37870 
37270 
37550 
36950 
37410 
39470 
38700 
36940 
37400 
37720 
37670 
37440 
35870 
37340 
40310 
37370 
38490 
36990 
36750 
38660 
37540 
38320 
39900 
37980 
38300 
39650 
37700 
36840 
36250 
42310 
38790 
37610 
43720 
41410 
39850 
37430 
37630 
38030 
36740 
37570 
37160 
37660 
36350 
37180 
38660 
37680 
38450 
37100 
37650 
38040 
37530 
37160 
36950 
36820 
36960 
38230 
40130 
36870 
37930 
36800 
38160 
37790 
39760 
39430 
37780 
38390 
41750 
38270 
37040 
36700 
36660 
38170 
37300 
36490 
37910 
36610 
38990 
38050 
36460 
36790 
39030 
39950 
46390 
39120 
37660 
37180 
38450 
37060 
38100 
37110 
38010 
39700 
37730 
38530 
38010 
37900 
38500 
38400 
37340 
38600 
38010 
38550 
39490 
37230 
38210 
37080 
37250 
40540 
37410 
38680 
37490 
38130 
38920 
38580 
43250 
36890 
57640 
40940 
36230 
37890 
39190 
38480 
35560 
38800 
38080 
41950 
39520 
37650 
37510 
36360 
41090 
41560 
45860 
40530 
37780 
39660 
40830 
37590 
37490 
39200 
41620 
37460 
40370 
42320 
38030 
38430 
39760 
40400 
37720 
39960 
37650 
41560 
37050 
39520 
41080 
36660 
39720 
39910 
37230 
39310 
36650 
38930 
41180 
40280 
39210 
49700 
43390 
37760 
38350 
37250 
37160 
38070 
37160 
39790 
36630 
39950 
40320 
36380 
37200 
35600 
38060 
37220 
38450 
37160 
37480 
37520 
36400 
38100 
37240 
38570 
38450 
38190 
37660 
38130 
37660 
37920 
38560 
37760 
37440 
37060 
36550 
37870 
37580 
37130 
37950 
36630 
37890 
38520 
37790 
38160 
38110 
38350 
38080 
36410 
39010 
36000 
38700 
38450 
36960 
38400 
37250 
36620 
36290 
37040 
37960 
36880 
36720 
40830 
37330 
36790 
38240 
39790 
39940 
37120 
38800 
37110 
36860 
39520 
37860 
41070 
38190 
35570 
39540 
37860 
38030 
38890 
36790 
47450 
37250 
39100 
36570 
36870 
39300 
38470 
39370 
37410 
38800 
37690 
40670 
38590 
37870 
39910 
41970 
38750 
37390 
39290 
38810 
37330 
38800 
37850 
37140 
36310 
35330 
37260 
37740 
38650 
37770 
36030 
36900 
38060 
40890 
36620 
39860 
36440 
40040 
37070 
37400 
37620 
37030 
38280 
38660 
38240 
37030 
37140 
41880 
38090 
38850 
44700 
39330 
39310 
37690 
38080 
38190 
37430 
36880 
39290 
38600 
37910 
37210 
37640 
38970 
37150 
38430 
35830 
36150 
40070 
36350 
38160 
37450 
37170 
36010 
36900 
37770 
36970 
37330 
37400 
39540 
36650 
37900 
37660 
36210 
38000 
40890 
37930 
37270 
37260 
38820 
37010 
38620 
38990 
38960 
40500 
38540 
38170 
42510 
40780 
38570 
47150 
39270 
38880 
36280 
38030 
36230 
38180 
37640 
36250 
35910 
39590 
37680 
38570 
36810 
37270 
38180 
39680 
39510 
36830 
36790 
38250 
38250 
38400 
37260 
37580 
38170 
37820 
38280 
36780 
35450 
38850 
36900 
38240 
37290 
37150 
37400 
38570 
38390 
36320 
37580 
37770 
37900 
37670 
36660 
38870 
37440 
42930 
37450 
36850 
53700 
40560 
38100 
38560 
37250 
37020 
36900 
37150 
35790 
37960 
37080 
38660 
38280 
38090 
37710 
36750 
36630 
37010 
38580 
39380 
37460 
37680 
35540 
38580 
37970 
36760 
39500 
35830 
38870 
37190 
38150 
37770 
39070 
39390 
37830 
37730 
36450 
38010 
37870 
37620 
37810 
36670 
36480 
35850 
39000 
37840 
38140 
39140 
37600 
39700 
37650 
37790 
42580 
38280 
40260 
37010 
37940 
35850 
37030 
37300 
36850 
38280 
36730 
38770 
38410 
46950 
37590 
40080 
37780 
36430 
39110 
36390 
36680 
38090 
35570 
37750 
43390 
47620 
38550 
35610 
37840 
37920 
37600 
36690 
37570 
36890 
37120 
37880 
35700 
40640 
37730 
39380 
38690 
38640 
39400 
36950 
41460 
37390 
37190 
37720 
36850 
39790 
37030 
37920 
38900 
37200 
39120 
36520 
37140 
38130 
37720 
38810 
36310 
37600 
36630 
47080 
38180 
38360 
38980 
36940 
36810 
39230 
40090 
35880 
37470 
37420 
36220 
38890 
35980 
39150 
35890 
36920 
36730 
37120 
37390 
37300 
37520 
37650 
38490 
38740 
39270 
37470 
35910 
38370 
37440 
37830 
39150 
37190 
38720 
36480 
38260 
37560 
35740 
37290 
37600 
35970 
38000 
36170 
38400 
39110 
37660 
36850 
36380 
37610 
38970 
45830 
37690 
40390 
