106520 
83210 
67980 
71260 
64140 
71830 
65590 
66380 
69000 
70650 
72300 
75240 
57060 
54210 
49180 
54370 
51910 
43250 
43840 
49240 
52230 
48210 
84410 
84480 
71960 
65790 
49000 
42630 
42280 
43500 
42800 
47310 
42620 
46310 
45130 
43940 
45770 
43840 
44510 
45590 
43170 
45730 
44340 
92790 
47670 
45810 
45710 
48100 
45320 
46880 
45980 
48760 
47220 
45150 
74340 
62610 
60320 
64720 
59190 
62280 
63010 
64060 
65690 
61120 
59320 
61320 
61890 
62020 
59570 
59390 
63870 
59090 
62260 
59770 
58390 
59730 
60870 
62840 
60150 
58660 
64350 
51700 
44230 
45980 
49610 
46390 
48250 
45630 
53260 
48370 
45470 
88190 
82440 
70410 
52790 
46210 
46140 
44680 
46770 
48060 
45280 
46520 
45400 
48360 
46520 
45280 
43210 
45660 
44940 
47580 
44370 
43440 
49030 
47760 
48120 
44490 
45740 
48910 
45720 
48200 
48630 
45670 
58570 
65090 
62850 
62500 
58970 
60650 
59470 
62680 
58810 
59280 
59340 
60720 
60140 
63180 
59210 
61420 
62590 
61710 
63200 
60090 
58110 
61470 
61160 
63910 
59600 
91640 
65130 
63590 
49630 
44090 
44610 
45250 
49140 
48570 
48400 
46940 
44900 
48550 
88060 
76130 
61640 
50770 
49440 
43840 
47290 
42350 
41410 
44830 
43490 
46910 
41810 
53820 
48880 
44100 
44410 
43940 
42380 
44050 
43170 
46130 
44440 
44050 
44480 
47530 
47950 
51050 
49180 
46250 
47190 
75090 
64940 
59240 
60000 
63000 
60890 
62970 
59120 
59560 
60300 
59600 
61260 
59650 
61440 
63590 
60790 
64350 
61330 
58810 
59380 
60990 
60020 
65460 
62200 
58330 
63390 
67330 
51400 
44670 
45290 
49370 
47070 
48720 
48270 
50230 
47260 
46300 
87250 
79530 
61870 
58680 
46090 
47970 
47430 
45190 
44920 
47860 
46840 
49820 
44970 
44050 
46180 
44750 
46150 
44010 
43760 
44930 
43700 
49420 
43350 
43660 
46530 
46360 
49210 
48510 
49550 
46740 
44480 
48590 
74690 
61970 
62820 
61370 
62870 
63190 
58520 
58740 
60770 
60530 
63020 
60050 
57220 
60470 
64380 
63610 
59070 
57930 
60010 
59990 
60980 
60770 
61640 
59870 
60480 
61620 
66950 
45620 
41730 
48960 
47330 
49070 
44020 
44740 
49380 
47720 
47760 
86780 
72810 
65460 
49700 
47550 
44730 
42220 
45410 
44330 
49130 
48960 
44520 
45430 
45170 
49960 
45300 
43170 
43440 
46860 
44860 
48900 
43950 
43210 
46560 
45010 
51020 
46540 
45910 
48950 
46920 
47810 
75560 
60090 
60460 
61380 
63610 
64050 
58820 
60250 
60130 
63210 
59800 
64700 
60830 
60070 
60760 
62170 
62600 
60130 
62930 
61750 
62760 
73030 
61940 
61240 
59930 
64880 
67250 
49870 
45170 
45770 
51050 
48310 
44630 
46310 
51370 
52410 
47770 
89090 
79410 
69140 
58810 
55600 
45340 
43750 
46110 
44840 
46890 
43580 
42030 
45030 
43240 
47280 
44830 
44640 
44040 
44610 
45550 
43600 
45800 
45950 
44070 
46660 
47610 
49050 
46510 
46640 
44790 
47750 
43880 
75970 
67380 
63230 
62990 
58100 
58080 
61670 
61880 
64100 
61830 
58730 
61620 
63440 
62910 
57980 
60010 
61430 
60590 
66120 
63330 
58270 
57450 
61870 
59330 
64120 
59760 
65620 
51080 
46460 
49520 
43700 
44580 
47890 
45550 
50680 
45710 
46200 
88950 
77350 
65890 
52530 
44800 
44900 
47580 
47440 
46480 
42970 
42480 
44440 
44560 
46790 
44580 
44000 
47210 
44790 
46960 
43780 
43150 
49070 
57870 
52270 
45030 
43880 
47720 
49060 
48440 
47820 
48280 
74330 
61980 
62260 
60380 
59510 
57850 
59890 
59750 
60460 
59320 
57520 
61510 
61420 
63310 
60050 
59670 
60500 
59180 
65040 
62170 
57690 
59510 
60970 
62040 
60920 
57490 
67620 
51890 
46550 
44880 
45060 
44570 
49380 
44830 
52630 
45530 
43390 
87760 
79810 
73840 
59470 
49080 
47150 
43480 
46050 
46090 
42380 
47900 
46330 
45100 
43190 
45330 
45340 
43920 
44990 
43680 
46170 
46140 
45790 
44500 
46530 
44030 
45850 
46560 
47280 
47510 
44930 
46470 
45900 
74670 
66420 
58280 
59630 
61920 
61550 
61530 
61880 
61800 
61530 
60580 
62710 
58940 
61040 
60050 
61820 
61960 
62720 
58520 
57510 
64070 
61560 
62740 
58540 
58870 
62380 
67860 
50510 
43750 
46480 
47630 
48910 
48850 
48430 
47650 
48940 
46580 
89590 
80690 
65560 
51100 
48280 
43790 
47690 
43390 
43120 
46700 
43210 
47580 
44520 
41740 
45430 
44120 
46500 
43430 
42120 
44630 
45590 
46850 
45540 
43130 
47650 
44180 
49330 
51290 
45650 
44940 
46160 
72450 
62840 
60840 
60550 
62300 
60920 
63260 
58760 
58230 
63120 
60220 
63640 
58550 
60280 
63200 
64190 
63510 
59280 
58460 
63530 
60910 
62460 
60890 
59680 
57280 
63200 
65100 
54110 
44690 
42550 
46460 
46150 
55820 
47260 
45370 
49070 
47350 
100770 
90710 
70540 
67300 
52310 
46670 
45190 
42980 
43750 
46120 
46020 
44990 
41290 
44590 
45590 
43810 
46640 
43840 
43240 
46050 
46740 
47480 
44050 
43260 
43930 
47140 
48980 
50960 
48330 
47630 
47580 
49250 
74540 
58360 
60180 
59170 
65070 
60980 
60910 
58470 
60200 
61990 
63170 
62310 
58580 
60210 
59460 
79700 
66250 
57570 
61650 
60600 
62150 
62010 
60790 
60000 
63620 
60390 
66630 
49940 
47130 
44920 
48800 
44800 
43100 
43060 
52710 
47500 
50760 
88240 
80870 
69880 
57380 
52820 
42680 
44010 
45310 
46030 
49070 
45130 
44700 
45760 
48740 
45910 
44160 
43660 
44970 
44930 
46970 
44760 
42310 
41570 
46850 
46960 
49730 
46450 
44220 
48270 
45980 
48690 
59130 
61430 
60510 
61280 
65820 
57170 
59980 
62240 
61460 
61190 
60200 
60520 
61750 
59330 
61320 
61690 
62590 
57320 
62060 
62230 
62520 
58550 
59520 
62250 
58750 
62210 
60600 
60700 
51540 
47710 
49610 
47630 
45120 
44680 
50570 
51570 
48640 
50980 
88120 
70900 
66570 
50000 
45980 
44140 
45360 
44070 
46360 
43050 
46680 
46090 
44340 
48220 
43590 
43170 
47470 
45620 
48360 
42810 
43390 
44740 
47290 
47160 
46890 
45400 
48900 
44850 
48440 
46660 
45080 
74080 
64140 
60880 
63410 
60790 
57420 
61250 
64670 
63850 
59030 
60410 
64920 
61390 
64230 
61860 
59170 
60200 
61170 
61380 
61830 
62410 
61440 
61950 
63030 
61450 
61010 
64840 
52010 
45390 
46450 
47250 
45410 
49710 
45820 
51430 
50580 
49320 
88170 
87350 
65910 
56870 
49860 
46960 
46510 
46420 
45080 
45840 
46270 
43350 
47920 
47080 
43020 
42710 
47840 
43380 
46380 
42220 
43930 
47600 
45200 
48840 
48980 
44960 
49200 
44820 
47530 
44270 
45210 
49490 
71450 
61320 
61470 
60090 
60780 
59030 
63090 
61270 
59830 
57550 
62180 
60610 
61940 
58360 
60090 
61960 
62240 
64950 
60760 
57880 
60380 
60490 
63050 
63410 
59650 
61690 
64610 
50500 
46020 
46490 
46940 
48310 
47100 
47400 
49330 
47810 
49410 
90000 
75780 
65630 
49830 
48390 
48510 
48990 
44870 
47680 
47830 
44220 
48710 
42900 
44000 
45610 
44380 
46950 
45780 
44840 
45730 
43660 
47910 
45200 
42790 
45940 
46580 
48070 
49670 
47110 
45410 
49060 
80350 
67130 
61540 
60910 
62910 
63490 
63310 
61970 
60640 
61370 
62400 
62510 
63100 
60950 
62160 
65060 
64780 
61200 
62850 
59070 
62380 
61270 
65190 
59820 
65610 
64520 
67030 
52300 
44710 
41330 
48300 
46170 
47260 
43060 
49350 
48680 
46080 
86110 
82390 
65610 
60750 
46580 
47810 
46030 
44800 
43110 
46240 
44500 
48310 
43980 
47410 
45950 
44610 
47720 
42770 
44030 
47210 
44140 
46210 
43590 
43600 
46540 
47440 
51030 
45410 
44140 
47720 
44520 
47170 
75640 
62220 
57850 
65500 
61350 
63580 
63510 
61950 
62850 
63470 
67340 
61140 
58200 
61240 
61430 
64090 
61690 
59330 
61700 
61810 
66040 
61500 
59750 
61360 
61300 
65440 
67110 
48210 
45330 
48530 
46040 
50470 
47060 
44920 
49870 
47590 
49220 
89130 
75630 
67890 
49410 
49620 
45010 
43960 
45980 
46780 
46320 
44440 
43100 
45860 
44560 
46350 
45410 
42910 
43310 
44890 
49170 
50670 
43930 
43510 
45640 
48920 
49590 
47690 
45680 
47210 
44460 
47950 
78230 
62650 
63460 
61970 
65300 
61280 
60160 
60990 
59520 
64910 
63560 
62880 
62790 
61040 
63080 
65380 
65700 
59960 
62290 
63910 
62970 
61880 
59520 
63090 
62210 
65530 
69690 
50910 
46080 
47880 
47870 
46730 
45930 
45000 
52360 
52730 
47980 
89790 
82940 
74160 
61740 
53850 
45800 
43370 
48180 
45400 
47090 
43700 
42360 
44930 
43650 
47820 
43010 
42620 
47910 
45320 
44840 
44190 
42690 
49680 
46080 
48170 
46830 
45010 
47960 
49420 
46260 
46920 
44930 
74570 
62690 
63920 
63160 
62030 
61020 
61210 
63260 
63210 
59890 
62370 
63480 
61890 
62230 
61710 
58760 
62070 
63530 
64630 
61020 
65330 
63460 
64600 
62580 
64500 
59300 
64900 
50670 
46050 
47930 
47560 
45430 
47150 
45650 
51820 
49470 
47040 
90020 
78870 
64750 
52730 
41300 
48310 
44310 
46190 
46860 
44610 
43870 
44660 
44330 
47410 
44750 
44530 
48040 
47950 
62190 
48110 
45050 
48400 
46170 
47280 
44700 
45610 
48670 
46250 
47920 
47160 
45630 
77190 
62310 
65370 
64870 
64430 
58070 
59610 
63060 
63940 
59530 
60300 
61580 
63100 
62060 
62880 
58680 
61760 
62980 
63410 
61070 
58410 
61020 
61940 
61440 
64000 
59190 
64890 
49810 
49830 
51560 
51350 
47070 
46970 
42190 
52070 
47050 
45930 
90870 
87880 
74140 
60470 
48010 
50150 
45040 
47420 
43060 
42080 
44310 
44800 
43890 
45400 
42950 
44730 
48760 
48400 
44410 
44340 
43930 
45750 
44560 
47110 
43920 
44590 
48170 
47550 
50850 
47170 
45100 
49350 
79920 
67970 
60450 
59900 
62300 
63650 
64490 
62610 
63340 
64290 
64430 
64220 
62380 
61300 
59010 
63440 
61530 
66430 
65420 
60530 
65990 
63350 
65610 
66900 
63670 
65220 
65410 
51830 
44120 
48190 
46940 
49340 
47350 
47420 
52640 
53900 
49250 
91870 
81680 
66420 
55970 
49910 
46540 
48940 
46100 
47040 
47710 
45040 
47200 
44130 
43250 
49180 
46600 
46290 
44070 
43400 
47520 
45740 
46020 
48330 
45230 
47510 
44700 
51320 
46320 
47060 
44510 
47490 
77850 
65100 
62990 
62350 
68340 
65550 
64190 
65570 
65230 
65060 
63090 
64400 
57490 
62250 
64880 
63100 
63600 
67130 
65660 
63420 
62680 
66820 
59740 
59350 
63570 
65150 
71350 
57100 
47860 
44810 
51210 
48080 
48360 
49130 
49470 
54170 
48900 
94500 
86870 
71330 
65990 
53610 
49300 
49240 
43690 
45820 
46480 
50120 
47340 
46180 
43150 
46330 
46470 
47810 
44010 
46530 
48280 
45170 
47680 
45070 
46260 
46930 
46640 
50290 
46790 
46350 
46780 
48880 
49490 
78000 
61280 
69650 
64000 
67380 
62240 
62170 
57840 
62870 
66040 
64330 
62110 
61590 
62650 
67460 
66080 
63810 
62520 
63010 
62030 
65190 
60740 
62610 
65920 
64970 
64130 
68890 
47430 
43840 
42420 
51360 
49740 
45950 
43260 
56000 
48460 
48800 
90180 
83660 
70880 
54750 
52620 
46400 
43410 
46350 
44910 
46910 
43740 
45480 
50450 
47580 
46320 
43930 
43520 
45320 
44960 
45240 
46510 
43140 
42470 
46840 
46070 
47490 
45790 
44510 
50540 
48100 
47910 
61540 
65080 
62440 
61760 
64540 
59800 
64360 
62470 
61740 
64810 
61410 
75670 
69110 
63250 
64140 
64970 
61230 
62890 
63440 
60140 
64560 
59760 
60060 
64430 
61530 
63750 
59360 
60720 
49240 
44090 
49190 
50310 
48890 
45270 
47050 
49380 
47790 
54520 
93690 
72400 
67120 
50230 
43470 
44300 
45850 
43840 
47890 
48270 
45530 
46650 
43460 
48830 
43870 
44550 
45250 
43690 
48030 
46200 
43840 
45530 
43990 
45350 
52490 
46060 
49840 
46400 
49600 
45620 
47280 
74090 
64000 
62820 
65400 
63180 
61050 
61800 
60350 
64880 
62560 
59520 
62580 
62140 
65570 
61620 
59650 
61920 
63200 
63950 
61010 
63080 
61970 
62430 
64830 
62520 
62190 
65270 
52120 
45680 
47120 
46050 
44970 
46870 
43860 
53020 
47380 
43800 
91940 
85470 
77080 
53990 
47550 
47330 
46870 
46290 
44930 
43990 
46390 
44590 
46800 
44480 
43020 
41690 
45490 
43240 
48220 
43680 
43400 
45510 
44590 
47030 
46290 
47260 
52370 
47330 
48870 
46520 
45640 
53060 
72260 
63880 
61660 
61910 
62380 
61490 
64090 
61440 
62430 
59390 
61720 
62970 
63240 
60760 
59760 
63340 
63190 
70300 
62850 
63690 
64300 
63170 
64010 
61250 
59570 
60180 
65020 
49690 
46100 
48280 
49330 
48280 
47570 
47660 
48350 
45470 
47990 
90780 
78540 
63420 
47140 
47430 
47400 
51240 
46670 
48700 
48010 
43710 
47020 
44430 
42430 
45480 
54320 
50750 
44490 
56200 
48710 
44110 
47750 
46120 
44370 
46060 
46890 
51610 
51690 
45100 
46610 
47250 
77360 
67080 
61810 
59660 
63900 
61690 
63610 
60560 
59840 
66230 
62410 
63020 
60520 
63270 
61240 
60570 
65470 
61540 
62210 
58780 
62190 
60280 
63790 
63050 
62370 
65570 
69290 
52650 
45490 
43430 
48070 
46770 
47650 
45780 
50460 
48620 
46590 
89320 
83190 
69480 
60540 
47460 
49160 
46640 
44260 
42750 
46470 
44300 
46160 
44480 
47120 
46620 
48520 
47050 
43340 
45120 
46220 
45620 
47430 
44770 
44420 
47060 
46840 
49110 
46170 
45580 
44620 
45770 
49470 
75780 
62890 
58540 
62500 
61160 
64840 
60770 
59120 
62330 
66890 
64350 
62260 
60310 
60770 
61920 
65080 
61400 
61070 
61770 
63330 
64860 
67740 
61360 
64320 
64870 
63600 
67750 
47590 
42600 
47810 
47250 
48570 
43920 
46740 
52410 
48180 
50750 
93510 
74060 
65040 
52100 
50130 
43220 
50500 
53850 
46270 
47740 
44320 
41490 
44480 
43850 
46790 
45220 
43800 
43520 
44080 
46850 
47570 
45610 
46470 
46730 
46680 
48010 
46710 
45810 
45910 
48430 
49050 
75400 
60690 
62500 
61670 
66500 
62780 
60120 
64290 
60520 
65750 
61860 
62650 
60760 
63560 
65140 
66030 
64440 
60310 
61230 
62040 
65060 
60310 
59750 
64850 
60520 
64630 
68930 
47310 
56950 
47320 
49180 
47600 
44440 
44660 
51800 
50240 
48550 
87740 
85610 
68070 
58990 
54280 
48810 
45440 
47840 
45880 
48840 
44920 
44010 
47030 
43930 
48240 
48360 
44120 
45410 
45050 
46000 
45000 
43260 
46280 
43220 
47080 
47540 
48190 
46400 
48040 
48810 
49440 
45680 
75110 
64290 
62610 
65350 
63170 
63230 
62870 
61250 
62580 
58940 
60890 
64090 
63550 
62820 
62170 
60790 
59650 
63210 
64530 
64280 
61940 
61580 
64220 
62660 
62300 
62080 
63610 
51330 
46450 
48520 
45900 
45440 
46380 
47490 
52440 
48260 
48670 
89860 
77400 
64010 
52890 
46030 
45590 
44830 
46910 
46520 
43790 
45780 
50290 
45140 
51640 
56410 
48310 
47430 
44790 
46600 
48190 
45420 
46000 
43130 
48690 
48850 
47750 
48550 
47670 
48210 
45300 
44810 
77150 
63760 
66230 
62320 
62080 
64000 
63660 
62700 
64080 
62040 
58640 
62210 
63050 
62880 
61030 
58300 
62430 
63510 
69160 
61740 
60130 
61240 
63720 
64260 
65250 
60320 
66070 
