116790 
65810 
64080 
61920 
59370 
60100 
70370 
44240 
40950 
44150 
44820 
44810 
44310 
45060 
52820 
46300 
44520 
95160 
78520 
59490 
46720 
43520 
40590 
39490 
40910 
42590 
41300 
38270 
41050 
40810 
39840 
43280 
40980 
38550 
41290 
40880 
42910 
44130 
40480 
38750 
42230 
41900 
49310 
42650 
43380 
43710 
44130 
48020 
72580 
58250 
58070 
57330 
57060 
58560 
55760 
54630 
57120 
54210 
59430 
56300 
55720 
56410 
55680 
61590 
62990 
55660 
56450 
55440 
56570 
58010 
55510 
57100 
53890 
57420 
62440 
45030 
42880 
39700 
41950 
41580 
43080 
42100 
47560 
44100 
42660 
91550 
86820 
55900 
50470 
42460 
39320 
38430 
39020 
39270 
41150 
39560 
38890 
40060 
41540 
42670 
38170 
39540 
39320 
39630 
43490 
39550 
41880 
38350 
40780 
41140 
43370 
42490 
41020 
42150 
42600 
43020 
43230 
72940 
55380 
55340 
57270 
54420 
54340 
57760 
56700 
57150 
56420 
54800 
57720 
54260 
59500 
56280 
55040 
56200 
56840 
53810 
56850 
55480 
55370 
56070 
55600 
57780 
53500 
56090 
43470 
41690 
44660 
38970 
41870 
41690 
41620 
45610 
42440 
40100 
89220 
70930 
64140 
44570 
38700 
39320 
39470 
39500 
39930 
42620 
42150 
39310 
39590 
38600 
37600 
39260 
39700 
39460 
39650 
38580 
40630 
41790 
39360 
39770 
40270 
45670 
43840 
42250 
42300 
40490 
42320 
75090 
59390 
56270 
57730 
55210 
56280 
56900 
55220 
54900 
55990 
54300 
56730 
58040 
57040 
55430 
55550 
58580 
53380 
59340 
54730 
68700 
58680 
56780 
57490 
56060 
56050 
64310 
41790 
39110 
41250 
43450 
42680 
45140 
41540 
50650 
43180 
42130 
97430 
88750 
63150 
47040 
40360 
40410 
39790 
40880 
39790 
41050 
43460 
38830 
41190 
38830 
38940 
40020 
40420 
38750 
40290 
38110 
40780 
39220 
40370 
41530 
45600 
42570 
44130 
44410 
43240 
41080 
40260 
61460 
59800 
58200 
53880 
53650 
58800 
56180 
60560 
53460 
54500 
56710 
63200 
59630 
57010 
56020 
54950 
55790 
56600 
56170 
56080 
52390 
55860 
57320 
57960 
56180 
57340 
62020 
46010 
41850 
38900 
41820 
43650 
38570 
42820 
41540 
43980 
42380 
94970 
95300 
73780 
57590 
43900 
40250 
42200 
42980 
40380 
40680 
41730 
40100 
42070 
38080 
38950 
37740 
39070 
40140 
39590 
39740 
42200 
38130 
40690 
40170 
38690 
42110 
41990 
43160 
41990 
40940 
40610 
40460 
76400 
56980 
54850 
55000 
58090 
56970 
56180 
57760 
54840 
55230 
55840 
59200 
56030 
54250 
56640 
55670 
58100 
54890 
56580 
56050 
56370 
55400 
57220 
55060 
53950 
57910 
61500 
41560 
40040 
40150 
45680 
41300 
43090 
39980 
43580 
47930 
41900 
93940 
79600 
58440 
49380 
38380 
45680 
38170 
39350 
41210 
55270 
43630 
41190 
39820 
41580 
41570 
39940 
42090 
39500 
37870 
42420 
40050 
40890 
38500 
37870 
43690 
42800 
45960 
41050 
42620 
41320 
41630 
73870 
55210 
55560 
57760 
56870 
55660 
57760 
54930 
59720 
57080 
58510 
57120 
56700 
54320 
55150 
56450 
56050 
56630 
52950 
58680 
54470 
57290 
58330 
56010 
58200 
54930 
65670 
43050 
42370 
41200 
43270 
42070 
43930 
38250 
47480 
43450 
40380 
95000 
85890 
61070 
59950 
41410 
42370 
39050 
39930 
56380 
39450 
40370 
37920 
38210 
40980 
38890 
41630 
42490 
40170 
40380 
40690 
39230 
42960 
40830 
38910 
42370 
43410 
44660 
43960 
43750 
44740 
42340 
42080 
78990 
55140 
57710 
57370 
59910 
61100 
55280 
56860 
56460 
57660 
56080 
53820 
55680 
57330 
58890 
59080 
55670 
55400 
58150 
55560 
58650 
55400 
53750 
59480 
56120 
57480 
63970 
42580 
42710 
42170 
43640 
39870 
38150 
43330 
43750 
43790 
42190 
93440 
74220 
58870 
42470 
43130 
40110 
42230 
40510 
39110 
41710 
41950 
39500 
40990 
38200 
41100 
38380 
38950 
39440 
39080 
42610 
38120 
40370 
40890 
40030 
43780 
39770 
44450 
41960 
42080 
42620 
42420 
78860 
56790 
55290 
57220 
57110 
57740 
54440 
57690 
58980 
57490 
54970 
54580 
53890 
54750 
56590 
55840 
53050 
56420 
55590 
58790 
55270 
53100 
57590 
58380 
56350 
59740 
63700 
41530 
40350 
40810 
43100 
42160 
38800 
41660 
47830 
44180 
43020 
96430 
86250 
59240 
54350 
41670 
43220 
42510 
38640 
42250 
38630 
38890 
40150 
42500 
39740 
41230 
40620 
39690 
40760 
38970 
39990 
39020 
40770 
41320 
38450 
42680 
39230 
43840 
41900 
40710 
44230 
40470 
44420 
71940 
58230 
59190 
53830 
55160 
55450 
56630 
55850 
55100 
56370 
60610 
57890 
53930 
56870 
56240 
54230 
55570 
54380 
57050 
55530 
53530 
57270 
54960 
57150 
56850 
53640 
57400 
39600 
42160 
41190 
40920 
43800 
41370 
42190 
47640 
41480 
43710 
90910 
65530 
58410 
44920 
39370 
39060 
38710 
40680 
38330 
40330 
40380 
39070 
41230 
38600 
36990 
40100 
39520 
43460 
38380 
38100 
40070 
38700 
39120 
41790 
41880 
41090 
43820 
41750 
42060 
39580 
39360 
77070 
63850 
56960 
55570 
57120 
59350 
53370 
56100 
53880 
53600 
55610 
56420 
58730 
58490 
57160 
56570 
57640 
55330 
58400 
53390 
59110 
55270 
59510 
58330 
53960 
58310 
65150 
41620 
41890 
38930 
41510 
43050 
41050 
45280 
47680 
41350 
42130 
94740 
83990 
58450 
46040 
40340 
39920 
39830 
40740 
40250 
40280 
43330 
40410 
42150 
38830 
41430 
40760 
40260 
40600 
41240 
40630 
41050 
42340 
42540 
38370 
41820 
43640 
44070 
44410 
44220 
41330 
40670 
67770 
60370 
54930 
60390 
58840 
54750 
56080 
57010 
54350 
52980 
59180 
56050 
58230 
54700 
54340 
55640 
54230 
56970 
53950 
58090 
57130 
57160 
60260 
54450 
51990 
56720 
64690 
44090 
42790 
38790 
43580 
44760 
43490 
44500 
41810 
42560 
43740 
93090 
88400 
62530 
56570 
44010 
38740 
43280 
37660 
39150 
42430 
40750 
43640 
41860 
38260 
39410 
38460 
43120 
41980 
39490 
40340 
40290 
40660 
40910 
38090 
38870 
41590 
44100 
45800 
39970 
40810 
42730 
43730 
76360 
57230 
56290 
59600 
57910 
59500 
53800 
56000 
54290 
57130 
56070 
57660 
57510 
53680 
57090 
55060 
55050 
56260 
54370 
58890 
55170 
56340 
54250 
54420 
58110 
53410 
64340 
44250 
40920 
43250 
40620 
45410 
41760 
41440 
45870 
43170 
43750 
92440 
78180 
61290 
45760 
40300 
43350 
37990 
40840 
41900 
39210 
41410 
38750 
40080 
42340 
41540 
41220 
40940 
39090 
39810 
39090 
42150 
39530 
39540 
39480 
42700 
42860 
43430 
46160 
42580 
41360 
42070 
76540 
60310 
52190 
55990 
56150 
56620 
54850 
54950 
58990 
56410 
57760 
58660 
52560 
54820 
57620 
58870 
55020 
61220 
58240 
58230 
57110 
56800 
52050 
56030 
56150 
56020 
66550 
41060 
37210 
41780 
42670 
44870 
39860 
38060 
48290 
43330 
44750 
93250 
84800 
66260 
51770 
42370 
38740 
40270 
41690 
40050 
42100 
40680 
38460 
41220 
38830 
42150 
39590 
38870 
37970 
39910 
39580 
40950 
36620 
38940 
40650 
40290 
42510 
40020 
40620 
43500 
41390 
44350 
38940 
76030 
59390 
58490 
56360 
57070 
56170 
56060 
55820 
58230 
61070 
53390 
54740 
57010 
56160 
55880 
58780 
57290 
58040 
54920 
55290 
54170 
54030 
56400 
53850 
58970 
58420 
60310 
44750 
39980 
42600 
41990 
39790 
43420 
43840 
44520 
45280 
40840 
91650 
73160 
57870 
44000 
41960 
41200 
46740 
39030 
42840 
38380 
40360 
43620 
39610 
40870 
39170 
38390 
39110 
38890 
39720 
42760 
39350 
40840 
40800 
40830 
42070 
40150 
44040 
42420 
41870 
42270 
40610 
74910 
61740 
55360 
58000 
53160 
53640 
56480 
54330 
61680 
56900 
55300 
56650 
57930 
58820 
60590 
57490 
58150 
56270 
56370 
58710 
56370 
53040 
59540 
55030 
59000 
60510 
62680 
45550 
38800 
40130 
44740 
43710 
42170 
41570 
49380 
42380 
43580 
92930 
82110 
58820 
55090 
43000 
41590 
41690 
40580 
41640 
37390 
44270 
44210 
40780 
42660 
39480 
40900 
42040 
39430 
41300 
38680 
40330 
44900 
43160 
45560 
40160 
41850 
46100 
46220 
41290 
44850 
40340 
46260 
69480 
57700 
56090 
58690 
54810 
62500 
58740 
57090 
55720 
53960 
57050 
55060 
58450 
55940 
54720 
57920 
54880 
56910 
56310 
54650 
55860 
57110 
55530 
56910 
53870 
56060 
57560 
41570 
40870 
42440 
40040 
43110 
42690 
45360 
45320 
41610 
41880 
92180 
67580 
54910 
42460 
46630 
40280 
56990 
40980 
37190 
39450 
40240 
38830 
39760 
39250 
39870 
39310 
38580 
42760 
38610 
40000 
41300 
39200 
40140 
38420 
40320 
41980 
43370 
43120 
41380 
40480 
40680 
75720 
58780 
53420 
55560 
57150 
55990 
56690 
56200 
55560 
58240 
56520 
56220 
59770 
56990 
53020 
59800 
56500 
55590 
54170 
53690 
57200 
56150 
58050 
58980 
57290 
58150 
60480 
48540 
39530 
40760 
44470 
43530 
40240 
43540 
46080 
44920 
41280 
91180 
84270 
60780 
47430 
39870 
40090 
41710 
39650 
39030 
39520 
42460 
41920 
38540 
40210 
40350 
40950 
41160 
38320 
41030 
40610 
39980 
39620 
40670 
37920 
42690 
43280 
43740 
43450 
40660 
40890 
40770 
67800 
61430 
55600 
55040 
61500 
57060 
58260 
57990 
52290 
56210 
54900 
61790 
57100 
55280 
56040 
57390 
55980 
59540 
56740 
55140 
57120 
56850 
58560 
55070 
53530 
56430 
62500 
47360 
39370 
43360 
45430 
40830 
43130 
39350 
40430 
48040 
41010 
89260 
90140 
64200 
61630 
43860 
40400 
49260 
46440 
49350 
43200 
41070 
40230 
41440 
40830 
40510 
39620 
43010 
38650 
43770 
43350 
38630 
43330 
39060 
38850 
40330 
43440 
43200 
44640 
41850 
42510 
40030 
40460 
79410 
55970 
60170 
58750 
57470 
57930 
56050 
57350 
56470 
56890 
57450 
54970 
53980 
56850 
61270 
58640 
55730 
53890 
58410 
58070 
56230 
55390 
53250 
55510 
57680 
55690 
63030 
46190 
38900 
41080 
42470 
43200 
40860 
40590 
44620 
46030 
43390 
91480 
76280 
61720 
46490 
42010 
39640 
39830 
42910 
38840 
40120 
40160 
39300 
41360 
39410 
40740 
40680 
40320 
41370 
41010 
40240 
41150 
37890 
39010 
41060 
44050 
41450 
42780 
43020 
41850 
43750 
42520 
72430 
57010 
56530 
55800 
58800 
54360 
53390 
55230 
55350 
58560 
60230 
57060 
55260 
55070 
54010 
56820 
54600 
54350 
62790 
56470 
57180 
55640 
55560 
59350 
54480 
58970 
68390 
42130 
43410 
38220 
44090 
41720 
38590 
40500 
45750 
44770 
42930 
96390 
85410 
63290 
52600 
41620 
40310 
39300 
41180 
40180 
41430 
39750 
39720 
42830 
39010 
44350 
40250 
40430 
41680 
38520 
42790 
39710 
40130 
40250 
41000 
43890 
42840 
42350 
41070 
43420 
44360 
43540 
41390 
74620 
59100 
59130 
57720 
57270 
54670 
55270 
59090 
57440 
56850 
54360 
54910 
55870 
58230 
56690 
55440 
59040 
60390 
58290 
58610 
56920 
55700 
59080 
54230 
57880 
56210 
61390 
42970 
42460 
45510 
43390 
39500 
43680 
43800 
44920 
42640 
40410 
89580 
74900 
60590 
41410 
44880 
44750 
41860 
40560 
41200 
38560 
39900 
41820 
40040 
45130 
38800 
39830 
40850 
40940 
40740 
39100 
38770 
40590 
39990 
42270 
42650 
40380 
44630 
43560 
45070 
40150 
41710 
77250 
58610 
57550 
57710 
56500 
56850 
57710 
56840 
55200 
53620 
54560 
62250 
58790 
56090 
55320 
55320 
59430 
54460 
58990 
55320 
54390 
57520 
55110 
60970 
56860 
68540 
71480 
42980 
41800 
40720 
42010 
41670 
41020 
40500 
47150 
40650 
42290 
94780 
83470 
59760 
53280 
39600 
41260 
39510 
41540 
42510 
39710 
40050 
39150 
42070 
40040 
38650 
40800 
40300 
39840 
40320 
39200 
41300 
42120 
41490 
40540 
41280 
44670 
45110 
45780 
48100 
41320 
41070 
46520 
70570 
59480 
56160 
54400 
58260 
62090 
60280 
55110 
56370 
57010 
61960 
56260 
57360 
60360 
57830 
56150 
56070 
56400 
58730 
54350 
56210 
55780 
57580 
55100 
54000 
59150 
58820 
43810 
41380 
41390 
47020 
43240 
42380 
44620 
43670 
42790 
43840 
93430 
70610 
60360 
43580 
42510 
39430 
46200 
39320 
38550 
43070 
39900 
40990 
38430 
38750 
41190 
40260 
42440 
37790 
39160 
40430 
39120 
42750 
38130 
39370 
41320 
41810 
43810 
42180 
42380 
41270 
41520 
77700 
58150 
55280 
55260 
58770 
57680 
57510 
56210 
55080 
58520 
55660 
58240 
56500 
58650 
58930 
58260 
58390 
57580 
54320 
56630 
56680 
56290 
59180 
54950 
59400 
61170 
63610 
44080 
39380 
42540 
44330 
43060 
42330 
38180 
46730 
45530 
40920 
90420 
87120 
60800 
51690 
39650 
43720 
39100 
38430 
42850 
41520 
42430 
40790 
39560 
40800 
40990 
40580 
41140 
39810 
41020 
41470 
42370 
42760 
38270 
41490 
42690 
42430 
44550 
41540 
43120 
42240 
41740 
64420 
59380 
54490 
57090 
58610 
55570 
55670 
56130 
59050 
58920 
56700 
56940 
58270 
55670 
57500 
56620 
57110 
57310 
55030 
57830 
56160 
57570 
55950 
57100 
56380 
60140 
61610 
47010 
39440 
43500 
43320 
43300 
42750 
38020 
42060 
44900 
41710 
91450 
93150 
69650 
59320 
42030 
44300 
40670 
38190 
42630 
40750 
42560 
38520 
38690 
41120 
61770 
46030 
37800 
41710 
39710 
41950 
40780 
43090 
39650 
40290 
41520 
44120 
44840 
43300 
42070 
42110 
41540 
42850 
77400 
56080 
61250 
58360 
60010 
57090 
55660 
71470 
61330 
58320 
55790 
57380 
57060 
55780 
55670 
57280 
56540 
54820 
56950 
57790 
58240 
54840 
54030 
58530 
56410 
58230 
62660 
42590 
44120 
41230 
44060 
42830 
38220 
43990 
45600 
45040 
43510 
92410 
84920 
59760 
47820 
41760 
40550 
42770 
39680 
40620 
42590 
39420 
40280 
39880 
40340 
40260 
41640 
38850 
42720 
43340 
42290 
39940 
45180 
47700 
39230 
45040 
45780 
44170 
42140 
42170 
42580 
42840 
72940 
59600 
55750 
57070 
57420 
60860 
57600 
56810 
57590 
57220 
54210 
54940 
56290 
55130 
60770 
56310 
54900 
55420 
57420 
58960 
56690 
53200 
57060 
61150 
56570 
57990 
60720 
44520 
40410 
41420 
46850 
40850 
39210 
40070 
47000 
49700 
46210 
91730 
86900 
66660 
57080 
60100 
43370 
45000 
38870 
41710 
39030 
39690 
42600 
41400 
40210 
44850 
38290 
41200 
42330 
41750 
41570 
38590 
39090 
42680 
42960 
45980 
42730 
41850 
44690 
43260 
43840 
43150 
39700 
74410 
59780 
56830 
55540 
56860 
58710 
58330 
56120 
56750 
56020 
55320 
56930 
56520 
57540 
56250 
55750 
57290 
59670 
57440 
58240 
53490 
57690 
56060 
57860 
57790 
56380 
63260 
41180 
41280 
41610 
41360 
42930 
43180 
44010 
47390 
43170 
42000 
92250 
75260 
58240 
41700 
40750 
44500 
43420 
44640 
39560 
40200 
40960 
39570 
41510 
42100 
42590 
42950 
39810 
57910 
40320 
39560 
39890 
40640 
41760 
41590 
41880 
43020 
43880 
43000 
42710 
41810 
42920 
78140 
59060 
56630 
55690 
57490 
56690 
55770 
57150 
56500 
56840 
56650 
57030 
59570 
56280 
56680 
56980 
59050 
55900 
62560 
53820 
57400 
56500 
56940 
59930 
57110 
55650 
67110 
42710 
42650 
39630 
43140 
46380 
41930 
41710 
45090 
42700 
