71380 
43900 
38740 
40640 
36440 
36270 
36330 
36860 
37360 
36620 
39020 
38150 
38130 
36860 
37020 
37980 
37100 
35220 
36620 
35880 
37420 
36250 
36620 
37030 
36530 
35500 
35720 
36300 
39040 
36830 
37670 
36800 
36010 
37250 
36900 
37560 
36520 
35640 
36850 
35580 
36570 
37390 
35940 
36030 
37110 
37680 
39820 
36310 
36590 
38040 
38080 
35350 
35890 
36850 
39170 
36780 
36630 
35320 
36120 
35580 
36740 
36860 
34610 
34890 
37420 
39120 
37310 
35710 
35570 
34320 
36520 
37260 
35680 
36110 
36260 
36970 
37700 
36310 
38720 
36550 
38960 
38050 
36980 
35540 
36980 
36210 
37720 
35540 
46980 
39700 
36960 
39100 
38060 
36220 
34620 
36130 
37200 
36750 
36080 
37630 
36370 
37330 
36190 
38140 
35270 
36330 
36900 
35390 
35490 
35880 
36450 
37610 
36940 
35900 
35380 
36500 
36170 
36630 
36870 
35530 
36610 
35400 
38710 
37700 
36340 
35160 
34690 
37490 
37920 
35980 
35390 
35260 
36680 
39080 
36790 
38390 
37630 
36690 
36590 
37480 
36810 
35390 
37450 
35960 
36540 
35190 
38660 
36130 
35780 
36310 
36900 
35530 
34730 
36390 
38410 
36860 
35340 
35360 
36560 
36330 
36980 
48530 
37920 
35820 
36440 
37590 
35690 
36130 
36030 
35130 
36700 
35840 
36950 
36910 
37780 
37480 
36240 
35410 
35350 
37830 
38160 
36700 
35410 
36310 
37950 
36440 
38760 
44380 
40150 
37080 
37630 
37900 
38800 
37490 
36360 
36330 
35860 
35090 
35750 
34760 
37190 
36100 
35940 
36060 
34840 
35960 
36260 
34740 
35550 
34220 
37170 
36890 
36310 
35840 
35740 
37040 
36460 
36490 
36620 
36010 
36750 
37380 
37160 
36490 
35740 
36620 
38120 
37490 
36950 
35560 
36050 
36690 
36830 
35650 
36670 
37620 
37250 
39060 
36020 
36220 
35340 
35090 
35870 
37480 
36250 
35430 
38570 
36250 
37060 
36550 
36000 
35330 
37170 
38000 
38510 
36600 
35390 
36030 
35790 
35590 
35600 
34590 
36120 
36390 
36860 
36520 
35380 
36340 
37710 
36810 
35650 
34670 
36790 
37880 
37220 
34990 
36650 
37020 
38010 
37250 
37430 
35300 
35100 
36860 
36780 
36690 
36040 
35580 
36820 
37480 
35940 
35700 
36540 
39910 
37450 
36880 
36520 
35180 
35990 
36860 
36590 
37550 
35720 
35490 
35940 
36480 
36110 
35590 
35510 
36230 
36190 
36210 
35680 
35390 
37000 
37380 
36050 
35030 
38540 
36410 
35590 
37130 
35350 
37710 
37090 
37320 
37310 
36280 
36830 
35670 
37970 
39700 
37140 
36450 
35580 
39270 
37600 
35780 
36720 
35090 
36520 
39000 
36380 
36150 
35560 
36700 
37070 
37480 
36760 
35130 
36850 
37810 
36320 
38410 
34970 
36090 
37280 
36560 
37430 
35280 
35330 
36570 
36420 
36940 
35240 
36600 
38600 
36850 
37180 
36320 
35870 
35960 
36020 
37190 
36240 
35360 
37160 
37850 
37940 
41620 
36120 
35960 
37040 
38290 
36200 
34900 
36570 
37270 
37690 
35870 
35090 
35550 
37410 
37170 
38540 
35680 
36320 
36360 
37250 
37140 
35720 
36050 
36160 
36770 
37860 
35540 
35090 
35020 
37070 
36180 
35390 
37080 
35780 
37400 
37080 
37370 
37090 
35720 
37930 
36990 
35820 
35950 
35610 
36400 
36000 
36980 
36310 
34860 
37020 
39260 
38720 
37650 
36210 
35050 
37080 
35550 
36900 
36960 
37350 
37530 
37120 
35890 
36140 
36710 
36710 
36590 
36510 
37020 
36150 
35620 
35690 
36600 
35320 
34860 
35570 
37130 
36560 
35930 
35770 
35500 
35820 
37280 
34570 
34780 
35280 
36630 
36600 
36020 
36480 
36470 
37470 
36880 
36240 
36290 
38040 
37240 
36900 
36330 
38550 
36110 
35780 
38420 
37430 
35740 
35870 
34810 
37210 
36830 
36440 
35410 
35210 
37620 
37140 
35520 
36480 
37770 
36550 
36450 
35540 
35180 
35530 
36240 
35620 
37350 
35790 
35410 
37010 
36500 
36340 
35280 
35660 
35990 
36800 
36980 
37470 
36580 
36950 
36980 
36190 
34800 
35320 
35300 
37510 
36270 
36380 
34710 
36700 
35520 
36590 
37580 
37940 
36590 
36560 
37850 
36840 
35210 
36980 
34700 
37300 
36160 
36630 
36550 
36850 
36770 
36430 
37530 
37150 
38440 
36010 
36510 
35760 
35980 
35660 
36110 
36690 
35880 
35940 
34650 
36210 
36390 
37040 
35580 
36010 
36340 
37280 
37530 
37100 
35680 
35360 
35940 
36980 
36110 
35660 
36060 
37380 
36430 
35870 
34830 
35740 
36000 
37250 
35860 
35950 
36690 
37210 
36290 
37350 
34670 
35390 
35500 
35790 
37260 
35690 
35440 
35150 
36850 
38110 
35990 
35400 
35920 
36320 
36210 
35240 
33970 
36190 
37190 
36970 
35890 
36250 
35530 
36210 
37250 
36020 
35040 
35670 
36510 
36650 
38790 
36200 
36230 
35210 
37580 
36540 
36570 
36780 
35650 
38030 
36430 
36980 
38390 
36010 
35440 
36930 
36740 
36370 
35830 
36500 
36490 
36370 
36230 
36410 
36790 
37870 
36410 
36350 
35360 
37920 
41880 
36890 
36050 
35220 
36130 
37790 
36790 
35970 
36750 
35930 
36560 
35510 
37550 
37350 
36810 
36500 
35720 
37610 
35870 
35960 
35950 
37880 
37120 
37680 
37410 
36870 
39720 
38150 
35660 
39270 
36530 
38610 
38280 
36780 
35420 
38260 
37130 
36670 
36470 
38730 
38320 
37790 
38620 
37340 
35760 
36430 
36620 
37250 
48770 
40080 
38840 
37260 
38010 
37070 
36630 
38180 
35910 
38660 
37440 
36690 
35030 
37090 
38240 
38000 
38240 
36730 
37260 
38000 
39720 
38390 
37040 
37450 
38030 
36850 
37190 
35340 
34530 
37520 
38170 
38100 
36190 
35550 
36260 
39190 
39300 
38090 
36700 
36560 
37880 
36900 
37720 
35830 
35480 
35980 
36370 
37650 
35530 
36380 
35520 
37310 
36580 
38370 
35920 
36120 
37020 
36080 
36540 
36220 
35910 
39060 
37170 
36120 
35990 
35170 
35220 
36280 
35510 
36900 
35580 
37410 
36630 
36890 
36600 
36080 
34980 
37930 
37920 
35780 
34790 
36140 
38560 
37880 
38130 
35440 
35690 
36820 
35840 
35040 
34540 
37230 
37020 
37850 
36800 
35520 
36750 
36690 
35610 
37710 
36110 
36390 
36720 
38550 
37670 
35870 
36980 
34960 
36370 
37290 
37540 
38430 
35440 
37840 
37920 
37460 
35450 
35760 
36390 
36430 
38500 
37460 
36390 
36970 
36570 
36850 
36850 
36480 
35500 
37590 
37250 
37000 
35200 
35040 
38380 
40460 
37040 
35130 
36180 
37280 
35700 
36020 
35400 
46900 
41170 
36970 
37180 
35760 
34960 
36190 
37010 
37250 
36700 
37750 
36310 
37360 
37850 
35820 
35680 
36030 
37780 
36950 
36850 
35560 
36050 
37150 
36680 
36010 
35520 
35190 
36570 
36730 
38210 
35760 
34950 
35840 
38670 
36360 
37050 
35990 
35510 
38880 
36690 
36540 
36090 
34640 
36580 
38160 
35570 
35670 
34560 
37150 
36520 
36260 
35520 
37370 
37530 
37430 
38910 
36140 
36920 
37070 
36110 
36880 
37350 
35990 
35960 
37390 
37790 
36090 
36230 
36400 
37700 
38370 
36450 
34820 
38300 
37070 
36540 
37460 
36030 
38540 
37950 
37070 
38510 
36670 
36830 
37070 
38040 
39740 
36200 
35920 
36640 
37640 
41670 
36930 
35580 
35370 
36940 
38160 
36660 
35170 
37630 
37300 
36970 
35720 
35910 
36680 
36000 
36650 
37380 
36310 
37290 
40240 
41350 
38170 
35040 
37480 
37960 
37950 
37520 
35720 
36250 
35440 
37130 
37120 
35930 
38300 
35860 
37030 
36490 
36820 
35810 
36180 
37000 
36080 
36710 
35880 
35890 
37140 
37140 
36400 
35360 
35470 
36530 
38730 
37960 
36060 
36020 
35720 
37280 
37200 
36340 
35970 
35570 
37990 
36360 
37270 
36740 
36030 
37440 
36450 
37850 
35690 
37120 
38620 
37140 
36940 
35720 
37840 
35780 
37790 
37980 
36410 
35950 
35910 
37230 
37380 
37520 
37140 
35540 
37060 
37040 
35460 
35460 
35940 
34930 
36050 
37930 
37310 
36490 
36500 
36840 
36640 
36400 
35160 
35950 
38140 
36550 
38080 
35780 
34900 
36090 
35880 
35910 
35160 
35020 
37060 
37460 
37400 
35190 
35470 
36800 
38890 
37700 
36630 
36690 
36180 
37530 
37520 
36190 
35480 
38050 
36710 
38150 
36380 
36140 
36290 
37460 
37400 
37740 
36500 
35920 
36320 
37240 
36050 
35910 
35490 
36060 
37110 
36400 
35910 
36390 
36000 
38830 
37160 
36330 
35600 
34880 
36890 
36110 
36190 
36330 
36140 
37260 
37610 
36750 
36360 
35030 
37920 
38560 
35960 
36460 
34700 
36900 
37290 
39420 
37680 
35880 
36610 
37110 
36830 
35350 
35090 
36120 
35960 
36790 
37010 
37060 
36380 
36990 
37840 
36370 
35660 
36400 
37490 
37530 
37100 
34320 
36490 
36700 
36380 
37820 
35040 
35470 
35790 
37970 
37050 
36810 
35500 
36500 
38300 
37450 
36000 
35810 
35580 
37930 
36700 
36970 
36400 
36200 
38760 
39510 
38050 
38870 
38260 
37500 
36370 
36640 
36850 
35660 
46610 
39530 
38330 
35870 
35790 
35040 
36430 
37470 
36260 
36730 
36900 
37360 
37610 
36830 
36700 
35630 
37360 
36210 
36240 
36410 
35540 
36070 
36560 
36650 
36960 
36850 
36870 
36650 
36460 
41180 
39060 
38040 
36760 
36670 
36110 
35710 
36110 
37530 
37210 
37190 
35560 
37490 
41020 
37690 
37140 
35400 
38560 
36250 
36880 
36660 
35510 
38120 
37080 
36370 
37750 
37970 
36860 
35150 
37990 
36690 
36550 
35020 
35390 
36600 
38080 
35680 
36580 
38460 
36430 
37090 
35420 
35420 
35440 
35020 
37080 
37010 
36400 
35380 
36420 
36970 
39610 
36620 
35830 
36200 
37550 
36930 
37270 
35170 
35530 
37230 
36960 
36350 
38370 
39480 
39150 
38310 
36480 
35080 
36370 
35990 
36180 
37520 
35900 
35560 
37420 
36170 
36760 
35390 
35830 
36100 
37380 
37270 
35710 
36250 
36850 
36720 
36970 
36350 
37300 
35490 
38490 
38040 
36240 
35860 
35910 
36920 
36820 
36540 
35300 
36850 
36180 
36450 
37570 
35680 
35670 
37160 
36550 
37470 
36850 
36540 
36360 
38610 
36690 
38170 
38300 
36360 
37210 
39460 
36610 
35780 
34950 
36570 
37010 
36690 
36630 
36710 
36530 
40990 
41210 
37190 
36400 
35660 
35580 
35270 
36190 
35740 
35950 
36610 
36390 
36390 
36570 
35150 
36670 
36780 
36780 
35640 
36380 
37160 
37670 
36990 
36990 
35550 
35620 
36810 
38490 
36330 
36870 
36710 
36480 
36200 
37400 
36050 
35530 
39370 
38800 
37330 
35220 
35290 
36150 
36640 
35370 
35710 
35760 
35050 
35520 
37280 
36410 
34550 
35140 
37180 
37170 
36040 
35100 
35230 
37130 
37860 
38040 
36050 
36490 
37940 
36990 
38120 
35980 
35030 
38990 
37340 
36470 
35960 
36520 
36790 
37120 
38350 
35960 
36230 
36590 
36870 
37280 
35970 
35930 
35790 
36560 
36940 
36360 
38630 
36420 
37570 
37950 
39430 
38560 
37150 
37130 
37300 
35600 
35060 
35530 
35030 
36680 
36690 
35170 
35140 
38550 
36540 
37280 
34440 
37080 
36370 
37620 
37420 
36150 
36210 
35800 
39010 
37520 
36940 
36650 
36110 
38090 
37150 
36060 
37150 
36100 
35890 
36410 
37100 
37280 
35850 
37560 
37870 
37310 
36030 
36600 
36200 
36710 
38450 
36570 
35630 
34870 
38010 
39620 
36040 
36230 
35610 
37130 
35830 
35980 
36020 
35070 
35210 
36000 
36330 
35750 
34950 
37450 
36720 
37800 
35330 
35970 
36570 
35790 
37090 
36190 
36570 
36080 
38280 
38540 
35800 
35800 
37800 
36690 
37900 
34370 
36140 
35930 
36350 
37410 
36630 
36060 
35290 
36410 
38480 
37680 
35880 
36270 
36870 
39140 
37380 
35490 
36220 
35760 
39620 
36920 
36520 
36020 
34780 
38000 
39610 
36950 
36440 
34720 
36390 
37500 
36460 
36110 
34700 
38950 
36500 
36810 
36400 
35490 
35540 
38090 
36680 
37030 
35630 
36410 
38820 
35850 
38550 
37830 
38390 
38270 
37260 
35990 
36400 
36470 
36780 
36380 
37490 
36030 
36680 
35720 
36210 
37090 
36560 
39910 
35850 
37440 
37000 
35890 
36660 
35680 
37100 
37040 
34780 
36250 
36750 
36670 
36570 
35880 
35100 
34040 
37620 
36750 
47960 
38730 
35680 
36920 
36800 
36780 
36290 
36010 
35170 
38240 
37760 
39420 
36810 
36560 
39140 
37550 
36360 
36360 
36220 
47980 
41150 
36370 
36310 
36880 
35550 
36180 
37640 
35780 
35420 
36840 
35940 
36940 
35100 
34540 
35450 
37060 
37270 
39780 
37170 
36310 
36330 
37850 
38020 
35160 
35170 
36900 
36470 
36530 
35820 
38260 
36720 
36470 
38000 
35050 
37310 
37260 
36050 
36520 
35880 
36830 
35870 
38470 
36550 
36760 
35930 
34770 
37250 
38630 
36810 
35780 
36750 
38270 
37210 
35730 
36430 
35620 
36390 
36290 
36470 
36540 
35460 
38310 
38620 
36080 
36430 
36710 
36260 
35900 
37190 
37090 
37490 
36880 
38340 
37080 
36840 
36020 
34830 
38170 
36380 
36210 
35820 
36580 
36760 
36500 
37030 
36940 
36320 
38280 
38480 
38080 
37200 
37140 
36010 
37890 
39360 
39010 
36650 
35860 
40590 
38760 
36890 
36300 
36470 
36910 
38470 
37270 
36060 
35170 
37370 
39860 
37960 
38290 
35100 
37680 
37950 
37720 
36310 
36860 
37190 
40450 
38750 
37550 
35660 
35610 
40260 
38190 
38600 
37160 
36280 
37570 
40230 
37560 
35580 
36060 
37010 
38060 
36820 
36400 
35450 
35600 
39320 
39720 
37740 
35380 
36750 
37050 
41000 
37010 
35690 
36430 
36380 
35770 
35390 
35830 
36340 
37560 
36890 
36560 
35160 
35500 
35580 
38060 
36310 
36750 
36130 
36190 
37500 
37070 
35470 
35040 
35460 
36490 
37790 
37080 
35230 
38490 
36550 
37110 
36670 
35840 
35490 
37180 
35830 
34600 
37650 
36670 
37660 
37410 
36210 
37320 
34560 
38420 
36490 
36710 
36340 
36020 
36800 
37220 
37180 
36360 
35050 
35290 
37030 
36280 
36020 
35640 
35160 
36950 
36900 
36640 
36590 
36020 
35440 
37260 
36780 
36410 
36580 
36480 
36060 
39600 
35930 
36610 
36350 
36920 
36630 
36280 
34980 
36270 
37600 
36680 
35610 
35950 
35480 
37270 
39030 
37020 
43180 
38490 
35820 
37920 
36970 
35730 
36410 
36210 
37380 
37450 
35070 
35110 
35750 
36640 
36350 
35640 
35690 
35900 
37570 
37360 
36590 
35430 
35330 
37240 
35470 
36740 
37320 
35970 
36480 
36070 
36560 
35860 
35020 
37450 
36080 
34990 
34910 
35610 
37170 
37300 
36670 
35950 
35670 
35520 
36160 
35480 
37220 
36690 
37930 
36680 
37090 
35930 
36120 
35420 
36950 
38310 
36450 
37080 
35690 
36790 
35900 
37590 
36100 
36440 
36530 
36110 
36040 
35440 
35480 
35110 
36680 
38480 
36090 
36150 
36590 
37370 
35880 
39180 
35570 
36110 
36000 
38180 
37260 
36120 
37510 
36900 
37720 
37380 
36740 
37280 
36670 
38640 
35890 
37050 
35650 
35480 
36670 
36940 
35480 
36080 
35860 
37000 
39880 
36820 
35630 
35740 
37380 
35850 
36090 
37350 
35260 
36500 
35760 
36000 
36440 
35870 
35850 
36810 
36540 
36410 
35020 
37230 
36470 
37370 
36550 
36360 
38460 
36760 
37170 
35160 
34920 
37290 
36930 
35730 
36990 
34790 
36310 
36160 
37330 
36120 
35130 
37820 
35430 
37360 
36290 
35880 
36490 
36430 
38230 
39210 
37100 
36710 
35290 
38050 
37560 
35620 
37420 
37240 
36390 
35750 
36640 
35950 
36340 
38260 
37230 
37310 
36330 
35350 
35200 
36360 
36280 
35470 
34980 
35680 
36190 
