133470 
43590 
42660 
41300 
40130 
38690 
38530 
38580 
37680 
39110 
38800 
39400 
37390 
37660 
39770 
40000 
39280 
36260 
37040 
37710 
35960 
36690 
36750 
36090 
37470 
37810 
38330 
37050 
35540 
36370 
37100 
35600 
36270 
36190 
36250 
36790 
35820 
35720 
35580 
35780 
36790 
36610 
36190 
36840 
36320 
37370 
37660 
36730 
35510 
36280 
37380 
37430 
37590 
35830 
35970 
37280 
37610 
38030 
37290 
35870 
36140 
34680 
37790 
37620 
36750 
36090 
37340 
36340 
35010 
35330 
35170 
37260 
36360 
35130 
35430 
36060 
37700 
36550 
35870 
35450 
36080 
37190 
36520 
36070 
35790 
35310 
36730 
36440 
36880 
37440 
36060 
34750 
37350 
35780 
36520 
36940 
37670 
38870 
37630 
36810 
39490 
38130 
37060 
35420 
35200 
36800 
34960 
36350 
35670 
36500 
36050 
36650 
37810 
35490 
36710 
36120 
36450 
37310 
38200 
37010 
37190 
35530 
36680 
35720 
37040 
36490 
39040 
37890 
36020 
35630 
36140 
36700 
35730 
36120 
37100 
38360 
36820 
36730 
36920 
37290 
36630 
36770 
37290 
36920 
38240 
37400 
36170 
39020 
36610 
38090 
37270 
34600 
36520 
35610 
36990 
41730 
36630 
37070 
35900 
35980 
36480 
36650 
36460 
37000 
37310 
36260 
36220 
35550 
36350 
35930 
37120 
36390 
68850 
38490 
35940 
37280 
35980 
35990 
35900 
36930 
37920 
36670 
37530 
34840 
35770 
35960 
37740 
36520 
35740 
35750 
37370 
37780 
36440 
35930 
36250 
36180 
36650 
43070 
42370 
38330 
37830 
39020 
40540 
37420 
37780 
35330 
36270 
34980 
37890 
36960 
36080 
35970 
36710 
36970 
35800 
35880 
36910 
36500 
37120 
35680 
35370 
34670 
37190 
36840 
35810 
36850 
35830 
38880 
36490 
36360 
34940 
36030 
37250 
36240 
36540 
35200 
35880 
37550 
35670 
37030 
37000 
36880 
37360 
36900 
36260 
36890 
35250 
35710 
38250 
37160 
37890 
35540 
47480 
41000 
37670 
35950 
36930 
36570 
37590 
35510 
39330 
36130 
35920 
36750 
38650 
36810 
36070 
36070 
37480 
36690 
35680 
34850 
35430 
35970 
38110 
37050 
36870 
34960 
36500 
37630 
36620 
36370 
35750 
35090 
36150 
37240 
36260 
36350 
36840 
37720 
36640 
36880 
35000 
36180 
38760 
36990 
37660 
35230 
38800 
34970 
39300 
37070 
35910 
37510 
34790 
38600 
36450 
36280 
34990 
36530 
36250 
36290 
36650 
36240 
35910 
37090 
36100 
36840 
36460 
35770 
35830 
36250 
36050 
35710 
36140 
37500 
38870 
36720 
38390 
35380 
36700 
37520 
38440 
37420 
36760 
36690 
37140 
36410 
36560 
34910 
36350 
37690 
36570 
36100 
35890 
35710 
36620 
34460 
37040 
36170 
36090 
35310 
36690 
37950 
36020 
36360 
35170 
36160 
36200 
35800 
38970 
36450 
37170 
36940 
35590 
36020 
36340 
37400 
36710 
36180 
36020 
36150 
36770 
36600 
36120 
37060 
37540 
35470 
38050 
37080 
35400 
35730 
36190 
38010 
38420 
36100 
35800 
35890 
37730 
36990 
36570 
36680 
35500 
37160 
34990 
36930 
34820 
35290 
36290 
35970 
39290 
36370 
37280 
35140 
39530 
38250 
37120 
35560 
36670 
37020 
36600 
34730 
35670 
36410 
38050 
35980 
36400 
35800 
34650 
35400 
37000 
35980 
36770 
37720 
37540 
38040 
36890 
36930 
36150 
38880 
37600 
37230 
35080 
36690 
37790 
38740 
36530 
36530 
36810 
36490 
36790 
35080 
36920 
37470 
37140 
37870 
37610 
36790 
35860 
35650 
37490 
35900 
35290 
36990 
35680 
36010 
39250 
38520 
36970 
35630 
35650 
36470 
35300 
36100 
35320 
35620 
36820 
35290 
37220 
35870 
36080 
37220 
35740 
37220 
35740 
36890 
37470 
35580 
36290 
36600 
36480 
35480 
37650 
39460 
37100 
37850 
37410 
36830 
36420 
35720 
36590 
35560 
37250 
35750 
35460 
35970 
35650 
36830 
35040 
35960 
36330 
38560 
37820 
36650 
39620 
36920 
35960 
36160 
38830 
36440 
36000 
36310 
35260 
37260 
36530 
35860 
34660 
34890 
36660 
35140 
35660 
36050 
35760 
37760 
36440 
37880 
35890 
36650 
36670 
35210 
42060 
36750 
36610 
36770 
39930 
37990 
37370 
36460 
36860 
38340 
37120 
34920 
36580 
36370 
37120 
35170 
37610 
36130 
35390 
36830 
36230 
36320 
34890 
36860 
35450 
38390 
39370 
37070 
35840 
35760 
37050 
36850 
36890 
37100 
35710 
37540 
35720 
35640 
37050 
36140 
37000 
35560 
35470 
36010 
36140 
36660 
36200 
37010 
37900 
36940 
38280 
37840 
37670 
36380 
35070 
35140 
37360 
38580 
38970 
36220 
35920 
36730 
36840 
36150 
36120 
35200 
36110 
35910 
35860 
35340 
36920 
40210 
36530 
37860 
35350 
37230 
36820 
37100 
36180 
37020 
35380 
36390 
37020 
35750 
35970 
35930 
36290 
36350 
37850 
37860 
36890 
36440 
36510 
36100 
36900 
35640 
36990 
37130 
36180 
35720 
36840 
36080 
38350 
36740 
35640 
35780 
36850 
40320 
40140 
38660 
35800 
35830 
35830 
38150 
36110 
36210 
39190 
37500 
36320 
35090 
36630 
36140 
36500 
38030 
35790 
36480 
36840 
34970 
37280 
36090 
36310 
36050 
36170 
36210 
37350 
37050 
36120 
36400 
36170 
37580 
36470 
37260 
34580 
36210 
36830 
36830 
37490 
36250 
35590 
36660 
34630 
37760 
36770 
36530 
37770 
37460 
36710 
39370 
37670 
37060 
38280 
38510 
36110 
35720 
36710 
36840 
37600 
35520 
36590 
36990 
36160 
38630 
38500 
35960 
35740 
36800 
36650 
36950 
36400 
35480 
36050 
36160 
37520 
34680 
36520 
35300 
38260 
36080 
36170 
36120 
34870 
37390 
38710 
37400 
35980 
37710 
37930 
37130 
37500 
35670 
36580 
37680 
38660 
36870 
35740 
35680 
38770 
38510 
37970 
37120 
34680 
36810 
38640 
37730 
36390 
34910 
35820 
36980 
36630 
35700 
35580 
35910 
40370 
38500 
35510 
35020 
35390 
35540 
36720 
35640 
36360 
36150 
36370 
36500 
35560 
37930 
37330 
36300 
35840 
37430 
36070 
36550 
35750 
38480 
38260 
36650 
37760 
39200 
39100 
35570 
36450 
36590 
36150 
37200 
36490 
36320 
35570 
34150 
36350 
34450 
36010 
34680 
36280 
36400 
38360 
36500 
36420 
35250 
36050 
36020 
35820 
37560 
38100 
35330 
37860 
35390 
37260 
35900 
36140 
36820 
36270 
36440 
35200 
36840 
36530 
36400 
37790 
36360 
37240 
35050 
37800 
36910 
35850 
37580 
36500 
37230 
37490 
34810 
38250 
36590 
36210 
35330 
36060 
38970 
35970 
37890 
36080 
37030 
36200 
36280 
36980 
35870 
37120 
36980 
36150 
36660 
38110 
36730 
36840 
36390 
35750 
37400 
36720 
37360 
35550 
35640 
37430 
37050 
37080 
35860 
35530 
36430 
35140 
36730 
36660 
36940 
36700 
37150 
36380 
36910 
36810 
35770 
36810 
36590 
36010 
34740 
36870 
36280 
36130 
34800 
34810 
36570 
36560 
36290 
35780 
36390 
37110 
37800 
36530 
37610 
37340 
35610 
36380 
36130 
35640 
36990 
35980 
34040 
37080 
36900 
35090 
35970 
38300 
37300 
41510 
36930 
36240 
35890 
37060 
38470 
36640 
35410 
34850 
36550 
35140 
38150 
37440 
35670 
37800 
35730 
39400 
37030 
36020 
35300 
37780 
38030 
38330 
37690 
39970 
40240 
38480 
39530 
36430 
36150 
40480 
38800 
37930 
37420 
36220 
37740 
38130 
38350 
37370 
36390 
36880 
35370 
41820 
36970 
35490 
35320 
37870 
39970 
37000 
37020 
36900 
37440 
37790 
38140 
37110 
36300 
35830 
36020 
38350 
36440 
36660 
35850 
36680 
36400 
35290 
35450 
36490 
36530 
35350 
36330 
35360 
36240 
38950 
36480 
36980 
36190 
36310 
37180 
37010 
35720 
35550 
35590 
38460 
36940 
36890 
36680 
35940 
35540 
38180 
36650 
35910 
35280 
37050 
36710 
36860 
35600 
36850 
36230 
50790 
41450 
36490 
36750 
36380 
36940 
36530 
36890 
36570 
37140 
38250 
37250 
36580 
36270 
35500 
36670 
36320 
36220 
35980 
35250 
36290 
38410 
37240 
37330 
36780 
34860 
37100 
37800 
35170 
35390 
34710 
36420 
38300 
38680 
36960 
36750 
36560 
35750 
36000 
36790 
36540 
37680 
36310 
36980 
35990 
34930 
38340 
36960 
35840 
35200 
36120 
35070 
38150 
35570 
35280 
34470 
35420 
36860 
36350 
37040 
36370 
35280 
36200 
35820 
36940 
35140 
36300 
38730 
36100 
36330 
35900 
36080 
38160 
36090 
38330 
35830 
36170 
37100 
38320 
37610 
36220 
35100 
37890 
36710 
36540 
35990 
34290 
35900 
38220 
36250 
36150 
36290 
37040 
36670 
37140 
36200 
35920 
35150 
36630 
36180 
38750 
36990 
36580 
37200 
37680 
36330 
34570 
37290 
36700 
37570 
37280 
35160 
35890 
35180 
37030 
36230 
35790 
40030 
37370 
36580 
36190 
35550 
36920 
35550 
37520 
35730 
37720 
36650 
36630 
36330 
37370 
36950 
37560 
36630 
39140 
37990 
36760 
35090 
35540 
37330 
36430 
35900 
36910 
35730 
36520 
37790 
35850 
37030 
35210 
35590 
37250 
36710 
36800 
36350 
35960 
35840 
36230 
36910 
37290 
35560 
36630 
37670 
38070 
36100 
35270 
36450 
37130 
35680 
36940 
34740 
37120 
35650 
36250 
35290 
37410 
36820 
36880 
36650 
37160 
36110 
36150 
35640 
38280 
37030 
35650 
35190 
35610 
36550 
36210 
35430 
36240 
35110 
38290 
35820 
35890 
36170 
36740 
36660 
34930 
35470 
38410 
36470 
38920 
36610 
36380 
35790 
35870 
34760 
35990 
37410 
38620 
35760 
36950 
37300 
37320 
36880 
36490 
35480 
36840 
36580 
37490 
35950 
35870 
36420 
35710 
36350 
35860 
35220 
38760 
35600 
35750 
35240 
35270 
36890 
38060 
39300 
35490 
37150 
36600 
37270 
37310 
35300 
35910 
35370 
36210 
35680 
36070 
36540 
35440 
37130 
36820 
36800 
35220 
34890 
37620 
36390 
36910 
36460 
36920 
35170 
38440 
36710 
36040 
35670 
35750 
35930 
35770 
39090 
36850 
36440 
37990 
35870 
36490 
36280 
36070 
37190 
35040 
36800 
35850 
35570 
37450 
37750 
36060 
35820 
36470 
35880 
36270 
37140 
36730 
35790 
36310 
36140 
38550 
35940 
36450 
36980 
37230 
36940 
36600 
35660 
37590 
37940 
37710 
37770 
37650 
38260 
36490 
36510 
36770 
36250 
35450 
35440 
38010 
36660 
35310 
36540 
36070 
35970 
38570 
37880 
36140 
36480 
37100 
36160 
35820 
37480 
35860 
36200 
36470 
36480 
38380 
35300 
39190 
37050 
36470 
37210 
38600 
36500 
38590 
36340 
36530 
34420 
35650 
36460 
35670 
35850 
35840 
37390 
35810 
36190 
36950 
36310 
36640 
38050 
38710 
36810 
35870 
36190 
38340 
35460 
37530 
35640 
36100 
36140 
37870 
37140 
35930 
35730 
38480 
37560 
36720 
36390 
36760 
48990 
43330 
38930 
36510 
36280 
35710 
36750 
36400 
38730 
36020 
36230 
39800 
37510 
36010 
35690 
36410 
35640 
66270 
41110 
37140 
36750 
36030 
35740 
36800 
37080 
35110 
35930 
38190 
39520 
38770 
37180 
34730 
38590 
36150 
36760 
34400 
35170 
37400 
37180 
36770 
35590 
35150 
35500 
38030 
36200 
36330 
38950 
36560 
36270 
36340 
35370 
34920 
36530 
35940 
37020 
35690 
35220 
36790 
36110 
35690 
35920 
34790 
36870 
37100 
38100 
37340 
35180 
35610 
34970 
36250 
36180 
34940 
35650 
33780 
35220 
37710 
35940 
36810 
34580 
37930 
35110 
36940 
37990 
37030 
38210 
37670 
35600 
36570 
35270 
36240 
35490 
35460 
35910 
33730 
35320 
35570 
36710 
36880 
35830 
34860 
37510 
35520 
35940 
36010 
35210 
37680 
34710 
36740 
37680 
36210 
36950 
34700 
36700 
35350 
35540 
36080 
36340 
35050 
35900 
36060 
35890 
38980 
36680 
35280 
34830 
37320 
38060 
37550 
38630 
35580 
36810 
37580 
36480 
35350 
35850 
34870 
36910 
36890 
37730 
36260 
35770 
37150 
36320 
34740 
34820 
35230 
35970 
36510 
36250 
35640 
37720 
38220 
37380 
35910 
35090 
35810 
35210 
37430 
35610 
35420 
35920 
36130 
37620 
36860 
36710 
39190 
37540 
36370 
37000 
35230 
35940 
35640 
36950 
38130 
35970 
35830 
36960 
36260 
38270 
37310 
36700 
36040 
36080 
38740 
35230 
38190 
35980 
36540 
37600 
36570 
35740 
36530 
36330 
37320 
35000 
36780 
36300 
36710 
37900 
38310 
36660 
36860 
35410 
36650 
36870 
35820 
34290 
35010 
36630 
37760 
35820 
36760 
35840 
35990 
36350 
36160 
36500 
35670 
38560 
35970 
36480 
35540 
37750 
34690 
35730 
37790 
38150 
37370 
38820 
37230 
40240 
38940 
36150 
36400 
34940 
37640 
35790 
36680 
36590 
35320 
36120 
34880 
37120 
38230 
35830 
37610 
35830 
36650 
36510 
36420 
34750 
38220 
36110 
35950 
35250 
37520 
47500 
41180 
36600 
36800 
37420 
37040 
36860 
37260 
35760 
37290 
40150 
37010 
35510 
35770 
36740 
38060 
36440 
36790 
36470 
36150 
35220 
36830 
36550 
35720 
35920 
35390 
37780 
35810 
35380 
36390 
36010 
37140 
35490 
37750 
35610 
34950 
37000 
35430 
36080 
35920 
35930 
37650 
35000 
35990 
35340 
36910 
36580 
36470 
36270 
35900 
37280 
36840 
36240 
36440 
35990 
36510 
35490 
37420 
37060 
36490 
35790 
35990 
35690 
36320 
36440 
36680 
35410 
36620 
34200 
35820 
35360 
36500 
37210 
37930 
37340 
36350 
34530 
35550 
37150 
36500 
35860 
36470 
34480 
38630 
35240 
36420 
36260 
35810 
36150 
35570 
36180 
36670 
35590 
37390 
36020 
36120 
36800 
35850 
34920 
36420 
36150 
35760 
36830 
36950 
38200 
36040 
35920 
35290 
36400 
37720 
35910 
38440 
36740 
36460 
37110 
35010 
35340 
35370 
35510 
37960 
36730 
48550 
41390 
36110 
36420 
36990 
36500 
36350 
34820 
36540 
36600 
36550 
35570 
35980 
36580 
36400 
36260 
37390 
34840 
36470 
37180 
35770 
36040 
36070 
35780 
36970 
35690 
37040 
35280 
36440 
38100 
38720 
36680 
35780 
35970 
38240 
37690 
37040 
35350 
37220 
36080 
36390 
35110 
36150 
34750 
35210 
36170 
35720 
35530 
35900 
37120 
37480 
37020 
38710 
36680 
36160 
36770 
37300 
36680 
39560 
36590 
35340 
36450 
38060 
36490 
36320 
36460 
36530 
35670 
37190 
36320 
35230 
35710 
35660 
36480 
36450 
35570 
36460 
35510 
36570 
36000 
35950 
35240 
37120 
37690 
38670 
37220 
36570 
37340 
39020 
37080 
36350 
38840 
36680 
36100 
35160 
36070 
35510 
37790 
36540 
36830 
35490 
36280 
36790 
36670 
36220 
35700 
35410 
35650 
36420 
37580 
37160 
36630 
35910 
36490 
36580 
35440 
35730 
35850 
35100 
36680 
36520 
37080 
37070 
37440 
36680 
36360 
37150 
36410 
36970 
36290 
36610 
36840 
35660 
36870 
39200 
37080 
35730 
36200 
38860 
38650 
36550 
37880 
36010 
35860 
36820 
35980 
36240 
35930 
35610 
36790 
37150 
40430 
38510 
38800 
36580 
35730 
36840 
37730 
35200 
35510 
36260 
36610 
35210 
37320 
38310 
37650 
37800 
37270 
39440 
37870 
37180 
36440 
38120 
38020 
36970 
36550 
38340 
38660 
36690 
36220 
37260 
35760 
35490 
38520 
37830 
37650 
46910 
40310 
38580 
35480 
37620 
38730 
39610 
35280 
37990 
35600 
35930 
35690 
36770 
37820 
36550 
37940 
36400 
36900 
35660 
36680 
37470 
35520 
37610 
35180 
36540 
36620 
36870 
37400 
37010 
35350 
36560 
36910 
38540 
36100 
34230 
35860 
36440 
36750 
36940 
36390 
35890 
39480 
35140 
36750 
35340 
37040 
37810 
36640 
36110 
36240 
35330 
37000 
38650 
37300 
36140 
35920 
34790 
37440 
36970 
36460 
35760 
36190 
