50080
24670
22450
23010
21850
22350
22550
22840
22140
23510
22950
22550
22220
22280
22220
21760
59480
58500
58220
59960
58630
59320
59730
59680
59810
57410
59900
58490
58970
58980
58010
59740
58030
58560
58420
59280
60180
58450
59660
59260
60010
60590
59070
59740
58000
60510
59410
58900
60440
58380
59850
59800
60240
59380
58490
59210
59030
58500
58910
58280
59220
60790
59220
59520
59420
57570
59290
59020
59100
59240
57580
61830
58830
60020
59250
58010
60830
59510
60140
59040
58380
58610
55200
58870
56990
57340
58260
58400
58620
58990
57880
57910
59600
58740
56540
57130
57710
60350
57570
57480
66930
60040
57500
58010
57030
57330
57930
57470
58350
57590
57060
59970
57000
58910
59110
56870
58110
57050
58960
58600
58110
57350
57310
59240
57170
57870
58110
57020
59780
57840
56320
58800
57470
58820
58360
57810
58700
57560
56920
58520
59440
57770
57350
56660
58430
58840
58430
59430
57790
59890
56770
59190
58500
57520
58660
57460
59100
56180
57990
58540
58200
60430
57920
57360
56900
58220
58290
56290
58420
55840
59180
58960
56790
58070
56380
57270
57700
58390
57070
57040
57470
58530
57780
57910
58150
58070
58030
58550
59090
57500
56150
59630
58420
57940
56530
55240
58830
57290
57930
55910
57170
58550
55410
58220
56930
56090
58460
65220
62500
58320
59040
59110
57740
58400
58910
56680
58490
58210
57740
58390
56570
57780
59220
59140
57540
56610
57960
56600
58640
58750
57180
58330
58320
60120
59600
57980
56570
58280
58290
60530
58700
59180
56790
58840
58770
56870
57530
57170
57630
58230
58920
57870
57860
58240
58000
56760
57490
58230
61420
58360
57420
57570
57360
57310
57890
59250
59000
58190
57920
59040
59000
57920
57070
57500
59150
57610
58330
56820
59470
58970
57990
56660
56290
56460
59290
57550
59300
59860
59310
58520
56530
59340
57340
56520
58190
58720
58220
57480
57620
56310
57440
58150
56750
56790
57620
57380
57550
57050
57510
57850
59110
58470
58000
57270
58670
58500
60080
57450
57040
58710
58260
58950
58420
57550
58490
56580
58290
56310
56320
58380
57300
58610
57970
57560
57720
56480
59490
55920
58140
58040
57010
58570
57050
57950
56240
56150
59190
58710
58420
62430
57550
57600
60070
55420
58410
54690
57060
58990
57350
56600
57930
72090
62280
57280
57670
58630
59870
60100
58340
58230
56130
58160
56770
58790
58490
55320
58520
57880
58330
58760
56690
56970
56960
58080
57300
57860
59130
57160
57920
58220
58240
58550
56990
57410
58290
58040
58740
57120
58160
56960
57580
57710
57330
56840
60590
58050
58000
56170
56030
59170
57470
58190
58270
56400
59490
61640
59780
60310
59510
63670
60210
58880
58760
56910
59330
59090
59050
58190
57770
58230
59300
59350
58320
57750
59170
60210
59930
58850
58160
57960
59620
58840
60140
56720
59330
57650
58110
58230
57090
57420
57700
59940
58190
57240
58260
58340
58630
59160
58090
58740
57230
59220
58400
58190
59410
57600
59140
50560
56630
59780
61320
60140
58310
58820
58770
57770
59390
59720
60580
59210
56920
59790
60090
59090
58730
58030
58030
61210
59200
61590
57940
58650
59940
57580
57980
57840
57870
59200
56080
61860
56830
58780
57520
58750
60130
58910
55150
56680
59610
59900
58730
59100
58560
59820
60520
59540
58160
61130
60710
58620
57910
59740
60020
58510
60520
59080
59910
58840
57580
59840
58850
57180
59050
57820
59090
60030
58340
58510
58290
60370
59060
57380
59550
58050
58710
58830
58630
59300
58540
59600
57950
57720
58970
58600
58990
59190
58910
58000
57640
58500
58660
57710
57980
58120
58260
59100
58010
59100
59650
57650
58840
57700
60630
58380
59210
58510
59140
58770
58580
57990
58450
59920
59710
58150
59290
57820
57780
59510
59210
59180
57740
58940
59330
58500
58600
58100
58140
57860
58230
62540
55550
58350
59160
57200
58500
56670
58190
59090
58760
59470
57020
57370
59480
59250
58320
57500
58480
61700
59170
60690
58720
57650
60800
58130
58940
57540
56910
59220
58140
59920
57310
58970
59270
59000
60540
57460
56750
58490
60010
59750
57680
56990
58180
59030
58520
59410
57100
58710
58420
58350
60370
58120
58850
57660
58740
58190
59530
59280
58330
60260
58220
57230
58310
57640
60580
58930
57710
59530
58130
56640
58030
57270
57890
59260
60850
58360
58380
59050
59890
58860
57920
57970
60030
57220
58120
59780
58830
59490
56920
59170
58740
58350
59620
57460
58610
58760
57780
58770
60250
59000
58520
57590
59080
57970
58190
60260
58050
59130
58400
57660
57130
58730
58620
57110
59740
58210
59960
59160
59720
60680
58360
59280
59380
57660
59290
56910
61000
58400
58170
59810
57710
58410
59150
57560
57850
58010
57470
61320
57420
58040
57690
57170
59580
58040
59780
58340
57730
59990
56420
60530
56690
58190
59440
57720
60320
58410
56980
60210
58120
58170
57820
58160
57260
58980
59590
58350
58320
58200
60020
60660
59680
57090
59320
58380
59010
59070
57260
59680
61220
58040
57570
57500
59140
58100
58180
57760
56650
56610
55980
59250
59350
57810
57650
58110
58080
59610
58510
59690
57580
71780
59280
57490
58430
56960
58480
58590
57420
58660
59090
57370
58990
58220
59020
57780
57700
61490
58950
61340
58700
59290
60310
59480
58660
57360
57400
60520
58060
58950
60820
57580
59270
58810
60920
59070
58230
58520
57820
59680
57190
56980
57520
59210
59360
57110
56720
58990
59470
60200
58610
58570
59280
58450
57480
58290
57170
58280
58810
58300
59480
57400
58290
57030
59400
58500
57500
59550
57690
60400
58220
57770
59670
58770
59110
60110
58010
58330
58310
58350
59460
59470
58900
57100
59000
58130
57300
58800
57250
59170
58040
60370
59390
58360
57960
59540
58320
59400
58190
57570
59770
60310
58370
55530
57410
59610
57120
58360
58210
58100
58750
56770
59760
58000
59650
59030
57640
58850
59540
58990
57440
60490
60750
59100
59720
58720
59530
59580
58250
58170
57850
59340
59300
58380
57870
57510
59970
57820
57790
58030
54980
58640
59640
58710
59630
58600
58670
60870
59920
60940
58020
56640
60460
59550
59550
58580
57480
60710
59440
60230
58890
59760
60780
58600
60090
58370
57620
60270
60390
60050
60110
58970
59950
61150
61000
60190
58030
59720
59880
60760
61870
60250
59660
59120
61810
59780
60970
59080
59570
60590
61930
59430
59440
61230
59840
59530
59260
58450
59140
60770
58990
58510
60350
56210
59400
56760
58710
59790
58570
60340
59030
59690
60340
59620
60790
59110
59210
60880
59250
61590
58880
60040
60040
59060
60050
58770
60440
59420
58380
59350
61390
59870
58890
59230
58790
61630
56120
58880
56860
57450
58800
58890
59780
58310
58910
58160
58780
59040
57380
60400
57470
59260
58080
57710
58550
57610
58910
59000
57720
58950
58180
59530
58410
57750
62050
57630
60140
59590
58260
59830
58270
57620
58930
57080
58980
58090
57400
56960
57570
57480
60050
57670
59380
58750
58640
57350
59480
60620
57130
68580
58490
57580
58400
57280
59220
60910
57170
59580
58340
59030
60600
57420
58610
59260
58200
58690
56820
58510
59750
58250
58810
57600
58990
59890
58840
59270
57850
59480
59170
59750
60970
58490
58470
57300
58650
59890
56950
58360
56600
59790
58920
58540
58560
57140
58660
58330
57740
59350
58410
58740
58110
57210
59080
57240
59420
60050
58470
59080
57760
58410
59580
58970
57990
57120
57050
59880
59400
59640
59730
57340
61090
59800
59830
58840
58170
61050
58980
66500
61490
59580
62700
112370
64510
58230
57100
60140
56550
57730
57370
57580
58670
60040
59850
58140
57070
57710
58250
58290
59660
56920
57410
57650
58820
56340
56390
58110
58970
58130
57560
58550
60000
58030
58670
56700
58350
57340
55770
56370
56460
57450
57710
57090
59400
57910
58020
58300
58230
59990
56890
58930
59070
60000
59610
57080
56980
58840
56800
59400
58070
57600
57550
57620
57510
59440
58110
58160
57160
58080
57820
57090
62470
56100
58890
59090
57600
58780
57040
58270
58700
57890
60510
57560
59110
57550
58090
59140
55820
56710
56900
59120
59780
57160
57170
57250
58430
58490
56870
58180
58560
59040
58510
59020
57890
56650
59480
59140
57900
57420
57350
58240
58060
59180
58660
57720
56060
57880
58370
57940
57850
57660
58030
59470
58220
56420
57610
59560
57880
59620
56640
57720
58770
58760
58420
58080
56630
58350
54760
58940
54820
55660
57310
58630
57800
57520
57110
58300
58080
59020
57250
56990
57950
108870
59000
58310
54840
58970
58930
56760
58650
56990
55760
57080
58360
57380
56490
55660
56630
59370
58160
56620
58120
54440
59610
59470
55150
57650
56370
60440
58780
60210
57480
58990
56260
57760
59080
55770
56190
54600
58490
57860
58220
56090
57480
58620
55970
57250
56100
57070
58100
58330
59280
57390
56250
60500
58530
58820
58290
56300
60310
57000
58990
58630
57810
58040
57980
58960
56350
63530
61420
60640
61110
57500
57320
58880
59090
58400
58400
57000
58540
58130
58050
58990
58500
57310
58360
58040
56770
58060
56940
56710
58300
57960
56960
58740
58580
58920
58510
57270
59070
57230
59870
58510
59540
59360
57150
58720
57620
51050
57810
57440
59460
56430
57260
58680
57330
56630
55920
57650
57940
57330
58110
58880
59150
58380
59590
59150
59290
58800
57740
57110
56970
59500
59640
60080
58340
57440
59130
58180
59160
57160
58130
58380
57360
58970
57110
58510
56900
58010
59020
57200
57980
56520
58600
58150
58820
57020
56580
60010
58120
57080
58640
57870
57930
58300
58350
57680
57150
57010
58450
61630
60910
57220
57050
58230
57960
59270
58540
56930
59110
56860
59340
58660
57850
60010
56170
58480
57370
56900
60370
57570
55410
56540
55800
58670
57500
62160
58090
57020
58220
57220
59360
58010
58840
58810
58880
58010
57940
57160
55240
58580
58000
57320
56270
57340
58060
59750
58250
57640
59140
59520
59040
57360
56320
58230
56940
59590
56970
59410
59110
58170
60690
59130
57140
58970
57250
58620
56850
57790
58250
57880
58270
57740
57020
57810
57260
58110
58630
57320
59090
57480
56880
58230
57860
59930
57800
56860
60100
57500
58830
58050
58380
60610
57810
58520
57950
57150
59190
57330
58590
57660
57700
59070
58080
58100
56400
57850
57340
57510
59070
59400
58420
57460
59320
59080
57500
58180
57040
58710
57930
54840
58380
56690
58310
59090
57570
58300
57440
57990
58250
58250
68570
59250
58670
60680
58970
57270
58000
56690
58140
57830
57760
56960
57230
58500
57560
59200
56870
57420
59600
56940
58630
57000
55210
70850
61870
58740
58490
58170
57030
61560
60260
57540
56680
60550
58240
58350
58970
57150
58520
58390
56800
58090
57490
57920
57200
57030
59700
50820
58020
57620
57360
58720
58360
56280
57310
58090
58890
57970
57070
58360
58590
60500
57200
58770
57180
58920
58380
58020
58450
56450
57630
59560
58140
57750
58740
57210
58610
57630
57540
56750
58850
60090
58580
57500
58480
55760
59720
59010
58390
56960
57640
59640
55710
59820
57210
56910
60560
58710
56860
58170
56770
58840
59480
58040
58610
57410
58400
59770
59060
58430
58110
57420
58530
59930
57700
57080
57990
59120
58180
57870
56830
56290
59250
58300
57370
58490
58360
58290
58260
59850
58200
57900
59620
58810
59790
58080
58520
57620
58770
58590
56370
57340
57150
59600
57930
58180
57990
56930
59640
57470
58160
57490
56530
58540
58130
57590
58840
57820
57680
59410
59930
59490
57170
57610
58560
58520
58810
57530
58240
58890
58120
58630
57950
57970
58540
57020
58360
57020
57880
58010
58850
61660
57800
58660
57600
57800
59020
57970
57600
56580
59220
58310
57100
56210
57080
59310
58720
58170
50490
71710
64170
59650
58690
58880
57580
58890
58520
58390
58070
57420
58780
59670
57940
58820
58290
57430
60270
57750
58630
56570
56560
59700
57600
58670
57720
57030
59140
57950
58660
58550
57100
59560
58150
58740
59150
57350
57190
58630
57720
57980
56770
58310
58850
59480
56750
56970
57600
58480
58920
58590
58320
57960
59480
58530
57820
57240
58470
57260
59990
57490
58410
60680
57760
58740
58310
57350
57640
57750
58250
59940
57460
57360
57130
60160
57330
56740
57910
57250
58390
59550
58980
59100
50600
59860
57920
60090
58870
57560
58250
59680
57930
58920
56680
57890
57840
56760
59440
60480
59530
58150
58800
59030
63250
61080
60060
58140
58840
52740
59140
58760
59050
59800
57950
58340
58430
59670
59570
57800
57240
56700
59310
60430
58880
57310
58860
59650
58010
57820
57710
58600
66750
64210
59370
57290
59910
58090
60540
59260
57920
58780
58890
59890
58610
57990
58470
57090
59480
57840
58100
59460
58170
59130
58460
58760
59530
58050
61080
59170
59230
58190
57210
60820
58740
58860
58540
58630
58960
59840
59790
58850
50140
59230
59960
58850
59680
58810
58100
58510
57430
61490
57580
61210
