128640 
60410 
61900 
58050 
59310 
55600 
56820 
57960 
54240 
60020 
84170 
74720 
79090 
75970 
74740 
75920 
72100 
77750 
73270 
68810 
70870 
69920 
67530 
72690 
76880 
72280 
67510 
67840 
73510 
69850 
69730 
69850 
73580 
78980 
72090 
67990 
71070 
52030 
53530 
52890 
56080 
54050 
51440 
57100 
56690 
53770 
55510 
93240 
80930 
70530 
69480 
54300 
54360 
51910 
55040 
51040 
54720 
52890 
51020 
56040 
50410 
50660 
56270 
50290 
53450 
49510 
51540 
52140 
52910 
51940 
53090 
56330 
52380 
55260 
53770 
55740 
59140 
55890 
94770 
69940 
72410 
67190 
69960 
87190 
79500 
72780 
69010 
66870 
69580 
70130 
72600 
68090 
68300 
71070 
67280 
73510 
69680 
67580 
76540 
65900 
68290 
73970 
79390 
71710 
75500 
54450 
53320 
50270 
56910 
53810 
52320 
52970 
60300 
53800 
51960 
110790 
101050 
73980 
65280 
55340 
52190 
52870 
55520 
50770 
53180 
51080 
53690 
52570 
58640 
56030 
50810 
53180 
52710 
53100 
56960 
53920 
52290 
54870 
51110 
53800 
54390 
55020 
56180 
52120 
56210 
52700 
77410 
75180 
72280 
67230 
68980 
70920 
72780 
73790 
79160 
68390 
69340 
67420 
70240 
66150 
70080 
67750 
71720 
72830 
69390 
68860 
70460 
66370 
71240 
73250 
67900 
70430 
72830 
58670 
54050 
50120 
56730 
52690 
53930 
51300 
59950 
57620 
53840 
108390 
110360 
82350 
72310 
54610 
53480 
53190 
50850 
51610 
52660 
52040 
51690 
52150 
51860 
51820 
50960 
50380 
53770 
50350 
53310 
51760 
52130 
52210 
57530 
55200 
67100 
54290 
67830 
55400 
58310 
53990 
52270 
92160 
70500 
64620 
72430 
74160 
73310 
73110 
72820 
68130 
68810 
68560 
70110 
69640 
71740 
68530 
67150 
72300 
76930 
77180 
70030 
71790 
78630 
69590 
73170 
68410 
68350 
79590 
54940 
52690 
54600 
53270 
55680 
52140 
51520 
58380 
53230 
53990 
112920 
93120 
73570 
59540 
51750 
53750 
58910 
53650 
52150 
52410 
53610 
55930 
52890 
51580 
52380 
52880 
52180 
52420 
54610 
52510 
55440 
52590 
52860 
52660 
56910 
57640 
56700 
54010 
53460 
54870 
55030 
91260 
85760 
72200 
70420 
67360 
75330 
68230 
71690 
69090 
68620 
72770 
68120 
69760 
69940 
68380 
71810 
69520 
68460 
73700 
68580 
76250 
72470 
69030 
73510 
68410 
72510 
84970 
67210 
54320 
51520 
55280 
55770 
53580 
54100 
57070 
55870 
55760 
115120 
100950 
81040 
72230 
55540 
53430 
51450 
53120 
53290 
53910 
50670 
51060 
52120 
56200 
51700 
53260 
67130 
52970 
51380 
52890 
54200 
51940 
52480 
50450 
53510 
55640 
56590 
54740 
55110 
53710 
54370 
55510 
88110 
73600 
70680 
70890 
69950 
69120 
76530 
69230 
70050 
70040 
75800 
77090 
68940 
70050 
76460 
72100 
70490 
69060 
68010 
75170 
67900 
70210 
73730 
70670 
73040 
67990 
73070 
54830 
50920 
56760 
54630 
52990 
57930 
53800 
58290 
73990 
57580 
110620 
93310 
70430 
59210 
53060 
53760 
51560 
54110 
54460 
51620 
52610 
52590 
52190 
55030 
54450 
52170 
53550 
51820 
53520 
52630 
53410 
52820 
52880 
51060 
55220 
60120 
58710 
56650 
54390 
55410 
52960 
93930 
77740 
65850 
71160 
69190 
72070 
69360 
70620 
73430 
69850 
67770 
69370 
76000 
70760 
72240 
67830 
68520 
70160 
71370 
70950 
79200 
70870 
67940 
70020 
75670 
66510 
80240 
53430 
51700 
52950 
56500 
59530 
54010 
53880 
62820 
54710 
56720 
112210 
99530 
78250 
65710 
52770 
65960 
55730 
54030 
53420 
60840 
57120 
52480 
52680 
52680 
52830 
54420 
55100 
51710 
65690 
54230 
51950 
56810 
54400 
52580 
54850 
52670 
55050 
57590 
55310 
54640 
52410 
52930 
90080 
71910 
75150 
77200 
73210 
68500 
74980 
71850 
70600 
69300 
71870 
72760 
73070 
70490 
68850 
71440 
67970 
77100 
68320 
67320 
75790 
67460 
74820 
70350 
69870 
70800 
76790 
54740 
56060 
64020 
56980 
55210 
53650 
60420 
57330 
56700 
53240 
114610 
87680 
70230 
53700 
53410 
52880 
53060 
52030 
53660 
52930 
52400 
55150 
52860 
52350 
66930 
60570 
55630 
55120 
78450 
53660 
52120 
52160 
54240 
52190 
56210 
53780 
57070 
55520 
54980 
53360 
54090 
94270 
75470 
71530 
70580 
73550 
69600 
73850 
72070 
67530 
73410 
67740 
69510 
72600 
80270 
72470 
69780 
67540 
73810 
68810 
73370 
69530 
79700 
77070 
68580 
69800 
70210 
78060 
58590 
53070 
51620 
54990 
60920 
55620 
53980 
60490 
60570 
53290 
109080 
101080 
78030 
70250 
51860 
55260 
56240 
52900 
54220 
52470 
53550 
55730 
53990 
54520 
54180 
53060 
54510 
53190 
53380 
53710 
53180 
53500 
52720 
53720 
55320 
55440 
57300 
61300 
60210 
59420 
55450 
59540 
83100 
71600 
68610 
69320 
73170 
75200 
70510 
72180 
73820 
68120 
70990 
69730 
68330 
73160 
70700 
70830 
73060 
73180 
76510 
67040 
74450 
71730 
79460 
71960 
69460 
69520 
74950 
54480 
53920 
55380 
55560 
57350 
53000 
59730 
58760 
54610 
56130 
110800 
82790 
71560 
55080 
56850 
54550 
51710 
51820 
52380 
52650 
54910 
58610 
52470 
52600 
51820 
55350 
52790 
52350 
54060 
53750 
54120 
54010 
50810 
53240 
55210 
55920 
56960 
55720 
63750 
54970 
56020 
99270 
68970 
72000 
70510 
73580 
74570 
80630 
69140 
68240 
75830 
72100 
69510 
73240 
71090 
67450 
71910 
67000 
66820 
71880 
67450 
80920 
66740 
69570 
72470 
68130 
72040 
76360 
52500 
54200 
54330 
60880 
58140 
57490 
53650 
59660 
56630 
54720 
107980 
105440 
72660 
61830 
55580 
52810 
52820 
53720 
53690 
54140 
52180 
56590 
52780 
54360 
54090 
55160 
52230 
53230 
53620 
53760 
55000 
59180 
55420 
54040 
55590 
55780 
54850 
56410 
52090 
54040 
54240 
75840 
71960 
76390 
69080 
79260 
72940 
69360 
73560 
68880 
72880 
71870 
68560 
75620 
69610 
70400 
72910 
80630 
71860 
67840 
71460 
78760 
69990 
73630 
69170 
68880 
74410 
73280 
60530 
53930 
51730 
58110 
55860 
53870 
53630 
53930 
61300 
53410 
113320 
108610 
86420 
73110 
58760 
59410 
54680 
51610 
53220 
53740 
52570 
52310 
53570 
53020 
54930 
53110 
52370 
52580 
52680 
56290 
51510 
51680 
52320 
54430 
53040 
57040 
57660 
57360 
53840 
53240 
55590 
59900 
94940 
77750 
70480 
73380 
72000 
73160 
68700 
71050 
72750 
78040 
68660 
72040 
71490 
88800 
73540 
70350 
69880 
73540 
74010 
73110 
68620 
72690 
70880 
68780 
73220 
78150 
81190 
53440 
53560 
53640 
56570 
54710 
54940 
56010 
63980 
55680 
53970 
120160 
101650 
74660 
58490 
52320 
53270 
52900 
54520 
52680 
53150 
51970 
52210 
51250 
53410 
60130 
53020 
52560 
53460 
54550 
51550 
53160 
55450 
52160 
53430 
54630 
55060 
58540 
53620 
57720 
53830 
57100 
85270 
74390 
71810 
70410 
67770 
70380 
70870 
69900 
76280 
80270 
70730 
75720 
71690 
73790 
70430 
70830 
72110 
67980 
75600 
72410 
67920 
70790 
68190 
71860 
73350 
68900 
81240 
58570 
55180 
53000 
54930 
55390 
53240 
53990 
56260 
66660 
57970 
115920 
109130 
81090 
68930 
55010 
53040 
50650 
53130 
52850 
52110 
53080 
53320 
54630 
50740 
54630 
52820 
53480 
53650 
52030 
52720 
51700 
51010 
52870 
53630 
58690 
55340 
53560 
56260 
58070 
55770 
57390 
53620 
95600 
74660 
71370 
67350 
72320 
69650 
71900 
74970 
70030 
70980 
69990 
73250 
72380 
68500 
72460 
70820 
69790 
75960 
82320 
74700 
73410 
69320 
74290 
68420 
74340 
70000 
76240 
56430 
50700 
54390 
84790 
55840 
56920 
62880 
59190 
55720 
53700 
111260 
93280 
75870 
60970 
50420 
52620 
55350 
57150 
52550 
51050 
52600 
53060 
51090 
53670 
52300 
53620 
54320 
52680 
52900 
51590 
51460 
53550 
59200 
53310 
55720 
56840 
55210 
53540 
53820 
53540 
53520 
89470 
77640 
79990 
74160 
72700 
70300 
75670 
69430 
74070 
71230 
67210 
72460 
71160 
74120 
74560 
73280 
74250 
74560 
70370 
71700 
69990 
72160 
75630 
70170 
73550 
71770 
79630 
57980 
59530 
55110 
56600 
56350 
54960 
51420 
59800 
54130 
53680 
110660 
102650 
77270 
72320 
52140 
56040 
51450 
53950 
54780 
54420 
52410 
53150 
53100 
53580 
52420 
53370 
53530 
59530 
54200 
58080 
72950 
54750 
51780 
53130 
55430 
53980 
58230 
56410 
59240 
54610 
62780 
55500 
93350 
72670 
72400 
70890 
73470 
74020 
69050 
72200 
68660 
69230 
74000 
78010 
76160 
71490 
70060 
74980 
69020 
73120 
71830 
70140 
75120 
69470 
71490 
75940 
73290 
76260 
76570 
54440 
53150 
54290 
56390 
53470 
53000 
55930 
58570 
55500 
55690 
120470 
90460 
73710 
55900 
55390 
52870 
59750 
50190 
52490 
53870 
60020 
52410 
52550 
52500 
53690 
51750 
52660 
54940 
53430 
52080 
52200 
52310 
51620 
52620 
60400 
58940 
62250 
55910 
54530 
55810 
54620 
96340 
73510 
72710 
72800 
74570 
72700 
105470 
105580 
104640 
104990 
78180 
72630 
74060 
69610 
73450 
71360 
70070 
74310 
70530 
69750 
72610 
79040 
72210 
71170 
68110 
74860 
75700 
59930 
52010 
52700 
57500 
57350 
53250 
55060 
61860 
59300 
52460 
115400 
101040 
81620 
72980 
54040 
53720 
52000 
51680 
55950 
58930 
57460 
57240 
51770 
51340 
53690 
52560 
50720 
52730 
50670 
54570 
51360 
53300 
53560 
51000 
53130 
56540 
52530 
55670 
55480 
54290 
52770 
51520 
96860 
74210 
73150 
73710 
80590 
73000 
71350 
71680 
73670 
73600 
72030 
77080 
70730 
72670 
71240 
68480 
73460 
69170 
77100 
72010 
69100 
72310 
68440 
77280 
70970 
71340 
77950 
53670 
50040 
56260 
58350 
56090 
52380 
55320 
59640 
53900 
56620 
111270 
97970 
78130 
60710 
51120 
53360 
54690 
54510 
51070 
53000 
53190 
52000 
52810 
54050 
52220 
69800 
53470 
52920 
53000 
59620 
52270 
52300 
53640 
83340 
58460 
55180 
55200 
53510 
55780 
52660 
51930 
93700 
74390 
74760 
72920 
70420 
73410 
69100 
73500 
71140 
67680 
72770 
70190 
71450 
79810 
80540 
73630 
68150 
69340 
75550 
71100 
79270 
69490 
71890 
74620 
80910 
79980 
80120 
56660 
54390 
50950 
56990 
55160 
58650 
53300 
71810 
55680 
66270 
121940 
103500 
78350 
79190 
54610 
59550 
57270 
53620 
53570 
53840 
51270 
52090 
51790 
51070 
53140 
53200 
52450 
52700 
54780 
51420 
52790 
52360 
51780 
52010 
53480 
57710 
56480 
53990 
56310 
59470 
55110 
53510 
96770 
75570 
69200 
74020 
76010 
70470 
75210 
72510 
69940 
75660 
68990 
75420 
71090 
70380 
71750 
71620 
73360 
73430 
70030 
74040 
70320 
72300 
71860 
79120 
74550 
78150 
81120 
57100 
52550 
56250 
54120 
54370 
55520 
53310 
59210 
55670 
52370 
107840 
89670 
71030 
54450 
51790 
52250 
52330 
51540 
54170 
51620 
50440 
54050 
59310 
55790 
51690 
54260 
53780 
53630 
54180 
52290 
54430 
53980 
51980 
52160 
55990 
53120 
57260 
54910 
55010 
53630 
54530 
94880 
74350 
72090 
71840 
77410 
71370 
76600 
80040 
74160 
90620 
71330 
76250 
71460 
73500 
72610 
77750 
75910 
71210 
76000 
74440 
76050 
75250 
70120 
75880 
73850 
71610 
87320 
55900 
52100 
53980 
54010 
61960 
57520 
57830 
64170 
57430 
54480 
116780 
99660 
71380 
69160 
55800 
58780 
52080 
53220 
52310 
51690 
54000 
56050 
52940 
53830 
51920 
52320 
56560 
53700 
53620 
56800 
51360 
53660 
64610 
56240 
54480 
53300 
58070 
54820 
56370 
54520 
53560 
55270 
94270 
75800 
74440 
70300 
73840 
73310 
69790 
73370 
69810 
71930 
71900 
70580 
74410 
70580 
72690 
73000 
81600 
73670 
69170 
70910 
74600 
70860 
72230 
70940 
72050 
74600 
75230 
55980 
53560 
55780 
57870 
54770 
51930 
54410 
75810 
60440 
55960 
109010 
88360 
72970 
53930 
54200 
67750 
53050 
52380 
52620 
53810 
53370 
53010 
51930 
58800 
55460 
52260 
52090 
53880 
64000 
62670 
53190 
52610 
54240 
52640 
57240 
56190 
55540 
55860 
54880 
53270 
58860 
106000 
74050 
73190 
72250 
77030 
71490 
94610 
87590 
71390 
73350 
69100 
73060 
78200 
72350 
72740 
72460 
69430 
75220 
73160 
77140 
73520 
73400 
79550 
69920 
70950 
80920 
85990 
57540 
50920 
53710 
57940 
54450 
55160 
51480 
62040 
59880 
54290 
115550 
105680 
73370 
66190 
51720 
53070 
52220 
51940 
53090 
52630 
54550 
55030 
56010 
52190 
53270 
56860 
54460 
55790 
51890 
52260 
52210 
52340 
51440 
51690 
56310 
54100 
55450 
55230 
54460 
57090 
52520 
64620 
80700 
71380 
73860 
73910 
70610 
74210 
69510 
68660 
73220 
80890 
73200 
71250 
68520 
79340 
67680 
72670 
69940 
69550 
74010 
70950 
70270 
72470 
71750 
74290 
70940 
68500 
69560 
53880 
54990 
56190 
55210 
55150 
51800 
53780 
60590 
67430 
73170 
111180 
80370 
71790 
54290 
53650 
51510 
52230 
52620 
52190 
52760 
52580 
53500 
54190 
50960 
53220 
53880 
53500 
52760 
58830 
54080 
53230 
53020 
51590 
52470 
66370 
54760 
55830 
54160 
54720 
53400 
54080 
96950 
84470 
75120 
71020 
72300 
75360 
71910 
75180 
69170 
70240 
75300 
70140 
73790 
76570 
69920 
72760 
70740 
68510 
76570 
81340 
73330 
69120 
68070 
77910 
71220 
72420 
78100 
53340 
53440 
50480 
55930 
61170 
52090 
53810 
58040 
57170 
57120 
115750 
102520 
87900 
62440 
52940 
51820 
53200 
55290 
64620 
54480 
51900 
51270 
53560 
52620 
54210 
52370 
52350 
54660 
51690 
51510 
54190 
55240 
54510 
52820 
55760 
55440 
57780 
55530 
53640 
54410 
56130 
85670 
74580 
77570 
81230 
71060 
70300 
70680 
74090 
69190 
70870 
73240 
73730 
76390 
71820 
71610 
79190 
70380 
73980 
72220 
71340 
74830 
71090 
74990 
70200 
70080 
74420 
79400 
55720 
52980 
56560 
57500 
54320 
54120 
54370 
53260 
60670 
55550 
112580 
106750 
77170 
70800 
54520 
51410 
53140 
51120 
53670 
56590 
51210 
52410 
52930 
51820 
54830 
52520 
51910 
53150 
59630 
53130 
63520 
53870 
58820 
53020 
53510 
56940 
53190 
55520 
56630 
63360 
56820 
53770 
91780 
75020 
77720 
72140 
75820 
72860 
72130 
71260 
76950 
69410 
68840 
77050 
78030 
73930 
70700 
72250 
76870 
71230 
79110 
71550 
69330 
74200 
69540 
70540 
72640 
73610 
79920 
59650 
53840 
54070 
53590 
55510 
54850 
55740 
58750 
55160 
52900 
111540 
106530 
89900 
72590 
52460 
54570 
53420 
52330 
54480 
52100 
61320 
54180 
57430 
55600 
54180 
54830 
55080 
55230 
73310 
54990 
55100 
53770 
52090 
53530 
55490 
58300 
58210 
61830 
57690 
55460 
53000 
94250 
73880 
73210 
70430 
71160 
80760 
71940 
76470 
72710 
71020 
76760 
72950 
69380 
75180 
72680 
72110 
71260 
77960 
77940 
69230 
70660 
75520 
81640 
75900 
69890 
74070 
83460 
56420 
53330 
53930 
60470 
58690 
53850 
52450 
63060 
57680 
56550 
113150 
107660 
81760 
87760 
62170 
52390 
56750 
53480 
50540 
52170 
53910 
58770 
55950 
52010 
52720 
55080 
52560 
53160 
51690 
52140 
55190 
54030 
51320 
56200 
55640 
56430 
56430 
55890 
55450 
54150 
55720 
54710 
87550 
72480 
71370 
70690 
74640 
