76920 
50430 
43830 
44900 
44790 
47190 
44590 
43280 
43720 
44730 
54730 
69300 
62150 
57210 
61920 
58160 
58570 
57770 
58530 
57630 
53200 
55190 
56700 
54680 
57570 
53950 
55220 
57060 
55850 
55530 
72670 
56170 
54190 
53550 
55740 
56000 
53790 
53610 
39440 
38590 
43050 
40830 
42930 
43110 
42120 
49180 
42620 
50340 
92300 
65210 
55390 
43650 
40070 
41800 
40330 
41570 
39850 
38650 
39600 
39360 
38540 
39510 
38310 
40350 
40290 
38130 
38990 
39180 
40500 
38600 
37600 
39220 
39790 
41380 
43820 
41200 
39580 
40430 
40150 
76520 
54920 
55600 
58680 
55030 
55420 
52920 
53870 
56710 
52330 
56970 
53340 
58930 
59260 
69500 
56520 
55520 
53780 
59220 
52100 
57210 
54130 
52310 
55430 
53340 
54940 
62870 
39800 
41470 
38760 
43720 
43110 
40160 
37460 
45800 
41390 
43230 
92100 
81500 
56670 
47470 
39090 
39820 
39100 
40620 
37960 
38870 
38320 
36820 
38670 
37900 
39250 
41340 
38820 
40710 
39900 
39810 
38760 
39150 
36870 
40460 
40520 
40490 
42360 
41920 
43060 
39390 
42410 
68130 
57280 
58190 
58030 
54050 
54680 
52500 
58930 
57450 
54190 
56070 
53740 
57660 
53710 
54910 
54610 
53170 
52230 
58030 
52560 
55720 
55470 
51690 
55090 
55250 
55170 
60690 
40380 
40970 
37570 
42130 
40900 
39900 
40930 
42180 
43340 
40490 
89970 
84940 
61720 
56590 
39800 
38180 
37770 
40920 
39500 
41870 
41030 
39400 
41060 
37390 
40120 
39030 
36210 
41540 
38080 
40600 
39540 
39140 
39450 
38930 
40060 
54470 
41260 
43630 
41590 
40410 
42150 
41430 
72430 
58780 
55620 
54980 
53820 
53760 
59100 
55860 
54030 
53750 
54950 
59120 
52590 
54520 
56330 
51890 
58710 
53700 
55620 
57950 
52570 
54090 
54900 
51920 
55990 
52300 
60750 
44260 
37950 
45700 
42280 
40490 
42050 
43300 
45490 
42570 
40260 
92740 
79060 
63830 
45040 
40280 
39580 
39230 
40040 
38760 
39090 
39740 
37570 
41700 
39960 
40050 
39010 
40070 
40400 
40060 
38860 
38810 
39630 
38190 
39750 
42570 
40660 
43650 
41250 
44250 
42870 
42060 
72540 
58430 
52650 
60150 
53480 
56450 
55860 
54600 
54200 
52950 
58520 
55800 
53310 
59590 
54130 
52710 
54830 
56860 
55290 
54270 
52730 
55860 
53910 
61270 
54760 
53070 
62210 
41280 
40490 
38980 
41340 
42430 
38530 
40430 
46960 
43290 
43450 
93530 
84800 
61660 
51700 
39440 
41260 
40720 
38420 
38890 
39710 
41910 
40420 
40300 
39100 
39300 
38880 
39580 
39290 
39790 
39400 
39310 
38060 
40910 
41830 
39210 
43710 
46200 
40940 
42890 
40980 
38550 
42650 
76070 
54660 
54240 
57220 
54740 
53860 
54020 
57510 
53780 
55500 
54240 
54580 
56570 
53040 
54740 
52510 
57580 
54550 
54460 
55340 
57320 
52430 
58410 
53030 
56450 
56630 
59300 
40640 
38530 
40100 
47250 
40100 
40370 
43340 
45430 
44560 
40250 
93900 
73720 
53640 
41290 
38850 
42110 
36950 
41630 
38150 
40150 
39880 
40580 
38530 
38530 
40140 
38680 
40090 
39440 
37330 
39260 
37100 
39000 
41260 
37860 
41110 
38920 
43070 
43320 
40100 
39380 
41170 
76500 
56300 
52310 
53080 
57370 
51990 
59630 
54120 
54870 
55770 
53560 
54640 
56850 
53680 
56370 
54460 
55380 
58000 
53150 
56100 
54410 
52210 
54400 
53340 
57380 
58130 
63520 
42030 
38800 
38310 
44680 
39770 
43470 
40160 
45180 
43110 
42580 
95110 
82860 
56640 
53360 
37980 
40140 
39020 
38180 
39930 
38810 
39590 
38110 
40760 
37700 
37990 
40300 
40770 
38480 
38010 
41660 
41490 
40870 
39660 
39240 
42180 
44060 
41290 
41770 
40270 
42390 
39630 
41090 
76730 
52590 
55210 
54800 
54030 
58860 
53530 
54360 
54760 
55330 
55230 
53000 
52860 
59650 
52500 
56490 
53410 
52860 
57590 
51320 
56050 
53750 
55540 
56020 
55620 
55450 
59350 
39040 
39790 
41600 
42520 
43490 
39630 
41360 
43190 
42480 
41390 
94260 
69520 
56930 
39390 
41760 
38120 
39930 
40030 
37940 
40430 
40880 
40080 
41220 
38850 
38710 
38010 
38510 
39180 
41590 
42310 
38960 
38570 
38760 
40780 
42000 
39190 
42760 
41040 
40540 
39710 
40480 
77320 
54770 
55350 
51880 
55260 
56010 
52950 
57570 
54350 
54170 
55570 
56050 
55440 
58350 
53000 
54380 
53230 
56390 
53740 
58570 
58280 
51860 
56320 
58410 
54180 
56790 
61530 
42100 
40580 
39420 
40970 
43290 
40430 
39150 
46070 
43640 
42100 
95230 
82240 
60260 
47880 
38480 
39090 
39530 
40240 
39180 
39260 
38120 
39090 
40900 
39880 
39220 
37690 
36780 
39520 
38480 
40880 
42710 
38640 
39760 
39560 
42710 
41510 
44060 
41260 
39460 
41560 
41460 
54730 
61780 
54910 
56250 
53330 
56850 
54700 
57520 
54680 
55850 
53410 
53440 
58300 
55060 
56150 
52520 
51870 
55880 
53960 
55830 
57990 
55600 
52920 
56540 
54330 
55820 
50960 
52370 
41910 
38910 
40940 
39490 
38470 
40210 
40920 
44830 
40040 
87580 
88210 
67220 
55340 
41530 
39400 
39780 
38810 
39680 
40770 
38210 
39650 
38270 
40130 
39710 
41850 
41390 
41150 
37670 
38050 
40140 
37080 
38920 
38520 
41540 
43660 
41070 
44160 
42100 
41010 
40700 
39140 
75650 
54510 
57160 
56350 
54480 
54590 
57350 
54860 
55170 
52480 
56330 
55680 
54520 
56040 
51890 
52080 
57520 
53010 
58940 
51170 
52540 
57610 
53540 
56430 
52710 
51830 
62500 
40140 
38830 
38030 
40540 
40930 
39730 
39110 
46600 
42320 
43120 
96370 
79520 
57380 
44320 
38160 
40730 
38250 
40220 
37000 
37870 
38580 
38530 
38010 
40660 
38650 
41700 
39150 
41690 
41370 
38130 
39940 
37770 
39780 
41510 
41780 
40620 
43150 
39650 
44360 
42090 
39890 
72140 
56230 
57620 
58450 
53320 
57070 
51780 
53700 
58050 
52960 
57190 
57720 
57430 
57660 
59940 
58420 
54220 
56450 
55420 
58250 
60830 
55880 
55100 
57260 
53810 
60830 
63490 
41070 
42300 
38100 
43530 
42800 
37820 
39660 
40450 
46270 
44720 
88920 
86690 
63060 
53830 
45060 
39180 
40780 
39350 
38150 
39630 
40830 
40440 
38310 
40640 
40330 
41230 
40010 
41060 
38840 
38790 
40970 
39630 
39690 
42570 
39500 
42650 
39740 
43800 
41560 
39750 
41140 
41320 
74780 
56140 
58930 
57220 
58570 
56330 
56100 
55530 
52750 
57340 
53720 
70540 
54290 
55170 
56310 
57040 
58670 
55370 
53150 
56270 
54420 
55810 
56340 
50920 
56890 
54740 
60640 
39930 
40700 
44160 
39740 
41530 
41080 
41510 
41630 
42900 
40170 
89550 
78380 
56800 
45890 
40480 
40530 
39810 
37740 
39570 
38630 
42060 
39010 
41050 
40150 
38230 
38620 
39740 
39790 
41210 
37270 
39930 
39780 
38390 
41000 
42100 
39610 
45300 
41150 
38370 
40240 
40000 
72270 
56870 
52600 
55470 
57770 
54410 
56610 
53560 
55450 
53320 
53420 
54870 
54090 
56530 
53120 
53340 
56200 
58670 
55130 
56660 
53020 
56860 
53550 
54160 
57160 
51780 
66560 
42210 
41390 
41040 
40450 
44270 
40420 
39620 
47260 
40610 
39320 
90730 
83070 
60910 
52820 
41000 
40220 
41000 
39410 
42150 
38590 
43840 
37050 
40750 
39510 
38540 
38290 
38970 
37920 
38300 
38110 
40700 
38530 
38670 
39470 
39670 
42390 
40610 
41130 
43010 
40940 
42400 
41100 
76410 
52910 
55990 
50930 
52750 
56380 
52250 
57230 
52730 
65270 
56050 
53690 
58880 
54790 
54850 
54060 
52130 
55760 
55330 
51740 
55770 
53320 
59840 
55690 
56680 
55090 
58310 
38700 
39580 
41270 
45580 
38370 
39450 
42690 
44050 
42800 
39970 
90270 
71650 
54060 
39720 
40270 
37290 
39680 
38330 
40960 
40100 
39330 
40990 
40740 
41650 
39310 
39980 
39610 
40720 
38690 
41650 
37610 
38430 
44100 
39460 
40610 
41770 
42770 
41600 
38820 
39470 
40360 
73980 
55960 
52560 
53930 
56120 
54300 
58160 
53960 
55110 
54430 
54980 
53320 
57710 
55290 
55060 
52760 
52510 
60860 
54300 
54700 
55580 
51740 
57090 
52680 
55790 
54780 
64230 
44400 
38990 
40740 
42450 
43620 
42620 
40320 
47660 
42220 
40310 
86870 
78970 
57820 
52510 
39330 
39810 
40750 
39880 
39490 
40980 
38640 
39470 
39300 
39070 
39310 
38480 
39850 
40440 
38770 
39440 
39150 
38880 
39930 
38810 
41810 
38880 
44060 
43340 
40480 
41760 
38420 
46280 
65870 
52690 
55070 
56080 
51350 
56840 
52870 
52490 
55560 
53430 
54700 
57590 
52270 
55390 
51960 
56590 
52730 
53920 
56270 
54610 
53370 
56050 
53070 
60630 
54350 
53690 
55770 
39510 
40590 
40700 
40830 
41780 
38680 
41230 
43170 
44790 
43890 
91900 
60920 
54480 
41090 
38660 
41420 
40730 
41540 
40660 
36380 
38970 
37770 
39440 
38460 
36500 
40600 
37710 
40140 
40500 
37030 
40150 
41630 
39720 
41230 
40480 
42150 
43410 
40710 
45060 
39020 
41870 
76900 
53860 
56750 
53080 
53990 
57550 
50750 
56560 
52460 
59550 
59140 
52910 
54390 
53520 
54800 
57190 
54600 
56420 
55740 
53500 
57600 
56170 
59450 
53970 
53110 
56640 
65290 
43650 
39700 
37200 
42190 
43260 
38180 
39450 
45890 
42920 
44030 
86430 
81070 
57430 
43720 
38700 
40690 
38730 
38350 
39350 
39500 
37140 
39480 
38420 
38620 
38290 
39760 
39420 
39490 
37170 
37660 
38820 
38410 
42250 
39140 
39070 
42530 
42170 
42700 
40310 
39250 
41760 
64300 
58620 
56670 
52470 
57650 
55450 
57650 
56070 
53480 
54870 
58360 
53450 
56980 
54700 
51210 
54470 
51220 
58760 
52590 
52170 
56390 
51550 
55060 
60170 
52790 
55660 
59730 
44010 
40470 
38150 
42150 
40210 
39650 
37940 
39100 
45410 
40070 
88030 
86390 
58500 
55810 
41290 
40480 
40290 
38820 
39920 
40290 
38810 
39730 
37500 
37950 
40220 
38920 
39370 
38410 
37930 
38560 
40200 
40040 
38680 
41560 
39730 
40400 
40040 
42520 
40130 
39430 
41780 
38790 
75320 
56230 
52240 
57800 
56740 
54910 
56270 
54870 
56180 
51870 
54570 
55710 
54150 
57020 
53750 
53230 
59950 
54620 
55630 
53720 
67860 
59130 
57100 
54230 
62700 
63680 
63510 
39630 
38770 
39800 
40640 
41420 
40590 
40690 
44980 
41290 
42140 
88550 
75660 
58670 
44600 
40460 
40900 
38250 
42220 
38010 
40160 
39010 
39480 
38580 
41270 
36540 
40700 
38260 
37440 
44520 
37630 
38610 
40400 
38550 
40810 
40710 
40510 
42410 
40270 
42120 
43480 
39910 
75060 
54030 
56910 
54850 
54730 
56210 
55800 
55860 
56690 
53720 
58500 
55020 
52810 
58020 
53460 
66750 
56720 
54940 
57580 
53510 
56180 
54800 
54130 
58650 
57090 
57400 
60870 
43820 
41180 
38460 
42250 
39630 
38730 
37330 
48830 
42520 
41910 
90800 
84210 
62200 
52750 
44110 
39800 
38880 
39820 
37390 
37900 
39200 
37850 
39510 
38620 
38750 
38740 
42810 
38900 
38990 
39640 
38280 
37480 
38850 
38970 
40800 
41710 
40620 
40870 
42250 
40820 
41250 
41660 
73870 
59050 
52080 
55700 
56160 
56970 
56720 
56170 
54560 
60910 
52930 
58140 
55770 
53910 
56050 
53320 
55120 
57870 
55070 
63260 
54950 
53120 
60450 
53800 
56270 
54190 
60200 
42230 
38360 
42640 
56510 
41580 
39520 
40970 
47440 
43170 
41010 
88070 
73980 
60270 
40310 
38990 
38380 
40550 
39190 
39240 
38390 
39550 
40970 
38730 
38710 
37440 
39140 
40070 
39850 
41500 
39350 
37810 
40790 
40540 
38710 
41190 
40160 
43940 
42260 
41470 
39850 
41020 
75240 
61680 
53450 
55910 
56110 
55960 
57950 
54690 
56220 
55130 
54340 
58120 
54380 
56450 
56250 
54440 
55140 
59390 
55600 
57020 
54500 
56220 
53540 
56250 
56480 
53620 
62890 
44680 
37680 
42080 
42030 
40730 
41290 
41860 
48150 
41360 
39610 
89690 
80470 
56640 
49550 
38570 
40230 
37630 
39100 
38680 
37750 
39650 
37690 
41630 
40020 
37540 
39560 
38880 
38300 
39420 
39050 
36980 
40730 
37910 
38800 
41180 
39210 
44110 
38800 
38910 
41290 
39420 
44920 
72280 
54630 
55860 
54910 
56680 
56960 
69480 
64020 
70090 
55620 
57780 
54130 
56890 
54400 
52720 
58410 
53720 
56450 
56350 
57840 
56340 
52820 
55080 
54160 
54260 
55320 
57430 
43310 
39570 
40700 
41720 
42520 
38850 
44080 
43370 
41050 
42510 
92640 
69410 
54030 
40610 
42220 
39200 
39790 
41280 
39910 
39970 
37690 
41410 
39400 
38220 
39470 
39820 
39060 
39850 
37680 
37860 
39580 
40500 
39260 
38990 
41970 
42940 
44090 
46220 
43000 
42730 
43090 
75910 
55270 
59400 
56090 
56990 
52340 
53240 
56480 
53110 
58490 
55460 
55450 
59260 
53950 
57920 
55470 
58760 
57210 
55280 
55450 
57140 
52950 
57770 
55460 
55570 
56660 
59800 
44420 
39330 
39820 
42700 
39430 
39580 
38260 
48250 
44690 
39220 
89760 
77640 
56760 
47590 
38670 
39650 
41300 
39770 
38690 
40410 
40120 
40830 
37760 
37850 
38380 
40120 
40460 
41470 
36630 
39160 
38220 
41650 
40960 
37050 
41590 
42960 
44510 
42640 
40550 
42160 
42060 
59350 
60650 
57860 
55520 
58860 
53670 
57920 
56380 
54770 
58270 
53790 
54950 
58450 
54110 
60830 
52890 
56560 
57910 
56310 
56260 
55570 
55430 
57390 
53470 
56290 
57610 
60930 
50830 
43490 
43430 
41790 
40180 
43360 
38340 
46180 
45770 
40060 
92290 
87940 
68530 
62120 
39110 
42040 
40620 
38220 
44810 
38320 
41050 
37390 
40740 
53240 
41120 
40260 
38250 
39370 
37760 
42640 
39110 
40890 
39830 
40900 
41430 
45580 
40110 
44790 
40120 
42620 
45330 
40260 
77000 
54520 
54690 
59100 
55620 
55850 
54160 
56280 
55120 
60000 
55940 
57710 
53840 
56980 
56370 
58090 
54770 
54830 
57370 
55160 
59610 
54290 
59030 
58640 
57090 
58410 
62660 
41030 
38780 
39170 
43110 
41910 
45680 
42730 
45170 
42270 
38990 
90840 
78710 
57340 
44390 
42220 
40140 
39400 
40160 
38220 
39380 
38540 
40660 
40720 
39220 
39600 
40660 
40640 
40140 
38690 
40240 
40430 
39040 
39610 
41750 
42460 
39990 
42380 
40440 
42990 
42460 
42140 
70160 
55340 
58920 
53430 
55030 
56680 
55940 
58940 
53250 
52740 
56860 
55430 
59090 
58400 
55970 
58730 
54580 
58010 
56490 
56320 
56190 
53260 
54530 
57140 
53730 
57950 
61620 
41940 
41870 
38210 
43680 
43640 
40590 
39590 
45210 
42850 
41060 
91310 
80210 
63210 
55170 
51510 
41150 
42620 
38440 
39650 
40510 
39140 
38520 
39670 
37780 
40770 
37870 
39910 
42340 
38980 
39510 
39490 
38320 
41830 
39210 
41640 
42470 
38920 
41170 
41570 
40180 
41840 
39310 
78640 
56900 
53880 
55770 
54810 
56710 
56190 
54130 
56840 
53910 
56250 
58210 
54960 
56390 
56530 
54660 
58580 
53680 
55570 
55120 
52770 
58530 
56910 
58440 
56850 
52450 
59130 
40610 
40830 
41860 
43610 
39620 
42010 
41990 
46290 
40550 
41790 
90510 
75970 
56530 
41740 
39480 
41660 
39170 
38860 
41830 
39190 
39030 
39940 
40490 
39240 
39420 
41090 
39020 
41960 
42210 
40010 
38080 
40450 
39630 
40190 
41810 
39650 
45840 
40030 
41710 
40510 
39800 
74780 
56870 
53750 
54070 
54730 
