63770 
62140 
49410 
61100 
52260 
49730 
44950 
42840 
47250 
46220 
50850 
48450 
46490 
48000 
47550 
48610 
47430 
42350 
44270 
43070 
47780 
45930 
43730 
47200 
43690 
46940 
47460 
50360 
46200 
46160 
46510 
45330 
45010 
45300 
43540 
46740 
49340 
45060 
44960 
45110 
45220 
48200 
46080 
44700 
45500 
41310 
48960 
46150 
44510 
44310 
48400 
47500 
47260 
44730 
44970 
43620 
47410 
47150 
44180 
43490 
45360 
48340 
50520 
44970 
46630 
44950 
46770 
49340 
46500 
44820 
45510 
43170 
48930 
46590 
45030 
45540 
44870 
45770 
46120 
44770 
84480 
72990 
57270 
53930 
47370 
50970 
48160 
48400 
50780 
48950 
44730 
46340 
45600 
48150 
46290 
43920 
45890 
42490 
49580 
47330 
44830 
45080 
44820 
46070 
48160 
44260 
45390 
44460 
47300 
47280 
44910 
46010 
47290 
46410 
50650 
45620 
46700 
44950 
47990 
48390 
48450 
43730 
44830 
43620 
49790 
46190 
46690 
50310 
47140 
47450 
46530 
46030 
46640 
43010 
46650 
47590 
45200 
45830 
44370 
47380 
48640 
45830 
45460 
45070 
46930 
50220 
46630 
45300 
45780 
44500 
53500 
46520 
45810 
45490 
43650 
47200 
47070 
44280 
45400 
44140 
47580 
47110 
46860 
46490 
45260 
49290 
50270 
44560 
46340 
44860 
46120 
48460 
46180 
44490 
45050 
43240 
50100 
46460 
44910 
47260 
44750 
46580 
49420 
44000 
46670 
44390 
51450 
51930 
46540 
45680 
45630 
45550 
54620 
46880 
45720 
44260 
45130 
47420 
46640 
44330 
45650 
42650 
49850 
47030 
46040 
45350 
44360 
48130 
46520 
43780 
45030 
44050 
48230 
46670 
46430 
51110 
45760 
44770 
49370 
44340 
44660 
45690 
45950 
47410 
49380 
45870 
45500 
50030 
55540 
48280 
45400 
45860 
44690 
47590 
48000 
44310 
49580 
47020 
51430 
48040 
46870 
45810 
45340 
47050 
48630 
45580 
45390 
45760 
46140 
48920 
47290 
45090 
46350 
43950 
49530 
46030 
45240 
44190 
43320 
46390 
53250 
46530 
48200 
45510 
48440 
48230 
47850 
48290 
46440 
45680 
51690 
45390 
50110 
49370 
47020 
48830 
48340 
43570 
47860 
44150 
51460 
46550 
46550 
46000 
44060 
53720 
49620 
50090 
48880 
44190 
50200 
53170 
45050 
44780 
45460 
47760 
49820 
45130 
50160 
45410 
45720 
49160 
46510 
45360 
48510 
45680 
48240 
47570 
45360 
44660 
45000 
46430 
48280 
46660 
46080 
44240 
49940 
49400 
46150 
44890 
46370 
45550 
48410 
47750 
45510 
45990 
45870 
50430 
47310 
43680 
48920 
44370 
49530 
46520 
45050 
46130 
69270 
57640 
51470 
46680 
47070 
51540 
47360 
47010 
45540 
44670 
57610 
56840 
53850 
45390 
45920 
43290 
45560 
47410 
46300 
44390 
45320 
43460 
48880 
47170 
46310 
44250 
44210 
48330 
48940 
45550 
46440 
43870 
50710 
48730 
46620 
45960 
44260 
46280 
50080 
44780 
45440 
44070 
47660 
48840 
46780 
44330 
45420 
43460 
50650 
45810 
45880 
54530 
56180 
54280 
48800 
45430 
47080 
45170 
52560 
48530 
46020 
43490 
45300 
46500 
50260 
45240 
45650 
44690 
47670 
49200 
48150 
44340 
46160 
43810 
49700 
46840 
45400 
90900 
92620 
91150 
80830 
57220 
48050 
45970 
49560 
47880 
44430 
45810 
44080 
45880 
51730 
44620 
50820 
47440 
47380 
48100 
48000 
45190 
45800 
42950 
51130 
45890 
45800 
46890 
45200 
47940 
52300 
48620 
46990 
47740 
48430 
47070 
46240 
43770 
43920 
47150 
49400 
44790 
45230 
44370 
46350 
46180 
46440 
46100 
46600 
43750 
49750 
45560 
48600 
48150 
63610 
55240 
48210 
44340 
47350 
46620 
47110 
46680 
45170 
44710 
45800 
47270 
49350 
47340 
46510 
44240 
45050 
49040 
46620 
45590 
45000 
42620 
49940 
52040 
45750 
45140 
43920 
46090 
46280 
44980 
46670 
43920 
48830 
47880 
43050 
45790 
44020 
46110 
50450 
50440 
47230 
44660 
44970 
47640 
46620 
43450 
44940 
43980 
50780 
48730 
44750 
44910 
44370 
47320 
46530 
44610 
48590 
45480 
46940 
46950 
44780 
48280 
52990 
47930 
49860 
43030 
45160 
43370 
45980 
48460 
46420 
45930 
46920 
50740 
49710 
47400 
44880 
46410 
45720 
45950 
46800 
46130 
45450 
44930 
48590 
47560 
49340 
45380 
46620 
46040 
50000 
46060 
45260 
46200 
45740 
48180 
46870 
43900 
50180 
47800 
50360 
47130 
46460 
46100 
46010 
46770 
47980 
45730 
47450 
45160 
47560 
45950 
44220 
47210 
45660 
45420 
50640 
45060 
45360 
44130 
44840 
49230 
46740 
44490 
51950 
44160 
51380 
46920 
45830 
45550 
44550 
48180 
48200 
46410 
45520 
44760 
48200 
47610 
46040 
45500 
44080 
46750 
50790 
45010 
45470 
45400 
46170 
48800 
46900 
49640 
47530 
45140 
52370 
47120 
45540 
45960 
44390 
46940 
48300 
45760 
45410 
47330 
51450 
48710 
45960 
50990 
47270 
47070 
50620 
44250 
44160 
44990 
47390 
49090 
47520 
44360 
46090 
43930 
53100 
49080 
45730 
46790 
45200 
48150 
48030 
44520 
46410 
44700 
48640 
48950 
45320 
45600 
45730 
46450 
49810 
44120 
45910 
43280 
46510 
49570 
48420 
44960 
45750 
44070 
50110 
45470 
45690 
45630 
43660 
48130 
47690 
45870 
46770 
44850 
47290 
47130 
45880 
47050 
45610 
45990 
48660 
44300 
46520 
43600 
46410 
52910 
49020 
45860 
67880 
56570 
54800 
48250 
45420 
45600 
42400 
47090 
46920 
44560 
45570 
46030 
47200 
46830 
45200 
44290 
46390 
45230 
48780 
44140 
44690 
49980 
47090 
48850 
47430 
44620 
45150 
44200 
48710 
46580 
44100 
45220 
46150 
47940 
48520 
48480 
49490 
44850 
47660 
48360 
44120 
44410 
46330 
46370 
49940 
44540 
46560 
45920 
45380 
47980 
46620 
45320 
45590 
60950 
59540 
70070 
55070 
47330 
44690 
61790 
51610 
46980 
45430 
45110 
49220 
46650 
44410 
45310 
44630 
46250 
48700 
46840 
45820 
44320 
45020 
47310 
47080 
45020 
46050 
44270 
50360 
45230 
45670 
45060 
49530 
48480 
47350 
44060 
45110 
44670 
51460 
48230 
45300 
45030 
45910 
46930 
50890 
44360 
51620 
46730 
47740 
47800 
51890 
45500 
48110 
44140 
50080 
48270 
46080 
44600 
43960 
50410 
47620 
43680 
50240 
45080 
47500 
47140 
47840 
44790 
45350 
45510 
48990 
50460 
49870 
46270 
47140 
47670 
45870 
47380 
45640 
43180 
49210 
45700 
51040 
54340 
47980 
47560 
49090 
43070 
47060 
46560 
50420 
46770 
44660 
43420 
49150 
52610 
48900 
44180 
45160 
48130 
47050 
47250 
46880 
44350 
46070 
46500 
49850 
50800 
46050 
44870 
45130 
45930 
47460 
43700 
46580 
43750 
47060 
47560 
44200 
46020 
49650 
47580 
49290 
45330 
46730 
45960 
44050 
49100 
45870 
44940 
45020 
44310 
49070 
45770 
47050 
46220 
43270 
47320 
47610 
44870 
46720 
43700 
51270 
47390 
43340 
44900 
43750 
52840 
54090 
46020 
46910 
43590 
45370 
50220 
45940 
49250 
45860 
44010 
49800 
47140 
43610 
44420 
44820 
47370 
47700 
44000 
44870 
43460 
47000 
47590 
49340 
45090 
43630 
45430 
48650 
45820 
45370 
43940 
46420 
48510 
46590 
46220 
47100 
48410 
49740 
46520 
45170 
45550 
45430 
47480 
48200 
44630 
46630 
44290 
48760 
46140 
43700 
45700 
45450 
45700 
48220 
45010 
45570 
46350 
44890 
54480 
47650 
43980 
45550 
42050 
49620 
52260 
44670 
45760 
44030 
46430 
47920 
48050 
46530 
46180 
46490 
47830 
49900 
45360 
44680 
46570 
49190 
42160 
49310 
44800 
44590 
48050 
46710 
49830 
46200 
43930 
50580 
45670 
43710 
49240 
44650 
48050 
45980 
45690 
48630 
44230 
48560 
46770 
48120 
45390 
47470 
47740 
49870 
43610 
44290 
49060 
46300 
47900 
46230 
46490 
47000 
43940 
48850 
45890 
45410 
45180 
44890 
47180 
54040 
45220 
45700 
50410 
47690 
48270 
44790 
45550 
44930 
44850 
49350 
44180 
44950 
45540 
46570 
54160 
47660 
42760 
46410 
44610 
51380 
47700 
45020 
46240 
44680 
46900 
47750 
42260 
44910 
43610 
49150 
47130 
44590 
45700 
43650 
45490 
50530 
44150 
50110 
45190 
44580 
49790 
46510 
44700 
45030 
42110 
50460 
45960 
44980 
44230 
44250 
48180 
47220 
43130 
46630 
44280 
47270 
46880 
46190 
44080 
44740 
45520 
49180 
44160 
47660 
44650 
45570 
47720 
46860 
44320 
45710 
44750 
56400 
46790 
44610 
44670 
43330 
46840 
46650 
43610 
45520 
49910 
48310 
49620 
50490 
45990 
46000 
44940 
48960 
44090 
51800 
47810 
47250 
49110 
47360 
43970 
46020 
43430 
49590 
47440 
43650 
44790 
44130 
48900 
49250 
45940 
47240 
42490 
47150 
47000 
45040 
44230 
44810 
46020 
50570 
50020 
48680 
45320 
45510 
47360 
47070 
43240 
47370 
44620 
50070 
45410 
43230 
43610 
49000 
48590 
50050 
46320 
44640 
43850 
48200 
47930 
46080 
44690 
43410 
45760 
48910 
45000 
44170 
44740 
46690 
48840 
45980 
43880 
44700 
43140 
48660 
47180 
45040 
44720 
45740 
47070 
48640 
44940 
44550 
44590 
48100 
46630 
45780 
44700 
46560 
47110 
49370 
45210 
43830 
43560 
45860 
49350 
46480 
45870 
48130 
44880 
49070 
45710 
48800 
45030 
46130 
48550 
53500 
46250 
46590 
43670 
47560 
46150 
43600 
45000 
43840 
46320 
48630 
44450 
45130 
44350 
44530 
46900 
47030 
44140 
49860 
44770 
70090 
52950 
46420 
44150 
43800 
48010 
47400 
44590 
44110 
44420 
49870 
46620 
44290 
45930 
48930 
47210 
48170 
43600 
45260 
43980 
46120 
47110 
46170 
43600 
46860 
43450 
49760 
45390 
45020 
45840 
43110 
47340 
48050 
44340 
44870 
44960 
47870 
47580 
44460 
43830 
46180 
45480 
48120 
44630 
45250 
44310 
44570 
46830 
46020 
46290 
46270 
43230 
48180 
46760 
45350 
46310 
44570 
46440 
47590 
43810 
45940 
44280 
46790 
54210 
46960 
46910 
44050 
45710 
48720 
42940 
44080 
44280 
46020 
49110 
47440 
43730 
44620 
49060 
53510 
46860 
47130 
49780 
44990 
48840 
45820 
43440 
45680 
44120 
47790 
47220 
46620 
43890 
43790 
47130 
48490 
44380 
45750 
42280 
44120 
47770 
44950 
44530 
46350 
42960 
48960 
46620 
44610 
44840 
45210 
47380 
47280 
45210 
46790 
45000 
52830 
49110 
45510 
44690 
44260 
46170 
48420 
43650 
43920 
44720 
43830 
49510 
46600 
43610 
45030 
41680 
49490 
46790 
43990 
45170 
42950 
46070 
47060 
43700 
45470 
42480 
47160 
45610 
44840 
45450 
45490 
45080 
48840 
44920 
45480 
48800 
46070 
47370 
45690 
50700 
46450 
44440 
49830 
46880 
45860 
44800 
47810 
48050 
46060 
44130 
46300 
42380 
47340 
48500 
46320 
42490 
44300 
52170 
49760 
44380 
44060 
43780 
47460 
47990 
48800 
45620 
45460 
43420 
54020 
46570 
49420 
45190 
45500 
45450 
47440 
49070 
47720 
44060 
46660 
44980 
44340 
43700 
45260 
50770 
48900 
44280 
46100 
44320 
47290 
48440 
46350 
44830 
46440 
44490 
47830 
51650 
46950 
47280 
44960 
46950 
51120 
43560 
45900 
42190 
47580 
46280 
44970 
45350 
45080 
44750 
50000 
43700 
43990 
44570 
45370 
48280 
46120 
46210 
45600 
42770 
51030 
45730 
43980 
45980 
43250 
46700 
48660 
44520 
44850 
43700 
47600 
47140 
44360 
43930 
45040 
47100 
49630 
43970 
45340 
43010 
44320 
47130 
47710 
44390 
45350 
45620 
53110 
46560 
45230 
45190 
44360 
45670 
48970 
43980 
44300 
43800 
46850 
45430 
44420 
42830 
43370 
45760 
49290 
45160 
49740 
46870 
45900 
48680 
47720 
48280 
46850 
45440 
47760 
47340 
45310 
45130 
44350 
48880 
47140 
44250 
45690 
43810 
46550 
47920 
45510 
44390 
45600 
46800 
49210 
44500 
44550 
44060 
45810 
48400 
45180 
42950 
44080 
43230 
49430 
45830 
50340 
46850 
42870 
47290 
46220 
43130 
45020 
43320 
48350 
47860 
43890 
44000 
43220 
47970 
49610 
49090 
49990 
46470 
45400 
49300 
45810 
45100 
45010 
43490 
47980 
45140 
44850 
44000 
43110 
47090 
45660 
44820 
43390 
47100 
45900 
45950 
46590 
43770 
45300 
45220 
48340 
45400 
46090 
45300 
46020 
48500 
51760 
44770 
47650 
44580 
49420 
46720 
42860 
44530 
44870 
46760 
45940 
43760 
45960 
43790 
47610 
47600 
43710 
44850 
42780 
50370 
49630 
45080 
45980 
43230 
49710 
49800 
45240 
44240 
46550 
43670 
49900 
45070 
45040 
45570 
43590 
46250 
45130 
42790 
43550 
43780 
55880 
53670 
50750 
47870 
44210 
46530 
48060 
45310 
45600 
43050 
46700 
48650 
46030 
45950 
46720 
46680 
50630 
46630 
44080 
44170 
44130 
46120 
45530 
45030 
44800 
43460 
47740 
47140 
46400 
49670 
47140 
46650 
50630 
45500 
44940 
45650 
45980 
47610 
47310 
44140 
45810 
43080 
49650 
45490 
44510 
44950 
43840 
47840 
47760 
43890 
48290 
56080 
51430 
49950 
45670 
43780 
43870 
44460 
51040 
46550 
45880 
45070 
44200 
53570 
49990 
44100 
45060 
42480 
50800 
46100 
45490 
42990 
43720 
47740 
47200 
44170 
44290 
42570 
47630 
46780 
44910 
48240 
45330 
49270 
49410 
49640 
47170 
45400 
44980 
48190 
47420 
48710 
45580 
44910 
52840 
46970 
45720 
45540 
43630 
45620 
47090 
44150 
46910 
43790 
47830 
48980 
48710 
44910 
44840 
45010 
48690 
44540 
46720 
44200 
46390 
54250 
50300 
44200 
45770 
47580 
50700 
46240 
43050 
45280 
44040 
47010 
46700 
44840 
46130 
42890 
47100 
46160 
44870 
45220 
43590 
51420 
49740 
44610 
44590 
44150 
44060 
49310 
44960 
43990 
44980 
42130 
49680 
45480 
44710 
43870 
44670 
46140 
47140 
43560 
45000 
43190 
46940 
45050 
46440 
43780 
45220 
46760 
49250 
43870 
46250 
44160 
47260 
48890 
46530 
49500 
45970 
46020 
49520 
46150 
43860 
44660 
45200 
46960 
45610 
43690 
45580 
44080 
46950 
45080 
45060 
44110 
52020 
48260 
48550 
46540 
48310 
46630 
46360 
46890 
47950 
43240 
48000 
44130 
49410 
45470 
42890 
44220 
48450 
48300 
49190 
45830 
46410 
50320 
46920 
48470 
45150 
48540 
48110 
51730 
50450 
48160 
47840 
44850 
51400 
50830 
46530 
44860 
46850 
44050 
53030 
46440 
49070 
46430 
43810 
49910 
47100 
44560 
44980 
43050 
63520 
55760 
47130 
47500 
44420 
47800 
47900 
44510 
44270 
45670 
47620 
47400 
46800 
43940 
44300 
44780 
50610 
45000 
44430 
45660 
45390 
47240 
47570 
44180 
45340 
45180 
47710 
46150 
58160 
47150 
45800 
47270 
49390 
48060 
46540 
46170 
50510 
49010 
46350 
42520 
46580 
44630 
49020 
46480 
47650 
46340 
45920 
46380 
49430 
44830 
47560 
43100 
47970 
53450 
48480 
45640 
45780 
47630 
48010 
44030 
46520 
43260 
44800 
49990 
45720 
43310 
45780 
43010 
51980 
46520 
45580 
44270 
43020 
55130 
49740 
46090 
46740 
44710 
47260 
48240 
45440 
48290 
48690 
47780 
50360 
45340 
44620 
43540 
47370 
47610 
45620 
43760 
44140 
42400 
48830 
45100 
45370 
46400 
44630 
51520 
48690 
46600 
47750 
44660 
46330 
47820 
46980 
49640 
46810 
46240 
48640 
51640 
48010 
50820 
51820 
49150 
62820 
51200 
52230 
44620 
54600 
48470 
44040 
44940 
48360 
47270 
48160 
44360 
53420 
50330 
48340 
50080 
44400 
55370 
47600 
51710 
54560 
46560 
45630 
43540 
46310 
53270 
49420 
44160 
46710 
43250 
53580 
46980 
45480 
44680 
