80200 
53200 
47340 
45850 
49760 
48510 
52110 
49890 
47710 
48760 
49490 
46330 
46970 
45930 
47580 
49000 
46180 
45820 
44840 
49060 
48110 
50470 
46240 
43320 
46720 
75100 
63070 
61890 
59330 
58230 
60640 
61340 
63010 
59180 
60210 
67010 
77750 
66600 
59850 
62040 
62220 
60980 
63400 
64230 
62720 
63320 
63960 
69530 
65450 
65000 
62010 
71450 
51340 
46740 
47630 
47970 
51680 
51400 
53190 
53000 
49270 
48520 
94610 
90130 
71850 
51590 
45790 
49050 
47300 
48080 
43440 
46030 
47210 
47730 
48110 
44370 
45500 
45840 
46990 
49560 
46860 
42910 
46520 
48990 
49140 
47480 
48440 
49350 
51440 
52680 
51090 
49430 
48020 
80730 
64790 
65890 
63960 
65500 
61660 
65140 
65110 
64290 
66460 
63170 
66320 
63760 
64880 
67080 
99250 
90940 
93680 
92680 
92910 
84350 
96360 
87550 
89740 
81220 
63260 
72670 
52430 
46040 
47810 
50860 
47650 
47920 
43680 
54190 
52660 
48860 
105560 
94380 
74520 
64050 
51170 
45430 
47190 
56500 
49010 
49810 
51560 
48200 
45300 
45830 
47470 
44530 
43790 
47340 
44220 
46590 
45650 
44780 
45470 
46490 
47980 
47320 
48120 
48000 
47340 
52490 
49700 
45810 
79880 
78250 
68230 
65550 
63720 
64200 
65110 
10104720 
10105750 
10106100 
10121470 
10191310 
66400 
64500 
69230 
66890 
63420 
66460 
65360 
64670 
69000 
64780 
66970 
66650 
67510 
70130 
75670 
52450 
45360 
48460 
48560 
51070 
44890 
48440 
56740 
52550 
52050 
131200 
130420 
70080 
97150 
47540 
45820 
68880 
71410 
68620 
66730 
61950 
64300 
66580 
50320 
48370 
47290 
45460 
45380 
46250 
47020 
46670 
47080 
47840 
48350 
52000 
48810 
49560 
46910 
50210 
49400 
48490 
47860 
77840 
67260 
65190 
68210 
72130 
62480 
69690 
71420 
69670 
75320 
64200 
63630 
68800 
66010 
65230 
65250 
63610 
69990 
61810 
65820 
67900 
62920 
67670 
64370 
65650 
67740 
64840 
45870 
46540 
49990 
50140 
50300 
45750 
50260 
51510 
50680 
49330 
91480 
82690 
64310 
53610 
46630 
44650 
47450 
48690 
46100 
47680 
46950 
48090 
48540 
46460 
48140 
45710 
45000 
52360 
46580 
47520 
47170 
46110 
45760 
47620 
48970 
49630 
48400 
49690 
47700 
47350 
49300 
86860 
67120 
67960 
66500 
66860 
65520 
62620 
61720 
67930 
65850 
68370 
67040 
67070 
65800 
63680 
67770 
66260 
65820 
67460 
64500 
66910 
67780 
66750 
63100 
66470 
67160 
73480 
53910 
45220 
46920 
47720 
51900 
49620 
46780 
54830 
48600 
50490 
98440 
121710 
97950 
88600 
64020 
62500 
68420 
48260 
48950 
46010 
46030 
48810 
46780 
50110 
46930 
48540 
49120 
46990 
44270 
49870 
43880 
47150 
47920 
45450 
50370 
48390 
51880 
49760 
47520 
51270 
47020 
66390 
68190 
63550 
64020 
67110 
62380 
66860 
66480 
64580 
66250 
62430 
65700 
67400 
58960 
63810 
63110 
63060 
67680 
65130 
64870 
67230 
66010 
64200 
65940 
62480 
64770 
62510 
67400 
50140 
44790 
48590 
49760 
51190 
51680 
49300 
54960 
51880 
49110 
88980 
81450 
63700 
52390 
46810 
49690 
47840 
46130 
47490 
44770 
48300 
46500 
45630 
45040 
44810 
46590 
47310 
43610 
43790 
44780 
48210 
46740 
46650 
45250 
47050 
47990 
47930 
47320 
47450 
45300 
49020 
86320 
68310 
66810 
60950 
66900 
63570 
64190 
65630 
64090 
64580 
65450 
64170 
66520 
61790 
65120 
68410 
63710 
73530 
63100 
60950 
65780 
66300 
67690 
65650 
63120 
62380 
71400 
52900 
49690 
45770 
50520 
53450 
46610 
49390 
55060 
49330 
50540 
95580 
87130 
69140 
56580 
47140 
50350 
46020 
51880 
45990 
47510 
47990 
46360 
47750 
47580 
47430 
49310 
48140 
49210 
46040 
43060 
47870 
45440 
46710 
46860 
46550 
48960 
80360 
76560 
88040 
56960 
50670 
51850 
76690 
69880 
65380 
64320 
63220 
65130 
65010 
64530 
62810 
64500 
65880 
63230 
63800 
66560 
64490 
66740 
69060 
68930 
65290 
65640 
61910 
66190 
67080 
64920 
65350 
60600 
66200 
48530 
51900 
50160 
47450 
47410 
45280 
50840 
53030 
51920 
49330 
94870 
78060 
64560 
51390 
47090 
45980 
46630 
47090 
46960 
47150 
45290 
49110 
52300 
48050 
47120 
44890 
47240 
50500 
49450 
45620 
43960 
47480 
46160 
48680 
49970 
49170 
50670 
46150 
50090 
48360 
45280 
80730 
63650 
65650 
66740 
62800 
62810 
62970 
64860 
69140 
61320 
63530 
65360 
60830 
67880 
67190 
65020 
64950 
63170 
63210 
63330 
63880 
62210 
65070 
63560 
65500 
63420 
70540 
48600 
47380 
48530 
52890 
47070 
53190 
45930 
57330 
53160 
47670 
97760 
87290 
69650 
56480 
45620 
47340 
46490 
45980 
49930 
48060 
45420 
45230 
45970 
47600 
45760 
43570 
45340 
45680 
46100 
47520 
44900 
43440 
45730 
47050 
49520 
47700 
49180 
45240 
52160 
49530 
47360 
63480 
66760 
63830 
64900 
64850 
67660 
60640 
63820 
62300 
65710 
65410 
63270 
62380 
63720 
66030 
70060 
64660 
63220 
64700 
61630 
64260 
64950 
63020 
66010 
63190 
69120 
81820 
68060 
48670 
46750 
49670 
48450 
46540 
43090 
48930 
50610 
53050 
71310 
93350 
82830 
66500 
54940 
49900 
47290 
48300 
46950 
55430 
55670 
51440 
47120 
48230 
47660 
48070 
45670 
44220 
49360 
44240 
47530 
46110 
44650 
47700 
48640 
52600 
49860 
48050 
49840 
48790 
48110 
49640 
82300 
67550 
65620 
66630 
66310 
63490 
63810 
63270 
63710 
65930 
62600 
62630 
62710 
64220 
61050 
62410 
62910 
63650 
66350 
64140 
65050 
63120 
63260 
63430 
62650 
63630 
71620 
53170 
46070 
44710 
48080 
51690 
48800 
47530 
55940 
49590 
49120 
100320 
88330 
74690 
57310 
49420 
48320 
48740 
46000 
45800 
44740 
46640 
49750 
47390 
45490 
45910 
47420 
46890 
44870 
45170 
46440 
48410 
49330 
46560 
46230 
46970 
45770 
49310 
49330 
47550 
48590 
49040 
75710 
66420 
64520 
64750 
64740 
64610 
65450 
63860 
61990 
63220 
64940 
69540 
62890 
62230 
67510 
63310 
67820 
64570 
62610 
60920 
62100 
65090 
64040 
63860 
62650 
61970 
71400 
59800 
50340 
45750 
47970 
47150 
51050 
46730 
47750 
49140 
50380 
99710 
90120 
74060 
68690 
55500 
48030 
48480 
48470 
44780 
47350 
45110 
48450 
48880 
48560 
47790 
46900 
49850 
49750 
47070 
45750 
46340 
60330 
53490 
47920 
46090 
48430 
48290 
49900 
49510 
52810 
46290 
48890 
79680 
65060 
62880 
61880 
63720 
63520 
67010 
65980 
61400 
64090 
67840 
67980 
64540 
62000 
63090 
63550 
67490 
74140 
69740 
65160 
72960 
66280 
67210 
68560 
64260 
65710 
66470 
53140 
47870 
48210 
45800 
49600 
48440 
48730 
52540 
47390 
48360 
94660 
86580 
71410 
52150 
47250 
46270 
48100 
46630 
44450 
47310 
47800 
47060 
46800 
44060 
44770 
45310 
45590 
46660 
44390 
44830 
46680 
46800 
47390 
45540 
47650 
48380 
50140 
51400 
57150 
60990 
52270 
81280 
63460 
63980 
63810 
65860 
67050 
64490 
64780 
63430 
64860 
62000 
66030 
64820 
62340 
65470 
64700 
68020 
63540 
63920 
63620 
63500 
64440 
63000 
64270 
64420 
66120 
73720 
53770 
48480 
45410 
51780 
47750 
47080 
45320 
56250 
52240 
48740 
101860 
87520 
76750 
64380 
54920 
48070 
46570 
47750 
46190 
46830 
46840 
44850 
48710 
46900 
46880 
47650 
60540 
54960 
50720 
50080 
44550 
44770 
45810 
47750 
47020 
46620 
45930 
50830 
49540 
50280 
47690 
47070 
80320 
62620 
66730 
68440 
62650 
63680 
61970 
67610 
63750 
64520 
61150 
64790 
67260 
61970 
60930 
62150 
64080 
62330 
67390 
63770 
66070 
62460 
65690 
64620 
66750 
65210 
66990 
50570 
85980 
67870 
54630 
47370 
47260 
47550 
52390 
50650 
47100 
95180 
84370 
74170 
55520 
43760 
44520 
45700 
46350 
47020 
47970 
44560 
45420 
45150 
49110 
46750 
55540 
53850 
49360 
50460 
46760 
46310 
45910 
45330 
48850 
50810 
51340 
49630 
49030 
51150 
48560 
48900 
77850 
62340 
68660 
68130 
65830 
62500 
61090 
63720 
63500 
62360 
73400 
71400 
69460 
65790 
69990 
67180 
62710 
65090 
64690 
66280 
65960 
61830 
62590 
66760 
63430 
63020 
72600 
52700 
48730 
49570 
50020 
49320 
50580 
47410 
49350 
54230 
51280 
102160 
85880 
74150 
66410 
51200 
47470 
45130 
48900 
50830 
47500 
48430 
46570 
46590 
45530 
47330 
48400 
47290 
44560 
47990 
47950 
48920 
48300 
44710 
52960 
53950 
54850 
49460 
47000 
51580 
50640 
49470 
47780 
78970 
67740 
65900 
64300 
63120 
61360 
61960 
59840 
61570 
63890 
63560 
63130 
63240 
62320 
65490 
61980 
65910 
63290 
63840 
63800 
63600 
63330 
63320 
63760 
62260 
61920 
73300 
49920 
48250 
44630 
49120 
49680 
48360 
46740 
52140 
51610 
47810 
97950 
86760 
75910 
54830 
49700 
49390 
48610 
48710 
46390 
48520 
51000 
48630 
46470 
47900 
49170 
47520 
47270 
44750 
50560 
49900 
47990 
49230 
47460 
47010 
53240 
50280 
51630 
47940 
45140 
49750 
49320 
72440 
62130 
60480 
62870 
63930 
64360 
64890 
63700 
64570 
68320 
68010 
69290 
61450 
59990 
58950 
61780 
60460 
60900 
58020 
58810 
60770 
62610 
60890 
58590 
62500 
60030 
68980 
55970 
48560 
43120 
47070 
47440 
47220 
44370 
47780 
50930 
48740 
95790 
91220 
72840 
64880 
50330 
47960 
44960 
43870 
44360 
46450 
48190 
47480 
45250 
43820 
43700 
43750 
46960 
45260 
43770 
44740 
43770 
47330 
47960 
45680 
45240 
47080 
48260 
50180 
46760 
46760 
48320 
46850 
76770 
62500 
63980 
62540 
63620 
61350 
71400 
66390 
59920 
61400 
63190 
61110 
59250 
57640 
60440 
59230 
62300 
60560 
56290 
59320 
60860 
63940 
62320 
58960 
64100 
61670 
65970 
51680 
46210 
43190 
50460 
46140 
48250 
46850 
50370 
46510 
46860 
89580 
85290 
70170 
51370 
50180 
49350 
45580 
43400 
43220 
45210 
47050 
47060 
46350 
43350 
45700 
45430 
46600 
45390 
43630 
46150 
45130 
46620 
47020 
43480 
44410 
49500 
47030 
48860 
44820 
46740 
49950 
82520 
71920 
64340 
61840 
63260 
67110 
66880 
61600 
62330 
65110 
67330 
65910 
67340 
64100 
62400 
61380 
66760 
66920 
65680 
63300 
63930 
65930 
67020 
64080 
63440 
61300 
74080 
48250 
48750 
45240 
47690 
48490 
46290 
47710 
48730 
52300 
46710 
97540 
86720 
71780 
59740 
51510 
46650 
46190 
47880 
46230 
47370 
45910 
47520 
48900 
48980 
47360 
47040 
47970 
48540 
44920 
50410 
46400 
46060 
45810 
46990 
50410 
47470 
46160 
50060 
50280 
56240 
48220 
46460 
78760 
64540 
63350 
61640 
64250 
66100 
63840 
91690 
87340 
86650 
87420 
84720 
87840 
84580 
95900 
84600 
66890 
67450 
66610 
62390 
63650 
63720 
80380 
73420 
64430 
60730 
63700 
49000 
47390 
50250 
49750 
49120 
46610 
48060 
52280 
49220 
47550 
94020 
81970 
69360 
57220 
50920 
56980 
48810 
51280 
46950 
44520 
44580 
61010 
52710 
48560 
44970 
46390 
44970 
48820 
50280 
47910 
46320 
44570 
44790 
48440 
49290 
48530 
48350 
46760 
48670 
48910 
58720 
82230 
63910 
67910 
61940 
66010 
61390 
72170 
67400 
64320 
64480 
61600 
60640 
62100 
66570 
66240 
63110 
60100 
61500 
66970 
66030 
65850 
61930 
62470 
65020 
65030 
61760 
72200 
49760 
48940 
46660 
48840 
46820 
47510 
46650 
53800 
49560 
48570 
99210 
86800 
76470 
64260 
50460 
45840 
46130 
48870 
51730 
49260 
47730 
43390 
56450 
53840 
48860 
46600 
43810 
47170 
44690 
50240 
64750 
47250 
46180 
45300 
100200 
78120 
52740 
52870 
50750 
49570 
51150 
47670 
77950 
66310 
66440 
66020 
63240 
63950 
86680 
98990 
90100 
90630 
84470 
99550 
86660 
85560 
66910 
63970 
67570 
66460 
66040 
68170 
66230 
62590 
64450 
62490 
65720 
64130 
65800 
47600 
46470 
50600 
49260 
47510 
46050 
48340 
51030 
52470 
48900 
91750 
84440 
68230 
55680 
47100 
46750 
45170 
44480 
49270 
51150 
46720 
45640 
45780 
48290 
47030 
49820 
47590 
44720 
47530 
46990 
47180 
47130 
45550 
47150 
49920 
47320 
53640 
47690 
47520 
48560 
48990 
83750 
65180 
63870 
68330 
65890 
63080 
64970 
64040 
64060 
66110 
64280 
63000 
64860 
63090 
61500 
67850 
65990 
62570 
62500 
64810 
64720 
65180 
63630 
61030 
63310 
65140 
73650 
51400 
48870 
50650 
49180 
49990 
49660 
45850 
50680 
54490 
50130 
99540 
85850 
68820 
59090 
50970 
50070 
47430 
48080 
47760 
45600 
48340 
47760 
44660 
45920 
45880 
50840 
48680 
46940 
46230 
45990 
48340 
48350 
45960 
46800 
47090 
46770 
49870 
50060 
48120 
51700 
49400 
48650 
78070 
62340 
62260 
62280 
66610 
89310 
64400 
92740 
84940 
87420 
92100 
104960 
83190 
92930 
88060 
66220 
67050 
65740 
61300 
62510 
65530 
63230 
62880 
59430 
62580 
62130 
65690 
49140 
44120 
45740 
49470 
52010 
47290 
48300 
49180 
52670 
52810 
94800 
80590 
65380 
50250 
49650 
49070 
47060 
47230 
44960 
48900 
48160 
47930 
44880 
44170 
46270 
47190 
47110 
45350 
43350 
46900 
44910 
49940 
48790 
47060 
50510 
47350 
51850 
49000 
47050 
48330 
47870 
79820 
63900 
64380 
62230 
62650 
63490 
64850 
61980 
63250 
65280 
64800 
65630 
62360 
62250 
62670 
62900 
66510 
64440 
67380 
66360 
60570 
63250 
64020 
66850 
63870 
62300 
71600 
51150 
47370 
46360 
48440 
48370 
48340 
48440 
52520 
51470 
47760 
89410 
88660 
74630 
57810 
47710 
48830 
49530 
47690 
47720 
46650 
46950 
49350 
46880 
48390 
48090 
46920 
46150 
48370 
45130 
45100 
43680 
45420 
47120 
46390 
48890 
45840 
50450 
50480 
47650 
47610 
46190 
53350 
76570 
67900 
68320 
59890 
62820 
65860 
64080 
84580 
85300 
85810 
90820 
83330 
91970 
86620 
98100 
87930 
79060 
66790 
65910 
62070 
64050 
73740 
70220 
69460 
65140 
63230 
61820 
50890 
50610 
50760 
50690 
48500 
46560 
51470 
56870 
48650 
45710 
88910 
78740 
68420 
48800 
46860 
46980 
47310 
48940 
46720 
46780 
46000 
48840 
50800 
53180 
49280 
46430 
45230 
49350 
47840 
47280 
45840 
46220 
48320 
47260 
49290 
48690 
51420 
48750 
50250 
49190 
46560 
77400 
64070 
66620 
65980 
63330 
59990 
62920 
70260 
68560 
66040 
61720 
64040 
65040 
64130 
63590 
64330 
63400 
66090 
65850 
65390 
64730 
61880 
62410 
67070 
66190 
62590 
68020 
50090 
46490 
48600 
49130 
49230 
47210 
47390 
57480 
49550 
49390 
91930 
85600 
72350 
56000 
48360 
46370 
49390 
45560 
47130 
47230 
43940 
43950 
47200 
47750 
49600 
45620 
44460 
46390 
46570 
47430 
47400 
48600 
48830 
45330 
49530 
52870 
51590 
50430 
49500 
51870 
49150 
70770 
65030 
65280 
67700 
65430 
59930 
62770 
64630 
64690 
90870 
84670 
85460 
87470 
92400 
87320 
80980 
65730 
65620 
66010 
71150 
64620 
61830 
63120 
61030 
64640 
64900 
73330 
57330 
47960 
44780 
49360 
49410 
49030 
45760 
48540 
51640 
50130 
97650 
90810 
77120 
66230 
55050 
51020 
47270 
46860 
45940 
48350 
46360 
47070 
45220 
45270 
49650 
46160 
45660 
45690 
44950 
47400 
47530 
