137300 
55770 
54700 
52970 
53080 
52890 
49910 
50580 
50570 
53170 
49860 
50550 
48800 
50980 
49700 
50600 
36950 
37110 
37680 
37900 
37330 
51270 
37880 
36810 
37250 
38370 
37840 
36650 
50770 
37740 
38780 
39260 
37380 
37790 
37590 
38350 
38290 
38370 
37560 
36380 
38180 
39280 
37200 
37380 
36080 
37960 
37550 
36930 
35630 
36180 
37960 
36990 
37820 
51740 
35980 
37370 
36810 
36900 
37370 
38500 
36070 
39050 
37880 
38440 
52600 
37520 
52190 
37580 
37940 
37850 
39430 
38470 
37270 
60970 
37850 
39000 
38440 
36900 
38500 
51980 
36960 
52230 
37190 
36860 
39560 
37250 
53620 
37380 
38670 
37150 
38280 
36800 
54250 
38510 
36200 
37090 
37920 
36860 
37690 
37120 
37650 
53450 
52700 
51500 
39190 
37230 
51560 
37250 
37550 
36870 
35570 
36470 
39400 
38370 
38000 
35840 
37260 
36380 
37650 
37730 
37450 
38430 
38410 
38950 
37980 
36860 
37760 
37380 
38330 
36190 
37530 
37360 
37070 
51970 
37530 
38700 
38390 
38610 
36550 
36390 
37890 
52390 
37720 
37280 
37040 
37440 
36080 
37190 
35850 
37150 
36270 
37680 
51390 
37490 
37840 
35610 
36930 
65710 
53500 
37160 
37400 
37410 
37140 
38480 
36520 
38030 
38100 
37770 
36450 
66000 
38570 
38910 
37380 
38060 
37790 
37980 
37440 
38660 
37160 
37770 
36550 
38000 
61470 
37860 
37960 
36650 
37830 
37090 
38480 
36060 
36070 
38130 
36690 
37820 
36240 
36710 
37610 
36140 
36320 
36910 
35800 
39090 
37270 
53500 
52890 
38060 
38430 
38390 
38240 
36670 
35930 
38490 
37730 
37940 
37560 
39320 
38600 
38570 
38580 
37620 
36540 
37060 
38110 
37580 
36730 
36260 
37700 
37450 
38120 
37900 
35150 
37560 
37280 
52360 
37850 
39180 
39140 
38410 
38680 
51810 
35980 
37960 
36550 
39350 
37370 
36170 
37610 
36880 
54390 
37640 
35640 
36260 
35880 
37900 
36660 
38310 
37770 
36990 
39520 
35980 
38660 
39530 
37140 
38070 
38650 
37350 
38340 
36690 
37380 
37820 
38000 
37080 
36700 
39390 
36840 
37700 
36920 
37480 
53890 
38500 
35470 
38090 
35650 
37430 
36490 
38680 
37290 
36210 
37670 
37150 
37550 
39060 
38740 
37770 
37630 
37820 
38760 
36810 
37250 
36860 
37570 
37580 
35960 
53900 
38010 
39310 
38430 
38280 
38270 
35670 
37480 
35930 
36880 
36570 
36920 
36810 
37330 
37350 
38510 
37280 
35990 
36460 
37500 
52020 
36780 
35980 
38730 
38040 
36760 
37830 
36850 
38940 
36460 
38910 
36600 
36970 
37030 
37050 
39240 
37580 
37080 
36880 
38170 
37560 
37790 
36810 
36660 
37530 
37630 
37520 
37060 
37690 
37080 
37900 
38510 
37390 
37400 
39180 
37590 
39340 
36200 
37350 
36880 
35940 
37860 
35770 
36150 
36490 
37360 
39030 
39040 
36230 
36730 
38650 
38170 
36900 
37330 
35870 
38730 
38560 
36670 
36570 
37560 
37510 
38320 
38370 
37130 
36940 
38580 
38980 
37430 
37410 
37030 
36500 
37640 
37380 
37920 
37690 
38150 
38900 
38970 
37420 
35630 
38650 
38280 
38330 
53040 
37350 
39170 
52330 
36320 
38530 
36750 
38450 
38000 
38200 
38840 
36700 
35380 
37350 
38360 
38140 
37650 
36710 
54060 
38810 
36140 
36220 
36370 
36190 
37670 
37250 
37130 
35920 
36890 
37290 
38790 
37640 
36040 
35970 
37610 
36440 
38230 
36990 
38060 
37060 
36580 
37710 
37460 
36950 
36330 
38750 
37340 
37620 
38180 
36430 
38360 
39220 
37710 
37550 
37850 
38780 
37940 
37150 
37390 
37390 
37370 
36270 
37860 
36010 
38360 
37640 
37450 
37050 
38060 
38420 
36670 
37500 
37400 
36810 
37020 
36750 
37450 
36190 
38610 
35870 
37200 
36570 
36480 
37530 
37060 
37110 
54220 
36340 
37410 
38610 
36860 
37480 
37730 
37570 
36620 
37770 
36970 
40240 
38770 
38410 
36350 
52890 
37180 
37220 
37950 
39400 
39170 
38320 
52090 
38330 
38260 
37180 
38040 
37410 
37340 
37190 
37890 
36360 
53600 
51220 
36930 
36400 
35950 
38790 
37830 
36770 
37760 
37200 
38400 
37870 
39240 
36640 
35460 
37040 
35840 
38690 
38070 
37460 
37700 
38160 
36880 
38660 
35580 
52330 
38170 
37750 
37680 
36830 
38120 
36260 
38350 
38430 
37410 
36330 
38180 
52910 
36090 
36830 
37920 
37000 
54720 
37640 
37300 
37340 
36890 
36850 
35890 
36960 
35640 
39410 
37860 
36850 
37660 
37160 
36940 
39020 
37960 
37250 
37590 
36670 
38530 
36680 
37270 
37450 
37700 
52360 
38140 
37700 
38120 
36430 
37610 
38810 
37930 
37760 
37360 
37340 
39450 
38260 
51720 
37720 
37150 
37550 
39340 
37120 
35870 
36440 
53470 
38520 
36990 
37200 
37220 
38260 
36720 
38400 
36310 
37670 
36020 
38600 
38740 
36310 
37390 
37900 
38090 
38620 
36960 
36240 
36460 
37040 
52450 
37040 
36250 
37140 
37620 
37360 
36430 
37100 
37350 
38940 
37980 
37890 
36440 
38070 
38400 
38070 
37500 
37420 
36410 
38000 
38380 
39580 
37690 
38820 
37130 
39220 
37050 
37530 
37510 
37630 
37630 
37450 
37060 
38240 
36110 
37120 
35720 
38650 
37020 
36410 
37890 
37940 
36810 
37780 
36170 
38060 
36930 
35970 
36760 
37190 
38230 
37860 
37470 
38530 
36360 
37480 
38020 
37940 
38300 
37380 
37270 
37530 
36820 
38700 
35950 
37590 
38380 
36530 
38160 
37920 
52260 
37260 
37450 
38790 
37960 
52740 
36150 
38180 
53610 
36860 
36700 
37660 
37630 
38370 
37210 
37600 
36260 
37180 
38320 
37120 
36990 
35230 
37780 
36160 
37950 
37040 
38390 
36500 
38290 
39060 
36930 
36460 
36620 
38000 
36960 
37380 
36800 
36410 
39050 
37830 
37970 
36050 
35970 
51870 
38870 
37310 
37600 
37140 
38040 
37500 
38120 
36160 
35860 
36950 
51270 
36890 
36620 
36070 
37540 
37880 
37350 
36730 
35410 
37490 
37490 
37660 
37900 
36500 
36570 
37870 
37820 
38080 
35860 
37500 
51300 
36650 
37990 
36580 
37670 
52900 
38120 
53040 
37510 
36950 
36980 
38730 
38420 
37250 
39470 
37980 
38390 
38470 
36000 
38620 
37080 
37560 
35660 
37320 
37160 
55130 
53490 
53080 
51400 
37550 
37540 
38240 
51570 
38880 
37440 
36820 
36660 
36910 
36380 
38460 
37040 
36610 
38120 
37990 
37380 
36970 
36790 
37800 
36920 
37010 
36410 
36360 
38980 
36820 
38750 
37150 
37130 
38160 
37830 
38070 
37150 
36890 
36400 
38920 
52160 
51500 
37190 
35830 
38530 
37900 
37920 
37890 
38140 
39040 
38560 
38170 
37540 
36900 
37520 
37370 
38690 
36630 
36080 
37760 
38170 
37390 
36690 
36900 
35320 
38040 
37610 
38410 
35950 
38010 
38440 
37360 
36620 
36860 
36700 
38610 
35600 
37710 
37300 
36310 
37850 
36760 
51780 
36960 
59260 
51510 
38070 
38750 
35760 
36570 
37370 
52570 
38550 
37830 
37490 
36870 
39080 
37920 
39340 
37590 
52890 
38630 
52090 
51310 
36880 
20360 
74690 
37310 
37970 
39000 
36990 
36420 
37130 
37910 
37480 
37930 
36520 
38100 
39260 
37070 
37740 
36300 
37650 
38490 
36410 
36940 
35820 
37880 
36640 
37060 
37730 
37110 
37430 
36970 
36400 
36170 
36090 
35690 
37850 
37180 
38220 
37080 
37720 
39460 
38180 
37130 
37480 
36840 
53250 
37860 
37670 
37220 
36590 
52350 
37770 
38210 
37110 
36000 
37450 
36960 
37920 
37550 
37090 
37540 
38400 
37550 
36910 
37110 
36520 
35770 
38880 
36130 
36870 
38070 
38110 
37850 
36580 
35760 
37410 
37670 
37230 
38270 
36840 
37310 
73750 
53810 
37100 
36230 
35640 
37160 
37300 
36290 
51960 
38740 
37070 
39290 
38950 
38080 
36690 
37860 
37890 
51770 
36280 
53190 
36130 
52070 
36860 
37340 
37910 
36820 
52110 
37190 
37060 
37170 
36270 
37230 
37800 
38810 
37010 
36390 
36490 
37030 
37980 
37800 
36590 
37050 
37780 
36690 
37210 
36260 
35800 
37310 
37600 
38070 
37230 
38400 
38040 
36880 
37270 
36320 
36980 
36980 
37590 
38540 
35890 
36120 
36140 
38790 
36150 
36090 
36560 
74470 
54850 
51240 
37220 
36590 
36280 
53300 
36810 
36810 
37050 
36770 
52400 
37160 
37550 
36710 
35720 
37160 
53760 
36770 
37270 
38440 
52460 
53220 
37380 
37610 
35700 
38240 
51740 
51640 
38300 
35880 
38980 
36750 
38730 
38640 
36250 
35760 
52610 
36700 
39640 
37210 
37890 
53300 
36700 
39200 
36700 
35890 
37460 
53590 
38330 
37360 
37400 
51570 
51980 
52510 
37090 
36780 
38500 
38470 
52990 
51400 
36130 
37350 
37550 
38180 
36940 
38690 
37380 
36400 
37010 
37800 
36900 
38380 
37760 
37680 
37730 
35320 
37190 
37430 
39190 
38270 
37110 
51430 
37200 
38840 
38020 
38550 
37290 
36710 
39000 
37010 
37960 
37160 
36700 
38630 
38150 
38300 
37270 
36110 
35800 
35910 
37780 
37430 
36280 
36230 
37220 
36400 
53760 
38630 
37420 
38630 
36890 
52760 
36080 
36940 
38170 
35710 
36910 
37220 
37060 
36770 
52880 
51370 
35920 
37390 
37200 
37520 
38820 
36620 
36920 
38530 
38670 
37900 
36020 
36360 
35600 
37650 
37770 
36340 
51040 
37160 
36140 
37000 
37280 
35560 
36640 
36890 
37720 
37530 
34950 
36920 
36740 
54510 
36900 
36990 
37220 
36050 
37980 
37780 
36800 
37540 
39360 
38550 
36530 
37720 
36540 
35950 
36770 
37560 
36680 
36650 
36190 
37500 
37780 
36800 
37390 
37440 
37640 
56780 
53950 
38470 
36550 
36830 
38170 
38210 
37750 
37460 
38960 
38220 
37940 
52290 
36160 
37850 
51140 
38060 
38840 
36880 
36470 
37790 
38120 
39190 
36070 
37280 
36590 
37660 
38130 
36040 
36250 
34790 
37450 
38230 
36170 
37890 
37630 
36900 
37080 
36640 
38390 
38820 
37250 
37650 
35850 
38090 
39230 
38460 
38590 
36520 
38540 
36310 
36670 
52570 
37700 
38120 
37110 
36740 
38410 
38490 
37500 
35810 
35460 
37260 
37360 
37380 
37530 
37610 
37990 
35860 
38300 
37280 
36060 
37150 
52050 
52390 
35960 
37860 
35810 
38270 
37810 
37240 
36470 
36690 
37290 
52060 
38120 
36690 
37170 
37310 
38010 
37790 
36970 
38180 
37520 
38490 
38730 
36870 
37860 
37800 
38360 
36940 
36860 
36190 
35650 
37860 
38650 
36610 
37690 
38030 
37530 
37240 
36960 
36180 
38440 
38540 
36950 
38090 
37450 
37200 
38530 
37560 
38750 
38370 
37340 
38320 
36610 
36460 
38410 
54980 
39480 
37480 
37120 
37670 
38410 
37420 
52200 
36740 
36990 
38660 
37250 
37720 
37710 
37270 
38170 
37690 
37820 
36210 
37140 
37280 
37470 
38160 
38610 
38230 
37900 
37880 
37330 
37830 
38630 
36930 
38160 
37300 
38370 
52390 
52560 
37340 
37200 
37840 
37120 
37530 
38340 
36350 
55590 
38120 
38360 
52670 
38050 
36570 
39480 
36050 
35300 
37200 
36440 
38940 
36900 
36800 
36880 
53040 
53310 
39250 
37670 
38260 
37460 
38530 
36770 
36990 
35450 
36960 
37140 
35260 
37860 
35410 
35470 
37670 
36600 
37960 
37880 
36720 
37490 
37420 
38450 
35180 
35280 
37010 
37230 
38310 
36990 
52220 
37600 
37730 
36930 
37560 
36540 
51860 
38460 
38730 
36660 
37120 
36940 
36660 
37160 
38500 
37740 
37630 
36720 
37690 
37600 
36720 
37660 
39370 
38380 
38040 
37200 
39210 
37410 
52030 
37750 
37870 
38530 
37680 
51420 
36990 
37170 
36630 
36930 
38980 
37960 
62380 
56180 
36450 
36700 
38440 
35900 
37650 
36030 
36280 
37400 
36250 
36890 
35690 
36840 
37380 
35750 
52850 
37440 
36670 
55280 
54030 
38320 
36340 
36260 
36890 
37080 
37290 
36420 
35540 
36960 
40120 
38860 
37520 
38130 
38240 
38300 
51410 
37320 
36860 
37990 
37350 
37020 
59540 
36740 
37560 
37730 
39050 
38090 
37640 
36290 
36570 
37650 
37960 
37140 
37010 
37300 
37990 
37680 
35570 
36810 
35210 
38890 
37910 
37210 
37080 
36810 
76070 
53090 
37140 
37270 
36880 
51750 
35550 
38080 
37400 
37400 
37240 
37390 
37400 
37660 
37020 
37590 
39980 
37630 
38250 
37400 
51650 
52410 
37050 
37300 
37370 
37440 
37110 
36600 
51400 
37000 
37020 
38080 
38210 
38090 
36500 
35700 
37070 
36860 
37050 
35210 
36400 
35610 
36880 
38740 
36960 
37290 
36950 
38330 
51950 
37210 
35860 
37490 
52780 
52390 
37730 
53140 
35580 
36740 
36770 
37230 
37280 
36930 
36090 
52050 
36890 
51340 
37050 
36760 
53280 
51310 
37360 
38170 
38260 
38040 
38010 
37660 
36060 
36560 
37890 
35990 
38010 
36170 
36600 
51710 
37840 
37770 
35980 
38430 
36620 
38500 
38580 
36580 
35510 
37300 
37670 
37750 
37540 
35730 
36660 
57390 
52340 
36780 
36880 
36140 
38500 
62850 
39250 
36940 
36980 
37440 
37010 
51880 
35830 
37300 
35580 
38400 
37000 
36770 
38410 
37030 
52760 
37480 
37850 
38950 
53470 
39350 
38140 
36350 
37050 
36780 
37650 
36920 
37760 
36200 
67700 
39440 
37850 
37260 
36160 
36610 
36080 
37690 
37200 
38230 
37590 
36800 
37890 
38140 
37530 
36060 
37880 
38730 
37040 
52210 
37470 
53680 
37170 
37050 
37580 
37260 
37580 
37730 
37700 
37420 
35780 
37400 
52390 
38450 
52280 
36440 
36130 
38580 
38320 
38520 
35580 
36750 
35640 
37000 
38400 
35130 
38540 
37340 
38350 
37160 
38870 
37150 
37110 
52150 
38280 
37040 
53320 
36000 
36860 
37200 
52330 
37450 
36590 
37560 
38220 
52070 
36850 
36670 
37390 
37350 
38350 
37660 
36240 
36090 
36890 
38100 
53580 
38060 
36320 
36280 
36810 
51520 
37050 
37360 
36780 
37280 
36880 
37330 
38360 
37650 
36310 
37380 
37560 
36890 
38000 
37700 
37460 
38240 
37080 
38940 
38540 
36310 
37870 
36480 
37410 
38340 
36800 
37840 
58710 
38870 
37100 
38240 
39190 
37470 
37420 
37430 
38780 
38640 
36910 
38530 
37320 
37150 
36760 
35300 
36880 
37280 
38590 
39040 
37550 
38130 
36330 
37330 
37900 
56880 
36810 
36490 
37630 
38680 
39300 
37610 
38650 
36530 
37520 
37740 
36290 
35270 
36020 
38370 
38580 
37890 
36460 
37210 
38320 
39080 
37830 
37610 
37020 
37860 
37700 
38270 
37280 
35720 
36960 
35850 
37480 
37340 
36340 
37530 
51550 
39590 
36450 
37020 
37240 
38110 
37030 
36920 
36300 
36340 
37010 
39290 
36220 
37100 
37060 
36560 
37140 
37060 
36810 
36250 
36900 
51840 
36360 
37070 
38480 
36110 
37890 
37470 
36050 
37340 
37110 
38570 
37760 
35180 
36020 
36360 
37650 
37170 
37190 
35570 
36150 
38260 
36140 
36700 
37440 
36990 
36950 
38310 
38300 
37300 
36690 
37910 
53130 
37080 
37640 
55180 
36500 
37800 
37300 
37330 
35510 
36740 
39610 
36410 
38120 
36990 
39170 
36620 
36460 
37730 
36490 
36550 
37680 
36280 
51280 
39510 
37730 
37580 
37540 
51250 
35640 
37490 
36150 
38300 
38300 
38850 
36270 
38480 
38200 
38590 
36930 
36560 
36540 
37810 
37640 
39280 
38000 
37620 
37030 
38290 
37670 
37260 
37090 
36980 
39070 
37530 
37790 
36300 
35780 
37240 
37880 
37120 
52260 
35360 
38130 
35890 
51850 
35580 
35840 
37690 
37340 
37740 
37500 
36530 
37880 
51410 
37670 
36980 
36660 
38610 
37270 
38430 
37090 
36230 
37700 
36330 
37270 
36490 
37360 
36570 
38420 
36620 
37520 
37290 
36410 
