85830 
76800 
616650 
45260 
43890 
48640 
45950 
45340 
48640 
47740 
47470 
44820 
35270 
45920 
45500 
46520 
45260 
46230 
47440 
42360 
64540 
42150 
45630 
48640 
45440 
47850 
48450 
42270 
48110 
44820 
614680 
44240 
44480 
47220 
47500 
60210 
45080 
41090 
44240 
44010 
48860 
45680 
41220 
42100 
44620 
47260 
39640 
42840 
42110 
43840 
39440 
40720 
41540 
40940 
58140 
44370 
49130 
46150 
59450 
41910 
45950 
44490 
45620 
42340 
48600 
47060 
42960 
46330 
43130 
43750 
46770 
44050 
44520 
48020 
41930 
46660 
44830 
622130 
43870 
44070 
45760 
45380 
41850 
68480 
38090 
42960 
42990 
43100 
43740 
40710 
42880 
43170 
42950 
48730 
38340 
41030 
43990 
42220 
43400 
41650 
44080 
46630 
60890 
38550 
39300 
40810 
42420 
44170 
42760 
44380 
43320 
47120 
44760 
36310 
41930 
39490 
41280 
42020 
40730 
42460 
47730 
42170 
40160 
41480 
41460 
47430 
42700 
43980 
41960 
41430 
64090 
36780 
40530 
42920 
40930 
44530 
40210 
41270 
43560 
44120 
49750 
37790 
39940 
41440 
39810 
42470 
40380 
42950 
44010 
69100 
39030 
55940 
50970 
46080 
40680 
42730 
41770 
40800 
46550 
44830 
41840 
44790 
40400 
40960 
40760 
42030 
43800 
41690 
63240 
38780 
38930 
89240 
42900 
44500 
46170 
44170 
45620 
42410 
41610 
37590 
43260 
47100 
47890 
41460 
46580 
43490 
44180 
60920 
37300 
45300 
44710 
45200 
44980 
47570 
44680 
43900 
65130 
41920 
46620 
44230 
24590 
43720 
47910 
46350 
42450 
65820 
36930 
46410 
45410 
47320 
42820 
49140 
50790 
22240 
38130 
21350 
48240 
34210 
46760 
51210 
43700 
42670 
44000 
46550 
44970 
44020 
47320 
44110 
43760 
61630 
36260 
46650 
48000 
46960 
42010 
46270 
46470 
48770 
67400 
44720 
44550 
45970 
45540 
39710 
47560 
46320 
45820 
46390 
45280 
45000 
45380 
43460 
59900 
41810 
45390 
44360 
43650 
582440 
43190 
46040 
43890 
45120 
42330 
50460 
46110 
48060 
48640 
43970 
47490 
41810 
43990 
62560 
34460 
47980 
43250 
69450 
41020 
43100 
48730 
46080 
43450 
47520 
44840 
44530 
66840 
42130 
44970 
45120 
46610 
42480 
43350 
43720 
40860 
64620 
42030 
44340 
48240 
44320 
42630 
45950 
44680 
46270 
60340 
36160 
45110 
45220 
46450 
43390 
46150 
45230 
41060 
69170 
37020 
44190 
47400 
45060 
42090 
48790 
44940 
37490 
44210 
40740 
47150 
21610 
46050 
22670 
47670 
42240 
46420 
21350 
47500 
37540 
44960 
23220 
62150 
34350 
45430 
46790 
45150 
40640 
44690 
45880 
44230 
46100 
45420 
46090 
43130 
19510 
55080 
23660 
44920 
22900 
40290 
20310 
46900 
43180 
45030 
45560 
44220 
46440 
44140 
44870 
63840 
44040 
43180 
46330 
45910 
45270 
46580 
47730 
46270 
44960 
43740 
46590 
43260 
45530 
41740 
49510 
46240 
43150 
59510 
36780 
46600 
46980 
50100 
43600 
44480 
45730 
46320 
66220 
35790 
45680 
44150 
45280 
41800 
46240 
46520 
42650 
62380 
41720 
45240 
47050 
44610 
43580 
45140 
42690 
44520 
56920 
43080 
44230 
54690 
52460 
43840 
46640 
43940 
43540 
57530 
41140 
45360 
45030 
45900 
45530 
45610 
44680 
43780 
79670 
47150 
46020 
45190 
46870 
40380 
43140 
25670 
47320 
18730 
21100 
22690 
25230 
58460 
46590 
17640 
44930 
18320 
65720 
19030 
45180 
40720 
44860 
20540 
45700 
19760 
44600 
41320 
44510 
46260 
45300 
46900 
42300 
23010 
45260 
35010 
44520 
39930 
46050 
45510 
44530 
46130 
46470 
46170 
46200 
37210 
45510 
18630 
45130 
18060 
62770 
46700 
48840 
20650 
47010 
36110 
45540 
41620 
20830 
43420 
42890 
43740 
46040 
22640 
46790 
45730 
18590 
22060 
41610 
20130 
43690 
44330 
36070 
42820 
47230 
48540 
43920 
44900 
41670 
44370 
63450 
41680 
47090 
44980 
46280 
42730 
45380 
46040 
45100 
44450 
42390 
47780 
43310 
41750 
63860 
41710 
44760 
45650 
43920 
40750 
45880 
45540 
43790 
59120 
36660 
45420 
46830 
45360 
41170 
50940 
46220 
45640 
80480 
43250 
43780 
46350 
47620 
41540 
44860 
47490 
42970 
69590 
35530 
42910 
46820 
45280 
43330 
43890 
43840 
44640 
62220 
37550 
45040 
45030 
48330 
41360 
54620 
45220 
41750 
59760 
35470 
43780 
46640 
45630 
44220 
48830 
44170 
42890 
61060 
37380 
43790 
44350 
46880 
41540 
44870 
43790 
41270 
41100 
43070 
37040 
41080 
41560 
43190 
41910 
49540 
46350 
41330 
59500 
37020 
57120 
47480 
43710 
41000 
43630 
44260 
43730 
42680 
46330 
37430 
43210 
41160 
44100 
45750 
43970 
45990 
42050 
62140 
35380 
38920 
43410 
43120 
43260 
41610 
43280 
50350 
42900 
46000 
36640 
39280 
43500 
42320 
43600 
48770 
50170 
45980 
60180 
36820 
43210 
39300 
40110 
42700 
40290 
41730 
41150 
45340 
49550 
38270 
40140 
39790 
40310 
42130 
42020 
43740 
39760 
62280 
39220 
40530 
44120 
43130 
41010 
43270 
41830 
42150 
45210 
42730 
39310 
43700 
39520 
40690 
41780 
42340 
44070 
43630 
59380 
36250 
41660 
42350 
41390 
41850 
41600 
40360 
43600 
45760 
62540 
37790 
38490 
42000 
46250 
41520 
41230 
41240 
44510 
45380 
40380 
49010 
43750 
41320 
42400 
41070 
45550 
42880 
44110 
67100 
36750 
41520 
46280 
41640 
42460 
42560 
42300 
45040 
42490 
49760 
37980 
40360 
38490 
40720 
41140 
42900 
42840 
48840 
61950 
38620 
41710 
40870 
43680 
40480 
40320 
41670 
47970 
42790 
46860 
37470 
40220 
41700 
40530 
39660 
40040 
42850 
46230 
62600 
37770 
41950 
40140 
42720 
43770 
43650 
41610 
44320 
45440 
42870 
42390 
39650 
38160 
42300 
40850 
40640 
43660 
44030 
68340 
37310 
41420 
41260 
39570 
43360 
40640 
40210 
43620 
41220 
61910 
39810 
40090 
41560 
40260 
41440 
41300 
43550 
45910 
62380 
35690 
43210 
40830 
44580 
41400 
41040 
41070 
43790 
47950 
42650 
36410 
40790 
42110 
42050 
42330 
41820 
47430 
48000 
61890 
38190 
41420 
40810 
41790 
40440 
42010 
41450 
42020 
43750 
45490 
39180 
40550 
37440 
41780 
42640 
41820 
44030 
43940 
72430 
39120 
40770 
41600 
42010 
44040 
43270 
39610 
44950 
41910 
42970 
39530 
39410 
40820 
39330 
41970 
43010 
49750 
45770 
60680 
36280 
40930 
40780 
41480 
39740 
41160 
43660 
45370 
43510 
63530 
37580 
41240 
42130 
43420 
41630 
39020 
44200 
50130 
42440 
578050 
37340 
38470 
42160 
42380 
41460 
41870 
45240 
45750 
59970 
37460 
39160 
41430 
40570 
40630 
40900 
45510 
39250 
44920 
45970 
36010 
39880 
42760 
41350 
43140 
40050 
47480 
45130 
62610 
41370 
40240 
39860 
40080 
39590 
43390 
45510 
42230 
44880 
43510 
39170 
40430 
40600 
41830 
42880 
41840 
46120 
41690 
62220 
37380 
42220 
42900 
41270 
42890 
43040 
46250 
44240 
42840 
44620 
39080 
39800 
41770 
40370 
42550 
42800 
46230 
44120 
58280 
37020 
42260 
41960 
41410 
42790 
41980 
45050 
45930 
42980 
60420 
38200 
41400 
46880 
41280 
44280 
47300 
43180 
43690 
45690 
45410 
18800 
37470 
45310 
22650 
25940 
37170 
45830 
43600 
17760 
41330 
46290 
46430 
61300 
39860 
40490 
41890 
43620 
42730 
41040 
39000 
42720 
44150 
43700 
41250 
41000 
42320 
41190 
64040 
45560 
41030 
44060 
56230 
1140380 
49550 
40980 
43720 
626740 
44330 
48640 
44090 
44150 
44020 
47830 
46310 
41680 
42800 
42500 
44370 
45000 
44760 
41050 
47390 
41970 
43790 
59230 
38110 
45500 
43480 
67500 
37180 
42790 
44310 
43560 
43260 
50530 
42910 
41220 
61790 
38160 
46500 
44540 
43940 
43330 
47470 
43060 
44180 
57990 
41920 
45220 
45020 
45670 
43060 
46740 
43900 
42630 
61270 
36320 
41630 
46020 
44280 
44610 
44880 
42770 
43970 
59570 
43450 
44580 
43050 
46280 
41670 
45240 
44170 
41070 
62490 
42190 
46310 
44550 
44600 
43990 
46520 
46090 
43680 
59760 
36680 
44200 
45870 
44580 
39600 
45110 
43910 
43760 
56790 
35870 
44640 
44420 
43880 
581820 
44810 
42440 
44610 
61030 
42040 
43970 
44950 
44420 
42120 
43230 
45600 
42570 
51800 
44690 
45830 
45240 
44680 
42660 
49430 
44370 
44370 
60410 
36050 
48340 
45270 
96340 
43240 
44810 
44850 
43620 
56060 
36430 
41830 
45040 
44510 
43230 
48230 
45160 
42640 
57300 
36340 
45580 
45210 
43930 
45310 
46860 
45410 
43120 
62950 
43440 
45170 
45590 
45390 
44720 
46250 
43040 
44920 
60180 
37190 
45480 
44520 
48740 
44250 
47270 
41720 
43480 
62500 
45160 
44440 
42590 
45250 
625710 
42440 
49500 
45500 
46840 
46750 
48530 
45940 
42480 
585530 
37500 
43750 
44240 
39330 
42500 
46580 
41710 
44200 
56950 
36650 
44640 
45640 
48360 
42130 
43690 
45460 
43270 
58800 
37460 
43710 
47980 
45210 
42270 
49930 
43290 
45610 
56500 
42580 
42940 
43420 
49530 
42740 
49210 
46730 
43390 
59320 
37230 
44630 
45080 
43440 
43830 
45580 
47210 
47820 
45370 
37720 
45490 
43350 
45220 
21800 
44430 
37520 
46160 
42660 
41080 
20750 
39410 
40610 
40890 
22560 
44730 
33320 
43060 
20500 
43410 
35190 
40520 
42390 
44300 
43500 
43630 
63980 
39340 
40140 
41080 
40820 
40700 
41910 
47770 
44310 
42060 
40010 
36850 
20060 
39290 
22460 
42650 
37050 
40830 
39990 
41110 
40210 
41140 
41140 
42040 
49930 
45160 
33570 
42160 
40810 
62960 
20250 
21620 
19870 
56910 
21550 
20800 
22210 
19900 
44700 
18590 
41800 
17340 
36910 
39380 
23480 
45340 
43340 
42150 
61820 
42820 
45420 
43880 
45780 
40420 
50060 
46540 
41700 
62970 
37490 
46480 
50530 
46490 
43620 
45910 
47450 
46070 
43730 
44020 
42690 
44820 
42390 
65540 
43610 
43900 
44360 
45720 
583310 
36300 
43050 
45730 
47130 
42130 
44810 
44730 
45200 
46880 
44140 
45250 
43830 
41960 
62200 
44450 
49840 
44420 
43500 
44940 
41980 
43320 
43730 
42490 
975430 
45230 
43390 
41680 
43750 
59350 
42130 
41570 
37990 
40160 
39720 
41540 
43860 
42200 
42270 
61040 
39970 
43440 
38480 
42670 
39220 
42670 
41330 
44030 
42630 
43070 
45690 
45720 
55330 
44840 
37300 
39500 
41770 
41530 
44230 
46320 
42470 
43600 
58890 
38010 
38670 
41860 
41440 
43030 
44010 
44780 
40150 
43560 
42370 
41780 
44150 
45120 
44600 
43600 
48390 
46520 
43500 
61090 
42450 
47050 
43870 
48220 
41900 
47150 
47430 
43380 
57600 
38240 
46780 
46670 
44480 
40600 
44440 
45820 
44140 
58910 
36480 
42820 
46380 
49080 
45350 
45550 
45120 
41720 
60430 
42490 
42510 
44540 
43870 
41960 
47360 
42970 
43470 
63020 
45940 
46110 
43820 
45460 
41720 
46320 
45300 
44260 
58820 
36960 
42580 
50630 
46410 
44590 
46570 
43720 
46040 
59480 
36030 
43540 
44980 
46880 
42280 
45910 
43780 
43100 
58430 
36720 
42370 
42940 
44750 
44120 
46750 
46280 
50030 
47960 
41980 
46290 
41760 
41190 
43710 
37360 
44590 
45130 
42660 
41930 
43530 
45390 
45010 
43810 
42870 
43450 
45040 
46960 
41240 
45990 
43820 
46320 
38400 
39870 
41160 
41370 
42710 
44200 
45400 
43250 
61420 
37260 
45720 
41800 
41020 
40080 
40290 
43140 
47490 
44290 
58400 
36700 
41820 
42180 
39480 
39970 
41450 
45840 
47680 
63770 
38180 
39630 
39820 
41900 
40730 
41910 
42650 
46000 
58570 
38330 
40680 
39740 
44390 
43070 
43230 
40970 
43880 
43020 
44060 
39450 
40140 
42960 
40350 
41250 
41430 
41930 
45640 
60910 
36260 
40790 
42340 
39710 
40200 
39360 
42380 
44350 
40590 
44350 
35970 
40770 
41920 
40250 
41150 
40050 
41970 
45180 
44290 
46410 
47790 
44190 
42720 
60660 
37800 
39790 
39230 
43240 
40820 
43190 
43210 
41580 
44900 
41870 
38400 
41570 
42830 
43280 
44760 
47180 
43160 
42920 
64610 
39580 
41690 
42370 
39840 
41550 
45870 
43740 
41210 
40670 
45450 
41260 
42920 
43920 
41640 
42860 
45280 
44250 
41950 
66320 
38400 
43010 
46260 
41510 
42740 
44410 
45400 
43830 
41940 
43660 
40120 
43800 
43030 
40790 
42330 
45480 
42180 
45690 
63100 
36880 
42320 
41950 
43700 
41080 
45910 
43200 
39840 
42230 
45250 
38980 
41850 
39270 
42570 
44300 
42990 
43520 
40950 
65200 
37960 
42030 
43600 
40340 
41550 
45450 
44250 
41500 
41800 
59330 
40640 
42300 
40970 
40300 
41920 
43860 
44730 
40560 
64940 
37400 
43670 
43500 
40800 
41450 
45620 
44440 
42840 
42080 
44270 
37760 
39410 
41580 
41760 
40990 
43230 
45000 
44950 
67680 
38140 
40590 
41190 
40990 
42980 
45740 
44270 
40580 
41490 
60470 
40340 
43050 
39460 
41740 
42130 
43730 
44190 
39520 
62170 
42190 
42170 
40210 
43770 
43590 
47020 
44460 
42080 
59790 
38210 
41330 
41920 
41210 
40090 
42350 
44400 
47810 
44040 
43720 
37070 
44140 
39370 
39780 
42660 
42670 
42730 
44700 
62850 
39920 
43280 
43910 
41450 
50920 
45430 
41370 
42430 
42780 
46200 
38420 
41050 
39790 
41990 
45950 
43370 
43640 
42480 
64280 
38400 
40540 
40730 
39250 
39500 
47090 
42180 
41400 
44640 
60420 
40580 
40650 
39540 
40650 
41110 
48620 
46330 
41770 
59940 
36880 
44410 
43240 
40060 
41410 
42190 
44310 
41250 
41320 
58340 
36740 
39050 
40680 
39650 
42910 
43150 
43460 
48620 
64160 
36350 
40150 
40810 
44510 
42330 
43090 
41610 
42180 
43850 
61780 
38450 
40570 
39130 
46230 
71290 
50980 
21500 
38710 
20090 
45230 
38960 
39730 
23690 
43340 
36820 
43860 
38720 
41950 
45260 
42160 
24460 
44410 
34510 
44600 
41390 
42340 
42970 
40860 
42450 
58600 
42140 
42500 
39950 
39700 
39750 
45160 
44420 
41510 
60320 
43620 
53680 
47140 
44640 
58830 
35790 
44280 
45390 
10078980 
43200 
41870 
46530 
64600 
37710 
44010 
42990 
46910 
42120 
45330 
43090 
42500 
59310 
44560 
42980 
43550 
45200 
41740 
49250 
47250 
42960 
60150 
37260 
43750 
45400 
56900 
50080 
65740 
631010 
49650 
57730 
36360 
45950 
44760 
45970 
42360 
45230 
43330 
44400 
62070 
45120 
42980 
45420 
45120 
43560 
47370 
43870 
43070 
58670 
37410 
47180 
43320 
47050 
40940 
46140 
46490 
41810 
55300 
44280 
45940 
47610 
46060 
42790 
48120 
44070 
46610 
56960 
37170 
44030 
43660 
45920 
44150 
46790 
43690 
41760 
63200 
45260 
45800 
46500 
44590 
43840 
48410 
43780 
43170 
59160 
44660 
45800 
46240 
44260 
46360 
47630 
44920 
45660 
60250 
43340 
42900 
47150 
48990 
41690 
44610 
44770 
44260 
61100 
37470 
42710 
45780 
48900 
47740 
45020 
44070 
42620 
63610 
47130 
44960 
47970 
48380 
44930 
51880 
43650 
45340 
61510 
42260 
48850 
49480 
47000 
42940 
47680 
44580 
48950 
43510 
38180 
41930 
45060 
46570 
43660 
48370 
43570 
42660 
62190 
46710 
45200 
43160 
44280 
43530 
49050 
56430 
45340 
60120 
37930 
45440 
45200 
45420 
42210 
44580 
46100 
41840 
55790 
44500 
46210 
48210 
46220 
42070 
44320 
43050 
45680 
56170 
36240 
44980 
43580 
47990 
47070 
45130 
45270 
41200 
63050 
44640 
