76820 
56460 
48970 
47580 
43220 
43410 
85590 
60730 
64350 
61930 
64510 
66400 
60100 
61360 
61250 
62010 
59430 
59940 
57030 
58660 
56430 
57450 
54560 
55250 
58120 
55720 
58150 
54230 
57970 
57100 
58320 
53300 
65410 
43800 
42690 
43060 
41730 
47420 
41710 
41580 
53350 
44280 
44330 
95480 
81040 
59710 
47810 
42530 
42000 
40200 
43460 
42110 
42860 
40610 
39260 
44380 
40440 
39790 
43070 
40180 
43100 
39240 
40890 
41230 
40560 
41370 
42660 
43160 
45930 
44510 
41960 
44490 
41870 
44480 
71140 
58620 
58160 
55900 
59110 
57400 
54310 
57580 
52900 
57280 
58350 
58180 
57700 
54020 
56260 
55850 
53610 
57150 
56060 
57710 
63070 
59310 
52800 
57310 
54390 
72440 
66100 
44750 
42430 
39860 
44660 
40800 
40270 
42850 
42370 
45190 
45050 
99690 
84850 
61440 
55310 
43400 
42110 
38310 
43660 
39460 
41660 
41060 
39810 
41740 
40350 
39840 
39240 
39820 
41610 
39630 
42940 
41820 
39900 
42120 
40710 
39960 
44870 
41030 
45970 
42330 
44630 
43480 
41300 
75820 
59450 
55640 
61340 
52640 
57350 
55700 
54460 
56940 
56860 
56030 
58620 
57540 
58410 
55740 
54760 
57810 
55970 
59090 
56880 
56040 
56360 
53370 
59470 
61110 
58350 
61980 
44110 
40000 
43700 
42680 
42140 
42780 
43240 
47730 
44160 
42970 
91220 
82000 
63600 
46540 
38490 
42460 
41690 
39290 
41380 
40440 
41400 
41150 
38880 
42350 
41950 
40660 
46090 
39200 
43310 
40140 
38710 
43480 
42050 
44480 
55160 
41340 
45120 
44090 
45400 
42190 
40330 
73390 
57820 
54260 
58430 
55410 
58930 
55480 
60300 
61100 
53720 
56500 
57440 
56030 
56190 
58710 
55580 
56010 
57790 
60520 
58810 
56270 
56860 
55260 
62010 
54510 
57320 
62750 
46140 
40730 
42050 
43280 
48290 
42010 
40170 
49300 
44090 
41060 
95820 
82620 
62730 
55920 
40290 
44020 
41050 
48380 
41760 
41590 
43350 
40570 
41930 
42900 
43750 
45630 
39040 
39510 
46040 
44340 
43030 
40510 
39680 
42160 
40690 
41740 
43810 
41520 
45320 
41540 
43370 
42310 
77360 
61070 
54680 
57700 
60110 
55370 
58090 
57030 
53940 
58210 
55830 
57990 
57310 
58460 
56160 
54840 
55950 
60630 
56470 
53560 
57300 
56200 
59600 
55900 
54910 
57840 
63080 
43620 
39920 
40930 
44210 
43310 
43370 
44700 
44130 
44650 
42220 
96450 
76520 
56050 
42900 
41800 
39200 
42150 
39050 
39580 
41380 
39750 
42290 
38760 
41880 
44310 
41210 
43220 
38740 
39540 
42690 
41480 
42180 
38320 
38420 
43960 
41150 
44200 
45760 
42980 
43840 
39510 
78390 
60650 
58110 
56910 
55690 
56520 
59180 
58920 
61060 
58590 
56360 
59090 
54630 
55350 
58660 
52880 
59670 
54380 
56350 
56820 
57230 
54690 
59700 
54210 
57110 
54550 
62790 
43300 
40140 
39370 
43070 
45680 
43570 
43510 
46940 
46110 
44930 
94070 
83910 
53640 
53210 
39730 
42970 
41180 
39690 
41880 
39440 
47590 
43130 
38840 
44740 
41100 
39750 
41830 
38920 
38520 
42020 
39220 
40260 
40300 
37740 
43970 
40810 
45760 
41170 
43110 
44820 
41450 
47340 
74640 
56980 
59770 
57140 
54710 
57280 
54910 
60010 
54520 
55370 
56730 
56670 
56680 
58100 
61340 
57950 
53970 
55620 
57040 
55160 
57980 
55410 
57480 
57590 
56300 
58780 
56040 
41630 
43400 
43970 
43450 
45300 
41370 
43670 
45250 
45620 
42500 
93950 
67260 
63630 
41340 
43730 
40850 
39340 
42740 
40080 
41720 
40650 
41220 
40770 
40780 
38950 
39700 
39590 
42280 
39840 
40250 
41470 
40220 
42370 
41070 
42160 
44290 
44620 
43080 
45010 
43740 
43400 
78340 
56630 
56490 
59340 
58030 
56390 
54080 
58960 
54330 
58410 
56040 
57320 
58230 
56940 
60190 
61380 
56830 
55220 
54680 
56310 
58090 
56820 
55600 
60540 
57560 
57950 
62330 
42590 
42980 
43070 
44770 
43310 
40760 
41790 
47370 
44770 
43610 
94190 
84170 
63650 
46110 
43910 
40980 
44160 
40370 
40130 
42520 
40510 
39520 
43510 
40570 
44840 
40900 
40880 
45880 
39980 
43000 
40370 
40810 
43570 
40690 
44340 
41780 
46850 
45340 
40430 
42350 
46390 
55050 
61380 
55910 
60050 
59120 
52870 
55660 
58550 
61380 
60190 
56370 
57280 
57520 
53800 
56100 
55270 
56060 
57040 
57270 
58510 
56450 
55090 
57030 
56430 
54960 
57570 
58280 
49690 
41140 
40460 
45230 
43020 
41760 
40220 
41690 
47360 
44970 
84220 
92070 
67900 
59710 
40720 
40610 
42940 
42600 
40390 
41600 
42280 
42090 
40590 
42180 
41710 
39190 
41800 
40720 
40450 
41370 
39550 
41110 
42290 
39670 
42990 
42890 
41710 
46880 
42080 
43430 
40860 
40210 
76320 
53960 
59120 
55890 
54840 
60360 
53190 
56510 
55980 
59270 
58280 
55190 
58210 
59680 
52430 
54310 
57740 
57180 
60800 
54420 
54900 
56800 
55320 
56960 
54010 
58560 
63740 
43320 
43560 
42850 
42870 
43810 
42350 
39890 
49860 
46510 
44690 
93410 
81070 
59600 
46510 
40470 
44160 
42470 
56250 
43010 
39360 
42030 
39940 
42380 
42220 
38890 
41700 
38440 
41320 
39500 
38840 
42610 
41030 
41760 
43730 
43590 
44760 
45510 
42280 
44200 
42320 
41520 
75940 
59320 
57740 
54600 
54700 
58030 
53700 
58070 
55630 
55310 
59300 
57900 
62720 
57790 
57170 
57310 
57060 
56510 
58870 
58010 
56630 
56180 
59190 
57730 
55960 
57140 
63380 
43610 
43800 
41240 
43550 
43120 
43430 
44710 
46190 
43140 
43510 
91020 
81830 
66340 
54980 
47810 
43920 
40110 
43750 
38280 
41720 
39890 
40340 
40980 
41310 
39530 
41700 
39840 
42020 
39520 
38980 
44540 
41660 
43090 
41590 
40480 
48110 
41720 
45850 
40950 
41540 
48280 
41340 
78810 
60180 
53890 
61670 
54100 
57090 
56740 
59790 
56270 
61730 
56410 
60080 
55700 
57750 
58910 
56350 
58520 
53940 
55810 
57210 
62020 
57340 
56650 
57740 
57460 
63400 
67150 
43580 
40540 
43520 
44010 
46150 
43050 
43890 
44400 
46180 
43920 
95110 
77770 
59380 
45740 
40550 
45010 
42420 
39820 
43840 
40370 
41610 
42960 
40250 
43830 
41840 
40580 
45790 
40990 
42780 
39850 
41440 
46210 
40730 
41710 
46590 
41270 
46170 
42120 
42360 
44560 
42900 
77500 
58460 
54390 
57690 
56160 
63700 
54040 
54750 
58770 
54720 
56420 
58040 
54570 
57500 
54250 
55660 
56540 
58820 
61160 
56540 
56970 
59790 
69790 
60030 
56160 
58130 
65400 
42680 
39500 
42260 
44470 
46420 
42340 
40680 
49660 
41890 
41110 
89760 
84120 
62580 
50380 
39160 
40490 
40090 
39270 
43450 
39310 
41570 
40250 
38790 
41000 
40080 
40160 
40900 
37620 
43430 
44770 
41250 
41790 
40120 
41380 
42060 
43250 
45440 
41620 
44440 
41660 
38580 
44240 
76790 
58110 
57290 
56460 
60200 
55600 
55040 
59830 
54820 
58370 
53070 
55680 
59940 
59190 
59900 
54250 
56340 
55670 
56080 
55010 
59800 
56260 
56790 
55590 
56250 
56900 
60050 
43150 
41160 
42250 
43860 
42340 
40700 
45840 
46010 
44750 
41590 
91440 
73030 
57300 
43000 
41280 
38660 
42230 
40330 
40180 
43060 
41010 
41360 
40270 
38840 
42310 
40730 
39820 
42560 
39540 
41860 
39610 
38670 
42500 
40120 
46700 
42010 
44420 
44990 
42000 
44270 
40690 
76890 
59960 
52880 
60410 
60030 
55870 
58430 
53920 
56320 
56520 
53200 
57270 
57320 
56520 
58630 
52960 
54250 
57320 
56270 
57660 
57170 
56100 
59140 
55330 
59570 
56170 
63110 
42930 
42450 
40190 
44680 
43110 
43970 
40720 
46580 
45590 
43420 
94140 
83420 
57100 
57510 
42180 
40380 
42160 
40710 
46930 
43310 
41390 
41370 
40090 
42090 
41380 
41150 
42210 
41720 
38010 
42350 
38810 
42980 
40980 
39740 
44150 
42060 
45070 
43640 
42690 
44180 
41060 
48480 
68540 
56240 
58370 
54090 
55770 
57000 
56190 
58160 
55300 
56450 
59030 
54090 
54110 
57050 
55450 
59510 
55240 
57440 
59220 
57890 
54400 
56640 
55770 
57390 
60090 
52800 
55480 
41600 
42530 
43120 
42340 
45200 
41030 
43960 
45590 
43280 
44610 
90230 
60450 
57840 
42130 
47020 
41020 
39290 
42340 
40780 
37830 
45300 
41670 
41760 
39510 
39790 
42550 
38280 
41150 
39310 
40720 
41980 
38600 
41270 
41940 
42110 
44460 
44580 
42300 
42960 
40610 
52840 
78700 
60560 
58890 
54800 
57810 
57330 
57680 
57340 
58330 
56310 
58300 
59400 
57860 
54240 
54610 
55720 
55550 
59470 
55970 
54300 
60990 
55180 
55510 
58320 
54840 
56810 
61530 
43400 
42810 
39790 
43800 
43440 
42450 
46380 
49350 
43480 
43700 
89650 
81250 
56550 
44730 
42590 
40580 
41000 
40520 
41190 
42720 
42460 
39940 
42110 
40930 
42010 
40660 
40010 
42380 
39640 
39350 
43470 
39320 
43490 
39070 
42010 
43900 
44470 
44930 
42270 
40380 
44850 
64400 
61120 
54930 
55140 
57140 
54800 
55650 
58180 
53730 
57740 
54750 
54530 
56810 
53060 
56050 
57200 
56170 
58750 
56790 
56790 
56630 
54450 
57280 
55130 
54970 
58440 
64330 
45400 
42900 
40370 
45140 
42670 
42890 
42850 
42210 
45780 
42240 
93530 
86420 
63410 
53440 
44790 
41280 
42350 
40150 
39940 
44840 
39890 
41470 
39360 
40180 
42030 
41080 
40980 
40850 
39870 
40740 
38790 
40540 
41390 
41140 
43610 
44380 
41870 
44830 
42340 
43920 
43160 
41560 
76630 
56930 
56110 
58720 
53230 
59090 
56100 
56610 
56370 
55760 
60250 
54200 
56430 
55790 
57230 
55280 
59190 
57220 
58850 
53900 
60020 
58600 
56070 
56960 
57220 
55810 
62420 
45620 
39180 
45040 
44140 
43910 
42660 
42570 
47670 
44540 
43660 
91450 
77140 
58660 
48020 
39290 
44810 
39350 
42040 
41440 
40580 
42170 
40810 
39650 
43430 
40020 
41860 
39440 
38720 
42070 
40480 
42930 
39330 
41570 
43130 
42340 
44880 
42710 
42100 
44230 
41340 
42460 
75110 
59880 
59580 
53820 
55610 
60440 
54430 
54800 
55510 
54350 
58610 
56750 
57350 
56660 
55970 
54810 
55120 
53510 
55550 
56820 
56900 
51980 
55690 
58180 
65990 
61340 
64410 
42370 
43120 
40030 
43740 
41790 
40790 
39100 
49320 
43560 
42010 
89840 
81470 
63900 
50270 
42550 
40760 
39660 
43040 
40250 
42830 
42450 
38990 
41890 
60110 
41720 
43540 
40180 
43530 
39440 
39910 
41310 
40400 
40380 
42280 
41260 
46740 
42670 
48770 
43330 
42040 
41620 
40100 
76090 
59330 
55200 
61720 
56510 
54850 
59250 
58940 
56040 
57060 
54130 
56650 
54630 
55820 
61160 
55870 
59190 
57930 
55530 
57390 
54340 
57240 
56160 
56830 
57920 
52810 
61370 
47560 
44560 
45220 
42480 
41720 
42180 
45760 
42900 
45630 
41690 
91730 
72800 
57530 
47210 
42290 
40130 
42820 
39560 
43430 
41970 
39710 
42450 
37590 
40080 
38700 
40820 
43240 
39920 
40940 
41820 
40520 
41490 
40620 
39120 
44530 
42320 
44090 
44760 
45860 
43610 
39710 
77310 
57630 
54070 
57570 
52160 
56350 
56510 
54770 
59720 
52700 
55130 
57110 
55550 
59250 
54090 
60190 
60360 
54620 
57770 
57500 
55940 
54710 
54440 
54970 
57930 
55510 
62030 
44110 
43630 
41240 
42300 
40850 
43610 
39600 
48620 
44240 
62610 
94710 
83350 
57510 
53550 
39900 
43470 
42050 
40090 
43760 
39120 
45370 
41690 
39860 
42500 
40290 
40540 
45190 
39930 
43460 
42980 
39160 
43390 
41570 
42940 
43150 
41920 
46830 
42170 
44150 
44200 
41610 
44820 
75990 
58200 
58860 
55480 
57450 
56680 
57450 
58300 
53190 
55310 
59810 
55500 
57080 
55770 
54570 
56640 
56250 
58370 
54440 
53690 
58790 
57370 
56090 
53990 
54780 
57940 
61110 
43630 
42250 
43870 
44500 
43330 
41330 
43240 
46260 
43220 
44660 
91090 
69910 
52460 
42700 
42960 
42020 
41730 
40910 
39300 
43220 
39750 
39830 
39660 
39240 
42340 
39130 
38790 
43040 
39460 
41540 
38590 
38260 
40260 
39840 
42920 
43460 
43520 
43430 
39000 
40990 
43440 
77500 
60750 
54800 
54290 
59810 
55080 
73510 
59330 
55490 
59490 
56620 
58300 
58070 
55280 
60710 
53500 
56040 
57000 
56100 
71270 
62690 
59100 
58190 
55040 
54690 
59490 
62520 
44630 
38610 
40310 
47410 
43120 
43340 
39590 
48790 
44650 
43360 
91900 
81030 
58520 
47930 
41140 
43790 
42780 
41400 
39730 
43440 
41160 
41890 
40660 
40910 
41790 
40310 
42380 
39560 
41890 
41650 
41560 
41950 
42630 
40710 
45780 
42660 
43270 
43660 
41000 
44530 
39860 
59330 
63450 
53640 
54640 
59740 
56190 
57190 
56220 
57070 
56380 
54100 
61120 
56580 
59600 
58920 
54920 
60150 
56130 
56930 
59590 
55530 
54740 
57950 
56370 
61790 
58690 
53440 
53200 
42240 
40610 
44820 
41270 
42970 
42510 
42790 
46850 
41760 
74600 
91110 
64520 
58090 
43310 
44070 
40050 
40230 
41370 
44160 
38170 
42500 
40120 
43750 
40650 
42220 
42340 
38750 
38370 
41110 
37890 
46750 
40460 
41210 
41070 
41420 
46650 
44190 
41350 
43730 
42670 
45010 
76250 
54370 
62890 
55370 
56350 
58680 
56820 
58470 
53970 
53840 
58750 
55920 
58030 
57190 
60790 
58350 
56100 
58390 
56990 
55510 
57630 
54430 
55520 
58520 
55700 
58070 
61140 
42190 
41740 
39790 
42940 
45820 
41880 
43000 
48350 
47700 
46820 
93430 
78190 
60290 
50390 
43680 
43610 
39940 
41320 
43150 
42810 
42190 
39800 
43520 
40410 
43170 
40100 
39940 
42220 
40560 
53750 
43400 
40100 
43340 
40100 
43170 
47180 
43480 
44570 
46870 
41150 
46540 
73230 
59030 
54660 
55420 
57110 
61850 
55710 
58000 
54160 
57040 
58400 
56220 
57780 
52470 
57260 
56280 
60100 
57600 
58230 
55570 
60170 
59140 
53640 
57240 
54480 
57030 
61250 
47900 
41940 
40490 
44160 
43960 
42370 
42290 
46680 
46360 
41570 
93300 
81300 
66200 
54560 
42730 
40230 
41950 
40530 
39360 
41550 
42400 
37950 
44590 
39610 
42790 
39940 
39080 
42340 
40910 
41140 
49220 
37970 
42790 
39440 
41840 
42050 
42090 
47910 
41220 
44510 
43560 
39330 
75350 
55610 
54580 
61090 
54370 
58960 
56580 
55700 
58040 
54710 
54280 
57960 
57370 
59230 
54660 
56160 
57220 
58460 
56400 
54010 
57000 
56060 
54850 
53130 
56670 
53470 
63360 
42230 
42610 
42970 
41530 
43930 
42990 
42980 
48260 
44060 
43160 
93480 
77150 
58580 
44860 
39850 
42640 
40740 
41390 
38750 
40110 
40900 
43140 
39730 
40930 
39170 
39520 
41480 
40190 
40990 
38560 
38850 
41700 
43160 
42790 
40580 
43190 
44760 
42220 
43480 
40650 
41130 
75900 
56040 
57760 
57330 
53660 
58570 
54090 
56270 
55510 
55140 
59830 
59910 
54670 
57190 
52700 
53820 
58990 
57040 
60170 
55050 
56080 
57120 
55170 
56290 
56110 
56060 
64940 
44100 
43720 
40570 
43450 
44930 
40430 
39440 
47590 
47700 
44950 
93910 
83740 
62130 
51800 
39220 
43220 
39470 
44420 
39990 
39250 
44570 
40350 
40720 
41010 
40140 
41740 
41110 
41100 
39760 
39790 
42680 
39280 
42340 
43240 
44760 
44750 
43180 
40660 
43470 
40460 
39960 
42540 
75590 
59820 
55100 
60400 
57510 
54830 
58010 
53540 
53280 
