74610 
47300 
47070 
48520 
42060 
41680 
38920 
51450 
43750 
41500 
96800 
88150 
65210 
53620 
45480 
41690 
38060 
40900 
40490 
40910 
40150 
38190 
39620 
40060 
38250 
39090 
39450 
40240 
40110 
39400 
38940 
38970 
41040 
39440 
39970 
40340 
43510 
41260 
41230 
40530 
43760 
45700 
68600 
57220 
58310 
55240 
54280 
54260 
55040 
52860 
55300 
52500 
53350 
56840 
53950 
59420 
53370 
56060 
53740 
56400 
56430 
55720 
57800 
55330 
53970 
54700 
54640 
55660 
54570 
44220 
41100 
43930 
40060 
40040 
38170 
44210 
43030 
40870 
51080 
92170 
63700 
53610 
40200 
41160 
39890 
41630 
37990 
39450 
41740 
39150 
38070 
43300 
39220 
40110 
39240 
39100 
38190 
37110 
39160 
37080 
39210 
39520 
38330 
43910 
39850 
43310 
41270 
39410 
39680 
39010 
73260 
60660 
56290 
57120 
56880 
56940 
53240 
58110 
55780 
57620 
53860 
52390 
53300 
59150 
56150 
56830 
52290 
54190 
53650 
53210 
57850 
54050 
55040 
52690 
53090 
55230 
59020 
44320 
38280 
39000 
42210 
39890 
37480 
39400 
47500 
45510 
40050 
94300 
81920 
56480 
47710 
37840 
40350 
41980 
37990 
38300 
38500 
39240 
39980 
37980 
37040 
38410 
39690 
40440 
39510 
40550 
39520 
38730 
39090 
37590 
41760 
39490 
39490 
41860 
58750 
42110 
39210 
38240 
63900 
59510 
55610 
51990 
53260 
53270 
54010 
55040 
52950 
56480 
57050 
54300 
55220 
53490 
55140 
55270 
52250 
58630 
53660 
54890 
55460 
53170 
56250 
54000 
52280 
57930 
64320 
43650 
40110 
40810 
40900 
42050 
41220 
39420 
47310 
46160 
39890 
89450 
85310 
65240 
56810 
42110 
43030 
41770 
40540 
43230 
39570 
41550 
38120 
38830 
40270 
37330 
39360 
39260 
37150 
37170 
37900 
39890 
41070 
37810 
40800 
39510 
42560 
41570 
42380 
40480 
39690 
41300 
38480 
75050 
61830 
56920 
53460 
52860 
54360 
55900 
56640 
53270 
53170 
52960 
54650 
51180 
56230 
57080 
55400 
59140 
52720 
58110 
54720 
58830 
53430 
54770 
53800 
56890 
52990 
65430 
41730 
38260 
41250 
41480 
42870 
40170 
41210 
43400 
41010 
42340 
91450 
78730 
56390 
44910 
42280 
39520 
41050 
39210 
39550 
40590 
38000 
39020 
39250 
37980 
38600 
38960 
39950 
39320 
38510 
42560 
38580 
40040 
38780 
38350 
40700 
41000 
41830 
42600 
41440 
45700 
41980 
70860 
57520 
56440 
60160 
57460 
53520 
58270 
54600 
55580 
51300 
54520 
51970 
55260 
54900 
55130 
54430 
52940 
55130 
53490 
54780 
55010 
54240 
70460 
60460 
56820 
55300 
61540 
40720 
38790 
39420 
41250 
41750 
39720 
40490 
45640 
40410 
42260 
91700 
80820 
60600 
50720 
43860 
38030 
40310 
36770 
40160 
38940 
38880 
40280 
39300 
39280 
38650 
38670 
37820 
40530 
38690 
41600 
40050 
37990 
37320 
38370 
39430 
43640 
40580 
41130 
38830 
40520 
42190 
41500 
76420 
53180 
54800 
55950 
57540 
55630 
52850 
57170 
53120 
54740 
50770 
53680 
55120 
57450 
54820 
53130 
54280 
54490 
52340 
57870 
58080 
55320 
53320 
53520 
54360 
53000 
61580 
39390 
43030 
43820 
46630 
38620 
39400 
41890 
47790 
41900 
41730 
90870 
69700 
57290 
39360 
39560 
39020 
38080 
38470 
40340 
43050 
39910 
36690 
38470 
40120 
37580 
38890 
39160 
39020 
40740 
40180 
37380 
39230 
38740 
41150 
40490 
39850 
43750 
41660 
40800 
38290 
39660 
78690 
57140 
51770 
57740 
55400 
54370 
53910 
53040 
55970 
55900 
52030 
56500 
53910 
58950 
55790 
51970 
59250 
52900 
53460 
57760 
57750 
54360 
54030 
53950 
52690 
58710 
64150 
43080 
37690 
40980 
42370 
40590 
38170 
38290 
49590 
43640 
42720 
97120 
80970 
58170 
49780 
37600 
38280 
39640 
39370 
40170 
38990 
38540 
38910 
39070 
39470 
40510 
42730 
39900 
37800 
40370 
38220 
39030 
37690 
40610 
39350 
40000 
40670 
47320 
41660 
43840 
48440 
39450 
43060 
69880 
56380 
60180 
55860 
53110 
57510 
61630 
55140 
52390 
57800 
54690 
55480 
57150 
54370 
54260 
53320 
59980 
57120 
56510 
55220 
53320 
53670 
54840 
54970 
53300 
56420 
56510 
44210 
39590 
39700 
40410 
40490 
40030 
40200 
43040 
42920 
44940 
92340 
73260 
55460 
51540 
48640 
67060 
43640 
41850 
39110 
38050 
41550 
40310 
55830 
40340 
40290 
41780 
42330 
39300 
38650 
38630 
41480 
40150 
36950 
45060 
41760 
41640 
40300 
41490 
52300 
47370 
38730 
75150 
57190 
57700 
56720 
54130 
55490 
56320 
55450 
50950 
57050 
55620 
63790 
55920 
53060 
53380 
56840 
56020 
53760 
54750 
53450 
54130 
52040 
55670 
54250 
58990 
52740 
61360 
50530 
42300 
39960 
39980 
40690 
41210 
41580 
46520 
42180 
40440 
90330 
83900 
52410 
47430 
39410 
40220 
38760 
37230 
38990 
37990 
38640 
38310 
41310 
45070 
38240 
40910 
39590 
38940 
41020 
39840 
39420 
39880 
36840 
42490 
42300 
41490 
41700 
40080 
39980 
42560 
40300 
55140 
55380 
55910 
56740 
55910 
51630 
55700 
57400 
53050 
62050 
54830 
53350 
55300 
53660 
58550 
53590 
56720 
57400 
56900 
60090 
57400 
60680 
54630 
56930 
56780 
54490 
60760 
44400 
39730 
41610 
41360 
39290 
40830 
40090 
47270 
44400 
40330 
94840 
87500 
62650 
57740 
41550 
42860 
38490 
38880 
42330 
39620 
43490 
41040 
39210 
39670 
41740 
41590 
37540 
39680 
38510 
44620 
39160 
39980 
40580 
55620 
39680 
42370 
40720 
44280 
40350 
38430 
42870 
40340 
76620 
59170 
54620 
55660 
54660 
56710 
53830 
55270 
56390 
55610 
54620 
53570 
56350 
56430 
53190 
53630 
55980 
54430 
53260 
56290 
56490 
54240 
54860 
58380 
54520 
56560 
61110 
39050 
39460 
40310 
42580 
40590 
38080 
53240 
46070 
43930 
40100 
94070 
78170 
53690 
47050 
43490 
38920 
39420 
37900 
40030 
39530 
38380 
42410 
40470 
40660 
40040 
38550 
37820 
39320 
38890 
39000 
37220 
37640 
39510 
43470 
41660 
38670 
43330 
40570 
39890 
40300 
40770 
72100 
57950 
53760 
55110 
52420 
60190 
57200 
55210 
54210 
52880 
56850 
55950 
57130 
51650 
56200 
56000 
52850 
60480 
54640 
53360 
55930 
53640 
57230 
57420 
51550 
61610 
62600 
42050 
38630 
40610 
43600 
43390 
38070 
37390 
45290 
44390 
43550 
88540 
89720 
61680 
54120 
39590 
38360 
40540 
39050 
40430 
40020 
38190 
38940 
39370 
38960 
41600 
40030 
39300 
38110 
38800 
44210 
38610 
40080 
37910 
39930 
40200 
40190 
39150 
42550 
41600 
41160 
40520 
39550 
75460 
57400 
55860 
53680 
54220 
57580 
54870 
53800 
55970 
56470 
53940 
59990 
59610 
56960 
53690 
54960 
53120 
52820 
58020 
55030 
52170 
53060 
55130 
53550 
55080 
54480 
62240 
39670 
41110 
40130 
46010 
41730 
39420 
39720 
46590 
41420 
41230 
95150 
75020 
57460 
42020 
40100 
39880 
39410 
40140 
38840 
38010 
38130 
38340 
40330 
37600 
39700 
38470 
39320 
40310 
40740 
38430 
42000 
38720 
38200 
39500 
41480 
39320 
43850 
41060 
40140 
39570 
41160 
71490 
58500 
55120 
56990 
53190 
54280 
56770 
56660 
56950 
51470 
55950 
57250 
57480 
55150 
55610 
54240 
53170 
53940 
55790 
52050 
58110 
54390 
52760 
54910 
55090 
54980 
61550 
42430 
40470 
38180 
39450 
41850 
39230 
37720 
48500 
41560 
41300 
90180 
86360 
54730 
52090 
40550 
40570 
40840 
41510 
40190 
38710 
37590 
39070 
39240 
38390 
39860 
40150 
38650 
38240 
37170 
39490 
37830 
37790 
39540 
37790 
40350 
40930 
44450 
42370 
39900 
41120 
40440 
41390 
76180 
59660 
58210 
54490 
54490 
61310 
55930 
67960 
58600 
54280 
51940 
54590 
56920 
55620 
60810 
54710 
53530 
57770 
54200 
56050 
54650 
59020 
56790 
55210 
55890 
54890 
58370 
44060 
38640 
40640 
38770 
39530 
39920 
39220 
44700 
41150 
41170 
89470 
67660 
57030 
41350 
39560 
39530 
38560 
41850 
39220 
39360 
39470 
37780 
41560 
39440 
37780 
41230 
39030 
43440 
39210 
36490 
38560 
39280 
39720 
38840 
37790 
41070 
43910 
41110 
38350 
39620 
39730 
74690 
60170 
54630 
54870 
56890 
58340 
53810 
58040 
52110 
58910 
51380 
54880 
54810 
53750 
55020 
53380 
53000 
53630 
56660 
55570 
65420 
60030 
58060 
54290 
55000 
54520 
63440 
42830 
39540 
40130 
42000 
41210 
38600 
37280 
50530 
41660 
39720 
92680 
84460 
60550 
43660 
40780 
41640 
37890 
39210 
38310 
38420 
40000 
38700 
38250 
38950 
39150 
41960 
41180 
43250 
39340 
39380 
40750 
38040 
40570 
39110 
41500 
40150 
43470 
39400 
40710 
38600 
40330 
48900 
65590 
56640 
52030 
53150 
55430 
56420 
52130 
53040 
59220 
52950 
55700 
53010 
61920 
56030 
54310 
55630 
57240 
53910 
55190 
53690 
55490 
54410 
54230 
53530 
51690 
56180 
54670 
42040 
38370 
43240 
42330 
39580 
37240 
43520 
42770 
45610 
83750 
89300 
74170 
54510 
43460 
40680 
38950 
38780 
39560 
38720 
39990 
38920 
38450 
38280 
40130 
40780 
41130 
39820 
35790 
37940 
40780 
42910 
40400 
39410 
38740 
42180 
39950 
42600 
41020 
42380 
42430 
39390 
74450 
58050 
57030 
53940 
53360 
56740 
54640 
56060 
52300 
57690 
56910 
52460 
55750 
54210 
54770 
52330 
55740 
54350 
60190 
55540 
54230 
51190 
54260 
54880 
53010 
55150 
61570 
43380 
38570 
38030 
41930 
40090 
40940 
38460 
46460 
46050 
40460 
92790 
82590 
55950 
51640 
42570 
40630 
38440 
48420 
51700 
41180 
40660 
43360 
39570 
40980 
38680 
39510 
38490 
41220 
39470 
39210 
39010 
37820 
38170 
39570 
41650 
39340 
41060 
39230 
39870 
44770 
41130 
67360 
57050 
55410 
54510 
55820 
53420 
57730 
59320 
55270 
57130 
51670 
53610 
55980 
53470 
58040 
55870 
58700 
53690 
55230 
57300 
53340 
55520 
52500 
56850 
55270 
54230 
60190 
43270 
39090 
40620 
41510 
42280 
40490 
42310 
47750 
40850 
38700 
91350 
82340 
66030 
53390 
45880 
40380 
37740 
41740 
39350 
39150 
53840 
43070 
39850 
41350 
42440 
38440 
39920 
40270 
40140 
40030 
39300 
37440 
39740 
39520 
38350 
43850 
40140 
42700 
40090 
42250 
40430 
39690 
76560 
58160 
55980 
56240 
53040 
54220 
55270 
56280 
56360 
53010 
54270 
54480 
57260 
58990 
53600 
54140 
54950 
53020 
55570 
53600 
53910 
54130 
54080 
56830 
54330 
53230 
63250 
42690 
39700 
40470 
42510 
40810 
42390 
43050 
43810 
58110 
43900 
89670 
77770 
55250 
42430 
40120 
38950 
41430 
38470 
40190 
38700 
39020 
40110 
39640 
38820 
40570 
38290 
40270 
38830 
41810 
39960 
37550 
40490 
39340 
37070 
42010 
39740 
44300 
46140 
40200 
39730 
40270 
70240 
60480 
53430 
56750 
55180 
54650 
56490 
56210 
58240 
56000 
56570 
52610 
61330 
57110 
55350 
60070 
53530 
55340 
55600 
53950 
58540 
53610 
56730 
55810 
53000 
56920 
62080 
44620 
40620 
41380 
41210 
40750 
39950 
40520 
47460 
46170 
41030 
89720 
89170 
57830 
53740 
38900 
39880 
41820 
39100 
40780 
40170 
39160 
40640 
39820 
37630 
40040 
37340 
41370 
40290 
39160 
39320 
39810 
38750 
39910 
39890 
40240 
39900 
43830 
41140 
41070 
39490 
39230 
40390 
75520 
59180 
56820 
55880 
55520 
55320 
57340 
54300 
52370 
56930 
53670 
56590 
54180 
54280 
55870 
52740 
58440 
56570 
57220 
57990 
54580 
57310 
53710 
54920 
55690 
55310 
72250 
48200 
37920 
40750 
39970 
42080 
39870 
39800 
44390 
42240 
43190 
92470 
67830 
57300 
43530 
38990 
42020 
39010 
43110 
37720 
39500 
42350 
38950 
40010 
39540 
39200 
41380 
39550 
37870 
38140 
39860 
39490 
39230 
39600 
39230 
42830 
41630 
40630 
40850 
40020 
42670 
38890 
76160 
61320 
56390 
53970 
53740 
54650 
56410 
54600 
54070 
59690 
56960 
55790 
55810 
55960 
54630 
54890 
55570 
52380 
56040 
53910 
58340 
56960 
56420 
54680 
55500 
57690 
63980 
42530 
39120 
41240 
42040 
42880 
40680 
41000 
48120 
41840 
42400 
90340 
84210 
61780 
49550 
42180 
41040 
39430 
39720 
38930 
39460 
36890 
38560 
39690 
42980 
42040 
40660 
38660 
40080 
38080 
37670 
40060 
37170 
39980 
41560 
42450 
40400 
41930 
38410 
39760 
41010 
42660 
47640 
66470 
56570 
56630 
56460 
56740 
55480 
56740 
59370 
55600 
54690 
54080 
59710 
55930 
54610 
57450 
57720 
54350 
63830 
59400 
56450 
55050 
52790 
54140 
59880 
56350 
55200 
56220 
41180 
42240 
42970 
41610 
39950 
40040 
47500 
44630 
44450 
61550 
91310 
62280 
61960 
46340 
43120 
40020 
37510 
42080 
40880 
39750 
39630 
39130 
39000 
44710 
39540 
38780 
40350 
39400 
41430 
40870 
39890 
43490 
44100 
40940 
46780 
42030 
43410 
44430 
41470 
43600 
40070 
80290 
56440 
60840 
55780 
56250 
53440 
54570 
62390 
57060 
56120 
55930 
57600 
58020 
62860 
56580 
57930 
56980 
55430 
58610 
57710 
54400 
55500 
53780 
60550 
64090 
54650 
64910 
41460 
39540 
43520 
43260 
39620 
41910 
41540 
48040 
42840 
39440 
91280 
80940 
61890 
49210 
39710 
41360 
40050 
42140 
40120 
39210 
39770 
39170 
40870 
38090 
39070 
39670 
38650 
39730 
42050 
39030 
37500 
38500 
40500 
39660 
39080 
40740 
41460 
42510 
41430 
42080 
39880 
62540 
57570 
53510 
56000 
56690 
55530 
57690 
56570 
56920 
56980 
55590 
55200 
54270 
58060 
56480 
53620 
55410 
53240 
55110 
55190 
53560 
55580 
56780 
59330 
52890 
54720 
65150 
43760 
38660 
39850 
40250 
44260 
40450 
38020 
44610 
46730 
48190 
90980 
84030 
65300 
53900 
39720 
40360 
39420 
43940 
41160 
39830 
39180 
45280 
42610 
38340 
39040 
38580 
39750 
39620 
41870 
41160 
40400 
38020 
41270 
48920 
48030 
42050 
39170 
43430 
43370 
40790 
39970 
39130 
73730 
57190 
55620 
55740 
61250 
58390 
55420 
57490 
58290 
54770 
57160 
53120 
57120 
55350 
56760 
55480 
54620 
57130 
56850 
57810 
54560 
59070 
56590 
55720 
55080 
59110 
58800 
42160 
40210 
39520 
43130 
40290 
56840 
46030 
43050 
43290 
41200 
88800 
80750 
57400 
47340 
37250 
40790 
42480 
40640 
40000 
38790 
40100 
40490 
39660 
38980 
41260 
42590 
45670 
41460 
40800 
40130 
39410 
38830 
38920 
39880 
42180 
41620 
41810 
42680 
40950 
40510 
39620 
74300 
60200 
55490 
53870 
51780 
55850 
56460 
55720 
54150 
55960 
56760 
56160 
59630 
53740 
56670 
60520 
57370 
54680 
58970 
56000 
57840 
55640 
55730 
50560 
52130 
55020 
65370 
44800 
40030 
39620 
41870 
41910 
43850 
39540 
45780 
46410 
42120 
88300 
84990 
59550 
54230 
43990 
43410 
39140 
38890 
42620 
40400 
37960 
38180 
40620 
38860 
38900 
39970 
38120 
38970 
40030 
38620 
41680 
38520 
36410 
38160 
41270 
41230 
41620 
41230 
39600 
41080 
43130 
42050 
75580 
61460 
55820 
55140 
50740 
55620 
55450 
56610 
55920 
54210 
56110 
56180 
56660 
63690 
60010 
55040 
55420 
54140 
57440 
56350 
56480 
55850 
54170 
55670 
54340 
54930 
64160 
41360 
39500 
39650 
39420 
43390 
38880 
41880 
42590 
44050 
42900 
88640 
71180 
52810 
42180 
41270 
