67431
35170
33741
33460
34860
34040
2071301
35300
35020
36670
34840
35011
33261
34470
35790
35460
103761
99421
96551
100750
108731
98030
2138262
93870
116441
83880
83050
100241
76421
79511
80671
77790
85230
82550
77771
149850
131111
106620
91600
79251
78580
79660
77490
97510
74850
75170
74781
75791
72950
74120
77610
73240
80410
74490
76060
80140
73780
99621
104681
93781
83890
79310
83120
76971
82420
78661
78240
127630
98780
97870
97310
113051
3023676
99760
89660
110760
94940
90971
93530
90101
90670
90080
96840
93711
89421
2129092
96581
102920
134391
94761
96721
90961
91840
99100
81660
71600
68591
69571
75421
72750
71040
72800
78350
75101
77751
125201
111441
96550
107850
74111
70410
70621
77780
79341
71660
69621
69410
70120
2115231
71961
89281
70911
67900
70861
70241
96621
76480
76560
80511
77110
80660
75971
78050
78640
2120971
122911
76891
112000
100821
97060
96711
124111
118100
100080
99061
102290
97281
98131
98351
96140
101401
100870
94610
96310
97220
98710
103381
96291
102281
126090
103580
99840
96301
114880
82380
77950
77811
77001
77811
79270
78571
89810
82660
79240
149711
120961
99191
90591
81090
74870
77680
75000
76901
75531
80281
157461
80020
76570
76091
76061
75191
77940
77550
77130
75421
75870
78780
77441
77501
2111181
77210
79721
79331
81420
79150
80670
122700
99961
100631
99150
97740
97401
98260
99651
96210
94500
95201
99751
101440
98231
102620
108111
137501
109951
103330
101111
101990
99871
104930
102140
101111
96621
145821
101151
86270
80771
82801
79481
83160
111570
80880
84951
84851
83120
147861
117721
99670
86310
79590
83151
77370
79261
78360
82101
99691
106181
80781
78680
81660
79610
82070
78320
79830
161561
81921
79231
83060
78780
82170
84721
88951
85841
85360
81111
82660
84471
118121
100801
104570
101640
98281
104471
99510
102211
103151
105911
108311
97311
123570
100611
101741
103411
100590
103860
99351
102971
102391
100881
2134431
101921
101141
103060
114660
79600
77840
98580
98991
81430
78350
79541
90811
101350
89560
143591
125971
103691
93571
83241
75500
76580
72900
110661
80041
79140
75990
238741
77390
81370
76921
78340
77441
2116921
80681
80540
79551
77041
79451
78230
108900
96741
80700
81060
81610
82251
75401
127130
97711
106651
106011
100931
101131
102491
98040
98590
94771
117781
95471
97580
96650
102370
98411
99321
98021
96731
102461
2134461
98540
99711
95711
101990
99380
120411
116441
78760
78761
78561
78630
78330
78090
85091
78671
79840
79390
150151
2178902
103271
85221
76380
76430
77620
78471
74630
81771
71960
77250
76680
74010
72860
78691
76981
79740
74990
76751
77490
77161
81750
76190
76620
76431
79370
76770
79780
76611
77741
77440
118271
2150601
89041
96691
99840
98860
98991
130071
92711
95560
96680
100380
94411
96001
99881
98900
100620
2139021
97480
98480
98840
103700
98391
94060
118941
99570
113361
94590
75211
72370
78471
79950
77211
75560
2281762
80060
80821
151111
128691
99500
93591
106480
98011
78091
76261
79560
74271
73660
72131
69070
68580
70151
70780
77600
68970
68470
68961
100690
77361
76750
76040
77880
79531
78570
79001
79021
77251
79360
79991
128741
98010
104850
100080
99271
132211
95691
92820
97111
96060
101111
92891
97931
98370
105190
3160216
98051
92210
99971
101830
106861
124121
97661
98700
102251
99530
101701
93151
81821
78070
77400
79480
78181
76341
78711
81800
82950
78350
139621
117020
103600
83931
77241
76360
78171
76920
79231
75390
73800
76400
78570
78220
74921
79030
101731
74410
74501
76560
72110
74471
74281
77121
80151
76670
2109232
78561
80130
77790
76080
81840
100821
132241
115031
91430
88940
93360
93241
92140
93561
90050
93320
90061
93111
92870
89140
89450
92351
91201
172591
88211
140341
91061
92260
95751
89501
89990
102120
76570
73240
70610
72171
74070
76481
74310
77120
103090
74590
140921
118241
98071
85370
73001
70230
70650
74260
2106591
68211
68691
70741
69741
69291
70570
70490
90540
71570
70800
69951
71791
71370
73710
70130
71251
72071
2113871
74850
73750
73600
72171
74690
157411
97721
87901
89961
91261
96800
95610
88060
86261
90961
3138957
3296887
89270
91820
96060
96410
99291
120720
88300
90870
92081
95131
93250
90011
90891
92080
102881
2130461
79671
73340
77410
79950
81460
94651
79440
83420
80780
80810
123601
118131
103261
82490
80070
74601
74550
75181
75321
76430
77511
75740
72831
74251
75201
79120
74020
73600
77151
76491
79070
75850
75180
75140
79950
78471
79690
78920
78801
99460
80550
86251
110601
97691
98660
99080
98640
99191
96590
98960
103051
101201
91901
95941
95120
130471
124480
95921
96580
100160
101240
99121
100181
97041
100310
102890
2138211
99731
113361
84100
80770
76121
78940
101010
74900
77971
85711
84331
77980
148211
120960
90880
94070
80301
76471
78850
79931
80401
76750
74581
76630
101521
84330
78330
75310
76120
75971
78071
77070
74660
74090
77831
81260
88161
80470
81331
82870
83150
101120
77260
78560
126150
100071
105361
97531
95080
101150
96260
98621
95330
99801
101010
96191
122321
102991
97690
97261
93860
100201
96160
92371
99190
2141281
97311
102411
93380
99451
107170
91281
81980
769354
90151
78741
80710
80991
81151
83060
81700
77831
143001
121751
99960
86431
79350
99070
80231
74171
76151
76150
75130
81720
74550
77850
79910
78561
79521
76451
77530
74211
93921
76320
74240
72110
71670
71740
73590
72611
71301
3114297
71310
81761
98521
89401
89160
118900
95491
94431
96010
89821
92360
93441
92750
88821
94280
91620
91901
94960
91450
88460
90630
114961
91911
92250
88350
87190
91031
90900
104450
75290
72241
71440
74240
75851
74650
73480
79151
95390
78100
138851
122091
94340
88331
77300
74490
73571
73101
72580
73620
73830
73421
69770
98860
91490
75621
69890
70671
70940
73180
72130
70941
70381
71080
70700
75441
72201
73211
73150
91011
72820
71311
113241
91780
94720
94671
91491
96101
89340
90271
92190
93641
91060
87220
93910
95481
100731
90241
88160
88730
94080
92831
93930
91451
94750
95851
99760
97991
133991
103001
76560
77120
79470
80481
78601
80021
78900
88970
77320
3202207
134781
116371
107041
86100
81820
97001
86381
84970
78890
78461
79610
80971
82500
82671
79800
85080
80620
78980
87861
80100
95070
80560
80210
82871
81021
80070
88560
84120
81601
83341
79300
106530
112471
109940
120861
122240
98361
106131
111901
102220
104740
106551
98941
103830
103810
102550
100561
99511
98781
107880
121891
105390
107161
114021
102451
100110
98401
104880
116250
85051
84461
79440
82270
79100
88231
82591
86571
85800
83171
156181
133311
105521
89361
80970
80741
86110
81490
81170
81491
81581
84721
80260
80600
101670
80261
84131
82471
78590
80530
81960
82731
81831
82301
81851
81661
81540
111141
92530
83920
82580
85371
135251
105841
103460
108161
97851
108390
101481
101391
103830
102940
106911
104541
100851
122931
104651
106891
108460
104501
101591
104190
105030
104080
106491
2145561
104290
106040
121991
85491
80040
80000
83921
88700
80760
81211
81861
85310
90330
144961
131851
120170
106140
90120
81121
81111
82011
85170
97911
80010
80420
79680
82421
88381
83421
78951
2113871
2113081
80821
81040
80870
79590
100410
101190
87221
84491
84250
85680
82450
89850
83031
122291
102180
102590
102161
102590
99921
101730
138221
103020
107791
95621
95571
101680
98210
104910
99831
97720
97050
101590
101251
100251
97771
99150
122960
106961
100171
97570
107861
80470
77510
78110
80431
81190
83331
78550
90860
80170
78910
181281
157471
102301
86401
79220
76770
78820
80470
76410
74200
77580
79410
81390
76581
78330
86960
83321
103061
81981
80340
77950
77640
78970
80651
78021
76620
81160
78460
87901
81511
77631
74900
120391
126251
95671
94290
100710
100901
101561
98260
97261
100991
2148672
100661
102520
103060
97501
125491
97051
104680
98611
98310
97530
98240
103771
100490
100671
100031
120571
87200
80670
74390
82371
81261
84451
76820
82540
81110
79571
116061
134081
116001
96191
86690
78421
86390
76180
76960
78841
81001
80051
77820
76370
76230
79460
77541
77990
74870
76321
77890
80040
86370
81831
74110
77711
75010
78780
98541
81351
82920
80650
131661
95570
98281
104380
102731
100000
97580
92980
103751
102010
108741
124561
114790
102440
99491
107211
97751
96170
101481
100780
104051
103350
3134227
92910
100061
102410
100371
104000
102111
94711
81240
79410
82250
76900
78621
85631
83471
80910
146690
122540
103231
93291
80370
78321
77171
99211
78600
80331
80141
75510
78690
78640
79851
75930
2115872
77131
77971
83041
79671
84580
77660
92460
73031
74301
74140
74080
74890
75780
73131
72131
116940
90750
87531
95530
90470
95000
125031
96010
96400
91540
89491
89811
94501
97841
93370
90460
94300
91991
95710
93070
91431
90961
125261
104101
103890
102141
114120
86181
78541
80811
79470
80540
80481
79680
88881
83200
83091
194181
124940
113251
95441
85021
80111
77650
80391
78411
78730
2119401
75190
81501
79310
80430
79181
100870
88460
83291
79240
81401
81830
85740
82160
81601
2115141
84020
82040
91870
84960
81351
84300
128721
109340
105550
100360
104360
109310
108491
105630
101970
2140931
102460
105981
107560
105220
102971
126621
122501
104620
98760
103120
105630
106440
105670
101281
100391
102450
2149652
112090
84301
82851
86760
96830
112801
88391
85681
92270
85101
86171
165811
124881
106680
93320
84210
86681
80550
81010
83230
82840
103841
82070
80351
82380
83431
83621
83031
81380
84700
82531
84891
81511
80740
81250
83400
87851
84970
83560
83090
82540
82701
85981
120980
98651
102710
97561
108890
97971
3147676
101561
108060
106721
104030
104821
108350
133200
113370
102261
99921
103441
97690
97551
102681
95561
94020
99871
2150841
103071
110931
2338503
77900
77610
82650
80671
80301
78130
85910
82471
84211
113160
125871
115091
2146001
84741
84450
77281
77410
80360
79200
77451
78601
75861
77520
79260
73950
75621
75391
75570
76250
77801
76421
76311
74990
80840
89890
80781
82230
80101
85971
78950
79081
125610
96511
102481
100731
96370
96791
103650
101241
133001
117751
95120
99071
98110
99841
97030
95341
97650
101040
102111
102371
98550
103771
97150
103121
123640
95301
103090
104101
80780
80681
77330
77680
75740
81601
84120
80751
78250
78550
146011
154020
124550
84321
76180
80841
81570
77370
76610
78720
78891
80840
76940
75911
81071
77051
76630
77470
79310
77541
76051
75921
99211
79051
77031
80291
85510
82040
2126151
75680
81321
80601
122381
102731
121471
120301
94980
104770
99490
99331
101051
99291
121451
99601
98970
96691
98771
99731
101821
95111
98210
98461
100060
2150121
97061
99201
104911
105520
141761
83660
78740
76161
80151
84480
78090
77291
84111
82070
82200
2205642
126361
109901
94611
83150
108660
78230
75340
78391
76761
80661
78680
76800
77271
78160
78190
76780
74961
76560
74420
76460
77971
97080
82931
78820
85661
83400
83001
82170
82291
80970
88420
118230
100740
96711
97111
100420
129140
123800
101971
104211
114481
103440
94390
97630
105121
99891
99180
98800
94611
98881
101940
101190
115511
100230
106521
98550
103081
100191
101781
83431
81080
87470
85281
84900
81180
87370
90191
83480
99871
150511
133510
104180
91681
82650
84861
80520
84531
79690
81010
2116571
80881
81801
82141
82010
81001
106200
84770
88191
82761
79691
76150
78990
84120
77821
80011
84221
80630
81140
82830
79941
80750
135361
105141
101941
98171
95561
99791
100501
101990
96220
95591
102160
100020
103780
97911
97861
100410
98400
100080
101481
102771
103861
99460
106490
100731
98641
102690
112090
81400
80230
82580
78951
77711
77160
77690
83491
85311
83851
156071
134011
102071
99351
83430
81220
78490
77231
103371
77481
81520
79381
76190
76591
81550
79781
77970
78430
73941
77541
85570
97611
84440
79480
76860
85401
80880
84080
80631
80631
79200
82420
131761
95501
101110
98910
101711
107700
101201
121951
113121
115670
102021
96150
95220
93020
99690
93890
100330
2137861
106711
100791
102851
106341
99691
118391
103380
100021
101171
101810
80011
76140
79271
82300
3134797
77731
77831
80930
80930
82420
142791
141371
105461
87230
79691
77720
77290
76900
76641
78091
76270
77140
77491
78260
81161
78350
75401
93851
79270
80600
80190
76890
75781
77071
80800
79820
78430
2132781
82331
81721
83601
77980
117561
118841
104430
101660
99571
97780
97311
94380
98660
98421
2135322
98450
102090
104141
101711
97771
97971
118200
103520
100390
97610
88760
102691
101961
105170
98990
112351
87401
80891
78910
84650
98200
79610
78500
89161
81020
81610
149791
135401
112170
72780
85081
74540
76231
77620
77841
95721
94941
80070
81500
79200
79550
75331
75631
80020
77760
77770
77881
73980
76610
78480
78561
101120
76261
83740
82861
79570
79491
75800
126111
98721
96751
95390
95771
105660
102481
101871
97671
118351
98701
101031
104841
99590
97590
92850
95351
92140
88240
91370
92451
94941
92121
88820
114700
89331
91990
93920
74851
72230
75671
72860
72161
73750
71080
78070
77471
78180
133070
114131
118721
78410
72341
72980
68491
68630
70271
68870
74150
71410
70011
72950
71981
72870
72850
72800
74961
