55610
26160
25960
26290
25580
26870
24990
27690
27670
37680
40040
32280
29780
30100
31330
31960
79130
76130
77030
83080
81630
80600
77840
76870
90180
77659
80240
75220
75900
74720
76660
82160
79180
83900
76790
79380
84410
65610
62400
62280
66940
63990
72410
62430
64750
69290
71830
136600
107980
83240
68510
62700
66160
61970
59570
69630
61450
63940
62700
61820
62480
60430
61960
63370
61230
59990
63150
62380
72960
61160
61500
64600
63280
68680
65880
64760
65830
64900
68240
110050
83240
89250
80990
84000
82500
82510
77920
84040
80490
80060
89490
79270
80790
82210
86930
81330
78650
82100
77920
96370
81260
82500
83520
78240
88690
92180
71940
64830
71640
68030
69280
66590
74450
70180
71279
70690
137730
116290
90600
70220
69250
73720
64450
64850
67020
66660
65830
64020
62110
60480
73360
60980
62750
62560
71570
65530
63220
61990
63060
59620
63440
66190
66260
72300
65100
62840
63730
73570
100010
82040
77860
78090
79410
86740
80910
77970
88590
81540
83390
80520
78959
81600
78410
83720
79960
88770
78740
80500
81290
77220
82020
79610
79170
82140
105220
69260
62680
61410
71820
75020
65030
60040
67840
66020
65840
133380
110690
94860
73300
67120
65300
63730
61110
61310
61660
63280
70150
60740
60500
60680
70240
61390
61340
60530
62860
63900
63060
62200
61810
70030
65740
65320
62600
70050
62830
62460
65700
100020
72180
74450
80680
81670
88620
74410
77800
83640
79730
80820
77370
76500
75190
90259
78560
76280
78690
76500
84400
83040
78360
80770
85880
81400
81230
90240
67680
63730
63060
65420
65540
63170
62060
63930
66790
74190
86060
112130
92260
86100
68480
61690
62880
62210
72990
64030
62880
61790
66990
64010
63780
63650
62450
59650
62350
61480
63150
70540
64830
62079
61760
65840
61960
63510
62450
62710
65400
63500
96910
76370
87330
88240
77550
79450
86840
80910
82600
85870
78910
87110
81700
80580
83490
83350
80710
78700
79440
86160
91940
80540
78170
81100
88290
80650
81070
83510
65160
77520
66740
67630
64910
73500
71220
69270
67400
66399
128640
102640
86960
69750
74250
64899
65730
66890
63640
65580
62870
65040
64630
75860
66790
62130
65000
74490
65870
65840
63450
63090
64800
65090
66450
64890
74000
65730
66660
69080
74089
64550
100660
83530
82950
76750
74439
75000
80790
89059
76090
78910
76490
83520
81790
78550
74780
75340
89760
77470
79750
77990
75120
79740
83470
77960
75600
85070
83690
68510
63910
65520
65030
65860
68860
62650
81600
64830
61740
131170
108870
89340
70210
63800
67350
65450
63560
61690
62190
70549
64000
63910
62700
62440
62420
67090
63940
61930
70000
61840
62760
63520
74970
61940
64430
66450
66210
65340
63940
62430
63680
111280
81690
82980
80640
83630
81160
77190
80800
79390
79030
81130
77080
81970
90320
75470
79350
77710
85080
79950
78660
82650
77430
90940
78400
75270
77280
92860
71179
64750
63240
66050
74560
63960
63950
67830
74560
66580
131690
114230
90360
84650
71470
64300
65280
70680
62080
62420
62100
63400
61240
63210
64420
61730
74840
62740
62620
59100
67720
61400
63040
62340
60040
62730
65570
66710
64400
63990
62299
65300
102050
89280
76470
77890
77600
79520
76660
79240
77950
80470
88920
76080
82890
79340
79280
79490
79830
83010
79580
88250
80120
77020
79520
79440
76900
79890
93980
71020
71860
62900
64640
65190
61870
62320
65640
67920
66260
78430
119770
96500
83470
75530
65060
62750
64820
63000
61290
63970
62720
75720
78800
61730
62260
61810
62430
62830
60950
60820
61880
62470
61880
62610
60160
72460
67950
64280
64460
70380
65100
91640
79210
79180
76310
80560
76400
82990
99370
77240
78590
82990
79210
78510
78600
76350
79290
90190
77820
76969
73730
80920
77930
75980
77540
75960
88830
82920
87460
67570
62660
64350
62840
63880
66960
63400
68410
64460
64330
129790
105070
87210
71600
63210
65500
63400
60600
63820
69790
61980
61750
62780
73830
62370
63720
63350
63450
63050
63080
63180
63520
71000
62439
63690
63490
82150
65400
64770
65000
73580
64870
97870
77170
79640
90120
78620
81950
77970
85200
80460
76620
86090
82420
78160
79970
75020
78180
87070
75900
79560
74980
79560
88180
80840
76990
85750
90780
92800
66880
63900
61390
65080
65279
66440
62920
78759
67610
68110
110930
105720
84620
73460
66160
63100
70080
60910
61780
62610
70680
62590
60860
62460
61400
61650
61050
61460
61690
71980
66000
62180
61050
71220
63700
69600
65340
64140
62230
63700
63790
63500
113400
76960
79970
89830
91210
80080
76450
80150
79110
79490
76110
77600
80960
92770
85630
75930
77080
81060
82520
83760
78840
77500
85020
80330
83450
79610
91260
66450
63150
64480
64790
73630
60990
62200
70000
73450
66570
125930
114360
91820
89560
70830
63380
62140
73790
64370
62860
62930
60249
62100
62630
62519
63930
61210
63939
64690
63710
70800
61490
61580
62850
61830
65140
65210
64030
69840
66360
65610
64170
107480
86440
84460
84030
84940
87860
75930
81680
77090
80960
93950
77470
85840
80440
88810
80430
78470
84060
81190
91760
82870
80020
81169
95280
82140
81970
78610
78430
75789
64220
66350
65940
72880
65490
65220
69850
69500
65330
123600
100840
85310
78230
63590
66290
65040
73180
65490
64780
66910
67420
64780
65360
63250
65490
73950
64350
65660
63800
64130
64430
65820
63890
67560
65830
69760
69610
66150
74680
65519
90300
83770
87699
83520
79840
84330
82740
91160
83400
82750
81240
94190
78430
81340
83850
82410
96360
78730
80010
80330
87390
85680
77730
79990
80790
86870
80990
88600
67780
75000
67290
67280
67110
63300
66330
69180
65950
69930
140730
109740
88640
69910
67389
64750
65130
64460
63370
64350
63870
66110
64500
74350
62470
64450
63870
63720
66370
62960
64880
65610
72140
63260
63890
63850
75360
65010
68950
66340
72870
64930
101830
81000
79930
88680
79010
82420
83660
93680
84370
83800
84060
85310
92740
77070
81380
80270
86560
78860
81369
79340
80200
90180
81910
83420
82300
84900
89920
66540
60640
62490
66420
71860
66070
61070
80410
66020
66830
130330
108390
86080
73760
63910
67320
72350
62970
64660
63430
72840
68040
66120
63060
63320
63560
65130
65290
63210
71820
66910
66630
64910
73250
64600
69900
65590
67850
66930
66580
62900
64400
116330
79040
79840
77560
87670
78820
75950
79470
76570
87190
79660
80230
80770
85110
80250
78690
82130
84820
86860
78190
76230
77180
85370
80110
76070
78390
90160
78250
62880
61700
66550
73080
64639
64060
67070
66400
63880
120020
110050
87860
89130
68580
64760
65890
72040
63620
63640
61850
60820
61910
61810
63010
62670
69550
64090
62060
60470
62870
60510
62090
62580
60850
65620
64310
67490
65900
69910
63200
62530
93300
87160
73850
77339
78020
77450
89900
75030
73440
79520
84780
82640
77910
77520
76830
83310
79590
76080
73700
83350
81170
82190
78950
77090
88290
77950
85600
73390
68670
62600
64630
64270
66920
62720
64690
67640
68750
74160
110440
101220
80420
69420
65470
65649
64610
65650
71720
64200
62430
63090
69050
59740
64120
61800
60660
61430
60590
64060
62140
72040
60120
61070
64790
74990
66200
63440
61270
74120
65630
86060
80950
77570
91850
81860
82690
80550
83830
91670
82300
86680
79129
87220
77080
78550
87100
85830
82809
76050
78760
83300
88090
79740
76120
80600
82850
88070
87580
63900
60160
76800
65720
66910
62770
72440
70840
67300
67270
132000
118470
84730
71950
67330
75320
61550
64460
63980
73030
62860
60420
64680
66660
63420
64240
62540
64750
73990
64529
65220
63270
71020
64170
65970
63330
67330
63380
63890
67500
68020
66210
99420
79930
80160
82860
83290
78100
74960
83970
78350
78440
80650
78890
93790
76290
80020
87180
87070
87290
78440
75600
83670
84670
77330
82390
77200
81680
97950
67560
64090
61570
75460
64680
65210
63870
67070
67380
65510
125300
113770
95880
76960
68540
63220
70960
63300
62190
63240
63230
62150
65000
61820
64440
72600
62100
61660
64120
71630
65110
62880
62890
64060
62680
67450
62600
66030
75420
63630
64230
66350
112250
81720
79080
81780
77710
77740
82190
78019
80630
85490
78170
82300
82060
84120
78010
76970
81080
81710
92640
80570
77630
78270
79440
81990
83340
81230
95770
81050
65170
65830
65480
72900
66730
64220
65020
66650
66210
134760
117310
94410
94760
72310
67640
67330
67570
65290
64980
64820
63490
73120
62250
64740
62570
72620
62870
63580
63460
61260
62580
63370
62480
65240
72140
67160
69480
64790
74370
64940
115500
113710
90580
77490
80840
80250
82260
92450
79870
80760
81400
86770
80930
80360
78690
79940
87150
81830
78330
79730
90150
79470
76849
81910
79600
88260
84470
77460
80480
72300
62290
66110
63590
68180
65370
65560
69920
65400
73250
142920
103070
85710
69110
64520
64980
64060
66150
64090
62660
64230
64480
74890
62090
68900
65240
62700
64630
72590
70330
64410
63480
63430
62910
64470
72060
66640
65380
62580
72850
61920
73690
91640
83110
81260
77070
81880
82070
95880
80840
75940
79570
80560
81760
78480
73890
78930
89750
75990
85320
79620
77440
82080
75490
80170
78710
84990
83590
94620
66760
62950
63770
65960
66800
62400
72490
65740
68360
65590
131210
114380
89170
70540
64100
63780
64729
63560
61650
72350
61890
61060
64650
70690
63380
62990
60320
65580
61590
63330
62780
60830
73260
62350
61740
68610
84150
72500
64380
62310
65530
62330
102040
82210
75010
87540
80650
83250
81650
88270
76330
80610
76950
81410
90660
76900
77570
77060
92420
77189
77770
76140
82950
92020
76860
79120
80420
87180
91710
68140
62480
61600
63550
65940
66470
62070
73830
64340
66320
124130
112510
85690
72080
70030
63980
70210
61930
62770
62640
71030
61620
63390
62950
62210
63550
62420
60129
66540
73660
67299
67630
62810
70840
63360
67300
71230
69350
66520
65260
65090
66940
116360
80400
79630
78830
92640
82440
80540
77120
78680
91970
86370
79590
78700
86040
82780
82360
76900
79660
86030
80660
82240
79350
88260
80430
81430
82160
94290
69400
63540
61970
66990
73080
64160
58660
62180
68730
62470
105929
113340
93910
92819
67440
64020
62920
68650
64370
68460
65510
63360
62210
64990
64650
63760
75100
63820
66800
68190
71310
65970
63040
64130
67330
65720
65550
70370
67210
66000
67380
63620
104400
88630
77290
82980
79180
85810
80850
79160
85160
78060
89950
80400
79620
84180
77840
77700
81900
82020
82160
88990
80580
84670
80670
80410
93130
80880
88710
83550
74130
64880
63340
65160
63750
61140
64140
67560
66730
63030
114200
103930
84000
77280
62920
64860
64190
65240
62240
62600
61869
61190
72100
63360
65320
64400
60420
62620
62850
62380
60980
60340
62480
64810
66620
74170
66450
63740
64000
72400
62730
62000
96250
79750
75470
80620
75320
76350
91290
81260
81060
77700
75160
78910
79480
78550
75920
83530
77710
78200
81210
79440
75020
82549
77160
78740
87319
75080
88940
64919
63890
63460
62580
65390
63780
71080
71550
64890
63460
130830
105840
89330
70040
64070
84250
71220
64100
63990
72540
61880
61670
62110
62320
65350
64500
63310
61810
71350
63550
60680
64000
72840
63530
66840
65860
66380
65510
65170
67740
66340
70150
101230
81299
82180
92380
81860
76840
81980
87170
81110
78710
77770
81560
93510
85270
80090
78690
78110
86370
81780
78520
80240
86480
82600
81070
81030
84390
100040
69760
65200
65010
76260
64480
66640
63360
79120
67030
65470
134910
107600
97080
73270
66470
62590
71770
62200
62440
61960
61290
63360
63730
63930
64100
69060
61220
64200
63860
71620
62730
63290
62720
63670
64520
64950
64420
65190
76630
64420
63440
63930
114140
79180
76400
81910
78960
77820
82900
80330
84430
86100
76810
86560
79700
82640
79310
76429
81840
77080
92999
79430
78120
80460
76350
82630
79550
77320
90960
77060
63950
63060
62680
65310
66080
61550
68750
66500
65980
108260
113030
99580
88690
67070
64630
63150
65710
62480
61090
63360
62340
71550
62960
61280
62280
62150
61660
67310
63840
63000
63279
63820
62350
64100
71480
66750
66800
65810
74210
63400
65230
102720
87780
81820
75050
79190
79210
89130
79330
77810
78140
79440
79250
81170
78410
79520
86490
81060
83130
77550
78430
78310
79530
80640
80650
87430
75050
84390
91850
67020
61850
62320
63420
64930
73900
65800
65890
64130
73390
144439
110380
86510
69549
65410
64570
64310
64030
71470
62760
63200
64110
63370
64830
66910
64540
66320
72890
61820
61640
63100
71490
60780
62050
65310
66290
71490
67050
67860
65680
63280
65130
100600
84000
85620
79650
86460
83840
83040
86970
77979
80370
80370
86350
76830
74500
80619
77790
78410
78260
75880
80340
91260
89610
83010
77130
74940
83740
94860
69020
61210
69520
67250
66750
65020
68720
65180
64760
64900
132210
123370
83060
73590
66690
73150
61750
60740
63780
63030
68520
64580
62330
61250
