110910 
71960 
68100 
73010 
50240 
40420 
41790 
46650 
45400 
45480 
45350 
49940 
47720 
42340 
166780 
92860 
62290 
50650 
40350 
42260 
41100 
39460 
42520 
41260 
39740 
39200 
40710 
39920 
39630 
40750 
40530 
39200 
39680 
42520 
39970 
43510 
38900 
40170 
42510 
42890 
44950 
43000 
44180 
42080 
41990 
66360 
58580 
53290 
60630 
54090 
52730 
59900 
54940 
55220 
54990 
58240 
56290 
54820 
53470 
59140 
53970 
57220 
56290 
54440 
58410 
52340 
57990 
57500 
55170 
58100 
53590 
64220 
44250 
38960 
41420 
39490 
42200 
40780 
39330 
45090 
43270 
38530 
92430 
85750 
67490 
60190 
39650 
41180 
38980 
38950 
39190 
38980 
41540 
40470 
39860 
42190 
37390 
41220 
40210 
39350 
42410 
40240 
39580 
40810 
38550 
41220 
40420 
40840 
42850 
41490 
41330 
43510 
42090 
41400 
73850 
57240 
56210 
56790 
57510 
54380 
54890 
57100 
55690 
55140 
55390 
54500 
55880 
58270 
54020 
57740 
54360 
56360 
55270 
54240 
59400 
57390 
53790 
58390 
53620 
56410 
61720 
39740 
43540 
41930 
43550 
43550 
39140 
42660 
43720 
42970 
42230 
94800 
81310 
59130 
45660 
44760 
39200 
42520 
37330 
38390 
43570 
39330 
38460 
41760 
39360 
42830 
38650 
39170 
41330 
38230 
42320 
39650 
39510 
51140 
45820 
44820 
40820 
44440 
42410 
40120 
42590 
42580 
73570 
60330 
59070 
57030 
58620 
55230 
52750 
54590 
54060 
55590 
55850 
52430 
57200 
54270 
55710 
60270 
55080 
56630 
56070 
53560 
57400 
52930 
56790 
55510 
53720 
57830 
61040 
42740 
43070 
38320 
43720 
41740 
38580 
41110 
47560 
43720 
41210 
89060 
87590 
62600 
58550 
41720 
39170 
42540 
38760 
44140 
41810 
39760 
42130 
38120 
40320 
43000 
39260 
43990 
38980 
41260 
41150 
38260 
39430 
40720 
40000 
44480 
41700 
41980 
44700 
41850 
42700 
40990 
41960 
76800 
56310 
58890 
57520 
55500 
63110 
55550 
54790 
56690 
57550 
55630 
55570 
54030 
57920 
54130 
51640 
59270 
54830 
57360 
55170 
54470 
61130 
56160 
55720 
56780 
53420 
62310 
41930 
40040 
42460 
39560 
42910 
39240 
40910 
49970 
43030 
43500 
91590 
76060 
58840 
41180 
39000 
41280 
38830 
42670 
40140 
40090 
42620 
39080 
41310 
41160 
38000 
40920 
36500 
38820 
39810 
40300 
42010 
38780 
39850 
41120 
42610 
42190 
43240 
43250 
43070 
41000 
39820 
77500 
56630 
56760 
54820 
53650 
57810 
54840 
54510 
53310 
54680 
60160 
56900 
55680 
55680 
54940 
60980 
55050 
56320 
56670 
52380 
61540 
58010 
53160 
56840 
54730 
58790 
69710 
40320 
43890 
38090 
41990 
45040 
39200 
41430 
46790 
41590 
42270 
93900 
84120 
59800 
51200 
46590 
43150 
40460 
41410 
40660 
43070 
41930 
43680 
42640 
38990 
39490 
40370 
42060 
44800 
40040 
39310 
41830 
39760 
44240 
41940 
42010 
43950 
42040 
44090 
42100 
42330 
44060 
39380 
76590 
63490 
55030 
57730 
54200 
55360 
60540 
57830 
52830 
57440 
54560 
57410 
61630 
54320 
55990 
54940 
57900 
55430 
55320 
55940 
54570 
52900 
57790 
54590 
57770 
54270 
57200 
44110 
39550 
43460 
41600 
39770 
43490 
40570 
46530 
44130 
39970 
88950 
71350 
55320 
43420 
42090 
41660 
39700 
38860 
41760 
39960 
41110 
40430 
39150 
43870 
39050 
38360 
41340 
40200 
42390 
38190 
42830 
41740 
40170 
40430 
43930 
40110 
43840 
41780 
39930 
41360 
41760 
78850 
56760 
53780 
57120 
53250 
53280 
55810 
57090 
57170 
55550 
55320 
57250 
55070 
58380 
58950 
57020 
57150 
55960 
53530 
57070 
53170 
57020 
55200 
59500 
58430 
54800 
61160 
43940 
39450 
42840 
43960 
43620 
39970 
37170 
47860 
43140 
40300 
96240 
85270 
63810 
45630 
38420 
43020 
43100 
39330 
40890 
38400 
39950 
38040 
41650 
41150 
39380 
41140 
40220 
39720 
42100 
43080 
40690 
40710 
39810 
42270 
43160 
40240 
44280 
43340 
43160 
42160 
40670 
61940 
59360 
53040 
56040 
56530 
59910 
57270 
52520 
55770 
54430 
58520 
56990 
53650 
57360 
55830 
56310 
56860 
53590 
57450 
54560 
53380 
59610 
59400 
58200 
54270 
53970 
58110 
50190 
40910 
41970 
40930 
55880 
40510 
41860 
44850 
43710 
42960 
77930 
89860 
68940 
54320 
45280 
40290 
39090 
42360 
38980 
41050 
42920 
38590 
40850 
39440 
41270 
41710 
38270 
38690 
40310 
40750 
40630 
39960 
37490 
41470 
41600 
42640 
41080 
43530 
42490 
41150 
40650 
39640 
76440 
58220 
55330 
55020 
55740 
59980 
57350 
54770 
51890 
55580 
55160 
51790 
58800 
53560 
57590 
54160 
52320 
56770 
55180 
54900 
56750 
52110 
58360 
56630 
55200 
55740 
60790 
43060 
40610 
38540 
45130 
40700 
41120 
40570 
46460 
44090 
40460 
94840 
82370 
55400 
49230 
37630 
40280 
41370 
39780 
42870 
38970 
39540 
42980 
38750 
41080 
40490 
39170 
41290 
43950 
40570 
42800 
38190 
40960 
37870 
40020 
42360 
39380 
43800 
45110 
40690 
41200 
40590 
70510 
58350 
57250 
55520 
54460 
55870 
58210 
52860 
56770 
55070 
53930 
57700 
57970 
56800 
61820 
60620 
57130 
55680 
52700 
72050 
59400 
52700 
56660 
54700 
58060 
55300 
61260 
45670 
39430 
40560 
42030 
40520 
42650 
37170 
40940 
45480 
42010 
95300 
83980 
61610 
61790 
40180 
42300 
38960 
40030 
43310 
39900 
39830 
40700 
39410 
41710 
38870 
39980 
42220 
40380 
42870 
39150 
39710 
40760 
38650 
41290 
39910 
40740 
42520 
41290 
42490 
42300 
40760 
43670 
75050 
57940 
56910 
58430 
54810 
57550 
54470 
56010 
52740 
55060 
58570 
59030 
57040 
57730 
52670 
57940 
53850 
56090 
62190 
58550 
58450 
54990 
53140 
57250 
54690 
57670 
62920 
45820 
40810 
41340 
40410 
45160 
39500 
44980 
45430 
44340 
44350 
94810 
79150 
55520 
43950 
41980 
38840 
40720 
38440 
40050 
40870 
39580 
41650 
40740 
40120 
40290 
41130 
40020 
42820 
39270 
39470 
41010 
43600 
43520 
41910 
45360 
42680 
41260 
42940 
38990 
41850 
40700 
74740 
57740 
59210 
58320 
56130 
59840 
52020 
56780 
55150 
58770 
60880 
55090 
58300 
56550 
53770 
60640 
58000 
58280 
54460 
52820 
60490 
55750 
56890 
54500 
54830 
59870 
62350 
44010 
42500 
40690 
42220 
40940 
39980 
40010 
47580 
45030 
41130 
96400 
85930 
59530 
53090 
42450 
41150 
41270 
38160 
39590 
42020 
38890 
41750 
37460 
41200 
43740 
38890 
41410 
41330 
42690 
42950 
38480 
39330 
44160 
40720 
43260 
39460 
40350 
43310 
41250 
38470 
42970 
42180 
72620 
57510 
54000 
56790 
55140 
55640 
52650 
55160 
57080 
54570 
56500 
57470 
54570 
60420 
55420 
54510 
58920 
56840 
58700 
56800 
53480 
56270 
54380 
56730 
58390 
53860 
61490 
41980 
39570 
44830 
41960 
42950 
41030 
41460 
47190 
41710 
43050 
95510 
73890 
57870 
38910 
40550 
41080 
38890 
41540 
39610 
38800 
41360 
54430 
40590 
41600 
38370 
41710 
37820 
38910 
41360 
38450 
40590 
38550 
40000 
39930 
42060 
41900 
44410 
42630 
43260 
40700 
42460 
78030 
56120 
58100 
54280 
54400 
58760 
54660 
57230 
57750 
55690 
58870 
55930 
51560 
57620 
57800 
61790 
57850 
55530 
58100 
59780 
57350 
58150 
60090 
57200 
57600 
52480 
63920 
39590 
41230 
40460 
43280 
44370 
39480 
38290 
49010 
43540 
43130 
100790 
82680 
60850 
51030 
43570 
40140 
39020 
41750 
40300 
41560 
39380 
38670 
41850 
39760 
39210 
41940 
37820 
41170 
38080 
40050 
41280 
38630 
38580 
40200 
41390 
43200 
43530 
41280 
43940 
40830 
42830 
42330 
76360 
59780 
57600 
56680 
56040 
58950 
57470 
55220 
52060 
57520 
54910 
59190 
56480 
53460 
55570 
56070 
52810 
58620 
54820 
56720 
54170 
55170 
58930 
54580 
56080 
55590 
57910 
42600 
39300 
43320 
43650 
41700 
41470 
41700 
43220 
43810 
42050 
92240 
73040 
60320 
45480 
40490 
39980 
42170 
39310 
43640 
41540 
42660 
41380 
38060 
41490 
39990 
41730 
42310 
42310 
43490 
40770 
40910 
39000 
39140 
38910 
42830 
42010 
46140 
40560 
45630 
42090 
40640 
77670 
60120 
54980 
58380 
54430 
54930 
57740 
57570 
56760 
60320 
54070 
57330 
58220 
59060 
55960 
53350 
58010 
56390 
55130 
58250 
55170 
56580 
59570 
54140 
57420 
55140 
63000 
43740 
39190 
41920 
41520 
40770 
42860 
37920 
47970 
43740 
41300 
91880 
85150 
64280 
47250 
39810 
43220 
39240 
39590 
39620 
39300 
42160 
40330 
38960 
41790 
40300 
39960 
41360 
40480 
42120 
39900 
41820 
38990 
40790 
40700 
44190 
41410 
45410 
40810 
42380 
42760 
39780 
55830 
61060 
56520 
57040 
60000 
58190 
53950 
54670 
56350 
61860 
55630 
57820 
57870 
56420 
57040 
53860 
57620 
52840 
59760 
57570 
57010 
58570 
56900 
55760 
55430 
51850 
57720 
50520 
38770 
40740 
40170 
43190 
40480 
39810 
42790 
44530 
43410 
66230 
92110 
65500 
55160 
40810 
42490 
38030 
44040 
40670 
39340 
40910 
38570 
40670 
40220 
38380 
43610 
39910 
39240 
40380 
39480 
41640 
39200 
40240 
40750 
41310 
43170 
42230 
42680 
44050 
41000 
39500 
42690 
76160 
62330 
60040 
55450 
57510 
55080 
56260 
56340 
55110 
59400 
56310 
54860 
57040 
55700 
57310 
54510 
54910 
55000 
57740 
54740 
58460 
53610 
55400 
57720 
54430 
58390 
65960 
43800 
40900 
38750 
44150 
41920 
41160 
41580 
48550 
44290 
44170 
92210 
83030 
58450 
49470 
38980 
39150 
41460 
41520 
40020 
41970 
39570 
42870 
41510 
40310 
41050 
40370 
41860 
37900 
38990 
39480 
39030 
39950 
42060 
40830 
41770 
40650 
42200 
44090 
41610 
43130 
40580 
70450 
60410 
55610 
56010 
59720 
54100 
59080 
55820 
52780 
56580 
57960 
56570 
56760 
53190 
58530 
54770 
56250 
58080 
54340 
57660 
56050 
53360 
58910 
54940 
58270 
58300 
62260 
45740 
38900 
37670 
42730 
40840 
41900 
39030 
42670 
46370 
44220 
92940 
85170 
63260 
62070 
43300 
41910 
41210 
39940 
41290 
40140 
38580 
49740 
45690 
47390 
39530 
39940 
42830 
38710 
40650 
44440 
43570 
42850 
41320 
41710 
42140 
44320 
43090 
43740 
42240 
42800 
42670 
45580 
78410 
56360 
57150 
56900 
59580 
59830 
57170 
59130 
61470 
56920 
61110 
54030 
55500 
59390 
55490 
63250 
57390 
54790 
59300 
57470 
59720 
61780 
55720 
59200 
57220 
55660 
66650 
41980 
41310 
40660 
41470 
42790 
42270 
46460 
45430 
43400 
44220 
91670 
80950 
59530 
43700 
45230 
42800 
42080 
41740 
38940 
41820 
39190 
43420 
41290 
40080 
40360 
41630 
40240 
44860 
37950 
46980 
43060 
39090 
40940 
38130 
41410 
42940 
42150 
40480 
42850 
43150 
42170 
67100 
58100 
59890 
58410 
55690 
56730 
54180 
59870 
54690 
55760 
56130 
55260 
61670 
54960 
54180 
58470 
72330 
61620 
58020 
59060 
57710 
55640 
54510 
60260 
53540 
62350 
62440 
42920 
42490 
39350 
40970 
42480 
38920 
42200 
45020 
43650 
42370 
93540 
81940 
64830 
56220 
49870 
38940 
42470 
51920 
40020 
41720 
40340 
40510 
41630 
39660 
41300 
40330 
40640 
41190 
39270 
42100 
40740 
39260 
42430 
40600 
41650 
42370 
41580 
43940 
42490 
44230 
43400 
42790 
78850 
56490 
57710 
59310 
57640 
55230 
56070 
55840 
56980 
54740 
55810 
58300 
58160 
57420 
55770 
53550 
58060 
54420 
57230 
56100 
54780 
56670 
57360 
53410 
58520 
55190 
62060 
41280 
38020 
42990 
43910 
42250 
44950 
42080 
48420 
44220 
41530 
94640 
78610 
59250 
42560 
38560 
42250 
38100 
39420 
40060 
41130 
42330 
39610 
38330 
41840 
39740 
40750 
39680 
40110 
42600 
42470 
39690 
40520 
39460 
41230 
41920 
43280 
45200 
41020 
42790 
42200 
41170 
76710 
55060 
53210 
57500 
55550 
63010 
55790 
54600 
61840 
55480 
57330 
55720 
58630 
59050 
55400 
53630 
57090 
55160 
58420 
57240 
55930 
57410 
55560 
56880 
55030 
56430 
65410 
41870 
40180 
41060 
53780 
52960 
40190 
40690 
48860 
41890 
42770 
96140 
83080 
62470 
50460 
42090 
41790 
39680 
42820 
39760 
40470 
41170 
37840 
42830 
40080 
39420 
43600 
39150 
41510 
42180 
40990 
41720 
39300 
41150 
41280 
41910 
41950 
41310 
41500 
44020 
45730 
41900 
41720 
77270 
58870 
55220 
55020 
58410 
57170 
57290 
56100 
55170 
62250 
58130 
56360 
57930 
56290 
55390 
58580 
54150 
59930 
55120 
58690 
55720 
54390 
61680 
55160 
55350 
56350 
65130 
45100 
43070 
41110 
45170 
40510 
43840 
40140 
45410 
47910 
41090 
89720 
75500 
59420 
45500 
40700 
39450 
41930 
41500 
42370 
41340 
40150 
41770 
39770 
39780 
44550 
40320 
41280 
37210 
38040 
40730 
37930 
41530 
39420 
41440 
44490 
42220 
46860 
42920 
41800 
42830 
40310 
77200 
59990 
54710 
59280 
55020 
55440 
56430 
56630 
54530 
57340 
57500 
55580 
56150 
54350 
57410 
55020 
57590 
61620 
55870 
57330 
55330 
55490 
57890 
55760 
56700 
57850 
64540 
44420 
39680 
43050 
42550 
39820 
42870 
38310 
47170 
45490 
41140 
91460 
82700 
55090 
55600 
40640 
42600 
40270 
39240 
42830 
42070 
40880 
39740 
39410 
40560 
40600 
39680 
41010 
38840 
40670 
38970 
38770 
40760 
40980 
38840 
43120 
41120 
43300 
40860 
41260 
42900 
39530 
44640 
74980 
62320 
61980 
55470 
56450 
56510 
56570 
58280 
59180 
54880 
56740 
57420 
56470 
58620 
54550 
57060 
58600 
53040 
58070 
54620 
56270 
55140 
53960 
57300 
58200 
56230 
58720 
38490 
44130 
42270 
42810 
43160 
38400 
43650 
43730 
41040 
42340 
91940 
69370 
51690 
40560 
44230 
40540 
40080 
41660 
38740 
41910 
38700 
40660 
45950 
40400 
42260 
39740 
40180 
40590 
38520 
40900 
40510 
41530 
42750 
38250 
40880 
42400 
44180 
44170 
41790 
41790 
41070 
77310 
53360 
56040 
56090 
60080 
56540 
54960 
57170 
58680 
55780 
54960 
56550 
57240 
56270 
54840 
56610 
54480 
56440 
55400 
54160 
59310 
53080 
58490 
55600 
57790 
57610 
63900 
40670 
42330 
38670 
43840 
41290 
39630 
42210 
50410 
46100 
41920 
90260 
84110 
62230 
48280 
41150 
40190 
43730 
38930 
38510 
39950 
39010 
44420 
39830 
42670 
43950 
39290 
40090 
39180 
40170 
41260 
40690 
39580 
41550 
40310 
42020 
40000 
43340 
53340 
42340 
44420 
41440 
63380 
62650 
54850 
51750 
57180 
55820 
56670 
54100 
57710 
56440 
55370 
53480 
58440 
58550 
58640 
56120 
53490 
58300 
56140 
56830 
55170 
58890 
59160 
58000 
56110 
57410 
52620 
53460 
42040 
37890 
43810 
43360 
42320 
38930 
42050 
48440 
41000 
80560 
89960 
69170 
60990 
39610 
39930 
40560 
41300 
41880 
39690 
39500 
42260 
39070 
41640 
41060 
37840 
40470 
39370 
40670 
46020 
39400 
41750 
39540 
40400 
40060 
41860 
42210 
45090 
40850 
44360 
43310 
41560 
81510 
59500 
58230 
56190 
58560 
60350 
54190 
57080 
55090 
55960 
56600 
55480 
54300 
55500 
53950 
55620 
59860 
54070 
59490 
56470 
55380 
62810 
57210 
56430 
56010 
54360 
65120 
40820 
40760 
41930 
40970 
43270 
39830 
41320 
47470 
40660 
44190 
93290 
