68110 
45640 
44250 
40280 
40600 
41350 
39750 
38550 
37990 
39030 
41150 
43850 
38480 
39210 
39260 
38950 
39780 
37360 
39510 
37500 
39260 
38300 
40040 
38480 
37940 
38290 
38770 
42250 
38200 
38980 
38860 
41680 
40350 
37750 
37990 
39210 
39720 
39230 
39020 
37120 
36480 
39350 
37750 
38340 
36090 
37030 
42620 
39300 
42450 
37360 
38720 
39740 
42190 
40180 
37350 
39280 
39060 
40170 
42150 
39510 
36950 
39360 
39230 
38630 
39810 
37510 
37250 
39230 
39710 
37800 
38130 
40320 
39940 
38140 
38610 
37300 
38180 
37780 
39650 
39320 
37840 
39940 
37650 
40320 
38740 
36340 
37600 
37720 
39160 
39000 
38080 
37290 
37680 
39910 
38480 
38100 
40000 
38580 
40880 
39070 
40190 
37660 
37980 
39760 
40360 
39380 
37150 
37590 
38200 
38950 
38820 
38080 
37650 
38610 
37910 
38100 
36100 
39260 
39760 
53620 
42410 
38120 
36540 
37310 
39100 
37060 
38310 
38900 
36950 
39240 
39310 
39920 
40740 
37880 
38880 
39420 
38880 
36820 
37990 
41300 
39070 
39030 
37420 
36530 
38390 
39040 
42310 
39660 
38080 
39440 
40260 
39830 
38280 
37560 
38050 
39500 
38330 
39020 
36530 
36260 
38130 
39700 
38380 
37750 
38390 
39000 
39740 
47480 
44770 
44520 
61630 
45630 
38610 
38000 
38130 
37100 
39040 
38350 
36790 
38030 
35940 
37940 
38770 
39080 
37600 
36980 
39490 
38210 
41170 
39370 
38440 
39840 
37940 
39000 
36320 
36580 
37400 
40100 
38130 
37740 
37720 
38500 
39160 
40730 
40210 
36740 
37130 
37800 
37780 
37580 
36400 
37600 
37830 
37970 
39430 
37810 
37430 
37210 
39180 
40950 
36520 
37830 
37530 
40160 
39140 
38190 
37220 
37280 
40690 
37990 
39780 
38930 
37720 
39190 
36970 
37930 
38610 
37970 
38460 
39300 
40670 
37480 
36070 
37580 
39450 
38230 
38850 
39430 
37040 
40400 
39790 
39700 
37720 
38780 
40910 
38460 
39040 
36920 
37700 
37180 
38490 
38400 
37030 
38120 
37910 
39210 
38170 
36320 
38270 
39020 
39770 
38920 
36200 
36830 
38200 
40300 
38060 
36830 
36170 
38760 
39530 
38490 
40060 
36100 
38000 
36390 
39130 
38850 
37760 
39420 
39020 
38940 
37430 
37590 
37750 
38610 
39270 
38670 
37060 
37290 
39460 
40110 
40050 
36940 
37360 
38830 
38650 
38530 
38900 
37360 
37560 
38560 
38340 
38550 
37350 
38210 
40230 
39780 
38030 
39230 
38310 
39190 
37450 
39030 
41180 
38090 
38000 
38920 
39080 
37980 
38000 
40290 
40230 
39090 
39910 
40120 
39270 
38990 
38020 
37850 
38540 
40110 
38630 
38250 
39490 
36550 
36230 
38390 
40580 
40510 
38460 
37720 
37950 
39250 
38940 
38140 
38690 
37030 
38460 
39070 
40150 
38970 
36220 
38360 
37800 
39550 
39150 
36800 
39950 
39590 
38030 
37400 
36200 
39940 
38910 
38350 
37370 
37400 
36470 
41170 
40130 
38540 
37700 
37640 
39560 
37680 
39230 
37100 
37280 
39800 
40260 
40130 
37050 
37690 
39170 
37400 
39850 
36490 
37620 
38030 
38940 
40840 
37820 
37270 
37700 
38430 
38610 
36780 
36570 
36200 
38460 
39700 
38540 
36810 
37850 
39050 
39850 
39050 
36510 
44750 
41650 
40950 
39260 
39280 
38240 
42530 
40570 
37340 
38810 
38030 
37330 
39240 
40780 
38080 
38360 
39670 
40380 
39200 
38680 
37400 
37380 
37820 
40250 
39490 
36770 
37020 
37980 
38850 
37790 
36670 
36770 
36920 
39390 
36930 
36740 
37140 
38250 
41010 
38510 
37930 
37450 
37680 
41380 
38820 
38200 
36620 
38790 
38440 
41070 
38760 
37940 
38080 
38100 
40190 
38740 
36970 
36720 
38470 
39770 
39070 
38800 
37360 
38660 
39420 
37960 
36800 
35360 
38010 
39620 
38680 
37590 
36710 
40530 
37500 
38230 
37960 
37470 
37860 
38140 
38940 
39430 
36730 
37500 
39460 
39350 
39680 
37060 
37320 
37640 
39230 
37980 
35310 
37650 
37320 
38110 
37980 
38730 
38510 
37700 
42620 
42570 
38270 
38120 
40820 
39590 
39280 
38260 
37900 
37780 
39890 
38690 
38580 
39200 
36580 
37910 
38510 
39890 
37120 
37720 
36900 
38890 
39600 
38280 
36940 
36700 
38040 
39120 
37520 
36720 
37840 
37960 
39500 
39270 
39380 
37630 
38490 
39280 
40250 
37870 
36720 
37920 
39350 
37660 
36850 
37910 
36040 
38240 
39290 
39800 
37920 
37450 
38780 
39130 
38690 
37700 
38230 
38870 
39010 
38110 
37360 
37470 
37740 
39660 
38970 
38060 
37090 
36480 
41440 
39810 
38360 
38350 
37600 
39870 
40540 
42300 
38350 
37950 
37820 
39090 
37830 
36900 
37060 
39160 
40690 
38460 
35360 
37830 
39080 
40650 
39430 
36900 
38270 
36670 
40150 
40570 
38200 
35560 
39090 
38790 
43060 
42410 
37210 
37300 
39730 
39480 
38180 
37280 
38750 
37900 
38060 
40530 
38730 
37020 
38590 
38900 
41230 
37460 
39670 
38220 
40890 
37630 
37130 
37380 
38150 
38810 
37410 
39830 
37200 
40810 
38690 
40690 
39890 
38250 
38040 
38640 
39620 
38150 
38120 
36250 
38860 
40830 
38970 
38620 
38560 
37840 
39510 
39380 
37850 
39170 
39790 
38750 
37520 
38330 
37100 
37940 
36880 
37970 
37970 
37630 
38320 
39550 
37810 
40800 
35810 
36310 
37690 
38620 
38400 
37370 
36310 
37920 
38810 
37620 
37270 
37230 
37480 
39570 
38020 
37990 
37290 
37020 
38630 
40390 
38270 
37720 
39420 
39300 
39770 
37800 
36960 
36700 
40750 
38950 
39070 
39100 
37950 
38570 
39790 
38600 
39400 
41180 
38060 
41260 
38540 
36640 
37730 
37470 
37300 
38100 
39270 
37390 
37530 
38930 
39190 
40320 
36640 
36620 
38720 
40950 
39960 
36920 
36870 
37180 
40170 
39470 
37750 
37270 
37880 
37850 
37840 
38220 
38220 
37610 
38980 
38970 
37920 
37600 
39050 
38030 
38490 
39130 
35950 
37170 
38140 
39160 
39640 
36790 
37230 
38540 
39770 
39510 
37920 
38430 
37420 
39290 
38880 
38400 
36650 
37520 
38100 
36410 
40060 
37590 
36970 
40440 
38640 
38660 
37100 
36390 
38740 
39120 
38390 
38130 
39070 
39370 
40100 
38810 
38070 
37310 
37960 
41870 
40090 
39510 
36270 
37860 
37300 
41100 
39420 
36700 
37700 
37150 
43910 
40760 
38260 
36010 
38950 
39940 
41930 
38800 
38280 
39200 
41960 
43330 
38990 
36450 
36990 
39750 
38640 
41950 
38090 
38830 
39670 
40190 
41930 
38640 
39340 
36870 
39500 
38810 
41420 
40100 
38440 
40270 
37490 
38920 
37940 
36770 
40240 
37690 
37480 
36310 
37860 
39730 
37960 
37120 
39540 
37120 
38010 
38290 
38510 
37700 
36230 
38850 
37780 
38400 
37570 
35610 
41370 
39830 
48020 
42110 
36170 
37080 
39780 
37800 
39270 
36840 
36140 
38010 
36350 
37680 
37240 
37320 
39780 
41110 
38960 
36680 
36680 
38730 
38620 
38930 
37110 
35790 
38020 
38850 
39940 
37140 
37170 
36950 
38130 
40580 
36790 
38240 
40610 
39600 
40710 
37190 
37730 
36570 
39830 
37590 
38770 
36970 
38080 
38330 
38770 
42880 
37530 
39550 
38320 
38610 
40460 
37990 
36760 
37100 
39980 
37640 
37600 
36040 
38580 
40930 
39320 
39450 
37970 
38370 
38620 
38470 
39130 
37080 
36330 
42360 
42950 
40330 
37840 
38780 
38660 
39870 
39500 
36490 
36400 
35820 
39060 
37750 
36580 
38790 
39310 
39310 
37320 
36850 
37060 
37210 
37100 
38670 
39070 
35760 
38420 
38490 
38480 
39880 
37950 
39040 
38830 
39450 
39850 
38360 
37740 
38130 
39610 
38640 
36760 
36540 
36920 
39470 
39100 
38370 
38620 
37520 
37520 
39520 
41440 
37400 
39980 
36550 
38370 
39130 
39700 
37380 
37880 
39360 
39370 
39480 
36860 
39110 
40740 
41210 
40620 
37180 
37180 
39310 
38510 
38640 
38580 
37900 
38010 
38410 
39600 
40380 
39830 
39120 
39450 
40740 
44520 
40130 
40570 
40300 
38240 
36300 
41130 
38970 
38500 
40660 
36820 
36170 
36830 
39830 
38680 
37040 
37960 
38580 
37870 
39930 
40670 
37130 
38290 
38160 
39090 
39370 
37740 
36440 
37800 
40640 
39580 
36800 
36550 
38510 
40000 
38630 
37630 
37640 
38270 
40460 
37710 
37560 
38250 
36320 
38770 
38180 
38980 
38530 
37010 
37910 
39110 
39720 
38390 
35810 
39710 
38190 
37820 
36830 
36480 
37980 
39090 
38790 
36900 
36710 
37650 
41290 
38110 
38530 
37820 
37120 
37600 
38790 
38720 
38180 
36810 
37420 
38220 
37550 
36230 
37400 
38740 
38440 
38490 
37300 
40260 
37890 
38620 
39790 
36210 
37650 
38320 
39800 
38340 
38000 
36560 
37890 
38340 
39150 
38150 
39260 
40900 
41150 
40410 
38690 
36920 
37020 
38510 
39370 
38590 
37530 
37070 
37230 
39970 
39220 
38100 
37130 
36920 
39120 
38280 
38670 
37750 
40060 
39850 
37330 
38010 
40380 
40200 
38020 
38950 
40250 
36690 
38100 
38590 
38600 
38830 
36830 
37810 
35660 
38260 
37190 
38240 
36130 
37060 
37800 
37240 
37300 
36020 
38000 
38020 
39150 
38660 
37460 
36940 
39110 
43630 
39810 
37100 
38450 
38140 
39560 
39330 
37190 
36740 
37000 
38140 
39870 
37380 
36610 
38140 
39950 
38220 
37900 
38400 
36720 
37050 
41360 
41750 
40160 
37960 
37610 
39940 
38530 
37630 
38570 
39080 
38630 
40140 
37470 
37350 
37480 
38170 
38430 
37150 
36430 
40060 
40150 
37810 
37920 
37540 
38670 
40030 
38330 
38580 
37610 
38170 
38440 
40650 
39970 
37280 
37430 
38130 
37810 
38370 
36950 
37270 
36470 
39110 
39360 
36130 
39720 
38740 
38760 
41930 
37360 
38910 
36310 
39260 
39960 
39840 
38990 
37920 
39310 
39800 
37660 
41940 
38310 
39420 
39570 
39200 
36430 
38570 
38270 
40160 
39630 
37450 
37690 
37120 
39740 
37910 
38760 
37340 
38590 
40450 
38510 
38610 
38090 
38230 
39290 
54320 
39450 
39010 
36680 
38010 
38520 
37630 
37640 
36960 
36790 
37940 
37790 
36440 
37030 
37920 
39280 
37620 
39200 
40080 
39830 
41790 
42610 
40780 
36830 
38730 
38330 
38980 
37270 
36270 
36860 
38800 
39450 
38960 
37850 
36750 
37800 
39490 
38860 
35540 
38440 
37470 
40030 
43880 
45550 
41510 
38560 
39820 
39240 
38850 
37560 
37970 
37840 
42910 
39370 
36850 
36920 
38680 
38150 
36320 
36500 
37390 
35930 
40200 
36970 
35830 
39420 
37850 
39420 
36180 
38990 
38330 
37700 
38630 
38860 
38950 
36330 
37750 
38720 
39100 
36980 
37930 
36170 
39130 
39350 
38820 
36780 
39410 
38230 
40110 
40390 
39290 
37720 
37530 
38850 
38010 
38480 
37010 
37690 
37490 
38320 
37920 
36630 
38060 
38410 
39390 
39260 
35980 
36000 
36870 
38560 
36820 
36730 
36330 
36440 
39540 
38890 
37480 
36850 
38090 
37680 
39560 
40880 
37090 
39240 
38480 
51300 
42010 
37640 
37290 
38720 
39710 
36610 
37330 
35250 
38830 
38680 
37520 
37960 
36590 
37650 
40080 
39230 
37750 
40190 
39240 
39790 
37050 
37590 
37540 
37670 
38290 
39410 
39420 
36480 
38060 
38430 
38050 
38450 
36940 
36840 
39200 
37640 
38010 
37750 
37370 
37740 
40270 
38550 
37130 
37310 
37500 
40280 
38760 
37330 
38880 
37660 
39900 
38030 
37140 
36940 
38660 
37930 
38760 
39120 
35920 
37090 
40210 
38520 
38950 
37590 
38560 
38590 
41330 
38450 
37050 
37780 
39420 
42640 
42300 
39900 
37060 
36160 
39000 
38180 
38830 
37470 
37590 
39280 
40420 
40010 
37950 
37050 
37320 
39240 
37210 
35000 
38410 
36490 
39990 
38890 
39760 
41410 
39360 
40310 
38850 
37480 
37720 
37690 
39640 
39610 
38300 
36390 
36560 
40310 
39750 
37760 
36320 
37530 
37090 
38610 
38160 
38600 
37850 
39710 
39180 
39370 
42390 
38200 
38150 
39350 
36950 
36510 
38340 
36200 
41140 
39870 
39150 
37770 
36680 
38570 
39010 
38070 
38510 
37850 
38370 
37860 
37140 
41020 
37480 
37880 
39490 
40640 
39040 
35870 
39740 
38540 
38110 
37420 
37420 
36780 
38270 
36670 
38270 
36380 
38030 
38090 
38110 
37970 
36900 
36680 
38070 
38560 
37450 
37420 
35410 
36290 
41850 
40240 
43380 
52370 
41870 
39900 
39370 
38420 
36370 
38040 
37660 
52650 
41870 
37340 
38400 
37660 
38660 
37430 
36390 
38070 
37030 
39800 
38810 
39200 
35970 
39080 
41750 
39440 
37100 
38650 
38430 
40380 
46430 
39970 
37140 
36650 
38740 
39480 
38120 
37650 
35690 
37830 
40890 
37790 
50330 
41810 
39150 
38970 
40150 
37800 
38330 
39330 
38650 
38330 
36830 
36300 
37270 
39590 
38280 
37330 
39550 
42560 
40210 
38430 
38810 
36930 
37530 
38370 
37980 
39260 
35840 
37830 
41100 
40060 
39970 
37090 
38710 
39370 
39850 
38550 
39560 
36910 
38250 
39980 
37710 
38670 
36810 
37550 
37760 
38440 
38230 
39730 
39570 
47710 
40850 
40040 
38060 
38160 
37770 
38790 
40210 
40680 
36520 
36720 
39610 
41560 
38920 
36830 
37190 
39890 
38360 
38800 
36560 
37770 
38380 
38600 
38220 
36070 
37620 
37370 
38520 
39090 
38690 
37560 
37970 
39120 
39020 
39940 
38320 
37230 
39020 
39540 
37630 
36610 
36370 
39240 
37780 
37430 
36280 
38010 
37730 
37870 
38770 
36690 
37370 
38350 
38600 
37290 
39750 
37870 
38670 
39420 
39390 
36930 
37920 
37220 
40160 
38450 
37940 
37870 
37930 
38640 
39980 
39710 
37220 
36200 
38680 
38160 
37870 
36900 
36860 
37500 
41700 
42090 
38340 
37250 
40270 
39150 
38190 
36410 
36720 
37710 
38840 
39200 
37220 
36810 
36850 
37720 
39080 
38310 
37410 
37630 
40760 
38730 
38820 
37870 
36840 
39020 
38870 
37770 
39300 
38190 
39600 
38600 
38550 
37060 
37700 
38310 
40000 
38030 
36310 
37160 
36980 
40640 
38800 
37780 
38130 
37220 
38770 
38290 
38980 
38040 
36120 
39700 
38360 
41770 
41020 
38380 
41050 
40340 
38790 
40190 
38460 
38230 
38600 
37790 
37910 
37390 
38170 
40030 
36880 
37340 
39560 
37240 
37570 
37470 
38430 
39990 
40910 
38450 
36690 
38040 
38130 
40340 
39700 
38130 
38930 
36250 
44590 
41190 
40150 
38590 
38120 
50710 
44090 
42530 
39560 
39170 
36970 
37520 
38590 
38190 
38980 
37880 
41370 
38760 
37450 
39950 
38260 
38990 
38500 
38750 
38560 
36870 
45920 
38700 
40340 
37480 
38510 
40460 
36690 
40100 
38740 
39850 
37960 
37840 
38520 
37970 
38650 
37720 
37450 
38150 
40200 
38680 
37160 
36640 
37000 
38630 
38560 
37700 
43070 
38400 
39480 
45940 
40530 
36780 
37830 
40990 
38890 
37650 
37140 
36330 
37860 
38850 
39420 
37210 
37740 
40560 
39460 
37570 
39100 
36750 
37350 
39310 
38730 
37710 
36260 
37080 
39010 
38120 
34980 
35470 
36890 
38580 
37560 
38650 
36300 
36460 
39470 
39970 
37480 
36910 
38430 
39410 
39280 
38720 
35480 
36110 
39760 
40530 
38580 
36400 
36380 
36600 
38580 
37440 
37030 
35780 
37560 
40430 
38980 
38340 
38060 
38870 
38640 
52270 
40240 
38480 
38950 
40420 
40560 
38070 
38730 
37370 
39590 
39640 
38970 
37280 
35760 
39510 
39710 
40000 
38010 
39000 
37170 
39790 
38040 
38060 
37030 
37350 
37430 
39280 
38420 
40910 
38190 
37650 
39250 
39300 
37840 
36640 
38750 
37450 
39440 
36460 
40160 
37770 
39620 
38080 
38190 
40380 
38600 
39790 
37970 
36710 
38260 
