83400
56500
52940
54100
52770
57740
57920
55190
55040
54490
58190
56670
56060
53550
57550
56530
146650
136850
140260
149920
149020
135120
135020
135361
139460
140650
130140
134090
143040
133240
139990
139960
134410
146840
140200
135151
133850
125200
146580
143550
134290
134140
144490
144810
142100
134480
134680
138990
139630
135200
136030
133390
141280
144390
136870
136600
143840
144800
137810
136950
134790
139260
144010
132700
135550
135140
139121
145710
140500
134920
139630
141610
138710
136870
140040
139670
128620
139370
125421
133820
142980
141530
134690
134700
132450
146910
141340
131200
135560
131070
139140
138230
134350
133760
148300
142821
132950
126830
129260
142540
149700
136810
132710
137250
141970
141440
135300
127781
142930
142280
141910
135370
132260
140870
128880
134330
135680
134510
143020
139011
136740
132120
131970
134980
143200
131590
132810
143240
144540
135140
127510
133611
136100
144340
136190
125210
133681
143190
145820
133480
122460
133230
143680
142370
132400
122680
147510
141590
138280
132000
132210
142200
141830
136610
132740
132980
143810
142660
136770
136820
133300
139810
139570
136550
134130
135410
139850
139931
134930
134700
140570
143530
142980
129650
131090
140810
143170
135770
132810
128440
142640
140540
138780
134780
136491
141630
143660
134520
136110
140420
138830
136630
136710
135760
144220
131540
138221
126470
140920
136350
143050
136190
133590
134380
138730
143520
134790
134450
139400
141390
147390
134470
131890
143501
138610
135930
133590
131880
142970
141380
134660
136480
134970
142700
150360
134181
134070
137600
138380
133570
131490
130260
141460
139750
134270
131480
135640
143030
144590
133380
130960
137990
137310
143340
134700
131210
142870
139530
134860
137520
138440
139690
138070
136420
132450
132650
139910
138800
134130
134700
136380
138580
140250
132460
133420
140940
140660
136920
136150
130570
140810
140860
135260
132441
107770
143970
149820
136560
133890
134900
142370
140940
134730
128500
138800
144661
139460
131780
129200
137740
139430
133820
136960
125420
139290
139250
129600
114791
130900
142080
142360
135210
135650
140630
139450
137370
137440
133940
143330
146231
132990
136210
133110
147080
145000
132150
133700
139700
139760
138250
135160
132460
143950
138350
131170
133170
139800
141750
149040
136200
132740
142610
136310
144690
128390
138330
142880
142350
132690
134890
136510
137960
143440
132610
133960
142770
139480
135290
134250
134730
140211
142190
133240
133000
136950
141330
142280
133500
132200
138000
138390
139790
135571
135770
145110
139880
137860
132870
133180
143390
142260
135170
133950
125920
139921
136320
134710
136020
141630
140710
144720
137260
131580
145150
145540
129020
132321
134940
139310
138650
134510
134770
137700
139200
141810
134000
135580
144250
129640
134450
133930
134020
146000
140960
135010
134560
138550
140390
142040
130890
131541
133710
141100
143560
135860
135540
140630
141340
137860
132600
134050
142180
142260
135710
129280
112990
141970
141300
135840
133660
140000
141570
150060
128860
136830
141990
135440
134960
130680
136130
142250
133120
134540
132220
136110
137810
131730
131960
134240
139520
141620
140961
138020
133740
144660
139370
133010
132800
139140
140260
142860
135390
133730
132971
139800
143150
134210
135630
132180
143430
141850
130450
136440
146910
133910
134710
135200
135530
138290
143370
137260
133490
134150
143700
150500
137320
134370
137480
130760
138100
132110
134430
140361
141570
134770
136790
138350
148980
136290
128410
138230
135690
143800
137600
135390
127900
136110
144420
141110
134060
131800
139560
141510
141070
135890
131450
134461
144920
134310
134150
132190
134500
142970
134690
134720
131260
143640
140910
135361
135800
135710
139730
142720
134300
131480
147610
153760
137320
136300
139110
146181
143440
139610
139480
141140
145900
146580
138920
140980
143660
145780
140260
138291
139740
144910
144980
142610
139231
140340
146110
149200
137560
143840
141650
146590
145900
137570
138670
145680
142860
130120
133010
136560
141280
143290
130790
132420
138040
156120
147990
136080
136960
140370
146150
148090
137550
135600
143400
149150
129030
133670
132980
140990
135480
124340
134930
132700
145210
130900
127180
136080
133170
143730
137990
132990
135741
142010
145220
133470
131700
138790
143920
143030
133200
138310
137270
139200
143461
133820
132580
132730
144000
135090
132820
133510
140420
134910
134100
132450
133561
136480
142580
134980
133690
139470
138820
135370
134890
130560
141010
145420
132751
132010
140100
144640
146780
138690
128760
138880
141880
137030
130600
134690
139140
143330
133080
135340
135460
136950
140360
135160
136230
140810
139170
135380
133380
138670
143620
143950
129650
134730
130420
141720
146550
136260
125190
128610
143600
137480
134130
130200
136280
146371
141540
133920
134090
139110
143730
129840
132590
134930
136410
153990
133420
133011
133290
137410
142920
120810
136600
137430
137540
138170
130970
140020
141420
140531
135710
133680
133460
143410
141130
134440
135130
138250
144160
139780
135390
137981
139800
140940
130450
134240
134550
142110
146900
134870
135430
129440
137730
141460
134410
133140
135780
138870
146611
124220
134360
141470
144490
145260
136770
129530
142120
152510
138030
136020
125971
145880
144870
136130
136580
133700
135630
139900
134180
134720
138390
142360
137550
135080
135920
137790
138200
136510
133920
136920
143300
141690
132390
138600
130751
139230
141750
124130
126830
139320
145960
142400
132290
134730
142450
143100
136921
132510
136470
138590
139700
135040
129920
136620
138350
142000
135740
134520
138631
147550
142570
135440
128600
141180
137030
134520
136060
130140
138330
137280
132651
136900
136230
141250
141480
135100
136150
136900
140480
140780
132960
136690
140211
142710
135210
136700
134700
143350
147010
97010
135820
131120
144620
153930
134610
136800
139930
148540
145490
134570
124860
140980
148930
137990
133880
134600
141291
146800
137070
139690
136410
153491
140560
136560
135620
140910
139240
134590
136930
133450
139320
141950
136510
137321
133450
142620
145300
135140
135590
136580
140570
143830
135310
137440
144110
142591
138430
139710
138200
141830
143700
137180
132040
133750
146980
145840
136830
133321
131870
142790
139800
135480
133551
137150
142710
144860
135190
133410
137720
141630
134910
136410
127150
137010
146670
133520
137260
140520
159260
139910
137410
134330
140280
140460
136260
137540
137030
147640
137850
136080
135610
139280
139750
142531
135930
136410
144560
142860
136900
142320
138140
143740
140270
135770
137720
138450
148450
137900
134980
137570
142080
141350
135570
135530
136080
139900
148580
132430
138030
139470
139230
143060
135911
134000
138800
150090
143540
130350
136640
150200
142100
134880
136760
133490
143841
142850
137530
135710
136350
145730
145410
135920
130180
139460
141730
136600
135441
139980
145510
142890
135250
143070
134520
140920
147190
127630
138440
140110
143490
140230
135570
138040
143270
143011
138020
136180
135460
135260
146730
136580
134790
136390
133450
147770
136550
130891
140440
149570
138800
138200
128180
144420
139800
138680
137610
135730
144540
145880
133890
136270
138370
145480
145040
133390
136490
139520
140560
143760
134680
136941
143990
141730
135280
136710
135550
140490
140930
138000
135460
135600
146160
139361
132890
134280
141140
141860
131050
134230
134250
141150
143810
129200
136760
133721
143930
139840
133440
135050
132480
151940
135210
136820
134210
137330
143910
140120
137040
134700
139040
144780
140720
137920
136280
145130
145000
134780
137260
132941
140400
142680
134360
139710
134800
140940
146300
139070
134930
144520
140150
141971
136320
134820
149340
142240
138190
131290
137310
144050
139670
134640
136850
137310
145610
135460
137920
132670
145240
146110
138030
134900
136880
150470
143650
134330
134970
133510
140590
140690
137950
133830
134750
141770
148470
134760
135820
139370
137880
139380
139230
135510
145341
141280
136320
133460
136210
136140
140900
143410
133610
137800
140370
142020
136391
132720
143610
140410
138530
134610
136320
144950
139050
133800
139010
138210
143831
141440
135280
136650
139630
145430
142230
128220
137490
148090
145920
138510
134891
135270
146780
143260
137850
134980
136220
145000
144250
138990
133850
141950
142401
140290
133940
134060
144470
141970
136820
131420
134360
143070
142480
140160
137431
135950
143310
148430
127460
136120
145170
144640
137580
128860
134510
144270
144690
130340
116710
133510
146480
141461
134690
152380
140470
151670
147260
134360
136230
151010
141630
135040
133770
136941
145240
139870
136210
136130
141890
145160
140660
137290
129510
141760
145990
134871
137550
136740
141920
140080
134220
137820
140880
132070
141230
138170
137050
143490
132650
136570
133460
137050
145320
141140
137810
134500
130000
144750
139240
138290
134760
145920
146230
138680
137970
135220
144270
142090
129660
133880
134920
154181
143630
138310
136990
135090
145230
140260
139980
136520
144970
138520
141440
138281
131980
139820
143920
134090
133690
138910
147100
146600
137090
137510
138730
142990
145770
135780
136670
144470
141341
137890
131930
133270
141760
142710
138660
133820
133830
147160
138080
135610
132931
135840
139310
141190
137470
134390
139200
143110
137210
133730
134030
152770
146871
129160
135670
131010
143040
139480
137520
130870
141420
146310
145790
140610
138741
147670
147090
138870
138300
138900
140180
140930
137950
137260
134740
140550
143151
136590
133080
131290
141500
140451
135940
132470
133460
145500
139610
137630
128630
134800
139970
140190
130910
134330
144810
143020
136250
137850
133760
147540
141510
134730
137480
134670
145540
145030
136700
137300
142380
143830
139620
135810
132820
142210
142730
139290
133700
137440
140200
144190
139140
134540
139190
142840
140961
133270
135730
146860
145380
142421
136320
135650
145420
145500
136900
130890
138030
142770
132930
133000
136220
140421
139610
142840
135260
136390
148780
140750
130710
132110
136350
146570
141390
133501
134380
141500
141360
144950
137250
135170
134030
146590
143800
134790
135120
143661
141250
137170
133540
134270
144340
142970
139240
135100
135450
144370
139020
137881
129600
139070
145250
157230
138400
134030
140420
142270
137750
135810
131250
141571
144180
136590
132630
140150
142571
152540
135580
136110
144300
141990
142030
134370
137130
138020
140890
139030
134541
142260
143670
148340
139350
133840
130350
143720
147160
131170
134420
145840
142821
141330
136100
133630
143360
135250
138210
136290
134060
136170
144400
132340
134161
139760
139200
148700
128430
130650
139870
127480
136730
137210
130880
145440
131870
137400
133370
133170
144500
139961
134800
135010
145490
133270
127480
137560
137230
146620
136380
134910
135340
136361
140520
141750
128440
131180
144630
135360
129610
133150
131260
134310
142040
138471
135530
139730
136910
146000
133010
134930
146160
136820
135790
137510
135040
142360
144340
139840
134640
135470
147410
141520
133150
129710
141370
145940
142480
134820
132330
142100
142210
141020
136980
133970
120140
141750
134810
134690
129110
144920
144690
139300
135470
80570
135950
144020
133450
134180
139370
132660
135530
133841
127860
145840
141140
135600
136190
129370
140070
139500
137020
126940
135280
139481
138940
135600
135630
141150
133530
146560
136300
134400
147850
138240
135820
137741
134570
143520
139400
134240
134940
137930
140960
140630
133970
134790
142980
142311
137220
134370
134700
146150
140771
133110
132270
140290
141380
136450
137620
135680
135830
136800
140420
132130
133511
141650
140850
142590
134520
125500
139420
138220
129240
132930
123480
143580
140931
127670
132290
130830
133700
150000
124180
133010
133220
135070
141170
129760
138041
139430
140920
128600
132530
136740
139350
142620
126420
138330
127300
141290
140421
134090
125150
144100
136810
143470
138810
132240
142020
145510
138040
132740
135271
142230
141320
134090
129560
132860
143390
142840
137900
134070
142080
144310
146590
134570
132840
144890
136910
136621
135120
133190
142430
150940
132620
133810
125010
137700
142430
138220
134880
130370
137420
142480
133230
137110
140470
145320
138730
131770
136120
144620
141460
135110
134470
139050
144850
141150
135660
138610
141200
139980
141830
130290
132180
141561
140160
136170
136730
133850
140990
144220
137330
132340
133060
143230
141510
132181
133900
137820
141570
145730
133380
135760
139110
153340
130600
134380
134630
139931
145050
134610
136380
137210
139380
140640
135320
135740
142910
144820
139050
135770
136530
141780
131740
137310
135111
138450
142170
137020
135800
107530
142000
141050
139510
135850
136130
142140
144820
133480
132670
133800
143380
143030
133250
126420
139180
143390
137210
133150
122801
141270
144020
137620
135140
122230
135600
148251
135220
133830
155280
139630
142260
132670
134560
139440
139760
136660
133000
136280
139870
144170
132890
135640
141331
137240
140410
135740
134990
143850
137310
130260
132320
140150
140230
151100
134351
130880
134570
143360
146390
133860
133530
141270
132340
143150
138430
135750
139771
137840
132030
133190
133810
143920
142570
137460
134710
133990
142960
145110
133550
135270
131020
140860
140960
134441
136970
141700
142020
134010
132170
136120
140820
144180
127530
134810
137880
143241
143860
133160
133100
135840
138110
138880
138180
136490
138710
139720
137620
133101
135750
145210
143730
136200
134240
135290
141970
145140
129340
136240
139230
140881
141250
135130
127210
141660
146590
137070
131480
133690
140600
150640
133010
132001
132380
142460
142650
132860
135850
137740
140480
140470
136020
133300
139710
142731
135670
133610
134450
140520
140520
133060
113400
136940
139840
142800
133610
136711
136550
143410
142100
132890
132130
140530
140180
131340
134100
133110
140340
142271
130720
138180
132590
131310
141220
131020
133580
136450
131650
141180
131440
138550
142750
142140
139340
133250
136901
143700
135810
134190
135970
133790
143270
138770
134480
135840
137860
143310
141370
131740
136210
140130
133920
137480
137280
139580
143370
145940
140590
142630
138851
147680
145900
137070
139750
145330
146840
