73940 
46210 
40460 
40920 
39550 
40270 
39590 
37740 
40170 
39900 
39690 
37400 
38540 
39890 
39430 
41130 
39240 
37750 
39490 
38410 
40890 
39250 
37570 
37280 
36470 
39460 
38460 
38400 
37490 
37280 
38090 
37440 
36820 
36760 
36510 
36960 
36290 
37340 
36610 
36400 
36600 
38150 
37570 
37870 
36950 
39650 
38020 
37280 
37830 
38060 
36970 
42110 
37150 
38500 
36740 
37220 
38470 
38040 
38500 
36780 
38820 
37730 
36950 
38810 
37410 
37400 
38890 
40310 
40560 
36420 
36900 
37970 
38590 
38320 
36760 
35430 
37540 
38280 
38610 
37180 
36370 
40380 
38930 
38490 
36470 
36460 
36840 
37320 
38630 
38030 
36140 
38440 
37020 
38400 
38610 
37210 
37060 
35970 
38390 
36890 
37330 
36320 
36590 
39680 
37220 
36670 
38500 
35450 
38790 
36520 
38200 
37210 
37300 
37610 
37990 
36580 
37780 
36480 
39200 
38760 
38640 
37210 
37200 
37940 
37680 
37960 
37200 
37870 
37860 
37410 
37610 
38000 
37350 
37530 
38120 
36680 
38490 
37080 
37330 
37810 
35920 
38400 
36030 
37200 
36830 
36770 
39920 
37080 
35940 
37680 
37270 
39590 
38430 
41010 
36630 
38190 
37040 
37440 
37180 
37450 
39840 
38450 
38380 
38290 
37440 
40100 
37500 
38620 
38280 
39420 
38610 
38580 
38680 
39180 
37780 
36560 
39950 
37280 
45570 
44090 
36840 
40890 
37710 
37570 
36550 
38110 
39360 
36690 
37300 
35700 
35040 
38710 
37590 
38360 
38310 
36680 
36680 
37820 
38580 
36380 
36090 
38110 
36980 
39140 
38070 
38380 
37320 
37370 
37830 
37630 
36430 
37130 
38630 
39050 
37700 
37490 
38080 
41620 
39240 
39500 
37200 
38880 
37150 
39770 
38370 
38660 
37950 
36450 
37380 
39100 
36210 
37610 
36270 
39360 
37070 
37790 
37970 
37810 
38470 
36760 
41170 
38820 
36980 
38710 
38030 
40980 
38950 
37120 
38920 
37710 
38670 
37820 
38550 
43210 
38600 
38820 
37040 
36610 
38410 
37820 
38500 
40410 
39030 
38890 
38840 
38720 
42800 
38310 
40240 
38780 
38730 
38650 
36940 
38670 
36550 
38170 
40200 
36770 
40010 
38170 
37230 
51910 
37670 
37570 
36550 
37810 
37410 
36890 
37650 
36100 
37410 
41840 
37970 
38390 
36720 
38220 
38400 
37600 
37540 
39170 
37560 
37700 
37670 
36700 
35380 
36520 
37660 
36660 
37850 
36510 
35370 
39690 
38450 
40110 
36830 
38370 
40140 
39600 
38500 
39830 
39190 
38230 
37670 
37540 
36060 
37070 
38340 
37520 
37650 
37560 
36170 
37810 
38140 
37960 
35630 
36850 
37910 
37510 
38970 
37450 
36700 
36800 
39960 
37850 
38330 
37170 
37830 
37230 
36500 
41340 
36870 
37110 
36230 
37590 
41670 
37030 
37360 
36300 
38510 
38630 
37110 
38570 
37540 
37590 
38150 
37520 
39560 
51290 
42020 
39300 
38170 
39730 
36580 
37570 
37500 
36840 
35870 
36410 
36700 
38700 
37460 
37580 
38220 
37100 
38410 
36930 
37980 
35700 
36440 
37350 
37160 
37790 
37540 
37420 
38850 
38760 
39440 
37060 
36830 
41030 
37150 
38770 
36560 
37370 
37850 
36930 
38970 
37610 
37200 
38730 
37470 
39740 
38060 
36520 
36620 
38310 
38610 
38360 
38380 
38480 
39120 
40380 
37720 
36910 
37370 
37210 
36600 
36700 
36180 
40350 
37470 
39300 
37140 
36970 
39530 
37660 
39910 
37950 
36580 
36770 
36220 
39970 
39480 
36810 
38170 
37240 
38940 
37900 
37130 
40330 
38120 
38440 
37740 
38850 
37390 
40350 
39250 
38810 
38930 
36870 
39910 
39630 
37490 
41170 
40280 
35840 
39080 
40270 
37140 
41110 
37620 
38280 
38590 
38530 
41740 
38120 
38170 
38030 
37360 
38050 
39650 
36640 
39780 
38230 
41830 
41200 
38650 
36440 
37710 
41430 
36380 
40280 
37650 
37590 
38600 
40900 
39310 
37560 
38970 
38490 
40710 
37810 
39780 
39490 
37910 
38430 
38570 
37170 
37650 
39890 
37890 
40740 
37100 
38330 
40200 
39530 
35870 
40120 
38840 
41270 
37980 
38550 
40480 
37090 
38670 
38300 
40690 
38510 
36090 
38510 
38810 
37800 
36000 
36120 
37260 
37340 
39060 
36870 
36550 
37330 
37450 
39140 
37330 
37300 
37920 
38070 
37390 
38170 
35850 
37310 
39520 
38030 
37660 
37270 
37530 
41010 
40480 
38840 
37240 
37280 
36010 
38680 
38660 
37760 
37810 
36390 
38290 
38660 
39550 
38520 
37940 
39520 
38250 
37100 
36860 
37970 
43180 
39020 
38190 
36980 
37860 
38280 
42310 
37520 
36630 
36280 
38310 
38330 
39140 
37010 
36470 
38150 
37700 
38520 
38230 
36350 
37710 
38930 
37600 
38930 
35970 
38380 
38540 
37800 
37460 
37710 
37460 
37590 
37240 
39430 
35900 
36960 
37770 
38300 
39500 
36320 
36730 
38970 
36710 
38790 
37040 
37790 
36770 
38700 
38510 
35890 
38250 
39620 
37360 
38670 
37760 
36430 
37210 
37530 
38100 
37330 
37070 
37190 
37680 
38030 
37220 
35490 
36080 
37990 
38200 
40610 
37470 
37620 
38310 
38910 
36890 
36380 
36800 
36380 
38680 
37580 
38350 
39760 
37140 
38170 
36840 
38410 
37230 
36380 
36250 
38050 
37160 
38540 
38860 
38960 
37680 
39110 
37250 
37650 
36520 
37530 
38550 
39060 
36880 
39640 
38890 
37940 
40910 
38630 
38940 
38950 
38090 
38910 
37000 
37360 
36810 
37660 
38670 
37890 
36200 
38210 
39240 
40020 
38350 
38350 
36150 
38250 
38130 
38740 
38760 
36500 
38130 
39020 
37490 
37840 
36430 
37730 
37720 
39460 
38570 
37500 
37230 
38570 
39090 
38430 
37960 
37280 
38120 
36760 
38380 
37060 
36470 
42180 
38780 
39430 
36260 
36940 
38900 
38080 
38780 
36140 
36880 
37010 
36150 
37320 
36970 
35890 
37280 
37490 
39080 
36760 
36860 
37940 
37990 
39680 
36410 
36660 
36350 
38270 
38120 
37090 
36250 
36030 
41910 
37400 
36920 
37670 
37730 
38760 
38800 
38060 
37150 
38990 
38060 
38160 
39490 
38710 
37330 
37510 
37460 
36960 
37540 
38290 
35780 
38890 
38830 
37770 
38150 
39090 
39020 
37620 
36630 
37800 
37280 
39800 
38020 
37210 
37890 
36640 
37570 
36780 
37540 
36700 
38340 
38960 
38640 
38180 
37750 
66480 
39760 
38340 
37760 
38470 
37080 
38810 
39240 
37250 
37680 
36470 
36390 
38810 
37170 
38090 
38040 
36190 
37040 
38280 
40390 
37190 
38150 
36770 
37900 
38830 
38290 
38230 
36420 
39400 
38970 
36930 
37090 
37360 
37790 
38460 
38050 
37730 
38050 
37420 
38090 
37900 
38790 
37780 
37170 
40450 
38300 
38140 
36930 
37180 
38800 
41940 
40650 
37340 
35630 
38420 
37540 
42330 
36360 
38460 
39050 
37190 
51600 
35950 
37410 
39660 
38520 
38160 
36490 
35830 
38190 
38320 
38350 
37750 
36800 
39070 
37010 
39220 
36770 
37140 
38660 
41710 
37870 
37450 
36950 
38720 
38290 
37570 
37220 
37390 
36730 
38770 
37570 
38180 
35530 
38770 
37320 
39680 
39200 
35960 
37740 
38310 
37210 
42840 
37170 
37470 
36490 
38960 
37900 
38110 
37990 
35470 
38590 
59010 
40050 
37200 
37250 
39090 
37040 
37910 
37270 
37990 
37550 
39470 
37030 
39000 
39420 
39310 
38350 
38600 
37020 
38020 
36960 
38340 
37660 
39240 
37510 
36600 
38870 
38040 
38770 
36470 
36960 
39620 
37420 
38490 
38550 
37180 
38920 
38700 
38160 
37580 
38540 
37690 
53500 
41270 
38260 
38130 
39680 
40370 
39210 
37150 
36250 
37560 
38380 
39000 
38560 
37530 
38330 
37490 
38090 
37170 
37160 
38840 
37790 
38620 
37550 
37630 
37020 
37850 
38260 
41210 
38150 
38330 
37200 
38480 
38340 
38300 
38370 
36550 
41070 
37220 
39090 
38990 
37120 
46400 
41350 
39330 
36780 
37910 
36710 
37230 
38940 
36630 
37270 
40630 
37520 
37040 
38220 
37020 
37580 
37770 
37940 
37450 
36440 
38390 
38630 
37570 
38620 
37210 
38180 
38120 
37560 
37530 
36590 
36980 
37010 
37720 
39420 
37860 
37500 
37140 
37490 
38080 
39070 
36960 
37030 
38540 
38830 
39210 
38290 
37560 
37990 
38190 
37820 
37890 
37920 
36730 
39250 
37510 
36610 
37030 
38110 
38050 
38650 
38460 
39240 
38260 
38430 
43480 
38210 
36220 
36510 
39250 
39080 
39800 
36730 
35990 
37790 
36550 
37180 
36610 
36430 
39090 
38130 
39370 
37820 
37610 
38840 
38100 
39470 
38520 
37480 
38930 
41160 
39490 
36420 
36990 
38130 
38710 
37940 
37300 
37010 
38770 
38190 
39540 
39190 
37200 
38380 
38290 
37440 
37660 
37610 
37560 
47370 
44290 
37880 
42880 
41340 
36510 
38150 
38290 
37560 
36800 
40680 
53480 
39330 
38640 
37520 
35910 
38650 
41750 
38050 
37480 
36920 
39560 
37140 
36650 
37580 
37320 
39010 
36610 
37620 
37280 
38750 
39310 
39540 
37920 
37250 
37000 
36930 
39050 
37840 
39200 
36780 
37530 
41790 
39110 
38460 
36800 
38940 
42060 
38400 
38030 
38120 
38360 
38370 
36770 
39500 
39460 
40510 
37080 
37990 
39310 
37740 
39330 
37420 
38270 
39280 
38680 
37220 
36060 
37720 
38970 
37870 
38090 
37690 
36560 
37680 
37470 
37750 
36570 
39230 
39590 
39210 
38260 
36270 
37770 
38310 
38650 
37390 
37620 
36540 
39250 
37060 
38060 
40740 
37990 
37400 
37890 
38380 
40500 
47380 
40140 
38500 
37080 
37210 
39010 
39930 
38220 
39270 
36990 
37650 
38750 
38080 
37930 
39150 
37020 
36890 
37570 
38160 
37080 
36290 
38680 
38170 
39580 
38070 
37530 
36520 
40130 
37630 
38940 
37260 
36510 
35940 
35880 
39140 
36300 
37910 
36810 
36580 
38810 
37340 
36400 
36780 
35680 
37760 
37720 
40600 
36490 
37260 
38160 
37190 
36420 
37350 
38090 
38090 
37310 
53680 
39620 
36950 
42010 
37680 
37460 
36800 
39170 
38790 
38580 
38580 
36480 
36550 
38350 
37050 
37940 
37670 
37160 
40070 
39200 
38940 
38420 
36720 
39460 
39810 
37560 
37540 
37060 
37810 
37670 
39200 
36510 
36900 
37640 
38410 
40450 
38170 
37160 
37320 
41140 
38740 
38320 
35430 
38450 
38580 
39100 
37940 
37450 
37320 
37990 
38020 
41120 
36610 
38470 
37000 
39190 
37860 
37220 
38510 
36610 
39850 
38500 
35360 
37270 
36400 
38160 
38090 
35660 
38490 
36480 
39370 
36850 
38450 
37220 
35820 
38800 
37450 
37770 
37470 
36160 
36590 
37290 
38070 
37110 
35710 
37890 
36760 
38130 
37710 
36550 
36560 
37200 
36540 
37330 
36890 
37080 
47380 
42790 
38730 
36380 
37730 
37410 
41760 
39740 
38040 
37690 
37230 
40700 
40070 
38830 
37190 
38070 
38090 
38260 
38020 
37580 
39980 
39590 
39140 
38100 
38030 
36580 
39480 
37860 
39920 
37570 
36430 
37120 
39230 
36410 
37120 
35720 
36950 
38010 
41030 
40130 
35760 
36360 
37950 
38110 
36010 
36680 
37340 
38820 
37490 
38170 
37350 
40740 
37540 
37360 
36860 
36870 
36480 
51360 
41340 
39560 
37550 
37660 
37490 
37170 
41850 
37290 
37030 
37960 
36300 
39120 
35470 
37500 
36270 
38820 
36900 
37900 
41070 
38480 
38510 
39520 
37910 
37810 
36930 
38780 
38600 
38290 
38080 
37570 
37040 
38290 
38050 
36710 
36730 
37130 
37360 
39250 
37150 
38100 
37910 
39000 
37090 
38520 
37540 
36650 
37960 
39010 
39270 
38960 
38070 
44530 
38860 
38820 
38960 
38770 
35820 
38750 
38520 
37990 
39410 
38360 
38880 
39370 
38090 
36940 
39410 
38050 
36810 
42080 
39970 
41510 
39630 
37730 
38290 
38960 
36620 
40700 
36910 
38350 
36570 
38310 
39290 
39510 
38820 
36580 
39540 
37400 
39330 
38910 
36970 
35770 
39980 
38010 
39580 
43010 
37810 
38470 
39970 
39920 
37600 
36070 
39040 
41210 
39230 
39690 
37040 
37310 
40200 
39280 
39180 
36910 
36520 
36740 
37070 
39190 
37340 
38380 
36230 
40660 
38040 
36930 
37830 
35520 
38640 
36900 
37180 
37020 
36500 
38510 
37480 
36920 
36830 
35710 
37360 
37140 
37220 
36780 
36750 
37740 
37550 
38310 
37980 
36740 
38880 
36900 
37400 
38010 
37900 
36980 
45540 
39580 
41220 
47040 
37440 
39310 
37510 
38690 
37020 
37580 
36580 
37390 
39240 
36600 
35880 
36630 
37450 
39170 
36730 
38130 
38050 
41120 
38600 
36180 
37070 
35630 
37590 
39190 
36630 
36800 
35330 
36500 
37560 
36390 
37250 
36180 
36790 
38530 
38810 
38330 
37920 
36690 
38370 
38530 
37770 
36840 
37090 
38490 
50460 
40710 
36580 
40400 
40080 
38540 
39130 
36420 
35530 
39270 
38260 
39840 
37460 
36570 
37210 
37070 
40070 
37150 
36830 
39150 
37500 
38230 
35910 
37110 
37760 
37190 
37860 
36940 
36770 
37360 
38820 
37360 
37190 
36290 
36670 
38880 
37920 
37930 
38300 
38030 
36430 
37570 
38590 
36970 
38120 
36610 
38440 
38420 
37490 
37760 
38540 
39000 
37610 
38680 
43850 
42690 
39380 
39010 
39050 
37020 
36450 
40070 
38440 
38360 
38890 
36090 
37470 
38210 
37480 
38290 
36980 
37500 
37200 
41770 
38650 
36700 
37600 
42090 
38220 
38760 
37040 
37520 
36770 
39820 
38960 
37590 
37590 
38290 
36680 
41350 
35980 
38330 
35720 
37550 
38550 
38070 
39940 
38190 
39750 
40000 
36840 
35330 
40020 
38640 
38590 
51850 
45920 
37840 
40790 
38840 
39190 
36690 
36170 
37910 
37030 
37840 
36500 
37250 
38300 
39790 
38530 
38960 
37820 
37170 
38520 
37760 
37160 
36620 
35120 
38290 
37540 
37660 
37610 
36080 
38010 
37480 
38610 
37490 
35970 
37610 
36620 
39670 
38760 
36790 
37520 
37070 
38540 
37470 
38490 
38630 
38990 
38270 
37920 
46760 
38980 
39630 
40110 
42700 
38090 
37350 
37890 
36950 
37740 
37310 
37860 
37500 
39210 
39840 
35590 
36650 
37900 
39940 
38620 
39470 
37180 
37170 
37240 
39870 
37040 
36670 
35420 
38500 
37200 
37520 
37210 
35740 
38630 
37390 
37890 
37680 
38340 
37210 
38580 
37710 
38000 
36780 
38350 
38090 
38580 
38340 
37030 
37270 
38610 
39290 
37620 
38560 
36140 
39590 
41870 
38670 
37170 
37130 
37290 
35920 
39110 
36190 
35930 
40520 
36430 
36800 
36930 
35660 
37670 
35920 
40050 
36900 
37260 
36640 
38390 
37370 
37150 
36170 
36960 
36850 
37130 
36690 
36080 
37540 
37550 
37530 
37210 
36770 
37070 
39540 
37740 
38270 
36890 
37730 
37050 
39940 
39290 
37620 
36540 
37690 
40760 
54740 
41420 
40520 
36980 
52810 
39070 
36480 
37160 
36590 
38120 
36940 
36800 
37070 
36200 
38850 
37630 
37820 
40830 
39330 
40010 
39340 
39290 
36840 
36740 
37910 
38250 
37210 
37910 
36360 
37910 
37720 
38130 
37890 
36770 
36960 
37940 
37900 
38860 
38010 
38690 
38500 
37560 
39010 
36840 
38620 
37230 
39220 
39950 
36700 
37120 
40230 
37950 
48830 
38870 
40670 
40130 
39170 
37670 
37370 
38420 
36890 
37580 
38260 
37340 
38260 
36810 
38610 
38690 
38210 
38380 
37040 
36720 
37600 
38670 
36530 
36640 
36870 
38050 
37130 
37330 
37220 
35090 
38530 
38930 
37510 
36700 
37540 
38590 
37870 
37620 
37590 
38460 
37500 
37350 
39220 
38000 
37480 
37470 
36510 
38560 
37230 
36400 
36790 
39470 
39240 
36280 
38670 
37430 
38790 
37900 
37390 
35800 
36310 
38760 
37440 
37450 
37280 
38270 
37280 
41930 
38470 
36940 
38050 
36770 
38770 
37620 
36990 
39820 
37750 
38970 
38270 
38430 
38240 
