145850 
91380 
81840 
77910 
69120 
84180 
64800 
74710 
122190 
87940 
97220 
85580 
74020 
75400 
77090 
76340 
79450 
46590 
29510 
19430 
25950 
29350 
22840 
21950 
26380 
25360 
25620 
39820 
28550 
25250 
23090 
24600 
29170 
29720 
23950 
21710 
26930 
29170 
25440 
22900 
40380 
36750 
29570 
31370 
39090 
59470 
31310 
31850 
36550 
59060 
31660 
56850 
31480 
56000 
29000 
51310 
34520 
55300 
55180 
49210 
36640 
70830 
33810 
45890 
42910 
38130 
32970 
30760 
21970 
30230 
23870 
32550 
23880 
30120 
28040 
28620 
23620 
43750 
33610 
41440 
25110 
26520 
24370 
27430 
22320 
29380 
24150 
25770 
22440 
25940 
24150 
26120 
22220 
27270 
23310 
29940 
23650 
27440 
22580 
27130 
21570 
27970 
23290 
27990 
22800 
26490 
23850 
26390 
32400 
35540 
28910 
40010 
32810 
38340 
29780 
34750 
28720 
36150 
28510 
36120 
28650 
36340 
30750 
35500 
29220 
36970 
28400 
37380 
28070 
35780 
28560 
36090 
28530 
35950 
31990 
30510 
22460 
25360 
25550 
28840 
23790 
26100 
25250 
30210 
24810 
48350 
33500 
37000 
25970 
28960 
23600 
26810 
22220 
24920 
25320 
26340 
23250 
25430 
23150 
28260 
23280 
24900 
22560 
24730 
21920 
27340 
23640 
25340 
22450 
28800 
27030 
29750 
25460 
27320 
23430 
28840 
22980 
39670 
28790 
35670 
32580 
38850 
28370 
36350 
28130 
34520 
28890 
36320 
29520 
37680 
28250 
37350 
28740 
35260 
28800 
39390 
29630 
37580 
29290 
35640 
28770 
35460 
29430 
35380 
23510 
27450 
23320 
31590 
27190 
26960 
24120 
27720 
23000 
29800 
33610 
40930 
28590 
28440 
23800 
26330 
22250 
27270 
22290 
28220 
22710 
24970 
22910 
25490 
22840 
29010 
25180 
27630 
22860 
26360 
24520 
27120 
22340 
26300 
23980 
29390 
24550 
31770 
23650 
28270 
23040 
42290 
28220 
35690 
28880 
34380 
30410 
38370 
28190 
35920 
28770 
38220 
29470 
34860 
28340 
34610 
28160 
35810 
27150 
34930 
27880 
36090 
28570 
36900 
28340 
39680 
30070 
40160 
23570 
28190 
22060 
28540 
22640 
29830 
22280 
30030 
24410 
26920 
36520 
46660 
29340 
32580 
22790 
29140 
22580 
25370 
23340 
26170 
22930 
28030 
23200 
26590 
25680 
26800 
22830 
25970 
22250 
26770 
22820 
28420 
23150 
25760 
23470 
27210 
21720 
30240 
23990 
27520 
22910 
26840 
34120 
37040 
29030 
35640 
30230 
39640 
30590 
37720 
29870 
37150 
30500 
39380 
31240 
38990 
29440 
37150 
30170 
39920 
29500 
35380 
28080 
36040 
28240 
35800 
28800 
36320 
29400 
29210 
23840 
28350 
25610 
31330 
25190 
28410 
25070 
26240 
24000 
45950 
33620 
36550 
27610 
28040 
23600 
27580 
23980 
28040 
23400 
25280 
23990 
25630 
23900 
25620 
23150 
27130 
25710 
27320 
23440 
26380 
22590 
27760 
22660 
27580 
22960 
28040 
24520 
28910 
22930 
28010 
31100 
38330 
28700 
36910 
28440 
36420 
28630 
36410 
29360 
36460 
28400 
36100 
28970 
36740 
30390 
37200 
29190 
41670 
29250 
35000 
28540 
35390 
29070 
38000 
29110 
38680 
31350 
30450 
24210 
27380 
23830 
26640 
22090 
26910 
24580 
29240 
24250 
46910 
35510 
39500 
28520 
29490 
22680 
26840 
23370 
25620 
22210 
25900 
23200 
29200 
23330 
26940 
23100 
25950 
21810 
28910 
23070 
26360 
22380 
25770 
23950 
25940 
22640 
27180 
23000 
29440 
24410 
27170 
24530 
38820 
28000 
35320 
29660 
35200 
30250 
34220 
31160 
36620 
28150 
36490 
29270 
37410 
28680 
35710 
28530 
35330 
28290 
35980 
27950 
36360 
27770 
35990 
29630 
36540 
28190 
36850 
23580 
29690 
23010 
26190 
23380 
27520 
23830 
32930 
24550 
27630 
34570 
40550 
31970 
31060 
23530 
26900 
23640 
28150 
24470 
26950 
23930 
25860 
22970 
28390 
22950 
25950 
23700 
25760 
23320 
26650 
23400 
27250 
23150 
27670 
24060 
25710 
23660 
26350 
22160 
29670 
25320 
44150 
28690 
35080 
29390 
35870 
29620 
41350 
30940 
38480 
29040 
34960 
29060 
34910 
28370 
36580 
29830 
38050 
28500 
34960 
28550 
35530 
28640 
38210 
30200 
37950 
29320 
39220 
23800 
26630 
22480 
29400 
24290 
26860 
22670 
27880 
24890 
26480 
34230 
42480 
30950 
36670 
23410 
26970 
22930 
25360 
22570 
30100 
22710 
27750 
22540 
25670 
22730 
25540 
23400 
28420 
22830 
27860 
22620 
26870 
22470 
27760 
22230 
29590 
24690 
28970 
23250 
28360 
23570 
27930 
31840 
34760 
28620 
36370 
28990 
36990 
29090 
36520 
27820 
35670 
29830 
38430 
31770 
36210 
31310 
36740 
30050 
34330 
28660 
36890 
30400 
35260 
31850 
35390 
29370 
37920 
31700 
29250 
23550 
25410 
24710 
27750 
23670 
27480 
25220 
30970 
23450 
46720 
35460 
37370 
25040 
27820 
24660 
26540 
23320 
27740 
23630 
27850 
22600 
26800 
22680 
28610 
23620 
27090 
22390 
27140 
23180 
28450 
23720 
26390 
22700 
26250 
26180 
28780 
23890 
26280 
23860 
29050 
30450 
36940 
28480 
35460 
29240 
36620 
29460 
35620 
28490 
35350 
29790 
36720 
28750 
34400 
28270 
37110 
28910 
37180 
29340 
37550 
35310 
39340 
30660 
36300 
30020 
36530 
31230 
30840 
22510 
25530 
25080 
28680 
23640 
25460 
24430 
28800 
23280 
48300 
35430 
39050 
28650 
30470 
24800 
25960 
24650 
28930 
29110 
29110 
23570 
25010 
24430 
26700 
23750 
27360 
22450 
25930 
23030 
26110 
23340 
26930 
23250 
27460 
23740 
29550 
24910 
27860 
24520 
28210 
23650 
38930 
29540 
35870 
28580 
33380 
29630 
38000 
29540 
36220 
29920 
37990 
29880 
35390 
30000 
34530 
28950 
36530 
30340 
36660 
29970 
35560 
28890 
34810 
29630 
35540 
28380 
37320 
24720 
25940 
26320 
29340 
24410 
29020 
23050 
29870 
24520 
26210 
37090 
44910 
33660 
32000 
24260 
29480 
23310 
27340 
23040 
26570 
23060 
26770 
24710 
27610 
23610 
25380 
24110 
28090 
23580 
25950 
24400 
26790 
23560 
26250 
25110 
26600 
23940 
34530 
26160 
27170 
22500 
42250 
30450 
35820 
29100 
38320 
29880 
36920 
29570 
39500 
29800 
36970 
30230 
35400 
31540 
36030 
30660 
34110 
31060 
36590 
29400 
34580 
28400 
36610 
28830 
34980 
30130 
38740 
23380 
28060 
23680 
27360 
24420 
26880 
23390 
30040 
25070 
27590 
28320 
48110 
32350 
33150 
26290 
27020 
23340 
28540 
24190 
25320 
23610 
27460 
25850 
26950 
23780 
26490 
23830 
27850 
23380 
24880 
23980 
26690 
23130 
27680 
24190 
28700 
23160 
27460 
25000 
28110 
24150 
29520 
33470 
39700 
29430 
35440 
29110 
36750 
29370 
35390 
29850 
35580 
29670 
35920 
30340 
37760 
30090 
35060 
28490 
36520 
29940 
35020 
28750 
34600 
29330 
37090 
29010 
35850 
30680 
29320 
24280 
27640 
24480 
25980 
24300 
29620 
25620 
31590 
24730 
43870 
34950 
36920 
30550 
26690 
25350 
26730 
24970 
26860 
22600 
26020 
22740 
26620 
22470 
24840 
23530 
27090 
22760 
28320 
23370 
25660 
24090 
25050 
24900 
28270 
24780 
27620 
23950 
28430 
24900 
25990 
34980 
36740 
29280 
36320 
29430 
35790 
29180 
36120 
30690 
37320 
29780 
35870 
30090 
36550 
29080 
35180 
29460 
36760 
28400 
37180 
29750 
35110 
29940 
33910 
30650 
34720 
29050 
33140 
24100 
26960 
23790 
26350 
24000 
26690 
23450 
29560 
24890 
47990 
35640 
38390 
30390 
29260 
25010 
27150 
24350 
27860 
23800 
25490 
23720 
27040 
22960 
28480 
23950 
26740 
24300 
25830 
23830 
25660 
22940 
26600 
24900 
27680 
25340 
26790 
24460 
28820 
23010 
31540 
25530 
39900 
29890 
34920 
31590 
40170 
29730 
35360 
29440 
35680 
29310 
35010 
29560 
36600 
29430 
34650 
30390 
36140 
30930 
34260 
30170 
36440 
30060 
40210 
30360 
38250 
29850 
36540 
24320 
27230 
23930 
28970 
24940 
26470 
22100 
30680 
25460 
27940 
36940 
41340 
33730 
35120 
28200 
30370 
23190 
28370 
23170 
28990 
23550 
30020 
21870 
29370 
24580 
25680 
24890 
25910 
22290 
28010 
22130 
26540 
23390 
26780 
22700 
29720 
24930 
29250 
22330 
27100 
25720 
41820 
27620 
35740 
28010 
36650 
29510 
35800 
31040 
35110 
30160 
34560 
30510 
37740 
30560 
36130 
29710 
37200 
29920 
37870 
28650 
38340 
30590 
35110 
29720 
37270 
28750 
39810 
24530 
26150 
21350 
28470 
26530 
28530 
22150 
30980 
25130 
29820 
29570 
42600 
32140 
32450 
22620 
29210 
23150 
28070 
21310 
28460 
24090 
27740 
23880 
28200 
23210 
28870 
23670 
25440 
24510 
26430 
24620 
27520 
23590 
25930 
23170 
26690 
24140 
29950 
23410 
28510 
24490 
31040 
33960 
35200 
28930 
36440 
29880 
39570 
29780 
35470 
28030 
34090 
29640 
36640 
27790 
34590 
27590 
38480 
28700 
34500 
28590 
36490 
29020 
38330 
30140 
35240 
29460 
35010 
30460 
28470 
23260 
25690 
23850 
29830 
24200 
30010 
25550 
28400 
25100 
45160 
34030 
35860 
25530 
26710 
24840 
26280 
23810 
27550 
21750 
31180 
23850 
26960 
23520 
25080 
22790 
28500 
22260 
26800 
23520 
25920 
25260 
26470 
23380 
26370 
25500 
30640 
23650 
28380 
23660 
28840 
25250 
39840 
30630 
36660 
29160 
35660 
30070 
36400 
28480 
35930 
28290 
38930 
29650 
36120 
29310 
36440 
28000 
36890 
28630 
36580 
30700 
35810 
30260 
36930 
30100 
35110 
28570 
35080 
24400 
25980 
23920 
27570 
21250 
28500 
24210 
29390 
22970 
45910 
35420 
39700 
29960 
28290 
23210 
28270 
22420 
26120 
22700 
26670 
21660 
30910 
23440 
27040 
23300 
25530 
25530 
25790 
22900 
29110 
22750 
29270 
23900 
25910 
24580 
27100 
23390 
31140 
24100 
27940 
22510 
40660 
30570 
38790 
28810 
36360 
27990 
38820 
28950 
35620 
28750 
33710 
30560 
36840 
29650 
42770 
32690 
44550 
31630 
36890 
28670 
34860 
29250 
37210 
30060 
35360 
30910 
36850 
22930 
28040 
22330 
26460 
22280 
26960 
24470 
30750 
23340 
27190 
35140 
45920 
27430 
30820 
22330 
27760 
22010 
29360 
25700 
27060 
21830 
26600 
24500 
26340 
23450 
25060 
22420 
30800 
22650 
26790 
24310 
28140 
22620 
27870 
24360 
27470 
24310 
28220 
24690 
27030 
24410 
42010 
29760 
39000 
29100 
36620 
28720 
36210 
28060 
36900 
28690 
36330 
29600 
34690 
30640 
37450 
32750 
38140 
28410 
39900 
29790 
36050 
29150 
36440 
27610 
37090 
29490 
40670 
27050 
27730 
25120 
29330 
23880 
28680 
23210 
30070 
25350 
28350 
24020 
48470 
32270 
35520 
26610 
27790 
23880 
26230 
24370 
25950 
22400 
27240 
22890 
29690 
23750 
26310 
24570 
26520 
22170 
27260 
22650 
30300 
23080 
25980 
23960 
27040 
23030 
28020 
22810 
31520 
23820 
27690 
33360 
34970 
28490 
36460 
30370 
36450 
29140 
34620 
30690 
38180 
28300 
37540 
28710 
37680 
30220 
36370 
28410 
35930 
28570 
38190 
31260 
35910 
30140 
34310 
29630 
37080 
31480 
29760 
21940 
28440 
23920 
26480 
22450 
27730 
25550 
30180 
23780 
46430 
33850 
38400 
27420 
28640 
23850 
25710 
22080 
27820 
25320 
25360 
23940 
26280 
22830 
27810 
22540 
27270 
23620 
25700 
23350 
26540 
22500 
25590 
23110 
33120 
24290 
29170 
23430 
28490 
23860 
29940 
23540 
39750 
30260 
35250 
30870 
37180 
28380 
35000 
28890 
40210 
28700 
35800 
28130 
35520 
28320 
35790 
30280 
37400 
28240 
37270 
29740 
39960 
29770 
37150 
28950 
37510 
29430 
34140 
24070 
26570 
26870 
30490 
23840 
26710 
24460 
29840 
25780 
40030 
36140 
39700 
29210 
32050 
24510 
27500 
23200 
28120 
23740 
27690 
23560 
26330 
22540 
25800 
24890 
28990 
23630 
25910 
23910 
28510 
23020 
23820 
22460 
26200 
21930 
29570 
25090 
27460 
24910 
27750 
24950 
41720 
28410 
36530 
27490 
37780 
28630 
36990 
28860 
35940 
29580 
37280 
30260 
36810 
27750 
34830 
29860 
35680 
27830 
35530 
28350 
36070 
28940 
35210 
29500 
36110 
29160 
39470 
28540 
30390 
22910 
27060 
24460 
26970 
22450 
28930 
24090 
28700 
35330 
43990 
28950 
31570 
22710 
31090 
24280 
28110 
23750 
26740 
25190 
27730 
23050 
27040 
23720 
32550 
23750 
27540 
24840 
26070 
23440 
27400 
23300 
27260 
23440 
31020 
25390 
28470 
24460 
35880 
28590 
38640 
30400 
35080 
28310 
35410 
27760 
37090 
29610 
38390 
30350 
35840 
29660 
38100 
28330 
35300 
27440 
38760 
30190 
38070 
30760 
37580 
28480 
35960 
28930 
35490 
28270 
36500 
31550 
28260 
22560 
29340 
22430 
29520 
24850 
28690 
26100 
27110 
23420 
44440 
34120 
33740 
24680 
26000 
25260 
29180 
23190 
26700 
22760 
27230 
22650 
26140 
23060 
26030 
22100 
29030 
22320 
26720 
22740 
25950 
24180 
26950 
23480 
31490 
24640 
31430 
29830 
34770 
26330 
27780 
34130 
36200 
29510 
36050 
29610 
35040 
29190 
37340 
29390 
36250 
29400 
37730 
28430 
34390 
29880 
39090 
30000 
36330 
29280 
36060 
28710 
36310 
29990 
36290 
30290 
36750 
32240 
29470 
24360 
25300 
24220 
28480 
22690 
26660 
25730 
28290 
23670 
47640 
33360 
38310 
26220 
28790 
24750 
28130 
23420 
25430 
26290 
27470 
23600 
29680 
23270 
26320 
22730 
26000 
23980 
25610 
22410 
25100 
22550 
28490 
23920 
26020 
23960 
27680 
22540 
27840 
25150 
28210 
23670 
39420 
29200 
36700 
28520 
36160 
29160 
37650 
31440 
35100 
31240 
36000 
28860 
36830 
29340 
36330 
30570 
35600 
28260 
36000 
30400 
36210 
29050 
37740 
29190 
35910 
30730 
35180 
24450 
31760 
24510 
30250 
24930 
28180 
25540 
31640 
24240 
27540 
34000 
43240 
29280 
29650 
23830 
25830 
22880 
27430 
25430 
26850 
25600 
25750 
24380 
25540 
22540 
26420 
22750 
27980 
23640 
24470 
23660 
29500 
23350 
28120 
23340 
28480 
24410 
27370 
24270 
27980 
23230 
43850 
27560 
36390 
29840 
36070 
29750 
34500 
27580 
35490 
29200 
37600 
29260 
35380 
29910 
37160 
29340 
37110 
27680 
37590 
29450 
35210 
29760 
36110 
27930 
36840 
29660 
37880 
25160 
25090 
24610 
29610 
24690 
26240 
22350 
32610 
26120 
26680 
37450 
44290 
30530 
33900 
25020 
27400 
23060 
26120 
24380 
28080 
23630 
27470 
22470 
27490 
24230 
26710 
23220 
25840 
22170 
28190 
23130 
25480 
22810 
26650 
25160 
26740 
23120 
27450 
24660 
30620 
23650 
29600 
33210 
37740 
29570 
37600 
29850 
37830 
31110 
36360 
29950 
36580 
30620 
36770 
28820 
36890 
30140 
34710 
30910 
35780 
29400 
35980 
29070 
35570 
30580 
36920 
29480 
36310 
29620 
27000 
22060 
29330 
23930 
27300 
23360 
28330 
25760 
29490 
24730 
44960 
34710 
34080 
27540 
27310 
24230 
26830 
24320 
28930 
23930 
27670 
25240 
26810 
21310 
28890 
25180 
26650 
25620 
27420 
24390 
26300 
22730 
25700 
24450 
29090 
24940 
27450 
24390 
27860 
23720 
28820 
33010 
36230 
29710 
33870 
30660 
36290 
30600 
36840 
28780 
37710 
28160 
34790 
30530 
35980 
30730 
36610 
29800 
34640 
28660 
36540 
31370 
38000 
29190 
34920 
28810 
36780 
31940 
29080 
24880 
25380 
24150 
29800 
24200 
27490 
26720 
28100 
24990 
47210 
34240 
36180 
27900 
30480 
