49500
23540
22060
21650
21200
21830
21440
21130
21680
21860
21990
23180
21920
22680
21330
22760
60160
58840
56450
57300
59140
57680
58570
57350
57460
59580
57500
59000
57230
56860
57440
56820
58310
57490
56680
57500
58390
59630
56830
56330
57940
58910
60390
57940
56410
57920
60370
61470
58500
59300
58140
70430
58600
57730
55930
56680
57440
73710
60320
57020
57700
56900
58000
59350
56380
57000
55570
58590
58820
56920
56860
57010
57780
57850
57580
57390
55970
57790
57360
59040
57560
57060
58070
49250
59250
58020
56300
55890
57540
59150
57300
56160
56690
59150
58550
57220
56710
56450
60410
58820
60530
56720
57790
61300
58590
59080
57010
56840
58530
57440
59120
54230
56030
57370
57570
59250
56420
56260
57960
60230
56260
56570
56590
56690
56440
58390
56830
55930
58350
57850
59240
57100
74790
57550
57070
58570
57940
55980
57280
56230
58470
58080
56060
56100
56070
59330
57700
57110
58370
56820
58780
59200
57230
59110
56180
58650
59110
57010
55880
55630
56440
57280
56620
57410
55510
56250
56530
57100
56860
55770
58390
57620
56640
57380
55710
57960
57420
57290
57550
56930
56750
57450
56550
57190
55210
56990
57380
55910
58670
57050
56530
56010
56740
58810
56320
56270
63970
60810
59120
57510
58330
56020
57580
57190
57640
55590
55750
56910
56800
57480
56480
55550
52870
57220
57880
56120
55020
55450
57700
57480
56400
56500
55680
58250
57130
58210
56330
55060
58530
57700
57480
55540
55940
57700
58540
56900
55040
55820
56920
57400
58220
56100
54500
55490
58350
59320
56540
59290
58350
55870
56640
58690
55440
55920
59040
59220
55760
49220
57500
57080
58870
56990
56150
57520
56590
58230
56900
55420
56900
55860
57280
57270
56030
58020
55260
59880
59450
57130
57930
59420
59390
57400
58280
56410
56890
60240
58630
58070
57370
56060
57710
57520
59700
58230
56270
59930
59650
57980
59120
57510
57650
58070
58450
59760
56230
56680
57290
55900
58040
56770
56650
57370
56070
57650
55490
56630
56130
57840
59020
56170
55300
55050
57300
58420
57610
56530
56270
57960
57930
55960
57880
56040
57600
56810
57550
56360
56700
57310
58240
57410
55810
57350
56140
58350
58690
57070
57000
55020
57870
59780
57390
59940
56330
59350
56190
57550
54560
56060
58500
57640
57290
57480
56890
59390
56670
75680
57050
54760
56970
56480
56330
56620
56520
56880
55580
57360
56900
56640
57390
58360
57630
58790
55320
56040
58460
55930
57360
55260
57290
57420
57210
57830
55990
55680
56600
59870
61360
57420
59550
57390
58040
59730
58420
57560
56460
58490
57710
54140
56840
56120
56430
57270
56840
57140
54570
56420
56870
56780
56090
55320
55780
57150
56720
57320
56350
55600
58040
58330
56700
55240
56040
57610
57010
59010
58580
57150
58910
58900
59080
58620
56730
59230
58220
59650
57140
56840
59620
57750
60180
57480
58080
59360
60150
61290
56920
55030
56350
57200
58950
56870
55680
55070
57420
58660
56550
48560
56030
57270
57590
57110
54700
56070
56250
56920
57190
56900
56300
58140
58380
60080
56640
57230
56260
57800
56680
55980
55810
55540
57660
56580
58740
56970
56120
57650
57730
56170
57140
54480
56600
56430
58910
56310
55510
58170
56860
57890
57610
56670
56110
56400
57190
57780
54600
56030
56790
56190
57910
55720
56290
57100
55530
57940
55740
55980
56780
56020
59030
56060
57800
55090
56240
58900
55880
57120
56360
56490
59070
56740
57900
55680
57440
59250
57760
56450
54810
59030
57610
58700
58540
55950
55910
59160
57760
57420
55210
54940
59270
60010
57180
56400
56900
59060
58610
58980
55910
56590
58980
58840
58430
57020
56920
59540
58400
58920
56230
57110
57360
58160
59260
57390
57470
57460
59420
60030
57660
56810
57930
59220
57030
57880
58050
57760
58650
59430
57060
57580
56870
58640
59060
59030
56590
57720
57520
58110
59770
56860
58690
57840
59000
58460
56790
57410
57670
57660
57160
58310
55560
55780
58220
57980
57030
56690
56750
57090
58480
56760
57170
56150
55480
58730
57740
57320
55780
55450
58800
57470
55940
55250
55700
57420
56120
57860
55630
55370
57460
57220
57490
56060
55630
58740
55220
59370
56210
55420
58020
56370
58720
55200
55970
57170
56690
56690
58050
54810
57610
55520
58410
55880
55310
56360
56690
60490
54820
56270
57770
58490
56870
57470
54040
58100
55360
57380
59840
55770
56340
56480
57280
56890
56560
58110
56940
59450
58730
58130
56310
57250
58950
56030
56140
56430
55950
56230
57700
57620
58800
55090
55680
56160
57340
56250
54850
55700
56140
57830
56880
54710
56550
56840
56650
57970
55620
57460
56790
56990
58170
55180
55220
56970
56040
58140
55360
56030
55440
58050
59090
56640
55770
55430
57170
57160
55060
56330
55250
55880
58470
55750
56690
55860
57660
58280
58420
57140
57960
56050
56950
57450
56370
53850
58110
57690
57000
57830
56000
55470
56450
57300
56760
55560
55540
57580
57350
58940
57090
54920
56890
57300
59030
56220
55060
56720
60130
58180
55410
56460
56770
56450
58700
55570
54910
56280
55770
58890
55460
55960
57290
58480
57910
58980
57440
56120
57650
60500
62430
58880
57900
57910
60070
58070
57710
57170
58080
58460
59140
57520
58290
56540
59200
58060
55410
56940
56040
57450
56910
58710
56380
55120
56370
57790
56990
56910
57060
58900
57020
57100
57100
55300
56700
56250
57010
56870
55170
57060
57120
56810
57070
55020
57740
57110
57040
60110
56200
56700
54920
56810
57320
56010
56350
56150
56390
58600
55400
57130
56030
56540
59190
54780
57560
56130
56310
58840
56160
55880
57020
56750
57690
55710
56840
55860
58080
56910
58620
58380
55600
55960
57620
56900
55410
55060
55620
56720
57120
56020
55030
55850
56900
56860
55710
55520
73850
59840
60140
67440
58970
57680
59520
57710
57940
58730
56640
60670
57830
57720
59250
57900
58240
58030
60440
57930
56980
56220
58300
58250
57070
56770
56890
57470
57820
60350
56910
57730
57410
58340
59310
55960
58650
58420
57370
57270
57080
57090
56670
58600
59450
56810
57100
57080
58180
66830
60180
57640
57320
59650
58250
57700
57630
55610
57460
56680
57950
56770
58720
60680
59680
57730
57700
56160
54650
57540
56710
57090
55820
55090
56840
57490
56750
55030
55550
58430
54910
59070
58040
57700
59730
58020
59050
57880
57240
59610
57140
60660
56850
55170
55540
57300
59300
55820
54800
58230
56740
59090
55970
55590
57310
57490
57250
57950
55900
74490
63130
57340
57950
55420
55700
57230
58000
56990
55130
56140
55980
57310
57980
55350
55840
55210
57350
58010
55680
56280
56120
57720
56680
56370
56540
54880
59150
56690
56880
55950
55970
57400
56540
55890
58750
56660
57370
59990
58260
59240
57330
58610
57960
60740
58010
57050
58650
59190
58190
59750
55880
57570
59490
57560
59600
57120
56940
59020
57590
58900
56880
57410
58450
57630
60830
57680
57760
57610
57550
59910
56400
58270
59660
58430
60000
57590
58350
56760
59260
58470
58540
58580
56730
58300
58580
58810
57730
57520
58050
58810
59290
58330
56900
57540
58280
66280
60520
58400
56590
59250
58360
60240
57380
57410
59680
58530
59680
57140
56140
59520
57540
58600
56410
55590
57580
57380
57580
55370
55800
57040
56240
58040
57080
54920
55180
56750
57560
56540
56480
57250
57100
57100
55750
55350
55960
57720
58310
56800
55100
55850
55990
57400
58370
57600
56730
56320
57720
58100
56300
56310
55070
57000
56380
58000
56100
55710
57480
55750
56890
56620
55120
57980
56300
56090
56620
54760
55860
55750
56680
56030
54800
56230
59530
58540
56080
55650
54540
57570
56440
56990
55790
55310
58710
56760
57750
55570
56380
58420
55330
57270
56750
56000
57000
56870
58580
55610
55160
56570
57590
59740
57620
55390
56110
57070
56640
57430
55770
55250
56260
57390
56280
55210
56050
57520
55830
55290
54960
54720
56050
56880
58550
55540
56680
55740
58120
58450
56420
56310
55260
58330
56220
55630
56960
55540
58290
56610
55990
61470
62870
61410
56920
58560
56930
55840
57920
56520
57480
57230
55250
56150
56920
58910
53690
54870
57640
57380
57430
58450
55250
56200
57290
55160
57960
55990
56060
59760
56100
57630
56050
56730
56060
55880
59110
57170
56480
55330
57560
57040
55840
56810
56000
57950
57030
57400
55290
56010
58540
58800
57170
56740
57170
57350
57340
57050
56750
56470
56370
57820
57390
57430
56050
57490
57720
58890
57520
55930
55410
57960
56140
58520
55530
55220
58390
56060
57970
55760
56000
58090
57310
57670
55240
54620
56630
56760
58800
54820
55850
57640
55700
58380
57240
56330
56550
57180
58380
56890
54800
57120
58780
57280
59390
55900
56490
58040
57360
57550
55220
56720
55620
58960
57700
56930
56560
55240
57750
57890
56310
56080
54160
57470
56790
55340
56700
54870
56820
56650
56720
57270
56340
57510
56340
56030
57440
55350
56250
57160
57880
57800
56880
56010
57300
57960
56960
55060
56610
58660
56700
59000
55490
57720
57310
56560
57440
55660
55470
57070
55790
57620
55250
56580
56040
56170
59080
55590
56960
56930
57020
58230
55130
55260
55290
57260
57460
57350
56720
55740
54920
58110
57050
55690
55420
58440
57210
57460
55720
55340
56540
57470
57260
56720
55970
55340
57040
57630
58440
56360
55210
57530
57100
59840
56620
55410
57920
56900
57440
55960
55310
58560
55800
106240
58140
54810
57560
56040
56950
57690
56230
55940
56610
56540
58010
55330
56690
57120
57050
58710
55380
56380
56970
55950
58370
55000
56290
56830
55520
58800
56130
57140
57390
56390
58200
57510
56160
56250
57890
58040
55980
55640
56010
57820
57290
57220
56580
58910
73080
60790
57930
56450
55960
56750
58180
56320
56190
55780
56080
57320
60320
57840
56340
55640
58590
57940
57550
56050
55010
56500
55570
56520
55010
58390
59260
56580
56680
54240
55730
58580
56280
58290
55990
55270
55880
57200
59150
56000
54950
57180
57380
58790
56190
58140
56700
57690
56770
61080
59450
58410
57320
57820
57760
56750
57650
56620
57990
57760
56180
55620
56150
58190
58710
55900
56100
56730
58020
58140
55230
56010
55160
58180
57230
56280
55270
55890
57640
57510
57180
56080
56870
58260
57770
55850
56800
56080
57530
56730
57460
56920
56090
57130
67150
60170
58320
56200
55980
57110
57500
57710
54970
55320
58060
55790
57310
55270
56220
56020
55910
58650
55810
57290
55870
57690
58590
56610
56520
55330
56710
58700
55900
55970
54380
57400
56860
55960
56650
55200
56550
56900
57670
56430
56380
58270
57670
57110
57600
55680
55570
58160
57490
55500
56420
55960
58290
59200
56320
57100
55780
56530
56310
57040
55030
55990
57310
55890
56430
53740
56410
57780
56000
57160
57150
54640
57470
58390
58240
58590
55850
57980
58380
59680
54730
58160
55600
57820
58000
56900
57330
56720
57930
58000
56890
55240
57240
57250
57690
56920
56580
58740
56810
57900
58520
54950
55050
54950
59010
57540
55480
57400
56980
58700
56690
57410
56550
55840
57260
56210
57080
56970
55390
58500
56390
56580
56470
56440
57670
56940
57440
56440
55810
56640
56190
56210
57480
56730
56810
56610
56690
57860
56430
67210
57850
57790
57070
55970
55820
60690
57380
58410
56600
57960
57320
57190
58640
56330
55760
57840
57920
58970
56010
56240
56660
56490
57840
57250
55660
56700
57700
58670
49650
56420
57270
63560
59560
57520
56940
56450
55490
57090
57620
55870
56070
55420
58550
57640
55570
56920
55640
58450
56600
57280
56930
56130
58070
56970
57400
58400
54840
57690
57370
56690
56590
56420
57080
57890
58360
57240
53230
56670
56800
57790
57340
55290
56980
65740
58230
58740
56150
57160
56480
56500
58860
56330
55760
56420
55090
59080
55900
57040
55690
57100
57660
56880
55490
55280
57010
58230
56130
57800
55740
56640
58420
57130
57130
53050
56790
57720
57590
56570
56570
57540
56670
58370
57330
54820
56220
56960
58940
56100
55120
55870
57880
56850
56190
55080
54360
58720
57200
58220
55640
56510
57640
56990
58280
55690
56610
58500
57810
58450
56800
56180
57930
55630
59420
56240
56030
57640
56630
58490
56050
55530
58300
56610
57830
57150
55440
55990
59160
57240
57030
55380
57360
58190
56670
56710
55200
56400
55410
57700
57880
55790
57300
55800
56420
58000
55070
56370
55740
57500
57430
57830
57640
56850
57910
56640
56590
56260
55770
57170
57890
56730
56240
55640
56590
56450
57230
57170
55800
56520
57040
57750
56960
55650
57000
56240
56940
57650
56500
56540
57680
56290
57740
56150
56700
57900
56670
58740
55940
56470
56070
55970
58070
56450
55920
55430
55110
58800
56250
56690
57170
56740
62100
56930
57820
55090
57250
57610
58270
56720
55280
57470
57150
58680
57370
56330
56280
59290
57750
57180
54960
55290
57460
57840
57100
58350
55920
59230
55620
58160
57040
56890
58950
56230
57900
55730
