85180 
107790 
106780 
115180 
119990 
120950 
106320 
105350 
108230 
124450 
118310 
108020 
108860 
118180 
120980 
110530 
108050 
86980 
95660 
95290 
84540 
84790 
86950 
94120 
98430 
84320 
85940 
93030 
92700 
97080 
84860 
87250 
95930 
98930 
83630 
85170 
87320 
97540 
97070 
87440 
85700 
86360 
94730 
98350 
82150 
87690 
87030 
93670 
93420 
83420 
86310 
95230 
98060 
93810 
82440 
86700 
95520 
99530 
87460 
84720 
85600 
95260 
101320 
87380 
85800 
85350 
97150 
98860 
86350 
85310 
84130 
92720 
90410 
83510 
87450 
90250 
97070 
97110 
89240 
86440 
95020 
94470 
98730 
86280 
87860 
97450 
95400 
89350 
86280 
87170 
97350 
98420 
86450 
88780 
84320 
95010 
96960 
85480 
84140 
87990 
97030 
97870 
86310 
93040 
101310 
94510 
100040 
84820 
84890 
95270 
98480 
88860 
81810 
86100 
97480 
98900 
86230 
83840 
84700 
95190 
92230 
85190 
84500 
91260 
93590 
93270 
86530 
85290 
92850 
98030 
96340 
85750 
87140 
97330 
96300 
89510 
86410 
83370 
97870 
96420 
88590 
85490 
84420 
90370 
97770 
85270 
84070 
82220 
93940 
95380 
81720 
83770 
94780 
102960 
96540 
84820 
87810 
96320 
95340 
87760 
83480 
87680 
94650 
96330 
86570 
85680 
87600 
100480 
95700 
81890 
83180 
89740 
95530 
96450 
84860 
86900 
87870 
93840 
86600 
86160 
86200 
96370 
98380 
87620 
86400 
82790 
99960 
94910 
84470 
83410 
84990 
96900 
100630 
85220 
87120 
95320 
94950 
98470 
84630 
86780 
95660 
98160 
85400 
85610 
83170 
98410 
98410 
85270 
85820 
85470 
94520 
100740 
84580 
84010 
87460 
97670 
98470 
84340 
88770 
91430 
97120 
86960 
86050 
84770 
96360 
93520 
85080 
82440 
84470 
96570 
94470 
84710 
88220 
89350 
102690 
101610 
87420 
87140 
92960 
97920 
88440 
87640 
86390 
97030 
101320 
85540 
88790 
87320 
96590 
96590 
87400 
87680 
102000 
102130 
87990 
85280 
87850 
97240 
97710 
85910 
85730 
86650 
95270 
94300 
86990 
90560 
85000 
96550 
94230 
86210 
84970 
92750 
99440 
97160 
84800 
87650 
93580 
95740 
90580 
84320 
81480 
91950 
96610 
86210 
82200 
87160 
95880 
92680 
87630 
83610 
89720 
102070 
96660 
86640 
86440 
95430 
101010 
100140 
84720 
86280 
94810 
95350 
92430 
86530 
84310 
100140 
92760 
88310 
83800 
83360 
96620 
94460 
85340 
84330 
86930 
97700 
97470 
84770 
85270 
89130 
96730 
96070 
88310 
86990 
95460 
94960 
92660 
87640 
82570 
96530 
93090 
85470 
82270 
85570 
95200 
95540 
86090 
89200 
86260 
96770 
96180 
84910 
84600 
92280 
91540 
98540 
86850 
85410 
94540 
96530 
99660 
85170 
84900 
97300 
100080 
88480 
86900 
84350 
93650 
97820 
88680 
85580 
84530 
96050 
93350 
88040 
86540 
86870 
96210 
98270 
83970 
85300 
88830 
92890 
98420 
85520 
82760 
97340 
100830 
98110 
84270 
84960 
95200 
99450 
84340 
88380 
83510 
99700 
96750 
88100 
85540 
86960 
96600 
97140 
86790 
86250 
84290 
96160 
97120 
86150 
85950 
93130 
92650 
95800 
87170 
83440 
98590 
96550 
87220 
84600 
81650 
98480 
93700 
88860 
86060 
88450 
95680 
96760 
82920 
87180 
84580 
97800 
93810 
84460 
84240 
98560 
96550 
96780 
86380 
84250 
93820 
97810 
88670 
86920 
83650 
101160 
95130 
84930 
86670 
84780 
96650 
97640 
88400 
86660 
83640 
106140 
101850 
86920 
85600 
93790 
96780 
98110 
87710 
87080 
95010 
96420 
87610 
86190 
82720 
95230 
97010 
87490 
82270 
88490 
95010 
95370 
86000 
84560 
86610 
95240 
99070 
87400 
83550 
93010 
95010 
94010 
86030 
85030 
96570 
96400 
94570 
85880 
86890 
99480 
99230 
88820 
85190 
88310 
92870 
96390 
86950 
86510 
86090 
99330 
92210 
85180 
86420 
89190 
97170 
98650 
85530 
86820 
94910 
95400 
97120 
85230 
85420 
97100 
96360 
85790 
87800 
87180 
95340 
98690 
82200 
88420 
86630 
99830 
94470 
85310 
88610 
100910 
95380 
88580 
87980 
84950 
98610 
91000 
87310 
83200 
86520 
97810 
100810 
87850 
86090 
96120 
97030 
92280 
82120 
86320 
93150 
97780 
86920 
85870 
85720 
102080 
98160 
90370 
86370 
100980 
100120 
89770 
89460 
86200 
95430 
96190 
87200 
88350 
86250 
98470 
94750 
86580 
86600 
93130 
98210 
94690 
85900 
85510 
94380 
94510 
89770 
85760 
86290 
99100 
92920 
88720 
84920 
87230 
103560 
98190 
84400 
84500 
91980 
97490 
97700 
86160 
86420 
97620 
94630 
90990 
85030 
87300 
93470 
95990 
84860 
87450 
85750 
96510 
100220 
87140 
85640 
90370 
97670 
99040 
84930 
85510 
95790 
96860 
92600 
86380 
85740 
93540 
101210 
85820 
85810 
84620 
96590 
93000 
82510 
82330 
87700 
97960 
95070 
86190 
85670 
95390 
94150 
94290 
86270 
86620 
96900 
94000 
89530 
86390 
86070 
100070 
97870 
86810 
89620 
89520 
96690 
94920 
84580 
90400 
91930 
94840 
90980 
85990 
88580 
98500 
95930 
86210 
91400 
89210 
102530 
96500 
86910 
84630 
88780 
93100 
98840 
85680 
86750 
94730 
88620 
104860 
85980 
84760 
98080 
96790 
85770 
88910 
84390 
96670 
97110 
84130 
87630 
83560 
97190 
97380 
88610 
87900 
88940 
95800 
95040 
83650 
85260 
98810 
94860 
90240 
86260 
89940 
99410 
96730 
88530 
87190 
83730 
96320 
95830 
85780 
83600 
92970 
99430 
99610 
83780 
88600 
95050 
99120 
87040 
84720 
83220 
96910 
98560 
84780 
83870 
84700 
95650 
99000 
85770 
92430 
92980 
97030 
92360 
85150 
87140 
93110 
96790 
84520 
88390 
86690 
92890 
95840 
86830 
83490 
87390 
96200 
97370 
85490 
88100 
98070 
99270 
95370 
85290 
85440 
95140 
97650 
86470 
82580 
83410 
97440 
100890 
85330 
82750 
83990 
96260 
96830 
85040 
83530 
98520 
97390 
95620 
84390 
85600 
97670 
98840 
88630 
84340 
87850 
97790 
98400 
85850 
85030 
84920 
98870 
93700 
86120 
86570 
96850 
97220 
96170 
88950 
85920 
95280 
97900 
83630 
85640 
89440 
98230 
95020 
85930 
82480 
90320 
95150 
99880 
86430 
85420 
96460 
96870 
88540 
85790 
82350 
94620 
98220 
86100 
86280 
85470 
97640 
96470 
86710 
84990 
95190 
101610 
94150 
89150 
88930 
96900 
96990 
86310 
85840 
91780 
100210 
99730 
84750 
86990 
93640 
95830 
90050 
89570 
87290 
95250 
95690 
87250 
85000 
85640 
97860 
96860 
85660 
85830 
96620 
93180 
100650 
86010 
88090 
96120 
94110 
84910 
86690 
85850 
95540 
95620 
86310 
86500 
92540 
93000 
96390 
84770 
88920 
93850 
98180 
85500 
86520 
83350 
98020 
103010 
87580 
88010 
83720 
101020 
99530 
88890 
89130 
94230 
97440 
95540 
86400 
85300 
97200 
97580 
84300 
85160 
88090 
98010 
100430 
85220 
87070 
85740 
100450 
98920 
82860 
85950 
94740 
95360 
98460 
86190 
88320 
94150 
99460 
89320 
86410 
87900 
95190 
97020 
85920 
84560 
82940 
95310 
99200 
85710 
87110 
91680 
96790 
97920 
85890 
86160 
100490 
100270 
85450 
86660 
84590 
104770 
99000 
84340 
86480 
83250 
97630 
99460 
88620 
83660 
98150 
96510 
93650 
83440 
87000 
94610 
97510 
85840 
85940 
86370 
96380 
97170 
85720 
87800 
87640 
94180 
92910 
83950 
83460 
99830 
96380 
91840 
83010 
92980 
96360 
98550 
83470 
87610 
84430 
96230 
95770 
86240 
86170 
88080 
96950 
94920 
88120 
85940 
89410 
96360 
96060 
86910 
85330 
100320 
97120 
91620 
83900 
85260 
97750 
98630 
86700 
85150 
87510 
95910 
95660 
85620 
82980 
88500 
97840 
102970 
84110 
86370 
93240 
95910 
89770 
85590 
84000 
97830 
93810 
87420 
86420 
87300 
96610 
96530 
86590 
88110 
90550 
95520 
94310 
86840 
84180 
96030 
96810 
89230 
83810 
85260 
102100 
96420 
84480 
87200 
87600 
99350 
101130 
84460 
86070 
94410 
99320 
95100 
87200 
84190 
99770 
95970 
87500 
85110 
84580 
99440 
93160 
86150 
86310 
84160 
95760 
99270 
85600 
86050 
90930 
99110 
94080 
88760 
86190 
96080 
97470 
84710 
86800 
87540 
101450 
98730 
85060 
85780 
87880 
95470 
100230 
85990 
84620 
96790 
91990 
95510 
85620 
85320 
100320 
97460 
88630 
83580 
86810 
96800 
101810 
87320 
85840 
87720 
97360 
98930 
85990 
87330 
94100 
98590 
92350 
84940 
85660 
99980 
94980 
89050 
86490 
84330 
99080 
96070 
85800 
86510 
93220 
94300 
95650 
87460 
86730 
96160 
94490 
85200 
88950 
82160 
96890 
94630 
85510 
86170 
90910 
93350 
95620 
85520 
83140 
94980 
95160 
87430 
85440 
84060 
96470 
97720 
86210 
86660 
86660 
98240 
99720 
85050 
86410 
98000 
100870 
87310 
85260 
87050 
96870 
97680 
84900 
86940 
86480 
95210 
92360 
86500 
84760 
94910 
96400 
90280 
86770 
88580 
93730 
95790 
84000 
87320 
86430 
95540 
95220 
89890 
86410 
99020 
95580 
95710 
85760 
88610 
99510 
100310 
87650 
84670 
85170 
94780 
99110 
84650 
83840 
86790 
96830 
99130 
84130 
84420 
97870 
95750 
93550 
85680 
85680 
95650 
99750 
84430 
86390 
85100 
98640 
96220 
84140 
88010 
87970 
94190 
91800 
85930 
87520 
95530 
97280 
91650 
86430 
83280 
97670 
93850 
85410 
84610 
85290 
95520 
95560 
83630 
86190 
86870 
94430 
92560 
85600 
84180 
96320 
95450 
90330 
88080 
83590 
96260 
97700 
88260 
84210 
87860 
98140 
99560 
83380 
86330 
90610 
99210 
97570 
86390 
87290 
96550 
95230 
91420 
87800 
87070 
98440 
95670 
87080 
85720 
87850 
95990 
95770 
85980 
84580 
90080 
97030 
94450 
86350 
84950 
95610 
96870 
89700 
85210 
87230 
99520 
95330 
86560 
83920 
88010 
96140 
98300 
84610 
88710 
86450 
96680 
96810 
86290 
83260 
94600 
95370 
92060 
84750 
84960 
97270 
98270 
88730 
87010 
84440 
100030 
96180 
85060 
84570 
86310 
97590 
100160 
86820 
90140 
93160 
97390 
95910 
83280 
84950 
97060 
90990 
88390 
85460 
86620 
97570 
99290 
86460 
87380 
89310 
99120 
92610 
85680 
86610 
90880 
96000 
89730 
85940 
87430 
94340 
99370 
88200 
85840 
87720 
92090 
97340 
85820 
85110 
91410 
96100 
97690 
88040 
84670 
100660 
95890 
88110 
85200 
88140 
97460 
97490 
86600 
86330 
87230 
98250 
96950 
87040 
86710 
92370 
99570 
96500 
86590 
85060 
97700 
89930 
90140 
85680 
84550 
95020 
99850 
84550 
86320 
89240 
100080 
104420 
85800 
89100 
93150 
98300 
105580 
88700 
85770 
98780 
98340 
88800 
86490 
88240 
98800 
98880 
86600 
84110 
83580 
95420 
95780 
86930 
83160 
95220 
97630 
99220 
84730 
85950 
96770 
100450 
87890 
87690 
89200 
97620 
94220 
84790 
83490 
94840 
101480 
99860 
92900 
85080 
95590 
96060 
88760 
86780 
85480 
98040 
97030 
91470 
85750 
88040 
102530 
97560 
90790 
88200 
94880 
98360 
86120 
85860 
83840 
98040 
103920 
87170 
84640 
83420 
97810 
98380 
85080 
83480 
97850 
96610 
92670 
87350 
85310 
98310 
95490 
86520 
86310 
89090 
95850 
96120 
85300 
86350 
97100 
95140 
90360 
87500 
90560 
100680 
98630 
94110 
86250 
88660 
100890 
94990 
86670 
84410 
90820 
99590 
99600 
86850 
87210 
92710 
97740 
89210 
86940 
88320 
98520 
95350 
86910 
86950 
86520 
98000 
99850 
86840 
90050 
92630 
96380 
93930 
82990 
86030 
94800 
104800 
87690 
83630 
86150 
98210 
100600 
88810 
87600 
83610 
97310 
100580 
83740 
85600 
96270 
97200 
98230 
90060 
87830 
96570 
100730 
89980 
85860 
82030 
97910 
94040 
86580 
83840 
84340 
94550 
97440 
85600 
87720 
93570 
100020 
95720 
86530 
84820 
97900 
96720 
87250 
85700 
88220 
98430 
100380 
83610 
85420 
88100 
95380 
95560 
84070 
83750 
94130 
95100 
94720 
84570 
86080 
99600 
99580 
85690 
89030 
84460 
100780 
96310 
85150 
84460 
87270 
97680 
100220 
85630 
87030 
96090 
98380 
96480 
84860 
86920 
97010 
90950 
86710 
86390 
88270 
100850 
97050 
86110 
85470 
85950 
94110 
99490 
86230 
84780 
91760 
98940 
98650 
87620 
84010 
96060 
98000 
88660 
84890 
85880 
96030 
95380 
89780 
82880 
86090 
94180 
99370 
85910 
86740 
101430 
96390 
98760 
87870 
84810 
96360 
97680 
88090 
86520 
84750 
97120 
100610 
86070 
86200 
86600 
101660 
98970 
84720 
87130 
96120 
93980 
93600 
90220 
84270 
100610 
103660 
89190 
86660 
83990 
100610 
97780 
88470 
89670 
92100 
97910 
92280 
88470 
89170 
99260 
99700 
88410 
87150 
88020 
99180 
99360 
84770 
83360 
85690 
98490 
94270 
89560 
85460 
97160 
95950 
97370 
85810 
82280 
101330 
93980 
94820 
88660 
87080 
99980 
104020 
87300 
84290 
87760 
96970 
100300 
86690 
84950 
89950 
97360 
95970 
86680 
84850 
97300 
97330 
93910 
87530 
86950 
98900 
96290 
87910 
86090 
87460 
51440 
98070 
92560 
90710 
89620 
94750 
97350 
91280 
86680 
95900 
97710 
84660 
83730 
87280 
94490 
93520 
90280 
90140 
83780 
98770 
92110 
86560 
87120 
95740 
96730 
88850 
89170 
85690 
100400 
97580 
86890 
85460 
85740 
99870 
96700 
82860 
86270 
95740 
93380 
92610 
85610 
86990 
99410 
97890 
89120 
88860 
87590 
97540 
100460 
90120 
87050 
103880 
94860 
92070 
85250 
86340 
97870 
96140 
87580 
86530 
86800 
98240 
99220 
89460 
83490 
96390 
99700 
99410 
86580 
87370 
102000 
95440 
87810 
89130 
84260 
103370 
97220 
86830 
82340 
86140 
96960 
100560 
86950 
85320 
95180 
101800 
93830 
89080 
85380 
100200 
92270 
86940 
88660 
85090 
93150 
97970 
85610 
86390 
87260 
96550 
99560 
87190 
86100 
94670 
101910 
93740 
87510 
87520 
96720 
95780 
86120 
87700 
83690 
98750 
96680 
88430 
86580 
89900 
98660 
105450 
83980 
86490 
97970 
99650 
90560 
84420 
83530 
102960 
102630 
91970 
90860 
85360 
99900 
100750 
82830 
84690 
93540 
100770 
99100 
86230 
84770 
98900 
94000 
89880 
87030 
86390 
95870 
100880 
88740 
87180 
83540 
98250 
101140 
88250 
85450 
89340 
94500 
98140 
85770 
86350 
96560 
95940 
87960 
86320 
87160 
96870 
98430 
86980 
82360 
84710 
95270 
95730 
84720 
85420 
89030 
94970 
99320 
86400 
84560 
96470 
98960 
100360 
84590 
86570 
96930 
100500 
86480 
83640 
87270 
97690 
96190 
88510 
85360 
83220 
94430 
98320 
84970 
85390 
95330 
98080 
95530 
86430 
87050 
99270 
95310 
85960 
83450 
84790 
93690 
94980 
84970 
85030 
87000 
97660 
97710 
90840 
84950 
100070 
98360 
90590 
82420 
83860 
97460 
96950 
87410 
86830 
85360 
97990 
99620 
86570 
87330 
92170 
94720 
94120 
84730 
84550 
98530 
94320 
89700 
84670 
87110 
96640 
98820 
87570 
86640 
85770 
93070 
94250 
88630 
86240 
91960 
96740 
94890 
84040 
83540 
99300 
98840 
89600 
84970 
87980 
92760 
97440 
86640 
86570 
86120 
100160 
100160 
88170 
87740 
94650 
97950 
97040 
83230 
86430 
97200 
96740 
92360 
86440 
85850 
96910 
98510 
87520 
90170 
86530 
97450 
93420 
85680 
85300 
92460 
98560 
96620 
46740 
84550 
96130 
97210 
87290 
86790 
84630 
97340 
96930 
87050 
85960 
84860 
98590 
99930 
86440 
84710 
98830 
96190 
93150 
86630 
87860 
96080 
99600 
87890 
88020 
87400 
100770 
96840 
86100 
85520 
95670 
99600 
99110 
84420 
87280 
95040 
97240 
