104730 
84230 
47340 
55450 
44820 
42720 
53430 
46510 
61500 
48540 
45430 
47270 
49500 
48220 
45930 
45820 
45220 
47180 
69760 
21730 
50540 
45110 
21030 
53130 
63570 
60800 
47260 
48060 
43650 
49130 
46490 
43720 
49090 
48830 
45150 
67650 
20820 
53110 
46180 
43120 
44640 
46000 
46910 
48280 
48090 
22020 
48360 
46060 
49020 
48110 
45780 
44090 
62670 
20630 
48770 
50830 
42650 
52030 
52470 
48090 
47880 
47030 
48060 
36690 
44880 
52080 
38670 
45030 
67750 
90020 
69970 
42400 
23230 
59370 
41470 
32420 
57420 
23870 
24900 
53990 
21960 
91080 
49840 
20610 
129620 
23280 
59320 
49690 
21970 
22320 
47620 
26120 
25960 
46190 
22660 
23630 
46630 
43120 
24780 
52940 
28380 
2145780 
44960 
44140 
54020 
42440 
45240 
46980 
24430 
23540 
56280 
40380 
26670 
45300 
29120 
26270 
25630 
25430 
23080 
24070 
25680 
47530 
24770 
27150 
47900 
45460 
47370 
45860 
47730 
23450 
126980 
25120 
24040 
43440 
22620 
46520 
44860 
29070 
54510 
27730 
24410 
34640 
53990 
49750 
23440 
46390 
22770 
23850 
49760 
45600 
43440 
23540 
25590 
55630 
29770 
27170 
45380 
25010 
27760 
47030 
22750 
25700 
24000 
26090 
57660 
22670 
44030 
52120 
26530 
26690 
43930 
25090 
25260 
49230 
27300 
25790 
56740 
23080 
26330 
25690 
28910 
52640 
21520 
55660 
46450 
23450 
24790 
43670 
24920 
25120 
46900 
25230 
25740 
21520 
26360 
50120 
21060 
23620 
47420 
22620 
43590 
43000 
22510 
25510 
46830 
24360 
25110 
44250 
22510 
25970 
24770 
25000 
49520 
21140 
24890 
48370 
22460 
56080 
42410 
22880 
26840 
45670 
28450 
24710 
22400 
25200 
53100 
22550 
22370 
48680 
21870 
23210 
48970 
21240 
43470 
47430 
23950 
24880 
44010 
23110 
25410 
22320 
23740 
50220 
21880 
24430 
49970 
23000 
25240 
47710 
21910 
41770 
44990 
23390 
24260 
41850 
25000 
25690 
23310 
22890 
48470 
24460 
24070 
53520 
24780 
24900 
50490 
46320 
26150 
45740 
22540 
26170 
22490 
24710 
52160 
22580 
24520 
50530 
23320 
24940 
47830 
21130 
25830 
49150 
41090 
27600 
56600 
23540 
25930 
24690 
23680 
53250 
24220 
24000 
51440 
21970 
24170 
51820 
42330 
49450 
46380 
59660 
47340 
21100 
47700 
46640 
41670 
44340 
51050 
42370 
48580 
49960 
43480 
47150 
49910 
45900 
47250 
45390 
66460 
48340 
45390 
45720 
56240 
44000 
47820 
52640 
43620 
48010 
47350 
46410 
46450 
56430 
46580 
44640 
46940 
68080 
48270 
169110 
38630 
24140 
52720 
21550 
24090 
51380 
22050 
47430 
52710 
20680 
45590 
50530 
42150 
52900 
57920 
44490 
44200 
44890 
48260 
44770 
43350 
44340 
50110 
47530 
47890 
45210 
42730 
48270 
43840 
24780 
53460 
22040 
24740 
54670 
22450 
26870 
54660 
20390 
26580 
53930 
20040 
24860 
55740 
21730 
52520 
49810 
40800 
50990 
63950 
25080 
56180 
40890 
43680 
47100 
45640 
45610 
46820 
43530 
52730 
38840 
44500 
50860 
38620 
24110 
51570 
63340 
46410 
43340 
44380 
46320 
52670 
41790 
45550 
60490 
21110 
23760 
52240 
47330 
23650 
54950 
19450 
51830 
2103250 
23250 
54000 
42650 
23110 
46750 
23330 
46940 
24330 
25960 
50450 
47470 
41100 
49720 
46790 
23250 
49070 
59230 
22660 
57680 
22290 
22240 
50030 
21020 
53290 
50680 
19060 
51010 
47870 
19200 
55930 
48390 
19120 
75590 
22550 
24660 
51990 
20560 
42930 
49510 
21880 
49210 
49380 
18640 
49440 
22220 
24840 
45720 
22480 
53550 
22270 
25320 
22080 
22000 
25120 
49930 
24400 
45470 
47190 
39090 
46650 
55170 
48460 
19980 
43170 
49150 
38240 
49550 
19300 
47620 
58910 
46460 
48970 
36430 
23000 
51030 
22680 
23740 
48610 
20920 
24230 
54880 
22880 
44750 
25870 
31720 
52950 
24380 
31320 
52550 
20460 
24990 
57260 
21420 
23280 
48460 
22870 
25710 
26780 
46040 
19180 
48780 
20560 
48860 
48700 
20840 
47430 
49310 
19020 
25050 
25040 
20960 
48540 
51400 
20810 
48640 
22940 
48940 
48770 
19300 
47250 
48890 
23580 
46000 
50060 
18150 
43270 
24960 
24810 
50120 
21060 
42040 
22820 
26260 
53030 
20300 
23250 
51800 
22600 
25590 
52070 
21160 
24840 
54440 
25060 
24880 
49920 
24090 
49700 
41890 
25220 
43420 
23670 
27060 
48050 
26630 
24280 
40470 
24410 
46460 
22940 
23880 
47580 
54140 
41980 
52860 
59290 
25860 
42540 
44030 
29260 
44000 
43440 
46590 
46410 
43870 
48160 
43470 
23930 
51400 
20440 
25100 
49050 
20270 
24690 
51530 
22030 
24240 
48340 
44890 
45200 
46590 
20130 
51120 
46250 
43270 
49830 
45640 
45520 
67300 
20400 
48850 
49800 
18540 
50870 
49830 
20360 
53990 
45510 
40930 
49490 
49020 
43140 
49820 
46140 
49980 
49240 
21990 
49250 
46850 
19710 
51230 
51580 
39640 
49520 
47350 
43200 
51280 
50000 
40290 
47800 
46990 
66380 
51200 
18980 
48470 
47050 
19590 
52320 
53050 
40990 
51810 
45390 
46400 
47840 
47490 
47000 
66510 
20970 
52670 
46920 
20040 
48790 
48110 
45130 
48750 
45210 
47290 
47690 
52480 
41020 
46110 
46760 
66670 
52380 
19240 
47680 
48430 
19180 
51210 
44090 
39800 
47610 
48930 
42630 
47200 
52210 
42420 
50610 
2058410 
48500 
44740 
18680 
52420 
47920 
20740 
48780 
43750 
47920 
58360 
51530 
42060 
43890 
48890 
44680 
51380 
46930 
65390 
46550 
20400 
49020 
50850 
39220 
42680 
48610 
41840 
51130 
46470 
40700 
63220 
58550 
42630 
62840 
22000 
71350 
45400 
20890 
53440 
45240 
44860 
26940 
26750 
41400 
25910 
41860 
44830 
44740 
48200 
45530 
25010 
25310 
51100 
25470 
40690 
42940 
46010 
45070 
47680 
46020 
43270 
47880 
47770 
63860 
53090 
48880 
52380 
25820 
72350 
24800 
23740 
42370 
25440 
27510 
44080 
26890 
44500 
47420 
45800 
49340 
43040 
43160 
47240 
44780 
45590 
2096390 
43520 
45480 
45110 
47910 
47780 
45180 
25740 
46560 
47590 
44650 
45070 
43660 
25580 
25540 
24690 
42630 
41200 
25830 
26040 
44140 
24010 
23620 
47040 
45960 
49090 
47370 
45410 
46940 
23670 
27380 
49330 
43090 
24100 
44970 
46240 
44960 
46320 
44750 
47940 
46760 
45540 
45620 
45380 
46960 
46430 
46250 
43990 
2096030 
46130 
25150 
44420 
46810 
43240 
50900 
25650 
23260 
45470 
23300 
26280 
42250 
45480 
53410 
45940 
40830 
53440 
39230 
23340 
45240 
43000 
48330 
46530 
47570 
22430 
47080 
25210 
24570 
53280 
23570 
46730 
25300 
22160 
53560 
21300 
24730 
51520 
38100 
44650 
57080 
20790 
28680 
24400 
47490 
46530 
44670 
42670 
2097500 
24420 
47100 
43370 
43050 
26120 
43390 
24590 
23840 
49280 
21250 
32010 
58810 
20010 
49650 
73600 
23020 
51840 
20840 
21920 
44770 
24030 
21120 
47650 
44200 
23040 
26330 
46740 
49880 
49320 
41600 
50550 
59570 
46470 
43810 
45660 
26420 
44120 
26120 
24450 
43220 
25060 
24570 
23860 
47420 
41730 
45760 
22900 
53740 
22350 
21840 
51140 
21530 
22390 
53570 
20570 
22220 
50270 
20200 
23760 
48730 
20020 
52950 
2104060 
21470 
44160 
42020 
22650 
51930 
21830 
22550 
50190 
40670 
22140 
24830 
26860 
43170 
22760 
23730 
50140 
3114770 
19000 
45290 
24570 
44650 
54210 
44580 
21830 
52450 
23220 
21790 
52500 
19970 
49680 
41040 
27460 
55550 
2107190 
21050 
53710 
22480 
22550 
44030 
39980 
23910 
49740 
20500 
47260 
51830 
20650 
48540 
44000 
24790 
48360 
70510 
22200 
54530 
46560 
54710 
63660 
25710 
49710 
51820 
25510 
47490 
45430 
50800 
49110 
22770 
24170 
48900 
45580 
22100 
47490 
40540 
26170 
23870 
44730 
23360 
43260 
23880 
47250 
47830 
42590 
45130 
53520 
40930 
48440 
3110580 
41650 
48510 
24700 
21230 
50140 
19350 
42260 
26560 
23380 
47930 
22810 
20880 
26930 
50910 
23090 
48840 
42050 
25580 
48930 
25100 
32260 
53290 
45950 
50120 
50210 
43980 
46610 
43270 
23540 
25360 
45860 
23280 
48940 
44690 
23520 
55830 
22500 
23370 
55600 
20520 
25090 
48760 
22310 
47360 
44540 
24030 
26000 
48400 
19450 
61800 
24150 
26110 
46100 
23620 
47500 
21570 
25610 
46410 
21480 
25720 
45210 
22630 
21950 
53090 
20770 
43180 
23250 
22200 
51130 
24740 
30090 
57250 
38690 
23700 
54400 
40280 
22080 
52670 
20820 
24460 
54810 
21030 
45880 
39490 
23010 
52890 
38810 
24070 
50090 
21050 
23450 
53940 
47870 
24690 
50060 
41930 
23780 
48190 
20020 
25110 
21710 
23900 
51320 
23330 
20790 
49390 
40840 
24790 
48290 
21840 
20330 
49960 
21330 
24210 
45950 
18610 
49500 
2100990 
22640 
51740 
40440 
23870 
50130 
46370 
24110 
46740 
21060 
23420 
47320 
20130 
24340 
46480 
22010 
50190 
47170 
47110 
49280 
42680 
25760 
50250 
23800 
21250 
50420 
21470 
24190 
48000 
22730 
50880 
45990 
20930 
48560 
43020 
22830 
61100 
21180 
22770 
47120 
40170 
23620 
47120 
21850 
41860 
46250 
23350 
47450 
47440 
19090 
45180 
46250 
20390 
50240 
20940 
20900 
50260 
22100 
22890 
47940 
19910 
47720 
48260 
23180 
45030 
43430 
19970 
49590 
45270 
22840 
45500 
47470 
43040 
48420 
22370 
22850 
46750 
21620 
43810 
54880 
20290 
54410 
54260 
21200 
50210 
43740 
20130 
50740 
45140 
20480 
77810 
20660 
44980 
48190 
22120 
47150 
45740 
22310 
48070 
51350 
22380 
46690 
44490 
25590 
49430 
45390 
22400 
45080 
2097300 
40420 
46970 
44380 
24910 
25970 
43590 
51890 
47210 
52200 
25170 
24490 
46510 
44670 
24600 
39450 
49230 
2108610 
43090 
41710 
45540 
25610 
47660 
48510 
42230 
23890 
44040 
44610 
46240 
43240 
23800 
48770 
47600 
47200 
2103370 
42370 
45580 
47030 
26140 
26290 
43810 
41550 
44170 
23180 
45070 
47010 
41520 
46630 
46440 
43230 
44020 
45200 
43390 
24630 
48690 
23880 
43400 
42510 
26320 
46890 
23560 
45950 
47580 
42930 
24120 
51490 
20380 
22960 
2095030 
24800 
45180 
46740 
22830 
26640 
53850 
24320 
23890 
42310 
26500 
45810 
23630 
47460 
46740 
24730 
50760 
49620 
58170 
52070 
44750 
48200 
46190 
44720 
42630 
43970 
42620 
44680 
52870 
40050 
45380 
48420 
20060 
25270 
66550 
37190 
26180 
44350 
47840 
48860 
39710 
45560 
46390 
40470 
44800 
45740 
41510 
44380 
50140 
45000 
22620 
48670 
44440 
26550 
27270 
23430 
45160 
46600 
23160 
49150 
42970 
23660 
49910 
43100 
24850 
46130 
42090 
25200 
47560 
41810 
24550 
42220 
24940 
49940 
21620 
22660 
48110 
22410 
24800 
50030 
45070 
23600 
46770 
23830 
23020 
71730 
38490 
45900 
47780 
23310 
51190 
20910 
21800 
47910 
23090 
28470 
47740 
43010 
24150 
49450 
22500 
26710 
46490 
45710 
53100 
44300 
24050 
48000 
42850 
24540 
45930 
22990 
21050 
44910 
23790 
24400 
49560 
21670 
45190 
73660 
32800 
45140 
23080 
22430 
46850 
23820 
24250 
47620 
40640 
28130 
47110 
22720 
48520 
46150 
20930 
48690 
45600 
48310 
47250 
21190 
23410 
45680 
22820 
22500 
46170 
22950 
25970 
50370 
22890 
47720 
67960 
24680 
52740 
50650 
55420 
44570 
45130 
23370 
48140 
22000 
21310 
62960 
22180 
47490 
45890 
20790 
47750 
45140 
23070 
49390 
50530 
21850 
62110 
23520 
22130 
44900 
22040 
48160 
45950 
23920 
44320 
43520 
23850 
52520 
48870 
22970 
43390 
49590 
38850 
52050 
22490 
43700 
47850 
25500 
47470 
44200 
22400 
50540 
46840 
21940 
46180 
44940 
22380 
55900 
48770 
50720 
44230 
23860 
48470 
50860 
23420 
43020 
47690 
22220 
57730 
56020 
20960 
46500 
53110 
19860 
54310 
46350 
64960 
50500 
20440 
53650 
46850 
26080 
48440 
47390 
23690 
51950 
45860 
21340 
51840 
46130 
24490 
47690 
44210 
70620 
51630 
23840 
49680 
46360 
21400 
49980 
49640 
20930 
50060 
81210 
22680 
55080 
53770 
47380 
48970 
49260 
66440 
45630 
20930 
48480 
47930 
23460 
53010 
45600 
22180 
56440 
50460 
49450 
42560 
45850 
48830 
43290 
48890 
44250 
66400 
19980 
48060 
64150 
26760 
47680 
47310 
24580 
47870 
46730 
48080 
41910 
49070 
48580 
48880 
46990 
45280 
71090 
20840 
49050 
46870 
19320 
49490 
46200 
43310 
46400 
47020 
47180 
48260 
47530 
48360 
42130 
45690 
45370 
61940 
22820 
42260 
42070 
22750 
46000 
46870 
54820 
42320 
47070 
47400 
64330 
53510 
51170 
46320 
48240 
46470 
67690 
21970 
44780 
47330 
47460 
44190 
42330 
47680 
47310 
47230 
48960 
41670 
45340 
49140 
41530 
52090 
42050 
60730 
23060 
45980 
48590 
47560 
43040 
47750 
48000 
47730 
46080 
48360 
65770 
54400 
47710 
46120 
21890 
24940 
59660 
26350 
45790 
41590 
45090 
49950 
43880 
48310 
24040 
23070 
50100 
25120 
25290 
47140 
23750 
26420 
24370 
63790 
22710 
44050 
46470 
44450 
24730 
25600 
43420 
24820 
24750 
49450 
41560 
46600 
24050 
44170 
47920 
43680 
65920 
24270 
46780 
43330 
51790 
45950 
23620 
49760 
24270 
25760 
43410 
35100 
26560 
26000 
48670 
47900 
40040 
49990 
46680 
46470 
45250 
47070 
40780 
28160 
47460 
44820 
42960 
100050 
45970 
47370 
46030 
41900 
50790 
41420 
60820 
48770 
43550 
24010 
46600 
22400 
45670 
43540 
44640 
41620 
45430 
24650 
50670 
46030 
23880 
58500 
25100 
44320 
48340 
22090 
24990 
49210 
43390 
45160 
48670 
44300 
50740 
23750 
26590 
49010 
23020 
24900 
50650 
23430 
21550 
2100010 
42130 
47340 
46590 
24140 
41720 
48220 
24940 
49070 
21050 
43650 
48660 
46790 
25830 
65360 
22430 
46230 
67710 
24800 
24610 
21870 
47690 
53550 
47280 
45900 
44940 
42910 
50720 
51750 
49640 
44880 
56230 
48880 
44870 
47170 
61870 
43280 
47720 
47610 
46150 
49930 
41030 
46930 
44290 
45910 
45040 
43860 
41080 
44320 
46910 
44790 
44500 
67830 
56360 
54320 
39980 
22520 
55550 
39260 
24530 
54170 
38430 
22300 
52010 
44450 
53460 
43010 
45510 
53220 
37460 
45120 
51800 
38820 
49860 
51520 
45190 
41290 
51100 
46580 
51740 
2096950 
48520 
62280 
36570 
24410 
47490 
51800 
20140 
44810 
49680 
22820 
51130 
49260 
51300 
46700 
58100 
25700 
2103450 
41350 
52170 
38650 
44200 
49840 
38160 
24240 
48040 
46150 
46180 
45700 
42870 
45790 
46740 
46310 
48160 
60350 
24790 
52480 
39420 
24180 
48140 
44520 
47310 
52690 
38700 
46280 
45230 
44130 
48570 
48210 
43970 
48220 
59790 
47320 
49970 
41200 
44000 
48210 
41510 
47720 
45970 
42690 
45450 
45690 
46640 
47580 
40490 
44600 
49310 
56260 
43190 
46590 
38460 
44970 
48270 
41860 
44700 
50370 
50190 
47640 
44180 
43570 
47230 
39900 
49820 
72290 
53840 
44560 
49450 
44890 
46540 
47340 
40830 
45300 
46660 
45890 
47500 
42250 
43850 
49990 
40920 
45940 
45530 
55630 
22990 
53430 
55710 
26750 
55920 
43400 
48640 
48360 
44970 
46570 
24890 
44130 
52830 
37230 
22330 
73560 
20480 
23550 
47540 
20430 
21950 
24090 
43520 
48370 
38300 
44670 
56590 
43850 
45260 
45910 
19730 
48880 
2117320 
