100820 
57330 
50010 
52550 
50260 
47810 
51040 
51360 
52210 
48930 
50300 
51010 
51980 
49710 
49980 
50930 
48570 
48420 
48560 
49690 
48880 
48470 
49060 
48020 
50390 
48770 
48260 
50000 
48800 
50580 
47650 
48420 
47910 
48990 
49900 
48290 
47710 
48070 
48450 
49010 
48700 
50370 
47650 
49250 
50260 
50400 
49680 
48430 
48930 
49920 
48500 
48360 
47980 
49070 
50610 
49030 
49810 
48210 
50070 
51520 
49540 
49120 
49760 
49660 
50500 
48420 
50220 
49610 
47350 
49260 
48690 
51560 
47870 
50320 
51040 
50730 
49850 
49190 
47600 
49020 
51600 
51090 
48520 
48240 
50020 
51800 
49410 
45700 
47610 
48210 
48360 
52600 
48510 
47990 
49950 
51170 
51400 
51090 
47670 
47530 
49690 
48980 
49780 
47960 
49940 
50430 
51440 
50230 
48620 
49080 
48160 
52710 
48140 
50540 
49080 
48760 
51500 
49000 
48760 
47860 
49290 
48430 
51270 
50900 
48250 
48790 
48340 
51270 
49710 
48000 
48390 
49440 
49650 
50960 
48790 
47010 
48650 
50220 
49060 
49020 
48700 
47840 
50840 
47860 
49110 
48470 
50800 
48880 
49260 
49570 
47500 
47920 
48100 
48530 
51930 
48830 
48410 
47170 
49240 
48020 
47830 
50410 
49230 
50820 
48310 
47810 
48950 
49500 
48410 
50230 
47170 
49490 
47740 
47390 
54090 
48570 
47990 
48680 
47550 
49470 
50170 
51300 
48060 
47630 
65200 
49160 
48730 
46860 
47690 
49770 
49700 
48790 
47400 
49630 
51270 
51040 
51010 
47110 
47300 
48440 
49170 
48310 
48150 
47330 
50970 
50750 
49260 
47870 
48520 
49430 
50570 
48460 
47800 
55600 
53790 
51840 
49890 
49070 
49650 
50650 
52050 
50130 
46980 
48210 
48570 
51110 
49760 
48680 
47880 
49000 
47480 
50270 
47930 
48380 
50040 
48810 
49880 
47730 
47640 
49340 
49540 
49800 
48280 
49300 
48570 
50200 
49470 
49870 
48250 
48990 
47820 
48850 
49610 
48710 
48790 
48360 
50270 
49370 
48780 
48430 
48410 
48830 
49120 
50450 
48770 
47260 
49170 
52350 
51790 
49190 
49920 
50930 
51790 
51090 
49190 
51830 
49310 
49290 
48190 
49370 
48550 
51080 
49130 
49780 
50230 
49240 
47910 
47790 
50770 
50600 
48680 
47670 
49400 
50470 
48600 
48300 
47920 
51110 
50410 
49460 
48240 
47660 
49150 
49890 
50960 
48900 
48270 
47510 
48880 
49360 
50010 
48280 
48830 
48960 
49850 
48830 
48680 
48630 
47730 
50370 
48800 
47750 
49940 
49070 
50310 
48910 
48370 
48510 
46710 
48160 
49700 
48200 
47470 
46930 
48450 
49200 
49670 
48170 
48040 
49020 
49140 
48340 
48700 
48830 
48740 
50560 
49100 
50750 
48500 
49010 
49930 
48700 
49310 
47660 
47440 
47940 
50680 
47520 
48290 
47010 
47950 
48550 
48420 
49130 
48690 
49910 
48920 
50060 
48540 
50000 
48830 
49150 
49780 
51460 
47820 
47690 
61950 
50030 
47980 
48110 
47640 
51940 
51490 
49310 
50740 
49760 
48380 
49380 
48170 
47670 
47980 
48520 
50960 
49370 
48490 
48220 
48390 
49460 
48220 
49580 
47890 
48030 
49080 
49090 
48070 
48720 
49080 
48600 
50940 
49690 
46540 
48350 
48410 
49900 
50560 
47960 
48270 
48890 
48800 
48680 
47810 
49750 
47340 
49650 
50160 
49870 
47970 
49460 
50270 
50250 
47970 
46550 
47360 
47820 
48400 
48930 
47920 
50190 
50390 
48440 
48280 
47930 
48100 
48320 
49770 
48310 
47010 
48760 
48530 
51190 
48480 
48110 
49470 
58590 
51990 
49280 
48350 
51440 
49390 
48470 
49010 
48670 
48670 
47220 
48150 
49820 
47580 
48960 
48580 
51980 
48780 
48620 
50290 
49310 
48800 
49950 
49850 
51020 
48080 
47250 
50190 
48780 
50360 
49710 
50070 
47950 
51470 
47450 
47960 
48400 
50140 
49620 
50040 
49140 
48730 
52160 
49420 
49830 
50660 
48870 
47860 
50090 
50100 
47530 
49710 
48430 
50330 
52090 
49010 
48810 
48680 
48330 
50570 
49670 
47900 
47180 
47960 
49540 
49250 
49250 
49490 
48440 
49260 
49290 
49050 
47180 
47350 
50540 
50030 
50340 
48550 
48660 
50650 
47810 
48360 
47850 
48570 
49300 
49700 
49060 
47940 
48460 
49240 
49480 
50380 
48220 
47870 
48530 
48480 
50470 
47390 
49240 
49420 
49720 
49650 
47220 
47520 
49620 
49730 
47710 
47440 
46750 
49090 
47560 
48870 
48210 
47750 
48530 
49080 
50160 
50140 
47920 
48490 
48000 
49170 
48320 
46820 
48740 
51050 
50370 
48630 
49580 
51140 
47670 
50420 
49380 
49240 
48920 
48360 
48350 
49340 
48690 
48510 
46790 
49420 
51070 
50050 
48940 
48760 
49130 
49610 
48080 
47010 
46790 
46860 
49850 
49360 
47750 
48360 
47150 
49860 
48580 
47480 
47900 
47480 
48780 
49360 
49240 
47400 
46800 
48370 
49160 
48100 
69260 
50600 
50290 
50350 
49460 
48400 
48780 
49050 
49500 
48620 
46340 
48240 
48730 
48520 
48630 
48310 
47750 
49580 
48290 
49980 
48670 
47580 
49320 
48780 
49650 
48730 
46660 
49480 
49720 
50630 
47750 
48470 
48430 
50540 
50760 
48940 
47860 
47900 
47720 
47930 
49580 
47250 
49640 
47030 
48470 
49610 
48440 
48390 
48800 
48050 
50610 
48050 
49190 
48740 
48270 
49170 
50270 
49470 
48750 
50820 
50730 
49070 
47700 
47420 
47250 
49240 
47420 
47830 
48750 
48340 
48960 
48850 
50090 
47940 
48980 
48350 
50100 
49750 
48570 
47560 
47440 
48950 
48150 
47880 
48080 
49420 
49870 
49510 
47880 
49380 
49680 
49550 
48760 
48560 
48510 
47300 
47590 
50690 
49130 
47850 
48100 
49040 
50600 
49060 
48840 
48080 
47640 
48990 
49170 
49960 
49400 
47740 
49710 
47860 
48340 
47320 
46940 
49630 
48920 
49890 
47850 
48110 
48290 
49800 
50470 
48550 
47890 
48990 
48390 
48730 
48320 
49120 
50550 
49550 
49890 
48790 
47750 
48240 
50900 
50610 
55550 
48080 
47360 
48090 
56670 
49990 
48520 
48350 
49370 
49530 
50550 
50980 
49040 
49720 
50920 
48570 
48130 
51060 
49020 
49980 
52590 
50270 
48650 
50590 
50080 
48560 
48160 
48210 
48800 
49920 
48110 
47730 
48890 
49760 
48690 
48640 
50750 
49460 
48970 
49280 
48980 
49840 
50590 
48910 
49710 
48790 
48380 
47960 
49340 
49110 
49670 
49100 
49080 
47410 
48520 
48700 
48580 
47810 
50000 
48440 
48520 
50100 
49310 
49450 
48940 
55060 
50890 
49790 
49210 
49660 
50120 
50540 
48720 
49030 
48330 
48770 
50520 
50070 
48260 
48840 
48150 
49970 
49310 
48530 
49140 
49880 
48470 
49620 
49380 
48270 
49070 
49530 
49740 
49370 
48620 
48090 
48600 
49180 
49780 
50490 
49110 
49950 
49610 
49710 
52850 
49930 
54120 
51360 
50850 
50470 
48490 
48180 
48910 
48790 
48830 
49350 
49190 
49150 
51950 
48900 
51040 
49850 
50030 
49960 
48670 
49390 
48410 
48150 
49210 
48470 
48830 
47750 
49870 
49410 
48850 
48910 
47410 
49010 
49160 
48450 
48870 
48740 
48840 
48610 
48520 
48250 
47910 
49920 
48720 
49560 
49230 
48430 
48720 
48700 
49640 
48240 
49080 
48430 
47700 
49600 
49850 
49300 
50020 
47260 
48760 
50230 
49470 
53590 
49470 
50150 
50520 
64240 
51710 
48620 
49220 
48210 
48530 
48110 
48500 
47370 
50780 
49490 
48790 
48670 
49110 
49700 
49400 
49370 
48150 
48480 
47690 
49310 
49830 
51840 
48230 
49590 
49420 
49770 
51760 
49070 
48690 
50440 
49380 
49270 
47700 
48780 
50190 
53340 
48070 
53210 
49980 
51240 
49690 
48720 
50010 
49200 
49260 
49350 
52270 
53570 
50520 
50120 
50570 
48420 
48190 
48760 
49080 
49870 
48900 
48420 
49410 
48980 
50540 
50120 
48390 
47710 
47960 
49230 
48280 
48120 
48850 
48300 
50880 
48980 
48260 
48590 
47820 
48960 
50900 
48830 
49110 
47630 
49720 
49600 
48140 
49260 
46870 
47350 
49250 
48120 
49600 
47990 
49920 
50550 
48450 
48890 
47840 
48270 
49710 
48030 
49070 
47750 
47730 
48200 
50280 
52220 
50780 
48350 
49490 
50010 
49440 
46550 
50570 
47750 
49570 
49410 
49390 
50440 
48720 
49990 
48730 
49150 
49180 
48910 
49850 
50650 
49310 
49160 
49940 
50460 
50120 
48490 
47620 
49200 
47720 
50850 
47080 
48770 
49050 
48370 
49800 
66170 
51510 
48610 
48620 
52290 
49490 
50880 
49160 
48770 
52940 
62290 
51950 
49630 
51760 
49140 
49290 
50890 
51450 
47470 
48450 
51420 
50060 
51260 
49160 
48160 
50450 
51710 
47560 
49960 
51110 
51150 
52600 
49180 
49730 
47760 
48480 
49400 
49890 
48050 
50800 
48540 
50800 
51610 
49700 
47200 
49070 
50340 
49220 
49810 
48590 
47850 
50410 
47930 
49510 
50670 
47230 
50140 
48430 
47470 
48990 
48490 
53340 
49980 
48360 
50580 
47980 
49290 
50860 
49050 
48360 
60270 
49510 
49410 
48870 
48420 
49050 
48410 
50610 
48600 
47990 
48390 
50040 
49460 
47810 
47110 
48280 
48470 
50300 
48840 
48310 
47230 
48420 
47150 
50040 
49920 
48330 
47540 
48520 
50030 
50380 
49070 
47890 
47790 
49960 
48950 
49370 
49040 
49250 
49800 
52440 
50950 
47620 
48010 
48640 
49880 
48320 
46770 
49010 
48600 
50660 
49580 
48290 
48040 
48120 
49570 
49850 
47930 
48900 
47450 
49480 
49120 
48380 
48730 
47240 
50020 
48400 
48140 
47990 
48560 
48640 
50160 
49100 
48770 
49580 
49060 
49590 
48700 
58260 
49390 
49390 
49290 
49070 
48680 
48260 
47260 
50410 
48400 
49420 
48970 
49910 
49890 
49130 
49550 
48500 
52300 
48430 
49360 
50010 
49440 
48760 
49750 
51340 
49710 
48400 
47930 
49080 
49230 
49430 
48610 
49150 
49210 
49510 
60530 
49890 
50840 
47610 
49460 
48760 
49020 
48760 
47400 
48930 
49700 
48240 
48850 
48110 
48510 
48920 
49140 
49100 
47850 
49310 
48370 
48560 
47650 
46550 
68610 
51780 
49490 
49020 
51940 
50270 
49630 
48570 
48080 
46760 
48140 
48560 
48970 
50230 
47570 
50080 
48680 
49740 
49260 
47600 
46800 
47950 
48940 
49400 
48900 
48200 
49510 
50590 
51170 
47850 
47930 
49100 
50610 
48890 
49330 
47970 
49460 
47630 
49690 
50450 
48120 
48790 
48070 
50630 
49520 
47960 
49450 
48860 
51980 
49560 
49140 
49910 
48630 
51680 
49120 
48130 
49530 
48410 
48660 
49720 
56020 
55230 
48440 
49220 
49350 
49570 
49800 
49170 
50510 
49870 
49410 
50330 
49760 
50370 
50220 
50220 
49060 
48820 
48690 
50700 
50060 
49170 
49170 
48410 
50470 
48790 
50180 
49040 
48660 
49830 
49140 
49330 
48200 
47940 
49720 
49980 
50690 
47940 
48320 
48610 
49740 
49490 
48160 
48890 
50760 
49830 
51000 
48490 
48900 
49450 
49510 
49640 
47040 
48150 
48140 
47170 
48910 
48510 
48360 
47940 
48800 
50270 
48960 
48390 
48170 
50260 
50250 
49220 
48560 
49000 
48570 
49450 
49710 
49020 
48530 
48130 
52130 
49840 
49060 
49110 
49180 
49050 
49190 
50100 
49040 
48850 
48880 
50780 
49000 
48580 
48030 
49350 
49590 
46880 
48380 
47720 
49120 
50240 
48450 
48810 
48660 
48880 
49850 
50790 
50090 
49230 
48080 
49390 
48520 
49710 
47760 
49030 
48290 
49850 
49270 
48830 
51130 
48430 
49780 
48480 
49600 
48510 
48430 
50310 
49890 
48760 
48180 
47400 
50180 
50730 
49310 
49140 
48980 
49740 
49740 
48310 
49360 
49630 
49890 
50180 
49440 
50370 
48620 
48430 
52810 
47560 
47850 
49290 
46760 
50210 
47670 
49500 
47450 
48100 
49610 
49800 
49030 
48460 
48940 
49330 
50700 
47980 
49600 
47210 
50560 
49860 
50560 
47610 
48830 
49130 
49700 
48620 
48150 
47000 
48060 
49700 
50220 
50180 
48310 
48000 
50380 
48930 
48900 
48110 
47350 
49840 
49920 
48750 
47850 
49580 
50700 
50500 
49430 
47790 
47900 
48300 
48810 
49070 
48860 
48850 
48070 
50860 
49100 
47650 
46570 
47670 
48960 
49820 
48740 
48480 
48310 
49320 
50410 
48810 
48770 
49540 
49770 
50100 
48280 
48110 
48370 
48530 
50120 
48750 
48270 
46600 
49080 
48710 
48860 
50350 
50000 
47960 
48910 
50180 
74850 
48700 
48630 
48940 
49210 
49770 
49300 
47920 
49830 
49620 
51530 
48970 
48890 
49070 
50520 
49200 
48360 
49010 
49040 
48450 
50310 
48610 
64310 
50060 
49040 
49520 
48000 
47810 
48390 
47770 
49060 
48480 
49280 
50390 
49230 
50250 
48500 
48940 
48030 
47630 
49960 
48950 
47880 
48910 
50530 
50030 
49810 
48490 
50650 
47170 
50850 
49120 
48460 
47230 
49220 
48230 
49760 
48010 
49120 
47280 
48800 
49650 
49840 
46820 
47020 
49130 
49630 
49520 
47860 
47640 
47600 
50520 
50520 
51450 
47040 
48850 
50900 
49350 
47750 
49300 
49480 
49980 
50350 
48770 
50120 
48790 
51690 
50070 
48320 
48740 
48430 
48820 
49270 
49740 
48320 
47890 
49240 
49980 
49450 
48440 
49530 
50140 
51550 
49080 
49950 
49460 
48680 
50220 
49800 
49410 
63450 
56040 
49720 
48020 
48330 
49830 
48140 
48810 
48270 
48320 
48690 
48470 
49130 
50390 
49210 
49550 
48900 
48710 
49990 
49280 
49450 
48780 
50860 
48730 
52730 
49070 
49070 
48570 
48560 
49720 
48510 
48420 
47900 
49390 
50630 
49900 
48690 
48990 
48330 
52920 
49470 
48330 
48330 
48400 
48680 
51060 
47240 
48930 
48040 
49030 
48910 
48410 
48520 
47620 
48730 
49660 
49220 
46590 
48580 
47900 
50260 
48640 
49020 
48040 
48910 
51190 
48790 
48160 
47130 
49150 
51870 
48490 
48620 
49100 
49410 
49150 
49070 
49710 
47950 
48690 
48100 
48580 
49140 
48170 
48300 
49130 
49960 
48680 
48520 
47220 
49170 
51440 
47180 
48360 
48260 
50840 
49530 
48030 
48710 
48250 
51230 
50810 
50390 
49970 
48710 
48100 
51080 
49670 
49930 
48560 
49540 
48170 
48910 
49060 
47140 
47660 
47560 
49770 
48450 
47580 
48840 
49960 
49150 
50140 
48620 
51590 
48780 
49250 
49330 
49060 
49060 
48520 
47190 
49980 
49910 
48230 
47970 
48660 
50640 
52390 
47440 
50010 
48660 
50020 
48790 
50530 
49510 
48120 
50850 
48080 
50060 
48000 
48510 
48400 
49830 
48850 
47310 
47300 
47680 
50910 
48650 
49520 
48420 
49470 
51250 
49320 
47640 
48720 
48310 
49570 
48380 
49380 
49560 
49430 
50220 
50660 
48070 
49130 
47790 
49470 
50020 
49050 
48420 
48020 
49390 
49740 
48550 
47180 
48970 
49940 
50270 
47810 
47550 
49060 
48430 
51850 
49830 
48100 
48860 
48700 
49760 
51470 
48600 
48320 
49060 
47760 
50920 
50650 
48550 
48660 
49650 
49490 
48580 
49330 
48210 
48670 
52120 
49560 
47770 
64050 
52550 
49970 
49500 
49300 
49600 
51370 
50810 
49980 
58520 
49060 
48520 
48620 
48770 
49630 
49300 
49310 
48720 
52440 
49880 
46980 
49680 
49810 
49820 
49160 
48210 
48390 
49770 
48560 
51000 
50780 
48860 
48550 
49040 
49060 
47790 
48160 
47480 
48010 
48040 
48410 
48740 
48530 
50090 
48940 
49090 
48960 
48090 
47350 
50960 
48550 
48340 
49850 
48750 
50090 
50520 
48870 
50060 
49410 
50260 
48130 
49610 
49620 
48030 
48800 
50820 
50430 
49920 
50000 
48670 
51010 
48830 
48850 
47490 
48360 
49550 
49350 
48190 
49570 
49610 
50260 
51120 
52720 
49830 
47820 
49670 
50310 
49290 
48440 
51120 
50100 
50400 
49260 
48470 
47870 
47570 
47790 
