16041700
11450930
16014560
11440540
16025090
11441270
16085530
11453020
16019300
11462410
16035080
11458320
16029640
11459080
16040600
11452750
16084440
11709880
24059940
35957260
114640
15865890
23496200
15980330
23505070
15991530
23518560
15973680
23495150
15975680
23491730
15987900
23493180
15955780
23479760
15979850
23481630
15970110
23477020
15974820
23509890
282930
24047220
35984650
129640
15821160
23480130
15971890
23475600
15968610
23471080
15988130
23478360
15970770
23474830
15975710
23485320
15970390
23469930
15986370
23471680
15992490
23497930
15959850
23475030
15975750
23472660
15996720
23476230
15976160
23474980
15994290
23483590
15973360
23501750
15998540
23519200
15964020
23489010
15992280
23489110
15982430
23503990
15985360
23493940
15983020
23483350
15993310
23505870
15964030
23518300
12107530
23496720
15981340
23493160
15981640
23494710
15976380
23489550
16001510
23495770
16011460
23469060
15983500
23487490
15964940
23469850
15984730
23472940
15986070
23477010
15986570
23536620
15959810
23490070
15972420
23476660
15978200
23469370
15983250
23482620
15970310
23469690
15980330
23470240
16009030
23496870
15965490
23475810
15975010
23472320
15993510
23556870
15895980
23469050
15990620
23483880
15966510
23471460
15986700
23474080
15969430
23471880
16061810
23490810
15976890
23490700
15993480
23491860
15984530
23484900
15987400
23503180
15970390
23488350
15991750
23492850
15979650
23491770
15981900
23498190
15999470
23518450
15986940
23494540
15988280
23486120
15990950
23497110
15994790
23470000
15984470
23480030
15970120
23476830
15991180
23491400
15975640
23483600
15980580
23546730
15929820
23491290
15972050
23483020
15969000
23471780
15986020
23481360
15968690
23475340
15977310
23481550
15967750
23654910
15804230
23476490
15973950
23476880
15972350
23486040
15964820
23474710
15962270
23479540
15968580
23478680
15971470
23483460
15965130
23478240
15999520
23524760
15964650
23493910
15989380
23508890
15967840
23494670
15979060
23493540
15981330
23492310
15979160
23497710
16001580
23523470
15977700
23493760
15980970
23492340
15987210
23503380
15998520
23515500
8024030
23494630
15974160
23479340
15968490
23478700
15970150
23477800
15984110
23479450
15976280
23479250
15975230
23488770
16035130
23500790
15969630
23483810
15962650
23477660
15973310
23478460
15966160
23477510
15988100
23479060
15988720
23496810
15963600
23488760
15964080
23475500
15981430
23476470
15975100
23479890
15969350
23477030
15988100
23480690
15982900
23496130
15958590
23477110
15973770
23528690
15950900
23488690
15990690
23493470
15982510
23496340
15976750
23514030
12089670
23493730
15992770
23496040
15980260
23494170
15982340
23506530
15968880
23493570
15978170
23494070
15978130
23493990
15979980
23497960
15972170
23500170
15964280
23476690
15973070
23477360
15974780
23505500
15948990
23481340
15977330
23478190
16132690
23517740
15947310
23483450
15964000
23480220
15979930
23477070
15980060
23489000
15966870
23489690
15958150
23474410
15977290
23477170
15972160
23476100
15973410
23484410
15963280
23479140
15978440
23476860
15973330
23477310
15980450
23490440
15961700
23475630
15979710
23480120
16021780
23492910
16090550
23504840
15967310
23497660
15984470
23496600
15981890
23493520
15986650
23504710
15979810
23513370
15972610
23495570
15973590
23494580
15979190
23494830
15977150
23495430
15985410
23504860
15972600
23503840
15975590
23501110
15955670
23477770
15973290
23477550
15972370
23477030
15979080
23486710
15964080
23534740
15991250
23506930
8003720
23475560
15973670
23488600
15958540
23476840
15979530
23476190
15971630
23476160
15969070
23480720
15967080
23477450
15984170
23476370
16008960
23476450
15972040
23484350
15965590
23477980
15980320
23506930
12093040
23477760
15970470
23480670
16022820
23498210
15993050
23493040
15985310
23484280
15989150
23499870
15975890
23522450
4023430
16065620
15969610
23486130
15985670
23489530
15981040
23484870
15995520
23493750
16057480
23488680
15988570
23501220
15973660
23489210
15989890
23473870
15968470
23472270
15983960
23479660
15969710
23471050
16009610
23491630
15966850
23554840
15929610
23501090
15956500
23470270
15980550
23474440
15977350
23498360
12098250
23476500
15967770
23472790
15985780
23477360
15973300
23492510
8038910
23491300
15959800
23469330
15992310
23513730
12076330
23481270
15971160
23479040
15967900
23472700
15989140
23475870
15973250
23495260
15987560
23521850
333680
24056640
35956520
119710
15855760
23497200
15977260
23494240
15977040
23487000
15999070
23496150
15997990
23492830
16170130
23507230
15969410
23486100
15992750
23491720
15973580
23493100
15980180
23508720
8030730
16040150
15987570
23476240
15977470
23474680
15979450
23511020
277160
24039900
35977570
130300
15846610
23500840
12079710
23474950
15972210
23475050
15986740
23475640
15977350
23474020
15979040
23483800
15967050
23475320
15977620
23474500
15972010
23472120
15976920
23478460
15970300
23472000
15992400
23477500
15976140
23476530
15982290
23488090
15960540
23523890
15945140
23503080
15951350
23497490
15957170
23496340
15950920
23546960
8042510
23501270
15960690
23498250
15965450
23509100
15946670
23536700
8018850
16097680
15946410
23504280
15951960
23546450
305620
24054810
35963130
122690
15813180
23489670
15961710
23493070
15961220
23479380
15970160
23483310
15984540
23486090
15961960
23526710
15947910
23489390
15984330
23503120
15954360
23478880
15974510
23489680
15958470
23475450
15978200
23479090
15969560
23481770
15966020
23483530
15964760
23476150
15980410
23503910
12081670
23480130
15967470
23507870
248120
24047610
35966760
75210
15887520
23476090
16035530
23501750
15973570
23534070
12119650
23502850
16048170
23495770
15980520
23500290
15967480
23493650
15980530
23494810
15971860
23500920
15980170
23494820
15966100
23488790
15998590
23497240
15978820
23486280
15987330
23504650
15978630
23473990
15971180
23489340
8015090
23479730
15969040
23478600
15971750
23476090
15979550
23550680
15925430
23521680
8029800
16066610
15954830
23474050
15977930
23472560
15969870
23480120
15967540
23475400
15966040
23473090
15983510
23501870
4005200
16045850
15971530
23486190
15968530
23472230
15975880
23474930
16010250
23480240
15967410
23477750
15982860
23476680
15984110
23500950
15972180
23494290
15977530
23504080
15966400
23491330
15981630
23492910
15973700
23499710
15974460
23507010
15962310
23489940
15997960
23496650
15979100
23492530
15985180
23530910
12107570
23496270
16029490
23489550
15976300
23477650
15967870
23474150
264790
24055080
35960780
78340
15892990
23513520
12093780
23626860
15884020
23490450
15975270
23484340
15967890
23471740
16048310
23482080
15976780
23476400
15984420
23493460
3998650
12233210
15438290
16062640
15953380
23481820
15955420
23479060
15953400
23478850
15969800
23483780
15951890
23485830
15972630
23498890
12017760
23483040
15957050
23527450
15930860
23520460
4008590
16094970
15963640
23505400
15956020
23511930
15947630
23504950
15965120
23506820
15966270
23512880
15956890
23530340
15994450
23513880
15963250
23509590
15960660
23511400
15950480
23513580
15940550
23505300
15945580
23485930
15969940
23490430
15953260
23494810
15940310
23519290
15925890
23483270
16148470
23530860
15918050
23491680
15946530
23482970
15965460
23483570
15951420
23482670
15959830
23494090
15943740
23479950
15966940
23497690
4004710
12310960
15441480
16063780
15961280
23478690
15980980
23479770
15971510
23478600
15974040
23491420
15962370
23518160
15974660
23577690
15887100
23490550
15984790
23505580
15970190
23489980
15996600
23496800
15974850
23497840
15983940
23501480
15974870
23491620
15988670
23494110
15973390
23496040
15977520
23498050
15971370
23490420
15995770
23493640
15979010
23499190
15970430
23484000
15959400
23475400
15978340
23470670
15970470
23493190
4013340
16044500
15963810
23516620
16001040
23489030
15959840
23469790
15976260
23483650
15963780
23470060
15992660
23509760
8001680
16052490
15990140
23476520
15969730
23472020
15984910
23511710
15935940
23469340
15977950
23481870
15967830
23478190
15976360
23473120
15970330
23476060
15970300
23475710
16049840
23491800
15996330
23497730
15971470
23493550
15984750
23500120
15977880
23486140
15993780
23492490
15977710
23497250
15975960
23512870
8050990
23499450
15997360
23500120
15976090
23495100
15979440
23507450
15962350
23487390
16016070
23476910
15977330
23485660
8042030
23482990
15966670
23472290
16004400
23497590
12074220
23554130
15926790
23501080
15955710
23471610
15975080
23474520
15969270
23472770
15971120
23477280
15966330
23475900
15981960
23476890
15973210
23473980
15970280
23484260
15964180
23474800
15973850
23470440
15971750
23473890
15971000
23479210
15962560
23490590
4015920
16047210
15979910
23496890
15983570
23506420
15967910
23492210
15983130
23497830
15970890
23494630
15980390
23513860
12107330
23502080
16154690
23503000
15968970
23508300
16015820
23512960
285360
24066960
35953070
123880
16095000
16208930
15453710
16063340
15960470
23480890
15978990
23481280
15970670
23481240
15968680
23491300
15963670
23473800
16077040
23507760
15960900
23483560
15960490
23481320
15966830
23478200
15980650
23493850
8030710
23484880
15955920
23499310
15940710
23480990
15972940
23481180
15957360
23484260
15956300
23486750
15957090
23500070
7982310
16066390
15959650
23484180
15957800
23497240
15947300
23532570
15949530
23523810
3999000
12309360
15466390
16097340
15988670
4084210
16071280
23562810
27859350
83150
16055860
23521420
27912750
84960
16065180
23523380
15961450
23516420
15976370
23503650
15964210
23500120
15988940
23518650
15942900
23479420
15975450
23503060
15951290
23481680
15974780
23489320
15965880
23484350
16070200
23523890
15941970
23488380
15978300
23502530
8001100
4125640
16036890
23497380
15969720
23481880
15973350
23479670
15972390
23479820
15973720
23483080
15967650
23485740
15984180
23482300
15973540
23479620
15979660
23496880
15958850
23480360
15975090
23482390
15969270
23483480
16028730
23503760
16041160
23504610
15989190
23502010
15972800
23498440
15986440
23510690
15967730
23511150
15982440
23503890
15975410
23500390
15977950
23503710
15972090
23503950
15996070
23502800
15983920
23513360
12138370
23520070
15983240
23487970
15968320
23485600
15979590
23483320
15968570
23491430
15967480
23484610
15988530
23533220
15980790
23496430
15973440
23492610
15959540
23479750
15973730
23480970
15973780
23479730
15969210
23484110
15968120
23483080
15988440
23483110
15970030
23479140
15973840
23494360
15958570
23482580
15972420
23496710
15965330
23484740
16142360
23487300
15962920
23485140
16018580
23500060
15978530
23498390
15988050
23511940
16011280
23503130
15980040
23507020
15973900
23504240
15972890
23508960
15964410
23503510
15987320
23503840
15978840
23515720
8024140
23509080
15971690
23495290
15981140
23500420
15973370
23483040
15965700
23484210
15975220
23482330
15986610
23481430
15978630
23487010
15972840
23647800
15851510
23491730
15977440
23481050
15976700
23501280
12080700
23485150
15975200
23485110
15985340
23488260
15967310
23480670
15973870
23494990
15962790
23479220
16001260
23487460
15967900
23481280
15968310
23486910
15963690
23484190
15990800
23486290
15969430
23486050
15968920
23517030
15961810
23495650
15984920
23502660
15974970
23499840
15988110
23504600
15965890
23499400
15994530
23503090
15976420
23498980
16012800
23520770
15975970
23500390
15978230
23500320
15982480
23502640
15978470
23533870
299630
16086480
15441390
4103360
16043570
23478850
16017250
23492080
15961020
23481890
15980000
23477040
16179710
23522030
15953500
23482370
15968330
23480470
16005370
23485840
15975050
23474850
15989750
23488580
15971510
23491270
12062510
23480680
15976710
23478390
15978800
23481440
15976310
23477970
15986690
23473200
15988150
23547640
15932760
23479750
15978880
23465990
15989430
23501830
15973250
23482700
16000160
23482620
15994960
23526860
8062340
23487400
15999950
23478420
15994850
23496880
15979660
23481310
16003140
23475210
16014410
23483800
16015380
23518830
12099590
23478060
16019500
23489860
15994120
23483230
15986410
23479940
15974790
23469610
15990350
23465050
15998190
23469490
15994790
23471040
15984850
23519310
16000970
23481560
15977950
23465360
15988790
23484130
15987780
23467640
15991040
23467980
15990900
23468400
15989360
23468810
15983360
23468700
15997590
23496810
3999110
4262530
16046040
23481730
15973830
23471130
28039720
27904180
23957170
75640
15897200
23482000
16057000
23515200
15997560
23498240
15987040
23491060
15991230
23506620
27941940
12052310
341860
15520
77970
24114360
99220
27925710
31983000
19911520
4080860
20068090
31988220
19914670
357710
28023940
16368680
8031560
28002590
27944430
80580
27844030
24021190
27930500
77620
27890830
23993110
27947670
188990
19783860
31976970
19889970
4056140
27920730
24017640
27950060
75550
27834170
24022280
27976530
102010
27836120
24069590
19911920
4055710
27922970
24026410
27929280
73180
27874450
24015490
27940040
80630
27839140
24024310
27934620
76090
27860230
23994330
27962920
136240
27790040
24010350
27917950
113200
27847090
23986080
27938660
109380
27829810
24011700
27919400
112050
27858430
23987580
27921870
117480
27834950
24040000
20015340
361040
28032460
23993890
27925440
104290
27842370
23999110
27917050
75200
27884270
23995050
27958580
99070
19922000
24025100
27927070
77350
27915730
23957380
27914700
98090
27823180
24012220
27941780
73380
27901690
20050900
19929450
4052120
27922120
24041550
16051590
31896340
82180
23950420
27954690
77220
27838970
24037180
20015830
12009080
19977830
24002370
27932620
83040
27847690
24020710
27948370
140940
15861550
31968310
19908760
4092310
27908990
24010340
27934700
99570
16157970
12077960
31955050
24011080
27944350
118360
23944670
23975690
27933710
115790
27829830
24009310
27920340
87670
27862190
23996960
27933450
106150
27833440
23996420
27944300
129170
27822500
24005240
27945010
75830
27843260
24011590
27965470
137680
27797990
23994180
27931380
77380
27849930
24006710
27943220
74510
27872870
24005760
27949490
70770
27891880
23993620
27938940
73530
27868490
24012300
27943910
82120
12112310
12054500
31958750
24036630
27944400
96730
23945060
23996230
27949200
80230
27875930
24108300
27817990
105650
19951390
23972910
27922730
113200
27858520
20065380
19921680
4059790
27929930
24001740
27933790
109370
27828390
24003650
27929120
116360
27849820
23985040
27924120
113270
27842250
24005320
27911110
86700
27821810
24016610
27947140
75210
27860320
24003870
27936990
82200
27849310
24053370
27886730
124310
27811450
24003890
27938530
75490
27864520
24069910
19913510
4066230
27905290
24020340
27941440
73540
27881750
24001910
27934850
73720
27874010
24017100
27935700
74880
27845970
24016180
27942970
74890
27843430
24016650
27936280
74130
27952920
23937580
27926350
118320
27827290
24011050
27918580
112270
27885590
20063460
19906170
4082210
27897550
24030720
20062310
71140
27867130
23981370
27929220
119200
27830250
24012030
27912250
122380
27834690
23996970
27942290
107340
23935700
23995060
27937800
75520
27880840
23996270
27946120
82190
27862120
24110380
19880970
12016400
19947910
23986840
27968220
90580
23949340
23996480
27944480
73000
27883250
23998320
27940220
74640
27869300
24017520
39926810
76550
15868510
24024600
254720
28091280
15915740
24023570
15921100
24040000
8002900
24164400
8025180
16022410
11963760
15969740
23519170
15965240
23499640
15979460
23497480
15984040
23514630
15974700
23525080
15957340
23502170
15986360
23508970
15964980
23501770
15975000
23512460
15983600
23499490
15977700
23518440
409160
16368520
15455000
16078230
15963230
23490910
15966410
23492570
15954460
23491500
15961220
23501210
15940130
23490970
15965470
23486230
16064590
23514310
15938210
23488530
15952280
23502550
12025040
23499940
4008430
16069320
15957360
23501970
15938630
23485990
15966560
23486450
15973480
23488800
15950820
23489000
15951790
23504770
15961510
23488550
15954500
23490360
15951560
23499950
15943040
23487180
15966820
23535710
15930080
23509860
15950660
23512000
15939570
23510620
15972680
23512760
15951510
23513790
16003470
23521260
15981720
23509980
15966410
23511840
15946500
23505670
15948310
23505610
15952460
23509190
15970390
23509100
15953910
23533470
12090270
23507810
15937860
23487680
15970030
23489060
15952510
23492610
15952120
23494530
16038340
23534140
15938180
23502640
15946600
23489420
15949280
23577110
15854620
23486330
15966070
23485070
15952800
23486130
15953720
23493360
15947810
23487400
15969030
23487590
15959720
23492290
15952570
23497410
15946320
23487450
15969450
23486510
15953910
23485790
15954910
23490640
16015940
23508780
15972490
23508410
15952810
23505480
15959130
23538560
20037030
15998420
27955410
11982350
27965590
11973980
27958080
11981190
15940740
23511890
15958110
23516590
15952630
20105550
15960400
23519270
15943450
23512160
15972720
23486240
15949830
23487560
15952080
23491790
15960630
23490440
15971810
23505810
4001080
16132790
15951820
23516220
16108320
23502710
7999730
16093990
8015660
23494390
8006850
16081740
15948020
23486210
15965120
23488930
15955210
23483330
15956110
23495930
15943870
23501660
4021900
16067990
15960720
23488040
15953010
23493370
15945040
23486730
15968780
23491690
15986690
23510710
15945450
23537740
12107090
23509470
15972560
23504160
15951540
23505890
15953440
23510320
15946500
23508810
15973320
23510840
15954850
23504570
15953600
23516430
15948500
23502180
15970090
23505990
15946820
23506910
15954720
23488380
15948990
23486130
15973140
23488900
15956310
23486450
15958710
23507010
15941120
23643220
15871680
23500130
16003940
23494280
15954640
23488780
15947670
23487220
15968250
23485010
15960140
23487020
15952780
23501100
15940390
23512120
4020000
16071130
15968900
23483420
15954590
23490180
15950630
23487880
15970360
23488510
15960530
23488110
15951030
23511810
12051080
23510260
15970730
23504000
15956310
23507260
16001800
