130640 
46950 
38650 
37470 
39900 
40450 
39990 
38350 
37470 
37300 
39040 
39880 
36100 
40050 
38380 
37430 
39380 
36080 
38910 
37670 
35470 
38590 
37130 
38150 
36150 
36220 
36080 
37090 
36860 
40730 
36970 
36630 
37210 
36690 
36570 
37000 
37430 
37300 
35740 
36970 
36760 
36940 
37860 
38090 
37330 
36120 
37090 
37600 
38680 
38160 
35910 
36610 
36110 
38590 
36490 
36280 
36900 
36710 
37320 
36940 
35580 
36490 
38600 
38370 
36710 
38840 
36970 
37300 
37860 
36580 
38210 
38060 
36740 
41150 
38450 
37810 
37820 
36390 
39350 
37260 
35780 
39260 
36440 
36660 
40600 
38350 
37790 
36790 
37780 
37900 
36360 
38370 
36280 
39790 
38690 
36820 
36570 
39980 
36950 
37190 
37030 
38320 
35400 
36700 
36880 
37660 
36960 
37520 
36590 
39070 
36370 
36970 
35140 
39090 
37540 
37090 
37740 
37010 
37360 
36790 
37480 
36380 
41020 
39800 
36280 
36020 
38360 
38050 
37780 
37810 
39260 
38240 
43990 
39070 
40430 
37360 
37580 
36530 
36540 
36400 
37090 
37890 
36740 
38200 
37620 
36060 
37830 
38280 
38340 
35670 
36410 
37470 
37350 
37920 
35940 
35720 
37740 
36640 
36560 
36750 
35440 
39120 
36530 
36210 
36650 
37540 
38330 
38050 
38260 
36700 
37310 
36630 
38310 
38200 
38090 
36460 
36670 
37560 
40200 
38620 
54090 
39930 
37740 
36680 
37390 
38490 
36040 
36060 
38710 
37370 
36820 
37320 
35090 
39230 
35840 
36230 
37970 
36780 
37020 
36140 
37540 
36170 
35490 
38390 
37800 
37980 
48130 
37670 
37970 
37680 
36550 
37010 
37980 
36350 
38390 
37890 
37130 
36470 
37310 
37430 
35560 
36350 
35780 
38810 
36950 
35940 
37470 
36320 
37190 
35820 
35170 
42060 
37680 
36820 
37400 
38070 
36720 
38360 
38070 
36370 
36590 
41420 
37450 
36600 
38360 
38070 
36000 
38360 
38040 
37370 
36600 
37220 
38790 
36950 
36420 
36820 
38260 
38680 
37840 
37680 
38550 
38600 
37370 
39220 
36760 
36190 
38120 
36830 
38210 
36520 
36510 
39520 
36810 
40070 
37210 
36140 
37700 
37100 
37620 
40080 
38030 
37890 
37280 
38390 
36720 
39220 
37350 
38220 
37130 
40560 
37410 
39820 
39110 
37430 
39100 
35930 
37040 
38250 
37190 
38440 
36940 
38600 
37530 
36660 
37530 
36630 
37180 
37320 
37410 
38060 
36840 
36340 
38360 
36680 
36890 
38330 
37320 
36070 
36710 
36800 
36690 
36530 
37800 
36780 
38390 
37600 
36950 
37340 
38200 
37430 
37810 
36990 
39870 
36440 
38410 
37990 
36130 
35690 
36520 
37690 
37190 
37090 
36190 
36180 
38530 
37450 
36820 
37110 
37220 
38620 
36950 
38210 
37660 
36220 
37300 
36130 
38420 
37950 
36620 
37860 
36670 
36480 
36960 
40280 
39700 
37800 
38320 
36420 
35600 
36070 
36420 
36760 
38710 
37200 
40210 
37930 
36870 
37540 
38100 
39700 
39050 
38940 
37720 
39230 
39600 
35880 
38170 
39060 
35540 
37190 
36720 
39540 
37520 
37820 
37550 
37010 
41140 
39300 
38190 
39570 
37850 
36750 
37400 
37480 
36440 
36730 
37110 
37950 
37010 
40770 
35750 
38810 
37320 
37390 
36190 
35090 
37750 
39100 
36960 
36550 
36350 
39740 
38470 
37960 
38800 
36790 
37380 
36910 
35720 
38630 
37760 
36550 
35940 
39450 
38920 
36270 
38660 
37080 
37260 
37890 
37420 
37600 
38330 
38240 
38040 
37880 
36400 
35610 
38580 
37740 
38390 
38010 
37330 
37440 
36760 
38450 
36680 
35870 
37990 
36330 
37760 
36890 
37740 
38580 
38220 
38690 
37230 
37790 
37430 
39180 
37090 
38220 
40370 
38120 
38020 
37630 
39740 
37540 
36420 
40610 
37950 
41140 
36970 
36780 
39460 
36910 
39720 
35920 
37310 
36670 
36990 
38620 
35380 
37270 
38350 
36000 
38030 
36800 
35390 
36310 
37360 
36110 
37520 
35340 
36460 
37320 
36960 
37780 
35840 
36170 
36410 
34940 
37130 
39040 
36840 
36780 
38110 
37510 
37470 
36200 
35950 
39680 
36720 
37930 
37980 
37420 
38720 
36920 
36720 
36870 
36170 
36920 
36100 
37640 
39010 
37340 
37210 
36100 
38330 
37130 
34670 
37760 
36430 
38280 
37680 
36980 
39250 
36170 
37650 
37760 
36910 
37880 
37430 
37270 
38660 
37370 
38470 
37120 
34740 
38060 
36460 
39590 
37880 
35920 
44680 
35990 
35980 
37680 
39050 
41010 
36380 
36370 
40340 
40160 
38930 
37230 
37590 
36790 
38030 
38200 
44030 
52120 
39990 
39010 
36950 
36690 
35220 
36890 
37490 
36620 
37080 
36850 
37300 
37550 
37520 
37000 
36680 
36440 
35920 
38680 
36460 
38690 
36580 
36200 
39130 
35680 
36710 
35820 
36730 
37480 
35920 
38130 
37810 
37850 
37670 
36680 
38630 
41050 
36430 
37800 
38320 
37870 
35750 
35560 
36790 
38370 
38040 
39090 
35400 
37520 
38310 
38560 
38260 
37640 
36510 
40700 
36650 
38320 
36000 
37640 
37720 
36400 
37720 
35550 
38880 
36860 
38140 
37670 
36360 
37350 
37650 
37710 
36520 
36530 
39560 
36650 
37210 
37210 
35750 
35970 
39160 
36550 
35630 
37970 
37320 
36510 
40200 
37670 
37610 
37910 
36690 
35970 
37950 
38860 
39560 
37160 
36380 
38030 
39270 
39040 
39630 
38980 
38080 
37530 
38040 
35370 
36730 
36390 
36680 
37820 
35360 
39100 
42920 
35740 
37810 
35670 
36540 
35850 
37140 
38020 
36760 
35900 
38180 
40510 
36820 
37890 
35880 
39940 
37730 
38230 
37570 
35410 
38180 
38550 
36760 
38300 
38520 
36940 
40350 
37460 
36600 
35730 
36200 
35960 
38700 
36870 
36950 
37020 
36590 
37510 
38520 
38260 
36800 
37480 
38860 
37610 
40190 
37780 
37400 
37890 
36900 
36360 
37190 
36360 
38910 
37020 
37840 
35280 
35580 
38800 
37860 
38330 
38420 
36960 
37280 
37810 
36600 
37400 
36970 
37340 
36130 
37500 
38280 
37470 
38220 
37370 
40270 
39030 
36160 
38250 
37930 
36960 
38650 
37930 
35320 
37340 
38640 
39800 
38940 
38290 
39260 
37730 
37730 
38110 
37440 
36670 
38120 
37690 
38360 
37530 
37100 
37510 
36580 
39520 
37690 
37790 
37480 
36610 
37980 
36720 
40050 
37090 
40070 
38750 
37400 
36610 
38500 
38530 
36810 
39350 
37820 
41460 
38040 
37130 
38070 
36650 
34970 
40470 
36900 
38890 
37980 
41120 
41460 
37330 
38620 
36510 
41050 
36160 
42030 
40950 
37790 
34780 
38720 
40920 
38360 
36670 
35890 
41990 
37440 
42900 
38770 
35580 
37850 
41450 
37110 
39220 
36610 
37260 
41180 
38210 
36940 
38370 
36920 
39560 
41760 
38900 
38370 
36040 
37120 
42150 
38850 
37520 
40020 
38200 
38440 
36450 
36990 
40360 
38290 
37180 
36660 
37990 
36750 
37960 
37420 
36890 
38410 
36990 
36510 
37350 
40920 
41840 
38020 
36840 
36730 
37020 
37690 
38050 
36060 
37250 
38140 
36820 
37310 
35360 
37220 
36850 
36880 
36400 
36070 
36630 
43660 
36010 
39670 
37560 
36400 
36780 
37790 
36510 
37140 
35680 
37360 
35980 
37190 
37400 
35010 
36740 
38540 
36650 
36220 
34870 
37210 
38450 
36030 
38850 
37330 
36710 
36670 
37280 
37750 
37940 
36810 
36420 
43280 
38270 
34840 
36260 
36580 
42110 
40480 
36470 
36290 
36390 
38840 
34850 
39820 
36570 
37110 
38010 
34520 
36580 
35490 
36300 
39230 
35000 
38410 
39170 
37280 
37770 
36430 
38230 
37200 
38430 
36860 
37660 
37150 
38590 
36890 
37040 
38010 
41240 
38100 
38260 
37070 
39470 
38800 
39780 
35380 
37700 
36640 
36280 
42170 
38670 
40420 
36820 
37460 
38040 
36560 
37230 
35500 
46450 
38980 
36760 
35830 
38550 
41180 
37130 
37920 
37440 
37130 
35640 
37230 
37380 
37280 
36590 
38450 
37620 
40990 
37810 
38180 
37880 
38610 
40870 
39700 
37220 
36940 
37900 
36730 
39220 
36400 
36040 
38310 
52250 
42260 
36140 
36660 
39060 
37310 
38300 
36710 
37960 
39010 
36350 
37380 
36250 
35550 
36040 
36940 
39130 
36370 
46590 
39010 
36810 
36550 
38420 
37100 
38100 
36750 
38580 
36820 
36690 
37660 
37180 
37060 
35950 
38190 
37090 
40470 
37900 
38220 
36990 
37140 
37870 
37460 
36900 
36530 
37620 
37350 
38210 
38620 
35710 
37300 
37960 
37990 
37780 
39340 
36850 
35900 
39210 
37700 
38450 
37660 
41570 
37870 
36460 
38520 
38300 
34950 
37790 
36080 
48030 
37020 
36330 
38030 
36900 
37090 
36210 
37450 
40040 
37640 
36750 
37610 
36990 
35900 
39360 
37250 
41120 
37430 
36880 
37940 
35820 
38010 
37280 
38000 
37570 
38240 
37370 
35730 
35880 
34680 
36940 
36950 
36390 
37570 
37480 
37890 
37660 
36620 
36210 
37350 
37640 
38530 
37980 
37670 
37350 
36240 
37160 
37010 
36630 
36450 
36250 
40830 
37590 
36310 
36000 
36960 
37640 
35800 
37570 
38060 
36080 
38640 
36120 
36940 
36130 
35190 
38220 
36820 
41000 
36740 
37700 
38410 
35750 
38520 
38630 
37170 
37570 
36700 
37270 
36700 
36490 
37430 
38190 
36960 
37160 
36180 
36810 
38410 
36040 
39350 
42030 
39150 
42640 
35760 
37740 
35550 
37080 
38710 
36640 
37660 
36550 
36730 
37140 
37190 
38200 
36890 
36380 
36990 
37060 
39280 
38070 
36260 
35830 
37350 
37320 
37680 
37670 
38660 
37690 
38670 
36520 
36940 
38410 
38250 
36390 
38720 
36810 
35060 
37190 
38720 
37630 
37050 
36120 
35650 
39140 
37160 
39180 
38360 
36760 
38990 
38890 
37250 
36220 
37010 
38110 
36670 
38290 
35790 
35650 
42590 
38440 
39020 
40220 
37160 
39110 
37230 
43100 
38700 
37120 
38150 
42150 
37870 
38370 
36680 
37910 
38410 
37920 
38590 
38490 
36970 
38010 
37330 
38240 
39280 
37700 
40000 
37030 
37120 
35750 
36320 
36070 
37770 
38780 
35910 
37130 
39670 
40750 
41610 
36430 
37390 
36710 
37680 
50450 
42260 
38000 
36090 
37690 
35860 
37410 
37710 
39240 
38320 
35920 
39010 
36500 
36940 
37850 
37880 
37800 
37440 
37530 
38970 
40200 
36390 
37560 
35980 
38480 
40190 
36930 
38150 
36770 
36980 
38890 
36330 
40930 
36320 
36860 
38210 
37350 
38740 
36450 
36880 
36830 
36590 
39270 
37300 
37940 
36730 
37790 
38250 
38350 
39560 
53910 
43040 
39150 
37590 
38260 
37990 
36850 
37990 
38830 
36390 
37920 
42070 
37780 
38150 
37700 
36370 
36780 
38380 
37690 
37510 
41200 
37730 
39840 
37770 
38300 
37400 
39180 
45700 
39730 
38480 
38010 
38020 
37900 
37060 
38700 
34780 
37040 
37060 
36890 
38730 
36670 
37030 
36940 
39430 
38900 
40550 
35680 
37180 
36410 
39260 
41750 
37010 
37010 
37490 
37410 
37400 
35560 
36480 
35930 
37500 
37150 
35960 
38290 
37800 
36820 
36820 
36510 
36300 
36490 
40860 
38020 
36520 
37040 
37630 
38520 
37110 
39500 
37780 
36930 
38750 
39040 
37730 
38460 
36680 
36960 
38040 
37300 
36070 
38000 
38790 
37300 
37600 
37390 
37030 
38900 
36630 
37180 
36660 
35380 
36450 
38320 
38400 
36950 
36360 
37670 
39000 
38040 
38530 
37130 
37090 
37960 
36300 
40460 
38650 
38210 
38520 
37420 
37810 
37330 
37650 
37220 
40610 
38130 
38930 
37340 
37640 
37960 
39010 
36760 
37160 
36910 
36400 
37640 
36950 
38320 
37350 
38470 
37340 
39530 
36850 
37330 
37310 
36550 
39080 
35290 
36950 
37720 
38860 
38400 
35670 
38110 
41090 
40240 
38040 
36890 
36990 
35840 
36770 
38680 
36600 
38930 
37030 
37070 
35640 
37570 
36800 
38800 
40200 
37640 
39290 
37470 
36960 
38140 
37150 
38030 
36820 
36790 
38690 
39460 
36870 
37290 
39220 
39360 
39170 
36860 
41150 
37230 
37600 
39140 
36860 
39210 
36160 
37910 
38940 
36570 
38370 
35400 
38280 
39770 
39040 
39440 
37580 
38640 
37370 
37190 
37550 
50620 
41160 
38370 
36840 
38000 
41230 
37960 
38490 
37760 
37510 
38420 
38460 
36650 
37780 
38950 
38840 
37880 
40200 
37370 
40660 
39010 
39600 
36430 
36980 
38160 
36390 
38960 
36760 
36230 
38590 
41030 
40230 
38160 
37850 
37850 
36280 
38070 
36970 
37680 
40310 
37060 
39800 
36760 
36720 
36830 
42290 
39050 
39490 
36610 
37520 
37250 
37610 
37900 
36460 
38960 
38360 
37210 
38410 
38110 
38720 
38100 
37740 
38610 
35840 
40000 
38150 
38700 
37930 
37940 
36710 
39290 
38500 
39710 
37900 
39000 
37540 
38350 
47980 
39170 
36690 
40150 
38810 
37770 
38390 
36550 
36960 
38300 
37310 
36970 
38020 
37140 
39500 
37530 
38910 
37960 
35370 
38260 
37320 
39140 
36820 
36430 
37720 
37470 
36970 
37730 
37150 
39360 
38120 
40250 
37330 
37490 
36630 
37060 
36330 
38240 
36980 
37320 
36770 
36130 
37040 
36860 
35820 
38210 
37950 
39240 
36990 
37340 
36990 
37440 
38420 
37750 
38420 
37860 
37210 
36490 
36630 
37940 
37120 
37710 
36820 
36990 
38270 
37820 
38500 
38820 
40660 
38310 
37880 
37020 
36970 
39130 
37400 
36080 
36900 
37950 
37000 
38170 
37760 
36250 
37410 
36940 
37550 
36580 
36570 
38760 
38720 
40100 
35920 
37290 
38370 
35500 
38650 
37180 
40510 
36140 
38470 
41160 
36320 
36890 
37270 
38360 
40570 
35990 
35850 
36040 
38920 
37520 
38350 
36920 
37990 
38370 
36270 
39160 
36330 
38560 
37510 
37870 
35980 
38070 
37810 
37190 
38560 
39910 
36970 
37720 
37360 
37930 
38820 
36990 
40430 
36400 
37880 
37650 
38030 
37280 
38220 
38080 
38210 
38520 
36210 
37310 
38590 
38050 
39560 
39350 
36680 
36270 
38020 
38220 
37010 
36910 
36510 
38460 
38470 
38910 
36300 
36780 
38790 
36610 
38110 
36540 
38210 
38170 
38690 
39340 
40710 
38020 
39550 
37400 
37810 
36800 
37280 
38050 
37610 
38860 
38770 
45420 
38280 
37460 
37790 
36910 
36080 
37340 
42150 
38470 
38380 
62150 
40760 
39230 
41670 
39480 
37910 
38400 
37900 
40280 
43910 
37150 
37470 
38090 
38360 
44020 
41610 
38340 
38020 
42000 
41180 
38380 
37960 
36990 
40450 
40490 
40500 
37490 
37350 
40740 
40590 
42160 
39070 
37460 
41100 
41010 
40570 
39920 
36550 
38520 
38580 
42170 
37940 
39970 
38770 
41210 
41390 
39400 
36840 
36760 
39140 
38870 
41240 
38730 
38390 
37340 
39510 
42350 
37840 
38000 
37250 
37440 
38210 
35740 
38260 
36240 
37530 
38380 
35870 
40360 
37580 
36410 
39030 
37580 
36750 
36650 
37900 
38440 
37670 
38010 
36950 
39940 
38380 
37300 
38690 
35770 
37340 
36680 
38660 
36780 
38870 
36720 
38710 
37890 
37980 
36790 
36650 
38530 
36580 
38710 
36930 
36800 
39170 
37720 
37460 
37920 
37510 
38990 
37590 
40090 
38660 
37610 
38770 
37340 
37800 
37180 
36340 
38730 
39190 
43990 
36630 
37310 
37340 
38680 
37830 
36790 
37030 
39190 
37990 
37440 
37320 
36160 
38480 
38380 
39620 
37580 
36560 
37280 
38350 
37850 
38150 
41590 
36960 
37050 
37610 
43690 
39740 
37870 
37310 
37370 
38020 
38720 
38380 
38000 
37320 
37040 
37920 
36420 
37070 
37850 
36460 
40590 
36290 
36610 
39630 
37390 
37210 
38140 
35490 
37020 
40830 
38430 
38100 
36080 
37130 
37650 
37550 
38080 
36840 
37060 
38140 
40220 
38630 
38000 
38780 
38440 
37410 
38930 
36760 
36700 
38630 
37160 
37640 
38350 
36660 
39000 
38130 
38830 
