11587330
11581120
11603160
11584200
11593690
11578120
11583780
11578080
11581410
11581010
11582570
11576900
11582650
11575650
11587630
11579100
11671980
11627620
19617320
31630560
19978770
27907380
87700
31664550
19942600
27907630
87760
31631350
19968720
27915080
87930
31632580
19973250
27903150
84860
31626300
19986090
27911310
88940
31639120
19956840
27922140
79850
31619730
19974760
27939770
83790
31618800
19974710
27924180
73010
31682530
19937950
27891040
87410
31610530
19972800
27942430
73280
31618070
19969580
27934440
75330
31615900
19972400
27930080
71270
31605890
19988990
27933480
72490
31606370
19977120
27939090
71630
31612090
19979570
27931100
73030
31616990
19967640
27933920
71120
31632850
19990130
27897690
92940
31634550
19974160
27912130
91030
31631070
19971110
27909730
87700
31633110
19968400
27907270
86690
31637110
19969400
27907700
87800
31635070
19965760
27914460
88130
31628590
19987140
27897170
77090
31609820
19976620
27935480
82830
31618750
19979130
27928980
76590
31707850
19893730
27884600
93740
31610490
19978790
27933890
72420
31617110
19973940
27925680
70960
31613760
19978170
27933820
72410
31620940
19966480
27932510
67420
31609700
19982040
27930510
73510
31619860
19968000
27929770
77040
31618130
19967460
27933620
96190
31650530
19944580
27916040
83760
31632530
19972310
27909620
87950
31632650
19976060
27908250
87280
31630660
19989390
27911850
91350
31634280
19964970
27912270
90920
31638790
19967000
27911050
89230
31632150
19960560
27913950
86060
31619250
19972300
27933900
75150
31608610
19998320
27908990
82500
31615070
20037750
27875850
100680
31623030
19961650
27931210
73160
31615390
19977860
27931530
172690
31611550
19970270
27952850
72820
31619230
19965720
27935470
71110
31614700
19968410
27931370
71340
31627360
19971070
27922800
73960
31614710
19971910
27933380
74720
31661220
19938880
27920550
88410
31640680
19967240
27905550
83320
31632070
19973450
27918170
86770
31629120
19968390
27921850
84170
31635670
19974800
27909580
86210
31632540
19968740
27913740
83120
31627400
19973000
27926420
81710
31623770
19964110
27931160
71810
31616520
19967970
27937900
78550
31616430
20039090
27866340
95670
31621280
19967090
27933380
72950
31608100
19976160
27937110
71330
31610480
19971120
27936960
68360
31612810
19969740
27932590
69940
31613870
19971320
27936040
71050
31605020
19979770
27935710
75290
31615260
19967050
27938750
70560
31702590
19909250
27903680
81930
31636850
19968130
27918720
84990
31637800
19970990
27921110
90100
31635580
19967290
27917600
88080
31639750
19967440
27908540
84940
31631060
19974540
27919500
84390
31623510
19974860
27930680
91300
31619580
19967310
27936930
72730
31624430
19953000
27941060
77660
31617330
19969200
27955330
111230
31630210
19955850
27928220
73570
31612590
19969510
27935650
73480
31616020
19965560
27934810
71210
31610470
19973740
27937240
72880
31609280
19977510
27946670
80380
31613820
19972720
27935860
74670
31618020
19977570
27915850
77170
31614690
20024720
27886130
266370
31633350
19967860
27911110
86370
31636230
19963170
27910740
87720
31634980
19958410
27913720
85570
31636550
19977060
27901940
86580
31630140
19963650
27923490
84280
31630680
19971130
27913670
83870
31616420
19973700
27926950
74360
31609640
19978720
27936030
73070
31613080
19975600
27962150
129840
31637870
19954800
27919780
75520
31617790
19967640
27933040
73800
31616410
19972570
27930660
72030
31612330
19980550
27928700
76680
31638780
12030560
27947730
80500
23927030
27982910
27911450
83470
23922230
27974620
27927150
81070
23911320
27992390
27911060
99960
23893620
27954240
27907080
96510
23916230
27975770
27898930
94420
23908150
27969740
27915640
94080
23888560
27964720
27913460
98800
23892010
27963120
27905310
97040
23913110
27976430
27901530
96370
23915540
27937390
27931760
81930
23915750
27969900
27930430
88900
23920650
27951050
27982240
157430
23812590
27940740
27892310
84870
23912730
28015500
27896680
90360
23912280
19947360
27937950
74960
31609330
19981850
27930950
71500
31613820
19970640
27932350
71890
31614360
19971520
27937790
71760
31611480
19974960
27934080
74300
31608900
19978660
27948610
96670
31631340
19963070
27916690
82120
31627920
19934090
93370
19614840
31642350
19952200
27921100
88790
31681010
19937650
27904980
89200
31639600
19958940
27915550
84170
31633660
19969170
27912230
85310
31647050
19941820
27927580
71790
31617070
19974510
27931940
73210
31630710
19951530
27929500
73740
31666010
19938360
27906250
80310
31622960
19962270
27931110
72410
31616680
19974510
27932060
74960
31618450
19968490
27929060
71340
31608450
19988450
27926970
72170
31607750
19978490
27933210
241970
31611760
19980490
27929280
76590
31611390
19968640
27956190
99580
31630670
19982930
27910150
86800
31636130
19958100
27927330
98080
31634450
19969600
27909740
87700
31633580
19961070
27916470
87510
31636310
19970810
27906400
86970
31633010
19962260
27917580
86630
31628680
19983330
27896410
74720
31617340
19971490
27931040
76190
31623390
19975630
27922840
72960
31685130
19921360
27911820
86690
31610310
19983660
27928800
72350
31608650
19980500
27930240
72610
31614980
19977120
27931680
71840
31608570
19977920
27932850
71920
31640650
19956290
27919140
75500
31619140
19966970
27935210
76370
31609820
19981820
27931920
74860
31631940
19964690
27914630
89910
31630300
19962550
27926180
85170
31630250
19969770
27908100
85930
31626520
19985370
27910900
89270
31630760
19964380
27917610
85580
31630040
19970180
27911930
88940
31632100
19976110
27893330
74930
31607450
19984080
27930970
74650
31611610
19982450
27925600
72170
31698570
19928000
27896370
97850
31624640
19961810
27930070
71880
31607570
19985260
27931110
71990
31610180
19973680
27938650
73350
31608960
19978310
27932720
71500
31617920
19967060
27932120
71620
31617530
19995330
27911800
86530
31612760
19978670
27928520
74320
31660000
19950130
27903890
88040
31815000
19787040
27914260
85440
31637650
19971920
27908990
85090
31631240
19964630
27918140
87530
31634840
19967320
27913230
86490
31632800
19963550
27914730
87560
31628700
19969690
27915010
84700
31613170
19973820
27932500
77020
31627210
19970290
27928280
76440
31623920
20036030
27862320
95670
31622950
19967330
27933210
73320
31609830
19975310
27935610
73170
31612140
19976060
27930820
74120
31618090
19980040
27918220
78760
31617300
19976200
27930370
71220
31607630
19980200
27931710
74740
31615680
19972250
27933350
73120
31678680
19916540
27916690
85480
31628760
19979050
27910000
86260
31637350
19956740
27917380
87350
31629390
19971870
27918940
97020
31634770
19961050
27919620
87970
31638310
19964990
27908730
86860
31632350
19961770
27921260
89210
31628510
19963760
27925740
75680
31621300
19964010
27936620
78350
31626750
20050360
27855590
101710
31622600
19960170
27934780
72040
31608260
19981610
27933080
75450
31609240
19976980
27932770
72130
31617230
19971450
27937770
71650
31607940
19976390
27940330
71720
31613220
19975510
27932990
73830
31638850
19961810
27907360
67100
31692340
19938920
27894270
91540
31638340
19957460
27924220
85810
31631840
19972110
27912220
88110
31632770
19979630
27909300
85760
31643380
19954680
27913860
90590
31629590
19965410
27919070
84820
31631460
19970480
27922510
95660
31612180
19971540
27936230
74660
31617580
19972490
27935590
74730
31617160
19966340
27961630
132590
31631920
19956110
27926470
70980
31617740
19970180
27929890
72240
31615490
19972640
27935780
71380
31608620
19976750
27936090
73480
31608350
19981560
27936740
81510
31618960
19967960
27931000
73590
31627450
19973800
27917700
72840
31618050
20009950
27894910
258450
31630470
19969670
27917750
85860
31637170
19960000
27916010
86250
31631440
19973950
27905690
86900
31628270
19963440
27929840
89020
31632380
19975540
27906370
88110
31634580
19956820
27915510
86090
31626440
19959930
27935140
69870
31617900
19969290
27930780
74370
31613840
19976030
27959250
135730
31655000
19937170
27911400
74230
31616740
19968200
27936280
72410
31618490
19969350
27928440
72630
31608260
19976970
27935090
76290
31609400
19969090
27937690
71920
31612760
19975670
27931190
73620
31610720
19979610
27928640
74530
31610060
19979110
27944850
91850
31638130
19955980
27920010
85340
31637110
19966560
27905290
85700
31641740
19955730
27913780
87080
31628890
19972430
27916280
88410
31633520
19956860
27923260
98990
31639780
19963190
27910840
85600
31639100
19950660
27932630
74780
31610970
19981790
27926900
73130
31616240
19967480
27993700
160260
31662890
19943800
27903340
76840
31611860
19973890
27932110
73360
31607110
19988480
27924520
72200
31610470
19970270
27935270
71490
31613110
19973270
27934530
146520
31616920
19970550
27936170
66640
31610640
19982090
27924600
74810
31612880
19969980
27953280
97150
31635330
19965900
27916910
90780
31640960
19956090
27914220
86270
31633300
19970790
27907080
88440
31641680
19955060
27909390
87610
31637330
19965590
27912200
87420
31640160
19958190
27913280
88310
31643600
19937020
27930410
70120
31614870
19968830
27930730
71710
31625740
19967920
27926120
74520
31673680
19929220
27912810
78050
31612400
19975880
27931790
73020
31621800
19963700
27932450
71560
31614110
19972950
27940750
74240
31614870
19970270
27934070
73250
31608530
19979530
27934050
75730
31613350
19992790
27906590
80030
31624020
19970610
27944930
94170
31635140
19959680
27919960
88620
31630050
19966100
27914960
87010
31648500
19955040
27905850
86860
31638460
19963960
27908290
87890
31634630
19959230
27916230
86780
31629610
19970160
27909770
76890
31632460
19958510
27905600
71170
31618700
19970380
27929340
72730
31623850
19964990
27929890
76370
31681050
19934770
27893480
89120
31611510
19987090
27914720
73810
31622950
19965460
27930420
71800
31614580
19976830
27925810
72390
31609440
19978480
27932750
71930
31611130
19980990
27926900
72040
31616570
19937410
78050
19603780
31618290
19965210
27929910
74620
31643970
19960790
27908200
88800
31635770
19947280
27926120
92710
31638730
19965860
27910780
85600
31643480
19952320
27915830
88370
31631660
19977600
27903720
87120
31632620
19961140
27916510
85270
31641930
19975560
27889840
74400
31610000
19976180
27930870
72950
31608640
19987370
27925020
77250
31736940
19883480
27878810
99490
31610640
19980740
27931360
70180
31609900
19973330
27935530
70020
31617610
19972500
27928900
71860
31615960
19966560
27935280
71320
39602560
31950090
76250
19909360
27949850
72170
31609340
19986310
27935250
76800
31614920
19967280
27957490
92440
31638400
19969930
27899750
85900
31640600
19965040
27918480
86410
31629170
19978870
27910000
88470
31637170
19958820
27922540
86880
31633720
20010990
27995500
95860
23920480
27969510
27896870
95090
23914610
27949410
27919290
78700
23930380
27962150
27932880
80170
23929420
27964330
27984360
169850
23797580
27914680
27907460
124720
23861750
27979490
27922520
77670
23924060
27965540
27931210
81190
23924260
27968000
27928660
78410
23927650
27975760
27921390
83020
23915500
27974700
27926550
78930
23924100
27965940
27927890
82590
23922880
27966660
27979260
118810
23865000
27934670
27914150
97930
23909350
27968900
27910190
97450
23936530
27935620
27916650
96630
23990510
27875420
27906770
96940
23916010
27957290
27918640
95940
23908250
27970470
27907890
97020
23920660
27939290
27910040
81310
23927060
27966890
27924650
80810
23923600
27990780
27903600
83410
23973430
27940400
27893750
90470
23907400
27961140
27925070
80670
23932610
27965330
27925060
79070
23925300
27967290
27927510
77160
23925510
27972580
27927100
79890
23937970
27960320
27922700
81060
23931050
27985200
27896480
85660
23918520
27969990
27946450
136360
23852340
27971250
27906330
96360
23915820
27948700
27919120
95950
23914020
27972870
27895860
92800
23928320
27949640
27918290
102100
23906310
27968150
27913750
95590
23917890
27949360
27917760
94100
23921960
27965740
27896080
250960
23752950
27973150
27920760
84640
23914490
27984560
27916350
81810
23986210
27922540
27895850
94540
23898800
27968380
27929720
93380
23906160
27968320
27920190
81080
23921090
27978540
27927160
80140
23918730
27963530
27931500
81430
23927480
27976300
27917720
79210
23927170
27969840
27921900
83130
23926630
27963360
27922670
81970
23979860
27921120
27918320
100240
23915710
27968320
27912460
94970
23910010
27974780
27911500
95930
23911000
27978860
27912560
97280
23913200
27959280
27916460
97640
23923510
27970160
27910540
97150
23906170
28008880
27859340
82420
39929610
23923690
54520
27942750
27921730
81700
23923060
27979290
27945140
150830
23832720
27951950
27913370
83650
23905230
27971590
27922130
80930
23926870
27969990
27929160
83280
23909570
27983830
27912870
80290
23932230
27966280
27935970
79140
23906050
27974800
27923930
81880
23927190
27966220
27921630
81000
23920980
27978330
27934420
104450
23876870
27972300
27909800
94620
23891590
27964610
27934350
115450
23872730
27961710
27907200
95260
23914590
27976960
27893530
95670
23915630
27983360
27894240
96190
23891930
27971470
27904160
109940
23889550
27949450
27907900
81770
23926890
27930770
84690
16041190
23989520
27970990
28011310
145960
23790940
27933590
27896340
83920
23918540
27965890
27923960
81050
23918650
27979200
27914730
79850
23926460
27969620
27934850
78720
23912400
27978580
27933930
79890
23905370
27978330
27924160
82980
23920660
27981480
27908850
81850
23928210
27964380
27959010
117080
23898140
19935140
27912330
88890
31631250
19968040
27921750
96930
31653110
19941020
27908360
88350
31644600
19955550
27908380
88130
31636850
19967440
27910740
86610
31628920
19972650
27923310
88450
31645130
19932570
27927440
75920
31615570
19972960
27931250
242900
31620610
19969410
27926850
75650
31669690
19939140
27903950
88830
31611780
19971520
27931990
72540
31614440
19972520
27931990
71810
31639420
19947050
27920430
75410
31609260
19985330
27922510
70900
31618500
19974280
27921090
73550
31627250
19962880
27923650
75710
31620530
19965220
27941360
80700
31631710
19970080
27910770
89470
31648520
19946240
27913130
86020
31638950
19964290
27912790
87830
31631340
19960740
27923150
86370
31644940
19958180
27911480
86940
31633350
19955880
27915650
87440
31636930
19975550
27895700
74950
31614500
19975820
27929930
78290
31615470
19939910
78830
19597030
31684550
19876540
105450
19613980
31618300
19973080
27938070
81680
31615350
19967750
27933800
73580
31610170
19977690
27934210
72360
31615440
19970210
27929110
73410
31607140
19980510
27937380
72120
31612180
19972030
27939740
75510
31610390
19977050
27932820
72740
31639100
19958160
27910900
85240
31627580
19986940
27904630
86890
31638340
19964520
27911130
88560
31627940
19977730
27909320
85130
31647120
19953670
27910660
85220
31627890
19990220
27903690
88350
31683890
19923550
27902360
89060
31617000
19982050
27917610
76170
31611240
19979420
27927810
75470
31647750
19990220
27872540
94050
31614950
19969520
27935920
74110
31611070
19978810
27929430
73050
31615080
19966270
27934210
76690
31612190
19976660
27939430
65010
31607230
19979690
27931600
72790
31607920
19984270
27936070
77640
31627190
19924600
76730
19598820
31649040
19956850
27911300
88210
31633500
19960350
27950440
112330
23940430
27955300
27902850
93040
23893090
27998210
27896500
91150
23899700
27987510
27913210
90860
23865620
27991190
27911910
94250
23865880
27982470
27907080
93940
23872090
27992960
27914770
80980
23903210
27990790
27927210
79060
23892500
28043650
27890750
117880
23834480
27978610
27914880
78590
23908580
28006670
27898930
76670
23911130
27985360
27932260
77690
23893020
27990240
27920160
74900
23918280
27984440
11940230
81370
12042120
79860
12058590
84750
12041550
76330
12041600
86040
12038510
71500
12070640
96420
12056730
89110
12049850
97790
12056530
91830
12070140
92180
12052990
91770
12058060
95980
12054320
90970
12062080
90690
12054260
92370
12053040
98960
12059160
92400
12068280
93790
12045080
76690
12043300
78480
12047940
77150
12050400
76170
12049950
79000
12149330
115980
12037010
83840
12051830
70000
12040390
71440
12042910
76140
12039130
72370
12044660
72620
12048130
77810
12036920
76470
12042550
74570
12050910
76470
12038770
73910
12040300
79350
12040330
76630
12043770
247990
12042870
74900
12034070
98360
12050510
93390
12059260
94260
12045570
91570
12068430
96490
12048950
84940
12059480
85190
12048680
90400
12040980
100090
12052620
92200
12059570
93810
12054310
93210
12045950
95660
12032180
78060
12045010
75320
12044100
75190
12039790
80850
12048780
78950
12067070
164480
12058860
92520
12040670
80000
12039740
74380
12048210
73620
12038860
73660
12035410
80490
12039130
80100
12054350
77130
12041360
74550
12040770
76380
12040760
75490
12048450
75020
12042150
76820
12034900
78960
12039970
