72781
24150
23460
22260
22831
23991
22840
21970
71131
39070
32990
25260
22410
22140
21910
21881
75621
75590
75621
71161
71851
72081
73601
72621
74821
73871
73341
71740
72140
73051
71541
72981
75431
73731
74941
75451
76101
73770
74241
119101
85981
88441
88481
91341
91961
86011
90062
86331
89281
87991
87351
90891
87691
87581
89891
90611
85851
89761
91051
92171
89271
85241
89051
90671
88811
96672
85811
73570
72811
76261
74121
72861
74291
76421
77071
75591
142441
134141
104151
82971
75941
72961
71631
71291
74991
73541
73571
72160
72920
75421
71431
72381
72241
73831
72381
74221
72621
72800
71420
73431
73121
74571
75911
75781
74621
73461
76671
96391
86571
88311
87251
91961
86891
86441
90191
90082
87082
88052
92801
89321
88161
90441
89341
86401
88301
83571
90472
91621
90411
89861
87761
88591
90581
98381
78551
75781
73161
76851
73770
72831
70801
74391
76671
79381
144601
131501
101922
96212
81280
73391
72311
73351
74491
73951
74041
73781
75951
75551
74681
71760
72111
71331
74001
71651
72351
72521
71871
73581
73981
76951
73071
74211
73921
74141
75231
71461
124121
90842
91961
93901
90191
100521
97521
92301
92891
86791
86971
89651
91381
91741
88541
86211
89481
92331
88141
91131
87661
89951
87912
88901
90451
88391
108391
78921
74991
74721
72481
72941
73501
74580
77901
73821
73151
146892
122952
100491
77791
71921
72261
77881
71580
73631
72041
72511
72811
73371
71151
75561
73201
74350
74591
72931
73461
71791
72541
76621
72541
76371
70531
75980
73371
74551
74361
76081
118932
87881
87281
91191
88751
90981
89121
86781
89591
88531
91341
84651
90771
88421
87911
91211
88511
90311
91931
91141
86141
91541
92662
91151
88281
90751
105661
79781
73871
73331
73511
72701
72091
75681
81230
77300
74780
144502
128452
109061
86941
76231
72671
73781
75591
74300
71660
71171
73291
72711
73781
73391
71501
74171
72241
74010
71350
71891
73861
73511
75731
74531
75651
75971
76061
76171
72780
74041
73031
120992
91041
88791
86261
88901
91042
90431
90261
89111
88931
89431
96541
92441
87001
93281
88281
88481
98941
90241
89011
89331
91311
95231
88431
90111
90891
104321
81471
72270
72711
75061
74801
78041
74631
75841
76821
75220
147532
118521
96991
83621
75041
75851
74351
72921
72701
71361
73910
74190
73111
71931
70951
73521
73251
73321
70361
70321
75130
73730
73371
72581
73161
75291
74961
74521
75201
74321
72260
122631
91481
87661
89681
87301
89691
94631
86551
90261
87941
89481
90981
88711
86831
92421
90981
88671
88221
85491
92511
90071
86341
88661
88781
91111
89141
106682
78631
70771
73621
73661
73201
74231
72151
78071
73311
76461
146771
130681
102271
87551
81111
75801
71521
71511
72501
72851
71551
73961
72551
72920
73121
73251
72781
73941
72591
72391
74851
71951
73961
73430
75361
73861
75661
74501
73961
74711
74361
80601
103491
84091
89941
92551
89651
93181
86281
90441
86941
90302
89552
86711
91271
86701
90191
90661
87601
89811
87691
88901
90532
92161
88431
90721
89461
91641
94311
75991
72961
76471
76821
74871
71830
74221
76731
76101
89361
133372
112872
91181
79811
75491
74950
71921
71981
73751
73711
73541
71151
72531
72601
72771
73381
72571
76291
74221
73591
73411
72021
71051
72811
74650
75671
74721
72241
75681
72861
75461
114882
88631
88321
90001
94131
89101
90311
87121
87881
91991
89551
93021
92251
91481
89641
89641
86711
91461
88731
91581
88961
86691
91651
88541
89121
93101
101961
79681
73021
73931
75191
75291
72811
72940
81681
76251
76301
144732
126972
105751
81151
76071
72311
73111
73790
71970
73461
71481
72681
73041
74311
73891
73081
73330
72860
72390
72001
72201
74561
82541
75361
75451
75031
73511
74070
74281
72381
76001
99811
89661
87621
91821
91871
90232
91081
89531
92671
92021
89621
99231
93681
91251
110412
95882
91581
93851
90901
92681
90911
87121
92021
91281
89571
89562
97981
84891
74321
75391
76801
73691
75101
72911
76761
80541
79391
152712
115511
101271
88321
78591
74501
74001
76941
73911
73250
73100
73161
76111
73451
73431
73741
72871
73991
73521
73360
73400
72721
74761
74971
77211
77211
74351
77391
75621
75990
80071
71141
122481
91201
92761
89471
88381
91591
91742
88531
90041
87061
90591
88571
91951
90941
88681
88771
61020
95741
94171
89051
91691
89021
88981
92311
90331
91441
98982
78600
78420
72990
72721
73531
72351
77411
79741
74221
76231
135081
117681
100961
79951
73671
74491
76561
76151
74801
72211
74071
74580
77290
76391
73331
71271
76671
74951
73161
72441
71511
75211
73801
75291
74591
74761
74901
77821
78181
76261
76951
114631
88961
91541
88261
92641
90881
90271
95751
91231
88492
90921
92371
94561
91161
89221
91141
92101
88531
89901
86341
93422
89491
90191
90921
85321
96911
103171
78591
76781
74841
78191
75511
76051
75121
79271
76031
74861
142152
128661
102242
88991
76270
74921
73551
73771
73521
73701
72741
74051
73101
80201
75510
76591
77281
77291
76821
76581
74231
77231
76421
75971
76180
78061
78751
79601
77501
75971
77541
77221
120541
91892
89351
94161
91381
93731
97301
93241
95111
89511
91652
92832
94131
93371
93361
93231
92421
92141
89231
92701
95671
93392
90521
89771
92731
93971
102191
80551
76241
75921
76271
80541
79150
77551
81881
75181
77641
158321
120442
103722
82551
78861
79591
76771
75641
75271
80381
76521
74941
74831
74861
78311
75161
75921
75851
75271
77471
78031
76321
76241
76401
78511
78391
83211
78431
78701
77301
77211
125142
90081
89431
92692
98362
96751
90871
90361
93591
93931
91601
93501
91981
94392
98161
90201
95711
96521
92381
92471
93391
93221
92701
94552
91391
93971
111241
80851
76201
74381
79211
79841
76691
73921
82141
80141
79531
150562
132982
98771
86091
79111
77591
74821
73811
72710
72881
74121
73111
73731
72941
74681
75191
74441
73851
73530
75981
73301
74961
71291
72211
77851
73971
78421
75281
76390
75821
74261
81851
108381
88651
86831
94701
92141
88591
93041
90571
94141
89501
85331
86601
91461
90081
92801
88101
87231
91131
90431
87921
90091
88961
88091
85371
93051
93602
94761
77600
73891
75801
76251
73561
73521
74111
78701
77381
85181
135831
114441
97961
78091
73501
74371
73791
74631
73801
73261
77581
76191
76231
79531
77811
76101
75851
78011
76801
77061
76621
74801
75881
79551
78591
76961
76711
79201
78371
78540
76410
112311
94761
89361
95891
91611
91971
92201
88111
90881
90311
88081
91811
89291
89931
90171
88541
88851
87381
88781
92541
89291
87131
88591
90691
92041
85831
102452
78451
75770
73920
77711
75101
74451
73821
79921
76051
75631
153972
125731
104151
85921
78931
73351
74081
76001
74931
76131
73061
73630
75850
78001
74191
72351
72741
76041
74771
76911
73881
73111
73880
73371
77511
74541
76211
75021
74411
77591
72781
101171
89781
88301
92351
87181
87771
89791
90671
92041
85331
88921
94271
90351
90641
92501
91021
88071
88391
93341
88521
88202
89221
89591
94951
91751
89461
99421
80551
75301
76141
73441
72261
73851
73521
78971
75871
77281
147572
131541
104192
97512
78570
74350
72991
75951
73641
72211
72161
73241
75361
73241
74771
72650
71721
74241
73391
73141
72501
73131
75001
73321
74861
75340
73311
77441
76101
77841
73591
73221
125831
92692
94701
89381
89671
88581
92201
89841
89171
91841
87441
89001
89642
90891
87681
91771
88941
96491
88551
90551
92071
88612
89371
91541
87171
93861
101281
80781
72711
75111
74971
73561
75541
74450
77881
76111
75581
145512
120622
98261
78261
73061
74711
78230
72981
73301
72471
74091
70981
74101
75781
72361
73231
74490
72051
73421
72791
72141
72581
72761
75041
75351
73121
74970
75700
72401
72861
74721
125472
91341
92691
87381
90002
90381
88681
91851
90081
90401
86911
88711
90691
96852
94092
90051
91151
93371
89321
92931
90631
92381
92011
87851
88861
95191
104301
83401
73141
72081
86821
78111
74921
73391
79481
76090
77191
146472
130162
102011
91451
75721
76321
74001
75061
73231
72650
73341
73701
72301
75281
73161
74211
74011
81341
79711
74901
74951
73251
74901
73341
73061
75031
74681
75591
74531
74221
74851
72741
112891
91471
91321
87671
88961
91872
93611
86771
88691
89811
89371
87921
86981
88901
91551
90081
90301
88051
89821
86601
90201
90401
87861
91071
88591
90312
102861
79040
74291
73591
75211
74301
73751
81361
79661
78561
75081
145722
114741
99981
80001
74661
73181
71091
73921
72861
73601
73200
74541
72081
73031
73331
73131
75431
74441
76971
74980
74110
74651
71351
73351
75551
74971
75961
76791
76141
76261
72991
117711
90931
93591
86911
87711
89501
88041
91081
88951
89541
88761
87031
89591
87631
96631
98471
91691
84711
91372
88621
89991
86741
88411
89141
88041
85781
102792
75721
74001
72361
72010
74191
74211
72031
76991
75041
75581
142252
137641
102501
84741
77261
71541
73701
71561
74311
73411
72121
72561
72131
76411
70910
71671
71941
72421
73131
71901
72951
71381
70881
72870
72861
73031
76531
75891
73331
73061
73981
82361
102501
88651
87451
87951
86711
85761
87641
89071
85751
88721
85712
89481
87781
90241
89271
87361
85901
85361
87071
94151
87452
92421
89781
88331
91261
84741
91011
73551
75501
74721
72951
72720
70680
73791
76011
73591
96891
144531
109052
97392
78751
73160
70940
71641
72291
75791
74931
72711
70841
72441
71871
71990
71210
72381
72181
70991
70261
70611
72651
75161
72491
73470
72920
74461
72231
72831
74501
74021
120901
87261
86971
95261
85221
87051
85621
89681
88341
85941
85951
101142
95641
91451
87011
85551
87411
89311
87541
89021
86361
91091
86491
89521
89911
86771
104451
78301
75031
75191
76451
73461
72611
73390
79141
74451
87071
148472
128382
100831
80211
74681
73051
72971
70480
73261
72091
72951
72371
72591
71061
73121
74931
74831
74000
72791
73871
71931
73341
72111
76291
76001
73361
75801
74010
74051
73381
74371
104911
92471
86441
88831
85831
90372
86031
88191
88501
91171
87741
90761
89751
94951
88771
86702
87741
87771
89711
86951
86861
90591
90191
90111
87471
86091
102521
78411
74691
72481
73051
73691
72601
72661
78171
77081
76751
137402
130301
99711
90621
75811
73691
77031
73261
74481
72761
71260
72821
71801
71341
72461
75041
75291
71131
73811
72000
72150
72191
72751
76091
74331
73911
73501
76541
77701
77390
75671
76041
119672
90281
87981
86401
88801
89591
91502
88251
87481
88351
89241
84651
90401
87521
87941
87281
90472
98921
90691
92561
89191
90631
89791
89481
87721
92582
102331
85341
72860
74921
76451
78771
78101
76281
79511
76601
75841
142912
127911
100071
80491
70481
75351
72831
73061
71171
69561
74331
72560
73581
72181
71981
72141
72361
72431
70001
71801
74391
73030
72331
71521
73731
75031
72991
79161
76531
75541
76401
112431
91541
87011
90721
87651
94041
89741
90221
88482
85682
89551
87791
91111
89201
91331
89531
89431
87021
88501
89581
91481
92911
96301
90191
92981
92041
103661
84141
73141
73281
73370
74350
74291
76571
79511
76441
77911
141451
130201
100982
89991
76891
73821
74481
74391
73431
75331
73081
73711
72311
74570
72800
73661
70651
72691
74061
74121
73531
73001
74751
70941
74471
82941
79351
74621
72101
72911
72961
73371
110782
87201
90461
93021
93081
91081
93721
90641
87061
86491
89011
87092
88171
87461
89881
90371
87181
85871
98071
98012
92632
86502
83801
88211
88341
88181
97821
77371
70421
74791
75081
77091
72500
70770
80471
76491
77111
138602
113992
100082
80661
75180
75740
72670
74531
75031
72911
72871
73001
71951
76071
74431
74590
73711
73841
75041
74371
75721
73641
72161
73771
75471
76941
71550
73711
72961
71751
73831
111872
86321
87581
87351
89431
85641
86321
88781
88501
87261
87351
84571
88561
89021
89691
89141
85731
90361
91001
92181
88551
88161
91131
86101
90711
89051
102961
79141
73061
74311
75101
73521
73381
72181
78210
76781
74011
144192
134572
107981
87721
76701
72971
73311
72461
72490
73750
73391
72271
71151
74071
72941
73741
72171
73311
73820
72460
73551
71851
73071
73001
76351
74341
74461
76411
75160
72850
77121
81271
103631
93381
89081
93941
86891
93182
90381
92521
89861
88601
89121
90111
91531
93351
89191
88792
93211
91351
95381
90441
92691
93551
92011
90201
91051
87991
97032
71280
77211
75511
73781
74321
73101
74891
76891
75401
104611
137862
112351
97381
77961
74241
73551
74411
76871
74941
74401
73410
74361
77281
75901
74441
73511
74861
74611
75531
74541
73810
75721
74591
75671
74801
75501
78421
75221
75141
75351
74560
118511
92631
92591
96431
90391
90591
91621
91632
90742
88221
89771
91121
91201
93021
90251
87991
91621
89942
93422
88641
90341
92311
92531
96461
89241
88461
104272
81461
79421
74381
73490
76031
78001
75921
79881
78141
77221
144642
129421
106831
78821
76391
74491
74351
75501
