57841
31330
25620
27420
26180
32830
29750
25741
26600
27540
26880
27520
25410
26181
26890
29760
86430
81420
83661
83961
81750
88270
85210
81910
94501
85301
137390
103730
96090
100930
106421
101451
104441
96510
100810
104790
104011
104381
103261
110020
103950
101280
104931
101081
103961
102380
100960
102840
105741
103411
100811
101860
112860
88930
69260
95221
85371
84981
84451
75660
82000
86241
80771
109421
144340
112030
102780
83560
79491
75941
78911
76780
78320
80200
76320
77001
76871
78650
75640
79600
77560
81881
78861
78181
82400
78080
79180
74551
78811
79571
90370
82010
80870
80031
81681
79941
120430
103610
102260
109041
101241
102941
104370
106680
94810
128671
119131
106681
108900
104280
110790
102201
109121
106591
103881
107860
103500
106040
105191
107111
110781
105290
115350
86640
82010
86481
82361
83391
81160
85770
87030
91591
82971
156780
131890
103500
96450
81441
82261
81781
81010
101370
86000
83980
82751
82621
84480
81690
81930
82650
83821
84201
83281
84700
81130
86090
95021
95891
85721
84810
89740
86780
89481
82781
85841
133280
105330
107180
104821
106751
105561
107841
107620
103800
106111
106601
105301
107811
104790
108720
103851
105841
104261
108031
102390
106220
104440
100911
107461
102961
104680
122850
94090
85540
81920
84871
85611
85140
84020
90270
85401
88351
154860
135000
101720
104400
96991
88591
87041
88160
81480
87690
82200
81101
98201
82861
81220
81830
80970
83591
83071
81901
82180
81840
86700
85731
82271
85051
83330
90580
84730
83640
82551
88461
129650
105160
101170
107081
104471
103681
108281
99810
106590
108650
108481
130671
104661
107200
105090
101670
106301
101021
103541
103270
106800
110230
111941
104621
105271
103631
111300
85700
74760
77220
78491
80531
83120
76920
79130
84080
82731
152440
136700
109340
101200
84260
101401
77141
78901
80350
78970
81600
78751
79921
76221
79350
74570
83630
75760
80711
77561
82800
85250
77280
78040
79651
79431
82691
79360
79970
81740
78340
80151
93661
106000
99500
111311
133491
101171
101471
102360
99150
100810
101281
96981
100721
103190
97580
102390
96830
100501
98471
103481
104650
96550
100500
100041
100441
103021
97210
104990
83450
79430
84311
81871
81850
82550
83010
100371
83321
78001
157450
113830
101400
87580
86351
77681
77921
78390
80960
78080
79710
81391
78311
79250
86450
94990
81590
77671
82191
79971
80020
77260
82080
75830
83301
78061
80880
83090
77040
80811
76541
83161
115210
100350
102960
117301
101021
99091
101571
103890
100040
101930
100681
104941
103871
99840
99630
100631
100051
97031
101201
97710
99210
107460
98001
104171
96411
102340
107430
86900
81000
79891
83861
82011
80740
98100
108700
84931
84801
151560
130780
99980
93410
82231
80411
78931
83760
75280
77340
78490
75821
79431
76271
79710
78830
78750
80141
76501
78691
79440
76090
78610
77040
78971
83131
80100
84100
97600
79900
78941
79641
120201
102200
94640
111471
100701
97531
105621
94070
99370
99580
97301
103861
96701
98690
92790
118490
110291
99431
104111
101400
99250
103460
98781
100341
99131
98941
111660
103310
75950
77010
79531
78851
81880
75900
176171
87791
88461
157940
136810
115250
101790
88860
83381
83101
89051
80500
82660
85460
80801
80571
80621
87690
79610
83380
82641
85171
78821
82320
84150
80310
120761
82701
85591
83971
89010
98900
86710
86901
87891
120050
105800
104680
108801
106901
103111
108451
106880
105900
98820
106301
99321
103111
103230
104320
107860
101601
102511
174731
104401
109440
102360
104330
104471
107901
109511
106000
99510
85460
82220
87981
83461
84131
82210
84260
85900
92381
82621
159111
116540
103170
91940
82081
80951
82501
86150
101510
82540
82500
86651
85871
80840
81300
83520
80530
82311
85131
85011
79000
78550
84120
77630
83851
79901
83610
82030
82890
85911
82341
85761
125450
105300
108250
102541
106791
106371
107261
105180
103570
103681
263302
107471
108641
102470
102400
101340
106191
112331
114731
102390
104850
103090
100331
105611
100851
103840
116480
93060
86980
83931
90101
86481
86300
87300
88300
85681
84871
152111
134540
100170
92310
80620
82521
78871
84040
79190
83250
82220
79701
81971
79871
80630
82350
83460
84561
83011
82941
83320
83170
85790
81990
79971
85051
85480
86640
82900
81780
82051
83451
136890
104870
97970
104981
103361
101531
107751
122260
110230
107990
104401
109921
106551
107620
103530
107730
107421
102761
104871
113360
106300
104300
102261
103401
101131
103541
115100
90480
79750
84971
91801
85201
88290
79870
93650
88961
87561
160080
136490
107350
98620
87030
82141
83971
84391
81530
82070
82670
78330
79471
80831
87210
80010
83680
77360
84011
81431
97210
89490
81000
83800
83051
88391
86321
84760
86890
164361
85441
82101
130950
103420
103470
105980
107891
101711
104701
103180
103300
99020
105031
97841
106501
100831
100860
106920
101331
105421
106951
104841
107090
102350
104630
103171
107191
107541
117670
86200
81580
78390
94411
85261
81240
82090
86760
84780
89141
121491
135120
116070
102100
90680
81280
83701
82721
82110
85520
80920
81570
81381
83171
84360
80150
80630
82670
81311
84121
79351
75390
232111
85510
78510
88441
80981
84700
83230
83910
86331
82541
88581
117650
107090
112010
101441
106821
106471
107570
105590
102720
105621
104861
109091
109631
101460
104240
108611
107471
100881
93971
123050
113270
105780
104831
108551
103001
105620
112560
88870
85220
81711
84471
86211
82480
85910
87010
85321
82951
156560
126310
103590
86570
84091
83771
79041
85410
77370
85090
82500
82481
82801
78671
82020
80760
82580
84791
78571
83651
81400
82520
82570
80141
82611
90391
85900
91270
84250
83580
80651
78821
142130
109260
103410
114181
108771
107631
108671
102140
104920
110611
106661
106971
101651
106520
103010
125241
141231
154631
131371
104550
106320
105240
102811
104621
102641
104671
114350
88830
75610
79210
83761
81281
81140
76450
88640
83300
83681
140621
137740
111470
95250
83940
79141
77611
95861
94590
85010
82930
81841
79831
80501
93940
79990
81900
78390
83291
79571
77230
79610
77240
80710
77831
82111
83321
82520
81580
79780
81111
102401
125490
100780
107320
101880
109341
100461
101741
102210
102420
98160
103921
96151
104461
99880
145070
107730
97291
103391
101001
103951
101680
97160
103670
103101
104391
101451
97860
99150
83420
82620
85911
83041
94441
85040
86900
80960
86261
79521
153860
116760
100820
169301
80671
78211
80331
78180
82710
81840
82990
83361
84281
86110
82070
83360
82420
81731
85701
82050
85040
83650
85510
79931
88411
83481
86870
82880
86770
90461
83681
84391
131070
105570
109300
106721
108041
105601
106471
105860
112520
107511
108041
108231
125281
106600
107630
105401
106291
105601
108541
96880
104440
104190
106781
107001
104701
107320
118160
88310
84040
84091
85611
88711
82700
223931
89960
87801
87421
157940
136880
106360
90920
80660
85941
80261
83861
79330
84660
82660
82621
83361
83971
82440
84680
84290
83641
82031
83061
81540
81990
99450
87821
88181
105831
90940
89550
91940
84560
85461
86071
130180
105000
102410
105731
105601
103001
110031
102220
104180
104421
107881
108401
108121
106970
106040
105280
111471
104761
107401
105840
105760
108370
104701
106291
106131
109851
118510
92300
78390
81051
84841
87171
86990
81090
88440
86521
89321
154061
131230
107750
99380
89690
92731
101891
92071
82360
83480
84990
83181
82891
81741
85850
79510
85700
78320
81601
81231
84421
84570
81760
87350
82201
85151
87671
84240
86280
83270
85041
86671
132990
104070
103540
108230
109651
107001
105101
102000
102780
100390
106911
102291
107041
110230
103370
107580
100481
104531
106071
251271
110540
104010
106361
105311
125281
114050
123960
89810
86720
82830
89671
87041
83151
82400
87820
87390
88941
137121
144030
116140
104080
90440
81461
82981
80731
84080
84500
80190
80100
83121
83101
82520
81110
82460
83460
84831
87091
83421
82190
81900
85120
80071
87821
84141
88630
84550
85880
89081
81171
94561
113470
105940
107520
104451
103841
126411
110881
103980
107700
105311
105861
109331
107291
103770
110020
102770
107111
111861
113821
102220
105260
104690
102991
109881
102111
106290
113880
94080
91000
90711
89261
85881
83290
85930
86810
87981
87471
157730
131610
107380
90120
82370
84971
79671
86740
80890
84620
81380
83891
85381
82431
80580
81830
92850
82441
98821
89791
84670
83540
88320
83180
85661
87211
85070
88560
159601
84010
83191
86311
133340
103580
99570
107061
105601
108341
109551
104890
105070
108541
105181
107291
107041
108030
103440
104150
106561
109711
106801
106300
105970
112611
104381
108541
102851
108740
117310
89180
79290
83290
85221
84181
89400
80110
90540
93211
103671
154241
139430
108190
96980
83990
84971
83171
84401
83100
83690
85420
81901
82771
84001
81900
82740
82800
225041
88191
81681
81340
85740
80350
84980
82481
86831
86330
87000
85090
90840
88701
90891
128570
107890
107200
102660
109811
104921
109851
103710
105080
107070
108081
102591
106371
103770
109670
109460
102551
120071
127301
116241
111490
104860
111081
107691
110081
110571
121880
90030
84620
82810
90501
85801
86831
82490
88620
87080
94281
148430
138140
113760
106590
91680
85191
84391
85271
84950
84230
83250
84590
84361
86501
82770
81540
84890
84170
81541
84181
84800
84830
82520
81860
84021
88111
81251
86310
85010
86600
95281
99831
120301
106610
106680
109881
105001
112011
105901
106650
109640
103760
106921
105121
105291
111990
108050
106410
109201
101901
110621
108081
102140
108910
112290
111771
107001
103961
108101
103250
88840
85750
73741
101021
89751
83620
91470
89380
89011
85891
157650
126640
256971
88340
82240
82901
85541
86611
78620
86420
92640
101341
90831
90680
85170
82990
86320
85061
84661
83711
81220
84590
85710
82741
83811
88001
83280
88800
85050
88010
86281
84531
130420
108400
101470
107781
106931
110551
118740
107430
108000
109280
109351
112551
104681
107460
105840
105580
108611
105301
106511
107820
103840
110890
107261
106791
106471
106871
122270
91190
92160
103681
94891
88791
97170
84930
91670
88140
92561
150081
132490
108940
92400
86410
85301
82251
83411
83730
83430
84080
84311
83371
82171
88600
85670
87100
79640
84201
82081
83870
86560
80860
82470
85921
88891
86241
84210
90840
85470
83471
84621
143070
103470
106690
103020
111751
107241
103731
106500
107370
108900
127651
110571
109141
107180
112530
109050
103411
110431
108801
105821
105220
103530
104440
106441
107131
109391
116860
87990
85130
80740
90491
238822
84211
84830
90860
87260
88141
159300
141571
104470
99330
87190
79591
82631
81541
82680
84540
80010
81960
80331
82321
80820
82250
80550
82170
80321
88391
82811
82780
82290
102420
86471
87721
80891
85030
96310
89390
90920
82701
127421
102230
106400
105980
102751
103391
103811
106641
108050
106130
105171
103221
99051
106370
102840
108660
106820
103831
106771
107961
99590
104550
102640
105401
110801
101571
120701
88390
84340
82330
81291
83841
85401
83210
84700
87200
83280
139161
130691
118200
102890
83200
101991
86631
92501
87321
77930
84860
82750
85481
83251
80241
82520
82940
80480
84200
81791
83501
82140
80670
83400
87580
83521
85061
84260
90540
86770
83590
83111
89021
115300
106150
99150
107440
103081
108331
106171
98760
108460
102661
103141
110861
105941
104151
103460
100410
112231
104541
103121
106670
100750
110670
120761
255741
105191
106241
114810
88400
79340
83290
82981
84211
84540
84900
87590
85510
82451
158821
122311
105910
87760
77690
84621
82011
80631
83260
78590
84350
82861
80231
80491
81220
79660
86260
79230
85371
79931
81400
82040
80230
81000
82511
81891
86961
84110
85470
84930
83351
84031
133410
104140
109520
116281
113141
107531
106181
106580
111440
105140
108221
102971
106921
100540
104790
108540
98491
104461
105001
103871
110100
106250
110370
105711
102731
106241
115710
86430
82380
80730
89871
84151
81111
79200
87100
84290
96251
147931
136060
104480
96920
86990
79330
81271
82701
79440
83430
78930
81750
82671
79111
83351
82170
99180
87360
81651
84321
82731
85020
90570
83160
81091
89091
79951
90210
84220
85550
85230
79681
114571
103610
103500
108880
104821
107331
104211
103101
109970
102770
105651
104821
106881
106760
103670
252421
105220
101191
105291
107121
97750
106390
100990
104941
107361
104511
119421
87200
80300
84110
83521
87621
82821
78650
108200
88410
85730
159161
136101
112590
99780
90460
91761
83911
82451
83160
78050
84020
78250
81231
83201
82431
82500
82850
80620
84211
78141
83201
80600
81490
82210
80980
83531
84791
84000
86080
81690
82790
84881
115501
103450
104390
102020
105360
103141
104981
109811
102140
106710
105050
102411
107541
108951
105830
122730
108300
111811
105791
102521
104780
101840
108730
113171
107201
102021
100851
100920
86150
80190
86621
81471
83361
88010
83270
87600
87160
80651
150011
122940
103880
87830
81340
83711
81211
83901
81390
80770
83770
80101
82711
80381
78940
85830
84120
77330
81931
80971
80270
83000
78630
81740
83601
84341
88731
83270
104400
86150
81560
83041
131811
102380
106940
100870
110981
110021
102921
254811
104160
104210
106171
98831
110931
101171
107910
107700
102061
107781
102831
101711
105540
102750
105830
103461
104731
107881
117470
87280
81830
80730
87631
84611
80711
