97210 
72210 
57220 
56030 
56040 
56030 
40400 
43500 
40270 
44600 
39670 
41090 
44710 
39320 
55500 
41700 
55520 
39570 
40610 
44700 
41770 
40100 
61270 
74290 
67480 
70530 
65910 
69650 
71060 
68310 
73560 
67390 
69660 
66070 
68620 
68500 
66610 
66690 
66860 
69970 
68180 
69190 
65890 
65040 
69220 
64430 
70360 
67040 
65350 
68490 
38760 
40350 
41270 
42030 
42430 
39020 
42510 
41390 
42250 
90000 
85680 
87470 
68410 
45200 
41700 
41980 
37980 
39580 
39200 
38930 
39470 
38490 
41310 
38020 
41340 
38770 
40040 
41510 
39060 
40780 
39960 
41010 
39580 
38320 
41090 
38880 
43320 
42180 
40620 
40170 
39620 
90060 
65760 
70620 
62690 
68830 
68390 
67910 
68130 
66100 
67790 
66110 
73210 
69450 
65320 
69430 
67190 
69320 
68240 
68410 
70380 
65440 
66780 
66180 
67760 
63780 
65110 
73420 
38370 
37730 
37010 
46930 
39610 
38170 
39160 
41870 
42730 
40760 
107640 
92630 
71520 
65200 
39990 
39060 
40150 
38360 
37770 
38660 
38170 
40200 
38470 
38240 
38630 
37360 
38130 
40500 
38170 
40140 
37790 
36670 
37510 
36920 
39010 
40610 
41860 
40910 
41120 
38230 
38210 
73950 
66890 
67640 
63710 
62700 
66920 
67020 
73420 
67480 
67860 
66680 
66240 
69210 
70570 
65240 
65900 
65640 
67440 
64700 
66560 
69400 
68220 
68130 
68740 
65850 
66240 
74880 
45130 
36680 
36490 
40310 
40170 
40140 
36420 
40680 
42630 
41240 
102550 
94080 
79390 
67790 
42020 
41410 
39080 
38670 
38180 
37640 
38030 
38330 
35920 
38250 
36710 
39180 
38690 
37860 
38530 
37630 
36340 
64260 
43100 
38890 
39630 
41080 
42190 
42440 
38340 
38320 
37820 
39890 
91030 
68590 
80160 
70090 
70910 
71570 
69510 
66760 
64050 
67100 
67370 
66090 
67790 
64810 
66590 
69020 
66680 
64750 
67810 
67130 
65280 
66350 
66030 
65940 
68460 
69250 
78590 
40550 
36690 
23480 
63420 
41950 
37570 
39940 
42370 
40040 
40660 
104490 
89340 
75280 
62590 
41260 
40700 
40690 
43220 
39280 
37690 
38770 
34790 
38010 
40450 
39760 
39160 
37990 
39510 
36940 
39030 
38390 
37060 
36790 
36050 
39190 
39330 
39390 
39030 
39750 
39920 
39870 
85990 
68350 
65990 
66580 
63790 
68200 
67100 
68440 
69530 
68450 
66340 
67090 
65160 
67320 
67720 
67630 
69220 
69220 
65930 
67710 
68230 
68010 
66850 
64970 
67400 
66730 
80130 
42920 
39460 
37600 
37790 
41460 
40050 
40620 
43410 
39560 
41460 
107860 
89810 
73810 
67690 
42730 
38980 
37980 
38910 
37810 
38470 
37940 
38080 
38530 
38360 
39450 
38200 
36990 
38020 
37900 
36920 
37950 
38970 
38320 
36290 
39750 
38940 
39690 
40430 
39030 
38420 
39760 
38440 
88230 
68190 
69510 
70690 
65660 
66420 
65290 
67400 
67530 
65590 
66320 
77250 
68580 
67300 
69780 
83030 
65340 
66080 
66020 
66900 
63400 
64380 
67750 
66540 
68590 
69320 
74370 
40860 
38200 
40880 
37600 
40040 
40820 
40990 
43040 
40370 
37730 
101700 
88290 
72370 
43510 
42140 
38350 
36190 
38160 
38140 
35980 
39170 
36510 
40570 
39040 
36750 
38970 
38360 
37060 
38870 
38100 
39920 
38930 
37080 
38010 
37910 
37770 
40850 
42640 
41380 
41470 
37310 
72130 
74080 
69370 
65600 
66620 
67800 
66440 
68050 
67610 
71230 
66970 
67710 
66190 
69340 
66930 
68120 
65660 
65690 
67120 
66360 
66140 
66200 
70940 
67940 
68400 
66030 
72990 
40480 
36380 
38640 
40150 
60520 
40070 
36480 
44600 
41410 
39300 
106180 
92530 
72390 
61620 
40710 
38240 
38410 
39190 
35400 
38750 
41510 
39520 
37370 
39070 
37800 
38260 
35210 
37460 
38090 
37070 
37560 
35870 
37120 
38880 
37720 
39790 
40860 
39550 
41000 
38080 
39260 
36950 
86470 
68740 
66390 
67870 
68730 
69300 
66270 
68740 
65160 
65640 
65290 
65510 
68060 
65020 
63730 
66890 
66470 
65510 
65510 
67420 
65120 
66750 
71200 
67200 
67150 
65100 
71610 
43560 
39210 
41360 
41240 
41520 
36940 
42660 
40490 
42200 
37250 
103700 
80140 
69390 
42930 
38450 
36440 
38960 
37890 
39200 
39800 
37760 
39880 
36730 
37130 
37080 
36950 
38020 
38150 
36640 
38880 
37000 
37050 
38400 
37300 
40370 
37680 
41120 
39730 
38630 
41070 
36190 
86710 
67220 
66350 
67150 
64580 
68340 
66730 
67710 
67940 
66420 
69150 
67660 
74290 
67170 
65000 
68610 
64150 
67950 
67020 
64920 
67320 
65330 
68340 
68390 
65960 
67600 
75450 
61830 
40520 
38360 
40590 
39540 
41910 
37560 
62440 
43340 
42250 
109180 
96870 
74400 
46220 
39890 
39310 
37870 
37850 
39240 
36840 
37470 
38180 
36450 
39040 
38310 
37790 
38540 
38640 
37190 
38200 
38050 
38330 
37610 
44910 
43670 
40180 
41720 
39240 
40450 
43040 
41470 
67840 
69860 
68410 
65860 
65480 
66970 
70620 
66930 
69170 
66000 
67080 
69470 
67930 
68090 
69440 
67670 
67700 
66240 
69210 
66430 
69890 
70160 
67140 
67290 
66500 
68540 
74170 
63510 
38640 
38950 
38990 
38330 
40660 
37590 
40420 
41190 
40910 
104340 
96390 
80410 
68650 
40790 
40200 
37990 
39390 
38680 
36870 
39110 
39840 
38260 
38470 
37020 
45710 
40820 
36670 
39710 
38230 
38800 
38490 
38440 
39170 
37320 
38880 
39410 
39360 
39030 
38800 
38450 
42820 
87870 
69740 
66420 
68230 
68300 
70350 
68180 
66180 
68520 
65420 
69080 
64530 
66170 
67850 
69300 
70450 
65460 
66570 
67820 
67870 
70350 
67330 
72890 
68110 
67640 
64960 
76100 
39150 
37100 
40690 
43440 
40280 
36740 
39560 
41380 
38320 
39050 
105990 
89840 
92410 
65000 
41100 
38730 
40940 
38270 
38030 
38500 
38150 
37770 
37740 
39130 
38720 
37660 
37550 
36780 
36520 
38290 
37910 
35960 
37370 
38080 
39370 
40210 
39900 
41190 
36580 
39140 
70050 
84090 
66220 
66790 
68590 
68490 
70750 
67910 
67760 
69710 
70530 
67840 
68690 
68570 
68930 
69310 
67770 
66180 
67510 
65890 
70390 
69970 
69230 
65790 
66790 
68070 
70160 
73860 
42230 
37350 
37200 
40360 
40210 
39780 
40360 
45390 
44020 
38690 
107080 
92900 
75670 
71200 
40440 
38810 
40100 
38470 
38020 
37130 
37010 
38140 
37160 
39550 
37440 
36380 
37240 
41650 
40260 
40650 
36690 
40280 
39800 
41580 
40960 
39530 
42920 
40700 
42500 
41470 
39180 
36330 
84100 
70110 
70660 
69620 
67630 
67730 
67340 
71760 
69440 
68320 
67710 
68810 
68170 
75030 
70960 
69690 
66930 
66210 
69140 
69950 
67540 
64680 
70560 
73650 
73190 
67530 
70420 
43220 
38020 
41570 
38240 
40610 
38920 
41620 
43110 
42250 
41920 
107710 
82700 
78800 
41870 
39260 
38640 
37920 
42420 
38270 
37890 
37740 
37660 
42480 
37990 
37000 
38010 
37800 
37510 
42870 
37420 
40640 
37780 
37640 
40380 
41480 
40140 
40140 
39780 
39030 
39100 
38230 
90600 
71050 
69590 
68050 
66590 
63060 
69900 
69470 
68430 
66020 
64720 
68510 
66650 
68720 
67460 
65490 
65710 
66030 
72130 
71090 
67300 
66850 
68860 
69040 
67740 
67370 
75160 
46650 
39380 
36160 
37330 
41110 
38160 
37240 
42250 
39480 
41840 
106840 
96030 
73220 
63460 
40850 
37900 
38130 
39160 
37090 
38480 
38420 
38760 
38080 
36730 
37680 
38850 
38700 
39010 
35910 
35900 
37920 
37610 
40550 
36620 
38590 
39440 
38640 
39150 
40800 
40390 
39820 
41090 
87790 
71450 
67570 
66680 
69300 
69740 
68400 
68800 
67740 
65060 
68950 
68970 
69760 
66760 
67020 
67330 
67540 
68870 
67560 
67450 
71410 
74360 
70520 
67970 
67220 
68590 
73660 
71760 
42520 
40480 
40840 
39770 
39730 
39840 
42430 
42170 
45520 
106090 
76040 
71380 
42200 
38800 
38760 
36720 
35660 
37980 
38370 
38410 
38990 
41310 
42030 
39140 
37570 
38030 
38250 
38660 
37490 
38720 
37510 
39260 
37550 
39280 
39480 
41980 
38410 
39270 
38280 
38840 
88450 
68300 
68620 
70090 
69250 
66150 
68370 
66850 
66620 
67010 
65270 
68150 
67330 
66490 
66400 
70270 
67580 
67300 
68400 
66670 
70030 
67470 
69650 
67000 
65690 
66370 
75010 
42480 
37310 
39340 
40310 
37960 
41280 
38060 
43920 
40970 
41790 
105820 
91150 
72400 
42590 
39340 
40860 
38490 
36940 
38170 
37830 
39090 
37550 
37030 
37430 
37590 
37390 
37470 
37310 
39050 
40430 
41420 
40110 
37970 
39630 
40100 
40880 
42420 
40140 
41350 
39200 
39920 
76230 
70370 
67040 
65950 
69280 
67780 
67650 
68170 
66510 
68540 
70550 
69760 
68900 
70460 
68830 
68340 
69490 
66570 
68990 
68150 
69280 
70050 
83140 
68620 
69630 
70390 
77820 
42620 
37650 
38140 
38370 
41780 
38050 
36850 
40140 
40810 
43100 
106360 
95600 
77130 
71470 
41360 
39550 
35610 
40200 
37340 
40610 
38820 
37070 
38170 
36480 
38290 
39740 
36870 
37630 
37660 
36430 
38590 
35940 
36820 
37850 
38480 
40180 
40530 
41450 
40030 
40610 
38820 
39040 
87830 
68120 
69800 
66730 
69190 
68890 
66750 
69330 
71740 
69150 
69420 
68740 
67650 
67760 
68750 
66130 
66350 
68290 
68380 
68830 
70680 
67160 
65630 
70670 
66840 
71800 
75130 
40760 
36060 
39830 
40700 
38130 
39870 
39160 
41260 
43170 
39160 
111670 
87640 
75810 
45490 
37790 
40520 
38770 
40310 
40410 
37220 
38240 
40400 
37740 
38890 
38770 
37220 
38610 
37470 
37390 
40810 
38100 
39290 
36460 
38470 
39820 
39730 
40420 
39610 
40450 
40530 
38760 
89630 
66550 
70120 
71400 
69110 
67600 
66650 
73830 
67670 
69210 
67160 
65810 
66460 
77580 
70390 
69100 
67330 
67000 
68490 
68420 
68990 
69580 
67630 
67920 
69240 
69920 
75150 
42860 
38960 
39320 
38870 
37890 
41510 
40230 
44970 
43870 
40200 
106530 
99250 
84730 
69300 
40370 
40180 
37720 
37350 
39960 
36860 
39940 
39330 
37650 
41120 
39560 
38810 
37960 
38060 
38960 
37680 
35990 
40750 
37520 
39510 
38800 
40240 
39790 
39390 
40130 
39460 
38950 
39160 
88390 
69630 
70480 
69190 
67430 
65590 
72760 
70020 
75840 
67480 
65750 
70820 
69480 
69150 
69570 
67950 
69160 
68530 
66750 
68070 
68240 
68930 
67420 
69710 
68160 
66950 
75050 
40830 
41760 
39480 
41230 
41180 
40400 
43440 
41940 
41700 
42360 
106920 
83680 
72430 
42970 
40700 
41740 
38500 
36980 
37200 
39240 
37700 
37930 
39560 
36950 
39230 
37700 
38180 
37420 
37170 
38460 
39840 
40120 
39560 
37680 
40160 
40890 
41590 
40860 
39210 
39560 
39440 
90770 
66630 
69570 
66850 
66280 
72360 
70110 
71600 
68030 
64680 
68090 
66440 
70490 
67290 
69470 
69770 
69750 
70920 
68500 
68840 
67890 
69940 
69860 
68820 
66350 
66560 
74970 
41140 
38700 
37260 
39770 
38960 
38060 
38730 
43570 
41630 
37870 
105800 
97140 
74560 
67090 
40170 
38950 
40030 
36900 
39300 
38940 
38770 
38840 
36960 
36550 
37180 
37560 
40030 
38910 
38450 
40370 
37860 
38280 
37730 
36940 
41450 
37690 
40590 
41360 
40620 
38680 
38010 
45380 
84330 
68220 
67770 
66600 
71820 
70270 
68280 
65710 
66970 
68990 
68530 
69710 
65800 
67290 
67160 
70830 
69350 
67200 
66850 
68660 
68070 
71990 
68340 
69190 
66470 
69990 
71690 
39840 
39120 
41010 
37620 
39930 
37970 
37370 
42340 
39900 
77260 
105660 
78670 
68960 
40770 
38550 
39330 
38250 
37080 
36220 
40760 
40200 
38030 
37450 
38050 
37530 
39130 
40950 
38120 
38510 
36880 
38320 
35970 
37220 
39200 
39280 
38890 
39810 
39810 
39130 
36390 
37890 
90110 
70670 
66450 
70400 
68900 
69350 
70420 
68780 
66880 
69140 
70110 
69270 
69020 
67370 
69320 
69680 
68170 
70110 
64910 
71030 
81690 
80080 
68210 
66120 
67630 
67570 
71490 
40000 
38150 
38600 
38910 
41140 
38770 
38310 
44900 
42780 
44380 
105010 
95390 
71970 
45280 
44190 
38220 
37380 
38140 
37990 
38480 
39670 
36720 
38100 
37710 
37840 
39170 
41720 
40420 
38080 
39060 
38730 
35810 
38100 
38380 
41780 
41950 
40320 
40390 
40050 
40620 
40110 
73980 
68140 
65730 
68330 
67300 
68250 
67570 
66970 
67160 
68220 
71550 
70370 
67260 
70650 
69850 
68810 
67920 
68490 
69560 
72390 
71270 
68640 
68690 
69770 
68290 
68680 
76190 
41620 
38410 
38870 
39060 
40360 
38280 
39280 
39940 
46640 
45020 
105820 
91980 
74800 
71140 
43160 
37590 
40380 
39680 
38870 
40320 
37510 
38510 
41230 
39710 
41080 
37900 
38170 
38150 
37960 
39300 
38920 
38170 
38840 
36040 
38560 
40230 
41870 
41300 
37370 
41350 
41530 
38650 
89840 
65960 
70370 
68450 
71270 
69060 
66210 
70710 
70300 
71380 
67650 
68600 
68830 
67150 
71410 
67510 
66700 
68160 
68030 
69430 
66520 
66650 
67580 
69430 
68620 
69030 
77930 
42760 
36340 
40590 
38770 
40090 
39940 
39260 
43310 
40840 
41490 
103990 
90990 
72850 
44810 
38610 
40300 
38220 
40680 
38830 
36970 
42370 
38580 
40300 
39610 
38610 
37560 
40330 
38060 
37930 
39740 
38260 
38200 
41060 
38660 
37850 
38120 
40380 
39610 
37980 
62030 
45350 
84300 
68590 
68900 
68560 
67000 
64840 
66160 
69390 
70140 
67430 
67470 
66830 
67780 
67910 
72220 
68380 
67230 
68540 
68660 
70030 
68550 
66370 
68130 
65460 
68280 
89170 
82720 
43670 
38020 
38030 
38740 
38670 
40150 
38070 
41650 
39490 
40600 
106950 
94370 
81650 
65120 
43180 
38930 
38130 
38130 
73040 
46820 
41450 
37560 
36550 
40460 
36140 
37880 
36430 
36660 
38600 
36250 
38360 
38330 
38300 
38310 
37000 
39160 
38700 
39770 
40900 
39080 
38770 
37310 
88950 
69610 
66550 
68620 
70620 
69780 
67900 
68520 
65570 
66250 
65710 
69000 
68870 
65800 
66600 
67540 
68050 
67100 
70080 
69840 
67930 
67260 
68970 
70330 
65540 
65410 
76810 
44980 
39150 
39910 
42800 
41470 
38640 
42670 
40750 
43310 
38440 
105830 
86220 
70830 
44210 
39600 
37820 
40220 
41630 
38550 
41330 
38540 
37570 
38970 
38410 
37360 
37520 
42410 
63760 
43150 
37970 
37720 
37890 
38240 
39650 
39040 
38380 
40440 
41370 
40870 
41960 
38390 
87850 
78390 
72140 
69300 
64690 
69940 
69290 
71800 
76920 
67080 
68450 
72070 
70910 
70510 
68140 
69360 
67990 
69710 
70490 
68640 
67730 
69220 
70490 
70630 
67630 
67600 
75150 
45240 
36800 
38110 
40190 
39230 
41370 
36610 
62470 
42050 
42170 
104260 
97910 
86100 
61980 
40480 
39250 
36660 
37350 
38540 
38100 
39270 
38590 
37390 
38440 
36660 
37410 
39470 
36440 
37250 
39360 
38460 
38030 
38490 
37940 
40030 
41380 
41370 
40040 
40260 
38860 
39740 
41950 
86530 
68020 
66630 
69320 
68670 
68070 
68170 
65710 
67090 
68870 
70310 
68530 
67970 
66670 
68590 
67830 
67210 
70070 
66730 
70450 
69450 
68440 
69210 
65380 
70480 
66950 
71430 
40100 
61170 
41660 
38980 
43450 
37170 
40710 
40470 
40420 
66400 
102840 
79690 
67180 
40470 
40410 
37280 
37440 
38550 
37980 
38640 
37060 
38300 
37930 
36360 
37620 
37600 
38260 
37680 
35860 
36850 
39640 
37070 
37740 
35570 
