105050 
113290 
111860 
109500 
105480 
105100 
106510 
111920 
107540 
101150 
108220 
112760 
126310 
108990 
112390 
99260 
104140 
78190 
88600 
86650 
85600 
85680 
90900 
84940 
50390 
81720 
85830 
77610 
81290 
87300 
83000 
94680 
89860 
88510 
85000 
84070 
93680 
83690 
79420 
90610 
99560 
89670 
92820 
89990 
85520 
86120 
82910 
84230 
85040 
87570 
95530 
82480 
87780 
92430 
92950 
85680 
84290 
82490 
89020 
90120 
87680 
92260 
79970 
90950 
83210 
88540 
86490 
80040 
84770 
87870 
86890 
86470 
82600 
93010 
96920 
90270 
96910 
83170 
81980 
86330 
87840 
87370 
85550 
92720 
86090 
88080 
80750 
84780 
92460 
80730 
84860 
95220 
93580 
81030 
88110 
89790 
81230 
84260 
83650 
86310 
86450 
90140 
87020 
82310 
89710 
88070 
83610 
91880 
84760 
83410 
83940 
94600 
83490 
85160 
84520 
65720 
87870 
85170 
89930 
79190 
88000 
83700 
92880 
54060 
88800 
93640 
89870 
80260 
89600 
79700 
85700 
86380 
88410 
88630 
90670 
97240 
75810 
98510 
90680 
97790 
86030 
90690 
91000 
85510 
84860 
82650 
88190 
83380 
86120 
89990 
81370 
84330 
87130 
96280 
84440 
90080 
95180 
93090 
91010 
88870 
83690 
82730 
82570 
89600 
90920 
89680 
94550 
85240 
88380 
91190 
89000 
86340 
86570 
88900 
85080 
92640 
86240 
90720 
86020 
80470 
94450 
81530 
87680 
88590 
91610 
95180 
89620 
84940 
96410 
97000 
89870 
91320 
84030 
85670 
88580 
93140 
88160 
83970 
89580 
91860 
91030 
87530 
88010 
86610 
83960 
92780 
90570 
82560 
90070 
93550 
86030 
88530 
82510 
91160 
93180 
89850 
90820 
87360 
91540 
83880 
84010 
87300 
87350 
83450 
84420 
87580 
93080 
90130 
91960 
93650 
87670 
92360 
88700 
80880 
83750 
90980 
82830 
91190 
85760 
87100 
47480 
87050 
92790 
84520 
83640 
86770 
87590 
88900 
87370 
79550 
84960 
94080 
86730 
90810 
83800 
89130 
86730 
86080 
85820 
91730 
86290 
81430 
97430 
89610 
83260 
87900 
96220 
87360 
84440 
88300 
86030 
83060 
93600 
94480 
84010 
83180 
83500 
85740 
88890 
85350 
88160 
54990 
90730 
83940 
92830 
86780 
85260 
84060 
83040 
86740 
82790 
86270 
88150 
86530 
84950 
83910 
88740 
83300 
92010 
89880 
84150 
92690 
86460 
86060 
88730 
89630 
80190 
88970 
86170 
86830 
90400 
85680 
82330 
90820 
88430 
81840 
81030 
86040 
82450 
82410 
87030 
95610 
85340 
86270 
82560 
89510 
81560 
83980 
87480 
94810 
86940 
48300 
85900 
85960 
86260 
49560 
82340 
87220 
84530 
91250 
53290 
86970 
84760 
93700 
88150 
90610 
86110 
84860 
83320 
90380 
91840 
79220 
88410 
81750 
91900 
82720 
91160 
86070 
84870 
81040 
81030 
80700 
84900 
89980 
92560 
48920 
94900 
87560 
87040 
78830 
81120 
83920 
83340 
89140 
93370 
91890 
95840 
91740 
83850 
81180 
87300 
94670 
87970 
89040 
96010 
91910 
97420 
88340 
87000 
79470 
89520 
80840 
82000 
87670 
87430 
82640 
98210 
51860 
92730 
77710 
86430 
83020 
95450 
79980 
83970 
46750 
86680 
83970 
84910 
82510 
85300 
46290 
93720 
87960 
93390 
89840 
87290 
53060 
90920 
81400 
80470 
84190 
47020 
88400 
46080 
84100 
53070 
86600 
86360 
88730 
83300 
79370 
85840 
92740 
49840 
88040 
46750 
86550 
94550 
46980 
92450 
80030 
84360 
88320 
89190 
45260 
94870 
97580 
86260 
48440 
96010 
47680 
89580 
96050 
90810 
50750 
84310 
54190 
90170 
49420 
85730 
49610 
84370 
91200 
86950 
45120 
86240 
82270 
54430 
98020 
87900 
93930 
47240 
85790 
50090 
84120 
46940 
96640 
44810 
88410 
50170 
92260 
95090 
89320 
47760 
84980 
89090 
88750 
49580 
95760 
46030 
92020 
45860 
82960 
49350 
95960 
50670 
93040 
91410 
89520 
45960 
97230 
51450 
86250 
47620 
89320 
51430 
87330 
49880 
82230 
48870 
93660 
52570 
84500 
89540 
71250 
51430 
92510 
44900 
92510 
88490 
51000 
91570 
52910 
85480 
47840 
93980 
54210 
90850 
49240 
85600 
48180 
54300 
79060 
45720 
48920 
88470 
85530 
49640 
93160 
48510 
48650 
56170 
93060 
48620 
83720 
87900 
88680 
49420 
88490 
49100 
91610 
51090 
87600 
93390 
46770 
83830 
82160 
55280 
85120 
50030 
49610 
91080 
48950 
53190 
46300 
86360 
49490 
90500 
46780 
51990 
96270 
89340 
49400 
83800 
43920 
88010 
48200 
81670 
78810 
92430 
96680 
47070 
48850 
83630 
56450 
86090 
44820 
51670 
50420 
84370 
52840 
98600 
54110 
83780 
48440 
86050 
83870 
86200 
49780 
58610 
87930 
49120 
53150 
46560 
46300 
80590 
46240 
86050 
47860 
85500 
88880 
82180 
74380 
55600 
51370 
85610 
46450 
47830 
47580 
54770 
85530 
47830 
86280 
52160 
50500 
91030 
48730 
83290 
49230 
90370 
49950 
48940 
52080 
49510 
49170 
53490 
49530 
47950 
43700 
47980 
48560 
50020 
47680 
55480 
47150 
49510 
55720 
46620 
89880 
48670 
54450 
50340 
82690 
46210 
48720 
51690 
50680 
44890 
45990 
48210 
49020 
51210 
49480 
50350 
46540 
51190 
49880 
96760 
45970 
47750 
53240 
49670 
51820 
46390 
51950 
54730 
48870 
49440 
79070 
46830 
51370 
46850 
47870 
52740 
48210 
47970 
52240 
46310 
48640 
84860 
46770 
87880 
50600 
50040 
56050 
50080 
85840 
47910 
95360 
71760 
93390 
48090 
58810 
50300 
48770 
49080 
47460 
50630 
50460 
46080 
46120 
47590 
50640 
94830 
72310 
45840 
66100 
49950 
95120 
49660 
49060 
47480 
80420 
46900 
52450 
50810 
57920 
51710 
89700 
70250 
48540 
47630 
49030 
51410 
48970 
88400 
52450 
46260 
94100 
49680 
47520 
45440 
52140 
49000 
50060 
85010 
48930 
46810 
88930 
71250 
52520 
47990 
88290 
49090 
48500 
75270 
45580 
73860 
57590 
69830 
52560 
46380 
43420 
50190 
48840 
71990 
51530 
45840 
85020 
73730 
45940 
74890 
87690 
46360 
47160 
46940 
57060 
45130 
48940 
51970 
46800 
49270 
49740 
81940 
69140 
46930 
54860 
50960 
52900 
48430 
72730 
51910 
69230 
86030 
67030 
49940 
47340 
58410 
77410 
51280 
72940 
52500 
77520 
48730 
45610 
51280 
49080 
48370 
68260 
50670 
70290 
51520 
77170 
48080 
64320 
46850 
50060 
84410 
49710 
72630 
45810 
68620 
45580 
46170 
74790 
49450 
49220 
52300 
70040 
51150 
48830 
50750 
70240 
49150 
66220 
47680 
86310 
84300 
71320 
54790 
70130 
79610 
49600 
54410 
66660 
47960 
66480 
56130 
52200 
53670 
77340 
47900 
74920 
49380 
68210 
49960 
48740 
56370 
71120 
47100 
65360 
49960 
72570 
50770 
74420 
46550 
65410 
48320 
70200 
67940 
67780 
49840 
95160 
71750 
75320 
46500 
45290 
48270 
74230 
52290 
73360 
49760 
85100 
76730 
50210 
67960 
47470 
71750 
51770 
51710 
74580 
50520 
66220 
51600 
67510 
48850 
65030 
47920 
67220 
48480 
70590 
51710 
71690 
72190 
78230 
53570 
70120 
69290 
46240 
51730 
83460 
54010 
74510 
47860 
76540 
53550 
50830 
48650 
69580 
72130 
67750 
56550 
77520 
73670 
48820 
73740 
49650 
69130 
48670 
48960 
51010 
49930 
47350 
80840 
50690 
70270 
46110 
47680 
45510 
50110 
75580 
51550 
52590 
69220 
79690 
47650 
51280 
71510 
47190 
74690 
63310 
52410 
71070 
74770 
46600 
76940 
50420 
67440 
70680 
67690 
89070 
47790 
69280 
73580 
72980 
68100 
53110 
53690 
63710 
67960 
48030 
68580 
67950 
77380 
49480 
71930 
71200 
74730 
72020 
71310 
48390 
70440 
75510 
85810 
54170 
69710 
49290 
73120 
53530 
71530 
70270 
67340 
69530 
71010 
52970 
71410 
68890 
50580 
81430 
70480 
68990 
66860 
71930 
72650 
68730 
70170 
73440 
69960 
74050 
51800 
68740 
69020 
49200 
80290 
68030 
74160 
64690 
71970 
67960 
72670 
67320 
65840 
69010 
72730 
55540 
75790 
51370 
70130 
75590 
70330 
65310 
65570 
68450 
46010 
71020 
65730 
73010 
49700 
47710 
71200 
65170 
69700 
69110 
66260 
71260 
67130 
71420 
77160 
51840 
49630 
53730 
65960 
47630 
67420 
50990 
63800 
49970 
63700 
73620 
46610 
50880 
76750 
68450 
63800 
49390 
74980 
68370 
64130 
53310 
47220 
51170 
67780 
52710 
65600 
63600 
69260 
51080 
73260 
49440 
53550 
52060 
75920 
52440 
65320 
44180 
62720 
56720 
67370 
51370 
50960 
67670 
73160 
55890 
69290 
45000 
65780 
71900 
67820 
49710 
46400 
78080 
63660 
50890 
66470 
47860 
66650 
50380 
49860 
49530 
48090 
55650 
71360 
49610 
75240 
64680 
64250 
71030 
65270 
50670 
48880 
56610 
66640 
54600 
67630 
48100 
67950 
47590 
73720 
52540 
49710 
52900 
67310 
47380 
76660 
64080 
47880 
66870 
68310 
48020 
51900 
52740 
68480 
47120 
50390 
52370 
50310 
64580 
68880 
69380 
54900 
51690 
50300 
70120 
51080 
78520 
53820 
66650 
66960 
48080 
57450 
73350 
52670 
67230 
52850 
69550 
49410 
67750 
51030 
70310 
55670 
79260 
51140 
67540 
53130 
67790 
58590 
70370 
48480 
67460 
53600 
74880 
46000 
49130 
55250 
45010 
67050 
50450 
65890 
47700 
53890 
67880 
70910 
57490 
64980 
66970 
55060 
72570 
45900 
66990 
49160 
75700 
51850 
50770 
51160 
72820 
50230 
68870 
68060 
65760 
48940 
48090 
77170 
69040 
48910 
76080 
47480 
71050 
57830 
69090 
64990 
67850 
55580 
49890 
69000 
48830 
66780 
53520 
75130 
50310 
66150 
52410 
54770 
73890 
66700 
52280 
51520 
46000 
49500 
63660 
46900 
69540 
50830 
68560 
47340 
50670 
47830 
75020 
72910 
47330 
48720 
46470 
50710 
72400 
50420 
70520 
50950 
49130 
52270 
49490 
48700 
50650 
70330 
47580 
67440 
48460 
54960 
50860 
66290 
67760 
50760 
47480 
50950 
51320 
53210 
50050 
48550 
51110 
71410 
50000 
54980 
47710 
74920 
72530 
48740 
53420 
47050 
51400 
46180 
50060 
53320 
47750 
50970 
47820 
53390 
72910 
49490 
52020 
68540 
71400 
52350 
48600 
47100 
51660 
48470 
50560 
55440 
52370 
46490 
51580 
50760 
53630 
47980 
48040 
47790 
55400 
50580 
50690 
49070 
48780 
49550 
48670 
49590 
49580 
49950 
65740 
54300 
60090 
55210 
52800 
48720 
51700 
49410 
47450 
47600 
47700 
53830 
47100 
57630 
59700 
46720 
51440 
48820 
47530 
49850 
48750 
77780 
53160 
49860 
49490 
52800 
58060 
54700 
46400 
47310 
48010 
48570 
54050 
48180 
52240 
52520 
68440 
50170 
52770 
48750 
51000 
65670 
49290 
48200 
56700 
50280 
50600 
52180 
55510 
46600 
45690 
69360 
54520 
47250 
48790 
47220 
49990 
48320 
53980 
49390 
49310 
49190 
50210 
56600 
51220 
50400 
47650 
56860 
47830 
51340 
47990 
65660 
47050 
51820 
51770 
49620 
49630 
52090 
49450 
48380 
49180 
64900 
49940 
51380 
53300 
52300 
57980 
50850 
48970 
52480 
50340 
67560 
47720 
48380 
49370 
52320 
54970 
48300 
54200 
51040 
51830 
48340 
48200 
50350 
52190 
58020 
70250 
51600 
54520 
47640 
49580 
51330 
47140 
51650 
47490 
52090 
67060 
55590 
49930 
46250 
50420 
75290 
45130 
46020 
48550 
50400 
67770 
48480 
52850 
50100 
49000 
55050 
46620 
48770 
47120 
51740 
48290 
51300 
51180 
47600 
49370 
48180 
48760 
47860 
50340 
49210 
53540 
49880 
49230 
50220 
47360 
50450 
51950 
45960 
50610 
50220 
52740 
61090 
48590 
55310 
47730 
52490 
49590 
47170 
47740 
48690 
49620 
47900 
53730 
47730 
46070 
50750 
49330 
49660 
45990 
48060 
47590 
49450 
52580 
51150 
49060 
51220 
52150 
49940 
47180 
48080 
49230 
46590 
52650 
49380 
51790 
51310 
49400 
49560 
51790 
48930 
46390 
49530 
46240 
49530 
48010 
50170 
49270 
50100 
49450 
49520 
48170 
47940 
48150 
53150 
48730 
47540 
48520 
47580 
50610 
47390 
47630 
49270 
54520 
56110 
48960 
51350 
47960 
48670 
47710 
52400 
49670 
49100 
53090 
47660 
55460 
51010 
53280 
50160 
51060 
49340 
49840 
44000 
50860 
52990 
49920 
51910 
46830 
48120 
49880 
47730 
47350 
49150 
46820 
69340 
45790 
55570 
45810 
56340 
54410 
52240 
52710 
47390 
48150 
65750 
49640 
51170 
48760 
48080 
49290 
50200 
46890 
46530 
47160 
51890 
54730 
50130 
47630 
47190 
47840 
47850 
48990 
70590 
50410 
47100 
47980 
49350 
48630 
49500 
47870 
47240 
47700 
48260 
48460 
49330 
47070 
47380 
49500 
50360 
53650 
47000 
47750 
51070 
47750 
48140 
46160 
51670 
47010 
48320 
50930 
47810 
50310 
51720 
45580 
48050 
46660 
48240 
57540 
51350 
52670 
50970 
52340 
51130 
50230 
47580 
48170 
49420 
51620 
51100 
50800 
47400 
50090 
47350 
46320 
49470 
47180 
53050 
49930 
48890 
47080 
50330 
49860 
46890 
46610 
48390 
50380 
46860 
48340 
47230 
49240 
50820 
54720 
52490 
49680 
49750 
44870 
50440 
48420 
53770 
44860 
47630 
50050 
49450 
46590 
47640 
45920 
46630 
50160 
51570 
45670 
49200 
49840 
52580 
47060 
53650 
47460 
48530 
47880 
49550 
47540 
49560 
47490 
48880 
47300 
50310 
44030 
47620 
49620 
47680 
49830 
47690 
50020 
47440 
51550 
49000 
48490 
50500 
47840 
46080 
50790 
51250 
49320 
61720 
48620 
46740 
53000 
50150 
50020 
47110 
48560 
45620 
52480 
49570 
48180 
50900 
47620 
49800 
48330 
48840 
47290 
40680 
51920 
57620 
48480 
50310 
48970 
46770 
48400 
47150 
43440 
47240 
51120 
47380 
53200 
51280 
47260 
48200 
45400 
48650 
48990 
48240 
52730 
50190 
51010 
48600 
47990 
47980 
49710 
54980 
46090 
49120 
47580 
48620 
55090 
56900 
49960 
53150 
47790 
46990 
45800 
50800 
45650 
49360 
50880 
49240 
49090 
48300 
48420 
54990 
49940 
47220 
49200 
47130 
48260 
52230 
46760 
48400 
52610 
52260 
49220 
49350 
48200 
47800 
53210 
44700 
50200 
46820 
49180 
52170 
47450 
50690 
48110 
49470 
51030 
48960 
55390 
49400 
48120 
51720 
49140 
48590 
50630 
44870 
58650 
51960 
46130 
48870 
46610 
50150 
53740 
49200 
48100 
49580 
53290 
52830 
51020 
50450 
48600 
52490 
51310 
49240 
50020 
47560 
47220 
51120 
45650 
48890 
48190 
48210 
49340 
56800 
47630 
48410 
50350 
49570 
52250 
48180 
47100 
53950 
53400 
51630 
47430 
51140 
50680 
48720 
55400 
48140 
50330 
51700 
55160 
49960 
51580 
52270 
49640 
52910 
48790 
54170 
53720 
47510 
54310 
51290 
56080 
47940 
47600 
50910 
48760 
51420 
48010 
46990 
49890 
46020 
55530 
47870 
48320 
47810 
49880 
51720 
52710 
53030 
49480 
48810 
57250 
51710 
49140 
48120 
47850 
53420 
45860 
50240 
46170 
50610 
49280 
57640 
47890 
48490 
47500 
50600 
49840 
49580 
54420 
57960 
49660 
51510 
48210 
47940 
49530 
51020 
48130 
48220 
47980 
50080 
49240 
54660 
55830 
48320 
47270 
47770 
51180 
52660 
47470 
54600 
50500 
50480 
49220 
51980 
49620 
48160 
48640 
49860 
46580 
56170 
54250 
58610 
53740 
49890 
51290 
54520 
49650 
55930 
48850 
48930 
57500 
51850 
52530 
49710 
44590 
47510 
47790 
63110 
47160 
54230 
51810 
53940 
55500 
49840 
47520 
50400 
51260 
46280 
56540 
50340 
50360 
51600 
48000 
46620 
56030 
44590 
48060 
51440 
48400 
50590 
49290 
46470 
58320 
52250 
48850 
48930 
48690 
47730 
49300 
