78920 
67410 
69000 
60970 
67100 
63130 
58240 
61080 
60550 
59000 
62650 
61720 
60870 
58910 
62800 
59560 
64130 
56380 
54580 
55120 
52760 
55730 
55360 
54210 
54580 
54160 
61160 
46500 
38870 
38450 
39380 
41840 
40980 
38100 
45070 
43100 
46810 
91350 
83960 
55870 
55090 
39770 
40970 
40250 
39410 
37840 
36890 
41540 
40000 
39740 
40950 
40820 
40080 
37720 
40710 
36660 
36250 
41550 
39460 
38780 
38670 
39030 
39950 
39960 
39960 
39810 
40030 
40060 
46050 
66200 
52610 
50650 
55190 
55850 
55500 
54530 
56180 
58030 
54930 
55730 
55620 
53570 
53660 
55630 
54900 
56160 
53300 
54250 
61120 
56920 
56780 
55410 
55330 
57480 
57790 
57160 
39700 
39190 
40860 
43730 
39960 
40830 
40210 
42620 
44490 
41850 
92330 
68380 
52640 
44290 
37850 
39970 
37770 
37360 
40300 
37780 
43120 
38690 
39830 
38530 
39290 
39830 
37670 
38220 
39780 
40060 
39880 
39530 
47080 
38900 
41620 
39590 
42250 
40030 
44820 
42090 
41150 
80550 
55110 
71190 
61880 
54150 
56540 
53100 
53020 
52280 
56860 
56280 
54830 
55050 
53270 
55460 
58720 
56840 
54130 
54510 
55870 
54490 
54940 
53850 
58340 
55100 
54900 
61370 
39670 
39070 
44770 
42410 
42060 
39940 
36730 
43110 
43790 
43520 
88070 
81260 
55340 
54500 
40540 
39100 
37800 
37280 
40670 
40290 
39560 
48270 
46890 
45670 
41230 
38300 
38190 
37190 
42110 
38280 
40510 
37630 
38280 
38250 
42710 
41950 
43020 
39370 
41040 
41220 
40230 
39230 
76100 
54490 
56290 
55940 
55110 
53340 
57990 
57900 
55060 
55630 
53200 
55710 
55480 
56490 
57440 
55560 
53770 
55640 
58080 
60910 
53030 
55820 
52610 
58250 
53590 
56060 
58420 
38150 
39750 
39600 
40970 
40450 
42980 
43540 
44000 
42690 
40620 
91110 
72310 
53270 
41390 
38440 
37590 
38290 
43210 
39730 
41240 
37220 
38550 
38640 
40190 
38340 
40120 
38220 
40890 
37530 
38150 
38410 
37280 
45060 
38500 
41020 
38810 
40060 
45940 
39800 
41760 
39600 
77300 
57740 
56110 
56580 
53500 
52200 
56260 
57680 
55350 
54010 
50970 
52990 
55180 
56980 
54740 
50910 
53960 
55340 
55170 
57320 
55350 
54380 
55350 
55980 
56800 
55070 
60870 
38220 
41100 
41770 
39790 
40390 
42530 
41700 
46590 
41850 
40390 
86940 
80660 
57760 
51460 
38760 
38270 
41980 
43310 
37290 
39220 
38860 
40330 
38630 
40090 
36880 
38790 
38650 
42170 
39350 
38580 
38240 
38060 
40380 
39350 
39780 
37600 
40260 
42590 
43760 
40690 
39320 
38660 
77210 
54050 
55340 
52120 
55070 
55610 
53200 
58260 
54180 
54180 
54850 
57180 
56170 
53160 
53880 
52640 
55730 
54850 
55580 
53440 
53310 
55630 
59410 
54310 
54730 
54540 
63130 
44190 
38840 
39530 
39310 
44540 
41550 
42720 
42440 
42290 
40170 
92840 
72930 
54550 
40570 
37890 
42830 
39960 
38700 
36130 
37530 
40340 
37760 
38680 
38200 
37920 
41270 
40460 
39550 
38120 
37930 
42110 
37750 
40150 
37230 
40750 
39000 
42910 
43580 
38750 
38380 
39390 
74040 
56700 
56140 
52370 
52660 
55850 
55640 
56310 
51720 
53960 
55870 
54040 
55300 
51400 
58160 
57860 
56700 
54920 
54560 
54520 
52880 
56660 
55210 
52410 
52670 
54860 
62280 
43780 
41780 
41380 
39640 
43950 
40220 
41440 
45520 
40820 
43140 
88670 
85160 
60120 
53150 
41830 
39140 
44310 
40060 
38410 
38310 
40370 
41080 
38540 
44930 
43160 
41070 
41160 
39950 
40010 
39660 
39370 
39760 
40740 
37670 
38810 
43050 
40670 
41930 
39650 
40370 
42170 
40650 
79330 
60190 
53460 
52960 
56590 
57270 
52600 
52220 
52700 
59550 
53690 
54110 
54170 
55500 
59910 
56150 
52860 
51690 
53790 
55180 
55340 
53410 
52590 
53090 
55760 
53430 
61570 
39220 
40880 
38940 
42400 
43950 
37940 
40290 
41870 
44520 
42900 
90970 
78900 
56920 
47490 
38730 
42640 
38230 
39510 
40200 
40500 
39460 
39520 
38000 
41100 
39880 
38950 
38960 
36560 
37800 
38780 
42520 
37800 
36370 
37210 
45440 
40140 
41830 
40530 
39330 
40690 
39750 
73300 
53720 
58570 
59260 
53830 
56950 
51610 
55860 
56120 
53100 
57700 
53990 
53150 
57500 
55950 
57500 
54380 
52890 
55710 
59480 
56090 
52090 
57710 
52130 
57150 
57000 
60660 
42080 
40520 
39290 
42370 
39720 
41180 
37850 
42570 
42580 
43490 
93760 
81550 
58520 
58510 
42590 
40120 
38160 
35840 
40360 
42690 
40990 
36990 
37200 
41130 
40150 
39440 
39130 
37270 
41160 
38460 
41260 
37770 
37320 
40790 
37850 
42020 
42930 
41730 
40470 
41520 
42150 
37250 
75490 
56620 
55780 
56880 
52630 
52020 
53310 
59880 
55310 
53900 
51570 
53400 
56360 
59600 
54810 
51510 
55030 
56060 
55040 
55520 
53650 
53430 
53570 
55540 
57010 
57140 
60290 
39710 
41520 
40170 
41600 
39480 
39240 
43760 
45990 
41850 
40570 
91460 
80750 
57440 
47100 
38700 
39560 
40380 
41480 
42300 
39240 
36410 
39230 
43110 
43430 
38950 
37450 
39230 
40700 
39650 
39510 
36630 
42170 
40180 
38700 
42350 
39460 
40920 
45940 
39530 
40390 
38650 
69680 
56810 
56440 
57250 
53520 
54100 
52000 
56250 
56440 
54290 
53850 
55210 
56350 
57530 
55210 
55130 
51880 
56360 
54890 
55080 
55000 
54780 
54210 
55190 
52760 
55490 
65430 
50540 
38970 
40640 
41120 
43400 
39540 
42020 
43180 
43020 
41990 
91650 
89050 
68080 
55570 
40790 
41680 
41390 
39230 
38410 
37890 
36780 
45500 
43040 
41220 
38970 
38050 
46240 
38910 
42710 
38050 
38070 
41650 
43170 
40250 
40520 
39060 
40590 
46690 
42710 
41100 
39750 
40670 
75250 
64380 
58250 
58110 
53870 
56550 
55010 
55510 
52730 
57920 
56240 
56980 
56730 
57940 
60500 
54280 
56550 
57820 
54420 
53480 
60300 
57930 
54300 
58480 
56510 
57530 
59650 
40900 
40050 
37100 
40180 
45900 
41690 
37380 
45380 
40820 
47640 
89550 
80700 
58560 
45550 
38290 
46280 
40600 
38690 
38760 
38040 
40470 
38130 
41210 
39240 
35850 
40220 
40850 
38800 
38020 
39010 
41920 
40060 
39390 
37470 
38300 
42320 
39880 
42670 
40200 
38940 
37860 
60390 
62710 
54060 
55190 
54820 
55000 
56200 
52890 
52840 
52880 
55550 
53650 
53890 
55020 
55330 
57400 
56140 
55310 
50880 
55180 
56270 
56110 
60010 
53020 
54900 
56680 
55570 
52710 
38750 
41890 
38770 
43060 
43230 
39210 
38930 
46200 
43570 
47220 
89440 
63110 
53100 
43180 
40180 
37530 
38590 
41310 
41430 
38310 
41560 
39010 
38790 
41770 
40370 
40720 
37430 
37550 
37360 
39450 
39420 
39050 
39490 
39270 
40870 
43140 
44430 
39180 
38900 
41310 
40350 
73980 
54460 
54400 
56060 
53340 
57240 
54080 
55750 
52330 
56300 
54920 
54210 
55680 
55310 
57420 
57040 
52160 
55330 
54020 
54370 
56840 
54480 
56980 
52540 
56990 
54740 
61440 
42390 
38340 
41080 
39750 
41270 
39020 
40210 
44770 
43610 
41570 
92260 
79960 
55210 
48390 
38850 
40030 
37890 
37850 
39870 
42030 
41810 
39570 
37190 
41250 
38240 
38930 
37630 
40150 
40840 
38880 
40880 
37840 
38470 
38530 
41700 
40850 
45420 
39430 
40410 
40980 
41640 
53590 
61960 
55880 
57790 
55340 
54980 
53970 
55950 
61880 
55870 
54850 
52440 
55050 
54120 
55770 
56940 
52930 
55900 
51910 
59280 
56860 
52020 
53800 
52350 
57180 
53130 
54070 
51740 
39100 
43200 
41160 
39710 
37480 
39160 
42970 
44460 
41660 
39120 
90960 
68860 
52530 
41600 
39810 
38220 
38470 
41770 
41330 
38940 
37420 
42830 
39970 
38590 
39490 
38200 
39010 
41170 
39570 
38820 
37300 
36860 
40930 
40100 
42210 
37450 
40740 
43920 
41580 
40350 
38360 
77070 
53080 
57370 
57200 
53570 
51050 
55160 
55780 
56760 
59620 
51230 
55000 
57530 
55000 
54940 
53580 
52090 
59880 
58980 
55210 
53470 
56070 
59950 
57330 
57190 
54410 
60670 
40430 
55010 
39590 
40360 
42260 
38400 
40440 
51660 
43990 
40920 
90630 
86510 
56480 
50560 
38270 
37170 
40080 
38180 
36940 
38640 
42260 
39920 
37050 
37350 
36760 
37170 
37390 
38520 
40060 
39210 
39200 
37740 
45040 
40250 
40580 
40750 
43670 
42550 
39470 
40010 
39070 
43890 
64730 
53680 
57380 
51910 
54370 
54580 
62390 
59330 
53780 
54010 
51210 
54000 
57270 
54080 
54160 
52300 
55830 
54970 
54630 
54470 
53820 
55860 
55790 
52640 
54860 
52150 
57190 
42040 
37220 
42950 
39250 
42060 
39860 
42620 
44480 
42230 
39270 
90810 
66560 
52480 
36890 
43230 
52610 
39960 
38750 
38920 
38360 
40870 
39190 
39670 
39850 
38680 
41510 
39770 
48910 
39760 
37960 
41310 
38750 
41390 
39300 
41480 
40160 
44800 
41690 
38890 
39740 
39510 
75170 
58520 
59380 
53590 
54800 
55980 
55170 
53360 
51580 
61360 
55090 
55440 
53880 
54840 
52890 
56160 
54860 
57290 
53130 
53840 
57270 
58100 
57020 
54860 
54660 
52820 
62930 
41100 
37820 
38630 
38570 
42660 
40350 
38450 
45510 
41740 
41200 
88400 
82960 
53480 
48220 
42840 
37960 
39940 
38250 
39800 
39040 
40500 
39460 
38810 
37810 
38630 
39610 
38930 
37240 
37840 
36980 
39740 
38100 
38380 
40080 
39260 
41110 
43170 
39900 
38360 
39440 
42420 
40020 
76060 
56170 
53940 
50710 
63490 
59260 
53870 
54110 
54630 
57280 
54950 
55500 
53560 
57170 
60850 
56060 
56540 
57740 
53290 
56650 
55160 
54640 
52490 
53920 
56460 
54220 
60900 
50660 
38240 
39250 
42740 
40900 
39530 
41440 
45070 
42860 
41190 
91890 
74290 
55420 
44060 
43450 
39500 
38530 
38310 
40540 
39550 
39160 
38790 
37860 
40180 
39400 
41400 
38550 
38290 
39660 
39670 
39640 
38330 
37440 
38980 
42110 
42820 
41350 
40790 
39420 
43310 
40590 
77550 
54210 
54070 
57260 
53950 
55940 
51620 
53810 
55210 
54790 
56270 
52790 
54770 
52210 
55500 
55520 
54430 
52330 
52750 
59460 
54460 
59170 
56440 
52700 
56350 
56210 
61890 
40350 
38690 
40100 
41170 
43930 
40040 
49050 
48810 
43270 
40400 
90910 
88380 
56480 
53510 
40270 
38910 
40900 
37550 
41000 
41990 
42350 
40550 
39680 
42100 
39250 
39130 
37370 
36930 
42090 
43740 
40100 
37620 
40020 
40430 
39010 
41380 
40680 
39040 
38970 
44630 
42700 
41590 
74040 
56890 
56910 
55210 
54290 
55500 
55090 
56050 
56630 
54560 
52350 
52680 
55990 
53780 
56570 
55690 
55440 
57670 
59720 
58430 
54780 
55440 
53080 
58350 
53340 
54640 
56920 
41560 
42080 
41280 
44220 
39120 
38050 
44610 
44830 
41510 
39920 
90830 
71470 
52610 
39670 
41450 
37310 
40120 
39900 
39490 
39700 
36540 
39590 
39940 
43770 
39080 
37990 
40060 
41230 
39320 
38130 
37930 
38950 
39720 
39050 
40940 
39110 
41460 
42470 
41010 
41140 
39920 
74320 
59100 
53350 
55610 
53970 
51450 
52630 
56990 
57750 
54710 
56850 
57780 
60970 
57080 
55680 
52290 
51630 
54120 
54690 
55730 
55060 
53070 
55310 
57800 
53630 
54900 
60400 
44000 
39430 
42820 
40160 
39050 
38170 
40660 
47140 
42530 
42050 
93250 
85390 
59820 
53240 
39560 
39590 
41100 
39530 
38400 
38170 
37370 
41600 
39990 
39570 
38190 
38690 
39650 
39330 
40120 
37420 
38460 
38410 
38960 
40310 
40060 
39620 
42170 
41770 
42010 
38830 
40120 
39980 
76140 
56020 
55960 
50350 
55720 
54550 
54860 
54500 
53710 
71430 
56390 
54010 
56190 
58630 
54000 
54670 
56770 
55260 
54840 
55930 
52820 
55290 
53990 
53570 
54170 
52210 
60800 
41970 
37890 
40310 
43190 
42950 
41750 
41710 
44200 
40660 
40770 
88290 
75350 
56940 
42640 
38150 
41740 
43730 
42590 
38730 
36770 
40650 
38620 
39370 
36270 
38540 
40350 
39380 
39180 
38170 
37230 
40040 
40030 
39740 
41530 
40310 
42340 
40690 
42340 
38480 
40550 
39120 
75300 
57870 
55870 
50810 
53380 
55740 
54990 
54580 
51270 
53830 
56390 
54980 
56470 
52450 
53580 
56480 
57260 
52850 
52770 
52340 
55910 
53130 
56770 
53520 
51490 
52100 
62190 
43150 
38110 
37490 
41810 
43040 
41420 
39530 
45370 
40920 
42590 
88740 
80980 
64780 
53560 
43340 
39490 
37930 
38180 
37210 
42500 
38760 
39230 
41150 
38750 
37800 
43070 
39250 
38610 
37390 
37170 
39680 
48950 
40410 
38380 
38110 
45340 
62300 
43780 
39730 
41500 
41090 
39180 
74960 
52170 
55740 
57460 
53070 
55750 
53240 
60570 
54890 
74710 
57660 
53470 
53410 
53330 
54410 
56840 
53180 
52920 
54710 
56260 
55360 
54530 
56920 
51230 
59020 
64200 
60760 
40000 
39450 
41100 
40660 
40340 
40570 
40050 
43460 
44070 
42460 
90880 
76650 
50450 
50200 
38900 
37760 
37520 
38610 
41370 
39470 
39710 
38600 
37500 
41190 
38830 
38860 
40310 
38400 
40970 
36660 
39340 
37260 
37690 
39790 
42840 
41130 
41350 
37890 
39580 
45770 
41430 
71450 
56090 
54940 
61920 
55290 
58260 
52100 
55070 
56470 
60890 
54040 
54050 
53710 
55520 
60160 
57270 
55790 
53970 
52040 
57460 
59380 
52810 
52840 
54360 
58970 
58510 
63270 
41440 
40110 
39430 
42380 
45020 
40170 
37750 
43160 
44950 
44220 
100580 
86720 
62870 
54940 
42610 
38150 
38070 
43170 
42570 
40110 
40710 
37440 
38300 
44630 
40650 
38640 
38870 
37470 
42060 
42170 
38640 
37280 
38200 
40280 
43230 
41420 
42440 
42940 
42400 
43950 
41880 
39770 
76860 
55320 
57560 
61150 
53490 
54070 
55230 
59130 
61390 
55020 
51580 
54100 
56620 
57110 
59450 
54950 
56630 
55940 
55490 
55200 
52850 
53640 
56930 
53690 
55460 
53040 
61270 
39000 
39750 
39050 
39440 
39330 
38760 
40240 
45340 
42820 
41630 
88470 
79890 
56430 
44200 
38960 
48590 
45810 
39870 
38000 
39530 
37630 
43200 
37810 
40550 
38900 
38730 
38970 
41560 
39110 
38200 
38530 
41320 
40590 
39660 
42160 
40110 
40660 
42710 
39780 
39770 
40360 
57440 
58920 
59820 
55910 
54630 
55100 
55920 
53990 
57870 
54930 
53780 
53890 
55830 
55580 
51700 
56590 
53660 
53740 
56100 
59420 
55510 
53220 
55200 
55250 
56250 
55460 
55060 
51860 
41990 
38310 
41190 
44350 
43220 
38700 
44430 
43580 
41680 
53120 
89040 
62990 
55710 
38440 
38570 
43580 
40140 
38560 
37570 
36940 
41250 
38810 
39880 
39390 
41140 
41280 
39380 
39380 
38480 
36900 
44210 
38410 
40780 
38940 
39930 
38950 
42440 
40970 
41160 
38590 
38750 
75530 
55350 
59140 
53200 
55410 
56300 
57060 
64360 
52710 
55060 
55510 
54130 
54430 
51810 
58470 
56830 
53750 
54260 
55100 
58300 
52810 
55730 
57130 
53310 
56350 
55130 
60380 
44760 
39350 
40070 
40550 
43940 
39600 
36930 
46100 
39890 
47200 
91800 
81750 
58910 
44440 
41810 
39950 
39940 
38820 
37090 
49060 
43580 
40520 
39820 
36380 
41930 
40920 
40570 
37140 
40080 
37830 
40860 
39800 
39530 
36360 
39950 
42140 
43680 
40060 
39660 
40330 
44080 
50110 
62960 
53570 
54970 
53970 
54660 
55120 
56830 
55960 
54170 
59670 
54400 
55340 
