67010 
49600 
45060 
45110 
40060 
36950 
40520 
40280 
40830 
39540 
42660 
45660 
42870 
43790 
41840 
40250 
79520 
56760 
57570 
55600 
52940 
54890 
60150 
58950 
56940 
59480 
54710 
58630 
58550 
56180 
54040 
56040 
59040 
57340 
56740 
54110 
54970 
57260 
59570 
57970 
52870 
55170 
61410 
47130 
37470 
38050 
39000 
38080 
42840 
39750 
44460 
40450 
38260 
92970 
80750 
63390 
42000 
40610 
42490 
40060 
38830 
38790 
36960 
40050 
40750 
38780 
38020 
38740 
38010 
40320 
37470 
38230 
36780 
37860 
40610 
37920 
38950 
39820 
38020 
41830 
41530 
40660 
37030 
39120 
77230 
53700 
59890 
53820 
53160 
57930 
57760 
56880 
52680 
57150 
54180 
55680 
56290 
53360 
54510 
58960 
55920 
56140 
54160 
54610 
62160 
60280 
57640 
55620 
54790 
52470 
64030 
46770 
39480 
38380 
39790 
43520 
40620 
38740 
44340 
39950 
40070 
86240 
80590 
66680 
52080 
43170 
42780 
37850 
39240 
38160 
36260 
41630 
39450 
38110 
36950 
38110 
41740 
41540 
38420 
36580 
37400 
40850 
37120 
39270 
38050 
37290 
40490 
41360 
40340 
39040 
40830 
39960 
41710 
77760 
57640 
54310 
53340 
55660 
56740 
59550 
55590 
56630 
57430 
56890 
54150 
54320 
64760 
59770 
55720 
54890 
51750 
52880 
54710 
55210 
52380 
52670 
52440 
54500 
55920 
63840 
41670 
38080 
39180 
41730 
39000 
40120 
41050 
42370 
44120 
42290 
95540 
77940 
70120 
48400 
39470 
38710 
37510 
36090 
38320 
43210 
39440 
38890 
38240 
37720 
40830 
39330 
37310 
36960 
37340 
40230 
40630 
38880 
36340 
37110 
42370 
40800 
41600 
38990 
38360 
42250 
39570 
73810 
52430 
53370 
60440 
57450 
59550 
56060 
55020 
56420 
57140 
55380 
54750 
56210 
55110 
56020 
56010 
55160 
54170 
55370 
56030 
57090 
55670 
53360 
57720 
56300 
56830 
61380 
41700 
37600 
37180 
42910 
42520 
39440 
43990 
44910 
43560 
39770 
86510 
82840 
67720 
59880 
43780 
37950 
38260 
37520 
40570 
39770 
37990 
39070 
37240 
40210 
40550 
37460 
37410 
39100 
39200 
40240 
38630 
37900 
38090 
40450 
39740 
42350 
39120 
39660 
55080 
48340 
41420 
40130 
74000 
57940 
57150 
56470 
58540 
53610 
53780 
58100 
56130 
56810 
56640 
56800 
55440 
55530 
60680 
54170 
56130 
53900 
54950 
55060 
55530 
54700 
55120 
58390 
58540 
54420 
63760 
40040 
39680 
41360 
40150 
39740 
38500 
42710 
45980 
44450 
44800 
91830 
76350 
60650 
45780 
43530 
37510 
39260 
40200 
42070 
40620 
36380 
37720 
40980 
39860 
39390 
38010 
37120 
40560 
39470 
38790 
36710 
39660 
40660 
39640 
42170 
39960 
38310 
39950 
41730 
41970 
37450 
70090 
57180 
60420 
58960 
53860 
55480 
53490 
55140 
55750 
55770 
51360 
55090 
56800 
56020 
55180 
57890 
53420 
57860 
57390 
54910 
52190 
53730 
56070 
54950 
56400 
55060 
62190 
47910 
42930 
39390 
40680 
39750 
38120 
40820 
40640 
43080 
39320 
87940 
86880 
68780 
57590 
42790 
38590 
39290 
39160 
38460 
37180 
37470 
40210 
40040 
37610 
38300 
35480 
37740 
42970 
38860 
38240 
37790 
38170 
41240 
39130 
39140 
41100 
39900 
41980 
44070 
42070 
38630 
41730 
76410 
55800 
62390 
54240 
54380 
55400 
54910 
62090 
54850 
57380 
56740 
56910 
55430 
60540 
55840 
56080 
55320 
54900 
61740 
56830 
57330 
59920 
56210 
55500 
57520 
56150 
63140 
43280 
38720 
38800 
43110 
40980 
41630 
37700 
41980 
44980 
41740 
91590 
78670 
60770 
47830 
37350 
40270 
41540 
38430 
37510 
37270 
38650 
40140 
38990 
37810 
38430 
38550 
38920 
40730 
38170 
36600 
37630 
40310 
42600 
37970 
40110 
43120 
41780 
37980 
41850 
41150 
37670 
55220 
57670 
58870 
55690 
53840 
56350 
55180 
56980 
56760 
54830 
58690 
54890 
55100 
59180 
56180 
56050 
57770 
53560 
52630 
53850 
53850 
55950 
52360 
54290 
55710 
52510 
56950 
56890 
41640 
37140 
38180 
45180 
44170 
39370 
41110 
42990 
42920 
41960 
91330 
65540 
56700 
46270 
43900 
38690 
38080 
40970 
39690 
40270 
39230 
38780 
35250 
37060 
39690 
39310 
40870 
37930 
36430 
39980 
39240 
39080 
42690 
38890 
42980 
40580 
42040 
40290 
38580 
39450 
41850 
77210 
55990 
53690 
59630 
56760 
56180 
54900 
55850 
53980 
56910 
57070 
53910 
52500 
54690 
55700 
56630 
54900 
53890 
54600 
56490 
56940 
55830 
55050 
55190 
55360 
56690 
63020 
40760 
38280 
39860 
43700 
39830 
37540 
38850 
43550 
42330 
41690 
89590 
82920 
52440 
52430 
41740 
38230 
37570 
39910 
40460 
40740 
39010 
37620 
35590 
39380 
40020 
39970 
39660 
36540 
40840 
40110 
38000 
40630 
37170 
37580 
40560 
39640 
44750 
44470 
40860 
42040 
38970 
47740 
63340 
53930 
55850 
56180 
54690 
52820 
57520 
57730 
59670 
58110 
53470 
55410 
55310 
55330 
58520 
56290 
55230 
54020 
59130 
59030 
58820 
57240 
55060 
57290 
56370 
56170 
59310 
40770 
40810 
41870 
40390 
38830 
38760 
42180 
43050 
40630 
41230 
95510 
69800 
59120 
41510 
38690 
37490 
35920 
40080 
38510 
38210 
37560 
39070 
41170 
39780 
40130 
38000 
37540 
40440 
38570 
37300 
37910 
36530 
38020 
38330 
42530 
39130 
38310 
40300 
43640 
38400 
40390 
75710 
54880 
57350 
57040 
57510 
53770 
55780 
58120 
58200 
55390 
53950 
53650 
58900 
55150 
56350 
59720 
57520 
55680 
57360 
56700 
52610 
54890 
55870 
56700 
56210 
54890 
65600 
40870 
44100 
39830 
39520 
39420 
38560 
41730 
46850 
45190 
41260 
91600 
85800 
57960 
54170 
41480 
37620 
37000 
40740 
37820 
36540 
39260 
38100 
40510 
38450 
38400 
37030 
37440 
39140 
37160 
38080 
36910 
39300 
39550 
40620 
40470 
39790 
42660 
42130 
42780 
40640 
39750 
37970 
75260 
58000 
57680 
57670 
53650 
56490 
55060 
56300 
55100 
53340 
55830 
57650 
56970 
56600 
54540 
56150 
58550 
58200 
56750 
53310 
53960 
57650 
56410 
55620 
53550 
55790 
63160 
44310 
39970 
38670 
40030 
40510 
43220 
39860 
41880 
42070 
44290 
93220 
75970 
60010 
43620 
37780 
42480 
40470 
36890 
38250 
37410 
44850 
40210 
38520 
39770 
37920 
37990 
41210 
39610 
37590 
38980 
42140 
41170 
36840 
40550 
38020 
39830 
43520 
40490 
41850 
38390 
38670 
77440 
55940 
56840 
53590 
53600 
57070 
54510 
57390 
53480 
53980 
53860 
57580 
58250 
52680 
54880 
55070 
56070 
54760 
54590 
55700 
53820 
55000 
56740 
53700 
56290 
55950 
64600 
44370 
38290 
37800 
38050 
42690 
40920 
38720 
42850 
39860 
38790 
92850 
83910 
62030 
54220 
42240 
44720 
38410 
39320 
38750 
36740 
41840 
39870 
40890 
36680 
39150 
41170 
38270 
39130 
36750 
37470 
40330 
40090 
39610 
37620 
37260 
40520 
42450 
41320 
38930 
38110 
40270 
40550 
76850 
58600 
55910 
55230 
61590 
57880 
55270 
53730 
54910 
56420 
55100 
56080 
52830 
56370 
58750 
56510 
58110 
56520 
55400 
55490 
61250 
58280 
54550 
55020 
61430 
56940 
62460 
41130 
37240 
43290 
43750 
41500 
40020 
40830 
41240 
43830 
40730 
93240 
77410 
61640 
46270 
41050 
45600 
39940 
38200 
37970 
41150 
38670 
37660 
36560 
37990 
39970 
37960 
86000 
85740 
57950 
43180 
38650 
40160 
37920 
37500 
41620 
42090 
41930 
40310 
38870 
40760 
39910 
72330 
54520 
53890 
55110 
57400 
56920 
52670 
54210 
57170 
59210 
55440 
57720 
54840 
58040 
58830 
57670 
54150 
53860 
54090 
61470 
56290 
65140 
58400 
56340 
60200 
57690 
65860 
42950 
37640 
37460 
43740 
41960 
40190 
38260 
57440 
50130 
48310 
95090 
84900 
64040 
60890 
43300 
38410 
38870 
36340 
42080 
39570 
39050 
39590 
38010 
40770 
39800 
37870 
41120 
38380 
37530 
38870 
41080 
41150 
38870 
41010 
52350 
42270 
40100 
42660 
41230 
41820 
41280 
39790 
75030 
55630 
58730 
56560 
56740 
55510 
57220 
57670 
57640 
57630 
53070 
55330 
55950 
56120 
58970 
54430 
55810 
55310 
57350 
55740 
55590 
55430 
53420 
56340 
58100 
54180 
63130 
40990 
40200 
41580 
38640 
40630 
38880 
40740 
43630 
41040 
39560 
95830 
80920 
61590 
45170 
39740 
38520 
41330 
42110 
37480 
37590 
37320 
36090 
40200 
41490 
39800 
37320 
38540 
39860 
39630 
43140 
39820 
37950 
40150 
38870 
42480 
38630 
40610 
40440 
41440 
41500 
37740 
66380 
58560 
54770 
55620 
54690 
54060 
54020 
56180 
56440 
54550 
53470 
56980 
56260 
55230 
56170 
53500 
60290 
59320 
54700 
57180 
53390 
58200 
56350 
57840 
55170 
59970 
61310 
51130 
42350 
38860 
39640 
40750 
42760 
42020 
42350 
42870 
42720 
65360 
89170 
68220 
56680 
42460 
37840 
40450 
39230 
38440 
37810 
37760 
39130 
41470 
39390 
41570 
38700 
39160 
40380 
37740 
39190 
37010 
38260 
38650 
39530 
41740 
40520 
40330 
43470 
39590 
40180 
37950 
39320 
76740 
56220 
56700 
54610 
52290 
57840 
56540 
58920 
55510 
54090 
56640 
55860 
54450 
56850 
54980 
55010 
57440 
55290 
55250 
52890 
55940 
58040 
56600 
56010 
56290 
55020 
62160 
41530 
37690 
37640 
42510 
41060 
42970 
39240 
43920 
51100 
47780 
92060 
82070 
63220 
46060 
48020 
44260 
44260 
39060 
38880 
38400 
43390 
40070 
37460 
37740 
37840 
40960 
42190 
40560 
37550 
39270 
42690 
40440 
40390 
37470 
39870 
41080 
43150 
40630 
40380 
38870 
40560 
56960 
60870 
56770 
56240 
56760 
56470 
55560 
58640 
54480 
55600 
56800 
56650 
56870 
55020 
59010 
55330 
56980 
54290 
71010 
58830 
53510 
58110 
56320 
54000 
54300 
54430 
56770 
57530 
41870 
38160 
39100 
42110 
42160 
39290 
40230 
41220 
42420 
40260 
93500 
67750 
56930 
43960 
41250 
38430 
37030 
37200 
39710 
40830 
38740 
38570 
39930 
40660 
40920 
41100 
38890 
36180 
38290 
41030 
38780 
38060 
37030 
37300 
43570 
41230 
40690 
40470 
38690 
39380 
40730 
72220 
55960 
56430 
58150 
56910 
57210 
55870 
52560 
54420 
57950 
61380 
56230 
52660 
56870 
58220 
56800 
56760 
58950 
56080 
63500 
57860 
56540 
54460 
52440 
53560 
55780 
60740 
39920 
38040 
37210 
42020 
41410 
40360 
39400 
44360 
66750 
46240 
91670 
80200 
58830 
53780 
41330 
38120 
37590 
39860 
40940 
40150 
37620 
37580 
36610 
38710 
38090 
38080 
37870 
38140 
37300 
41060 
39740 
41450 
38630 
38750 
43210 
40990 
41760 
39230 
39030 
40990 
39160 
41070 
75360 
62030 
59500 
54940 
56870 
52320 
55020 
55070 
56650 
57770 
52770 
54680 
55950 
61380 
57060 
55320 
55320 
55200 
57350 
59390 
56220 
54430 
54050 
57880 
58120 
56160 
64360 
42390 
40550 
40640 
40280 
39920 
38510 
40030 
46400 
42100 
42690 
98520 
74680 
62980 
41950 
39680 
42080 
39460 
41050 
39380 
39930 
42530 
38370 
45100 
39520 
38550 
38540 
41840 
40630 
40010 
38800 
39310 
41110 
40910 
39640 
41590 
39220 
43010 
42470 
44310 
40480 
39840 
73720 
59210 
58880 
56360 
54460 
53020 
56020 
63420 
57010 
56680 
54300 
54830 
57370 
55290 
54940 
58230 
55780 
70900 
59380 
56790 
58460 
57380 
61100 
58080 
58780 
56250 
69990 
43560 
40930 
41500 
39860 
44940 
41870 
41730 
46230 
43880 
40630 
95720 
81680 
63330 
56140 
40680 
40880 
39820 
40960 
40260 
40360 
40680 
42870 
42890 
38610 
38920 
37210 
39250 
39710 
38290 
38600 
36730 
38380 
40320 
39880 
40250 
40100 
39510 
42150 
39640 
40950 
39330 
40230 
76500 
58700 
62950 
55480 
52220 
62190 
57610 
54580 
57990 
58960 
55400 
57840 
56790 
62350 
54330 
56040 
55910 
56550 
55830 
53760 
55400 
60280 
57610 
56650 
53160 
53470 
60580 
44570 
38810 
39250 
41270 
39420 
41370 
41200 
45600 
41320 
38420 
96770 
77230 
61310 
43820 
36630 
41410 
41060 
38610 
37280 
39350 
40580 
39450 
37840 
37150 
35890 
44120 
40770 
39090 
39260 
39280 
38720 
39100 
40450 
39600 
38970 
40140 
44410 
41170 
38400 
38680 
38480 
76030 
55190 
55560 
54950 
54980 
55400 
55630 
55060 
54960 
55760 
55220 
54410 
55070 
53860 
55970 
55550 
55160 
54020 
55160 
55740 
56990 
58880 
56450 
55780 
55490 
53060 
62150 
45310 
36290 
36380 
39060 
42670 
42520 
38670 
47740 
42480 
41160 
91600 
82650 
66220 
54920 
43180 
44830 
40310 
38720 
36450 
41550 
41670 
38470 
38670 
37760 
37360 
39990 
39140 
38630 
38180 
38270 
40580 
40400 
39190 
39260 
37780 
40040 
42100 
40980 
40120 
37920 
40600 
40510 
70500 
56840 
55790 
56460 
58170 
58240 
57670 
53240 
55410 
56730 
56230 
54060 
55390 
56310 
57150 
59500 
58240 
52140 
53590 
57510 
53570 
55700 
53120 
55530 
54100 
58190 
61820 
41070 
41190 
38960 
40660 
40290 
38900 
38090 
41790 
43740 
41160 
91200 
78640 
59500 
49700 
44240 
40040 
37720 
38550 
39340 
39950 
40130 
37370 
37290 
37390 
40350 
37830 
38720 
37380 
37130 
41630 
38660 
38730 
37600 
37300 
41800 
39350 
42290 
39740 
38200 
41510 
55020 
75640 
60620 
57910 
55780 
58310 
59310 
54280 
54340 
62640 
61560 
61150 
56800 
55150 
54950 
58780 
55270 
53430 
51340 
54810 
57150 
60780 
57030 
54300 
54230 
57660 
57320 
62660 
46360 
39820 
37260 
41550 
40780 
41720 
40450 
40660 
46140 
39670 
81690 
87600 
68470 
65900 
44520 
39420 
37240 
36750 
44170 
39560 
37870 
36930 
39790 
39580 
38420 
38860 
36680 
40380 
39940 
40330 
50650 
43610 
39780 
38630 
40470 
40070 
39580 
40750 
40360 
40560 
39220 
38280 
75000 
60740 
59050 
57130 
55540 
56170 
56110 
57990 
59290 
55890 
54330 
53390 
54780 
55830 
61650 
54490 
55580 
54810 
56830 
55580 
57110 
55420 
52290 
56290 
55680 
54890 
60610 
39590 
38300 
40060 
41040 
41350 
41610 
43370 
45520 
43070 
39870 
92550 
80470 
62860 
44800 
43080 
42160 
38310 
40330 
38790 
38840 
38340 
36940 
42020 
38510 
38150 
38180 
37390 
42000 
40110 
40410 
37080 
37930 
40280 
39330 
42340 
38670 
40520 
41350 
45670 
42350 
38810 
51910 
63070 
56190 
56650 
53940 
52720 
54500 
56860 
55450 
55710 
53880 
55390 
56590 
58400 
56230 
57230 
57660 
57840 
56150 
55770 
58340 
56290 
54550 
58720 
54510 
56800 
55250 
57370 
43970 
38500 
40650 
39530 
38710 
40370 
42490 
43170 
40850 
38600 
93580 
67110 
57870 
43680 
43000 
45560 
42230 
37280 
39070 
39650 
39020 
41670 
38490 
37850 
37790 
40200 
40880 
37400 
37570 
36710 
36910 
40750 
38290 
39590 
39760 
41500 
45750 
40960 
41420 
38740 
38150 
75170 
55340 
56420 
54700 
59740 
56220 
60190 
56170 
54930 
55530 
55850 
55790 
54910 
55600 
53750 
54300 
57060 
56650 
55400 
55820 
54720 
55750 
57500 
57260 
54240 
55840 
64630 
41620 
40170 
37980 
40190 
40680 
41150 
37890 
43240 
42310 
39120 
90740 
80420 
55420 
50960 
39850 
42350 
39720 
43120 
40290 
37660 
40110 
39040 
49180 
40120 
37180 
40770 
39300 
37340 
38710 
37540 
38660 
41760 
40550 
37360 
39160 
39780 
43000 
39680 
