113200 
45000 
42720 
41340 
39600 
37790 
39090 
38420 
39260 
41020 
38170 
40380 
36930 
37720 
38610 
42790 
38890 
39770 
38870 
40920 
41070 
38640 
39130 
39140 
42460 
38230 
39320 
36520 
40290 
38890 
38450 
40460 
37860 
38090 
41680 
38780 
39150 
36210 
36710 
38040 
38990 
39850 
37610 
36470 
40340 
38220 
38800 
36590 
36020 
38290 
38530 
39080 
37970 
39050 
37650 
38860 
41620 
38700 
36270 
38880 
39410 
37390 
38390 
37490 
37230 
38280 
38260 
39710 
38590 
37770 
39060 
38140 
39180 
37730 
38010 
37270 
39640 
37860 
38320 
39910 
38820 
38590 
38900 
37120 
37670 
36960 
39320 
38650 
37500 
37370 
36920 
37660 
38190 
37800 
37990 
36600 
38000 
38170 
38880 
38530 
37960 
38040 
38940 
38510 
39670 
37070 
37700 
41280 
37310 
39070 
37970 
38790 
38760 
37230 
38260 
36500 
37120 
37760 
40230 
42090 
37170 
39610 
38270 
41080 
39280 
36870 
36890 
37300 
38120 
39360 
38940 
38730 
38280 
38290 
38660 
38180 
36580 
36060 
37970 
38940 
37990 
36520 
38220 
37080 
38490 
38480 
37270 
38780 
39050 
39980 
38950 
35880 
38780 
37380 
39880 
38760 
40280 
37260 
37280 
38180 
40700 
38250 
37890 
36380 
39840 
37630 
37810 
37550 
37410 
37850 
39550 
38300 
38460 
36410 
38900 
38490 
39610 
37670 
36830 
38620 
39470 
38740 
50730 
39960 
36670 
39820 
37990 
38390 
37230 
37790 
38720 
37290 
38410 
38030 
39570 
36930 
37870 
38700 
35810 
37640 
37490 
38900 
39580 
37100 
37830 
36560 
39800 
40510 
37640 
38050 
38320 
39210 
38270 
37110 
38690 
37940 
39120 
39420 
37520 
38360 
37440 
38040 
42830 
41720 
38980 
36810 
37890 
38420 
39020 
37930 
37670 
37250 
39790 
38710 
38930 
37070 
37280 
38730 
37900 
37340 
35980 
36690 
38960 
38290 
38170 
37640 
38630 
38020 
38930 
38470 
37360 
35640 
37130 
37330 
39530 
37350 
37900 
39870 
39250 
39000 
37190 
37070 
39040 
39460 
39350 
39170 
37280 
38880 
38540 
38720 
37890 
38670 
37320 
36890 
39260 
38370 
37560 
37930 
37880 
38890 
39220 
37000 
38420 
37680 
40840 
39030 
40890 
38410 
38820 
38220 
38160 
38220 
37270 
35790 
39120 
38950 
37210 
38710 
37060 
39770 
39710 
39760 
39150 
37770 
38220 
39130 
43720 
37830 
37100 
37620 
38760 
38120 
38010 
38170 
38020 
38030 
39700 
38310 
37790 
38950 
40520 
40310 
39680 
43010 
37540 
38080 
37050 
39010 
38800 
37160 
38190 
39850 
38720 
38440 
38970 
37620 
39240 
38410 
37150 
35620 
37930 
39210 
39770 
41370 
39170 
36690 
39870 
39710 
37810 
37550 
38690 
36950 
39340 
37660 
37430 
36770 
38060 
39620 
37720 
37310 
37280 
37620 
39500 
37680 
36570 
37320 
37100 
39730 
39460 
36400 
37060 
38250 
41540 
38300 
38520 
37490 
36710 
37090 
39230 
39870 
50930 
41140 
38090 
38760 
38990 
37510 
36330 
38700 
38440 
38000 
37950 
37610 
37690 
39280 
39640 
39010 
38490 
37790 
39890 
37760 
37420 
36590 
37910 
39260 
37860 
38240 
37830 
37000 
37620 
38630 
38760 
36810 
39070 
36920 
38320 
38720 
37270 
37990 
36570 
40110 
39690 
38720 
38680 
38800 
41110 
40370 
37230 
36180 
36490 
37000 
39160 
39420 
37300 
36840 
39240 
38420 
39090 
40090 
37080 
37760 
38960 
38620 
38160 
36640 
36160 
39940 
39430 
38680 
36680 
37910 
40760 
40140 
39220 
36810 
38400 
38050 
39620 
38410 
37130 
36340 
38040 
37410 
39050 
37340 
36880 
37520 
39440 
38720 
37920 
36680 
37400 
39200 
39300 
39410 
37530 
39900 
38930 
38250 
37750 
37660 
38410 
38230 
39300 
37810 
39070 
36290 
37450 
41400 
38910 
39890 
39940 
37090 
38550 
38110 
37510 
41330 
37900 
38460 
39290 
37640 
38560 
37710 
39600 
37730 
37820 
37260 
37020 
37480 
38220 
38120 
37730 
36240 
38600 
39330 
38880 
38000 
39390 
37710 
39670 
39220 
38770 
38420 
37880 
38590 
41140 
41700 
38640 
37680 
38710 
37840 
38980 
37010 
37880 
37600 
38730 
38410 
38600 
38900 
40400 
39490 
39650 
38150 
38250 
36480 
38540 
38080 
37610 
37390 
36940 
39370 
39110 
37590 
38580 
37410 
38530 
40060 
37270 
37300 
36580 
37950 
39180 
38360 
39930 
37600 
37760 
37990 
39470 
38590 
36320 
36610 
40460 
38120 
39330 
37170 
37110 
38820 
39790 
37910 
37960 
38560 
39090 
37640 
40100 
37790 
38640 
39060 
38450 
40160 
41120 
39410 
38980 
39660 
39160 
37290 
36220 
38000 
38920 
39730 
37480 
37300 
37370 
38490 
38440 
37070 
37630 
38480 
37950 
38970 
38360 
36510 
36650 
37030 
37960 
39070 
37170 
38030 
37720 
41010 
39130 
37720 
37410 
37500 
38980 
40440 
40490 
38930 
39850 
39250 
38440 
38420 
40980 
37230 
39740 
38010 
37470 
36580 
37690 
38390 
39090 
39740 
38390 
36530 
37130 
40690 
38910 
39300 
36370 
37200 
39000 
38240 
38430 
37780 
36690 
38960 
39350 
39260 
39700 
37340 
39570 
39730 
39100 
38240 
37320 
38380 
40670 
40140 
37680 
37740 
42450 
39840 
38630 
38690 
36220 
36590 
38190 
39010 
36870 
37910 
37740 
39940 
39860 
38160 
37360 
38680 
38960 
39730 
37650 
37080 
38230 
38030 
39570 
38800 
37540 
38220 
39750 
38910 
39600 
38260 
38580 
37380 
40100 
39890 
38370 
38290 
36420 
40010 
38720 
38250 
38830 
37200 
38020 
38160 
37440 
36590 
38880 
38740 
39060 
37320 
37970 
37630 
39390 
39740 
38330 
40310 
40060 
38360 
39170 
39920 
38480 
37820 
38120 
39000 
39550 
37950 
38000 
38070 
39310 
38350 
38420 
37740 
38910 
36380 
40070 
39180 
38600 
37970 
37940 
38490 
38250 
37440 
37740 
37110 
38630 
38570 
37160 
36410 
37450 
38080 
39550 
37890 
37470 
36940 
40980 
40120 
38960 
39340 
37780 
38050 
39810 
38980 
38250 
37760 
37870 
39190 
38650 
38080 
37560 
37340 
39800 
39980 
38510 
38500 
38120 
39300 
38680 
38760 
36400 
37110 
39520 
38690 
39730 
37060 
36530 
37480 
38050 
37870 
38060 
37130 
39380 
38030 
38600 
37260 
40150 
37790 
38060 
38860 
37800 
36820 
37500 
39700 
38120 
37730 
37920 
36940 
38300 
39360 
37920 
37170 
38320 
37880 
39950 
38580 
38140 
37780 
40870 
39870 
38950 
37630 
40590 
36830 
37920 
39350 
37890 
39010 
39810 
38730 
37110 
36790 
36420 
36560 
40890 
38830 
36770 
37500 
37400 
38220 
38770 
39280 
37890 
36900 
37730 
38300 
37990 
38180 
37970 
37160 
38670 
37630 
38520 
37520 
37800 
38420 
42350 
39720 
37960 
38870 
41060 
38900 
38930 
37420 
38630 
37710 
39650 
39130 
38120 
38500 
37120 
40370 
39580 
37190 
37400 
38110 
40200 
39850 
38100 
38380 
38680 
38770 
37990 
36890 
39450 
38010 
39730 
38280 
39030 
38740 
37860 
37580 
38850 
37890 
37510 
37320 
37880 
38130 
38140 
37000 
38200 
39120 
40350 
39110 
38400 
37900 
36820 
38500 
37000 
37170 
37890 
36940 
40480 
40370 
38170 
39930 
37450 
39630 
39160 
40810 
39300 
47950 
41670 
40060 
37990 
37310 
37030 
37650 
40200 
38310 
38860 
38140 
38780 
39310 
38880 
38950 
36960 
38760 
38160 
37230 
37750 
37440 
37850 
37370 
37680 
38870 
36690 
36620 
37050 
37240 
38330 
36460 
36430 
37820 
39580 
39630 
39220 
37240 
36460 
38620 
39160 
38050 
37710 
39220 
41650 
39820 
38510 
38540 
39650 
37680 
39900 
38380 
37220 
37040 
40280 
38160 
38980 
37240 
37090 
39000 
38780 
38780 
41130 
39230 
37770 
44270 
39540 
39540 
36290 
38690 
40240 
38950 
38480 
37970 
40550 
38020 
42840 
40980 
37030 
37630 
39930 
41330 
38680 
37600 
37050 
40340 
39600 
39370 
39000 
36950 
36750 
41080 
39120 
36860 
35970 
36970 
41150 
39150 
38570 
39970 
37240 
38040 
41690 
39530 
38170 
39270 
36930 
40750 
37960 
37700 
39100 
38650 
39330 
39510 
39680 
37610 
39590 
39010 
38710 
37010 
37290 
36490 
39680 
37840 
37850 
37710 
38690 
37800 
39270 
38310 
39110 
37630 
38510 
39520 
39040 
38810 
38360 
38550 
38730 
38880 
37950 
38580 
36450 
39810 
40490 
38680 
37890 
36550 
38260 
37810 
37280 
36360 
37080 
37550 
38420 
39370 
38060 
37870 
37230 
37320 
38850 
37340 
36880 
38200 
39760 
38290 
38560 
36540 
37330 
38560 
39670 
37490 
37730 
36160 
39300 
39040 
37610 
38650 
36380 
36740 
37980 
37450 
37360 
36460 
37050 
38830 
39220 
38540 
36920 
36280 
41620 
39270 
38650 
37170 
36270 
39980 
41950 
40860 
37200 
41190 
39450 
38790 
39830 
37120 
50320 
43260 
39790 
39450 
37670 
37740 
38250 
38080 
39010 
36070 
36040 
36100 
38960 
39900 
37530 
36880 
37250 
39900 
41220 
37960 
37210 
38130 
38740 
38830 
37880 
36500 
37130 
37530 
38440 
38120 
39730 
37970 
37300 
40120 
38810 
37430 
38960 
37400 
44260 
37840 
37240 
40060 
37010 
40080 
39180 
37470 
38380 
38270 
38230 
40020 
37730 
37850 
37420 
37960 
39770 
39300 
38630 
37550 
37540 
39180 
38330 
36710 
39080 
38690 
39140 
39970 
39080 
36910 
37610 
38950 
38050 
37760 
37770 
36180 
40260 
38740 
36890 
37410 
36760 
37860 
38860 
39150 
37490 
38960 
38300 
39570 
39560 
40350 
40160 
38780 
39500 
38400 
39640 
37670 
38540 
38870 
41110 
39780 
36100 
38660 
38420 
38260 
41750 
37230 
37780 
37630 
39130 
38960 
37080 
37250 
38880 
38780 
38990 
37960 
40200 
37180 
39960 
37000 
37660 
36420 
38100 
39410 
38160 
37260 
37700 
37490 
38250 
38270 
38440 
36660 
37260 
37210 
38660 
38330 
37740 
37900 
40210 
37900 
40780 
39970 
38610 
37530 
39490 
38020 
37570 
37350 
38550 
39520 
38710 
39500 
37680 
39280 
37980 
38230 
38340 
38320 
38020 
38920 
40730 
39760 
37750 
37920 
36890 
38010 
39090 
38630 
38490 
38400 
39820 
39850 
38540 
37880 
38550 
38350 
38300 
37620 
38940 
36210 
38490 
38120 
36600 
37770 
36640 
37180 
37770 
38130 
37420 
37060 
39180 
40630 
39240 
38870 
37400 
37330 
38820 
37690 
41320 
38620 
37580 
38750 
37420 
38570 
37640 
39850 
40300 
37180 
37210 
36230 
37760 
37690 
38610 
38110 
36960 
36930 
39870 
38430 
39620 
38080 
36940 
38450 
38810 
38770 
37700 
36830 
38060 
38370 
38430 
37850 
37100 
51020 
46250 
38910 
37590 
37420 
38550 
37630 
40110 
40420 
40790 
39180 
38810 
41550 
39420 
38530 
39140 
37820 
39540 
38050 
37910 
38350 
37580 
38510 
37140 
38060 
36520 
36720 
38770 
37530 
36980 
37040 
37700 
37280 
39600 
39140 
39050 
37480 
38520 
39280 
40300 
37920 
37720 
38660 
39740 
39340 
36880 
37520 
37090 
38890 
37350 
38980 
36910 
37150 
39470 
37150 
39040 
37070 
38170 
38120 
39850 
39500 
38320 
37130 
36670 
37990 
40010 
36970 
40870 
37180 
38810 
38400 
38600 
37950 
36390 
40760 
41290 
38610 
38040 
37230 
38610 
41250 
39460 
49010 
39200 
39650 
39130 
38060 
37990 
36660 
38690 
40600 
40430 
36340 
38170 
36860 
41220 
38860 
39880 
39220 
36920 
39890 
38830 
37130 
38660 
37990 
39160 
39100 
38050 
40120 
37540 
39570 
41530 
39360 
38760 
36970 
39510 
37640 
39590 
38530 
37470 
39170 
38210 
40650 
38690 
36430 
36880 
39270 
39270 
39090 
37370 
40110 
39540 
38530 
37700 
37590 
40040 
37440 
38310 
38910 
38070 
38130 
38900 
38120 
39970 
38000 
38750 
37590 
39020 
38550 
38320 
37600 
37950 
38820 
39650 
38660 
37660 
37340 
39200 
39510 
37260 
37480 
37930 
39180 
40290 
39090 
36710 
37590 
39750 
38670 
38530 
37260 
36790 
37540 
39210 
37270 
38030 
39840 
39210 
38760 
38340 
39700 
37490 
37280 
39830 
37950 
39960 
38340 
37810 
38910 
38760 
39130 
37180 
38700 
39060 
38610 
39310 
36840 
37260 
38440 
40250 
39630 
36970 
37860 
37990 
40200 
38960 
41020 
38170 
38150 
41250 
39990 
37820 
38440 
38230 
38490 
39320 
37830 
38650 
38470 
37810 
39820 
38420 
37470 
38640 
37320 
40340 
37940 
37970 
37670 
37010 
38710 
39810 
37660 
38450 
37050 
40700 
37430 
39570 
38920 
39680 
39480 
39330 
38930 
39530 
38030 
38300 
37930 
38390 
37170 
36420 
37340 
37730 
39280 
37820 
37270 
37310 
67130 
50970 
40820 
38540 
39080 
39640 
40090 
39920 
37140 
38470 
36750 
41810 
39000 
37340 
37760 
37690 
37960 
38800 
36440 
36920 
39880 
42260 
38010 
39040 
39200 
37040 
38280 
38110 
37100 
37500 
38380 
39220 
39380 
38100 
39120 
37570 
38670 
38680 
40850 
39590 
38030 
37250 
38110 
39090 
36770 
37270 
37190 
40050 
38210 
39060 
37400 
37700 
40670 
38550 
39060 
38010 
37310 
40780 
39360 
38560 
36280 
37980 
37490 
37710 
40350 
37960 
36490 
38100 
39220 
38570 
37760 
37450 
38310 
38810 
39020 
38570 
36900 
37560 
38460 
39430 
39060 
37710 
38980 
38720 
39770 
38160 
36840 
37150 
38360 
38900 
40860 
37800 
38900 
36830 
38800 
40570 
37330 
38220 
36520 
37860 
38280 
38330 
37140 
37290 
39540 
38400 
39780 
38580 
38020 
38940 
38430 
38340 
40040 
36730 
36570 
40870 
38850 
38430 
36990 
36850 
38100 
37940 
39170 
38540 
37700 
40380 
38260 
38970 
39670 
39070 
39480 
38390 
38390 
38010 
37340 
41900 
38630 
38060 
36820 
36680 
39790 
40020 
38280 
37310 
36070 
38170 
37690 
38990 
36820 
37570 
38510 
38650 
39070 
40410 
37950 
38660 
39100 
39400 
38940 
37050 
37150 
38400 
39380 
37280 
38970 
38690 
38490 
39650 
39110 
37260 
38580 
39080 
40110 
39340 
36670 
36970 
36460 
39750 
41040 
37420 
38380 
37880 
39720 
37800 
35610 
37170 
37050 
39470 
41010 
36860 
37910 
36780 
39400 
38170 
37230 
38510 
37260 
37220 
38820 
38610 
37570 
37270 
38880 
40490 
38180 
38600 
38230 
37600 
40090 
38510 
37300 
37070 
39910 
40530 
37830 
39420 
36440 
39500 
37430 
38700 
39330 
38890 
38350 
42350 
38270 
39960 
37900 
37840 
40260 
39220 
38720 
38110 
37520 
37920 
39330 
39530 
38250 
38040 
40400 
38820 
39410 
37830 
39200 
39200 
38570 
39960 
38740 
37730 
37540 
38070 
40690 
38170 
37180 
37750 
37750 
39180 
39460 
41230 
38070 
36800 
40000 
36790 
38660 
36210 
38030 
50200 
40890 
38490 
37960 
36900 
38890 
38380 
39060 
38120 
37730 
38180 
38890 
39890 
38140 
36860 
37870 
38230 
39770 
38220 
37670 
37690 
37790 
39310 
41250 
38350 
38710 
38850 
37700 
37580 
35850 
38200 
37870 
38930 
37860 
36310 
37140 
37210 
36980 
40070 
36360 
38330 
36270 
50250 
46570 
40260 
37460 
36930 
42720 
38720 
38800 
37150 
37830 
37740 
39230 
38410 
37160 
36360 
37880 
38240 
41110 
40180 
36030 
39200 
38960 
40890 
39690 
39140 
37480 
41660 
39580 
38110 
37570 
37050 
41380 
37660 
37000 
38080 
36760 
38560 
38110 
37100 
36460 
36320 
36940 
37370 
38600 
36200 
37650 
38490 
40500 
37910 
38890 
38140 
36620 
42120 
38090 
37860 
38380 
38180 
41570 
40600 
37820 
38330 
37890 
41640 
39990 
39190 
37390 
37010 
40250 
39270 
40920 
39140 
37330 
37670 
40150 
40070 
38730 
37090 
37600 
