81040 
69350 
81420 
81480 
75980 
76620 
75530 
75580 
80570 
76410 
82780 
79680 
77320 
79370 
79370 
76030 
79470 
67610 
69460 
71620 
68580 
69380 
73840 
71500 
74960 
68240 
82320 
73530 
70200 
71540 
75000 
70900 
68820 
72740 
72000 
73530 
74410 
75710 
72430 
70920 
69660 
71760 
70600 
70120 
71650 
72520 
74370 
70210 
71050 
76080 
72990 
71370 
70900 
71290 
73530 
70250 
70280 
68650 
69670 
68700 
69250 
70460 
71130 
69290 
72040 
69610 
72970 
80580 
70750 
71690 
71850 
71120 
74940 
72260 
71800 
71520 
70310 
70100 
70870 
72110 
71010 
70770 
69620 
72140 
69120 
70070 
71130 
66600 
73710 
68320 
70650 
72270 
73830 
73010 
69180 
70760 
72930 
70390 
72550 
75840 
71610 
72260 
73240 
72010 
73350 
71110 
73560 
69310 
72320 
70450 
69960 
71270 
76100 
69740 
72890 
70920 
70380 
69190 
72770 
69680 
70670 
69970 
72630 
71670 
68290 
71770 
69030 
68670 
71780 
72110 
70920 
70220 
72430 
70070 
69580 
67570 
71620 
67880 
76630 
69660 
71800 
69470 
68910 
69830 
72680 
69450 
71830 
70950 
69620 
78520 
70700 
71150 
69680 
70780 
79350 
71170 
72840 
69410 
78060 
70140 
71730 
68730 
72970 
73360 
73580 
70930 
70390 
69860 
70300 
71230 
73080 
68970 
70350 
70960 
73080 
73050 
76600 
70970 
70580 
72590 
77130 
75300 
69420 
71360 
72400 
71230 
72140 
72930 
71800 
79680 
71870 
70570 
71350 
69960 
71880 
69440 
74060 
70820 
70530 
71200 
75460 
72830 
67620 
68940 
75090 
71860 
71490 
70880 
72990 
72300 
71840 
71240 
72200 
70680 
72300 
71020 
71900 
72600 
70050 
72870 
70300 
72890 
70390 
69540 
69660 
69090 
76470 
71060 
72220 
70110 
72090 
70610 
71530 
67230 
70740 
66940 
70750 
71870 
70550 
68110 
71560 
70370 
70460 
70930 
71060 
69250 
67700 
69920 
71560 
68790 
74160 
73020 
71800 
70530 
72270 
69900 
71560 
71030 
70400 
73460 
67510 
70400 
69520 
73830 
73400 
74490 
72920 
71330 
72690 
70680 
70210 
72450 
71640 
71610 
74320 
70820 
73870 
70860 
72510 
70550 
71890 
70560 
71280 
71510 
72270 
70990 
72250 
69860 
70560 
73690 
71720 
79210 
70370 
73450 
71700 
69120 
71820 
69750 
69160 
72500 
78050 
73190 
71110 
70360 
74850 
72030 
74350 
72130 
69030 
72750 
76650 
69350 
73180 
70250 
71630 
73050 
70570 
71440 
67730 
73700 
73990 
72770 
75500 
75340 
72710 
68850 
72970 
67360 
69330 
69400 
71250 
74840 
70570 
73780 
71580 
71550 
69880 
72700 
70820 
70780 
70220 
72610 
70830 
69990 
71850 
70880 
70590 
71130 
71600 
71130 
72510 
76830 
74190 
71810 
72040 
69800 
71020 
73910 
74170 
71740 
72420 
71150 
70550 
72160 
69550 
72640 
72490 
71790 
70380 
71800 
69270 
74770 
71420 
71560 
69130 
72730 
69670 
73370 
74030 
73510 
71820 
69390 
72340 
71930 
70530 
70000 
69000 
71260 
72210 
71430 
70730 
68890 
72720 
73380 
70970 
69770 
70230 
70090 
71230 
69370 
72800 
75180 
69650 
70280 
72480 
69660 
70190 
69790 
72820 
75940 
71700 
71490 
72590 
69990 
74560 
70140 
71780 
69110 
73910 
74170 
69920 
67370 
73980 
73020 
73790 
71420 
70050 
69710 
69300 
70890 
73990 
70510 
72100 
71040 
72540 
70210 
71730 
69460 
69600 
69880 
72060 
68110 
69850 
69230 
73150 
73140 
69300 
69930 
69540 
71250 
72540 
76500 
71410 
72740 
69950 
74770 
69270 
69830 
68590 
71830 
71310 
74710 
73660 
68460 
68480 
70390 
71350 
68200 
72370 
69960 
73700 
71470 
69720 
70890 
72480 
68810 
72640 
71160 
69010 
68200 
68570 
70320 
73160 
69860 
70130 
68900 
68360 
73740 
70880 
73630 
70120 
73920 
71530 
68350 
72140 
72030 
70610 
72650 
72180 
70130 
69960 
76490 
70370 
73750 
75260 
72080 
70720 
72500 
73060 
70260 
71530 
69630 
72550 
73420 
71310 
70980 
69950 
70880 
70240 
70430 
71430 
70310 
70520 
70930 
75660 
71200 
70210 
72680 
73490 
73830 
69700 
72970 
71520 
72060 
76930 
71070 
69730 
70870 
71180 
72030 
72510 
72570 
70180 
73100 
71720 
73500 
70390 
71050 
69740 
72970 
71360 
74700 
72190 
71180 
70260 
70180 
71380 
70320 
72390 
71860 
70590 
72330 
71010 
70820 
71770 
70890 
70410 
69900 
71610 
71060 
72230 
71930 
69760 
68190 
73840 
70260 
71270 
70560 
69800 
71110 
71720 
71120 
68780 
70930 
69940 
71110 
69830 
71860 
70430 
70240 
72310 
73170 
70280 
72170 
70210 
72650 
70480 
72520 
67580 
71150 
69630 
76470 
76170 
71160 
69740 
70040 
70710 
73200 
70620 
71360 
70510 
70190 
71440 
75780 
70810 
69920 
70230 
72420 
71110 
72170 
71290 
72400 
71890 
71350 
71260 
71640 
70740 
75800 
72480 
70820 
72940 
77560 
76310 
70660 
73430 
73330 
71290 
70750 
72360 
69710 
73550 
70760 
70270 
75700 
79500 
70140 
72890 
72900 
71270 
70410 
71230 
71620 
76980 
73160 
70610 
69620 
72830 
70330 
70920 
71570 
73810 
69220 
72060 
70720 
71480 
69620 
70540 
69260 
68750 
70770 
70510 
69630 
70220 
72010 
71930 
72960 
68570 
70330 
72810 
72750 
74270 
70440 
72620 
70260 
73580 
72510 
72320 
70370 
69950 
71910 
71570 
71870 
69410 
71010 
75500 
72960 
69990 
71450 
70900 
71150 
69660 
70380 
79430 
68470 
71170 
71630 
68310 
70570 
68540 
71000 
71220 
71010 
69320 
74410 
71590 
71320 
69220 
70990 
72490 
68640 
71800 
69950 
71590 
69470 
70260 
71920 
74250 
71610 
68940 
70800 
71900 
71880 
70350 
70160 
73050 
73220 
68990 
71530 
70800 
72290 
70460 
72040 
71110 
68900 
70490 
70690 
73010 
71920 
69350 
67020 
72480 
69520 
78030 
69870 
70040 
69550 
72010 
73820 
72930 
69350 
70460 
67830 
72940 
72670 
68710 
69220 
67970 
72760 
71320 
68560 
73760 
71430 
73210 
73270 
72170 
72900 
81400 
70960 
75930 
74330 
70330 
72860 
72040 
72910 
69790 
73500 
69570 
72020 
72840 
71530 
69320 
72130 
71160 
72960 
69010 
71470 
70620 
69080 
71350 
71980 
69810 
70600 
77250 
70830 
72110 
70560 
69950 
67480 
70620 
70270 
73160 
69480 
70540 
72160 
69330 
70720 
71210 
68870 
73830 
71600 
74110 
70500 
71290 
71540 
68240 
72740 
71090 
76710 
73080 
71010 
74060 
72060 
69930 
72260 
70070 
74830 
71410 
68680 
70760 
71700 
71670 
69600 
70450 
70570 
70870 
71800 
72190 
69000 
71570 
69270 
73280 
70410 
76900 
69490 
69730 
70230 
71970 
74000 
68220 
69180 
73740 
72400 
69290 
71750 
70920 
69870 
70460 
71230 
70380 
72620 
70850 
70490 
69250 
73180 
69300 
70740 
69960 
74200 
72740 
69790 
71870 
71180 
70980 
70720 
68790 
71500 
70300 
71500 
70920 
70980 
69410 
72770 
69430 
71850 
68940 
72470 
69110 
74080 
71990 
72380 
70210 
72110 
75390 
74330 
72450 
70420 
70040 
69900 
70830 
71390 
74530 
69900 
68790 
71500 
70760 
73850 
69950 
70270 
69720 
71750 
69800 
75500 
70590 
71260 
72730 
70510 
75780 
72330 
71220 
73350 
72110 
66850 
72730 
71080 
76200 
72440 
71570 
71280 
70360 
71220 
67510 
69310 
69200 
69500 
67970 
70270 
70160 
72970 
69010 
70780 
69390 
71310 
69540 
76610 
69270 
71800 
71750 
71700 
69880 
70010 
70650 
71630 
68960 
70180 
71560 
71120 
70950 
70160 
70550 
74430 
69900 
71330 
68920 
70290 
68880 
73480 
70940 
71040 
75100 
69350 
71520 
72100 
71240 
68670 
69960 
72620 
71870 
69930 
69540 
70670 
68910 
72500 
69650 
71630 
69040 
70820 
68600 
71050 
70020 
71680 
67340 
72340 
71560 
75480 
72380 
69070 
71340 
70150 
73670 
70950 
70990 
69030 
75630 
74410 
74800 
68930 
72200 
70160 
70340 
70230 
68930 
72570 
71030 
71330 
70360 
68780 
71040 
69510 
75090 
78640 
71200 
71090 
69810 
72090 
70440 
73180 
71700 
71190 
74030 
68040 
68030 
71390 
71090 
75890 
69160 
70600 
70630 
70630 
68860 
71670 
68530 
69270 
68630 
75760 
74200 
70870 
72280 
69630 
72500 
70050 
70290 
69250 
72840 
71010 
70570 
70780 
70630 
70160 
72940 
69440 
71980 
68330 
68790 
68580 
69240 
69500 
71410 
71730 
70620 
74310 
73180 
73730 
70680 
72280 
69340 
72800 
70840 
70830 
68700 
69280 
70890 
73560 
67270 
69890 
71790 
71300 
69550 
69600 
70860 
70740 
72630 
70590 
67600 
69820 
76850 
71200 
70250 
71670 
70450 
71390 
72100 
72280 
69970 
68540 
70290 
70780 
71950 
71010 
70090 
70780 
71220 
72270 
69490 
71440 
67970 
73590 
73640 
72970 
70380 
71070 
69620 
73370 
71470 
70550 
68410 
73030 
69360 
70060 
70570 
68940 
71330 
70250 
70870 
71370 
71580 
72940 
69840 
71620 
67830 
70980 
72700 
69860 
72650 
68360 
76060 
68350 
68360 
70760 
70150 
72780 
67960 
68660 
73240 
70920 
71290 
69250 
72670 
74240 
70360 
69620 
68860 
71570 
70580 
71230 
69500 
71880 
68900 
73230 
72180 
72480 
71710 
72760 
67730 
71580 
70640 
69930 
68930 
71040 
72190 
73200 
69340 
69600 
70990 
72010 
72500 
72730 
69970 
69520 
69950 
70570 
72580 
71070 
71530 
69230 
77100 
73030 
72240 
71710 
69020 
73180 
71620 
70680 
70130 
79480 
75100 
71620 
70240 
70210 
70350 
72590 
69510 
69040 
69860 
68770 
69700 
70120 
72850 
70300 
71540 
70980 
74310 
70330 
69170 
69410 
71910 
70020 
71820 
71860 
70190 
71230 
69180 
69240 
70100 
67990 
67970 
68700 
70720 
70040 
69810 
76060 
71750 
75020 
70550 
67470 
76510 
69700 
74520 
69150 
67590 
69550 
70010 
70020 
71340 
68170 
73000 
69480 
70570 
71100 
71640 
69360 
69650 
69920 
69880 
70080 
71160 
70720 
74090 
70400 
68970 
69010 
69390 
74080 
72100 
72400 
68610 
67900 
70410 
70880 
69450 
70540 
68910 
70800 
73500 
69440 
73400 
69770 
70120 
70920 
74870 
72570 
68270 
74950 
71310 
72360 
78630 
71270 
76200 
73750 
74690 
69180 
71730 
68790 
71670 
71470 
72750 
73010 
70580 
70680 
71480 
74540 
72490 
71240 
72570 
68770 
72190 
71730 
73320 
69190 
69750 
71390 
70690 
75400 
72210 
72520 
72930 
69210 
70460 
69660 
69270 
72660 
73460 
69270 
70570 
72160 
75320 
72780 
72090 
70130 
72200 
71420 
73150 
70440 
70050 
69940 
77190 
71860 
74500 
71850 
73070 
70120 
73200 
69380 
76380 
69690 
70730 
71030 
70560 
68800 
67290 
76730 
70900 
69970 
72790 
70690 
73250 
68760 
72460 
71590 
70490 
69170 
71530 
72370 
75360 
71680 
71660 
71170 
68900 
72500 
69450 
70840 
70440 
71360 
76370 
68770 
68670 
71100 
70120 
72210 
70410 
78430 
70670 
72020 
73290 
70430 
70220 
75900 
70310 
74190 
69930 
69270 
70460 
67930 
69970 
69740 
71760 
71170 
69750 
70120 
73150 
69760 
70310 
69760 
71820 
69800 
69400 
68700 
71010 
72970 
68070 
68600 
67620 
69050 
73150 
69860 
69260 
68330 
66980 
70630 
69640 
70120 
69180 
68460 
70380 
69010 
69130 
70970 
72020 
69640 
71010 
71800 
69330 
72390 
70330 
71810 
72070 
75460 
72000 
70420 
72970 
69950 
72170 
69710 
71670 
71060 
71610 
69130 
70080 
71940 
70810 
80280 
71200 
68350 
70470 
70500 
69040 
72760 
71780 
67660 
71670 
69330 
72380 
71070 
71060 
70850 
69590 
71520 
67690 
69950 
68850 
71140 
72390 
68850 
71350 
70890 
69550 
71700 
70330 
75670 
68570 
70700 
69240 
73860 
68570 
74380 
70970 
77800 
71920 
70550 
66250 
70790 
68670 
70600 
72310 
72350 
72240 
75970 
70540 
70380 
68650 
71150 
70650 
72740 
72070 
70790 
71710 
70540 
82120 
73150 
73540 
68520 
73340 
71800 
70990 
67870 
69160 
69640 
72130 
69900 
69960 
72350 
71090 
71780 
72140 
70270 
70210 
72240 
70090 
68790 
74160 
77650 
70050 
71510 
77640 
73800 
69450 
76570 
71620 
73040 
70790 
71320 
71130 
70710 
70700 
71390 
69520 
71880 
69550 
75410 
71990 
72100 
69420 
72160 
70990 
70400 
75880 
72470 
69200 
72570 
70210 
73430 
69820 
71510 
70600 
69750 
74370 
71020 
71360 
75700 
72720 
71500 
71440 
70370 
72140 
69040 
71170 
70850 
67750 
68840 
69780 
80210 
77020 
68890 
70810 
69500 
73210 
78430 
72550 
72700 
68160 
74390 
73410 
73120 
70660 
68890 
68730 
73810 
73700 
70860 
69970 
72510 
68560 
72130 
70240 
68440 
69280 
70580 
71510 
69850 
69880 
71670 
69640 
69900 
72150 
68940 
69460 
70660 
69610 
70170 
70070 
67880 
69960 
69920 
76960 
69830 
70270 
70780 
72690 
70080 
69390 
68030 
73380 
70180 
71290 
71540 
73430 
75340 
72620 
72890 
70210 
76070 
72200 
78620 
72270 
69310 
70180 
70910 
72380 
73850 
68310 
67440 
70950 
76580 
73850 
68520 
70120 
68550 
72080 
72190 
72340 
70470 
73060 
67990 
70580 
71560 
70640 
74960 
69900 
72170 
69700 
72440 
72060 
69830 
72940 
73140 
70520 
68820 
76640 
75830 
73060 
83300 
73070 
70440 
71920 
70950 
73590 
71930 
76740 
71930 
72850 
75460 
72140 
71320 
71070 
73780 
75040 
72250 
74930 
69670 
70800 
69690 
70960 
71300 
70900 
71090 
69890 
78610 
73170 
71160 
70670 
70210 
73330 
68930 
74740 
69270 
72100 
75870 
70230 
73900 
72470 
74520 
73070 
70020 
68410 
68090 
70900 
72630 
70800 
74720 
70400 
74210 
74400 
74420 
69930 
71430 
74060 
71440 
76420 
71050 
70270 
70940 
73390 
76970 
79940 
73230 
70710 
70720 
71500 
73190 
73030 
69450 
69590 
73770 
72180 
73780 
72220 
73180 
70490 
67550 
71270 
73460 
69270 
72720 
70540 
71190 
69110 
70900 
72170 
72850 
70920 
71920 
68970 
71980 
70720 
72150 
72530 
69030 
69800 
72400 
69400 
69200 
70970 
69690 
75940 
74980 
70680 
72370 
68710 
71340 
72410 
75100 
69870 
70960 
73120 
71030 
69740 
70960 
71010 
70700 
71600 
71160 
68630 
71330 
69480 
71830 
70070 
69120 
67990 
74210 
72620 
70790 
69170 
67040 
69180 
70580 
70930 
67810 
67970 
71920 
70040 
75090 
72180 
71100 
70270 
72440 
69520 
69640 
72050 
72870 
69290 
73000 
66950 
69830 
77940 
74060 
69150 
68930 
73730 
74250 
74080 
68340 
70760 
70180 
71110 
73380 
71880 
77610 
70260 
69560 
69640 
70980 
70400 
68960 
71440 
68070 
70420 
71490 
70780 
68590 
70880 
73280 
73150 
69680 
70660 
68360 
69580 
69840 
71110 
71090 
71440 
71020 
72270 
71560 
71270 
71520 
73370 
75360 
73790 
67030 
70260 
72100 
72430 
72450 
69230 
72130 
69480 
71050 
69910 
72550 
70550 
72530 
73480 
69510 
72860 
70800 
70530 
73040 
73040 
74660 
70200 
70120 
70530 
73470 
70970 
73270 
69110 
77680 
73500 
71780 
68510 
70720 
70890 
70870 
75210 
69430 
70180 
69630 
71550 
69580 
71220 
69400 
71330 
70090 
70310 
72780 
70910 
77040 
70990 
74010 
71500 
70740 
71300 
71990 
75660 
72280 
71720 
71560 
71930 
70470 
73190 
69380 
68010 
69890 
72580 
71730 
72430 
70280 
71150 
71180 
69560 
75090 
70830 
70040 
68340 
73090 
72150 
69550 
68600 
70440 
69660 
74100 
72030 
77970 
71550 
69710 
72260 
75040 
70490 
71960 
75160 
74380 
73430 
69750 
68990 
73020 
71070 
71630 
70490 
68290 
69040 
70690 
