59060
29150
27510
26430
29840
27430
26880
26140
27440
27120
28950
26060
28050
25200
29980
25740
72320
70060
71660
73960
72850
70720
71300
72280
72050
75320
70500
71220
70350
71750
73960
71030
72190
70610
69420
74810
72330
71810
71190
71250
76660
72550
72390
69480
70880
72840
72370
70630
72300
70770
72300
73920
71900
70790
72100
70860
73390
71600
69470
70330
69910
74440
72180
70290
70450
70280
74830
72950
70580
70270
69210
74250
71460
69940
71140
70210
73400
72290
71180
71080
69680
70010
72070
70080
70130
71150
71290
75220
70480
71510
69480
72800
71510
72670
71300
71080
70150
72620
71650
73060
70990
72210
67950
73200
71350
70040
70880
68800
74000
72520
71250
69840
70160
72580
72960
71580
71990
69290
73020
71050
70950
70660
69350
72360
71990
71030
69510
69810
72050
74100
70630
68910
69360
69940
72720
71420
71270
71310
71080
76240
73040
70770
69410
70120
75650
73170
69340
70790
69700
75620
70180
70070
71820
73790
73160
74220
71090
69850
70720
73330
77750
71540
68220
67620
69820
73850
69920
71390
69900
69640
73700
69880
71940
70600
72900
74750
73470
70820
94360
71750
77530
74040
72310
70500
71360
70080
76130
73130
73550
71150
74040
74860
72060
71170
71110
69620
71770
71460
69870
70500
70470
73060
72280
67710
71090
72860
71400
73120
69270
71420
72300
72920
74410
73650
71980
70440
71530
73590
73000
71970
71450
71050
74640
71540
71690
74360
70850
76080
72960
72260
73260
72500
72450
74800
72440
71200
70270
71160
74510
74070
70670
74500
72710
74480
71410
71450
70430
72150
74830
71690
72460
71020
70580
74140
73080
73070
73640
70710
69440
73550
70690
71860
68900
69380
75480
71620
71600
70600
69380
74260
70070
70390
71380
70290
74960
73180
71710
70600
70150
73720
72010
73020
71340
70120
71190
74370
70330
71440
69400
74590
76670
70870
69970
69550
70810
74170
70940
70330
70980
69720
73760
72340
69360
69830
69120
74360
74450
72340
70760
70130
71930
73000
69650
69570
69920
67990
75770
72380
71070
70360
70330
74780
72270
72020
70180
70650
75650
72400
71010
71040
69650
77280
72240
70930
69820
70680
73560
74030
70530
69400
70760
73680
74590
71800
70820
70020
70010
74270
72560
71060
69760
72290
74110
72860
70980
69710
72970
77810
71350
69390
70820
68150
72700
74250
71170
71410
71440
70850
74670
71150
71040
70000
69860
73450
71780
70930
72200
71670
73810
73080
70870
72280
70180
73110
72500
69600
68800
70940
70640
73730
69400
69630
68220
72330
74800
71080
70090
71620
70360
74160
71880
71710
71510
70200
72850
70890
70120
71810
72220
73450
72230
71660
69850
68740
71260
73870
72250
72260
71260
69900
72030
74870
72220
70720
70800
74390
73850
72450
71770
69670
73500
71820
71680
72580
69950
74500
71830
69750
71580
70960
74850
73860
72770
71390
71770
71720
73580
71760
72420
68790
70390
74760
73740
73270
70620
72050
74960
73580
71740
72020
71470
76710
73790
72430
70960
71420
73780
74000
73070
72600
72770
70600
72230
70830
69980
72060
71800
75490
71790
72190
70970
70240
75540
72180
70690
71210
69430
73670
72210
71380
71330
73160
73260
73800
72980
72630
71450
70170
72970
70670
71050
70630
72960
74720
71480
70070
68550
74020
75580
73450
71840
70690
70860
78960
74210
71080
72650
70420
72430
73700
72750
70990
69890
71520
75600
72270
70540
72320
71810
75060
72880
71370
68780
73260
74930
72370
72070
68740
70430
74310
72400
71140
71740
71590
73230
72810
73230
72120
72280
68870
73320
71820
72830
71700
71010
74850
70820
72660
72930
72370
74920
71570
71840
76380
72730
74580
74620
70980
72760
71090
72030
73270
72150
71670
70520
70460
74360
70500
72510
71300
72210
75050
74700
74430
72530
71410
74670
71290
71090
70430
73220
73210
73500
69690
71090
70220
73100
73550
71950
70430
72680
71350
73190
73310
72450
71510
71410
72280
73880
71550
71660
71760
76100
77570
73480
71600
71150
73320
73650
71880
71890
70850
72470
72230
71830
72060
70440
71360
74860
72820
71370
69460
71280
75210
72190
70860
71190
70260
74120
73170
71430
72460
70410
75450
72690
70330
69820
71220
71830
77080
69640
69570
70780
71130
74350
70880
71130
70690
70270
76440
72080
71550
70850
70370
74770
73370
70720
70500
71280
72710
72050
71910
71930
70190
71040
73650
72000
70330
83690
71710
73840
71240
71210
71050
73680
74280
73600
71060
70480
72670
74540
73360
70500
67400
71260
74510
72640
71710
71000
69620
73650
75160
71320
72110
73940
70720
75770
72130
68370
74130
71790
75470
73100
72970
71040
73650
76220
72800
73350
68500
71810
74890
73220
73150
69840
70910
71680
74330
69700
73690
72830
70250
74230
70510
73300
70020
70950
71830
71910
70440
70920
73850
73180
73040
70630
70600
69670
74400
71870
72210
71870
73350
73200
74240
73350
72300
72430
71560
76200
73080
68860
71910
72820
76000
73240
71610
72900
73020
74140
72610
70590
72040
70310
73100
72630
73050
71370
70770
71270
76280
71850
70660
69490
71840
75340
73800
72820
68750
70280
73520
72300
72280
71280
69420
70030
72040
71980
72880
71420
76760
71860
72650
72640
71170
73980
70970
73290
72220
72610
68240
75050
71160
70160
71310
70840
74390
69830
72120
73490
70670
74850
71690
71400
71830
70790
74060
72800
69470
70280
70430
73210
72930
71060
72940
70510
72640
75390
74340
71310
72150
74100
74360
71660
71090
70310
70140
75450
72670
72710
71620
69740
73980
72940
73550
72830
72290
72390
72090
70670
71740
71390
73040
74290
73340
71240
72280
72370
74880
72370
71860
72400
71020
74300
72680
70960
71510
71410
74400
74020
69330
72650
71420
71550
75290
71260
72410
71740
70990
73610
71960
71030
72690
70570
74080
69550
71460
69780
71040
75100
72580
71100
70510
70970
74610
73450
72310
73630
70700
71010
75450
68850
73950
71530
71610
76380
74770
73430
71910
71560
73050
74870
72430
71030
70380
74690
73240
73410
71070
71430
75480
74960
73420
72350
68680
72970
73470
74620
71090
70570
73280
74380
72150
70290
71280
71930
73270
71320
70370
72580
69610
76090
73530
71580
71150
71160
73620
75310
74020
71950
71610
72970
73770
72210
71670
71150
73660
74100
71400
72120
70360
70440
75910
72060
71390
70610
70760
73600
70360
71190
70610
69910
76860
72130
70890
71570
71530
75060
75670
69910
72060
72460
70720
75850
70850
70290
71700
69700
74500
69210
69400
70410
71220
73660
71900
70770
67400
72610
75860
73610
71060
69340
73960
74690
75100
72530
72250
72490
70680
71620
72630
69850
70950
69020
76900
73540
71560
70460
70310
74570
73950
71540
71780
71350
74270
72410
72190
68210
72850
73650
74970
71310
72660
71760
70650
74360
71710
70920
70640
69730
75950
72230
71620
70300
70520
74140
71880
72090
70650
72340
75340
71900
70000
73020
71680
73470
74340
71540
69150
71960
70930
74600
71650
71060
70010
73260
73840
74190
71020
68580
72110
74340
72720
73600
70620
71380
72860
74060
75020
72310
72610
72910
73510
72430
71390
68910
71580
74030
73140
72020
70180
70780
76090
71560
70570
71190
69610
75050
72850
73030
72170
74260
74200
71200
72150
70270
70130
74400
73750
73010
71280
71690
73030
74350
70420
70150
71130
70980
74460
71750
68980
69690
69920
75460
72950
72240
70980
69600
74740
72410
72400
71300
72750
72120
74600
71860
69760
69790
70580
72760
71090
71380
69380
70420
75500
72120
70520
70460
71980
73110
71620
70590
72680
72990
74410
73290
70460
70440
74140
72550
75050
60340
76730
71820
69390
74600
69780
69290
69980
70650
72190
71510
69960
71100
71040
74030
72690
70730
68840
72140
75550
71490
71260
70660
68890
68050
73780
70430
68740
69290
70950
74020
71610
69620
70110
69790
73560
71290
68660
70210
69930
74920
71660
71560
72120
72580
74900
72300
71450
70040
71780
71080
74330
70390
70630
68160
70280
73290
71140
70440
69160
69840
72180
71500
71870
68960
67630
75950
72420
74620
72510
74060
75070
73000
73180
71980
72110
85380
75850
71040
69740
70690
70720
72510
70960
70050
68820
70330
74480
73080
70790
69790
73480
74090
74840
71180
70360
71520
75090
72700
70930
69650
70090
71830
73590
70900
71020
68220
70420
71740
71340
70000
69280
68920
74280
73020
69930
68060
71100
70370
73310
69670
71900
70820
72900
72080
67940
70060
68610
70450
70370
70740
70990
70010
70140
72760
82730
74570
68870
73110
73880
71670
71130
70590
69380
74160
71160
70530
69860
70380
72640
71260
72640
71160
68660
72350
73120
71360
69480
70130
69320
72980
71040
69390
69540
72410
71940
71780
70060
69910
73430
73340
72430
69770
69830
70740
72400
72470
72400
68490
70000
70610
73680
70570
69710
68840
69230
75720
69560
72790
73630
73830
70720
72410
68990
72710
72260
72970
72680
70320
70590
71250
74640
71780
71070
69900
70470
71390
72340
72070
69800
69440
70740
74240
71530
70630
70130
70730
72120
70690
73560
73190
70990
74530
70600
70270
68150
71870
72810
71980
68830
83420
99500
77820
73480
70250
70990
70150
70880
75180
73890
70240
70450
70710
72660
71460
69670
71220
71950
74870
71280
69520
71010
70160
73670
72560
70910
69350
71200
72370
73920
72040
70340
69750
70370
73940
72460
69980
70440
69530
73290
72840
73920
73030
68940
72920
71090
70320
68670
68390
73090
72050
71000
68630
70650
71270
73200
69080
69350
76590
74510
73750
71450
71630
70910
70560
74410
73480
70650
71960
70550
71290
70780
71050
71290
71130
73670
70570
69990
69390
69520
71420
73740
72910
70560
70410
73530
75350
71160
68180
70850
71860
73900
72560
70490
70120
66770
74950
72880
72060
72200
72060
75860
73500
69920
73180
69160
72960
73800
72470
70630
73130
71060
73800
70940
70370
74000
70460
74180
71280
70570
71450
70870
73300
73100
70800
70670
68730
74870
70590
69850
69460
69510
70130
72780
70570
71500
69870
68940
73180
71160
69770
73180
70660
73250
71370
70340
69290
69730
72820
71600
71910
70090
71220
71810
72810
72710
70350
71550
71510
73800
71910
99730
78700
72180
74920
71030
73750
71770
69100
75130
72060
72520
73040
72720
75480
71780
71350
70690
70800
74650
71450
71630
70420
70340
71340
72790
72280
70600
70630
71190
73790
72760
72900
70640
70690
72280
71480
69950
71210
70190
75980
69700
70950
70510
72220
74460
71430
70700
70880
70390
71480
74110
76010
72560
67680
69830
76130
68260
71730
72130
70700
75430
73280
71490
71010
72540
72550
71080
71070
71010
70540
73490
71320
71830
69870
68970
73350
72860
71230
71330
70950
73910
73870
73240
71730
71060
71190
73600
72630
70090
70240
66570
74950
73100
71930
70780
69960
75030
71130
70560
71080
73660
71750
73750
75390
70840
71220
73030
74470
70800
71250
71750
70280
75410
72480
71390
71290
70020
73750
73300
71330
70980
70150
73460
73140
72820
71970
71940
73110
73640
71150
70600
73750
70880
74820
71120
73730
71430
70050
73360
73590
71080
72290
70210
75910
71210
70730
69760
70330
74700
71350
71480
71750
70960
72960
73560
71200
72680
69120
69180
73680
73530
72410
71280
70740
74330
71240
70990
71900
69500
72670
71610
71860
70240
70320
73780
71920
73290
70610
71080
73740
72880
72860
70780
70030
70990
74630
70730
71900
70850
69520
73850
72230
71720
69960
69730
73320
70950
70560
69830
72480
74460
73040
70970
69820
72170
72400
75190
73930
69750
70520
70440
74900
72760
69680
72200
70870
74760
70920
72570
69180
70120
72830
70420
71210
69920
70020
74210
70910
68260
73980
71320
71990
74800
68290
71130
68230
73070
75520
73080
71750
69800
69910
74830
73520
68770
71690
71900
77350
76410
71590
74400
72360
75860
73730
70980
68060
98600
80820
70700
71940
72730
72060
70530
75560
73740
73760
71750
72180
75840
72690
72820
70300
71080
74810
73760
70370
72590
71840
74380
73940
74340
71900
73750
74480
75150
71030
71020
72260
72000
74800
72210
71340
70700
72110
74930
74230
70480
70360
73450
75310
72330
71160
71860
71120
74380
73070
72200
72400
69250
70850
73460
72320
69680
69550
69330
73660
71720
68230
71310
73120
75210
72350
72110
70930
72120
75040
73020
74240
74240
69620
72330
71190
72110
71380
71120
68600
75790
71970
70870
72000
72110
74880
70450
71140
69550
71760
73520
70570
70440
71010
70570
106390
89560
102520
74670
72160
76470
74260
72760
69350
78380
73920
74370
70950
70030
69500
69800
72290
73890
71820
69550
80200
74350
71650
70220
69040
72070
77770
72420
70930
71700
69420
74590
74480
72420
70750
70200
71230
74570
70470
70760
70130
69620
73980
71510
71390
70150
69760
74270
71910
69540
72340
72090
74820
72190
71190
70920
71730
74010
73000
71530
70180
69380
73540
72920
70220
68000
69690
69650
74390
72600
70170
67920
70160
73970
70320
70360
65670
74270
74410
72580
65660
69410
69570
74350
67730
69340
69910
69850
