68370
30830
28070
28530
27681
27860
28570
29140
29010
28900
27290
28670
26910
28671
28771
27250
72360
71290
74720
73500
71010
73720
70410
73691
71341
70500
90810
64790
57530
60290
62390
60910
57881
58690
64610
61650
79180
128611
106900
88680
71261
61051
58981
58730
59700
56900
57200
59760
60580
59591
57481
57811
57790
58960
57280
62410
57000
58450
58671
57561
60580
59290
58150
63700
60370
62010
59260
57181
65961
87301
72720
73370
71260
78290
72150
73970
71221
71171
77591
72901
71550
76800
72160
75720
71330
71131
74141
71281
71800
76860
72060
75700
72570
70000
75730
75961
60841
57110
59910
59790
60430
60880
59780
63351
60971
59721
127401
94501
77480
64990
58510
57380
60251
58181
57760
60980
57260
58700
57100
57850
58600
57481
60491
58551
56840
60070
57020
59680
58000
57950
62311
60021
60651
63000
59800
61650
58580
102370
75910
72440
74411
75251
72561
75390
71610
69620
73640
69930
74660
72701
69731
73541
71470
75120
74060
71590
75080
72310
69191
75351
71871
75410
70950
84050
66840
58440
56911
62281
59911
60400
58950
63600
61430
59340
122120
92130
80910
67931
60880
61150
57950
57940
59490
57940
57110
59261
57261
58860
58530
57500
76190
60530
57890
62220
56611
59331
59040
56680
62120
60210
61520
60480
57750
75471
63601
86511
73700
74510
77490
72400
72700
74540
71210
76321
72141
74490
76330
74360
70320
74580
70280
77381
73401
72301
77801
69350
76880
73070
74020
77170
71260
84061
73121
61340
60580
59950
62860
63390
58500
63241
62281
64661
115671
108991
86680
77980
63740
60730
59431
59401
60731
57670
59660
59060
56280
58830
60770
60940
57151
55760
58520
58370
55720
61050
56860
58740
58690
58831
61981
60360
59010
62430
58980
60150
98780
69750
76411
70311
73601
72350
68920
75710
72280
74490
71930
67841
77881
75511
71670
72630
71330
74980
71650
73030
73301
71981
71741
75001
73300
73310
86980
63880
60280
58631
63491
59500
60110
58790
64620
61130
59680
124660
110890
80981
63011
61830
58950
60560
59240
56310
60830
57301
56661
59860
57820
59630
58400
57890
59530
56760
59791
59281
56730
59930
58480
61100
59140
59690
62850
58111
59381
62901
94061
76280
74310
70070
76220
71190
72820
73561
73831
73600
69620
72120
73870
72370
74360
70881
72681
74031
71581
76050
72220
71550
74150
69110
71351
76531
83571
67721
57800
62080
62910
60040
57980
60910
63781
61431
59290
118461
109791
86350
79060
63890
59240
60571
58551
58610
58920
58020
57470
58370
58400
60350
58201
61051
59460
58400
58570
57480
56590
60820
59630
61111
57951
58201
62830
62050
62660
58920
57240
98590
72611
74321
72681
69640
73850
72140
70660
76250
70080
76401
71111
70461
73980
70320
72660
75290
70490
74520
71201
70891
76291
74380
75010
73960
71420
87670
62410
60541
57771
59051
60870
59960
60930
64390
62200
60840
118721
101770
84731
65090
56660
58140
57520
61040
59180
57060
59191
60421
58450
57030
56040
59000
57540
59480
57791
56461
58081
58080
56430
60620
58760
58390
60160
58781
63371
58650
58310
100981
73500
73600
72440
69790
77741
71671
74541
72800
71340
75650
74230
75770
71010
72150
83001
77981
72940
90390
80590
78620
71130
73470
74080
72461
71991
95821
69750
59390
57860
61830
62250
59611
60701
62491
61460
61460
125421
106870
83910
73090
64110
59141
59001
59231
58040
60460
58400
58060
58470
58650
56531
60501
57021
58390
59160
91340
120540
104190
71340
59041
58371
63680
61490
63870
60930
59850
62930
58300
96031
76801
70211
77890
75350
73240
73290
70740
73560
78211
72511
77041
71500
123011
111420
78020
75960
70610
72511
75751
71321
73220
75900
71850
74960
73160
82270
63791
58581
62070
58080
60740
60560
60930
61710
61300
59641
124641
99851
82640
66140
60330
61170
58970
57190
60821
58641
60870
57880
58160
58780
59660
57840
60100
59921
61171
59200
58670
60060
56470
56220
63110
59850
63451
60731
57311
61370
60130
97910
76180
71030
75830
73980
75811
68861
71441
75760
68630
71960
75070
71700
77231
71171
72081
76410
69950
71330
76560
73240
76210
70090
75551
76991
69790
89660
63270
60680
60560
59870
65391
62351
59081
66980
62780
59550
106060
105720
86280
75390
61641
59981
58430
57270
60740
57790
59250
57320
57161
57871
57361
59550
58880
58350
61500
59840
59970
57140
57861
59981
59790
61180
64670
59490
61100
60510
59060
61201
99841
72251
77071
73550
75410
73140
70140
79400
71861
77961
72391
82311
78200
72050
76070
74260
69510
79991
77411
74541
74970
71360
76200
71310
71610
75100
80850
62891
61421
60690
61450
58730
59350
60870
63830
65811
62131
123591
85771
77000
65140
59110
58740
61460
57741
56241
59401
59580
59330
58870
56640
61240
58160
58311
59651
57410
58610
58650
58780
60880
58810
61760
61291
58261
62441
58790
61510
59500
89740
78620
76790
72811
75511
73951
75520
72320
73790
75620
73430
71440
74391
72231
76491
72090
70700
74100
74400
75500
73010
71890
77431
69871
74960
71880
86900
67510
59670
58440
62180
60551
60711
58741
63530
63480
60720
122650
107690
88870
69251
62871
59900
60020
58750
65160
61550
57290
62971
60831
61411
61580
57800
59060
59910
57450
59570
56560
59381
59501
57661
62110
58630
60320
61130
58470
63130
59571
77041
79981
71360
72010
72930
71830
76430
72300
74041
73731
71491
76540
73180
72790
75140
69940
77120
73091
70441
74131
71230
72680
74960
72420
78140
74070
71581
79851
60430
62100
60820
60270
61290
59400
63660
63591
60461
89091
113351
89451
81520
65580
60910
58340
57371
60571
58710
56500
60070
58670
61650
59480
58800
58581
57631
59651
58740
56600
62340
57260
58750
59230
60761
61411
61291
58620
64450
58700
61890
100260
72680
78770
72231
72321
77571
73750
76500
72320
70770
73370
73391
74651
72531
72030
78721
72200
76400
74030
71540
76390
69901
73761
74471
72190
73330
89180
62370
61590
58701
59601
61041
59880
61550
62530
58880
61620
121810
97630
82571
68691
64461
59850
60810
60280
57890
59160
60660
57271
58341
59691
57260
58800
57180
58910
59720
57390
59941
57601
58790
57460
65490
68380
59680
62690
60250
59251
64781
91641
72290
73110
70010
78250
74350
73800
75581
72881
77451
71310
71590
77790
73760
69250
78750
72771
76921
72331
71770
74910
71460
77020
72750
73220
75031
84791
66431
59930
57140
62870
58970
57710
59950
59841
65261
60800
118821
107311
88740
76450
65770
59760
60251
59261
58650
59410
60890
60720
58490
56130
62860
58681
60361
58430
58700
59290
58770
57310
60760
57821
58381
60501
59010
63510
59870
61620
60630
57410
95140
72900
71451
77831
73970
76410
71750
70340
76490
73720
75181
74621
74721
78691
71600
72930
74020
74520
77190
73031
72611
76571
73451
71030
79460
74030
87120
63740
60701
64111
59941
61740
58550
61190
63380
62010
62440
123930
101331
86721
64260
59260
60020
58750
58240
59490
57381
60501
57530
57810
59830
57850
60740
58310
57670
59781
58241
59631
58980
57340
60810
58910
62210
61290
59261
64341
59230
57360
99951
71740
78910
73010
72750
77001
73861
73161
77071
75760
82550
79440
72290
77850
70540
76781
73791
73770
76181
74120
75250
71770
72020
76421
72551
74051
90811
64770
59800
58510
60720
61290
57771
57711
63861
61800
63550
114241
105410
90520
72890
64220
57221
57991
61811
57750
58720
58900
59120
60860
58470
58341
59981
59070
58140
59060
58000
60610
58390
56960
62221
59121
62611
59240
59620
62500
60050
61430
60470
100020
77461
73141
76760
73900
71580
76000
73040
71930
77161
71641
76551
70630
72160
73430
70590
72580
76780
76090
73651
72221
72320
75190
73430
74400
75090
80910
65691
60001
62471
59910
58890
59800
58670
64430
63760
60981
131630
94711
81881
67170
59210
58430
61150
61070
59031
59481
55931
59300
58900
60420
59770
56620
58620
57930
59451
59541
56610
58400
58750
57510
60900
59330
62730
60011
59971
61460
58430
101111
75630
70930
75320
73340
73591
77081
71251
77880
72620
71180
76390
71710
75160
72861
70291
80911
74960
72180
75520
81970
83110
70930
84761
82611
80301
87731
72860
60710
60350
58930
59660
60391
61881
68261
60980
60030
126891
106100
87770
71730
62231
59571
59521
58370
58850
58130
59560
59750
57270
59231
60511
57650
61200
58730
62240
59030
57900
60370
58151
59421
60080
59790
63050
58880
61380
60450
59740
67131
91191
72261
77771
73110
77710
77140
74870
77400
73370
72641
77381
71900
75910
73040
74420
78350
73090
75471
73571
73451
76021
73870
75480
75450
71020
78060
79101
61741
67911
63130
61930
61500
62350
62030
62230
59671
61881
122561
101301
80950
64700
62410
58870
61000
60291
59031
60241
59830
61130
59520
59020
59970
59990
57500
60521
58441
61780
59700
60220
61400
58830
59960
63360
61661
62341
62370
61040
62050
99990
78170
74540
72260
78471
72801
77981
73930
71900
77510
73570
74870
76901
73281
79271
73661
71720
75810
71990
75650
76260
72351
79341
72821
75500
77090
84650
66110
59490
58690
63941
61181
60791
59160
66440
63410
63820
126461
110050
86450
75211
65371
59891
60090
59670
58150
61020
59130
60060
60131
59651
61570
60590
61080
59690
57870
59920
58720
60781
58941
58020
62850
62280
62550
64260
61520
62550
60591
83751
78021
74470
73560
79800
73770
76490
73040
72971
77971
72521
77610
74130
74220
77100
72720
75680
74441
70941
82241
72811
72760
76440
72240
79610
72250
78531
72441
60241
57580
62650
60300
61670
73090
61890
65100
62061
115401
119981
91201
82980
64670
63200
57750
59350
62101
60401
61460
60850
60160
60220
59050
58020
59661
59501
61071
62300
57800
61110
59060
58280
62420
60431
61081
63621
61251
66060
62670
63450
99220
75060
93410
86551
75341
76081
74700
76530
71560
73250
74470
74190
73101
77961
75850
76080
74550
72000
75970
71860
78620
71821
73271
78811
73150
76160
91490
64310
61550
61350
60781
61051
62390
61170
64800
62170
64510
118760
104060
86391
67671
63170
60890
60530
61510
60260
61890
60430
58281
62021
61621
59910
57850
60420
61150
61230
57651
65191
62011
59930
59870
61280
62070
61200
61060
64101
61991
62451
95121
70651
78470
73510
76810
74200
71430
77201
74301
75221
73960
76690
80140
72200
73210
78860
73311
78821
72821
77260
76720
74080
70530
75510
74210
76111
85931
66081
62150
60810
61210
59950
60170
62710
64051
62991
61030
121681
112571
88100
72810
65400
60950
59471
61081
59800
61080
58820
57000
61610
57920
60020
57491
57351
60760
58570
60730
59970
57800
58780
59730
60551
60691
62360
62910
60730
59260
62180
58710
102740
73871
72501
76651
72250
71010
76050
72370
73590
74390
72611
77911
73581
75840
72590
72580
75430
72080
73540
71911
73061
79001
72610
72690
75520
76220
88720
63230
60611
61531
61411
59960
62700
61530
65620
62650
60680
129460
100691
84161
65340
58860
60750
60820
60020
59610
59751
60221
59751
57920
61530
60110
61030
60330
58950
59821
58291
58621
61250
59670
62680
61990
60550
67150
61940
61841
59901
59410
103761
71400
76610
74770
73420
78430
76101
70551
78681
72980
77520
73820
74130
75960
72850
73421
75891
82081
76940
73270
74400
75450
72790
75280
71721
75301
91571
64180
62860
59410
60710
63100
58611
59441
65481
61170
61280
121821
107060
89400
74480
61070
61231
59271
61780
58280
59610
60020
59410
59660
60520
58221
59901
58200
62270
59050
58010
60320
60730
58360
61201
59601
61600
62080
59850
62120
62520
61320
62030
99330
75181
73651
70330
76530
73180
74970
74600
72730
77040
74961
75901
70520
72120
76570
73250
72760
70800
72791
76061
72251
73110
75190
77220
72560
78450
82280
65971
58441
59831
61470
60230
61740
59310
62530
69960
70291
125481
96051
83461
66200
62050
57390
62920
60470
60201
61141
59120
64090
61900
59860
61890
60350
62140
59271
56671
60651
58750
58840
59560
57620
61970
58230
62631
61821
60871
61650
59470
98141
75260
72420
74920
72801
71861
77771
72610
74050
76010
71310
75400
72520
70531
78091
71001
76911
72500
71010
102740
78350
75690
75160
72151
77601
73371
85740
65150
58950
60780
59840
62680
60951
57911
63330
64150
60620
120861
110030
91170
77160
65131
62221
59950
58880
61530
60220
61460
59610
57471
59241
58051
56920
59970
57930
61910
62630
57720
58791
58641
57681
62661
60240
62160
60220
59900
64300
60260
65911
82571
70931
75600
76740
76660
71000
73700
76820
73651
71761
76141
68610
77860
73190
73820
76560
68770
74481
77101
70141
74140
76340
70610
77530
73120
75460
79671
60201
62730
60890
60340
61500
58860
60370
63470
60431
62571
124481
91041
73710
64060
61800
59960
58381
61011
57891
60201
58090
56920
59590
58820
58730
58760
60401
60651
57390
61620
59580
58500
60970
56870
59740
63261
60941
64390
61500
58020
61700
85190
81590
77850
74960
78661
73131
73520
77390
71990
78050
73310
72220
78141
75411
76061
