59010
25330
24170
23300
22260
24360
31050
22880
28180
28560
23700
22310
23800
21730
23660
29730
68310
68700
67340
67830
59630
108300
77300
72190
92300
78020
83890
89810
83420
74280
85310
73220
75510
83690
78870
80320
92620
84210
74500
80420
75960
75710
82330
79650
80040
85170
84310
94750
75010
61370
58580
67320
63790
66340
64800
72060
59920
68980
123880
110320
92120
75830
71520
69630
68430
60640
67160
57660
62150
67300
58890
63340
66260
70670
61400
68510
57620
57280
69420
58580
65250
64290
66520
64410
69300
64550
60780
68040
61900
66000
111100
84650
73130
81770
83100
77150
80690
72750
79730
90550
83230
76750
82640
74130
79540
85730
75770
80010
84760
85750
75910
84190
74410
73840
89810
77240
92940
70290
66260
59990
72010
62590
60160
67850
65360
70940
67110
126600
100580
91760
69910
61590
71960
58790
64870
67830
68900
62390
67900
59800
63000
70680
61290
64480
65370
66790
63160
66930
59670
58820
67830
62280
66000
68300
68590
59700
75250
62130
102290
83470
73890
83040
90140
82430
74320
82230
79180
76830
80650
75990
79590
85650
88710
74860
82250
74180
74040
86360
77390
81060
86140
93520
91250
83610
96060
67260
65960
61690
67750
68170
67310
58910
74870
63420
64450
127020
109980
94190
94910
72300
59950
68130
57940
62400
66470
59650
65370
63570
68300
59790
68290
57560
58820
69550
60880
66190
66520
66870
61300
67810
62420
61090
67100
61670
68310
67580
67820
100300
81010
77480
75780
84340
76370
77150
87740
85210
76370
79970
74960
79260
84580
85120
79060
87100
85430
80510
85070
75650
75310
81100
80350
81620
86260
92390
63350
68340
62290
59740
68330
58840
68560
72090
69750
62200
126580
110740
85310
76190
65170
65100
67780
69340
60310
68110
63540
62450
70520
60640
64910
64050
66060
61120
67140
60080
58160
64780
64790
66490
68230
67650
66080
72920
63750
62110
67690
101690
85310
92210
84070
74090
81320
74410
82150
84240
75030
78090
87310
89570
77320
83060
74480
74460
86960
78140
83600
85490
83000
80280
84130
77560
76020
94460
71420
68010
66440
66840
60740
67330
63860
65750
70220
62680
123100
121280
87690
76660
73040
59310
63010
68690
61500
65320
67350
70820
59820
67160
59710
59430
69230
61440
64130
65100
64450
58190
69170
58510
58840
69460
60060
68580
66620
68900
59260
68010
104040
81220
84790
73070
81230
91030
87500
78750
81940
76610
78660
84580
76880
78260
87670
80940
81250
83440
77470
73860
81170
76340
81400
84840
80800
74430
98410
69480
61640
71720
61660
69150
69380
68550
64320
70120
64400
130540
115660
88410
70700
67860
71830
61210
67600
58010
57530
69050
58830
64940
65800
66560
60590
65790
60880
58430
64740
61870
65640
66300
65310
58800
70160
63480
61220
66760
58670
66060
112270
84180
77770
78490
73680
79900
82610
77290
79920
86130
87310
73660
84080
74990
78510
85590
76140
81140
86800
81930
77930
85040
75400
75730
81740
74530
98600
81800
67360
59030
67510
64680
60380
68810
60700
68070
89420
117560
116140
99020
84390
71490
71670
61910
65120
65170
67950
62490
68440
58060
57690
67370
63460
67790
64490
66030
56590
70330
62600
59180
66040
57790
72040
68890
71290
61840
67220
62860
60880
106980
75560
78620
91540
82210
75770
81280
76100
73630
88070
76410
79450
85480
83430
79410
85080
76980
74360
86280
78790
81680
93210
80410
78800
86790
75420
91660
73670
60100
67020
68470
69360
59050
67740
64260
67170
75020
127650
117270
102990
79280
66820
68760
63070
59520
73650
63960
66950
64400
67010
63310
68540
60080
59940
66410
62080
66020
66330
69550
59720
67820
66100
62940
71110
62530
67550
69340
69970
80110
87600
73740
82040
84930
79030
84320
88040
88170
77700
84890
74690
75550
86690
78420
86680
90360
82830
75450
90180
78110
75340
84310
75560
84060
91460
84650
81600
74060
64420
64770
71150
62370
66300
71100
73010
64350
70320
129930
102010
94290
68500
67100
66850
69970
65990
69950
59520
58460
65160
61490
66510
67950
66430
61010
68610
58760
60740
67010
58310
65940
65540
69620
60310
67420
64070
61750
67410
59990
102650
88750
88890
75440
82660
70720
74820
88460
77790
80290
87910
83880
78830
83500
76700
72740
79350
76320
79680
89190
83530
75120
89300
78600
76650
83400
90570
73360
72420
69760
62290
69020
59840
61630
73020
64970
68760
129350
118120
86080
81470
64390
60030
69760
59500
66910
66330
67800
63710
69570
60840
61250
66160
59700
69550
65740
66490
59780
68350
60890
60660
70010
60420
66130
68860
67950
61290
67180
64460
100180
84310
74540
80370
85800
85510
78010
80570
74520
73190
82750
82160
80960
88530
83630
76250
87480
79110
77120
82720
75950
82920
91630
84270
74270
80420
88540
63790
68180
61230
66970
67840
69770
62170
69020
64060
60420
119300
98560
89610
72370
68050
64540
69020
60790
59410
64880
60570
64050
65010
68060
57390
69020
62400
59700
66290
58240
66690
65640
67910
58850
67300
60560
67020
73320
61170
66030
66770
109000
77260
84240
75110
74410
89700
77190
82290
86980
79060
76550
88280
77320
74150
81990
78610
81750
87590
81140
74780
84480
83320
76880
81810
75430
79220
102370
75920
60840
67500
60130
63400
70320
60330
69320
67080
73140
127180
123980
84970
76300
73820
66690
68940
65420
66110
61240
70780
60640
60910
65090
56740
66350
65420
67180
57340
67340
62800
59620
68320
59050
64360
69470
69330
62720
68310
59710
63180
69350
88530
81820
92120
81910
82460
84060
75860
76280
80970
79400
81230
88100
80850
75520
85000
75930
75920
82520
74060
85130
88430
81930
73450
79370
79990
75940
96200
64780
66210
66080
72350
63610
67240
61370
62330
72250
60850
125850
114170
88110
68640
68480
61620
58720
65360
61160
65870
66270
67240
58160
68590
59260
58720
68960
58450
63460
70280
68220
58650
65700
59090
65670
68830
62830
64990
66590
67810
61090
110820
74450
76050
85740
76780
80780
88640
78390
77900
82660
77070
75040
82200
75650
85480
87660
82340
72720
81390
78960
75770
84260
75560
77600
94130
86110
92870
77020
59450
61310
73300
62680
65040
64560
75040
67690
70710
117930
118340
95580
83090
71540
65560
66470
58350
68910
59260
60290
65370
58350
66550
64370
68160
57760
65900
60930
60660
65010
58430
62350
69140
68520
63100
69380
60260
60950
72020
60680
64600
105750
80020
78760
84820
79030
75420
83020
78220
80640
87790
81250
73970
86020
74170
75910
83000
75240
85170
90050
84350
89850
86680
72600
82270
83970
74900
92650
70910
67690
59260
68890
61660
58950
72160
65730
68480
66080
128450
110580
95660
68450
62940
69720
65940
71130
68290
68280
59360
65920
64190
61580
67010
59070
64140
70630
70000
61750
68760
59720
61680
66100
68250
69280
67380
74970
62850
72000
62380
95480
89510
81460
83150
86100
80100
73870
88750
77500
77200
80880
73390
82560
89500
85560
76330
84940
80730
78650
85560
76940
79960
92870
83960
79220
86170
85520
71320
71370
61050
67320
68580
66690
63270
70790
63760
62500
122910
114750
96290
96070
73680
64880
74880
62670
61660
69450
60680
67080
68580
67750
60020
66800
62310
61290
68880
59880
64230
66500
69850
59580
66880
62400
59800
74010
62280
68430
66000
67550
108600
86330
77960
77290
84820
78060
83900
89630
82240
77180
85610
83100
80080
83630
75950
78230
92890
82590
76470
83420
79850
79370
84740
76620
81540
90050
100000
65910
69230
61690
61710
71410
63530
66880
73050
70320
65410
132380
108320
90980
75600
62680
70030
66290
68050
59640
69600
63490
59960
68490
60200
65110
69440
67690
59840
67360
62240
62170
69630
61900
65830
65960
72330
64100
71720
59660
60200
67660
93220
84640
86340
86330
75510
85060
79170
76950
83070
80230
85370
89640
84730
77280
84820
80500
78020
83420
75900
79320
90950
87490
76390
82420
74750
74710
90660
81920
68560
67000
68550
63820
70310
61700
61750
74980
64140
72830
135080
100900
81720
85820
65380
61900
68180
59440
66450
68630
69160
59970
66500
58630
65910
70370
61350
67370
67100
70280
62740
68680
63100
60330
72040
62710
71440
66850
67580
64090
70830
99640
77310
94960
86530
85870
89510
82330
74780
83770
84830
76770
82980
74520
81940
90980
84290
77120
83170
74960
78670
86670
75990
81980
88660
88810
78260
95560
65280
61130
68950
63700
68940
67230
68030
64280
77610
63830
118890
119390
84740
83590
71670
69040
60960
67540
62180
60960
69050
61650
64120
66910
67860
61050
68010
59290
64220
68350
60790
65750
66640
69140
65450
71300
64600
61420
68600
63570
66610
83030
96620
76550
84590
75960
78500
83860
74830
84700
90040
83470
73830
83670
81420
77860
83950
76870
82200
87530
89140
78210
84290
74930
80050
90210
77040
82630
96280
71600
62010
70970
63130
61000
67150
63670
71360
69360
68420
127520
105030
83210
68620
72630
60320
63630
68500
68340
59100
66840
61910
62690
68540
60860
65710
64110
69530
61690
68170
58560
58150
69890
63640
68890
66550
68350
65080
69550
62580
60680
100880
75700
89560
89790
81370
82470
82380
80930
74760
85850
75210
79600
93560
85150
77430
81710
75210
79680
83450
76930
81060
89450
86360
78320
85220
77070
88760
73430
64950
66980
67350
70490
59590
70460
66890
63470
70250
129950
120400
101020
83270
64470
66810
65020
61300
67790
59240
63660
70190
67710
59950
68830
59420
62290
70950
62140
65920
64560
68680
62350
67200
62210
62840
71590
64200
67230
67370
67350
59530
107820
79310
78340
82710
76380
88440
90910
85520
76250
81690
77110
81360
85670
75210
79720
89680
84990
76350
84740
88820
77270
86290
77660
81010
86790
86340
91180
74530
61770
60850
70200
63350
68650
67500
72180
64530
71330
125440
103690
92690
67160
68170
69560
67990
62150
68060
59510
62750
67630
60290
65310
64900
82930
66280
68500
62800
60290
69160
61110
64690
66870
70520
61690
75840
62690
61110
69110
61080
104570
89490
84210
73780
81050
83930
78560
84420
75830
80710
88110
85130
79600
85550
91330
87470
85050
72700
80350
90550
83390
82680
83380
78360
75960
83010
97120
76040
66690
67660
59960
71890
63070
60460
71900
64870
71350
135930
121150
89220
84610
68570
64020
69160
62500
67170
65370
71230
63220
69040
59610
59800
70650
60790
66280
65270
66310
63270
68680
60860
59280
67850
63240
68290
68790
70040
62360
71630
62600
99220
85430
77030
81280
96330
85950
74240
82550
76370
78240
84820
77860
81070
88010
87960
77230
83750
75530
74910
91870
78420
82510
86480
86490
79910
86230
89340
67170
67850
60460
70690
68900
67320
61080
71340
68910
64020
125940
105880
93810
81120
70220
62080
68210
60460
63450
68960
60900
66490
64720
67490
61860
67580
59710
58290
70280
62680
67470
66360
66520
58350
72930
61740
64090
67540
61750
70820
68440
107600
76590
85200
79630
76830
85280
77510
81600
93420
84830
76910
81320
77570
75840
88130
79180
79410
86540
80760
83020
85990
77150
74780
81430
78660
82250
99530
78830
63030
71060
63970
62950
67810
59330
68370
72700
70300
117100
114290
89740
89060
75120
61070
64630
64590
69310
59640
68080
59970
58730
68510
60260
67380
65490
67200
61690
67640
61150
62720
68670
62590
65120
69140
68400
60880
68720
63870
61660
68790
99770
84750
91310
85050
78650
83560
76180
79360
97150
82720
83950
86580
87670
77560
82070
75180
75930
87060
82070
87260
90100
81950
78070
88070
79580
74390
94960
67910
68990
67760
72110
62830
68480
66780
66910
72280
62840
125100
125280
90980
72950
71120
58870
60970
71250
61270
66090
67550
66770
63040
69950
59410
59020
66040
64120
65170
66800
66180
56910
72560
61180
63240
70160
62020
69540
67780
68370
59930
91760
83940
77760
82760
80810
80690
84680
89410
78020
82750
75830
74720
86290
76210
81120
87180
83080
91450
90160
76850
78810
82360
79950
84790
87780
81750
78090
89310
63980
62380
68050
61810
66170
69980
70680
61510
70960
70670
121950
95690
85140
76060
69900
73050
61550
68580
59780
59800
70330
61130
65660
67760
68590
61220
67960
61550
59430
64830
58660
68310
66100
67290
61490
68360
63900
61260
70100
60630
67720
112240
82080
78130
82040
75000
80420
86040
76140
82130
87370
85290
80000
84400
74540
74360
82150
82330
82340
91120
80960
75100
84100
80440
77920
86180
74480
85730
71800
67930
59440
67740
62580
60750
69710
65730
67390
69150
134830
117590
95480
72040
60330
72350
60590
66150
64440
65320
61170
69230
59770
61300
66480
61380
66640
66710
65020
58240
71520
61640
61980
66460
62990
71750
67650
69920
59900
67600
61530
75910
88270
75580
81840
87300
89960
73780
89880
78670
74530
88620
75370
83270
89590
81780
82680
86170
78190
77850
84730
77690
82770
89290
81020
75310
78220
81170
85590
72610
59880
67380
69810
68560
62380
69510
64560
66100
70790
123700
103780
97780
127990
64510
68700
60810
58530
70270
60860
66260
65790
65980
59000
72910
60210
59120
69620
59330
66660
67260
72120
