71011
33091
28741
30050
28810
30190
31100
31340
31540
30191
30281
30631
30680
30370
30820
30960
76881
75641
75211
77431
76651
75311
78960
74670
73310
73541
87261
66151
58971
60281
59341
60531
61831
58030
65290
63120
61001
123172
110331
83881
72271
62401
61041
58190
59450
63090
61631
59811
59561
58701
59681
59311
60781
59461
59340
58880
57120
59791
58611
60211
58911
58161
61321
62231
60440
63130
60061
60421
60401
95521
72211
74671
72451
74150
76461
70981
73901
73171
71281
74191
71821
76401
71491
73970
75490
71951
75541
72251
72601
72931
74461
72411
73351
72710
75500
83091
61761
60701
62191
62681
61051
59581
62551
63201
61190
60470
121872
100691
79931
64811
61091
59801
61581
58321
59600
62520
58920
58311
59101
59191
59971
58641
58711
60871
59441
59490
59240
58901
60291
59861
65801
60081
61981
61461
60591
61450
60160
101241
76121
73101
74541
75081
73251
71031
73920
71870
72971
72101
72821
75541
71051
76731
72661
71051
73750
76621
73061
72941
70901
72971
71691
72611
74351
85191
66151
60030
60380
63251
59691
61111
58551
66571
63911
61071
118151
108301
85931
71941
60731
59391
59511
69271
59291
60211
58121
60370
59870
60280
60471
60251
61161
60691
60011
59981
58811
59080
57580
60740
61341
63521
62271
60201
60891
61861
60861
71520
75681
74431
71461
73011
69881
74201
71491
72841
74551
70740
77081
73231
73331
75161
71051
72531
71101
76661
74791
74670
73981
72361
74801
72771
74081
70541
76401
63231
60441
60141
60480
63060
60040
62161
62211
62691
107192
110471
90452
76430
64780
60800
60250
61221
60021
59731
59741
58841
59901
57231
60450
61500
61571
62621
61191
59331
58641
60451
57351
60911
61940
62700
61870
61211
61531
61351
59421
59591
106331
79330
77411
73471
70151
74011
75421
74031
74681
73271
76331
81060
73270
74521
71731
72941
71071
74311
73931
72821
75271
71731
73220
74591
73041
72271
87371
65371
62461
59081
58901
62301
60991
62210
63030
59940
63231
132442
103351
82881
62871
63361
59710
62370
59070
58280
62421
59841
59971
60591
60241
63541
63291
63310
62680
60741
60621
62991
62181
60041
61311
63201
62921
65010
63750
62581
62501
63621
95881
73951
76731
72161
74631
74490
72401
73971
75541
71211
74251
73201
73671
70771
71801
74740
74851
73281
73101
73011
74651
73221
71611
73021
71181
78440
81561
65231
63561
57941
63181
60161
59901
62731
66181
63070
61680
120042
106931
87321
72781
65091
61601
61601
61101
59690
60570
59440
59491
58791
61421
61511
58041
60051
58671
59050
61780
58160
62771
62351
60741
58661
61031
60401
62111
60140
58850
60350
61331
100201
73511
71141
73461
71901
71251
74330
75971
73551
73061
72921
76771
71601
75971
79111
82251
76901
72251
73321
73491
72391
72791
71081
68801
76271
75241
83821
63770
60320
60950
57511
60141
63811
59421
64421
60341
61631
125162
101351
81951
63861
62111
58901
59741
59051
58311
59941
59220
57170
58180
59731
60461
59751
57691
57891
60551
58841
60000
60530
58600
59271
60161
58491
63671
60451
61361
59901
59830
102681
73421
72321
73231
75681
73441
74131
71091
74901
76150
73301
69961
70751
73801
76221
73371
74571
69731
72851
72251
71911
74991
73831
75151
71071
71721
86341
63551
59261
59931
59310
61910
59191
58471
63681
61141
62031
119131
108682
84411
70121
66450
61090
58251
61241
56461
59411
60701
60051
60311
58010
60550
59500
56901
58721
58941
61071
57881
59731
58211
60530
61020
60850
61491
60141
61021
60111
59111
59481
96241
72580
72071
74211
72371
71981
75801
72711
72921
72231
70831
72290
72550
75051
75421
70621
70271
74721
72761
73321
75381
76911
76701
71331
71441
75081
75841
64021
57721
63561
61491
59670
59640
60500
62131
62591
59841
116132
100932
79621
64981
59691
58630
61461
59161
58441
60201
58721
60681
57721
59331
58541
59500
59970
59450
59921
58381
58031
58781
56851
58011
60891
60610
60510
58741
60071
60281
59751
95562
73441
74831
77930
72590
70241
74261
70451
72571
74591
69861
77221
72101
76360
75970
72171
76461
72171
77251
74891
72821
74841
75171
73461
74660
73140
94501
67411
61291
61711
59981
58791
59671
58061
68190
64830
62611
122702
110362
80391
67031
60601
60821
58011
60510
59160
58160
58361
58651
59361
59831
60291
58461
59361
61060
60860
57560
58230
59531
58241
59461
61151
61481
62441
62200
60450
60550
60491
69781
82261
71771
76141
72571
71221
72850
72070
75921
71511
70991
74981
71591
74721
73171
71871
73140
74891
73231
76571
72601
73751
72381
71651
73171
72890
74610
76141
61671
61261
59101
61351
60591
59361
61601
61971
63611
93811
117602
85051
79261
68321
59131
60281
61861
60181
59380
60060
58100
60701
59721
60921
59141
57731
59981
60631
58671
58170
58200
59510
61251
60861
59531
60651
61301
59621
61131
58180
59670
97491
74441
76751
73871
75681
70921
72211
72221
71300
73831
70871
71981
75071
71311
72231
72611
72961
77381
75161
71221
72641
72571
75451
71271
70871
75621
83311
63821
61880
57270
61270
60361
61321
62041
62731
64471
60481
146472
107301
81331
67151
61260
60301
63961
58071
58551
60191
58321
63280
58560
62320
61240
58121
60101
58931
58401
60531
57781
59410
59380
59710
61501
59061
62051
60941
61051
59771
60201
91461
73341
70891
72711
74761
75741
74931
72771
73761
75771
71030
71010
71721
71891
76541
73171
75721
75541
74341
75751
73581
75521
76021
73241
74791
79351
88181
68981
62331
60051
64851
62550
62630
62990
64121
63291
59231
120721
108182
88401
76641
63001
60590
59310
58071
59851
57821
59531
60321
57961
60281
58670
58870
63741
61921
61961
61381
62261
61951
61901
60681
62260
64760
62850
63981
63091
64061
62881
61841
101411
77521
76880
74601
75011
75821
77391
75901
75341
73431
77281
74231
74110
78151
76131
77941
73631
72291
74971
73561
73591
74641
72930
74341
71731
74141
87721
65881
62221
61551
61891
63251
62811
63410
65700
64201
63631
119792
102311
82931
66451
60431
60961
60420
61540
60851
60221
58681
59671
62701
58531
58851
59341
58890
60210
57540
59551
59811
58981
59271
57921
61961
60651
60750
59810
62420
59871
58691
91811
69901
74491
73401
70170
74790
69170
74191
71821
73911
73221
71931
74861
71401
76020
74160
73000
72751
71771
75561
75851
73361
76531
73921
74171
72630
86111
64981
62751
58961
60301
61181
59171
61171
63511
61361
61130
122132
114631
84521
69931
62201
59961
59491
59211
61011
59900
59050
59440
59511
60501
58441
58311
57891
60621
58901
58230
58350
58180
59541
58501
61331
60521
61771
62881
60981
59500
66861
59660
86051
75061
72831
72941
72991
70051
73700
76911
73661
72421
70151
72371
71831
73491
72741
73681
73041
71780
74631
72761
72401
75551
76111
71901
87471
76621
82621
67660
62180
63310
59650
60591
62721
61551
65621
62161
60371
123691
96911
79111
64751
60691
60751
58551
59901
61101
62141
61521
60440
62380
61280
58611
60511
59491
62571
61411
59151
58841
62540
62380
59661
61401
61621
64461
61161
60421
62651
61080
99091
73911
72221
79211
71941
73881
72951
73111
75611
73261
72150
75201
76011
74321
72611
73471
74491
72191
72661
74071
74410
74981
72491
72761
74831
71201
87261
64951
62411
62281
61280
61820
59830
59051
65571
61171
63471
123861
113061
86761
68030
62220
60470
64391
64861
58951
57441
59581
59621
61551
59021
59660
59830
60631
61021
59711
60191
59801
57671
60371
60170
62540
60920
61371
61791
62661
60451
58441
72951
79741
73610
75431
84151
77941
73661
73211
74441
74291
76501
73241
77560
77741
74791
75461
71861
73681
74491
74641
73271
77461
72980
76231
72791
71941
77081
77191
61311
59491
60011
62421
60911
61060
61180
63021
65671
113021
116032
88101
77861
65261
60811
61560
61780
59601
59511
59331
60611
60741
58281
58141
66341
61600
59490
59520
59491
60781
59251
59771
59921
61891
64661
62480
61440
62170
61731
60221
60751
107291
77311
72791
72440
73680
70720
75481
72801
71061
74121
72601
73431
79001
72771
74580
74241
73221
79841
72631
75121
74911
72771
75811
72200
82541
82781
91381
64061
61771
59141
61441
61921
62041
59001
61750
63630
62130
123101
102381
83741
66081
61631
64251
61901
60620
59020
58870
59790
60051
59281
62151
61261
61141
59591
59211
60380
56740
63051
62441
62471
57231
61691
60561
63151
60721
58200
61550
60620
92481
75421
73541
73781
73741
71711
74531
85281
75161
70871
73811
73771
73181
74591
73551
74891
75141
74111
71431
71451
72251
73041
73271
70861
75181
75361
82561
66210
59860
60630
58881
61251
62711
59591
65371
63001
61801
122641
109111
87911
75291
63331
60851
59571
58751
59711
60511
60050
58250
59690
60741
58061
60171
58691
58811
59861
57561
59101
58910
60050
57150
58831
61391
60821
62161
60321
60411
60890
61550
92771
69511
73041
72361
73221
72501
74511
75151
73940
72180
73181
72271
74921
71651
75351
80291
72201
76151
73951
72461
75261
71071
71991
72141
72811
73561
83511
63311
61461
61650
63170
64801
62191
62071
62061
62271
62631
120441
90731
78431
65870
62291
58241
61041
58291
59111
58671
57601
59681
59140
61070
58810
58981
58311
59831
59231
62191
61151
58371
57980
58820
60420
59871
61021
63921
62831
58361
62781
98351
74300
74050
75301
74521
75191
76161
76571
75471
74111
73641
72840
77871
75861
83181
76851
74391
76601
73421
73251
78751
73410
81271
75161
71791
75321
83051
65531
57041
56961
62811
58361
60760
59690
64931
63401
59221
116732
111581
85701
70861
61901
59380
61010
58961
60421
59521
62451
62651
58451
59971
61941
61340
61760
60580
61291
61361
62011
57791
59401
61141
60851
61760
58930
63060
61981
62221
59831
57641
97851
72311
72940
73980
72700
74451
86361
81891
75781
69301
75071
71521
72810
76010
71831
71071
73001
75741
74351
72361
75581
77251
74531
73120
73831
70691
76021
61501
62701
60421
58181
62661
58771
62080
63410
60230
61621
126192
95731
73651
62341
65811
63211
60130
61980
58820
60220
59331
60691
59801
58241
58871
60851
58720
61050
59150
57120
60621
58231
59731
58991
60201
60441
60091
62950
62740
60080
59511
99232
76571
75501
74771
70571
73970
74321
74491
70571
70071
78701
78691
76401
74991
74791
77941
74961
74681
76871
73991
76071
71481
71131
75001
72351
73641
86681
65710
63570
59361
59121
63051
60741
60401
63631
59421
63320
120791
106711
84141
65671
64081
60611
58781
62241
58731
59540
57050
58900
60900
61841
61721
60331
61201
59141
58511
60730
59010
58540
60731
60081
62411
65011
63871
62041
62031
62020
63860
72291
82511
75881
75071
76671
71901
73401
75960
71100
73170
78681
73181
73981
72671
74761
74721
73491
71801
74960
73540
73751
72421
73011
72841
71441
73791
72101
76131
62541
57990
60820
59380
60911
60101
58771
64161
63781
99401
113421
87721
71001
64811
61241
60921
58231
57091
60091
57401
60001
60160
58980
58920
56741
59771
59001
60011
60671
57731
59641
59960
59390
60700
61171
61221
61581
62021
58851
59841
61571
98311
75981
70051
76151
71611
73441
76891
70131
75121
71141
72610
72030
71471
78321
75951
77341
76391
74941
74051
75581
74450
74891
71831
71261
77381
75491
85701
63781
57771
60921
59141
60440
59690
58691
64341
60311
61451
124401
102851
84491
65591
64460
61960
58641
58831
59571
59451
59761
59981
58301
61201
60160
59000
58010
58711
58941
59181
72641
63511
59941
59681
61630
59890
62281
61231
60581
60951
61901
91002
72691
72960
72840
72821
74161
73081
72581
76431
73371
73161
71951
71741
75310
73951
71711
73601
70451
74221
71361
72271
76171
69721
76840
71471
75511
85961
64191
59851
59551
59381
63891
61081
59581
63860
61691
62421
119062
111662
87111
74121
63751
60601
58720
60150
58580
62471
59731
58751
60151
60201
59131
59501
57540
60150
60520
60210
59411
61661
60421
59501
61931
59561
58110
61870
60340
59470
60271
60681
100552
75381
70931
72661
74250
73060
78861
73611
72621
73611
71571
72731
73381
75091
74910
74070
71841
71851
74831
75151
74401
69361
75831
73361
72251
75500
83971
66661
58891
59631
61391
60831
60561
60271
62350
66620
60500
120181
100471
82481
65211
58391
58871
58791
60911
59370
57940
58480
59271
59011
59531
59361
57811
59061
59211
59480
60330
58190
59401
57711
60281
61721
59471
60851
63571
61250
59990
59010
91781
80591
73241
74491
72331
70691
76081
72580
73891
74071
77431
75551
70221
72121
76981
72321
73221
73210
73921
74251
70191
72351
74981
70881
75531
72171
84971
65860
60200
60630
59411
58761
61161
57911
65691
62721
59891
125041
110311
85081
72321
60951
60751
57171
58791
58621
57411
62171
60080
59220
57960
58851
59401
59671
59611
58071
57561
58771
59780
61920
58870
60181
60861
64071
62871
60011
60541
60090
61880
93661
72261
73911
73131
74751
74421
73811
73611
72161
71051
74291
71881
73551
73211
71131
