8747353
8744263
8748614
8725773
8715543
8717514
8749303
8739144
8726823
8716053
8767814
8721793
8733404
8732993
8718923
8733954
8737793
8765864
8748213
8753583
8757684
8741163
8770294
8747573
8757043
8744524
8738043
8744594
8744113
8755583
8760914
8744543
8744004
8746563
8747513
8745454
8740353
8751134
8783843
8763533
8747894
8742153
8754794
8757993
8754493
8758844
8739683
8786664
8770733
8768523
8777924
8740263
8743723
8736273
8772813
8764264
8749303
8749453
8742183
8742903
8753584
8753133
8747923
8741233
8738473
8749724
8805413
8755633
8743313
8744353
8780614
8755363
8749683
8750463
8740953
8750284
8747143
8768673
8739503
8754333
8746334
8749683
8751973
8750143
8745553
8768764
8787993
8750983
8747693
8737843
8749624
8752923
8767423
8753323
8744413
8749684
8741263
8887034
8780843
8753863
8750094
8748663
8829464
8781963
8754343
8748594
8737883
8751493
8765643
8758073
8748194
8741773
8737413
8747843
8752803
8753294
8740143
8747433
8767734
8748453
8759924
8764333
8742293
8750924
8750523
8757054
8745873
8754313
8747114
8747993
8751494
8738343
8757663
8749264
8780123
8748324
8747443
8744573
8747644
8749933
8754114
8745363
8739273
8743654
8743493
8767104
8754933
8744893
8788754
8786263
8803064
8754103
8754543
8746344
8744843
8749084
8749873
8761673
8749004
8946873
8759094
8750393
9752895
8762114
8746233
8744244
8771373
8750733
8754954
8751433
8750494
8751683
8746503
8757534
8744453
8754684
8747763
8745553
8755614
8810123
8772764
8757953
8778533
8751064
8751563
8752623
8756593
8755193
8752994
8770523
8747603
8748953
8744523
8773064
8762123
8741333
8747133
8741923
8843444
8772253
8755973
8752163
8743313
8748964
8750233
8762663
8744413
8745673
8746184
8751383
8766353
8761973
8746643
8749754
8773023
8757443
8750533
8754693
8749714
8745053
8751043
8757903
8765543
8759644
8739773
8760773
8756023
8756873
8750334
8748653
8774863
8753893
8758213
8757854
8745303
8755033
8754644
8753153
8749034
8749073
8749793
8844464
8761933
8749034
8748943
8748113
8775584
8760903
8812004
8770633
8751703
8753784
8751383
8758764
8742863
8754293
8750524
8766523
8781304
8750613
8747163
8748954
8784923
8766744
8747763
8750333
8737854
8748763
8755364
8774963
8753023
8756494
8760483
8760834
8756933
8746953
8750984
8745723
8793394
8766683
8748413
8748844
8743953
8849824
8758663
8765063
8764954
8754563
8758384
8764003
8762343
8755354
8752183
8749354
8790483
8754973
8762754
8746213
8754264
8803833
8775383
8763714
8747383
8755773
8746853
8764163
8777744
8747293
8749383
8749653
8781053
8754624
8755323
8759893
8750983
8752573
8759554
8759623
8754093
8762433
8747103
8760884
8761293
8782884
8749693
8747123
8778804
8754343
8756783
8747303
8748883
8779514
8754963
8794694
8756443
8755223
8753444
8757093
8761333
8759923
8757643
8755234
8778533
8772363
8762113
8746753
8756684
8747253
8757883
8822243
8766653
8754774
8750713
8756603
8764663
8753883
8757964
8754923
8788203
8754144
8758593
8757654
8755843
8750033
8862454
8764693
8752614
8755713
8748313
8766004
8753583
8759824
8748583
8752713
8783804
8754543
8759974
8747273
8748803
8761674
8762773
8765784
8756603
8757353
8752394
8761143
8781704
8773903
8758913
8752184
8781463
8756464
8763263
8752063
8750724
8751823
8766104
8765533
8748213
8809974
8769553
19714150
8779873
8748963
8749734
8754903
8780394
8758013
8755783
8752004
8790103
8777524
8760953
8766253
8759224
8783643
8750893
8759703
8757803
8755044
8748323
8753033
8772343
8761483
8767664
8753413
8910304
8762623
8752473
8760804
8745063
8754533
8748213
8759933
8761054
8802103
8750563
8754823
8784673
8764754
8756713
8751773
8753723
8764493
8759944
8762383
8751743
8753743
8742993
8762214
8800913
8774003
8752193
8750493
8789234
8756683
8755393
8760803
8760503
8757354
8762783
8791153
8748523
8750733
8753024
8763673
8772903
8757263
8752203
8761594
8778323
8764963
8763573
8759383
8753724
8752883
8764293
8765684
8750383
8763034
8749043
8761683
8776554
8761403
8755034
8752963
8793703
8770034
8752693
8763644
8754593
8758093
8758464
8759903
8758174
8764473
8754323
8766364
8766143
8753654
8791893
8767603
8799874
8764243
8764164
8752943
8745383
8760234
8753683
8765534
8749283
8752043
8752044
8769323
8759874
8754573
8753233
8762034
8784773
8760784
8762373
8751523
8756764
8761443
8760394
8772193
8755113
8760454
8754443
8763304
8761083
8753233
8752114
8753423
8783914
8768763
8756723
8757144
8752373
8767474
8758673
8764503
8753944
8762623
8759373
8767983
8765323
8761254
8758703
8770324
8839183
8781333
8763574
8759703
8755333
8762133
8760103
8765184
8755783
8758373
8751193
8773633
8761554
8752593
8760783
8761163
8782183
8762924
8773023
8790874
8756553
8781653
8759204
8771463
8758913
8756903
8752763
8771274
8760863
8762243
8750323
8752543
8793354
8780833
8758703
8761883
8745913
8775804
8760243
8761793
8755773
8761173
8757504
8765323
8765733
8761664
8767053
8766424
8778163
8766893
8910324
8805723
8779774
8759213
8761553
8774194
8761453
8763554
8774513
8766443
8766984
8760413
8755494
8765643
8779593
8764764
8758013
8768954
8756243
8757843
8782394
8778343
8757084
8754843
8750203
8765474
8774873
8765024
8763523
8752623
8786754
8764673
8765824
8761113
8754063
8759744
8760653
8763654
8754603
8758713
8761044
8765643
8768404
8761253
8763943
8760644
8782363
8769964
8770673
8760673
8747514
8799803
8782704
8772113
8754563
8766714
8750613
8772944
8766763
8765523
8759274
8758833
8790224
8645113
8643403
8645424
8639513
8646493
8644003
8646983
8645224
8683213
8646263
8649363
8652433
8646794
8641753
8648253
8680653
8649453
8651874
8645403
8649633
8652173
8649703
8652693
8645843
8657813
8651363
8647473
8663554
9535934
9573165
9572654
9577214
9573915
9569314
9571385
9570704
9575654
9592305
9579964
9571585
9571934
9589714
9570625
9579094
9573775
9573024
9568284
9574485
9570634
9573485
9573045
9573254
9574525
9568844
9569805
9577795
9573284
9583845
9574754
9572115
9574235
9575654
9576205
9571424
9575735
9567835
9575374
9579735
9574464
9574395
9574075
9571734
9573925
9588764
9574025
9575185
9574294
9571045
9576044
9577955
9576835
9571544
9575465
9572454
9574955
9574545
9577114
9570195
9583444
9595805
9572935
9578894
9576005
9572604
9573565
9577105
9577134
9576905
9577634
9571335
9579005
9567684
9572715
9574894
9574535
9579425
9573864
9576525
9573764
9575095
9585275
9577174
9572595
9571194
9572645
9580365
9578534
9571355
9575824
9577215
9577875
9585224
9579075
9576674
9578235
9575415
9574014
9581805
9577004
9571045
9576245
9571664
9584425
9579304
9577315
9573155
9576764
9586895
9588294
9579655
9576365
9578244
9574765
9578764
9571064
9575445
9575744
9576455
9576524
9572314
9573545
9577984
9575925
9588644
9575764
9574445
9573434
9578755
9575364
9576554
9575245
9573764
9575575
9578884
9579224
9574655
9574644
9576345
9575175
9591244
9575245
9574884
9575085
9573545
9577134
9578425
9576104
9574515
9575025
9570524
9578795
9578144
9576205
9573805
9571564
9582125
9577674
9582675
9584755
9575224
9575835
9576944
9577255
9579235
9576864
9578865
9577654
9577825
9578385
9578564
9579945
9591314
9575545
9581415
9576624
9575785
9579984
9576755
9576415
9572414
9575005
9577864
9581865
9575925
9574604
9573115
9579534
9602355
9581405
9581204
9579365
9576314
9579015
9584755
9583174
9576635
9575354
9575095
9588525
9579044
9577205
9578034
9587455
9583455
9577544
9582575
9576614
9579745
9578495
9590664
9580945
9578544
9577635
9577375
9580884
9574555
9576374
9584325
9577655
9588264
9577915
9578704
9576115
9580345
9578254
9576675
9578024
9576175
9578605
9579854
9583595
9576454
9576924
9576225
9579194
9593725
9581754
9577214
9576595
9574704
9576385
9586014
9581324
9576525
9578404
9576975
9582885
9580594
9583125
9578954
9578865
9589645
9581774
9583995
9582694
9578815
9579145
9578444
9579755
9592664
9579955
9578185
9580074
9579535
9579804
9581045
9583485
9590974
9578705
9578934
9578515
9585075
9578664
9578705
9577914
9577865
9577765
9580844
9582045
9576844
9579985
9579775
9578814
9594665
9580104
9578495
9580035
9580144
9577405
9586534
9581705
9577735
9580424
9578875
9581664
9582895
9578765
9577384
9582145
9593634
9579315
9586305
9579224
9581435
9580254
9578495
9580625
9582334
9604825
9583924
9583085
9581025
9577794
9581125
9582854
9590165
9578255
9582254
9583675
9582334
9583165
9581385
9579384
9581245
9580094
9586325
9584155
9580704
9580025
9583224
9581565
9598345
9587484
9586185
9583554
9581565
9578045
9587194
9584465
9578564
9584695
9579525
9585644
9582785
9582054
9580604
9578985
9595604
9582605
9584924
9581334
9584055
9581194
9580145
9582164
9583694
9585215
9578834
9584945
9580564
9586104
9584685
9585374
9603875
9584104
9580284
9583025
9583664
9583775
9580565
9581194
9582495
9582414
9585105
9588065
9582274
9584445
9581344
9585905
9598495
9588264
9586915
9578934
9582325
9581045
9588804
9586025
9581494
9584265
9581865
9584404
9585105
9583304
9581185
9584655
9593434
9581755
9586574
9582915
9583445
9580934
9583535
9587754
9582025
9582505
9582144
9588815
9580894
9603025
9612485
9585864
9595695
9586054
9586105
9582875
9593174
9586405
9582864
9586965
9582895
9584404
9588165
9591174
9582535
9584785
9584874
9581045
9599914
9592115
9586165
9585894
9584775
9581534
9591045
9585965
9579454
9582345
9585634
9589045
9588695
9586394
9584995
9581364
9596485
9586435
9587384
9583305
9580604
9591535
9588585
9583244
9588205
9583314
9583905
9589665
9584964
9586925
9609384
9594525
9610955
9585384
9583905
9587034
9587515
9589155
9587624
9584195
9585684
9586975
9592575
9592854
9585905
9584054
9583644
9584125
9600444
9585585
9585614
9591504
9582515
9583614
9590175
9586634
9584674
9586375
9586614
9585795
9586125
9586684
9584295
9586154
9596215
9585085
9588144
9587065
9586794
9586165
9585535
9586494
9586935
9589164
9584445
9589695
9586554
9585445
9588434
9587215
9599085
9584084
9584515
9591054
9590425
9589455
9586704
9584145
9584304
9585435
9593355
9591144
9584005
9585924
9581795
9584135
9603104
9590035
9589114
9584875
9586915
9585754
9592475
9587774
9584065
9589225
9585654
9591125
9590144
9587175
9587665
9585864
9600585
9588704
9591305
9589925
9582244
9585655
9589974
9588455
9591745
9588144
9586575
9592634
9584255
9592115
9591744
9586805
9602064
9584675
9587815
9587104
9590655
9594354
9588305
9589945
9585924
9586855
9593254
9592415
9584765
9591404
9584045
9590824
9604065
9594035
9591064
9589505
9588324
9591075
9595255
9590114
9589135
9591364
9586685
9591375
9590274
9588145
9584364
9586815
9599145
9587404
9596365
9592424
9586464
9588325
9591484
9588155
9592984
9589104
9586975
9593234
9587115
9587324
9594434
9589275
9600294
9588725
9591065
9586594
9589925
9589344
9592115
9596485
9589074
9590335
9591234
9595775
9590645
9588004
9586365
9588984
9601075
9592345
9590494
9588885
9587434
9588255
9596025
9591704
9590655
9588124
9591215
9592995
9591004
9590575
9588784
9588265
9600455
9590054
9592575
9588334
9589665
9591025
9590044
9591075
9592714
9590275
9588825
9592104
9589665
9591244
9592075
9594765
9601594
9592955
9595874
9590905
9591185
9590724
9592505
9594494
9590945
9590395
9599124
9599905
9590394
9590355
9591275
9589904
9602805
9592514
9595325
9590685
9589704
9590725
9594464
9590325
9590955
9590704
9586535
9592594
9593625
9592395
9590524
9590985
9601954
9590775
9601735
9593934
9590765
9592204
9594085
9594905
9594914
9593675
9591394
9593985
9590075
9593154
9598615
9593224
9603405
9594335
9595544
9588465
9598284
9588875
9593085
9589984
9590405
9592484
9600185
9618415
9594854
9592005
9592544
9596355
9618415
9594264
9596575
9594774
9589174
9594715
9597184
9593885
9593585
9589934
9591405
9597044
9594555
9593045
9591974
9593025
9604914
9593345
9596215
9591964
9591165
9590854
9592365
9597165
9594664
9595965
9592244
9595445
9592325
9594984
9597895
9596824
9604085
9595975
9593724
9595585
9596064
9596765
9593705
9592564
9591135
9592634
9596235
9600375
9594434
9592375
9598844
9593255
9620675
9593704
9597255
9592704
9593125
9594575
9596734
9597375
9592834
9595285
9594075
9596814
9603925
9598294
9592715
9596815
9607144
9596725
9601724
9596735
9594205
9595354
9596425
9595214
9598525
9594835
9590354
9597555
9592704
9593615
9601355
9597984
9607825
9591114
9594455
9592355
9589284
9590485
9593244
9590295
9588795
9589454
9587695
9597944
9586185
9590435
9589074
9593885
9613574
9600295
9597205
9589654
9594395
9592114
9590755
9591655
9590174
9590695
9593184
9593155
9592725
9593754
9589035
9590024
9603885
9591535
9590314
9590785
9590914
9590344
9591535
9590094
9590975
9593964
9589654
9595205
9590714
9588835
9589884
9593924
9605465
9590944
9588465
9594335
9591954
9594915
9591244
9588875
9588685
9590474
9594695
9595004
9588455
9596205
9590674
9595865
9609464
9591375
9615085
9598494
9591495
9591054
9594135
9594395
9591494
9594695
9593494
9593165
9593565
9594564
9591515
9595674
9603075
9592545
9595124
9595625
9593354
9590545
9592995
9593324
9591205
9596524
9591905
9596855
9591694
9593205
9592794
9594095
9599845
9592844
9592555
9595204
9592865
9596135
9594084
9594135
9591044
9596065
9590965
9598604
9590125
9592944
9594745
9592685
9611194
9597255
9591984
9595315
9751015
9597114
9594575
9597054
9591555
9594235
9593454
9597915
9592974
9596515
9593365
9593104
9601325
9593114
9594165
9595995
9596094
9592935
9598244
9590465
9595105
9596004
9592925
9599354
9594115
9595135
9592864
9598175
9608434
9593435
9598555
9596204
9597885
9599084
9596225
9596525
9594014
9598545
9593704
9602285
9594595
9595544
9595475
9593214
9607735
9599255
9594564
9597285
9594044
9594114
9597015
9607904
9594055
9592965
9597204
9600155
9594714
9599435
9596265
9593744
9609125
9595144
9596085
9595985
9594804
9595275
9594934
9594575
9594725
9598504
9595995
9599704
9592645
9596895
9593714
9596995
9609534
9597075
9594845
9597874
9594735
9596324
9596415
9596835
9593804
9599275
9593384
9598525
9593295
9594714
9597395
9596854
9611985
9596765
9598704
9596205
9594724
9594905
9595015
9598154
9594625
9601264
9595225
9599355
9597504
9596495
9594694
9598985
9609425
9597524
9595575
9600254
9596305
9595735
9596364
9598055
9595534
9597355
9599075
9598664
9595495
9598864
9597085
9598485
9608664
9597615
9596304
9596005
9597705
9596974
9597815
9599844
9596715
9600475
9595044
9599385
9593444
9596585
9598455
9600104
9615525
9605094
9603725
9596415
9598374
9597635
9599824
9604655
9605535
9603074
9600845
9611364
9603625
9606385
9602254
9601645
9616704
9601875
9608155
9604614
9601855
9602434
9603365
9604545
9605904
9604625
9601384
9607635
9602155
9603694
9607015
9603225
9616595
9607105
9604954
9600255
9609295
9605254
9605115
9604204
9602185
9605475
9607444
9609625
9604324
9603005
9602685
9605534
9618235
9605724
9605065
9602945
9605584
9604465
9603934
9609035
9603335
9604304
9603665
9611864
9605965
9607685
9611984
9607535
9619954
9604055
9612705
9609294
9607235
9603834
9611035
9611275
9608274
9610855
9607204
9609655
9605525
9604984
9609695
9608674
9614565
9606455
9609744
9606805
9612014
9608755
9608195
9606434
9605175
9609574
9608605
9609715
9603404
9611175
9606984
9604175
9624735
9606154
9607195
9604664
9604715
9604445
9613874
9606615
9606634
9608075
9607805
9610774
9612695
9609444
9607575
9627695
9631074
9606915
9611734
9606695
9605945
9605944
9606835
9605904
9610525
9745135
9605134
9611875
9606094
9615655
9610215
9606854
9618645
9605874
9607855
9608685
9610314
9608425
9607634
9608445
9612745
9606804
9609875
9609694
9607065
9607035
9604884
9612705
9625944
9606705
9611115
9612694
9606725
9609925
9617035
9609425
9607764
9607435
9607365
9608004
9612295
9612874
9613645
9608815
9632265
9608045
9621174
9610015
9608075
9605454
9611865
9612644
9611055
9607745
9608004
9611505
9611194
9609345
9613625
9627164
9617825
9607344
9609285
9610005
9610284
9613165
9608454
9608365
9608955
9608544
9615825
9614804
9606565
9611785
9608884
9610475
9617794
9610515
9609895
9612294
9612155
9611834
9612285
9618105
9608714
9613765
9609244
9615345
9615775
9611834
9607725
9611724
9614805
9609545
9617014
9613615
9630954
9614025
9617195
9607234
9612075
9610764
9611435
9612515
9606684
9610435
9614694
9610265
9622265
9611264
9608965
9609354
9614685
9610745
9609444
9612345
9609264
9611975
9616335
9613404
9609905
9608704
9606525
9612745
9619414
9611205
9612624
9612375
9611605
9613754
9621175
9615304
9608065
9615225
9610594
9614055
9613774
9610675
9614825
9603034
