66480 
62310 
65130 
85440 
56870 
46760 
47770 
51170 
52060 
55650 
47820 
55910 
49570 
52220 
107470 
90460 
74560 
54600 
49580 
45840 
45650 
46760 
43510 
44140 
45960 
44630 
43250 
44230 
42600 
45900 
45150 
44630 
47270 
46890 
47030 
44960 
43830 
43500 
44070 
47730 
48590 
48430 
43830 
45370 
46370 
45360 
75290 
61230 
62210 
60690 
60420 
61160 
58840 
58330 
58210 
59260 
62220 
60160 
61390 
59260 
61070 
64780 
61780 
60760 
58940 
59170 
64840 
59910 
58340 
60210 
59280 
61680 
70840 
50730 
48530 
43750 
49120 
47320 
45080 
44960 
50820 
48800 
48890 
84130 
82450 
67470 
64140 
50410 
46450 
45180 
43990 
44740 
47300 
43550 
43020 
43980 
43890 
44630 
44440 
44940 
44110 
41870 
44210 
43850 
43740 
43620 
43780 
42300 
49380 
45410 
47510 
45970 
45010 
46480 
44480 
69570 
59890 
55890 
63950 
64410 
61680 
59130 
58700 
56300 
64700 
62310 
59180 
58050 
59010 
62130 
59840 
60320 
58710 
59800 
63800 
59080 
60010 
56350 
60370 
58220 
62730 
59330 
57600 
45210 
52570 
48330 
47500 
45220 
43370 
47410 
50520 
51000 
45950 
82390 
76400 
65920 
52510 
45130 
45830 
47340 
46650 
45680 
46310 
43150 
43800 
43510 
46840 
43590 
42960 
43810 
44080 
45660 
46950 
44290 
49750 
44110 
44210 
47680 
46170 
47720 
49140 
46390 
47260 
45910 
62210 
61440 
59810 
63560 
60870 
57350 
130780 
62910 
69170 
63970 
62320 
69470 
71500 
66960 
65050 
66130 
67500 
63900 
63930 
62940 
60530 
58990 
63100 
64360 
64910 
63440 
61520 
65280 
51990 
47050 
47900 
46650 
48340 
47140 
52010 
50580 
50360 
49560 
86230 
78750 
69810 
58190 
46670 
44250 
46810 
49460 
46540 
44870 
44540 
46060 
49160 
46970 
45220 
44060 
46570 
47650 
47050 
45130 
43220 
45980 
47520 
47390 
48060 
44590 
51370 
47490 
50670 
46460 
45350 
45420 
76480 
65210 
62670 
62840 
63200 
67900 
64570 
65220 
62720 
64660 
65730 
61270 
65680 
60390 
84030 
83610 
88270 
92850 
69250 
62580 
64010 
62730 
66040 
64660 
61780 
62580 
71750 
49510 
49370 
45870 
51330 
53170 
50810 
49810 
56220 
49010 
47730 
88880 
81970 
68730 
55060 
48920 
46800 
46110 
45580 
44550 
48450 
45360 
46740 
46720 
44790 
42670 
46650 
44310 
46770 
49020 
44370 
46170 
45230 
47120 
46040 
45470 
50180 
47520 
48500 
50080 
46290 
47620 
47620 
78370 
66270 
62930 
62700 
63770 
62830 
66440 
62860 
61170 
82040 
64100 
67220 
65850 
60430 
62340 
63100 
63870 
121490 
61660 
65740 
64650 
64480 
67680 
62530 
149440 
34190 
127470 
75110 
66470 
64880 
49380 
104020 
50550 
46300 
54330 
53250 
52700 
48180 
42780 
95320 
34430 
59250 
102030 
53070 
49100 
77210 
25070 
96410 
49110 
49730 
90850 
95970 
61940 
61220 
61290 
58460 
88270 
90320 
69440 
91280 
82090 
90810 
64600 
92290 
100160 
89270 
88220 
85280 
83430 
40790 
33770 
31020 
33230 
31000 
82880 
82100 
81570 
31200 
32050 
126960 
83200 
79750 
77090 
77670 
73920 
33660 
34200 
32420 
81640 
32000 
32980 
33120 
31870 
79300 
77350 
36260 
132900 
109230 
27370 
114720 
62170 
67680 
60310 
27030 
102870 
47930 
44480 
46000 
36040 
82450 
102040 
48400 
46790 
61660 
24120 
48380 
46350 
47210 
48190 
44750 
46000 
44140 
96400 
87650 
45730 
45410 
113160 
48050 
48910 
46480 
25250 
48300 
48010 
100640 
48250 
45990 
50150 
57280 
41510 
34030 
75980 
77740 
77260 
80440 
82660 
74950 
34120 
76210 
141860 
33480 
78680 
78690 
81040 
80630 
35290 
76400 
78510 
77620 
77720 
35610 
81630 
32960 
34310 
83890 
82660 
82410 
125440 
46380 
114870 
109980 
110660 
96350 
48760 
27530 
62820 
95910 
45090 
40700 
31060 
69580 
50230 
48180 
44490 
43980 
93460 
92110 
46670 
46380 
46450 
46020 
95690 
47130 
43070 
43740 
46200 
45110 
97350 
85120 
58920 
47370 
50820 
52800 
55010 
51040 
49810 
50130 
54190 
61930 
69520 
64410 
64280 
69800 
71120 
66100 
67490 
66490 
67750 
68780 
65330 
64910 
63610 
5114400 
5113940 
5189080 
5121540 
5108060 
54030 
60580 
62370 
64860 
63250 
60370 
63540 
61500 
68840 
49540 
45200 
50050 
48470 
46200 
46530 
42940 
51240 
50180 
50670 
85840 
78610 
63720 
56480 
49020 
47310 
45240 
45550 
45260 
47260 
45770 
47310 
44850 
45150 
43890 
47820 
45430 
45600 
43930 
43840 
43740 
44260 
45020 
55920 
49080 
48420 
44490 
47590 
43780 
45820 
44240 
46670 
72450 
59830 
60820 
61960 
61230 
59420 
56760 
59370 
59020 
62190 
61400 
58810 
61010 
61030 
60840 
60290 
58560 
58210 
58860 
59410 
63330 
58550 
58670 
59420 
58450 
63200 
69110 
51190 
45130 
44700 
48170 
47970 
43690 
45400 
45540 
51910 
45510 
77810 
87630 
76350 
66930 
49930 
44520 
43830 
49990 
46580 
45070 
44160 
42230 
45770 
49350 
45990 
43200 
45430 
44710 
48470 
46340 
42860 
43010 
44970 
46570 
49780 
47420 
45200 
48960 
47200 
48770 
50180 
46060 
71440 
62000 
63890 
66100 
60940 
59190 
60670 
58280 
69370 
66840 
60110 
60340 
59030 
65220 
61730 
57560 
59390 
59640 
62540 
63760 
60740 
63390 
58830 
59900 
63800 
60080 
59140 
64910 
46050 
45230 
49110 
47110 
47460 
43090 
46960 
51940 
47970 
46250 
87330 
73730 
67320 
49290 
44570 
46900 
44560 
45220 
46180 
43520 
44420 
42790 
46840 
45540 
42730 
46240 
43860 
45590 
44220 
43010 
46400 
43140 
44620 
44830 
45000 
48960 
51110 
49230 
47690 
46220 
45980 
46550 
74260 
60970 
61570 
62050 
60430 
57180 
62800 
60660 
60940 
60630 
60130 
62690 
60380 
58550 
59770 
61280 
59420 
61300 
61270 
64740 
59170 
63600 
60950 
60690 
61640 
59980 
64640 
50630 
46150 
46820 
47060 
48670 
45840 
44040 
49810 
46970 
46270 
84250 
78240 
68710 
57690 
47600 
45670 
44200 
44710 
44870 
46190 
43900 
43860 
44670 
43700 
43780 
43670 
45230 
44780 
43630 
45260 
44010 
43440 
45720 
44800 
47670 
44260 
46350 
48060 
49060 
46740 
43200 
44870 
71650 
61160 
63180 
58060 
58580 
61100 
60760 
64120 
58820 
59570 
60340 
60370 
63850 
68320 
59390 
60140 
62240 
59610 
61840 
60390 
67880 
60790 
63390 
60970 
59570 
64060 
66110 
51900 
47810 
42830 
47930 
45370 
47740 
45910 
49320 
48170 
44820 
87040 
86210 
69380 
56680 
50400 
46120 
46020 
46880 
45190 
45570 
46250 
44060 
44700 
43760 
46440 
47030 
45780 
45770 
44240 
45620 
44000 
44720 
45420 
45280 
48320 
47880 
46810 
50020 
49590 
46290 
46740 
43110 
74560 
65110 
59950 
120450 
61580 
60720 
70170 
63380 
63340 
62480 
61590 
67070 
63340 
62530 
62300 
59780 
64730 
86230 
84060 
79320 
86400 
66450 
66030 
62490 
61510 
63750 
70870 
55440 
51500 
47350 
47210 
49800 
51720 
49370 
50060 
55760 
49180 
60220 
86850 
75220 
64440 
51350 
48270 
47880 
46860 
45210 
45110 
47370 
48390 
44200 
44870 
46100 
45880 
49970 
47310 
45210 
45680 
45350 
47620 
47360 
44750 
51110 
46650 
49650 
50740 
50410 
46990 
46590 
50040 
74680 
63190 
61150 
60720 
64030 
62010 
62120 
63200 
60190 
62670 
67000 
62430 
36910 
62810 
62500 
120100 
65520 
114250 
35840 
112610 
119030 
105600 
83820 
109370 
33740 
81220 
82550 
115880 
116830 
105720 
131380 
82880 
84710 
75430 
75220 
64360 
26880 
63710 
94460 
79580 
61790 
53100 
47650 
47670 
45370 
45730 
48180 
46640 
44530 
46260 
45310 
47870 
46940 
46520 
47890 
45370 
50110 
47020 
44830 
46950 
48920 
45330 
49460 
48650 
50700 
49440 
47340 
49760 
51710 
60110 
72540 
65370 
65490 
88250 
88970 
88100 
83940 
69080 
65040 
62810 
59710 
63700 
64330 
62440 
63750 
63850 
64770 
62340 
66420 
64610 
63460 
62910 
62540 
63250 
65110 
63860 
64630 
52060 
45490 
49470 
48880 
48740 
49040 
49820 
54840 
49210 
45820 
91000 
80140 
67130 
60870 
46870 
47950 
47190 
47640 
49760 
46560 
46960 
45500 
47400 
47860 
46510 
46150 
45220 
46880 
52150 
47130 
45800 
46180 
47370 
49680 
50110 
46700 
48350 
48600 
48930 
53040 
47080 
46340 
76810 
65020 
63320 
63000 
87430 
83300 
87640 
80930 
65000 
61210 
63220 
62450 
59470 
64950 
60460 
62480 
62830 
59660 
65000 
61030 
62840 
64350 
62650 
61410 
64120 
63620 
68160 
50290 
45380 
46960 
50410 
48120 
47330 
46850 
55790 
46830 
48280 
84970 
80420 
64230 
58030 
46760 
48130 
45850 
46020 
47230 
49020 
46870 
46650 
47640 
44210 
67580 
48090 
47330 
43570 
46480 
46040 
5100540 
23540 
27420 
27250 
25090 
25150 
26320 
26070 
26580 
25390 
25210 
26820 
40850 
35080 
35560 
34890 
35230 
33600 
34730 
36630 
34860 
36370 
33720 
34790 
36110 
34640 
34270 
34240 
34870 
35400 
34040 
33130 
33140 
35110 
34940 
34600 
33210 
34920 
37300 
26960 
27300 
24360 
26290 
52650 
49040 
25410 
26010 
25610 
24360 
47520 
46400 
39900 
34050 
25550 
23420 
24380 
24610 
23980 
24880 
23760 
24720 
25710 
23370 
23610 
24640 
25710 
26970 
23410 
24620 
24030 
24710 
25230 
49750 
19410 
26410 
46040 
49960 
54740 
55850 
56310 
47620 
62790 
67550 
61780 
63230 
65720 
64250 
62640 
64790 
66320 
65860 
69620 
66170 
66600 
68450 
64330 
66250 
63790 
60490 
64290 
65370 
60010 
59610 
64020 
62530 
63640 
59430 
61550 
67330 
52140 
46240 
47390 
48520 
48120 
48490 
49500 
54640 
51710 
46200 
86760 
86800 
71670 
55480 
49930 
47310 
46570 
46490 
46870 
45570 
45000 
45580 
49330 
48270 
46520 
45380 
47120 
47780 
48340 
46620 
45710 
45160 
47730 
44110 
49010 
47400 
46870 
50410 
49630 
48150 
48660 
47400 
76780 
64410 
62990 
63290 
59730 
59590 
64310 
60220 
64400 
60530 
60860 
67120 
60980 
65290 
60340 
63570 
67140 
61930 
64900 
62320 
62340 
67180 
59400 
66360 
61990 
61280 
70410 
56160 
46440 
46580 
46540 
48950 
48780 
44570 
54440 
48280 
53900 
88700 
83210 
69500 
61930 
49860 
49640 
47960 
47690 
45540 
46900 
49950 
60900 
51980 
46580 
45340 
46260 
46300 
45050 
46310 
43640 
44070 
48130 
46010 
48890 
48540 
48970 
51470 
48500 
48260 
50390 
47670 
51090 
79010 
64290 
61390 
61010 
64320 
64260 
63880 
61820 
60790 
63870 
65460 
62010 
67190 
63080 
60000 
62020 
63440 
62910 
62000 
64350 
63420 
62940 
68360 
62110 
62430 
61150 
68640 
53180 
46620 
45970 
49280 
48680 
44400 
45470 
49140 
49670 
47570 
80560 
85920 
74120 
64720 
52880 
52000 
47280 
47350 
44960 
46300 
48990 
46720 
45360 
43520 
46400 
48150 
45410 
47660 
44940 
45800 
49060 
48210 
47330 
46710 
45810 
49500 
49430 
50040 
46640 
45930 
48830 
50180 
74570 
62500 
60470 
67190 
65290 
62420 
58530 
63720 
63520 
63030 
63610 
59230 
62110 
64410 
63110 
63620 
62940 
62360 
59620 
63320 
64660 
60140 
59000 
64080 
62020 
64670 
62750 
63960 
48760 
47880 
51480 
53800 
47830 
46330 
49510 
53640 
49570 
46980 
89540 
82500 
68170 
54140 
44470 
45500 
58050 
54800 
52140 
46520 
44350 
46260 
46700 
47900 
46000 
44200 
47730 
48140 
46020 
46450 
45670 
45910 
46730 
44670 
48640 
47880 
47000 
48750 
48030 
46920 
47770 
49320 
76090 
62730 
61360 
65410 
64440 
63310 
63270 
60370 
64410 
62110 
64380 
63640 
60040 
64520 
61240 
62270 
62180 
60470 
63850 
60890 
59510 
66640 
62230 
89110 
83180 
82070 
95490 
67730 
48600 
50190 
48140 
49710 
49020 
51560 
54330 
51720 
48970 
89700 
82220 
70400 
58880 
47120 
46190 
45700 
46000 
47430 
45930 
48090 
45660 
44500 
48420 
46960 
47500 
46440 
45140 
48370 
46510 
46770 
46780 
46770 
46390 
51410 
46050 
59350 
54770 
49560 
50040 
45230 
49350 
76990 
67390 
66230 
63400 
68250 
61990 
61150 
66070 
59170 
61420 
62930 
61680 
64310 
63120 
62200 
62980 
66610 
63580 
63500 
64030 
64220 
62120 
62100 
63900 
64220 
62860 
69890 
55230 
50710 
45350 
47460 
47770 
50700 
49610 
52940 
47960 
74630 
119100 
113090 
96840 
58650 
54300 
56700 
49430 
52680 
46690 
46000 
49380 
47410 
49390 
46680 
48580 
47430 
46610 
47930 
45370 
46360 
49980 
48730 
51540 
47960 
44340 
48230 
49620 
51270 
49350 
48140 
47360 
48990 
79030 
65230 
67010 
64250 
64100 
65240 
62330 
62890 
62570 
64200 
64070 
63830 
66610 
63680 
64160 
65580 
72890 
64970 
63430 
34750 
34990 
34550 
35450 
36750 
33970 
34170 
37370 
28650 
26870 
25110 
27220 
53010 
48090 
50590 
50220 
52020 
47980 
91310 
84910 
73270 
66460 
48900 
47560 
48220 
48210 
48350 
45180 
67730 
61540 
70660 
48820 
49310 
46360 
46810 
49230 
49630 
47540 
46030 
46460 
45980 
54480 
48830 
51840 
51440 
51830 
56530 
52440 
47910 
46570 
76520 
65540 
65280 
66430 
63200 
60570 
63230 
64230 
62730 
61200 
59880 
61800 
64070 
63090 
61050 
59460 
62980 
63780 
62180 
62870 
61380 
63140 
64670 
69270 
68960 
61010 
61460 
64050 
49420 
49610 
51540 
47810 
49380 
48960 
49320 
51780 
45950 
47250 
81470 
75620 
66990 
52990 
49170 
50280 
47200 
48650 
45240 
45670 
68060 
67760 
63590 
65220 
45540 
46920 
48870 
48500 
47150 
45120 
46140 
49990 
42740 
46710 
45180 
46950 
52810 
46820 
47290 
47090 
46130 
67290 
64090 
59150 
59810 
59020 
63250 
61650 
61240 
62460 
59210 
61840 
62320 
59720 
61840 
60220 
61060 
62720 
64020 
63240 
61840 
61150 
61460 
62080 
64880 
60900 
62140 
60660 
63330 
46960 
45060 
46990 
49500 
48590 
47170 
48140 
49380 
49950 
48020 
84720 
78360 
59890 
52960 
46560 
47400 
46760 
44520 
44870 
48410 
46810 
47210 
69110 
63010 
63180 
65030 
46260 
46540 
43530 
47370 
47910 
47080 
46600 
45100 
49010 
47590 
49880 
49580 
45230 
45950 
47760 
45930 
77980 
61220 
59890 
63320 
60470 
63480 
60530 
58460 
58290 
58090 
62430 
62270 
59800 
60200 
60370 
61510 
65490 
61480 
66360 
62100 
62600 
60950 
61860 
60160 
59430 
61540 
67620 
48300 
44590 
43860 
51830 
68110 
5090090 
5090260 
5109970 
30740 
26140 
49300 
46350 
38340 
32040 
25220 
23990 
27950 
23430 
52010 
21470 
42120 
44570 
45540 
46640 
45860 
45450 
43820 
47290 
47810 
45380 
46290 
44730 
42920 
46310 
45610 
49930 
47120 
49330 
52390 
49760 
45300 
50400 
79840 
65730 
60980 
59010 
59730 
57180 
62050 
60550 
59480 
61330 
58130 
64910 
62860 
59020 
60330 
61470 
60550 
63140 
60790 
59840 
59330 
60390 
65160 
60130 
60690 
64790 
67500 
56950 
47600 
46950 
46870 
49930 
46680 
45660 
46280 
49720 
49740 
46980 
86490 
74130 
63690 
52440 
42720 
46460 
46310 
44360 
47040 
46510 
49380 
46570 
45720 
48110 
44790 
45780 
46170 
45490 
44830 
45880 
45680 
47580 
45610 
46270 
50680 
47920 
50380 
47260 
44460 
46510 
46270 
69500 
59750 
60730 
59860 
61850 
67600 
60190 
59930 
61850 
60620 
62280 
59090 
58370 
59260 
62060 
