678780
732900
14774790
623410
718750
14838580
626830
711250
14892650
741070
665010
14960760
771420
635930
14890690
636980
696880
14973290
666680
662300
15096630
702690
675860
15105740
655850
660390
15124780
661660
656250
15168220
664430
655880
15223650
654510
664950
15301300
654220
686540
15359800
669870
672160
15417220
699470
682460
15455560
683210
684970
15507820
691390
672260
15589050
692220
679660
15561000
638750
645970
567750
649550
683090
621650
653320
653660
747450
656820
634300
715630
10841450
637710
719790
10814390
639980
636780
10972070
638970
724730
10994530
631650
697410
10959990
726340
641290
11101940
631030
773680
11156060
622640
741650
11156200
603050
681570
11186460
588890
678710
11242400
599800
758200
11254690
581800
658080
11320230
586260
582690
11390490
580430
668560
11399320
574860
638740
11441660
570210
642190
11482340
561070
565790
11555030
561160
706030
11570440
564530
554720
11657940
599420
561940
11611640
30082140
15518430
72570
573510
565660
11797120
576320
657960
11821900
571350
656070
11822470
581340
760770
11958030
588170
583220
12003550
619310
614590
12066280
643540
621890
12119000
632600
622180
12147670
596000
699710
12267960
644270
717730
12287480
636000
805710
12313230
628330
702130
12374920
652420
704700
12430540
616530
693510
12463410
614200
689620
12499970
629890
684160
12528690
612510
686540
12599610
605660
688820
12644640
606840
15706990
12684860
603230
15234990
12736470
113700
15219790
12792810
115430
15221380
12848810
126320
15174850
12886170
120920
15156250
12956390
125480
15165970
13000500
139340
15286060
13059690
203550
15189130
13047910
166740
15224610
13142510
168330
15193170
13129180
166620
15196170
13254420
169030
15223360
13234310
169860
15200720
13326260
167580
15199940
13384700
181710
15213790
13452330
194650
15229030
13471680
199970
15242640
13493050
213900
15233970
13540550
205410
15240860
13659140
206170
15252260
13700980
207980
4634800
3063990
245790
15310190
13803390
221520
4618290
3156920
226920
231970
3195640
229510
346180
13983430
242250
249060
13961480
256640
257030
3353490
256660
253520
14119710
253100
326110
3432090
227350
315570
3474760
225040
302730
3526320
218830
301070
3581160
211970
15305220
14336530
208150
301670
14371400
203300
290990
3724570
234540
15221820
14395610
202530
196260
14504690
199480
276300
3859170
190090
274470
3944850
182320
270700
3971670
176880
272860
4028470
183460
274010
4073770
238990
274360
4104090
186950
372740
4157080
242710
253400
14941860
253860
251560
14981650
266040
281120
4294560
262660
306310
15071700
297100
296560
4398180
243290
289440
4454660
234310
15311960
15070790
298410
294880
4527310
73050
288500
4563640
293720
4615810
15315490
311010
307930
15382860
10394750
288000
4584430
10468160
293230
4581640
10486340
303940
4562360
10545770
261090
15351210
10604520
15309280
15038950
10654330
266580
4516260
68390
293470
15371070
10754330
283270
4527630
73430
271360
4608850
70590
398140
4543600
127580
414360
4545260
168530
422530
4539630
218110
415940
15348060
11106140
313150
367900
11165650
284450
15397880
11229390
286930
363790
11258800
284690
15397860
11262170
283430
368310
11349820
277930
15384290
11429650
275010
15308080
11391900
276660
355140
11470970
263930
15361070
11551880
302590
15404420
11596100
283720
15377060
11673720
297020
380120
11633110
298670
15417630
11695490
312990
389860
11786420
345880
15416810
11855900
321610
15352790
11873350
328840
15364980
11873040
331230
15488760
11964010
330720
15439440
12044360
347700
15473430
12106540
340240
442610
12133770
348720
15434890
12167610
320100
419450
12142190
330420
425640
12251050
328090
413640
12246070
335050
422380
12448850
337600
434590
12409890
329950
15426960
12469090
350030
15434810
12532700
323730
15430840
12594550
332780
15443390
12612880
326150
15461000
12677310
325430
423800
12616710
324370
332970
12677190
329710
419340
12788550
329940
343400
12776630
329810
15437580
12913160
331720
465080
12871910
331360
15471590
12949470
352420
15447120
12996380
333890
498520
13111300
342750
15426210
13136610
366220
438390
13194490
334170
426360
13255840
343120
347830
13279160
350350
15457240
13400000
370760
15472910
13392770
354870
453110
13353760
371180
364070
13489310
369450
15471150
13544740
371350
15491020
13619290
377410
15483610
13632190
379620
464340
13671070
382920
15490230
13746560
379320
15500520
13774930
384620
15496530
13822890
426760
492360
13786600
408970
15435350
13884600
403900
15531840
13891600
398530
15505140
14105130
422460
15435660
14001710
396670
15476950
14046210
398570
15449580
14080990
412540
15451840
14164400
374300
15455060
14201790
365360
448970
14318520
370390
15494740
14322400
346470
433510
14353600
330110
15453170
14406800
343310
440820
14358190
391290
431410
14479260
354610
15462680
14549270
368210
15461610
14595600
382320
15476650
14664810
392320
15488040
14706300
390630
489330
14734590
411400
502700
14801770
457100
15462940
14826820
475970
15490400
14976330
452160
15483830
18967450
15528920
14998550
15038310
491920
4505110
15053680
465320
4493650
15156000
463090
470570
15127300
469820
546900
15210760
465450
545710
244880
475900
562600
293950
500210
575990
359310
503840
510650
410600
500780
708070
474030
516990
521320
522700
543620
617580
30039620
448120
536300
15050990
10116730
523440
15052860
10719040
512390
15056090
10193780
538360
15056860
10822800
569830
15054680
10281770
538010
15051540
10963150
541910
15050640
10377330
555800
15058440
11054540
564830
15053620
10478480
576360
15051540
11130780
545050
15052540
10599270
716970
15047370
11238340
551670
15071600
10677940
565210
15052020
11341940
608290
15046230
10772030
580870
15052500
11448660
572010
15050300
11493670
577320
15054480
11553710
574610
15068230
10981490
578690
15055400
11652440
586880
15052050
11055690
594480
15654840
11695560
597480
673460
11720850
590230
15689220
11847970
598080
15690670
11904350
634930
677050
11958590
606610
716650
12031830
602660
15712680
12064220
614920
15743560
12111970
615760
693570
12048580
600510
682740
12172540
604340
15692170
12234520
598520
15613780
12223610
595540
674770
12313620
614800
626560
12358740
622180
614410
998060
628050
628910
12466130
641890
666060
1082800
664590
15672360
12525010
698040
653080
12564900
657810
736110
1240200
667280
15707970
12723610
682120
670240
1355650
675900
15707280
12775440
684970
767350
12801800
688130
764740
12861420
704090
698220
1520340
705640
4363430
1565620
724160
732580
13088510
743020
15844340
13079110
732330
724050
13163990
731630
760080
13205410
736700
817180
13250060
771120
828570
1881340
741540
736190
1959720
761730
743880
2004090
751250
843520
2038110
754760
846400
13508050
773470
15875190
13566110
782490
774900
2161920
837470
829950
2216860
835290
925270
2285060
852660
933550
2328760
853280
939400
2364290
835130
15953570
13914320
862880
987150
13976570
878570
16000420
14042560
1003090
1002350
2573880
888410
991740
2626330
904630
971740
2659510
890080
1048100
2714170
889800
971010
2744410
891940
979220
2800000
901490
900430
14367220
961730
989310
2901950
905470
905990
14471070
910310
980880
2992630
907330
976650
14501780
904160
985950
14540710
896390
1053540
3108560
907910
995160
3146720
943290
997540
3195770
924000
923930
3245400
985530
4436600
14906140
981330
969910
3349000
956740
968130
3364560
986180
998720
3416860
989550
988090
3455740
1014850
982020
3507910
990890
988390
3548870
994120
1010150
15274640
988550
977370
3649670
974080
964180
3679760
962080
1006550
3720360
973590
979800
3767840
977660
980700
3818210
980650
15998010
15055940
986780
990930
15607430
986560
998560
3965280
988900
986990
4010950
980950
4346350
15728350
996390
996590
4069160
1027350
1008490
4120960
73420
1011060
4155180
1006900
1008660
4203620
1043690
1020390
4231480
1060650
1007520
4291370
91540
4285970
15999710
11086050
968760
4258590
68630
16029040
14958940
11209100
973760
16013740
11237100
980040
16191130
11290920
967320
16011750
11333870
979160
4232470
11384860
4237280
16012810
11439030
16073240
14931650
11517380
988490
4238050
11527770
994120
4219050
11631550
1016760
16025330
11648100
16057940
14971130
11686380
1004900
16070440
11733120
1077010
1087780
11778560
1010010
1082940
11832590
1087050
1124690
11874720
1117350
1097670
11941020
1145340
16194920
12042830
1102300
1100840
12033020
1143300
16103430
12065980
1152110
16110570
12113000
1099890
1085510
12253730
1015030
1088960
12275730
1009340
1077000
12331920
1010430
16034390
12324180
1002720
1007630
12361400
1006440
1173960
12471940
1008460
16096510
12460900
1001880
1079250
12565950
1002120
16070510
12625620
1003580
1063580
12664290
1001960
16035480
12651810
990030
1131970
12756560
996060
16018790
12743600
1026100
1096970
12853220
986770
1066460
12912950
992840
1096960
12960840
983810
1078440
12997520
1001160
16089680
13086390
998800
1075140
13111370
995160
1079640
13142340
982640
16011940
13133440
979000
1068480
13264850
981710
16005230
13224960
980100
1048390
13268870
979420
1051840
13363240
969700
16066020
13450140
973860
970310
13480190
1004150
15999450
13461550
971310
1046610
13597880
974860
16063540
13649720
985650
16064400
13616030
975040
1037790
13708610
962980
16033900
13780010
959720
15988800
13751760
958270
1032460
13848840
954560
16025780
13919980
958190
1070310
13970340
939790
16090310
14012740
967870
1063700
14071670
949440
1035750
14100610
941350
1010280
14154400
948990
1013750
14163960
909230
983610
14218970
910730
977240
14242340
892510
971720
14301540
894430
15986400
14363870
888150
16001050
14466500
917480
982430
14369070
921020
978310
14537640
897430
15910600
14519900
891690
976820
14593670
900600
969690
14577080
896820
15915160
14632370
877720
15920400
14683110
872040
15897630
14716690
892570
964030
14752510
908720
979390
14922760
899910
998650
14978300
900780
3732930
2763770
919720
918010
15096920
910110
923730
2834730
891070
908770
2872470
849100
928350
15148240
923320
928780
2973900
81330
988310
3025770
79130
3727640
15398620
938260
929910
3093080
80210
976840
3138890
932330
937350
3179490
78440
3680180
15586210
933820
932440
15567980
951100
971730
3319820
937920
947390
3403540
77970
932300
3407400
74550
981340
15753330
912040
15928480
15003380
942430
15924360
15004220
883470
15927190
15066670
901360
903160
15944350
896190
869770
3618620
11000270
15894580
15092440
11035860
872080
958760
11068500
998010
15944590
11117470
970130
15947320
11164240
844080
929720
11209970
1054430
15943470
11256760
839990
15951430
11304900
922790
15944220
11354660
956210
937070
11398680
848530
968090
11490120
936010
15943480
11493640
931090
15965720
11549210
975590
935190
11596340
921030
15955660
11636920
850010
850600
11683390
940010
15947600
11739000
938000
15941470
11795530
941440
15952140
11829780
857200
950210
11882450
948330
968160
11946230
865190
1040280
12022150
976690
15979960
12036630
906010
15954500
12069740
946870
15965550
12149450
939210
15939420
12165720
935080
15964540
12226690
934240
928870
12268490
844210
15952770
12316260
932120
927580
12367170
938330
946880
12407390
947690
15937130
12457840
937410
15939410
12502140
847230
15960760
12560690
930820
15934740
12616310
930910
946760
12643360
949740
15956130
12695750
867930
15938010
12823620
837850
15950510
12957840
841200
15942240
12921930
849680
16043260
12907120
843970
989430
13033650
870360
15998970
13094590
854470
15968870
13141280
863920
15943760
13166380
836820
15952400
13249780
834100
936780
13177450
843240
840820
13437060
839770
927130
13350640
830520
15937720
13411910
832870
15944130
13456210
860780
15934680
13509080
828760
926200
13509170
842610
15877560
13540400
843350
846120
13640900
943230
976710
13699140
844680
15949300
13749050
841880
15945600
13787350
841560
15948190
13840540
836040
15931850
13950300
839410
15949330
13963740
840390
970570
14017440
840770
15959820
14070090
838860
15974980
14113000
850400
15959110
14137600
862600
15939140
14182870
841850
15933500
14235260
837320
15937530
14280930
838270
932990
14253400
853180
15948200
14384760
844410
15952170
14425520
848870
950140
14387360
897940
935540
14502450
859830
945680
14551000
888470
15902590
14551960
860940
15936080
14600170
847570
15961670
14716100
837260
963810
14744210
836950
932620
14793590
866340
15935110
14894720
872370
15975750
29034860
15826910
15002700
14919830
913070
15049650
14101770
911080
15047390
15059280
894730
15049300
15124710
897370
15046050
15135700
930250
15044760
15191990
900940
15065360
14350830
70610
15053080
15276820
915960
15034650
15416950
920950
15067310
15426330
902170
15041720
14531470
68840
15043320
15535990
923380
15047590
15547130
924030
15045150
15667340
931030
15047690
15648330
931800
15046740
15709100
950980
15049130
15793960
922350
15048260
15803250
883700
970170
14980570
69080
1010610
15001420
907960
997500
15042650
937130
892830
15054480
11108130
896430
15053400
11130180
875450
15057300
11160690
864270
15050740
11202570
858040
15055110
11259410
886840
15049660
11223460
859280
15053130
11355100
877400
15051040
11396090
843240
15055160
11358890
839220
15053390
11484390
873370
15051580
11525030
830150
15067350
11587990
834220
15053770
11608810
830540
15045040
11667250
826710
15051270
11707880
809590
15056900
11747330
811070
15054200
11797490
811740
15923960
11829500
806980
919830
11868940
802170
897900
11913290
801730
907960
11982480
792260
947830
12018440
800870
920150
12055460
820410
902340
12138140
852010
909200
12128260
769030
876250
12215630
770320
859060
12208770
762170
837860
12259390
756690
851690
12298510
748800
848670
12339310
750530
838810
12427450
745490
835160
12421540
732940
953690
12468900
732760
822070
12507140
733240
816990
12560030
722470
816180
12596370
716070
897100
12561500
707950
791610
12602740
733080
801240
12650340
787810
800840
12727520
808550
798430
12768500
856960
815520
12801870
801420
15802490
12857730
820710
824690
12892750
859150
15842440
12969520
829960
839360
13010210
736970
836180
13079420
834930
15823520
13176450
730500
815060
13221190
727000
15822620
13287150
718830
15832670
13319510
726350
15832250
13390620
747470
813480
13335130
726530
15752240
13438050
715290
716190
13496870
716530
15749730
13508580
739950
791100
13602810
708930
834910
13649410
697370
15798000
13706950
668890
782440
13672830
695170
763130
13812390
689090
776210
13836340
691630
791180
13806260
690120
783110
13914120
697030
15808360
14033810
703610
15813680
14069810
750140
835610
14019450
728920
832990
14130940
724430
15831330
14175420
725790
15833740
14244500
735940
15839230
14271210
742360
851230
14315140
752690
15860810
14379450
776890
850410
14343600
754500
846440
14414170
762740
852940
14491540
784120
15921860
14566590
763150
858590
14518960
770140
898040
14580390
781380
15814390
14633000
813740
15886310
14743660
780570
871600
14772130
787180
15873640
14836720
787430
15898470
14901480
802390
15899800
29105450
15768370
14987520
14923680
845290
15041030
14179210
851150
15050840
15125430
831370
15059610
15162920
833170
15050830
15187560
839440
15044620
14347090
858490
15046420
14386300
70340
15054420
15304140
903930
15050370
15410970
887090
15048490
15480210
887280
15048200
15455780
891610
15047090
14607940
68500
15051090
15623740
910880
15048060
15657410
904180
15053210
14744270
921570
15048230
15761150
986490
15054340
15754210
922150
15054890
15832810
871600
882340
15888750
868320
861150
872780
862880
957420
907110
10910250
1017200
959130
10978790
935250
952910
11031910
833600
924870
11066710
914840
967430
11125850
938390
906650
11164510
928110
921410
11218670
825690
906520
11262400
925790
837860
11322980
841430
920010
10567650
925700
15916650
11423870
833140
821380
10660960
930140
918310
10707420
928380
15874590
11573960
838550
924250
11604640
928410
953290
10854940
841890
15054450
10898380
844460
929980
10970230
850260
15039670
10995230
856340
931690
11869680
951580
15886470
11923000
947540
15900680
11979400
978900
972080
12027490
983500
15915920
12107490
961450
15964460
12132280
967040
15043690
12174180
878120
15055240
11379460
876220
15052940
12292830
970210
