75600 
67840 
68980 
61280 
60820 
62160 
58440 
60150 
67170 
42450 
47460 
50730 
44720 
44930 
41250 
44740 
45160 
42890 
43000 
92770 
68070 
58820 
40110 
42210 
39180 
38010 
41600 
38340 
41110 
38100 
38190 
40840 
38870 
39280 
40800 
38310 
41680 
39440 
39960 
40520 
36460 
39700 
40660 
42750 
41260 
41580 
41970 
42470 
38960 
43560 
75730 
54190 
60130 
55130 
55990 
52230 
54280 
55410 
52160 
52540 
54680 
55550 
60210 
55500 
53290 
53050 
57340 
53090 
56880 
56590 
56260 
53340 
52670 
71290 
55680 
54630 
61010 
39790 
39410 
38660 
41430 
41340 
38040 
41770 
47560 
43120 
43660 
93110 
81310 
56400 
45600 
40980 
38970 
40910 
41040 
39390 
40200 
38120 
37480 
40640 
39160 
41350 
38740 
38730 
40850 
39170 
40810 
39060 
37730 
40280 
37570 
43040 
43380 
42550 
41430 
40270 
41250 
42080 
58600 
57250 
57910 
54490 
55490 
53940 
52920 
55700 
52790 
55590 
54590 
53610 
55330 
54440 
56780 
54260 
52190 
54460 
55870 
55190 
56700 
52160 
53630 
55410 
54540 
56050 
59550 
46980 
43890 
39250 
43150 
40150 
38040 
41850 
41110 
49160 
41230 
107020 
91180 
67710 
60450 
40410 
38630 
41760 
40500 
40070 
43050 
38640 
40140 
38250 
41380 
42230 
38560 
37140 
40370 
40050 
39660 
38900 
39950 
41130 
40510 
40760 
40560 
42510 
45100 
40050 
44530 
39670 
40000 
72110 
55300 
57670 
56910 
52840 
54930 
54700 
54670 
53990 
53720 
55600 
58580 
55020 
54160 
75580 
55040 
57000 
54690 
58980 
53430 
52470 
54720 
54040 
55060 
52380 
54480 
63630 
39550 
38210 
42060 
39240 
39940 
41480 
43430 
47000 
42320 
39760 
95370 
79410 
59370 
45010 
39610 
42060 
38830 
40370 
39970 
40510 
42470 
38820 
41660 
41030 
37610 
39990 
37440 
40330 
38950 
38430 
39510 
39740 
42580 
39660 
41950 
39440 
44230 
40850 
43920 
39030 
40300 
77370 
56240 
55510 
52360 
53590 
55230 
54300 
55410 
52720 
53050 
55050 
53090 
54050 
55330 
53920 
55180 
58210 
54300 
55520 
55000 
51770 
54570 
52570 
56250 
56020 
53550 
63600 
41760 
39430 
41860 
40280 
43390 
38010 
40060 
44560 
40870 
41460 
93390 
88310 
64390 
51600 
40450 
39330 
39210 
40350 
38770 
40440 
41930 
38300 
41220 
39820 
41470 
41770 
38460 
41310 
38470 
38120 
39980 
41360 
41980 
37930 
40260 
41510 
40050 
42970 
42520 
41070 
40870 
39480 
78810 
57860 
52740 
50190 
54890 
55920 
55280 
54240 
51520 
54380 
54140 
56370 
51800 
50880 
55760 
53130 
56130 
54410 
52480 
54310 
54630 
54870 
54340 
52170 
53890 
56350 
62330 
41900 
40290 
40170 
43100 
42140 
40510 
40360 
43500 
44000 
39260 
93400 
75530 
57590 
43500 
39410 
40870 
38020 
38400 
40530 
39500 
39490 
39190 
39430 
38860 
40220 
39120 
40050 
39140 
40090 
40070 
39750 
41210 
40210 
41320 
43100 
41740 
43690 
41980 
38930 
40840 
39880 
76730 
54350 
54320 
54790 
52700 
55620 
54860 
53110 
54520 
54020 
54980 
54100 
53580 
55340 
57810 
54570 
55950 
54040 
52470 
56310 
52590 
55870 
55000 
56960 
57140 
50140 
64350 
40000 
38210 
43440 
41100 
40620 
41570 
39900 
48190 
42480 
42130 
93340 
81980 
55110 
49870 
43670 
41940 
39870 
38800 
40620 
37540 
41950 
38930 
37590 
40030 
39190 
39760 
39240 
40940 
41220 
38410 
39520 
39360 
38550 
41430 
41910 
42160 
43340 
40220 
40430 
45780 
40130 
41430 
75490 
55000 
54410 
55670 
55710 
55030 
52790 
55760 
54940 
60250 
53860 
54170 
55150 
54620 
52170 
55630 
52370 
55240 
55660 
54310 
53730 
54600 
52070 
59890 
58680 
53290 
57120 
38050 
44150 
41070 
40880 
39860 
36120 
43670 
42750 
43660 
41380 
96020 
67010 
53210 
40210 
42460 
37760 
41540 
40570 
40030 
40300 
38110 
38710 
40100 
39460 
39150 
38400 
39790 
40780 
41920 
41270 
38960 
38530 
41130 
40220 
45040 
40650 
42420 
42220 
41700 
41100 
40910 
74060 
56100 
55440 
54470 
56820 
52340 
51020 
53710 
54070 
53880 
54580 
54390 
54160 
54980 
56780 
53470 
52710 
55280 
57550 
57050 
54600 
52300 
55790 
55680 
54280 
56790 
60550 
41210 
39960 
38160 
42760 
38580 
37740 
40220 
47470 
43930 
40820 
92160 
82160 
62240 
47660 
37200 
37300 
41650 
38560 
41010 
38970 
38330 
40290 
39390 
39470 
39120 
39150 
38520 
39970 
41920 
42650 
38620 
39090 
40280 
38470 
40950 
38720 
40930 
41610 
40060 
42510 
40010 
54210 
58710 
53100 
57820 
51290 
58260 
55570 
56310 
55060 
55560 
55460 
56040 
54600 
54000 
54120 
52400 
52770 
56520 
56930 
55010 
58040 
52440 
57310 
56880 
58420 
55180 
55470 
49880 
40010 
41930 
40570 
39620 
42880 
37990 
39530 
45920 
40210 
83990 
93010 
66500 
56940 
39360 
37210 
42340 
40010 
39450 
38130 
38620 
40720 
38400 
41230 
39320 
38710 
39870 
38140 
40210 
38730 
38870 
42240 
39930 
41410 
40190 
40680 
40570 
42330 
40540 
41870 
38950 
38820 
76980 
56280 
55710 
54420 
50560 
54370 
53380 
57920 
52540 
51510 
55060 
53300 
57160 
51890 
55900 
54990 
55690 
53010 
57800 
56490 
54720 
54440 
55600 
53760 
50270 
57290 
62250 
41640 
39890 
39030 
39270 
42000 
39650 
39760 
43940 
42180 
41860 
94040 
79300 
56420 
44450 
42090 
37890 
40020 
39490 
40750 
39690 
38460 
39500 
40320 
39200 
39280 
43390 
45000 
41410 
40010 
39410 
40590 
38270 
43310 
37810 
41210 
41680 
42570 
46030 
39630 
43730 
41880 
70540 
58760 
59370 
53730 
54270 
55710 
55700 
60090 
52960 
52140 
54970 
61050 
56910 
61880 
54020 
56780 
54700 
55470 
59550 
52660 
55450 
52980 
56550 
52520 
61410 
55560 
62190 
42800 
41600 
40150 
41000 
42300 
42920 
39310 
43270 
43560 
43850 
90640 
87100 
64720 
58710 
43610 
39310 
41280 
37840 
36940 
42380 
38060 
40620 
39950 
38540 
44670 
39100 
39230 
40080 
37840 
39130 
39470 
40250 
38900 
39480 
38830 
41480 
45730 
41320 
40990 
39740 
42750 
41930 
77590 
56590 
54860 
54110 
54630 
57020 
58180 
54650 
54610 
58860 
54340 
55770 
53390 
53470 
55870 
56140 
58840 
55280 
53080 
55980 
72710 
55850 
53940 
52060 
55580 
54020 
60540 
41300 
37670 
42880 
40550 
44470 
39860 
39420 
46240 
40240 
39790 
91800 
76400 
57380 
41180 
39020 
41930 
39530 
39990 
40400 
41070 
40530 
37660 
39540 
39880 
38120 
39690 
38520 
38960 
40650 
37800 
40500 
37250 
39700 
38370 
41250 
42630 
41390 
43010 
42250 
43510 
40510 
72640 
55210 
53000 
55650 
57080 
55730 
53270 
52910 
55260 
52620 
57060 
54960 
53620 
56930 
61500 
55220 
54130 
53140 
54180 
54120 
52680 
54820 
53010 
54550 
54890 
56510 
65330 
40550 
38690 
40080 
40170 
41140 
38170 
38350 
47650 
43200 
41310 
89230 
79300 
62430 
51830 
42480 
38290 
40180 
39750 
39410 
42770 
41320 
37650 
42830 
39470 
38890 
40980 
38200 
40190 
40170 
39840 
38150 
38930 
38990 
40510 
39470 
44310 
40130 
40260 
41080 
40930 
40870 
37690 
74470 
54390 
54140 
55620 
56400 
66900 
57480 
55440 
51400 
54690 
54260 
54780 
55220 
55110 
53360 
54790 
54440 
54640 
53710 
57260 
52410 
52290 
56570 
52710 
56880 
58720 
60320 
41880 
41780 
41880 
41070 
38490 
39640 
41630 
43740 
44610 
40020 
93500 
69120 
54490 
43580 
37480 
38510 
42130 
39790 
42610 
39880 
37770 
40700 
38480 
40990 
38650 
37160 
41810 
36900 
39430 
39410 
38450 
40730 
39460 
39830 
43310 
41790 
41200 
42240 
41250 
41280 
38390 
75660 
55330 
54410 
57270 
52320 
53540 
54920 
56020 
56990 
52160 
55950 
55170 
57180 
57990 
54510 
53990 
53870 
54340 
55730 
55050 
53600 
51840 
57560 
55680 
56980 
55170 
58750 
42550 
41210 
39960 
39940 
42740 
44110 
38330 
46910 
40960 
40820 
89880 
83070 
51300 
50760 
37230 
40260 
41140 
40100 
39220 
38870 
38000 
41320 
39570 
40320 
38340 
40710 
42640 
38450 
41410 
37510 
38340 
39080 
36960 
43200 
42110 
39490 
42350 
39330 
39860 
40370 
38390 
49120 
61070 
55210 
55500 
55810 
55230 
57210 
56640 
57750 
58730 
58490 
59240 
54130 
55870 
57340 
52010 
54960 
53690 
58450 
55880 
52660 
55510 
54980 
54980 
55950 
55280 
54330 
53580 
41660 
39930 
42050 
40610 
41180 
37260 
45480 
43740 
42490 
56030 
89000 
64460 
52550 
39990 
42250 
41590 
43210 
39990 
46650 
42330 
37850 
40070 
40660 
39490 
40520 
40110 
38980 
39540 
37970 
39120 
41750 
40880 
39420 
39120 
40020 
41650 
45320 
43920 
39790 
39390 
42440 
75860 
57780 
52790 
53220 
56160 
53610 
53380 
53680 
53240 
53990 
54470 
53420 
55300 
53940 
50360 
55880 
55760 
56160 
53940 
52850 
57020 
52460 
55460 
52590 
53270 
58400 
57960 
41940 
39290 
37160 
42250 
40590 
40890 
42650 
44890 
44860 
40590 
91610 
82760 
54890 
44610 
44230 
40170 
41000 
39680 
38400 
41150 
38090 
42150 
40280 
41330 
41150 
38290 
42920 
39720 
39430 
40870 
40280 
39300 
39520 
41430 
42270 
41300 
44140 
40680 
40900 
40720 
41220 
70810 
58410 
54210 
50880 
54880 
56060 
56510 
57010 
50110 
54240 
56830 
56670 
54290 
52980 
56550 
54230 
53100 
55940 
52750 
54560 
54820 
55550 
55580 
55470 
52570 
57390 
60530 
41990 
40440 
37990 
43080 
41260 
41660 
39380 
41040 
45790 
39620 
91890 
83430 
61000 
58310 
40530 
40740 
41320 
47170 
45710 
41620 
39120 
39780 
39440 
39210 
41390 
39370 
40660 
37450 
39470 
41220 
40010 
40950 
42830 
41070 
41510 
40660 
42920 
41310 
41260 
42150 
39750 
40870 
75680 
54890 
54540 
57150 
58080 
58360 
54870 
54450 
54500 
54570 
59600 
53640 
55000 
57420 
55980 
54600 
55240 
51390 
56190 
53490 
56730 
56430 
56220 
57540 
54950 
55040 
62870 
39720 
39090 
40190 
42200 
42730 
39510 
40750 
45370 
47560 
42430 
89020 
76840 
61820 
45110 
41490 
42630 
38860 
41320 
38580 
41500 
41600 
39120 
41960 
39020 
40470 
39830 
38870 
40660 
39950 
40510 
41810 
39250 
39070 
40380 
42160 
41210 
42110 
42400 
41470 
41390 
41340 
71390 
58530 
54670 
56850 
56020 
54030 
54470 
56470 
52540 
54200 
55680 
53950 
54480 
56450 
53860 
55110 
53140 
53890 
59610 
55180 
55290 
54870 
51660 
56910 
52740 
58160 
60410 
41880 
40830 
39510 
45430 
41690 
38670 
40920 
47150 
50500 
42630 
91450 
81980 
60240 
52490 
43070 
40360 
38760 
38800 
38960 
41910 
40770 
39250 
42350 
37640 
41030 
38220 
38850 
41850 
37550 
39620 
37730 
39170 
40220 
42360 
40400 
43280 
40680 
41960 
41190 
41140 
40160 
39440 
74700 
61220 
57570 
56610 
53920 
54020 
58850 
52670 
53920 
52490 
54760 
53710 
51700 
57970 
52550 
53510 
55840 
58260 
53260 
58360 
52670 
53720 
53550 
54060 
56140 
51830 
70420 
46190 
40610 
42600 
42130 
42100 
40320 
41220 
46560 
42880 
40260 
88470 
71880 
56750 
40870 
38840 
41230 
38910 
40450 
40870 
38900 
40190 
39440 
42370 
39500 
38840 
38580 
41630 
38410 
40430 
38990 
37570 
39850 
39890 
41460 
43630 
42160 
43250 
41360 
43140 
38990 
39810 
79680 
58540 
53350 
55060 
54450 
54900 
54540 
52940 
53920 
52420 
55400 
55690 
55320 
55640 
55070 
53240 
54710 
55140 
56410 
55020 
53300 
56600 
54100 
56730 
55900 
52940 
73220 
43890 
39180 
40860 
41190 
41430 
44240 
39870 
47220 
42720 
40070 
89310 
81090 
60050 
50410 
38650 
43060 
40510 
40860 
37990 
38750 
40210 
39810 
40390 
39370 
37880 
41530 
40160 
39800 
39610 
38690 
38470 
38420 
38060 
40150 
40370 
42800 
44050 
41490 
42570 
41150 
40860 
45750 
71820 
56160 
52400 
52950 
56320 
55000 
60080 
53760 
55920 
57270 
53200 
55610 
54260 
53610 
54330 
55310 
52870 
72420 
56650 
53040 
57040 
54260 
55930 
52490 
54340 
57020 
55460 
44840 
39500 
40800 
42740 
43670 
42230 
44420 
44460 
42450 
40570 
90430 
66270 
52740 
43050 
40560 
41980 
39700 
38620 
40050 
41800 
40080 
41350 
41000 
38030 
39950 
37330 
40860 
37030 
38690 
40860 
38870 
40550 
38160 
39570 
42640 
42140 
43150 
44030 
39380 
40850 
41250 
74710 
55710 
54400 
57260 
54810 
55610 
54400 
55790 
52660 
56630 
55380 
58220 
53180 
53250 
54000 
54770 
58110 
55600 
53380 
55010 
56970 
52570 
55550 
50850 
56260 
55080 
60370 
42680 
39150 
38540 
43800 
42400 
44420 
38290 
45110 
43720 
39630 
90380 
78490 
56890 
47320 
39410 
42890 
38810 
38410 
43370 
38880 
39040 
39480 
38030 
41730 
40260 
38800 
40400 
38890 
40110 
40600 
43480 
41820 
39940 
38890 
41830 
39860 
45450 
41370 
40740 
43390 
41300 
59770 
56490 
54580 
55250 
55160 
54660 
55520 
57050 
57490 
54150 
55250 
52980 
54770 
53090 
56770 
53880 
54470 
53640 
53630 
56280 
50860 
56950 
53700 
54580 
72010 
57450 
55690 
50600 
41820 
42310 
40630 
41400 
42540 
39730 
42200 
43170 
42660 
82950 
88440 
68840 
55640 
42210 
42050 
40020 
41990 
41280 
39340 
42520 
40380 
41030 
41480 
38210 
39560 
38830 
39270 
44190 
38090 
40080 
38810 
40730 
42410 
40390 
42200 
41970 
44490 
42040 
46020 
42470 
40910 
75160 
54620 
57300 
54420 
55020 
54780 
53970 
56660 
58090 
57360 
52680 
52150 
54870 
60890 
56020 
54120 
52910 
55160 
56440 
58990 
55390 
55320 
51550 
56440 
58980 
55230 
61180 
39830 
42050 
37940 
44450 
41690 
38730 
42090 
43940 
42800 
39280 
92260 
79030 
55520 
45370 
42390 
38200 
41000 
40640 
39220 
43380 
38860 
38830 
40080 
38190 
41330 
38790 
38780 
39150 
40310 
40530 
40080 
39010 
54380 
40480 
42920 
40940 
42150 
43440 
39940 
40650 
42190 
73150 
56910 
52380 
57560 
56860 
54030 
53480 
55710 
53940 
53910 
54660 
53980 
54860 
52700 
56150 
58450 
52490 
56060 
53390 
55670 
54640 
54990 
54840 
53980 
52660 
57040 
65890 
43100 
42560 
40720 
42710 
40410 
38980 
40630 
45180 
45660 
40100 
90970 
82360 
63470 
57700 
41270 
39560 
43060 
38520 
41410 
39520 
39670 
41040 
37930 
40890 
40800 
37320 
40110 
44240 
40180 
40390 
37940 
38760 
43340 
41850 
40500 
39430 
42790 
43890 
38950 
45080 
40740 
40280 
74870 
55400 
56480 
53790 
54560 
53640 
53840 
53480 
54940 
53670 
60670 
58610 
54830 
55430 
54650 
53730 
57040 
54450 
55140 
57300 
57400 
57560 
55320 
56500 
53270 
57520 
60130 
40170 
41580 
40870 
41290 
42310 
43250 
41080 
46100 
42290 
45070 
92970 
73650 
56900 
39580 
38700 
40360 
39970 
42570 
40970 
38460 
40910 
38310 
41850 
38890 
41270 
41510 
40720 
40200 
38860 
40770 
40860 
38630 
40190 
40530 
41510 
39530 
43480 
40910 
43170 
40210 
41010 
76540 
59920 
60500 
55920 
55880 
55670 
53210 
56250 
53330 
51360 
58550 
53870 
57130 
53010 
54610 
52190 
55430 
55620 
59590 
52510 
55000 
54910 
58390 
56490 
53130 
54010 
64060 
42250 
42090 
39440 
41930 
43450 
38930 
41600 
