75160 
44010 
44550 
41500 
39050 
39650 
38260 
38140 
40540 
37350 
39770 
41180 
38760 
38450 
39280 
39390 
38250 
38460 
38140 
38910 
37060 
37200 
37320 
37600 
38990 
37510 
37060 
37000 
37400 
38050 
38080 
37560 
37960 
38790 
39650 
38470 
37560 
38050 
37960 
39000 
38690 
37680 
38340 
37510 
40990 
38470 
38250 
41220 
38200 
39160 
40950 
36010 
39000 
38250 
38340 
38170 
38900 
36740 
38420 
36320 
39350 
36740 
37560 
37440 
36340 
37780 
38180 
37250 
36340 
36110 
38800 
40940 
37260 
37730 
34580 
38850 
38050 
38270 
37690 
38040 
53240 
40690 
37420 
39200 
37290 
37310 
38810 
40050 
39570 
36520 
37910 
39220 
38580 
36190 
37620 
37180 
40090 
38030 
36060 
37070 
36700 
40080 
38950 
36590 
38460 
38090 
37650 
38810 
37580 
38350 
36980 
39360 
39430 
37310 
37340 
37440 
37660 
38590 
38710 
36390 
37750 
35530 
39150 
37820 
37780 
37170 
37010 
40130 
37910 
36620 
39410 
36770 
37750 
37660 
39050 
36770 
37030 
35470 
39570 
36830 
40010 
38330 
35940 
37780 
38620 
37930 
37440 
40780 
37480 
39040 
36920 
36980 
38560 
39830 
38200 
37050 
41000 
36370 
38210 
41120 
37520 
36500 
37080 
36560 
40760 
37410 
37210 
36660 
37190 
37200 
38810 
35840 
37770 
36990 
37750 
39210 
37530 
37070 
37520 
39630 
39790 
39650 
36860 
36620 
38360 
39860 
36300 
37530 
39060 
37360 
39600 
36460 
36590 
38910 
37400 
39810 
36280 
36520 
36750 
37560 
38150 
39990 
41340 
38370 
37420 
39090 
38090 
49600 
39640 
38830 
38270 
39000 
38150 
38910 
37250 
38520 
38400 
38010 
38350 
37080 
37730 
37840 
37090 
37670 
35780 
37490 
41350 
38130 
37100 
37860 
37750 
38550 
38780 
38430 
39310 
39250 
37380 
37610 
37800 
39460 
38120 
36790 
38770 
38550 
38650 
37010 
37430 
40260 
37400 
37630 
37080 
35640 
41950 
39470 
37530 
38420 
37210 
37380 
37640 
36820 
40690 
37780 
37400 
40540 
37400 
38080 
36380 
37200 
39360 
38370 
38080 
37200 
36140 
39190 
37880 
37270 
37560 
37560 
39020 
40020 
37870 
39050 
37460 
38510 
36240 
39540 
38470 
36730 
38360 
41180 
37540 
36950 
36330 
36490 
39680 
38810 
36640 
37520 
37060 
37980 
39500 
37940 
39560 
37700 
38230 
36250 
37100 
35200 
36480 
37620 
39490 
36510 
37290 
37280 
36160 
37660 
36930 
36370 
37030 
36830 
38950 
36260 
36460 
35930 
35970 
38250 
39050 
36390 
37470 
36040 
37480 
36690 
39180 
35830 
37490 
39200 
38940 
37390 
37010 
36710 
37810 
39430 
38000 
36400 
38260 
37750 
39570 
36920 
40540 
37930 
36780 
39950 
40430 
37570 
37130 
36780 
37060 
37940 
38050 
36450 
38310 
38400 
37480 
36720 
37360 
36230 
37390 
39280 
37770 
35760 
37090 
37340 
39420 
37560 
36630 
37270 
37090 
38600 
37020 
37350 
36620 
37160 
36650 
39220 
36280 
37560 
39280 
37620 
39160 
37950 
39860 
37870 
36600 
38870 
36350 
37420 
36390 
36340 
39500 
37050 
38220 
36800 
38500 
42290 
38070 
37440 
37940 
36270 
38710 
39460 
37620 
38600 
35700 
38020 
37610 
36310 
36580 
35910 
37950 
40320 
37750 
38390 
36580 
37370 
38380 
36740 
36640 
36240 
36740 
37770 
36720 
36510 
35250 
37410 
39780 
37340 
39360 
38180 
37650 
36920 
39470 
37840 
37740 
36970 
38350 
40330 
35910 
36870 
40120 
37130 
41170 
36450 
37750 
38970 
38680 
39180 
38320 
36620 
38070 
37290 
38630 
39700 
37870 
37200 
36440 
38790 
38480 
37110 
37930 
35430 
38210 
37720 
37330 
38140 
36610 
36320 
38950 
37080 
38280 
37790 
38000 
38230 
37930 
37890 
38670 
36980 
39540 
38990 
38060 
37740 
38670 
40690 
37620 
37960 
37020 
37460 
37670 
37700 
36940 
36350 
37240 
40270 
39330 
38110 
37330 
36980 
37410 
38680 
37410 
37100 
37080 
36500 
40160 
38260 
38500 
37350 
37960 
38720 
39400 
35440 
38450 
37200 
38090 
38850 
37640 
37340 
37420 
35940 
39780 
37260 
37100 
37320 
36900 
38490 
37270 
35990 
38690 
39270 
39190 
37140 
36330 
38000 
36190 
39470 
37070 
36370 
37450 
36540 
39860 
42140 
36740 
38810 
37270 
38820 
39510 
37070 
37690 
36400 
37040 
36710 
36300 
36670 
38140 
37500 
37150 
37160 
37130 
36230 
37740 
37230 
37160 
37130 
36340 
37290 
35940 
37430 
38050 
37200 
37300 
38800 
39790 
36600 
36680 
36820 
38330 
38440 
37270 
38360 
37430 
37210 
37890 
39070 
39090 
37090 
37190 
39380 
39560 
37870 
36610 
37790 
37610 
40310 
36830 
39540 
36870 
37400 
38930 
37850 
37830 
36360 
37050 
38370 
38330 
37240 
41390 
36650 
39010 
37710 
36380 
39900 
36890 
37730 
37640 
37820 
37700 
39060 
38450 
39120 
37280 
36980 
38240 
37760 
40820 
36730 
37190 
37490 
38710 
39410 
38610 
38210 
39770 
39140 
49020 
55370 
38270 
37640 
39030 
42840 
41420 
37170 
36600 
39400 
40920 
41210 
35960 
37050 
37470 
40400 
40730 
36750 
36630 
37010 
39460 
40020 
37510 
36990 
37040 
37490 
42200 
37440 
36360 
37220 
36330 
41340 
38820 
36250 
37320 
36630 
37240 
40550 
36270 
37160 
36310 
38420 
39130 
36740 
35850 
37370 
38180 
38430 
39490 
39090 
38210 
38880 
39150 
37980 
37340 
38610 
37420 
38120 
38910 
38240 
37930 
38640 
36910 
38960 
37640 
37400 
38060 
36270 
38910 
36700 
37530 
38110 
37380 
37750 
38080 
36730 
37010 
36400 
38360 
37520 
37000 
36380 
37500 
36670 
38400 
36700 
36860 
36360 
36850 
39220 
36150 
36940 
35430 
35680 
39130 
37130 
39050 
38430 
37690 
38950 
37400 
37560 
36280 
38270 
39580 
37580 
37130 
41410 
36940 
37680 
36990 
37440 
36830 
36160 
37700 
40230 
36730 
38380 
35850 
36670 
39930 
37250 
38270 
36830 
36390 
38830 
39200 
37470 
37190 
36760 
39070 
37190 
36570 
36190 
36630 
37040 
38410 
37260 
37520 
35870 
38740 
40560 
36500 
37180 
37090 
35540 
39540 
40590 
38090 
35970 
35850 
40120 
42110 
36850 
35780 
36480 
36960 
38560 
37680 
37010 
38930 
37440 
38660 
35960 
40610 
37480 
36070 
40900 
36170 
37790 
37190 
35870 
40130 
37120 
38100 
35100 
36610 
40650 
38260 
39810 
36710 
36910 
37970 
38110 
37560 
37610 
36360 
37840 
54140 
40600 
35480 
36890 
37350 
40240 
38120 
37460 
36840 
40750 
39100 
37040 
38470 
35840 
39420 
38830 
39210 
37270 
38000 
40720 
40980 
38070 
36280 
37860 
37490 
36250 
38940 
37070 
36350 
35620 
37850 
39730 
36700 
37350 
38340 
37490 
37720 
36190 
36960 
35760 
35640 
38040 
37250 
37210 
36230 
37430 
37860 
38220 
37110 
36550 
36020 
37560 
40920 
36680 
37130 
36650 
37770 
37790 
37480 
36370 
37980 
35760 
38620 
36260 
37310 
40300 
39340 
38450 
36880 
37130 
35230 
38820 
37690 
37590 
35850 
37470 
37650 
39230 
37280 
37930 
36470 
37160 
37490 
38360 
37290 
37950 
37440 
35870 
38160 
38410 
36100 
36560 
36130 
38940 
49900 
37980 
36620 
35440 
37500 
37880 
35930 
37450 
37140 
37040 
37520 
36760 
37410 
36190 
37160 
39540 
39110 
37730 
37100 
37010 
39720 
36220 
38470 
37540 
35490 
41520 
40220 
36840 
36660 
37280 
37850 
36910 
36910 
37010 
37490 
38090 
38090 
37050 
38200 
36070 
38120 
39410 
37810 
36810 
36680 
37060 
38940 
36460 
36510 
36350 
35980 
54890 
38600 
37750 
37690 
36770 
37200 
37200 
39450 
37450 
38090 
38800 
38840 
36830 
37680 
37470 
39040 
39720 
36780 
37170 
52260 
39770 
41490 
39740 
37310 
38080 
37470 
40370 
38010 
37470 
37750 
37380 
38250 
37680 
37010 
37800 
36180 
39540 
38720 
36790 
37670 
36140 
38780 
38340 
37550 
37250 
37110 
37160 
39080 
35820 
38060 
37710 
38250 
37530 
37540 
38500 
38120 
37530 
36810 
37340 
36520 
38400 
37150 
38500 
37710 
37700 
36730 
39550 
36970 
39320 
37870 
36360 
36140 
37100 
40080 
37250 
40950 
36750 
36860 
38360 
37430 
36710 
36890 
36150 
37820 
38250 
35860 
37720 
37080 
37090 
38380 
37220 
39390 
36750 
38130 
39270 
36990 
36990 
36680 
36940 
40010 
37080 
37020 
37130 
36510 
39110 
36950 
36940 
37030 
36510 
37890 
38040 
37170 
38300 
37090 
39560 
38700 
38890 
38010 
36560 
38220 
39670 
37320 
40440 
36810 
36880 
42100 
37190 
37450 
37600 
36280 
39350 
38320 
37520 
36220 
37480 
37180 
37790 
36580 
38990 
36880 
39470 
37010 
38360 
38320 
35590 
36560 
37690 
37560 
36820 
37110 
36430 
39800 
40800 
42150 
39870 
37860 
38470 
39630 
36780 
37400 
36500 
38230 
38100 
37040 
37180 
35710 
38250 
39630 
37320 
36330 
37450 
37600 
38510 
36290 
36910 
40040 
38860 
40610 
38240 
37550 
36740 
35990 
36800 
38980 
36280 
36900 
35520 
39230 
37740 
36910 
37130 
37060 
40550 
38260 
38160 
38250 
37000 
37570 
37320 
37000 
37230 
37360 
36740 
37730 
38290 
38240 
35960 
37630 
41560 
37870 
36830 
37510 
37720 
37450 
38600 
36770 
37410 
39930 
40500 
38200 
36840 
36250 
36810 
36130 
42210 
38570 
37290 
40580 
35270 
39690 
36730 
38120 
38540 
36640 
37700 
37160 
36980 
36920 
35950 
39090 
37370 
37420 
39520 
37390 
40330 
37130 
36450 
37810 
36770 
37360 
39180 
38360 
37990 
36830 
35860 
38510 
46860 
39550 
36790 
37000 
39470 
37770 
38230 
36720 
36550 
38930 
38000 
38060 
38740 
38270 
37400 
37210 
36370 
35800 
36180 
40200 
39540 
38390 
36180 
37440 
36650 
38350 
38480 
37230 
36650 
36590 
37300 
38620 
37870 
36620 
35700 
36610 
37780 
39120 
36570 
37330 
37370 
38050 
35990 
37120 
35930 
38750 
40090 
36070 
38530 
36470 
36340 
38740 
36270 
38870 
36650 
37650 
37550 
37420 
36700 
36850 
36050 
39500 
37950 
37970 
38560 
37130 
37580 
36870 
37400 
40510 
37130 
37790 
37940 
38810 
36020 
37310 
36760 
38700 
37490 
36490 
36780 
36710 
36850 
38370 
35000 
36720 
36320 
40660 
37420 
36540 
36560 
35850 
38250 
38390 
36720 
35900 
36700 
36680 
37750 
36280 
36980 
37700 
36130 
39150 
36210 
37200 
36990 
37820 
39370 
38890 
37290 
38470 
38100 
38530 
38220 
36290 
36710 
36860 
37690 
40800 
36550 
39680 
39840 
36780 
39250 
38790 
38470 
36240 
35490 
40190 
35460 
37360 
36640 
36030 
38150 
37040 
37270 
37340 
37820 
38550 
36310 
36270 
36920 
35980 
37980 
38410 
38080 
36520 
37700 
37440 
39270 
38030 
37590 
35520 
37030 
38660 
37570 
38170 
35980 
34940 
38430 
37090 
36980 
38390 
38620 
38510 
38300 
35660 
37890 
36770 
42470 
38250 
37490 
38470 
36410 
37400 
40520 
37850 
36520 
36850 
36380 
38560 
37510 
37880 
36050 
34980 
37930 
39120 
39500 
37580 
35520 
38550 
36860 
36750 
37230 
36860 
39740 
37590 
35910 
37710 
35840 
37720 
38540 
36460 
37510 
37010 
36590 
39570 
37160 
38280 
36420 
37230 
38400 
38560 
37650 
37370 
36230 
38270 
35710 
40550 
37810 
38310 
39190 
35990 
38100 
36590 
36990 
37560 
38810 
37090 
37270 
36030 
36920 
39640 
37400 
37710 
36800 
36920 
41570 
39230 
35810 
37390 
37760 
37240 
38100 
36740 
37910 
37210 
39430 
37970 
36810 
38040 
37170 
36430 
38840 
35700 
37370 
36800 
36690 
40150 
37100 
37760 
36500 
38340 
39070 
37940 
36560 
37150 
35430 
39800 
37610 
39240 
38080 
38470 
39080 
37440 
37440 
38180 
38010 
37230 
39500 
37480 
36430 
36170 
37270 
38620 
37120 
36780 
35970 
40910 
37180 
38690 
37130 
37260 
37520 
40250 
37760 
37670 
38770 
37000 
38740 
38170 
37610 
35160 
37000 
36750 
40310 
36160 
37260 
37040 
37410 
38500 
36140 
36900 
39350 
35750 
38160 
38100 
37950 
37120 
42190 
38930 
37890 
36580 
38530 
36430 
38120 
37100 
36300 
38390 
37870 
37370 
39480 
36590 
36440 
36510 
36990 
39220 
37020 
38930 
39100 
37520 
37680 
36830 
36300 
37210 
36310 
36350 
38140 
52450 
39740 
34890 
39580 
38200 
36990 
38230 
37360 
37050 
37230 
38550 
38060 
37030 
38520 
39040 
38100 
36920 
36760 
36280 
37690 
37740 
36980 
39310 
39580 
39050 
38350 
37400 
37290 
36530 
39390 
38690 
37240 
38160 
37540 
39470 
37800 
37010 
37320 
36930 
38390 
41710 
38690 
37350 
36220 
36330 
41140 
37750 
38710 
38250 
36360 
40250 
39760 
37240 
38030 
37970 
42150 
40820 
38630 
37670 
37080 
41830 
41150 
38610 
38740 
38260 
36340 
42450 
40920 
35880 
35540 
38670 
42240 
39780 
40020 
38070 
37300 
40360 
40120 
38640 
36620 
37600 
38430 
39820 
38570 
35750 
35860 
37830 
38440 
38250 
39980 
37470 
38500 
39820 
40070 
38750 
38930 
36490 
39290 
38410 
37820 
38400 
37000 
39560 
38170 
36110 
37940 
37700 
37410 
38260 
36290 
37760 
37460 
37350 
38850 
39380 
37250 
38750 
37750 
38730 
36630 
36470 
38990 
35790 
38900 
39230 
38150 
36480 
36280 
39020 
38110 
37180 
36910 
36690 
38300 
39120 
37490 
37810 
36790 
38010 
37930 
37080 
39970 
37180 
37850 
38920 
37220 
37930 
35920 
37490 
36320 
38130 
36310 
37440 
37020 
38360 
38070 
37020 
37010 
37410 
37340 
39090 
37300 
37290 
37040 
37130 
42230 
39760 
38880 
36390 
37110 
39400 
37900 
36550 
36870 
36010 
39660 
38220 
37430 
36810 
36660 
38450 
37940 
35070 
36890 
35870 
38770 
37690 
37920 
36720 
35940 
36020 
40320 
39890 
37410 
36860 
37400 
39270 
36750 
38200 
36110 
36500 
37020 
38200 
36350 
37070 
37290 
38510 
35580 
36770 
37610 
36660 
37900 
37560 
37100 
38190 
39300 
37620 
41040 
38390 
36680 
37450 
37340 
39200 
36830 
38270 
39690 
38540 
37640 
38140 
35730 
37880 
35180 
38180 
37090 
35990 
37400 
37800 
37670 
39570 
37630 
36550 
36850 
39100 
38210 
36930 
37700 
35930 
36060 
37810 
36440 
36430 
38140 
35780 
38160 
37030 
37640 
37550 
35000 
38080 
35760 
36570 
36890 
36200 
39350 
37410 
38330 
38080 
37320 
38050 
38140 
37290 
39980 
40680 
38350 
37860 
36500 
37230 
36700 
36770 
37860 
37850 
36710 
37070 
37490 
38010 
37700 
36650 
36460 
38030 
39470 
39870 
36080 
37790 
38700 
37410 
38390 
36110 
36160 
37540 
37380 
38390 
37850 
38370 
36530 
35060 
39630 
38860 
35250 
37190 
35510 
37190 
37100 
37440 
37560 
38060 
39010 
37900 
37890 
39250 
36280 
38090 
40390 
37070 
38610 
37240 
36630 
41930 
37520 
37510 
37190 
36110 
37020 
38420 
37170 
38530 
37840 
38060 
36890 
37700 
37720 
36870 
37980 
37700 
38930 
37280 
37700 
37810 
39050 
36870 
36470 
38540 
36490 
38900 
38200 
35940 
36930 
38190 
37560 
37520 
36710 
36680 
36260 
37720 
37660 
36400 
38390 
35960 
38390 
42860 
37560 
37090 
39900 
40780 
39720 
37750 
37010 
36950 
45760 
40730 
36970 
39190 
37200 
36990 
39360 
39380 
37640 
37420 
36700 
39420 
36850 
38310 
36750 
36440 
42530 
38080 
36850 
36060 
36370 
37120 
39390 
37330 
37040 
36870 
37700 
38270 
38860 
37660 
36540 
35460 
36570 
35510 
36190 
35740 
39200 
39760 
36940 
37740 
37250 
36840 
39040 
