103950 
43570 
37080 
38600 
38110 
36430 
36620 
35800 
36630 
37920 
38210 
37290 
35840 
36350 
38690 
36640 
37520 
36430 
35910 
37810 
37800 
35960 
35140 
36450 
36810 
37540 
36980 
35110 
34390 
37720 
36720 
39220 
36450 
36350 
37190 
36450 
35830 
36680 
34820 
36970 
38140 
37780 
36010 
34460 
36740 
36570 
38090 
36320 
35940 
37500 
36610 
38300 
36070 
36750 
36410 
36030 
37900 
37210 
35310 
37250 
37450 
38020 
37240 
37370 
35670 
37140 
37430 
36650 
35490 
36890 
36280 
36800 
37190 
35460 
36980 
35520 
37490 
36190 
35890 
36690 
36030 
37670 
35970 
36120 
36930 
39140 
38040 
37330 
35340 
35940 
35080 
37500 
36700 
36370 
36520 
34660 
37050 
39330 
37410 
37350 
36250 
35880 
39920 
37640 
37220 
36590 
37670 
40760 
37010 
37910 
36500 
37190 
37450 
38660 
36210 
34750 
35000 
38810 
38740 
38940 
37030 
35450 
38910 
37320 
39690 
36360 
36580 
36220 
36980 
37590 
36810 
35840 
37970 
38450 
37230 
35500 
35110 
34910 
36290 
39200 
37820 
35890 
35790 
36170 
39930 
37670 
36190 
36660 
35090 
38220 
36280 
37590 
36910 
36100 
37300 
38890 
36640 
35910 
35690 
37230 
37820 
36260 
35870 
34990 
39990 
37730 
35840 
35890 
36230 
36760 
37520 
38450 
37410 
36260 
37420 
37370 
35900 
37810 
35350 
35600 
36520 
38380 
35660 
35350 
35920 
37600 
37170 
36770 
36900 
35930 
48100 
39070 
36840 
35810 
38010 
36750 
36410 
37340 
37310 
37160 
36260 
36510 
38040 
38250 
36100 
35870 
36520 
38000 
35940 
35160 
35130 
37250 
36810 
35890 
35990 
36510 
37430 
37520 
36010 
35550 
34790 
36250 
36340 
36380 
36460 
35420 
36370 
38600 
36740 
35160 
35170 
35300 
39180 
37350 
37420 
36120 
35630 
38590 
43900 
38080 
36570 
35020 
37420 
37120 
48770 
39720 
37450 
37000 
37110 
38310 
35640 
35970 
38130 
36560 
38470 
36390 
36500 
36520 
35750 
37670 
36280 
35150 
35970 
36900 
37250 
36070 
35010 
35300 
36230 
38380 
35160 
34410 
36320 
35620 
38570 
37870 
35040 
35660 
36580 
36620 
37440 
36320 
36230 
35610 
37940 
36510 
36150 
36470 
35900 
39290 
36530 
34900 
36530 
36070 
37580 
36170 
34860 
35920 
35440 
37540 
36920 
36510 
37050 
36720 
37460 
37310 
35140 
36930 
35180 
36440 
37290 
36550 
35790 
35140 
35860 
36050 
36220 
35260 
35180 
35300 
36270 
36240 
37290 
35310 
35370 
36580 
35310 
37120 
35550 
35480 
36590 
36400 
40090 
37690 
36500 
34700 
37300 
37720 
36220 
35680 
35660 
36250 
37400 
36010 
34660 
37330 
36610 
37690 
36450 
37560 
35880 
36200 
36620 
37660 
35980 
35610 
35920 
36700 
36970 
35830 
35710 
35360 
35710 
36690 
35900 
34640 
36690 
38220 
38090 
35810 
36490 
34830 
37960 
37000 
37060 
36380 
35720 
35430 
36650 
35960 
36080 
36020 
37530 
36420 
36330 
35600 
35940 
35740 
37850 
37560 
37230 
35210 
36960 
37150 
39010 
36510 
35230 
35530 
36640 
36080 
38750 
34460 
36400 
37110 
36390 
36700 
36540 
37230 
36270 
35100 
37210 
35880 
35510 
35270 
37020 
36830 
35650 
37310 
35980 
37170 
36710 
36730 
36450 
34510 
35640 
36870 
35610 
35430 
34220 
36320 
36340 
36270 
38590 
36010 
37780 
37030 
37450 
35910 
35670 
35920 
37850 
36600 
36590 
35080 
34310 
37160 
36930 
36120 
36150 
35070 
36610 
38430 
37050 
35490 
36440 
35330 
36180 
36730 
35790 
35200 
37290 
35420 
36340 
36550 
35570 
34950 
36470 
36730 
36650 
34300 
35640 
37010 
36600 
36260 
36960 
35520 
41410 
39490 
35320 
35600 
36290 
36250 
37770 
36670 
37050 
36940 
36340 
37960 
37840 
36240 
36180 
42740 
41030 
37230 
37640 
37440 
36190 
38180 
37240 
36490 
37010 
38180 
38350 
36120 
36350 
35840 
35690 
36310 
36220 
36380 
37350 
36370 
35770 
35730 
35970 
35730 
35200 
35990 
35540 
35670 
36190 
35240 
35870 
36310 
36910 
35830 
36600 
38550 
37650 
36090 
36890 
35820 
36170 
39440 
36870 
37500 
35130 
36030 
35100 
39460 
38590 
35950 
37060 
35710 
38270 
37390 
36300 
36010 
36160 
37190 
36900 
35150 
35130 
35240 
36280 
38000 
35600 
35670 
34580 
34400 
36220 
36930 
35670 
36270 
35390 
38120 
37350 
36360 
35700 
35090 
37010 
37150 
35720 
35500 
37180 
37100 
36690 
38110 
36630 
36240 
38350 
36220 
36270 
35610 
34910 
35540 
36030 
36680 
35540 
36040 
37720 
37700 
36480 
35700 
36820 
35810 
36000 
36790 
35170 
35850 
36070 
35640 
38530 
36750 
34780 
35420 
36680 
36060 
36640 
35320 
37670 
36940 
36730 
35530 
35640 
35760 
36580 
37080 
36160 
35380 
36310 
36250 
36100 
36660 
36270 
35480 
35880 
38910 
36620 
35290 
37230 
35240 
36390 
37830 
36810 
36270 
35660 
36700 
38940 
38010 
36050 
36870 
37480 
36950 
37310 
36020 
36120 
35940 
36230 
35260 
36420 
35130 
36540 
36910 
36290 
36260 
34750 
35630 
36890 
38070 
37720 
36370 
35420 
36680 
37540 
36820 
35360 
34630 
36130 
36940 
36180 
35580 
36060 
35590 
36850 
38450 
36340 
37180 
36500 
37680 
36980 
35810 
35420 
36470 
37020 
36680 
35560 
34580 
36200 
36550 
37610 
36180 
36720 
36230 
37590 
38140 
37220 
34620 
35990 
34820 
36990 
36400 
35480 
36730 
35540 
39000 
36770 
36170 
36390 
35030 
36880 
37630 
35860 
36150 
38100 
37410 
35580 
36720 
36210 
36090 
36100 
35900 
36220 
35500 
35210 
37550 
38360 
37030 
37090 
37270 
36190 
38210 
38000 
39700 
36990 
37330 
38170 
36880 
35860 
35860 
36690 
36610 
38130 
36980 
35630 
37430 
36350 
36640 
36780 
37300 
36610 
35880 
36710 
36090 
36720 
35420 
36960 
38060 
36890 
36000 
37200 
35290 
37050 
37670 
36550 
36780 
36730 
37990 
36880 
37390 
36050 
36470 
36560 
37360 
37150 
36600 
36270 
34990 
38200 
36400 
36730 
36650 
35940 
37880 
38460 
36510 
36440 
35020 
40310 
36910 
38480 
35550 
36150 
36650 
37640 
36250 
36270 
34790 
36650 
37180 
36950 
36520 
35730 
35900 
38060 
37430 
37570 
36980 
36200 
37200 
36920 
35660 
35910 
36500 
35880 
36030 
35960 
38580 
37520 
36840 
37830 
37140 
35370 
35560 
36460 
36480 
36800 
35550 
35870 
35020 
37370 
36140 
37380 
39080 
35570 
37650 
35930 
35810 
35790 
36950 
37530 
36620 
35740 
37400 
35910 
35570 
36160 
36720 
35670 
36670 
36960 
38080 
37550 
37090 
36280 
37440 
37390 
35510 
36290 
35980 
36590 
35590 
36190 
35380 
35240 
35260 
35680 
36300 
36990 
36180 
35820 
35800 
36470 
37080 
35170 
37090 
35380 
36060 
36530 
35970 
35670 
37610 
39720 
37710 
36400 
36940 
34890 
37810 
38220 
36020 
35940 
35530 
36660 
35660 
36670 
35960 
35870 
35590 
36500 
35840 
36900 
35300 
35630 
36170 
37190 
38080 
37400 
37460 
37870 
36810 
36520 
34810 
34960 
36020 
36350 
36360 
36120 
35280 
38860 
37150 
38010 
36110 
35300 
34890 
37040 
37010 
35860 
35540 
37070 
35850 
36930 
35560 
36950 
36840 
39240 
37250 
35980 
36180 
36520 
38730 
37620 
36430 
35920 
35080 
36480 
36250 
36270 
34570 
35730 
35420 
35900 
36810 
35560 
35600 
36410 
37250 
37290 
35580 
36580 
36280 
37310 
37140 
35880 
36580 
36180 
36660 
37090 
36150 
35220 
35160 
37140 
37230 
35330 
36100 
36010 
35760 
36020 
38010 
36240 
35650 
38840 
36660 
38420 
37910 
36890 
35040 
37350 
36910 
38900 
36450 
35690 
37890 
36300 
36510 
48880 
41380 
37530 
36930 
36670 
35870 
36040 
36540 
37120 
37430 
34720 
36910 
40120 
37440 
37470 
36070 
37010 
36170 
36970 
36630 
37040 
37060 
37540 
36460 
37500 
35900 
35200 
34950 
38080 
40310 
35720 
35850 
36100 
36250 
36270 
38030 
36110 
37760 
35700 
38260 
40770 
39320 
36650 
35680 
39110 
37340 
36280 
36430 
35770 
37000 
36920 
35670 
48920 
38250 
39190 
37830 
34840 
36860 
36530 
36950 
37490 
37340 
36690 
36580 
37580 
38550 
37410 
37280 
36700 
36420 
36380 
37210 
35990 
35480 
35580 
37290 
37250 
37200 
36360 
37230 
37040 
37340 
37070 
34490 
36690 
36490 
36440 
38660 
36230 
35560 
37480 
38360 
38250 
35840 
36390 
36610 
36490 
40190 
36850 
35700 
35920 
36420 
38930 
37370 
35930 
34850 
37430 
36270 
37330 
36420 
34330 
35960 
38360 
39870 
36480 
35710 
35640 
39650 
36540 
37610 
36580 
35720 
36830 
38290 
38340 
36640 
36560 
37510 
39090 
37610 
39080 
36410 
37800 
36530 
38580 
36650 
34980 
36600 
36250 
39440 
41130 
37510 
35980 
37770 
37630 
38600 
36460 
36040 
36780 
36110 
37120 
34980 
35510 
37010 
36900 
35980 
36070 
36110 
37600 
37180 
35640 
34630 
36250 
37130 
36790 
37240 
35500 
36240 
35970 
37070 
36630 
35500 
34960 
34800 
37630 
36840 
35240 
35300 
34930 
37050 
37390 
37730 
37360 
34710 
38200 
38120 
35980 
36430 
36740 
38050 
37330 
36060 
37710 
36040 
37920 
38110 
36060 
35410 
36350 
35410 
38020 
35890 
37250 
35490 
36640 
36990 
36770 
36820 
35990 
36140 
36420 
36820 
37600 
35700 
37250 
35980 
36720 
37840 
37300 
36830 
36110 
36850 
35790 
36560 
36260 
36560 
37950 
37900 
36120 
34670 
35340 
36650 
38720 
38090 
35360 
36100 
37280 
36970 
35200 
35800 
38630 
38790 
36800 
36440 
35770 
43050 
40370 
39050 
37840 
36340 
36610 
35130 
37360 
37230 
35820 
35600 
34970 
36650 
37710 
36300 
38220 
35930 
37610 
35860 
37540 
35980 
37330 
36760 
37920 
36160 
36670 
35450 
39410 
37930 
37810 
36160 
35230 
36200 
36330 
37230 
35660 
35720 
37360 
36850 
39360 
35740 
36720 
35320 
38150 
35700 
38450 
36430 
37320 
38510 
38250 
37700 
35630 
39280 
37420 
35880 
38080 
36680 
36450 
34850 
36530 
37240 
36940 
35960 
35800 
36730 
37770 
37670 
35880 
36200 
37140 
39020 
35170 
36560 
35600 
35790 
36840 
38550 
36940 
35180 
36470 
36110 
36080 
36230 
36330 
35690 
36930 
36540 
36690 
35470 
39100 
37350 
36670 
36110 
36250 
35590 
37060 
38530 
38770 
36750 
35670 
37310 
39600 
38420 
35420 
36210 
37310 
36750 
36660 
35330 
35150 
35960 
36200 
36780 
36230 
38000 
36410 
37110 
36270 
35230 
35340 
36450 
36610 
36970 
36060 
35810 
35580 
36790 
37400 
51550 
39200 
35500 
36150 
37110 
37130 
36160 
36050 
36170 
37710 
36990 
35600 
35240 
36390 
37270 
36430 
36130 
36830 
36500 
36600 
35830 
35640 
34830 
36260 
36300 
35840 
36890 
36910 
35150 
37200 
35550 
35230 
35310 
35510 
35250 
36970 
37340 
37110 
36020 
38010 
37180 
36560 
37100 
37000 
37030 
37130 
36060 
37470 
35840 
35090 
36110 
36500 
36910 
36180 
36470 
36460 
37000 
36850 
36930 
36160 
35440 
36430 
36640 
37290 
36620 
34730 
36190 
37050 
38640 
37480 
36140 
39020 
37220 
35630 
35110 
36260 
35510 
36120 
36460 
35700 
35890 
36330 
37240 
37130 
37070 
35510 
35530 
36070 
36900 
36050 
35880 
35720 
37010 
36860 
36460 
36420 
36440 
36690 
37620 
37200 
36080 
34320 
37280 
37570 
38460 
35340 
35630 
36650 
37000 
36710 
35700 
34940 
34690 
36640 
36530 
37040 
35910 
36330 
36390 
37680 
36300 
36070 
38140 
37800 
36560 
35570 
35790 
36340 
43320 
41350 
37790 
35860 
35740 
37230 
36930 
37610 
35460 
37320 
36380 
37710 
37590 
36220 
35710 
37580 
39080 
39120 
35520 
36450 
35300 
37410 
37440 
35280 
35510 
34850 
35990 
36250 
37040 
36930 
36500 
35890 
37700 
36590 
36600 
34760 
35380 
37020 
38620 
38090 
37530 
52210 
43230 
37780 
36000 
37290 
35460 
36540 
36750 
35910 
35140 
36700 
36100 
36250 
37100 
36040 
35100 
36880 
36970 
37340 
35130 
35790 
36350 
37550 
37410 
36230 
37680 
36330 
38020 
36800 
35800 
35420 
36180 
36210 
35980 
35580 
35060 
36400 
35310 
36530 
39560 
36400 
35450 
36360 
36420 
36480 
36280 
37830 
35600 
37370 
36990 
36860 
36260 
39820 
38470 
37910 
36050 
36060 
36610 
37060 
36380 
35960 
36040 
35980 
36580 
37130 
37890 
36740 
35040 
36210 
36130 
36430 
36300 
36140 
36290 
36860 
35700 
38190 
37530 
36740 
36710 
35690 
36370 
35690 
37120 
36510 
36950 
35530 
42360 
37160 
36590 
37980 
37810 
34710 
36100 
34820 
36320 
38030 
35780 
35280 
36810 
37900 
36880 
37230 
37290 
36940 
37160 
36990 
36610 
35710 
35710 
37070 
37280 
35790 
36150 
36020 
36060 
36900 
35750 
36740 
36040 
36790 
35830 
36340 
35160 
34980 
35020 
36900 
36970 
35870 
35840 
35120 
37660 
36320 
37970 
34690 
35050 
37800 
37700 
36220 
36540 
38570 
37570 
36410 
37090 
35840 
35420 
36770 
37320 
37310 
36360 
36480 
38260 
38200 
37660 
36170 
36660 
36140 
37810 
38500 
36370 
37040 
35490 
36940 
36950 
36790 
36120 
36030 
35820 
37790 
37640 
34720 
36180 
35780 
37470 
36660 
36690 
35080 
37030 
39760 
37200 
35900 
35860 
36280 
38380 
37440 
36420 
35770 
36000 
37050 
37780 
35540 
36750 
35440 
38300 
36990 
36610 
37740 
35490 
36430 
36610 
37580 
36190 
38860 
39190 
38910 
36000 
36900 
36430 
47350 
40250 
37950 
35800 
34590 
36820 
37200 
36130 
36380 
38920 
36860 
36550 
36240 
37490 
35590 
35690 
36010 
36980 
38410 
35150 
37020 
35910 
38000 
37100 
35260 
35070 
35240 
36910 
37880 
36870 
35630 
36560 
37950 
39190 
36500 
35510 
36040 
36210 
36390 
37490 
35710 
36290 
36400 
36400 
37290 
36520 
38030 
35740 
37820 
37910 
37400 
36380 
35690 
37400 
36480 
35790 
37150 
35780 
39840 
49310 
39340 
35340 
35350 
36460 
36250 
35710 
35750 
34960 
37700 
36910 
38800 
38170 
36200 
36160 
36600 
38100 
36270 
35360 
35950 
35870 
36100 
36800 
36860 
35970 
37520 
35500 
36270 
36220 
36060 
35330 
38130 
37280 
38830 
36090 
37100 
37400 
37990 
36250 
37100 
35310 
36880 
37110 
36900 
36520 
36280 
35720 
37180 
36620 
38380 
36960 
36580 
36070 
34370 
34680 
34600 
35560 
36780 
36250 
36010 
35210 
35970 
37000 
36640 
35670 
35630 
35330 
36900 
35960 
38940 
37970 
37400 
36980 
37260 
36540 
36430 
35330 
37740 
36470 
36870 
34830 
35780 
36590 
39630 
37970 
36470 
35990 
37930 
37490 
37530 
35210 
37110 
35070 
35850 
36550 
38280 
36360 
36220 
37520 
36900 
36000 
35210 
35340 
37290 
36360 
36340 
34960 
35710 
38070 
38650 
37620 
36370 
39940 
36900 
36800 
37010 
34910 
34900 
34940 
36720 
36250 
35530 
36070 
34570 
35770 
35750 
36020 
36290 
36230 
37520 
36940 
36530 
36290 
36930 
36660 
37430 
36110 
36500 
36250 
37340 
37500 
37310 
35980 
35520 
36340 
37420 
35720 
35730 
35490 
35480 
36980 
36820 
36150 
35760 
35530 
38350 
36590 
36930 
37510 
36640 
36700 
36930 
36420 
36770 
35460 
36660 
37450 
37440 
35940 
35200 
35640 
36380 
37420 
36260 
35850 
35050 
36740 
36850 
35290 
35690 
34560 
37080 
37450 
36510 
35980 
37260 
35770 
36950 
35980 
36990 
44110 
42070 
37170 
37170 
37240 
35290 
35830 
