56400
27750
28250
25450
27280
27080
25331
24440
26360
27630
27170
26070
26121
39970
34320
36340
101841
96451
100341
97120
104530
99820
98761
99391
100091
107040
103700
98670
105011
106731
117901
107651
101160
96960
90660
110301
106791
99361
97760
103860
97530
84590
76591
77021
82010
76480
86120
77890
81171
84131
78891
125040
121440
103870
88661
78061
86081
79140
75010
73150
79580
76671
81271
76301
75310
79110
81690
79231
75531
74261
77560
75670
84970
74410
74211
83481
81180
83330
81780
82651
103911
83981
82990
125301
98680
98670
107461
102481
108570
100190
96620
112661
119071
114811
102101
99280
102720
101371
106871
113341
124431
108150
102080
105730
105501
100621
104561
100920
105380
112750
78520
74861
82041
80311
85150
76900
77370
119821
83981
82091
149300
125910
104701
89011
88011
81101
82531
83490
81380
86320
86191
80991
82850
81070
86710
84200
82071
79471
86911
82190
84720
79200
78050
84921
85101
88450
82910
86610
157111
95711
95021
84500
120870
108370
102321
114471
108741
101801
110520
103300
108851
109061
103471
99961
107550
103700
109690
104521
103131
106731
106800
109170
105430
102861
103801
102171
113781
103820
115640
90810
84511
87091
101661
88000
89300
79890
94151
91291
82171
146670
139011
106760
101671
83691
80091
82290
83930
85800
82310
94641
93731
83701
86220
121040
79800
84571
82421
86281
81720
77790
82340
78630
85711
84021
82861
80580
88000
86930
86011
94181
80681
138561
107360
109151
107021
101711
169171
106720
109030
104450
104301
99111
121001
111920
110140
102670
108121
101471
109431
110930
104220
101300
101720
103061
109141
102471
94280
120030
94080
83721
80651
81071
89620
83960
90760
83490
91151
86881
160701
136560
100540
97551
92331
82941
85801
82680
78170
77680
79651
82591
85371
79560
78650
85340
84240
85171
80231
80210
84830
82240
89240
77381
99171
89980
82620
91750
85330
80121
229702
80871
108410
113640
113801
104231
96601
108611
112300
103660
105060
110501
95951
109791
106610
106640
111131
106191
118171
106371
103401
109710
104520
109821
111381
105461
108061
103570
110060
109121
83950
77961
90641
84660
89010
81890
83400
90751
91031
89180
152720
120780
107891
91411
89021
82431
82020
85150
80700
85561
82441
79281
84760
83840
85590
83390
79411
79701
86091
82120
85990
82660
77770
83921
84721
89780
83490
81850
87161
86441
91111
81070
141491
106981
104591
110261
108581
103850
109500
103830
109251
107701
102431
102931
107360
106850
113351
104551
101971
112571
108920
112440
102960
105211
111391
110041
112490
102090
114460
86840
77881
81541
81961
78430
82590
75710
87811
81031
77381
153451
126920
110171
94791
77341
76481
82870
79570
84730
78570
74991
78201
75911
80360
75850
221261
78291
74971
79461
79510
74580
77670
74910
81561
79941
79960
76240
84300
82290
82841
79201
81951
138961
104100
108331
108231
117431
118390
103730
110860
106471
105651
107921
105381
109370
105560
105590
110041
104141
107891
108320
101340
101450
105921
92231
111161
104831
102410
121481
94530
86781
80671
82531
86140
81880
87000
88561
85551
88401
146070
136150
111490
98681
90911
81321
86011
83520
80740
80990
84511
81121
88451
80080
100400
91160
83810
97781
90871
79880
81940
79390
86900
80341
79361
86651
85130
90820
87730
78851
86121
81901
127930
106290
104750
115741
109101
103561
108520
102870
102500
111721
108961
111611
104000
102140
107770
103221
110841
105021
101801
107840
104190
108070
103411
103241
107571
108350
117890
91460
80890
79451
87401
87121
106080
83780
82570
91701
89811
105000
139770
117300
107281
86951
88771
80351
225911
84100
79440
85660
78531
80391
83190
82370
87490
82380
81241
79291
86430
85780
87510
79610
79861
84331
86831
86940
83450
79360
83491
84861
87191
82180
120490
106550
105641
97261
107181
102800
123670
105590
110801
109431
104181
107940
132080
111180
108461
108671
106071
123920
110810
109360
105250
103781
110671
104541
110360
104520
113320
86461
81081
91741
85890
81770
84060
85890
93121
88681
82921
156411
135251
106800
93751
82751
81331
85600
86840
84330
80780
80691
82821
79850
86220
81780
81300
81901
80571
85501
76520
80850
85400
81561
85291
87231
84400
99350
92720
85330
82071
97971
78530
122270
99510
101801
99811
97101
100460
99690
106820
98650
98151
112711
105651
109690
105330
103930
109191
104241
113341
108490
102700
100940
105671
108421
106531
102460
101630
124081
91800
85081
80071
83161
86780
83060
86000
88200
83811
232742
163561
136670
111131
93431
88951
84741
88771
100230
81270
79770
88391
99081
88050
81190
79150
86050
86301
85431
80231
80860
83500
80670
86330
82241
81441
90290
84060
88140
87430
83061
84541
84541
136260
107070
99750
105131
102311
106221
108860
102460
98870
106001
103691
107681
101790
104080
124461
104121
109651
104761
100541
111390
110670
110791
105021
102651
111740
125070
122950
92230
82371
79001
91821
85790
88750
79680
85950
93871
89321
161611
137800
110740
104281
87681
88001
83101
80850
85380
83890
86571
83461
80311
86200
85170
103970
92081
84111
81041
84220
81120
84630
79780
79201
85931
88211
86380
85400
82520
83891
83871
89441
120890
99440
108021
104951
109031
98511
105130
123440
102770
104141
114751
90231
109380
168191
93570
95121
81731
82151
95450
92430
94200
87780
89251
93101
90461
95560
91200
83860
82891
71901
79561
75180
70740
73040
72520
80501
77521
71471
104540
107940
93300
82371
69051
80251
74080
73430
72480
68980
67121
72631
78300
84970
78640
78900
81221
74701
83311
92300
78940
80910
80261
84331
92991
74260
79190
84950
81540
83961
77951
75240
123781
221871
105761
101071
96941
104370
96730
105540
106241
98501
102901
100621
104570
99240
97380
102441
100341
112141
108000
101750
101890
106001
106921
109421
106630
102970
120821
86920
85371
83771
86021
87190
83850
91080
89851
84371
91771
165461
131811
109661
88061
92661
98461
92220
85790
78840
78950
83351
82021
86030
77670
77190
77410
79811
78621
76711
70790
80560
77780
83781
75241
74971
84890
77740
87450
81841
79431
81931
77640
126760
100630
95771
95161
101691
98561
104620
95020
94780
101541
102431
99421
96870
96840
103221
91631
107161
100431
113090
106860
114640
102371
109011
96971
103200
99670
100440
83240
73930
72221
80841
81240
84140
73660
79831
81961
82461
120460
125450
101720
93651
85791
86331
72900
68810
70440
80510
82931
73341
76191
79230
76570
80130
81301
76171
73371
227581
78240
80670
76110
72701
80701
82610
83590
80650
79480
83201
78821
98301
128150
96870
101191
102331
104621
113021
102370
101690
101981
106181
106571
100151
98710
104300
101430
103191
97891
96721
104170
100100
103610
101021
97931
105181
115890
112030
114060
83110
81941
77971
86031
81760
76430
81580
81841
91141
84151
138040
127690
111291
98761
89121
73491
77061
83200
82680
85230
77120
74251
96201
82180
84420
78910
74800
79651
96891
87840
80040
74360
80880
78011
81201
83731
77400
80040
82000
78791
83721
76381
91240
107540
102811
104601
99141
97501
106680
99920
104210
98341
100771
104081
99640
103980
100810
96231
102441
98281
102381
104590
98020
95610
101361
98761
103530
98570
95830
103361
97731
80481
79131
92430
86310
76870
86640
86681
98691
86840
139271
126951
107911
84711
84241
81290
85400
81900
78900
77300
84191
230032
83900
80540
75360
78791
94581
83041
82580
81780
85060
79110
87831
81411
77081
88950
83470
90520
85531
82241
85571
83660
133760
90690
102071
98881
110491
103910
105870
101760
102151
105251
98581
121940
107930
104280
106021
102261
109901
105000
105800
109640
107421
107221
104921
104491
107050
105260
119560
86901
79041
78041
87771
97790
87380
83610
86821
90861
85651
162711
133041
106441
93461
85371
86931
82410
80240
82390
80570
86041
83071
80540
84360
81380
84570
80771
77741
77970
84500
83110
87300
80461
77811
100941
97400
89690
84640
81090
86201
83161
89020
125450
99190
108981
102611
112911
103400
103280
105820
91360
110101
104981
105551
102570
105330
105320
109041
101611
99981
107500
106870
110460
100421
104391
105561
103590
109030
118041
85150
84711
81781
89701
86590
81320
83730
90671
102291
156131
151970
127680
110501
102021
90341
98451
97640
90110
85570
84381
83331
80221
83991
79330
86850
80580
79021
82471
80911
84500
83770
79860
84561
79861
87501
88760
81200
82660
90591
83841
88331
81351
125720
103820
107581
106841
105091
102561
107610
100620
109621
100501
102011
107870
103390
109260
105000
100381
109251
102591
246261
107110
100360
103171
104271
120341
119530
108710
106020
96670
86371
85131
84581
81300
85650
79340
88391
85361
85461
84930
151151
136041
105081
85901
85341
82450
87770
85900
81630
80921
85991
81071
87660
79550
79090
83900
88101
84421
82060
78870
83580
81470
87261
82231
80561
85560
86480
88190
78341
82691
86170
82300
122320
107461
102311
116481
113310
110560
111940
101790
104011
107821
103791
106370
101970
100580
109081
103541
110591
101490
102550
106640
101251
109031
105581
100041
105300
104790
113001
88791
78961
79861
89420
84270
86270
80770
86111
89931
88340
154261
128201
103331
93971
82361
87941
83750
79490
83910
82691
86201
84991
79330
84380
82920
88431
84251
96021
87940
89120
83330
86990
80191
79861
94561
93570
84530
81420
84841
86511
83661
88110
129601
99280
108201
251732
108641
106430
89120
108760
109231
107861
107031
101511
102680
109390
104271
110901
104201
101671
109580
103290
110261
102881
103091
106421
103890
113290
110140
77600
86661
81341
90230
78500
83530
82630
89821
108141
105651
152521
133271
108651
97541
89461
99201
87330
78080
88050
84430
81431
79871
82091
83170
86360
79710
79891
82661
83770
86650
83910
77950
88271
80061
84241
87190
80450
82730
89261
86841
86491
82480
125140
107320
101271
106931
103721
102461
108920
105200
109381
101281
100561
108950
105090
107720
104711
104281
124281
105801
113510
109970
101060
100421
111421
117801
116010
101490
118141
90720
85061
84641
85401
81910
86790
82190
95011
85361
83941
159511
131290
118771
102851
84561
88711
82340
87490
84070
80080
77571
87941
82201
84140
82530
79340
82971
83571
83701
81740
80050
85940
83771
90871
226181
83831
86560
86980
91980
86331
108911
91071
117660
107340
107881
102511
104781
108430
106390
109510
101650
100251
107341
104841
109920
106380
104270
108771
103071
111911
104460
101610
111231
105451
106841
106951
103031
112620
105310
102080
85831
82271
80211
87910
83620
86390
83330
85001
91661
88441
144291
117220
106611
93301
86331
89611
81430
79690
82910
77350
102951
87741
83890
82600
81010
83990
86021
80521
98820
81960
84940
87031
80841
78111
86501
85300
85850
84830
82081
85071
85531
90980
121860
100850
107331
102121
109671
106700
104230
107300
103331
110021
108731
102580
99440
107010
105861
109951
103061
101091
106970
102460
111421
107881
107971
107901
104840
112560
118171
82550
100311
85861
89900
88280
79760
87691
89201
92401
102310
166101
129261
112681
92641
87081
79191
78510
82540
82740
92571
82161
80971
83940
81420
87720
229831
78961
82371
79651
85800
80500
80240
83681
88771
84471
85680
81410
80530
91581
84421
87151
76490
130870
105340
105811
108811
101721
102650
106860
99180
114381
115811
112431
110351
106630
108700
105601
100551
109181
122371
113590
93000
100710
100211
106731
104851
107880
101380
116300
92991
83181
84811
83811
85210
77770
80960
99691
85951
83491
162971
137751
109160
99021
85531
86561
81940
86150
76260
78490
81421
87131
82121
85220
78680
77960
82410
84661
85701
80350
78140
81900
99341
95141
84041
86291
84980
83280
90030
86711
82511
84520
126470
105660
105371
99061
100931
106141
104550
109090
99900
101281
108221
106731
109510
104720
104810
104201
103611
111831
101111
92580
108590
102251
109611
104051
101011
105040
119691
91360
83851
78131
129941
91150
84650
88000
81750
89021
98581
153010
136780
110780
115691
97531
82821
87511
82410
78620
79270
83600
86261
85321
97440
86300
83300
87060
84481
79221
79261
80050
83380
86040
80651
82491
87441
86760
88820
86360
80311
84481
76841
116660
105170
101340
106861
106751
107361
107100
103020
108181
100781
109841
108411
101111
102190
106920
106821
108081
102651
104241
104700
106160
107560
122841
108491
105981
105670
111650
104260
82700
85021
94261
94410
85210
80570
85090
89701
90061
85251
152910
122840
115141
90111
88211
81171
78510
85600
83740
88320
81721
78471
85840
77710
86380
81760
80581
85591
79741
85120
76240
77890
80491
81691
84331
89660
81220
80880
89070
85301
86141
80430
124990
106971
120221
113601
103781
102481
108430
101250
107721
103851
117001
115871
104600
112250
107101
102251
107941
102231
107620
108080
103830
100221
106241
104591
111310
112410
118030
88970
232701
86971
84101
83840
86510
83860
95681
91001
85211
165061
136471
112310
96231
80531
87111
82750
88940
77280
80420
79321
86321
82761
87510
72300
95130
84011
77141
80031
69580
76790
79320
75660
82601
70521
78430
79080
78850
82180
76241
69281
83340
125340
101330
101251
95041
98711
101500
101560
105130
97340
86750
109341
102961
106000
94530
93790
100241
100601
100451
99280
97510
102030
100371
105511
100181
96371
102160
107460
90750
80400
73641
77671
80110
78960
81200
101911
81181
83171
140960
135101
104600
92901
86571
77021
84251
76050
72770
78580
