57793
29891
26961
24681
23401
25721
26021
25271
50352
41412
33501
32162
25672
23971
23551
23331
60023
63573
63293
61733
61062
65913
62903
63013
61582
61032
64473
62843
64213
62153
61343
60233
65493
63063
64693
61483
60983
64073
62433
64833
96614
79033
78673
80033
82033
79433
75963
77063
79674
73603
81544
79794
79014
82474
81274
78874
79324
80274
78674
82584
81644
78504
78214
79704
78824
81324
86754
64723
61053
64313
66213
64403
63732
62952
68733
69773
69663
115765
99695
83784
70113
62743
65113
62003
61863
62093
65853
64643
61433
60923
61803
64933
62323
61363
61543
61733
63393
63423
61302
60213
58712
66613
65673
66083
61002
60983
62563
66123
102495
76374
78294
77044
82293
80284
80524
80994
79193
85274
80484
77743
79504
76523
85054
83284
79584
79384
80524
79594
81244
81244
82474
77194
79974
82643
95034
69804
63403
62323
63903
66303
64603
67143
73444
71294
71084
125435
105955
92174
81403
77263
74363
69763
70413
70383
67233
74163
68743
69903
69583
69203
73443
70643
65493
68483
68293
72043
75904
71113
68123
70183
73624
75194
72774
64073
64573
89964
85244
104995
87214
78774
78794
82884
80154
78724
79804
77594
79614
81874
81023
76633
80343
78153
79313
78533
76883
81534
77293
82554
79104
79514
82544
77424
91694
93244
72623
71053
69903
72793
72783
72673
73253
73723
75303
72903
111995
108206
87024
74644
71083
72434
71894
73144
71114
70074
70394
73154
72154
71414
72753
70104
72973
71393
69783
71983
70863
74703
72983
71123
74703
71813
75804
73493
73423
73863
72363
111105
89215
90624
89984
87875
93194
91474
100484
89134
88914
89464
86764
90684
87934
86644
88994
92134
90124
95845
89274
90474
88084
90764
88584
88364
87734
98575
67243
63403
59643
64363
65933
64063
65364
67033
65593
62292
132286
118416
94564
76463
59993
62293
63323
60573
63033
60313
60903
61663
63173
64763
59173
60553
60443
67983
62623
61123
60893
62383
63233
64943
65193
62983
61992
65223
66333
62793
63243
62663
103825
82984
81694
79704
109165
83174
84324
84694
80054
77984
78674
81303
78864
81534
79393
76363
83704
80723
78733
78223
77543
81334
83224
83124
77524
78504
82444
64773
62823
64263
61583
64493
63993
67203
69013
63763
64093
100924
93745
82353
68024
62643
63113
62703
62773
61592
62642
64823
71393
65933
61773
61983
60943
61223
64863
60873
62343
60423
62763
65573
62263
65453
62413
67293
68254
66193
65943
62963
96604
79844
81153
82174
80484
82644
77594
82834
81484
80794
81194
80974
82234
82614
80094
78864
86234
79294
83504
82303
79504
82533
78803
82713
80223
80783
92934
63873
65063
65063
68673
66753
64053
62393
69233
65363
69023
123816
111565
84134
74154
67023
63543
64513
65333
66233
64163
63753
62383
61773
63383
65263
64112
62452
61552
67933
65003
64573
61543
61363
60033
63723
63643
64353
63683
60683
65553
63443
69873
90065
79904
82593
81003
79954
76243
77313
80603
81174
80663
76413
79163
81764
81034
82904
82194
79734
77904
76844
82114
78624
75764
78894
77144
80344
80894
78854
67553
62523
65503
64563
65653
62673
62313
69593
66093
64213
113046
91644
80204
68653
63023
62673
60143
60733
64703
60393
63883
60193
59983
62213
63033
64853
62193
60533
60583
62963
62543
61163
61393
59422
67753
64933
65163
63423
61723
64993
63843
97255
78334
75214
83734
82284
77694
76704
78264
79074
85584
79114
80254
77293
76563
82444
77533
78753
75623
75493
83714
78774
81174
78184
79744
80974
82114
87724
67013
61943
63633
64933
65473
65243
61623
69914
68133
68063
97424
101385
81893
68974
64633
61112
62253
62162
63173
63933
62253
61613
61233
63903
63223
62793
62913
62443
63743
62253
66483
62653
62753
60963
65073
60993
65953
65383
61683
63543
64383
76133
86104
77483
77883
78123
85614
79314
80924
78673
76924
81814
80814
79184
80494
77654
81224
80914
77004
76574
77384
78064
82303
75654
78044
77923
75803
83694
78703
63072
64173
58922
67503
64253
62263
65073
67193
65333
78724
111725
96894
76464
67833
63113
63413
62933
62393
63643
61763
62003
64023
60983
62663
61533
64503
62322
65213
63753
57732
63033
64593
61403
63463
62513
61943
69663
65943
65213
64023
61053
104055
77094
81544
77334
75154
84454
78713
83024
75563
81063
82254
77903
81114
76093
78143
79894
83534
82164
77904
78764
81914
79664
80124
77934
75414
79384
83524
83154
71294
61973
64513
61863
64183
62303
69314
65243
62443
114725
105355
84844
70613
60732
61752
65643
62593
63773
59432
60433
66003
60623
66203
60623
60703
64503
63263
63363
60353
61153
62023
63253
62383
63183
58623
64073
65793
63863
62842
61252
81694
83484
81014
81904
76113
77003
81834
84384
83314
77304
79964
77104
87094
79504
79574
77574
75934
83684
79973
80284
78113
81513
83114
79584
80393
77123
82444
69683
66133
61283
61443
62913
65813
62793
65493
65643
63323
111996
105495
92765
78384
63043
63023
62423
64373
63313
60753
61312
63173
59662
61712
60002
62863
61493
64643
65943
64333
62643
64283
62993
63143
62213
65933
62293
67183
65133
66583
65553
63303
94035
81033
74323
82334
73433
80533
75633
82244
84594
76913
79033
75403
79484
75444
79564
77244
78014
80244
82304
82754
76944
78684
95255
83693
79144
77464
74174
61463
64853
62553
66674
64753
61922
69373
68363
66463
65183
110035
91075
88134
70223
63403
62963
63983
64633
63743
62783
63403
64833
62223
63533
61623
62193
63963
62023
67444
62173
64413
59892
62442
62452
65933
63833
67733
67153
66033
67033
65783
91954
81194
79554
83714
78574
80564
79894
78214
79804
79884
84674
76633
86574
79753
80613
81973
78663
82694
79614
81354
84094
78324
78984
80844
82734
83614
89425
67763
64433
61543
65623
66143
65373
64563
62853
71714
70134
116415
104695
85874
81043
69573
64382
63793
62242
64183
65053
63263
63333
60103
64583
64773
63013
64943
61203
65053
63103
64773
65363
60723
62303
63913
67723
65843
66664
71743
62753
64823
65403
95144
79163
75873
82634
81874
79784
78604
77294
82114
81604
80084
76944
77554
75854
85044
82584
80294
76764
75964
85724
80423
80683
80073
75763
83424
77163
84784
62912
62853
64833
66553
62333
63343
63593
69603
65273
67213
107335
100195
82534
69693
65543
64073
63003
62213
63723
65853
65023
60273
62602
63163
64443
63512
62892
62853
61742
64673
64093
63333
62043
62623
64513
68183
66283
66153
62033
65913
65813
98484
81963
80853
82084
82223
82263
80043
77103
79993
79033
85664
81394
76233
79964
77333
81374
82544
80114
79474
77064
82354
82514
78844
1692369
1688459
1707879
1741820
1673288
1667638
1674598
1684748
1691019
1688089
1695239
1721219
1713570
1725960
1952521
1891068
1801124
1779222
1772402
1769282
1774722
1784113
1782283
1797313
1815444
1811964
1818944
1832195
1836145
1841296
1858966
1864587
1869457
1878167
1907129
1912379
1929690
1925750
1951141
1946750
1952130
1943950
1959541
1954520
1964361
1970391
2077987
2046815
2043915
2058466
2136279
79784
79254
79884
76064
79014
77374
75884
78293
74214
77654
78693
76863
80174
74903
75333
74233
78383
81794
73733
75723
73053
79454
65263
59523
62563
60383
62653
64183
64253
65193
61723
62813
106285
95244
74524
64443
59063
66183
62643
61702
58962
60472
61553
61703
59792
61453
58642
61473
64123
62463
2444733
2442903
2455944
2464644
2477525
2488246
2491456
2498606
2503596
2534008
2522857
2523377
2535198
2710466
2642892
2626012
2631112
2639942
2643662
2681184
2664934
2679854
2769439
2699215
2713176
2695895
2758538
2741287
2712006
2736177
2740217
2748998
2756818
2748118
2761118
2787119
2782410
2794849
2782489
2830161
2769439
2775019
2778429
2788149
2799850
2810550
2807830
2835771
2824871
2841462
3064352
3001019
2897555
2901855
2875143
2875783
2896295
2901885
2900885
2909635
2911345
2940497
2942737
2946147
2949307
2950997
2962718
2982798
2981769
2997069
2999539
3009349
3012449
3050461
3063502
3071682
3070132
3066992
3073003
3079843
3078513
3106344
3172438
3178378
3163717
3176907
3176798
3192288
3193188
3206408
3212609
3219549
3233950
3231710
3259761
3262331
3261641
3288152
3278552
3313424
3316224
3312714
3334405
3355166
3351516
3360666
3360516
3379927
3364836
3345825
3353306
3376097
3378487
3389598
3386567
3413269
3425119
3426819
3457091
3629749
3525684
3508402
3479731
3512753
3482211
3481561
3481351
62963
66053
62953
62233
63893
64483
60213
60543
64573
62352
64843
63723
61642
61113
63503
66763
67253
64273
66553
63723
64613
64893
67093
99904
79934
80354
78494
85644
78244
88594
88054
88914
89944
89554
86694
87584
88744
90745
92425
85814
88545
104105
85644
89604
85964
87724
86794
88824
89964
95044
72903
69233
70423
78954
71623
71403
69033
74994
74544
75234
125685
107605
87874
86544
72674
72434
68763
68863
71934
72944
70644
68484
68934
75083
71983
4282418
72543
70723
71063
75313
72623
70473
70073
72093
72923
76254
73773
71763
74014
73484
75474
71274
108885
92124
88904
96734
90554
90844
90354
87274
95754
93344
89514
93204
85274
90674
90054
89604
87904
85984
77004
93045
93875
91145
103014
94975
91514
88894
80334
61903
59243
66053
62782
66113
60912
63003
66133
68343
66543
119476
89384
77144
66653
63393
59623
58853
61923
65313
65243
62233
59283
61653
61573
62883
61543
59573
60662
61863
62852
62932
59592
63243
62093
65623
64733
78944
65933
62553
62853
64663
97204
81704
76994
80694
79064
82034
79413
77144
80623
80063
81543
82464
79663
80484
74743
84994
77804
77473
83234
82254
81724
82794
77964
80814
77904
82334
91845
66063
64243
61963
65593
67743
63713
61583
67313
63943
65324
118325
105865
82564
72933
68323
63723
66883
64653
61793
65653
65103
65343
62753
61403
62073
64093
66183
62563
60193
63013
60293
62193
60363
60233
64083
63793
68803
61943
63393
63252
67653
69713
92304
82244
79224
77984
79414
80984
79724
81004
81474
82714
80214
78854
80284
78724
79054
77334
78893
79803
77053
78063
76833
77603
84104
77823
80143
80294
79174
68883
106595
119436
105515
71273
65243
63123
67623
66253
60603
109915
93094
79434
64243
60263
63853
61833
59643
59633
61693
64123
61043
59442
60392
59002
61303
64023
62463
60463
58823
61573
63923
61743
62033
61303
62553
62633
66353
62273
60723
62353
95424
83994
78303
78893
102344
95175
87414
79734
78003
79354
74403
78123
78514
77554
77924
75984
77644
79444
83744
78094
75804
77754
82134
80254
76854
73684
85264
67764
62453
62413
64323
64262
63853
62023
69893
62163
62973
116125
107295
85784
71983
61183
63563
62263
64993
59343
59833
59303
59703
64393
62133
59303
60173
64633
63693
63163
62273
61072
62262
62803
62673
61023
60313
63223
64053
65653
65273
63143
70744
88894
81904
79034
76904
74524
77694
81284
79424
78753
75663
78473
80063
75004
83144
77433
80744
80054
81213
80624
77564
81194
77964
84574
78584
77974
76504
75904
62653
62453
62693
62293
63913
61813
66094
64263
65604
69643
108915
84264
77513
67643
62013
59852
63503
60943
79204
66083
59693
63533
64723
61783
65893
59463
63513
60453
62883
61363
60273
61903
60653
62493
70953
66933
68103
63683
65893
63883
65063
97995
78994
80084
78904
77394
78624
79304
80254
79534
78714
80534
78174
80934
81693
74174
80603
78984
77543
79043
80614
84004
79163
79593
76853
78264
81604
83044
64593
59773
62683
68503
65493
61963
59983
69893
70314
63273
114895
102065
86714
72373
65143
62843
61483
60973
61202
64353
61642
61312
59362
62933
64843
62493
60903
60333
62583
63953
62493
61273
60023
62433
66773
60623
62963
62163
62263
63363
67273
79263
77983
78933
83014
80143
78973
79013
74483
78224
81304
78464
78284
80654
78574
80674
81164
79544
78434
79454
79684
79833
79914
72463
75794
79234
83774
82563
76673
62603
62312
66393
65053
65963
59092
63203
68383
63563
87374
107785
88064
78274
66343
65053
60103
58433
61853
60913
64683
60413
62833
60923
63453
63863
60953
61953
57702
62852
63883
63743
62763
60763
63073
67223
67383
65953
61603
62543
64733
64023
84234
73614
80344
82524
81274
79954
76813
77093
80943
74183
81213
73213
76863
81304
79964
80263
77004
74253
78884
79624
84454
79374
71133
80444
76384
79694
88035
66533
64393
60073
65513
64593
61993
59513
67313
64463
65783
113866
104075
82494
68923
64823
64633
63103
63113
62903
66063
63123
63993
61283
62603
63113
64373
63273
60493
62153
66683
61303
64243
60363
62193
65233
62972
68743
65663
64392
61553
63933
90735
80664
108825
81574
82314
82664
80384
80894
79084
79364
82094
79514
82384
78974
77874
83533
80933
81934
81184
81163
80933
81843
83624
86604
79504
83444
91204
72293
80464
66033
65413
65443
66523
66593
68583
70313
69993
124366
118156
92494
83474
66063
62263
65023
66234
64103
63603
63282
68713
66373
63333
64373
63813
66613
66133
63713
64973
62623
64533
66723
65213
64623
65023
68303
71554
67553
65713
60823
65623
98214
85194
81073
81103
82224
81894
85364
82254
82134
83194
80904
84484
83384
80184
81024
83324
86994
82864
81134
78704
78784
84934
81453
82154
80263
79423
86854
70633
66114
64083
62342
65513
68063
64773
72523
64383
64023
113925
103785
84764
69213
61493
66263
