75600 
44570 
42640 
41870 
41300 
40670 
39320 
39240 
37990 
38540 
41070 
39330 
39090 
40420 
40740 
39570 
38240 
37900 
37860 
39110 
40290 
40140 
39140 
38250 
38650 
38940 
40490 
38990 
38310 
37560 
38680 
39240 
37640 
36290 
37120 
39890 
38820 
40480 
38920 
38390 
39620 
38520 
38150 
39840 
38980 
40630 
37880 
38660 
39220 
38200 
39740 
38930 
40110 
37080 
37330 
38440 
40160 
39660 
37430 
37940 
38060 
38700 
38350 
36820 
37420 
39050 
38690 
39000 
40350 
37150 
37280 
37540 
38400 
37720 
36920 
38030 
37000 
39030 
39360 
36810 
37040 
39080 
38860 
40980 
38340 
39010 
38360 
38710 
38100 
37680 
38130 
40390 
41220 
38690 
39240 
38870 
39950 
38700 
36230 
38340 
37870 
39100 
39520 
39140 
38320 
39100 
37080 
38490 
40100 
39750 
37040 
38180 
37030 
38920 
37540 
38150 
35620 
40850 
39780 
37350 
36330 
38400 
37350 
38990 
39750 
38000 
36660 
38330 
37480 
38890 
38830 
38760 
38740 
37090 
36520 
39380 
39670 
38810 
37290 
38180 
39110 
38790 
44900 
44380 
41960 
40470 
39560 
39260 
37600 
40300 
40600 
38390 
38530 
36090 
37630 
42000 
41490 
39430 
36750 
37870 
39320 
38720 
39400 
37900 
38430 
39970 
40270 
39530 
37780 
37770 
38240 
38640 
38560 
38090 
38210 
40720 
38360 
38270 
37910 
37230 
38650 
38950 
39240 
37000 
36650 
39100 
37400 
38830 
39170 
37370 
37440 
39030 
39710 
40220 
40050 
38930 
39250 
40270 
38540 
37200 
38370 
39060 
39940 
39310 
36140 
37420 
37770 
38100 
39410 
36710 
37790 
37340 
38370 
39380 
38200 
38540 
37950 
37880 
38420 
37390 
38270 
38650 
39110 
38430 
39350 
38080 
38360 
38740 
40340 
37580 
38940 
38940 
38180 
39830 
38510 
38670 
36850 
38870 
38390 
39510 
37270 
37350 
38960 
39480 
37960 
42140 
50020 
40990 
39080 
38720 
39740 
40230 
37860 
39580 
38550 
38770 
40520 
37870 
38800 
38830 
40670 
44450 
44610 
45690 
39080 
39380 
38670 
38250 
37920 
39140 
37930 
38040 
39910 
37160 
38510 
38430 
37220 
36790 
38800 
39110 
38700 
39740 
38800 
38670 
36350 
37730 
38480 
38010 
38930 
37310 
39400 
38300 
37160 
39330 
37350 
39060 
38250 
37310 
38760 
37660 
39340 
39090 
36710 
38100 
36310 
40000 
37230 
37660 
36800 
37000 
37510 
37730 
38710 
37330 
36600 
37140 
37850 
37730 
37360 
37410 
37160 
38960 
37420 
38590 
36720 
36680 
38250 
37630 
38000 
37290 
37070 
37540 
38080 
38630 
38340 
38620 
38200 
38550 
38730 
37240 
37860 
38540 
37320 
38630 
37600 
36570 
38720 
40410 
39780 
37830 
38030 
36730 
38210 
38660 
37040 
38180 
39440 
39460 
37910 
39810 
38560 
38650 
38310 
38780 
38130 
38520 
37610 
38040 
38660 
39040 
38130 
37250 
36970 
38260 
39850 
39120 
36780 
37260 
39990 
42040 
39100 
38540 
36390 
39270 
38090 
38970 
36180 
38840 
39510 
38350 
39330 
37160 
38700 
39120 
39200 
40050 
37420 
38220 
38200 
38170 
39290 
38490 
38370 
38170 
38330 
39200 
37560 
37970 
37730 
39300 
39360 
39120 
38910 
37980 
38090 
38240 
37710 
37070 
37000 
38310 
38190 
38110 
37500 
38500 
36300 
40240 
37090 
37930 
38270 
39000 
39140 
38100 
38520 
38140 
37130 
38710 
38590 
39010 
38770 
38730 
38250 
39120 
37530 
39520 
36630 
38310 
38450 
41080 
37080 
37200 
37190 
38670 
38630 
39120 
37580 
37880 
38270 
39970 
40270 
38290 
36520 
39990 
38970 
39410 
37840 
38730 
38820 
37430 
39600 
37230 
38070 
37870 
36820 
38750 
36280 
42360 
36920 
39120 
38460 
38280 
37940 
38140 
38790 
39140 
38660 
38100 
39580 
38610 
39490 
36440 
37970 
39470 
37000 
39270 
39480 
37520 
38500 
37860 
38920 
38450 
37160 
38310 
37130 
39900 
37990 
36690 
37940 
36060 
40600 
38450 
38300 
38260 
37330 
38250 
37860 
38380 
37920 
36900 
37920 
37310 
38260 
37760 
37960 
38020 
38890 
38550 
41500 
38400 
38560 
38710 
38660 
38120 
37010 
39350 
39370 
37560 
40390 
37380 
38190 
39390 
46280 
44720 
39000 
37790 
37410 
38680 
39380 
36650 
39260 
38890 
38760 
39630 
38880 
38180 
36170 
38870 
37280 
39660 
37450 
37080 
38450 
37930 
38720 
36380 
36360 
37810 
38600 
37420 
36730 
36200 
37310 
37410 
39370 
38780 
39870 
38470 
40410 
38870 
39770 
38770 
38550 
39880 
38790 
37480 
37170 
37030 
38070 
39490 
38340 
37780 
37610 
40030 
38400 
38000 
37940 
36370 
38060 
38520 
39360 
37290 
36360 
37350 
37780 
43250 
37010 
37700 
37270 
39810 
37900 
38380 
37350 
38520 
39050 
39440 
38100 
36480 
38280 
39940 
38300 
37190 
37200 
37820 
36790 
38810 
41530 
37530 
37730 
37760 
39120 
39080 
38640 
40310 
38290 
40170 
37380 
39040 
38260 
36820 
38710 
40100 
39050 
39400 
38900 
41330 
38870 
38110 
37970 
39800 
37750 
41740 
41180 
38340 
52180 
41840 
37900 
39030 
38610 
41130 
37180 
38720 
38730 
40300 
36440 
38600 
38820 
38780 
39520 
37370 
37460 
38670 
39160 
39520 
38610 
38940 
39850 
38760 
39560 
37480 
37600 
38520 
38750 
38720 
37600 
37660 
39480 
37910 
42580 
38010 
36690 
37020 
39340 
39070 
38780 
39140 
36790 
38900 
38870 
37960 
39020 
38530 
37180 
38870 
39040 
37440 
37510 
38360 
39180 
38720 
38160 
36820 
38480 
39540 
37530 
38010 
38300 
36660 
39580 
38130 
39940 
37390 
38230 
38690 
38770 
39360 
39870 
37580 
38310 
37650 
38640 
38970 
39420 
40580 
39600 
39410 
37400 
42900 
38080 
40230 
39930 
40480 
38570 
39660 
42450 
38020 
38290 
40670 
38380 
41850 
39290 
39300 
42640 
38410 
38440 
38810 
40210 
38280 
38930 
39360 
39310 
39710 
41110 
40110 
37450 
39060 
38000 
40690 
39650 
38920 
38800 
43300 
38360 
40770 
39820 
38010 
38100 
38970 
39900 
37900 
40150 
39550 
41900 
39110 
41350 
37740 
37580 
40140 
38210 
39540 
37290 
38350 
38110 
38270 
39020 
40050 
40830 
39090 
39720 
38340 
39190 
39330 
38860 
38450 
38020 
37130 
38300 
37750 
38430 
38820 
35660 
38210 
39100 
39880 
37280 
37560 
41320 
46200 
46830 
38520 
37580 
39290 
37880 
40000 
37480 
36880 
37540 
39340 
38300 
39040 
36800 
38670 
38450 
42100 
39120 
37920 
37000 
37940 
38980 
39310 
37450 
38210 
35980 
37910 
37880 
39030 
35840 
36000 
38560 
37280 
36810 
38260 
40910 
41360 
38910 
38530 
37310 
39050 
38910 
38280 
41970 
38620 
37750 
38830 
38830 
38340 
37720 
38060 
38490 
39120 
37900 
38480 
39250 
37950 
37900 
37980 
39000 
39680 
38670 
39400 
38470 
37280 
39090 
37750 
38510 
39060 
39820 
37870 
38480 
39120 
38750 
38470 
37680 
39980 
37140 
38530 
38300 
38450 
37040 
38840 
37770 
38830 
38050 
38670 
41570 
39360 
38750 
39220 
38950 
38700 
38400 
38460 
38470 
39180 
38000 
38980 
38430 
38450 
38610 
37390 
37340 
39080 
39680 
38260 
38420 
38200 
39800 
38480 
36980 
38300 
38800 
40190 
38130 
42750 
37440 
39390 
39030 
38610 
41080 
37990 
37290 
38690 
38530 
40170 
38830 
37550 
37520 
38360 
39350 
37780 
38330 
37970 
40270 
37960 
40080 
36620 
38280 
38190 
39250 
38280 
40330 
38470 
38300 
38480 
38680 
38050 
37680 
37890 
37850 
39330 
36170 
39920 
37860 
39020 
36990 
38770 
37920 
36880 
37990 
36990 
39010 
37370 
37600 
39600 
37160 
37650 
38130 
38080 
38390 
39100 
39640 
37180 
37590 
37680 
39250 
37930 
39600 
37210 
38080 
38670 
38400 
38650 
37390 
37620 
40490 
38270 
37720 
37010 
38410 
38120 
37230 
38010 
37020 
38490 
37520 
37590 
39860 
37020 
36950 
38570 
37870 
39560 
36930 
37670 
35560 
38490 
37910 
39480 
37260 
37850 
38020 
38950 
36730 
38900 
40720 
39560 
39340 
39000 
37120 
37120 
38770 
38930 
39130 
36830 
38990 
36790 
39840 
38280 
38150 
37360 
36520 
38220 
40170 
39090 
38520 
39480 
40270 
39750 
38350 
38040 
41200 
39270 
38900 
38340 
40030 
39190 
41270 
39690 
40010 
37280 
36850 
38610 
38450 
38660 
39160 
38020 
38960 
38970 
38930 
39450 
36510 
37420 
38740 
37740 
39260 
37150 
38640 
37850 
39030 
40440 
39490 
37790 
38360 
38600 
39320 
38470 
44010 
45620 
44480 
39480 
36620 
37970 
36960 
38230 
44160 
39260 
38080 
37220 
37850 
38740 
37880 
39250 
36440 
38880 
38190 
39390 
39090 
41140 
39320 
38330 
50580 
41130 
36950 
38570 
38300 
41490 
39200 
36750 
36750 
40090 
37880 
39560 
38860 
37860 
40010 
39480 
38550 
37430 
38090 
39060 
39710 
39710 
38180 
38400 
39390 
38580 
40150 
38160 
37360 
37840 
38540 
39760 
39640 
38090 
38640 
40340 
40720 
38810 
38180 
38290 
40940 
39620 
38630 
38240 
38260 
39890 
38800 
38610 
38450 
38060 
46710 
40960 
40680 
37580 
38690 
38090 
40150 
39730 
35990 
37570 
36870 
38110 
37240 
39720 
37790 
38060 
38300 
40080 
37500 
37730 
37450 
39320 
59550 
43120 
39650 
37630 
38560 
38760 
38870 
38880 
38780 
38970 
38130 
39580 
38960 
38520 
39380 
40000 
38120 
37940 
38340 
37710 
39960 
39370 
37100 
38110 
38690 
39980 
37110 
40790 
45760 
39550 
37720 
39150 
40180 
39500 
37120 
39090 
36890 
42870 
38480 
37230 
37620 
36770 
39200 
36440 
36940 
40140 
38260 
40360 
38550 
37220 
39110 
37440 
37720 
38060 
38000 
36370 
36790 
38210 
38500 
38240 
37920 
38860 
41490 
38230 
37070 
40920 
38410 
39730 
38060 
41510 
37910 
38580 
38930 
38460 
40620 
39960 
37430 
38130 
37150 
39610 
46360 
38590 
38480 
38880 
40110 
37610 
36150 
40550 
38430 
39730 
37810 
37190 
38630 
38030 
38360 
38040 
37580 
37310 
39270 
39600 
38150 
39240 
38150 
39300 
44570 
45870 
37990 
37260 
38350 
38090 
39230 
37960 
38900 
37540 
38640 
41070 
38000 
39380 
38690 
39360 
38810 
37900 
38710 
36880 
40260 
40210 
38930 
40550 
37920 
38050 
46410 
39520 
37940 
37190 
38740 
39530 
38090 
38620 
40370 
37980 
37700 
37770 
36890 
38430 
36580 
39800 
39950 
38610 
37240 
36630 
39610 
39060 
39880 
37760 
37180 
38880 
38890 
38220 
38360 
36770 
37870 
38930 
39040 
37410 
38430 
39830 
41280 
40000 
38890 
40880 
39060 
39000 
39630 
38650 
37540 
39460 
38190 
39100 
37890 
37160 
46380 
48660 
46990 
44210 
37900 
37710 
38150 
38630 
39420 
38180 
37350 
37430 
38320 
37720 
37590 
37870 
37790 
41460 
39250 
37780 
37760 
39260 
38900 
41490 
40010 
38630 
38140 
39600 
38560 
39450 
36450 
38070 
51940 
42370 
38900 
38430 
39130 
39770 
39570 
40710 
39110 
37220 
37320 
37970 
39060 
39410 
37310 
38300 
38690 
37100 
36990 
46020 
39770 
38770 
37350 
38630 
38100 
37290 
39210 
40320 
38690 
37120 
38360 
37550 
37930 
39440 
37800 
38330 
37890 
40480 
38720 
37880 
38920 
37300 
38670 
38760 
37380 
37940 
38120 
39000 
39660 
38000 
37070 
36160 
36450 
51260 
42420 
40440 
36780 
39950 
39740 
41130 
38870 
36980 
37660 
39130 
37960 
38560 
37200 
38020 
38890 
46780 
40700 
42950 
38390 
39790 
37430 
38730 
37030 
36460 
38710 
37430 
40300 
36680 
38150 
38690 
38830 
39090 
37940 
46200 
40720 
40700 
39960 
39670 
38220 
38850 
38060 
39840 
38180 
38930 
37950 
38160 
38890 
37640 
36880 
37580 
36710 
41620 
39580 
38110 
39530 
37670 
39260 
40060 
36380 
38850 
37600 
39270 
37030 
37310 
36340 
46560 
40800 
40340 
39120 
37620 
38880 
41090 
38480 
38150 
37170 
36770 
37570 
38280 
38910 
41540 
38270 
39990 
38150 
48350 
40610 
38840 
38990 
38610 
37610 
37780 
37530 
38210 
41330 
39100 
50440 
45210 
38860 
39450 
39330 
39500 
37590 
37960 
40400 
40290 
42070 
38580 
37960 
39340 
37660 
39930 
38560 
37610 
38470 
39190 
38750 
38270 
39530 
48940 
41970 
39500 
38990 
37890 
37320 
37460 
39200 
37870 
38220 
38040 
39320 
39470 
39280 
38320 
37790 
46340 
40400 
39540 
40130 
38040 
37620 
38700 
38670 
38570 
38180 
37320 
39630 
39200 
37560 
36970 
37620 
39180 
37860 
38840 
37570 
37100 
37290 
39200 
37780 
37710 
38720 
37470 
38800 
38570 
39110 
37560 
39680 
38380 
44630 
43640 
39830 
39470 
39220 
38260 
38860 
36960 
38840 
40090 
38900 
38760 
37170 
37350 
37500 
38500 
39870 
38260 
38840 
39300 
39960 
40380 
37730 
38590 
38090 
38660 
45060 
44790 
43810 
38020 
39300 
39080 
39180 
38470 
37740 
38240 
37950 
41320 
40840 
38900 
37420 
40120 
38730 
39090 
36700 
38390 
37680 
38030 
38520 
37050 
42650 
44210 
38990 
39730 
37290 
38900 
39020 
37490 
37930 
38160 
36750 
39680 
37300 
38790 
38220 
37370 
38510 
38860 
40370 
39270 
38550 
39190 
37810 
40000 
37900 
37540 
38500 
39060 
38860 
37540 
36410 
38900 
39230 
39110 
38290 
37390 
39410 
39010 
39050 
38810 
36790 
38130 
37870 
38510 
36960 
37800 
38390 
37360 
38800 
37410 
37490 
37200 
48430 
41420 
37400 
39350 
37610 
36620 
38410 
38500 
39290 
37760 
37270 
45090 
41610 
38930 
38230 
41110 
38660 
38500 
39860 
40120 
39450 
43550 
39370 
40410 
47750 
40790 
41150 
40280 
39300 
39680 
38850 
36790 
41960 
36900 
39420 
36610 
44800 
41780 
39190 
38930 
35480 
42100 
39420 
41010 
41620 
37540 
38000 
40020 
39310 
39660 
45570 
39040 
39220 
38940 
41320 
37550 
39830 
40810 
41110 
39410 
38670 
45130 
39530 
41990 
40130 
37720 
37210 
37260 
37630 
43480 
40840 
38670 
37050 
40770 
43860 
40370 
38740 
38650 
37520 
38500 
37590 
38770 
39900 
37710 
40490 
41720 
39190 
36940 
38310 
39640 
38390 
39050 
36340 
37190 
39380 
37980 
38420 
39100 
38820 
38020 
46130 
42450 
36710 
37730 
38050 
37200 
37520 
38920 
37780 
37460 
38420 
49570 
41030 
38180 
38710 
39660 
40080 
37800 
39950 
37850 
38630 
37350 
40540 
37620 
41490 
38780 
38590 
40810 
38160 
39490 
37840 
41060 
37960 
44420 
43830 
39500 
42420 
42110 
38100 
37900 
37580 
38240 
40460 
38320 
38870 
38710 
38610 
38070 
37700 
36800 
36890 
45900 
40600 
40310 
38590 
37990 
38430 
38850 
39360 
39950 
36400 
38740 
38910 
38450 
39920 
37480 
37920 
40270 
37990 
41380 
38140 
37360 
39000 
40060 
43640 
38600 
37830 
39350 
37550 
39960 
36820 
38170 
37460 
39590 
39090 
38760 
37260 
38060 
38430 
39000 
39160 
37590 
38670 
39210 
38000 
39010 
38930 
39000 
37650 
44990 
44840 
52760 
39270 
38660 
38610 
38980 
36920 
37680 
38550 
38890 
38660 
38450 
37050 
37660 
39370 
39600 
37590 
39690 
36990 
39240 
39090 
37340 
38200 
37630 
38780 
37040 
40940 
39870 
37520 
37550 
38510 
38650 
37460 
36730 
37940 
38450 
41240 
37800 
39430 
37020 
38850 
37460 
39500 
38030 
37920 
38480 
38470 
39020 
37940 
38720 
36530 
45100 
41770 
37620 
38800 
37050 
39050 
40330 
46060 
39480 
37380 
39420 
38420 
37790 
38910 
38710 
38350 
38590 
39350 
38620 
37620 
40190 
37580 
37290 
37730 
39730 
