69880 
51000 
48070 
50660 
45780 
42630 
48740 
46010 
45560 
44900 
44010 
43480 
52570 
44890 
43720 
44940 
43080 
54830 
53000 
44480 
47780 
46310 
47140 
50030 
46880 
44390 
43570 
43950 
50960 
45270 
47170 
43700 
44420 
47340 
49440 
46050 
43680 
44660 
50990 
51650 
46150 
44210 
41620 
48840 
45790 
52610 
45290 
42830 
45660 
44500 
45750 
43940 
40280 
44990 
45240 
47040 
50590 
43080 
43260 
46200 
45360 
44970 
43880 
43850 
44740 
46710 
43820 
42370 
44050 
51570 
47040 
46530 
47380 
45680 
44910 
47680 
53850 
44960 
43820 
45000 
46690 
44940 
44640 
43870 
42730 
52610 
46720 
45610 
45550 
41870 
47560 
43800 
44820 
45640 
43430 
72140 
61900 
47160 
44610 
43140 
45630 
45610 
43170 
45440 
41190 
43670 
46790 
45660 
45230 
43480 
42540 
45800 
45250 
47360 
43490 
44270 
46920 
46170 
45850 
44710 
48310 
52030 
45910 
46270 
44320 
42860 
47430 
48190 
45830 
45010 
41480 
44530 
45400 
48860 
43910 
42590 
43540 
45610 
52590 
46050 
43040 
49890 
46010 
45450 
42320 
44050 
43700 
46890 
44420 
43790 
42310 
53220 
45050 
46960 
43300 
51980 
44460 
53450 
48860 
47040 
44560 
51970 
50730 
49270 
45500 
45550 
47080 
42790 
54060 
46910 
43290 
48030 
43620 
52730 
45450 
44970 
48600 
43650 
48730 
51150 
44310 
51560 
44060 
46540 
52170 
48890 
46380 
42760 
43490 
46980 
49870 
47150 
42770 
49040 
48570 
44970 
45250 
44750 
41200 
48270 
44030 
45870 
43230 
43900 
46440 
45400 
50180 
46310 
40710 
47680 
43050 
48780 
42810 
42340 
43750 
45500 
45430 
47880 
43650 
44460 
46330 
45800 
44410 
57210 
46410 
46970 
47130 
44570 
43570 
47510 
45420 
45930 
43080 
43190 
43390 
45150 
47530 
46050 
43690 
50420 
43700 
46660 
44230 
45370 
44210 
43710 
46970 
44870 
48080 
49670 
43200 
47490 
44900 
43670 
45520 
43350 
44640 
51910 
51070 
45650 
39860 
45820 
44960 
46460 
45800 
43410 
40210 
47290 
44930 
47070 
43160 
44270 
45890 
44180 
54640 
46770 
44190 
49970 
45010 
44940 
42600 
49050 
48920 
47190 
46150 
43720 
39610 
48000 
43990 
47020 
43370 
42350 
43740 
44940 
44630 
45420 
43230 
43680 
44640 
44750 
43700 
43960 
43680 
47420 
45740 
43280 
42840 
44760 
44350 
44680 
43190 
43970 
44230 
43650 
44630 
46800 
43950 
44510 
41090 
46180 
44330 
45160 
47520 
43610 
46560 
45020 
44230 
45070 
42990 
48170 
44250 
45320 
46190 
44650 
48080 
50390 
43450 
44860 
42230 
53280 
44860 
50500 
46770 
48290 
46320 
44410 
45280 
45980 
43360 
42060 
48230 
45940 
46750 
44350 
42930 
46190 
44400 
51250 
44870 
47430 
46900 
46060 
46280 
44700 
45160 
45290 
46330 
46590 
46040 
40910 
45280 
46730 
46120 
46790 
44130 
44590 
54080 
53770 
45710 
42510 
45150 
46580 
44610 
44540 
42780 
44420 
46290 
47080 
44200 
43310 
45320 
42100 
46170 
44060 
43570 
43050 
42110 
46380 
44690 
43850 
45720 
42410 
52400 
46730 
43400 
46640 
42560 
48140 
45220 
44220 
45650 
42190 
44440 
46490 
44100 
45430 
40170 
44290 
45810 
46990 
45240 
45180 
44830 
46030 
42700 
45740 
42890 
42330 
47420 
46270 
44090 
44640 
41700 
48820 
47160 
45420 
43280 
47820 
46530 
50120 
47970 
44560 
42870 
45480 
44010 
45880 
45750 
41290 
44410 
44640 
46600 
44010 
43780 
46930 
44730 
45530 
42990 
43380 
43530 
48030 
51270 
53240 
44340 
46440 
46570 
47570 
44650 
45190 
44630 
42930 
47030 
45920 
47190 
50640 
42890 
47110 
46920 
46220 
46560 
45290 
82830 
56840 
44350 
45480 
43360 
49870 
49260 
45250 
46450 
43430 
47680 
46300 
44260 
51390 
41430 
45090 
44550 
45260 
51230 
43380 
43860 
47160 
43740 
45230 
49470 
44890 
45850 
44850 
43660 
44800 
43110 
48580 
45280 
45680 
44790 
44080 
47950 
47350 
45090 
44320 
41630 
45090 
43720 
48120 
43720 
41950 
43000 
46880 
46730 
61330 
50000 
46720 
48190 
51490 
48650 
42680 
47460 
45410 
46850 
52650 
45780 
43520 
43790 
45870 
44800 
43380 
44740 
43240 
45950 
51270 
46160 
43280 
43620 
48400 
45710 
45750 
45780 
43520 
47560 
46360 
42130 
50880 
43120 
48460 
45720 
48970 
48300 
43280 
48180 
45330 
43960 
47320 
43960 
45210 
46660 
45620 
46420 
45040 
45160 
46180 
46110 
46410 
44070 
45900 
50230 
55870 
49090 
45930 
43650 
47650 
45960 
47560 
43970 
43870 
48280 
47010 
45010 
45350 
40140 
45060 
43590 
46460 
43270 
43680 
44570 
47900 
44370 
46280 
44030 
44810 
45540 
47810 
43880 
44770 
44860 
46730 
46670 
43940 
41640 
44720 
45200 
50960 
44350 
48190 
43620 
44810 
48200 
61000 
56710 
47060 
44170 
47940 
46430 
45590 
45620 
51070 
52730 
44770 
44880 
51100 
44720 
47600 
46040 
45580 
45880 
45150 
46690 
44960 
43860 
53010 
43060 
47260 
49320 
46610 
45840 
43410 
44790 
46120 
44000 
45790 
46720 
45970 
52140 
46570 
45590 
45520 
41900 
67650 
52530 
48420 
46520 
43380 
46600 
45240 
47090 
44250 
42860 
48220 
45650 
47380 
43660 
43700 
45470 
48350 
45230 
44960 
43880 
45670 
46000 
46070 
46320 
45540 
45210 
45550 
43830 
44320 
44480 
45770 
45190 
45990 
43710 
47530 
43590 
44470 
45400 
45650 
42190 
48810 
44700 
48170 
45550 
45560 
45230 
44970 
48960 
45740 
44430 
46600 
42690 
51160 
44740 
45350 
49620 
50570 
49070 
46000 
44090 
47100 
48630 
46450 
44690 
45600 
45090 
43030 
43860 
46460 
50120 
47190 
42890 
45500 
49970 
49270 
45040 
44960 
42420 
50120 
43670 
46200 
49630 
43850 
47540 
44720 
44900 
44720 
41130 
45540 
44860 
47590 
44290 
42290 
43970 
51800 
46440 
50680 
45910 
44990 
45550 
46150 
46930 
45560 
45010 
47550 
44620 
47080 
48550 
46760 
46600 
48780 
44180 
43690 
42990 
44750 
46820 
47610 
44000 
44990 
42100 
48730 
45410 
45260 
47720 
45590 
49900 
45620 
44320 
46270 
43040 
46700 
45500 
44030 
45340 
44060 
46540 
44220 
43040 
48400 
41430 
45710 
45020 
46290 
45920 
45910 
45610 
45560 
45520 
46250 
44270 
45090 
46390 
43830 
43700 
45400 
46060 
47350 
44830 
51780 
45550 
42300 
47690 
44980 
45390 
43530 
42740 
41690 
46040 
53650 
45070 
42770 
42650 
43870 
49160 
46940 
43260 
47610 
44370 
47510 
44050 
43730 
42390 
46250 
44590 
44110 
43070 
43320 
45290 
44910 
43000 
44950 
41580 
44360 
44280 
45890 
43650 
45280 
47950 
46420 
45810 
44880 
46890 
44820 
44110 
46210 
45200 
44690 
43360 
48270 
45300 
45600 
45290 
48010 
47060 
44740 
44370 
45010 
41470 
45320 
46160 
46010 
50580 
47790 
43660 
46420 
45420 
45670 
44710 
46560 
46320 
45320 
44480 
45010 
42800 
48600 
45690 
44460 
42230 
42730 
44690 
44870 
44040 
44580 
41080 
44020 
43520 
46900 
43720 
42110 
42380 
47380 
44580 
44910 
42660 
45420 
46920 
47490 
43470 
51050 
43850 
48390 
46860 
45140 
43910 
42910 
46420 
46100 
44690 
42810 
42280 
43460 
44550 
45580 
49810 
44980 
42830 
46060 
56000 
47350 
48480 
44100 
46020 
45720 
44250 
44770 
44200 
47730 
44750 
43900 
43560 
43780 
45070 
44400 
42240 
52130 
41070 
44420 
43990 
53040 
44320 
44940 
44220 
45220 
44560 
45860 
44120 
42940 
50440 
46450 
43410 
46740 
45970 
48500 
43670 
43650 
43710 
44330 
46740 
45550 
43320 
44780 
41070 
43530 
44560 
46770 
82620 
76100 
47910 
45680 
44630 
47260 
49700 
44970 
46260 
44990 
44040 
45680 
43160 
46090 
51660 
47050 
43920 
44300 
49570 
47180 
49730 
46610 
42330 
44080 
46160 
53980 
45660 
43010 
43920 
45580 
48600 
51890 
46350 
43610 
46140 
45270 
49250 
46260 
42190 
45910 
43950 
44660 
51630 
51190 
45710 
46020 
44340 
59740 
49270 
44910 
46470 
47530 
44200 
55300 
47750 
50920 
47520 
45670 
44460 
45290 
46560 
44680 
43420 
45710 
41330 
47160 
44180 
44740 
42710 
43580 
44840 
44570 
43860 
41880 
48020 
45100 
46460 
46940 
45330 
41180 
42930 
45630 
46380 
43880 
42400 
46910 
44280 
45470 
42570 
44370 
43770 
47480 
45590 
49970 
43640 
43480 
45870 
46070 
44070 
43460 
42450 
45210 
45420 
46680 
47440 
56760 
52900 
48550 
46130 
56390 
57520 
45490 
47460 
57470 
59350 
46090 
42960 
46040 
43620 
44250 
44560 
41690 
62000 
55460 
48590 
44860 
42240 
47300 
45990 
45040 
45540 
43470 
43320 
45660 
45580 
43340 
43320 
44640 
46360 
45400 
43560 
44700 
42870 
46990 
45200 
44920 
43930 
43660 
45690 
50910 
44820 
43880 
42170 
44330 
46910 
59450 
49930 
44500 
42860 
52980 
46060 
45600 
43740 
43800 
45560 
50730 
45290 
43860 
42300 
45460 
50960 
45150 
44160 
44660 
44600 
50610 
52070 
47420 
42610 
43920 
46440 
53830 
45970 
43370 
42940 
48550 
43650 
50760 
46280 
44250 
46040 
46830 
50950 
46640 
42440 
47860 
44650 
45620 
51220 
43850 
45240 
44930 
44370 
45790 
43300 
49850 
52140 
46930 
43800 
41840 
44490 
45750 
46460 
46170 
43820 
43900 
46960 
45300 
43570 
43050 
41740 
45340 
44350 
44580 
42100 
42570 
44820 
47610 
43200 
47160 
41330 
42610 
45640 
47310 
44080 
43580 
42670 
47130 
43140 
43850 
42200 
43280 
47150 
46130 
43610 
42390 
43480 
44600 
45350 
51400 
42930 
42130 
51960 
46220 
44040 
49640 
42340 
44760 
46040 
46730 
43800 
44890 
41900 
44920 
43260 
43060 
43250 
45230 
44740 
43730 
42290 
44190 
41590 
47470 
44100 
44810 
50230 
45250 
44290 
44460 
47610 
45200 
41190 
45190 
45020 
46830 
46290 
43080 
43500 
45740 
43060 
44680 
44270 
43370 
47570 
43650 
48800 
42390 
42990 
45680 
44920 
42430 
43850 
41260 
45620 
44800 
44140 
42460 
43050 
44030 
44910 
46080 
44080 
41930 
40910 
44530 
43360 
43780 
43330 
52210 
46130 
45310 
43540 
44370 
42090 
45730 
43690 
43610 
43520 
42320 
44670 
52050 
45570 
44120 
43100 
42600 
45130 
45470 
44900 
43030 
43120 
46600 
45220 
49530 
52600 
44610 
45660 
45290 
42500 
52630 
44160 
48010 
44200 
46110 
43650 
43780 
44740 
50360 
44760 
45210 
40740 
44680 
43930 
47260 
44250 
42100 
41190 
44260 
44010 
43690 
44880 
43200 
44960 
45060 
42690 
43660 
41820 
52080 
46080 
48120 
44360 
44400 
44570 
47160 
43800 
43180 
44780 
44210 
44370 
46390 
42130 
43390 
41040 
45440 
44930 
45460 
44800 
42940 
45230 
46210 
42750 
43180 
42400 
47640 
47020 
44110 
42740 
42240 
51590 
45850 
43480 
42960 
41570 
44530 
46030 
47550 
48520 
44560 
46600 
46370 
43940 
46460 
43900 
42320 
44780 
61310 
55110 
47390 
42080 
46630 
43490 
46590 
43320 
42530 
47340 
46210 
42120 
43550 
41370 
44260 
44340 
45340 
43640 
40380 
40430 
45890 
43500 
44760 
42460 
50580 
45060 
43090 
43020 
43730 
42430 
44720 
45660 
43030 
41370 
43740 
44620 
45190 
42280 
41970 
40850 
44430 
48560 
46000 
42740 
43050 
41290 
44200 
44370 
44290 
43070 
42960 
46080 
45490 
48960 
46880 
42640 
47500 
45710 
45360 
44370 
44620 
47270 
45870 
42390 
42170 
42680 
44790 
45630 
64880 
47550 
43260 
42220 
45900 
44570 
43820 
42620 
43500 
44530 
44450 
43110 
45010 
42360 
46560 
50390 
46230 
44670 
41390 
42180 
87240 
55050 
44560 
42340 
47100 
44380 
45520 
42780 
41530 
42710 
46540 
43320 
44360 
43210 
44450 
44860 
44780 
46160 
44430 
45000 
46120 
44240 
44690 
52550 
51080 
45380 
44180 
43710 
44270 
41910 
43790 
45560 
46270 
42910 
42950 
41890 
49910 
45350 
44020 
43280 
43180 
44810 
45720 
42850 
44610 
41880 
47670 
43910 
44550 
44090 
44500 
45290 
53620 
44800 
45900 
44530 
43710 
45100 
54730 
45240 
43460 
41710 
46770 
45880 
44940 
44240 
48330 
46920 
46560 
45800 
43860 
43450 
49440 
47990 
43880 
45030 
42220 
45380 
44930 
44940 
43130 
42610 
43700 
45230 
46400 
44790 
41700 
43460 
45340 
46340 
44160 
44130 
45890 
44310 
44180 
41920 
42970 
42350 
46310 
42830 
44860 
42770 
44250 
49370 
49400 
45320 
44790 
41600 
43590 
45630 
57630 
44760 
42500 
44470 
44760 
43920 
45480 
44790 
43940 
45210 
45780 
43760 
45640 
42550 
46940 
44920 
59940 
54450 
43080 
46880 
45510 
42970 
45270 
42970 
44850 
45960 
45530 
48420 
46790 
41770 
45890 
44240 
44540 
43480 
43030 
45850 
45000 
43390 
45910 
40780 
45260 
44200 
44690 
42480 
51120 
49560 
46240 
42170 
48890 
42860 
45740 
44700 
46940 
46960 
43540 
41800 
45460 
50470 
46590 
44170 
44070 
44540 
43820 
45440 
44380 
42640 
46390 
43210 
43910 
42450 
44060 
45200 
45310 
42870 
44180 
41530 
48520 
45400 
46110 
44090 
43320 
41890 
45560 
46040 
45370 
44460 
50380 
47070 
46790 
44150 
44160 
41780 
46700 
45500 
43630 
43440 
42520 
44430 
45530 
45210 
43220 
40240 
43720 
45080 
46170 
45230 
43240 
42290 
50730 
44460 
46000 
44310 
44190 
47570 
46890 
43700 
42840 
40460 
48520 
44180 
44350 
42530 
41670 
43620 
44500 
42880 
52350 
48310 
45540 
44880 
45790 
45150 
42520 
43690 
45980 
44640 
45730 
44630 
44470 
44460 
43930 
43940 
44060 
41390 
46130 
45080 
46040 
42930 
52050 
46370 
47170 
43520 
43310 
44800 
44960 
44260 
49060 
44040 
49560 
42920 
46060 
46060 
45760 
46450 
45230 
45040 
46040 
44600 
45660 
42270 
47690 
46180 
44630 
45560 
44270 
45550 
43900 
49830 
44200 
41810 
43190 
45290 
46970 
42530 
44550 
43140 
45760 
43940 
44350 
44920 
43770 
45360 
44970 
42290 
44990 
42140 
47540 
43780 
44310 
43790 
43400 
47230 
44910 
44530 
44080 
42880 
47390 
45500 
49940 
45940 
43480 
44050 
45800 
45690 
44010 
43030 
43830 
44330 
43700 
44250 
48660 
44360 
48040 
44160 
46090 
43790 
42660 
52620 
51720 
43630 
44570 
41860 
44010 
45070 
47300 
42770 
42670 
42000 
45250 
44860 
44500 
43080 
43190 
44890 
47380 
49810 
46880 
42770 
44630 
44300 
44730 
44300 
45930 
47510 
46150 
44260 
43350 
50320 
45400 
52160 
47200 
43630 
42660 
42020 
50280 
43870 
43450 
44360 
42330 
46320 
50960 
44270 
43090 
42380 
46300 
45730 
42270 
44700 
41430 
45240 
43800 
43800 
51350 
41740 
45440 
44530 
46260 
45290 
43070 
42860 
45990 
43960 
45410 
43370 
43630 
50320 
46620 
44870 
44570 
43960 
46990 
44450 
44240 
42780 
47360 
44760 
44570 
47080 
43990 
40380 
45370 
44220 
46920 
43820 
43140 
42050 
45970 
45220 
45090 
43380 
42720 
45440 
44580 
44670 
43660 
42650 
45440 
45920 
50040 
46230 
41830 
44600 
44700 
44490 
42270 
43560 
43760 
44650 
45970 
44240 
43200 
42470 
44550 
46220 
43380 
50120 
44900 
46370 
46540 
44730 
45790 
41280 
48680 
47020 
45490 
47500 
42410 
44930 
44580 
43240 
49690 
45810 
47050 
44410 
48980 
45630 
42210 
40890 
46140 
44380 
44560 
43420 
42410 
46110 
45480 
44660 
43280 
44830 
48000 
49560 
43820 
44860 
41780 
46280 
45940 
